-1.01098 0.00385166
-0.979852 0.00436291
-0.948722 0.00493866
-0.917592 0.0055863
-0.886463 0.00631392
-0.855333 0.00713034
-0.824203 0.00804511
-0.793074 0.00906852
-0.761944 0.0102116
-0.730814 0.0114862
-0.699685 0.0129046
-0.668555 0.01448
-0.637426 0.0162259
-0.606296 0.0181562
-0.575166 0.0202852
-0.544037 0.0226269
-0.512907 0.0251953
-0.481777 0.0280037
-0.450648 0.0310644
-0.419518 0.0343887
-0.388388 0.037986
-0.357259 0.0418633
-0.326129 0.0460253
-0.295 0.0504735
-0.26387 0.055206
-0.23274 0.0602168
-0.201611 0.065496
-0.170481 0.0710293
-0.139351 0.0767979
-0.108222 0.0827788
-0.0770921 0.0889449
-0.0459625 0.0952655
-0.0148328 0.101707
0.0162968 0.108232
0.0474265 0.114803
0.0785561 0.121381
0.109686 0.127927
0.140815 0.134402
0.171945 0.14077
0.203075 0.146995
0.234204 0.153047
0.265334 0.158896
0.296464 0.164518
0.327593 0.169892
0.358723 0.174999
0.389852 0.179827
0.420982 0.184366
0.452112 0.188609
0.483241 0.192553
0.514371 0.196198
0.545501 0.199545
0.57663 0.2026
0.60776 0.205367
0.63889 0.207855
0.670019 0.210073
0.701149 0.21203
0.732278 0.213738
0.763408 0.215207
0.794538 0.216448
0.825667 0.217474
0.856797 0.218295
0.887927 0.218924
0.919056 0.219371
0.950186 0.219648
0.981316 0.219764
1.01245 0.219732
1.04357 0.21956
1.0747 0.219257
1.10583 0.218834
1.13696 0.218298
1.16809 0.217658
1.19922 0.216922
1.23035 0.216097
1.26148 0.215189
1.29261 0.214206
1.32374 0.213153
1.35487 0.212036
1.386 0.21086
1.41713 0.209632
1.44826 0.208354
1.47939 0.207032
1.51052 0.205671
1.54165 0.204272
1.57278 0.202842
1.60391 0.201382
1.63504 0.199896
1.66617 0.198387
1.6973 0.196857
1.72843 0.195309
1.75956 0.193746
1.79069 0.192169
1.82182 0.190582
1.85295 0.188984
1.88408 0.18738
1.9152 0.185769
1.94633 0.184154
1.97746 0.182535
2.00859 0.180915
2.03972 0.179295
2.07085 0.177675
2.10198 0.176057
2.13311 0.174441
2.16424 0.172829
2.19537 0.171222
2.2265 0.169619
2.25763 0.168023
2.28876 0.166433
2.31989 0.16485
2.35102 0.163274
2.38215 0.161707
2.41328 0.160148
2.44441 0.158598
2.47554 0.157058
2.50667 0.155527
2.5378 0.154007
2.56893 0.152497
2.60006 0.150997
2.63119 0.149508
2.66232 0.148031
2.69345 0.146564
2.72458 0.145109
2.7557 0.143666
2.78683 0.142234
2.81796 0.140814
2.84909 0.139406
2.88022 0.13801
2.91135 0.136626
2.94248 0.135254
2.97361 0.133894
3.00474 0.132546
3.03587 0.131211
3.067 0.129887
3.09813 0.128576
3.12926 0.127277
3.16039 0.125991
3.19152 0.124716
3.22265 0.123454
3.25378 0.122203
3.28491 0.120965
3.31604 0.119739
3.34717 0.118525
3.3783 0.117322
3.40943 0.116132
3.44056 0.114953
3.47169 0.113786
3.50282 0.112631
3.53395 0.111487
3.56508 0.110355
3.59621 0.109234
3.62733 0.108125
3.65846 0.107027
3.68959 0.10594
3.72072 0.104864
3.75185 0.103799
3.78298 0.102745
3.81411 0.101702
3.84524 0.10067
3.87637 0.0996485
3.9075 0.0986375
3.93863 0.0976369
3.96976 0.0966468
4.00089 0.095667
4.03202 0.0946973
4.06315 0.0937378
4.09428 0.0927883
4.12541 0.0918487
4.15654 0.090919
4.18767 0.089999
4.2188 0.0890886
4.24993 0.0881878
4.28106 0.0872964
4.31219 0.0864144
4.34332 0.0855417
4.37445 0.0846781
4.40558 0.0838236
4.43671 0.0829781
4.46783 0.0821415
4.49896 0.0813138
4.53009 0.0804947
4.56122 0.0796843
4.59235 0.0788824
4.62348 0.0780889
4.65461 0.0773038
4.68574 0.076527
4.71687 0.0757584
4.748 0.0749979
4.77913 0.0742454
4.81026 0.0735008
4.84139 0.072764
4.87252 0.0720351
4.90365 0.0713138
4.93478 0.0706001
4.96591 0.0698939
4.99704 0.0691951
5.02817 0.0685037
5.0593 0.0678196
5.09043 0.0671427
5.12156 0.0664728
5.15269 0.0658101
5.18382 0.0651543
5.21495 0.0645053
5.24608 0.0638632
5.27721 0.0632278
5.30834 0.0625991
5.33946 0.061977
5.37059 0.0613614
5.40172 0.0607523
5.43285 0.0601495
5.46398 0.0595531
5.49511 0.0589628
5.52624 0.0583788
5.55737 0.0578008
5.5885 0.0572289
5.61963 0.056663
5.65076 0.056103
5.68189 0.0555488
5.71302 0.0550004
5.74415 0.0544577
5.77528 0.0539206
5.80641 0.0533891
5.83754 0.0528632
5.86867 0.0523427
5.8998 0.0518277
5.93093 0.0513179
5.96206 0.0508135
5.99319 0.0503143
6.02432 0.0498203
6.05545 0.0493314
6.08658 0.0488475
6.11771 0.0483687
6.14884 0.0478948
6.17997 0.0474258
6.21109 0.0469616
6.24222 0.0465022
6.27335 0.0460476
6.30448 0.0455976
6.33561 0.0451523
6.36674 0.0447116
6.39787 0.0442754
6.429 0.0438437
6.46013 0.0434164
6.49126 0.0429935
6.52239 0.0425749
6.55352 0.0421606
6.58465 0.0417506
6.61578 0.0413448
6.64691 0.0409431
6.67804 0.0405455
6.70917 0.040152
6.7403 0.0397625
6.77143 0.039377
6.80256 0.0389954
6.83369 0.0386177
6.86482 0.0382439
6.89595 0.0378738
6.92708 0.0375076
6.95821 0.037145
6.98934 0.0367861
7.02047 0.0364309
7.05159 0.0360793
7.08272 0.0357312
7.11385 0.0353867
7.14498 0.0350456
7.17611 0.034708
7.20724 0.0343739
7.23837 0.0340431
7.2695 0.0337156
7.30063 0.0333915
7.33176 0.0330706
7.36289 0.0327529
7.39402 0.0324385
7.42515 0.0321272
7.45628 0.031819
7.48741 0.031514
7.51854 0.031212
7.54967 0.030913
7.5808 0.0306171
7.61193 0.0303241
7.64306 0.030034
7.67419 0.0297469
7.70532 0.0294626
7.73645 0.0291812
7.76758 0.0289026
7.79871 0.0286268
7.82984 0.0283537
7.86097 0.0280834
7.8921 0.0278157
7.92322 0.0275507
7.95435 0.0272884
7.98548 0.0270287
8.01661 0.0267715
8.04774 0.0265169
8.07887 0.0262649
8.11 0.0260153
8.14113 0.0257682
8.17226 0.0255236
8.20339 0.0252814
8.23452 0.0250416
8.26565 0.0248042
8.29678 0.0245691
8.32791 0.0243364
8.35904 0.0241059
8.39017 0.0238778
8.4213 0.0236519
8.45243 0.0234282
8.48356 0.0232067
8.51469 0.0229874
8.54582 0.0227703
8.57695 0.0225553
8.60808 0.0223424
8.63921 0.0221316
8.67034 0.0219229
8.70147 0.0217162
8.7326 0.0215116
8.76372 0.021309
8.79485 0.0211083
8.82598 0.0209097
8.85711 0.0207129
8.88824 0.0205181
8.91937 0.0203253
8.9505 0.0201343
8.98163 0.0199451
9.01276 0.0197578
9.04389 0.0195724
9.07502 0.0193887
9.10615 0.0192069
9.13728 0.0190268
9.16841 0.0188485
9.19954 0.0186719
9.23067 0.018497
9.2618 0.0183239
9.29293 0.0181524
9.32406 0.0179826
9.35519 0.0178144
9.38632 0.0176479
9.41745 0.0174829
9.44858 0.0173196
9.47971 0.0171579
9.51084 0.0169977
9.54197 0.0168391
9.5731 0.016682
9.60423 0.0165265
9.63535 0.0163724
9.66648 0.0162199
9.69761 0.0160688
9.72874 0.0159192
9.75987 0.015771
9.791 0.0156242
9.82213 0.0154789
9.85326 0.0153349
9.88439 0.0151924
9.91552 0.0150512
9.94665 0.0149114
9.97778 0.0147729
10.0089 0.0146358
10.04 0.0145
10.0712 0.0143655
10.1023 0.0142322
10.1334 0.0141003
10.1646 0.0139696
10.1957 0.0138402
10.2268 0.013712
10.2579 0.013585
10.2891 0.0134593
10.3202 0.0133348
10.3513 0.0132114
10.3825 0.0130893
10.4136 0.0129683
10.4447 0.0128484
10.4759 0.0127297
10.507 0.0126122
10.5381 0.0124957
10.5692 0.0123804
10.6004 0.0122662
10.6315 0.012153
10.6626 0.012041
10.6938 0.01193
10.7249 0.01182
10.756 0.0117111
10.7872 0.0116033
10.8183 0.0114964
10.8494 0.0113906
10.8805 0.0112858
10.9117 0.011182
10.9428 0.0110792
10.9739 0.0109773
11.0051 0.0108764
11.0362 0.0107765
11.0673 0.0106775
11.0984 0.0105795
11.1296 0.0104823
11.1607 0.0103862
11.1918 0.0102909
11.223 0.0101965
11.2541 0.010103
11.2852 0.0100104
11.3164 0.00991863
11.3475 0.00982776
11.3786 0.00973775
11.4097 0.00964859
11.4409 0.00956026
11.472 0.00947278
11.5031 0.00938611
11.5343 0.00930026
11.5654 0.00921522
11.5965 0.00913098
11.6277 0.00904754
11.6588 0.00896488
11.6899 0.00888299
11.721 0.00880188
11.7522 0.00872153
11.7833 0.00864193
11.8144 0.00856308
11.8456 0.00848497
11.8767 0.00840759
11.9078 0.00833094
11.9389 0.00825501
11.9701 0.00817979
12.0012 0.00810527
12.0323 0.00803145
12.0635 0.00795833
12.0946 0.00788588
12.1257 0.00781412
12.1569 0.00774303
12.188 0.0076726
12.2191 0.00760283
12.2502 0.00753371
12.2814 0.00746523
12.3125 0.0073974
12.3436 0.0073302
12.3748 0.00726363
12.4059 0.00719767
12.437 0.00713233
12.4682 0.00706761
12.4993 0.00700348
12.5304 0.00693995
12.5615 0.00687701
12.5927 0.00681466
12.6238 0.00675289
12.6549 0.0066917
12.6861 0.00663107
12.7172 0.006571
12.7483 0.0065115
12.7794 0.00645255
12.8106 0.00639414
12.8417 0.00633628
12.8728 0.00627895
12.904 0.00622216
12.9351 0.00616589
12.9662 0.00611015
12.9974 0.00605492
13.0285 0.0060002
13.0596 0.00594599
13.0907 0.00589228
13.1219 0.00583907
13.153 0.00578635
13.1841 0.00573412
13.2153 0.00568237
13.2464 0.0056311
13.2775 0.00558031
13.3087 0.00552998
13.3398 0.00548012
13.3709 0.00543072
13.402 0.00538178
13.4332 0.00533328
13.4643 0.00528524
13.4954 0.00523764
13.5266 0.00519047
13.5577 0.00514374
13.5888 0.00509745
13.6199 0.00505158
13.6511 0.00500613
13.6822 0.0049611
13.7133 0.00491648
13.7445 0.00487228
13.7756 0.00482848
13.8067 0.00478508
13.8379 0.00474209
13.869 0.00469948
13.9001 0.00465727
13.9312 0.00461545
13.9624 0.00457401
13.9935 0.00453296
14.0246 0.00449228
14.0558 0.00445197
14.0869 0.00441203
14.118 0.00437246
14.1492 0.00433325
14.1803 0.0042944
14.2114 0.00425591
14.2425 0.00421777
14.2737 0.00417998
14.3048 0.00414253
14.3359 0.00410543
14.3671 0.00406867
14.3982 0.00403224
14.4293 0.00399615
14.4604 0.00396038
14.4916 0.00392495
14.5227 0.00388984
14.5538 0.00385505
14.585 0.00382057
14.6161 0.00378641
14.6472 0.00375257
14.6784 0.00371903
14.7095 0.0036858
14.7406 0.00365287
14.7717 0.00362024
14.8029 0.00358791
14.834 0.00355587
14.8651 0.00352413
14.8963 0.00349267
14.9274 0.0034615
14.9585 0.00343062
14.9897 0.00340002
15.0208 0.00336969
15.0519 0.00333964
15.083 0.00330987
15.1142 0.00328036
15.1453 0.00325113
15.1764 0.00322216
15.2076 0.00319345
15.2387 0.003165
15.2698 0.00313682
15.3009 0.00310888
15.3321 0.00308121
15.3632 0.00305378
15.3943 0.0030266
15.4255 0.00299967
15.4566 0.00297298
15.4877 0.00294654
15.5189 0.00292033
15.55 0.00289437
15.5811 0.00286863
15.6122 0.00284313
15.6434 0.00281787
15.6745 0.00279283
15.7056 0.00276802
15.7368 0.00274343
15.7679 0.00271906
15.799 0.00269492
15.8302 0.00267099
15.8613 0.00264728
15.8924 0.00262379
15.9235 0.0026005
15.9547 0.00257743
15.9858 0.00255457
16.0169 0.00253191
16.0481 0.00250946
16.0792 0.00248721
16.1103 0.00246516
16.1414 0.00244331
16.1726 0.00242165
16.2037 0.0024002
16.2348 0.00237893
16.266 0.00235786
16.2971 0.00233698
16.3282 0.00231628
16.3594 0.00229578
16.3905 0.00227545
16.4216 0.00225531
16.4527 0.00223536
16.4839 0.00221558
16.515 0.00219598
16.5461 0.00217655
16.5773 0.0021573
16.6084 0.00213823
16.6395 0.00211932
16.6707 0.00210059
16.7018 0.00208202
16.7329 0.00206363
16.764 0.00204539
16.7952 0.00202732
16.8263 0.00200942
16.8574 0.00199167
16.8886 0.00197408
16.9197 0.00195665
16.9508 0.00193938
16.9819 0.00192226
17.0131 0.0019053
17.0442 0.00188849
17.0753 0.00187183
17.1065 0.00185532
17.1376 0.00183895
17.1687 0.00182274
17.1999 0.00180667
17.231 0.00179074
17.2621 0.00177496
17.2932 0.00175931
17.3244 0.00174381
17.3555 0.00172845
17.3866 0.00171322
17.4178 0.00169813
17.4489 0.00168317
17.48 0.00166835
17.5112 0.00165366
17.5423 0.00163911
17.5734 0.00162468
17.6045 0.00161038
17.6357 0.00159621
17.6668 0.00158217
17.6979 0.00156825
17.7291 0.00155446
17.7602 0.00154079
17.7913 0.00152724
17.8224 0.00151381
17.8536 0.0015005
17.8847 0.00148731
17.9158 0.00147424
17.947 0.00146129
17.9781 0.00144845
18.0092 0.00143573
18.0404 0.00142312
18.0715 0.00141062
18.1026 0.00139823
18.1337 0.00138596
18.1649 0.00137379
18.196 0.00136173
18.2271 0.00134978
18.2583 0.00133793
18.2894 0.0013262
18.3205 0.00131456
18.3517 0.00130303
18.3828 0.0012916
18.4139 0.00128027
18.445 0.00126905
18.4762 0.00125792
18.5073 0.0012469
18.5384 0.00123597
18.5696 0.00122514
18.6007 0.0012144
18.6318 0.00120376
18.6629 0.00119322
18.6941 0.00118276
18.7252 0.00117241
18.7563 0.00116214
18.7875 0.00115196
18.8186 0.00114188
18.8497 0.00113188
18.8809 0.00112198
18.912 0.00111216
18.9431 0.00110243
18.9742 0.00109278
19.0054 0.00108322
19.0365 0.00107375
19.0676 0.00106435
19.0988 0.00105505
19.1299 0.00104582
19.161 0.00103668
19.1922 0.00102762
19.2233 0.00101863
19.2544 0.00100973
19.2855 0.00100091
19.3167 0.000992163
19.3478 0.000983495
19.3789 0.000974904
19.4101 0.000966389
19.4412 0.000957949
19.4723 0.000949584
19.5034 0.000941293
19.5346 0.000933076
19.5657 0.000924931
19.5968 0.000916858
19.628 0.000908857
19.6591 0.000900926
19.6902 0.000893065
19.7214 0.000885274
19.7525 0.000877552
19.7836 0.000869898
19.8147 0.000862312
19.8459 0.000854793
19.877 0.00084734
19.9081 0.000839953
19.9393 0.000832631
19.9704 0.000825374
20.0015 0.000818181
20.0327 0.000811052
20.0638 0.000803985
20.0949 0.000796981
20.126 0.000790039
20.1572 0.000783157
20.1883 0.000776337
20.2194 0.000769577
20.2506 0.000762876
20.2817 0.000756234
20.3128 0.000749651
20.344 0.000743126
20.3751 0.000736659
20.4062 0.000730248
20.4373 0.000723894
20.4685 0.000717596
20.4996 0.000711354
20.5307 0.000705166
20.5619 0.000699033
20.593 0.000692954
20.6241 0.000686928
20.6552 0.000680956
20.6864 0.000675036
20.7175 0.000669168
20.7486 0.000663352
20.7798 0.000657586
20.8109 0.000651872
20.842 0.000646208
20.8732 0.000640594
20.9043 0.000635029
20.9354 0.000629513
20.9665 0.000624045
20.9977 0.000618626
21.0288 0.000613254
21.0599 0.000607929
21.0911 0.000602651
21.1222 0.00059742
21.1533 0.000592234
21.1845 0.000587094
21.2156 0.000582
21.2467 0.000576949
21.2778 0.000571944
21.309 0.000566982
21.3401 0.000562063
21.3712 0.000557188
21.4024 0.000552356
21.4335 0.000547566
21.4646 0.000542818
21.4957 0.000538112
21.5269 0.000533447
21.558 0.000528823
21.5891 0.000524239
21.6203 0.000519696
21.6514 0.000515192
21.6825 0.000510728
21.7137 0.000506303
21.7448 0.000501917
21.7759 0.000497569
21.807 0.000493259
21.8382 0.000488987
21.8693 0.000484753
21.9004 0.000480555
21.9316 0.000476395
21.9627 0.00047227
21.9938 0.000468182
22.025 0.00046413
22.0561 0.000460113
22.0872 0.000456131
22.1183 0.000452184
22.1495 0.000448272
22.1806 0.000444393
22.2117 0.000440549
22.2429 0.000436738
22.274 0.000432961
22.3051 0.000429217
22.3362 0.000425505
22.3674 0.000421826
22.3985 0.000418179
22.4296 0.000414564
22.4608 0.00041098
22.4919 0.000407428
22.523 0.000403907
22.5542 0.000400416
22.5853 0.000396956
22.6164 0.000393527
22.6475 0.000390127
22.6787 0.000386757
22.7098 0.000383416
22.7409 0.000380105
22.7721 0.000376822
22.8032 0.000373568
22.8343 0.000370342
22.8655 0.000367145
22.8966 0.000363975
22.9277 0.000360833
22.9588 0.000357719
22.99 0.000354631
23.0211 0.000351571
23.0522 0.000348537
23.0834 0.00034553
23.1145 0.000342549
23.1456 0.000339594
23.1767 0.000336664
23.2079 0.00033376
23.239 0.000330882
23.2701 0.000328028
23.3013 0.0003252
23.3324 0.000322396
23.3635 0.000319616
23.3947 0.000316861
23.4258 0.00031413
23.4569 0.000311422
23.488 0.000308738
23.5192 0.000306077
23.5503 0.00030344
23.5814 0.000300825
23.6126 0.000298233
23.6437 0.000295664
23.6748 0.000293117
23.706 0.000290593
23.7371 0.00028809
23.7682 0.000285609
23.7993 0.000283149
23.8305 0.000280711
23.8616 0.000278294
23.8927 0.000275899
23.9239 0.000273524
23.955 0.000271169
23.9861 0.000268835
24.0172 0.000266522
24.0484 0.000264228
24.0795 0.000261954
24.1106 0.000259701
24.1418 0.000257466
24.1729 0.000255251
24.204 0.000253056
24.2352 0.000250879
24.2663 0.000248721
24.2974 0.000246582
24.3285 0.000244462
24.3597 0.00024236
24.3908 0.000240276
24.4219 0.000238211
24.4531 0.000236163
24.4842 0.000234133
24.5153 0.000232121
24.5465 0.000230126
24.5776 0.000228148
24.6087 0.000226188
24.6398 0.000224244
24.671 0.000222317
24.7021 0.000220408
24.7332 0.000218514
24.7644 0.000216637
24.7955 0.000214777
24.8266 0.000212932
24.8577 0.000211104
24.8889 0.000209291
24.92 0.000207494
24.9511 0.000205712
24.9823 0.000203946
25.0134 0.000202196
25.0445 0.00020046
25.0757 0.00019874
25.1068 0.000197034
25.1379 0.000195343
25.169 0.000193667
25.2002 0.000192005
25.2313 0.000190358
25.2624 0.000188725
25.2936 0.000187106
25.3247 0.000185501
25.3558 0.00018391
25.387 0.000182333
25.4181 0.000180769
25.4492 0.000179219
25.4803 0.000177682
25.5115 0.000176159
25.5426 0.000174649
25.5737 0.000173151
25.6049 0.000171667
25.636 0.000170196
25.6671 0.000168737
25.6982 0.000167291
25.7294 0.000165857
25.7605 0.000164436
25.7916 0.000163027
25.8228 0.000161631
25.8539 0.000160246
25.885 0.000158873
25.9162 0.000157512
25.9473 0.000156163
25.9784 0.000154826
26.0095 0.0001535
26.0407 0.000152185
26.0718 0.000150882
26.1029 0.000149591
26.1341 0.00014831
26.1652 0.00014704
26.1963 0.000145782
26.2275 0.000144534
26.2586 0.000143297
26.2897 0.00014207
26.3208 0.000140855
26.352 0.000139649
26.3831 0.000138454
26.4142 0.00013727
26.4454 0.000136095
26.4765 0.000134931
26.5076 0.000133777
26.5387 0.000132633
26.5699 0.000131498
26.601 0.000130374
26.6321 0.000129259
26.6633 0.000128153
26.6944 0.000127058
26.7255 0.000125971
26.7567 0.000124894
26.7878 0.000123827
26.8189 0.000122768
26.85 0.000121719
26.8812 0.000120679
26.9123 0.000119647
26.9434 0.000118625
26.9746 0.000117611
27.0057 0.000116606
27.0368 0.00011561
27.068 0.000114622
27.0991 0.000113643
27.1302 0.000112672
27.1613 0.00011171
27.1925 0.000110755
27.2236 0.00010981
27.2547 0.000108872
27.2859 0.000107942
27.317 0.00010702
27.3481 0.000106107
27.3792 0.000105201
27.4104 0.000104302
27.4415 0.000103412
27.4726 0.000102529
27.5038 0.000101654
27.5349 0.000100787
27.566 9.99264e-05
27.5972 9.90736e-05
27.6283 9.82282e-05
27.6594 9.739e-05
27.6905 9.6559e-05
27.7217 9.57352e-05
27.7528 9.49185e-05
27.7839 9.41088e-05
27.8151 9.3306e-05
27.8462 9.25101e-05
27.8773 9.17211e-05
27.9085 9.09389e-05
27.9396 9.01634e-05
27.9707 8.93945e-05
28.0018 8.86322e-05
28.033 8.78765e-05
28.0641 8.71273e-05
28.0952 8.63845e-05
28.1264 8.56481e-05
28.1575 8.4918e-05
28.1886 8.41942e-05
28.2197 8.34766e-05
28.2509 8.27652e-05
28.282 8.20598e-05
28.3131 8.13606e-05
28.3443 8.06673e-05
28.3754 7.998e-05
28.4065 7.92985e-05
28.4377 7.8623e-05
28.4688 7.79532e-05
28.4999 7.72891e-05
28.531 7.66308e-05
28.5622 7.59781e-05
28.5933 7.5331e-05
28.6244 7.46895e-05
28.6556 7.40534e-05
28.6867 7.34228e-05
28.7178 7.27976e-05
28.749 7.21778e-05
28.7801 7.15633e-05
28.8112 7.09541e-05
28.8423 7.03501e-05
28.8735 6.97512e-05
28.9046 6.91575e-05
28.9357 6.85689e-05
28.9669 6.79853e-05
28.998 6.74068e-05
29.0291 6.68331e-05
29.0602 6.62645e-05
29.0914 6.57006e-05
29.1225 6.51416e-05
29.1536 6.45874e-05
29.1848 6.4038e-05
29.2159 6.34932e-05
29.247 6.29531e-05
29.2782 6.24177e-05
29.3093 6.18868e-05
29.3404 6.13604e-05
29.3715 6.08386e-05
29.4027 6.03213e-05
29.4338 5.98083e-05
29.4649 5.92998e-05
29.4961 5.87956e-05
29.5272 5.82957e-05
29.5583 5.78002e-05
29.5895 5.73088e-05
29.6206 5.68217e-05
29.6517 5.63387e-05
29.6828 5.58598e-05
29.714 5.53851e-05
29.7451 5.49144e-05
29.7762 5.44478e-05
29.8074 5.39851e-05
29.8385 5.35264e-05
29.8696 5.30716e-05
29.9007 5.26207e-05
29.9319 5.21736e-05
29.963 5.17304e-05
29.9941 5.1291e-05
30.0253 5.08553e-05
30.0564 5.04234e-05
30.0875 4.99951e-05
