-7.39263 0.00015524
-7.37893 0.000157698
-7.36523 0.000160195
-7.35154 0.000162731
-7.33784 0.000165308
-7.32414 0.000167926
-7.31044 0.000170585
-7.29674 0.000173287
-7.28305 0.000176031
-7.26935 0.000178819
-7.25565 0.000181651
-7.24195 0.000184528
-7.22825 0.000187451
-7.21456 0.000190421
-7.20086 0.000193437
-7.18716 0.000196501
-7.17346 0.000199614
-7.15976 0.000202777
-7.14606 0.00020599
-7.13237 0.000209253
-7.11867 0.000212569
-7.10497 0.000215937
-7.09127 0.000219359
-7.07757 0.000222835
-7.06388 0.000226367
-7.05018 0.000229954
-7.03648 0.000233599
-7.02278 0.000237301
-7.00908 0.000241062
-6.99539 0.000244883
-6.98169 0.000248765
-6.96799 0.000252708
-6.95429 0.000256715
-6.94059 0.000260784
-6.92689 0.000264919
-6.9132 0.000269119
-6.8995 0.000273386
-6.8858 0.000277721
-6.8721 0.000282124
-6.8584 0.000286598
-6.84471 0.000291143
-6.83101 0.00029576
-6.81731 0.000300451
-6.80361 0.000305216
-6.78991 0.000310057
-6.77622 0.000314974
-6.76252 0.00031997
-6.74882 0.000325046
-6.73512 0.000330202
-6.72142 0.00033544
-6.70773 0.000340762
-6.69403 0.000346168
-6.68033 0.00035166
-6.66663 0.00035724
-6.65293 0.000362908
-6.63923 0.000368667
-6.62554 0.000374517
-6.61184 0.00038046
-6.59814 0.000386498
-6.58444 0.000392631
-6.57074 0.000398863
-6.55705 0.000405193
-6.54335 0.000411624
-6.52965 0.000418158
-6.51595 0.000424796
-6.50225 0.000431539
-6.48856 0.000438389
-6.47486 0.000445349
-6.46116 0.000452419
-6.44746 0.000459602
-6.43376 0.000466899
-6.42007 0.000474312
-6.40637 0.000481843
-6.39267 0.000489495
-6.37897 0.000497268
-6.36527 0.000505164
-6.35157 0.000513187
-6.33788 0.000521337
-6.32418 0.000529617
-6.31048 0.000538029
-6.29678 0.000546574
-6.28308 0.000555256
-6.26939 0.000564076
-6.25569 0.000573037
-6.24199 0.00058214
-6.22829 0.000591388
-6.21459 0.000600783
-6.2009 0.000610328
-6.1872 0.000620025
-6.1735 0.000629877
-6.1598 0.000639885
-6.1461 0.000650053
-6.1324 0.000660383
-6.11871 0.000670877
-6.10501 0.000681538
-6.09131 0.00069237
-6.07761 0.000703374
-6.06391 0.000714553
-6.05022 0.00072591
-6.03652 0.000737448
-6.02282 0.00074917
-6.00912 0.000761079
-5.99542 0.000773178
-5.98173 0.000785469
-5.96803 0.000797956
-5.95433 0.000810642
-5.94063 0.000823531
-5.92693 0.000836624
-5.91324 0.000849927
-5.89954 0.000863441
-5.88584 0.000877171
-5.87214 0.000891119
-5.85844 0.00090529
-5.84474 0.000919687
-5.83105 0.000934313
-5.81735 0.000949172
-5.80365 0.000964268
-5.78995 0.000979605
-5.77625 0.000995186
-5.76256 0.00101102
-5.74886 0.0010271
-5.73516 0.00104344
-5.72146 0.00106003
-5.70776 0.0010769
-5.69407 0.00109403
-5.68037 0.00111144
-5.66667 0.00112912
-5.65297 0.00114708
-5.63927 0.00116533
-5.62557 0.00118388
-5.61188 0.00120271
-5.59818 0.00122185
-5.58448 0.0012413
-5.57078 0.00126105
-5.55708 0.00128112
-5.54339 0.0013015
-5.52969 0.00132222
-5.51599 0.00134326
-5.50229 0.00136464
-5.48859 0.00138636
-5.4749 0.00140843
-5.4612 0.00143085
-5.4475 0.00145362
-5.4338 0.00147676
-5.4201 0.00150027
-5.40641 0.00152415
-5.39271 0.00154841
-5.37901 0.00157306
-5.36531 0.00159811
-5.35161 0.00162355
-5.33791 0.0016494
-5.32422 0.00167566
-5.31052 0.00170234
-5.29682 0.00172945
-5.28312 0.00175698
-5.26942 0.00178496
-5.25573 0.00181338
-5.24203 0.00184226
-5.22833 0.0018716
-5.21463 0.0019014
-5.20093 0.00193168
-5.18724 0.00196244
-5.17354 0.0019937
-5.15984 0.00202545
-5.14614 0.00205771
-5.13244 0.00209048
-5.11875 0.00212377
-5.10505 0.0021576
-5.09135 0.00219196
-5.07765 0.00222688
-5.06395 0.00226235
-5.05025 0.00229838
-5.03656 0.00233499
-5.02286 0.00237219
-5.00916 0.00240998
-4.99546 0.00244837
-4.98176 0.00248737
-4.96807 0.00252699
-4.95437 0.00256725
-4.94067 0.00260815
-4.92697 0.00264969
-4.91327 0.00269191
-4.89958 0.00273479
-4.88588 0.00277836
-4.87218 0.00282262
-4.85848 0.00286759
-4.84478 0.00291328
-4.83108 0.00295969
-4.81739 0.00300685
-4.80369 0.00305475
-4.78999 0.00310342
-4.77629 0.00315287
-4.76259 0.0032031
-4.7489 0.00325413
-4.7352 0.00330598
-4.7215 0.00335865
-4.7078 0.00341217
-4.6941 0.00346653
-4.68041 0.00352176
-4.66671 0.00357788
-4.65301 0.00363488
-4.63931 0.0036928
-4.62561 0.00375163
-4.61192 0.00381141
-4.59822 0.00387213
-4.58452 0.00393383
-4.57082 0.0039965
-4.55712 0.00406018
-4.54342 0.00412487
-4.52973 0.00419059
-4.51603 0.00425735
-4.50233 0.00432518
-4.48863 0.00439409
-4.47493 0.00446409
-4.46124 0.00453521
-4.44754 0.00460746
-4.43384 0.00468087
-4.42014 0.00475544
-4.40644 0.00483119
-4.39275 0.00490816
-4.37905 0.00498634
-4.36535 0.00506577
-4.35165 0.00514647
-4.33795 0.00522845
-4.32425 0.00531173
-4.31056 0.00539634
-4.29686 0.00548229
-4.28316 0.00556961
-4.26946 0.00565832
-4.25576 0.00574843
-4.24207 0.00583998
-4.22837 0.00593299
-4.21467 0.00602747
-4.20097 0.00612346
-4.18727 0.00622097
-4.17358 0.00632003
-4.15988 0.00642066
-4.14618 0.00652289
-4.13248 0.00662675
-4.11878 0.00673225
-4.10509 0.00683943
-4.09139 0.00694831
-4.07769 0.00705892
-4.06399 0.00717129
-4.05029 0.00728543
-4.03659 0.00740139
-4.0229 0.00751919
-4.0092 0.00763885
-3.9955 0.00776042
-3.9818 0.00788391
-3.9681 0.00800936
-3.95441 0.00813679
-3.94071 0.00826625
-3.92701 0.00839775
-3.91331 0.00853134
-3.89961 0.00866705
-3.88592 0.0088049
-3.87222 0.00894494
-3.85852 0.0090872
-3.84482 0.0092317
-3.83112 0.00937849
-3.81743 0.0095276
-3.80373 0.00967908
-3.79003 0.00983294
-3.77633 0.00998924
-3.76263 0.010148
-3.74893 0.0103093
-3.73524 0.0104731
-3.72154 0.0106395
-3.70784 0.0108086
-3.69414 0.0109803
-3.68044 0.0111547
-3.66675 0.0113319
-3.65305 0.0115118
-3.63935 0.0116946
-3.62565 0.0118803
-3.61195 0.0120689
-3.59826 0.0122605
-3.58456 0.0124551
-3.57086 0.0126527
-3.55716 0.0128535
-3.54346 0.0130574
-3.52976 0.0132646
-3.51607 0.013475
-3.50237 0.0136887
-3.48867 0.0139057
-3.47497 0.0141262
-3.46127 0.0143501
-3.44758 0.0145775
-3.43388 0.0148086
-3.42018 0.0150432
-3.40648 0.0152815
-3.39278 0.0155235
-3.37909 0.0157694
-3.36539 0.0160191
-3.35169 0.0162727
-3.33799 0.0165302
-3.32429 0.0167918
-3.3106 0.0170575
-3.2969 0.0173273
-3.2832 0.0176013
-3.2695 0.0178797
-3.2558 0.0181623
-3.2421 0.0184494
-3.22841 0.0187409
-3.21471 0.019037
-3.20101 0.0193377
-3.18731 0.019643
-3.17361 0.0199532
-3.15992 0.0202681
-3.14622 0.0205879
-3.13252 0.0209127
-3.11882 0.0212425
-3.10512 0.0215775
-3.09143 0.0219176
-3.07773 0.022263
-3.06403 0.0226137
-3.05033 0.0229699
-3.03663 0.0233316
-3.02294 0.0236988
-3.00924 0.0240717
-2.99554 0.0244504
-2.98184 0.0248349
-2.96814 0.0252254
-2.95444 0.0256218
-2.94075 0.0260243
-2.92705 0.026433
-2.91335 0.026848
-2.89965 0.0272694
-2.88595 0.0276972
-2.87226 0.0281315
-2.85856 0.0285725
-2.84486 0.0290203
-2.83116 0.0294749
-2.81746 0.0299364
-2.80377 0.0304049
-2.79007 0.0308806
-2.77637 0.0313635
-2.76267 0.0318538
-2.74897 0.0323515
-2.73527 0.0328567
-2.72158 0.0333696
-2.70788 0.0338903
-2.69418 0.0344188
-2.68048 0.0349553
-2.66678 0.0354999
-2.65309 0.0360527
-2.63939 0.0366138
-2.62569 0.0371833
-2.61199 0.0377614
-2.59829 0.0383481
-2.5846 0.0389436
-2.5709 0.0395481
-2.5572 0.0401615
-2.5435 0.0407841
-2.5298 0.0414159
-2.51611 0.0420571
-2.50241 0.0427079
-2.48871 0.0433682
-2.47501 0.0440384
-2.46131 0.0447184
-2.44761 0.0454085
-2.43392 0.0461087
-2.42022 0.0468192
-2.40652 0.0475401
-2.39282 0.0482715
-2.37912 0.0490137
-2.36543 0.0497667
-2.35173 0.0505306
-2.33803 0.0513056
-2.32433 0.0520919
-2.31063 0.0528895
-2.29694 0.0536986
-2.28324 0.0545194
-2.26954 0.055352
-2.25584 0.0561965
-2.24214 0.0570532
-2.22844 0.057922
-2.21475 0.0588032
-2.20105 0.0596969
-2.18735 0.0606033
-2.17365 0.0615225
-2.15995 0.0624546
-2.14626 0.0633998
-2.13256 0.0643583
-2.11886 0.0653301
-2.10516 0.0663155
-2.09146 0.0673146
-2.07777 0.0683276
-2.06407 0.0693545
-2.05037 0.0703955
-2.03667 0.0714508
-2.02297 0.0725205
-2.00928 0.0736048
-1.99558 0.0747038
-1.98188 0.0758177
-1.96818 0.0769465
-1.95448 0.0780905
-1.94078 0.0792498
-1.92709 0.0804246
-1.91339 0.0816149
-1.89969 0.0828209
-1.88599 0.0840427
-1.87229 0.0852805
-1.8586 0.0865345
-1.8449 0.0878047
-1.8312 0.0890912
-1.8175 0.0903943
-1.8038 0.091714
-1.79011 0.0930505
-1.77641 0.0944038
-1.76271 0.0957742
-1.74901 0.0971616
-1.73531 0.0985663
-1.72162 0.0999883
-1.70792 0.101428
-1.69422 0.102885
-1.68052 0.104359
-1.66682 0.105851
-1.65312 0.107362
-1.63943 0.10889
-1.62573 0.110435
-1.61203 0.111999
-1.59833 0.113582
-1.58463 0.115182
-1.57094 0.1168
-1.55724 0.118437
-1.54354 0.120092
-1.52984 0.121765
-1.51614 0.123457
-1.50245 0.125167
-1.48875 0.126895
-1.47505 0.128642
-1.46135 0.130407
-1.44765 0.132191
-1.43395 0.133993
-1.42026 0.135813
-1.40656 0.137651
-1.39286 0.139508
-1.37916 0.141383
-1.36546 0.143275
-1.35177 0.145186
-1.33807 0.147114
-1.32437 0.149061
-1.31067 0.151024
-1.29697 0.153006
-1.28328 0.155004
-1.26958 0.15702
-1.25588 0.159052
-1.24218 0.161101
-1.22848 0.163167
-1.21479 0.165249
-1.20109 0.167347
-1.18739 0.16946
-1.17369 0.171589
-1.15999 0.173733
-1.14629 0.175892
-1.1326 0.178065
-1.1189 0.180252
-1.1052 0.182453
-1.0915 0.184668
-1.0778 0.186895
-1.06411 0.189134
-1.05041 0.191385
-1.03671 0.193648
-1.02301 0.195922
-1.00931 0.198206
-0.995615 0.200499
-0.981917 0.202802
-0.968219 0.205113
-0.954521 0.207433
-0.940823 0.209759
-0.927125 0.212092
-0.913427 0.214431
-0.899729 0.216775
-0.886031 0.219124
-0.872332 0.221475
-0.858634 0.22383
-0.844936 0.226186
-0.831238 0.228544
-0.81754 0.230901
-0.803842 0.233258
-0.790144 0.235613
-0.776446 0.237965
-0.762748 0.240313
-0.74905 0.242657
-0.735351 0.244994
-0.721653 0.247325
-0.707955 0.249648
-0.694257 0.251961
-0.680559 0.254265
-0.666861 0.256556
-0.653163 0.258836
-0.639465 0.261101
-0.625767 0.263351
-0.612068 0.265585
-0.59837 0.267801
-0.584672 0.269999
-0.570974 0.272176
-0.557276 0.274332
-0.543578 0.276465
-0.52988 0.278574
-0.516182 0.280658
-0.502484 0.282714
-0.488786 0.284743
-0.475087 0.286742
-0.461389 0.28871
-0.447691 0.290646
-0.433993 0.292548
-0.420295 0.294416
-0.406597 0.296247
-0.392899 0.298041
-0.379201 0.299795
-0.365503 0.30151
-0.351804 0.303183
-0.338106 0.304813
-0.324408 0.306399
-0.31071 0.307939
-0.297012 0.309433
-0.283314 0.310879
-0.269616 0.312277
-0.255918 0.313624
-0.24222 0.31492
-0.228522 0.316164
-0.214823 0.317355
-0.201125 0.318491
-0.187427 0.319573
-0.173729 0.320598
-0.160031 0.321566
-0.146333 0.322476
-0.132635 0.323328
-0.118937 0.324121
-0.105239 0.324854
-0.0915405 0.325526
-0.0778424 0.326137
-0.0641443 0.326687
-0.0504462 0.327175
-0.0367481 0.3276
-0.02305 0.327963
-0.00935185 0.328262
0.00434625 0.328499
0.0180444 0.328672
0.0317425 0.328782
0.0454406 0.328828
0.0591387 0.328811
0.0728368 0.328731
0.0865349 0.328588
0.100233 0.328382
0.113931 0.328113
0.127629 0.327782
0.141327 0.327389
0.155025 0.326935
0.168724 0.326419
0.182422 0.325844
0.19612 0.325209
0.209818 0.324514
0.223516 0.323762
0.237214 0.322952
0.250912 0.322085
0.26461 0.321162
0.278308 0.320184
0.292006 0.319152
0.305705 0.318067
0.319403 0.31693
0.333101 0.315741
0.346799 0.314503
0.360497 0.313216
0.374195 0.311881
0.387893 0.3105
0.401591 0.309073
0.415289 0.307602
0.428988 0.306088
0.442686 0.304532
0.456384 0.302936
0.470082 0.301301
0.48378 0.299627
0.497478 0.297917
0.511176 0.296171
0.524874 0.294392
0.538572 0.292579
0.55227 0.290735
0.565969 0.288861
0.579667 0.286958
0.593365 0.285027
0.607063 0.28307
0.620761 0.281088
0.634459 0.279082
0.648157 0.277053
0.661855 0.275003
0.675553 0.272932
0.689252 0.270843
0.70295 0.268736
0.716648 0.266613
0.730346 0.264474
0.744044 0.262321
0.757742 0.260155
0.77144 0.257976
0.785138 0.255787
0.798836 0.253588
0.812534 0.25138
0.826233 0.249164
0.839931 0.246942
0.853629 0.244714
0.867327 0.24248
0.881025 0.240243
0.894723 0.238003
0.908421 0.23576
0.922119 0.233516
0.935817 0.231272
0.949516 0.229028
0.963214 0.226785
0.976912 0.224544
0.99061 0.222306
1.00431 0.220071
1.01801 0.21784
1.0317 0.215614
1.0454 0.213393
1.0591 0.211178
1.0728 0.208969
1.0865 0.206768
1.10019 0.204574
1.11389 0.202389
1.12759 0.200212
1.14129 0.198045
1.15499 0.195887
1.16869 0.19374
1.18238 0.191603
1.19608 0.189477
1.20978 0.187363
1.22348 0.18526
1.23718 0.18317
1.25087 0.181092
1.26457 0.179027
1.27827 0.176975
1.29197 0.174936
1.30567 0.172911
1.31936 0.1709
1.33306 0.168903
1.34676 0.166921
1.36046 0.164953
1.37416 0.163
1.38785 0.161062
1.40155 0.159139
1.41525 0.157232
1.42895 0.15534
1.44265 0.153464
1.45635 0.151603
1.47004 0.149759
1.48374 0.14793
1.49744 0.146117
1.51114 0.144321
1.52484 0.14254
1.53853 0.140776
1.55223 0.139029
1.56593 0.137297
1.57963 0.135582
1.59333 0.133884
1.60702 0.132201
1.62072 0.130536
1.63442 0.128886
1.64812 0.127254
1.66182 0.125637
1.67552 0.124037
1.68921 0.122454
1.70291 0.120887
1.71661 0.119336
1.73031 0.117801
1.74401 0.116283
1.7577 0.114781
1.7714 0.113295
1.7851 0.111825
1.7988 0.110371
1.8125 0.108933
1.82619 0.107511
1.83989 0.106104
1.85359 0.104714
1.86729 0.103339
1.88099 0.101979
1.89468 0.100635
1.90838 0.0993067
1.92208 0.0979933
1.93578 0.0966951
1.94948 0.095412
1.96318 0.0941438
1.97687 0.0928905
1.99057 0.091652
2.00427 0.0904281
2.01797 0.0892188
2.03167 0.0880239
2.04536 0.0868433
2.05906 0.0856769
2.07276 0.0845246
2.08646 0.0833862
2.10016 0.0822618
2.11385 0.081151
2.12755 0.0800539
2.14125 0.0789702
2.15495 0.0779
2.16865 0.076843
2.18234 0.0757991
2.19604 0.0747682
2.20974 0.0737502
2.22344 0.072745
2.23714 0.0717524
2.25084 0.0707724
2.26453 0.0698047
2.27823 0.0688493
2.29193 0.0679061
2.30563 0.0669748
2.31933 0.0660555
2.33302 0.065148
2.34672 0.0642521
2.36042 0.0633678
2.37412 0.0624948
2.38782 0.0616332
2.40151 0.0607827
2.41521 0.0599433
2.42891 0.0591148
2.44261 0.0582971
2.45631 0.0574901
2.47001 0.0566937
2.4837 0.0559077
2.4974 0.0551321
2.5111 0.0543666
2.5248 0.0536113
2.5385 0.052866
2.55219 0.0521305
2.56589 0.0514048
2.57959 0.0506887
2.59329 0.0499822
2.60699 0.0492851
2.62068 0.0485972
2.63438 0.0479186
2.64808 0.0472491
2.66178 0.0465885
2.67548 0.0459368
2.68917 0.0452939
2.70287 0.0446597
2.71657 0.044034
2.73027 0.0434167
2.74397 0.0428078
2.75767 0.0422071
2.77136 0.0416146
2.78506 0.0410301
2.79876 0.0404535
2.81246 0.0398848
2.82616 0.0393239
2.83985 0.0387706
2.85355 0.0382248
2.86725 0.0376865
2.88095 0.0371555
2.89465 0.0366318
2.90834 0.0361153
2.92204 0.0356059
2.93574 0.0351035
2.94944 0.034608
2.96314 0.0341193
2.97684 0.0336373
2.99053 0.033162
3.00423 0.0326932
3.01793 0.0322309
3.03163 0.0317749
3.04533 0.0313253
3.05902 0.0308819
3.07272 0.0304447
3.08642 0.0300135
3.10012 0.0295882
3.11382 0.0291689
3.12751 0.0287554
3.14121 0.0283477
3.15491 0.0279456
3.16861 0.0275491
3.18231 0.0271582
3.196 0.0267727
3.2097 0.0263925
3.2234 0.0260177
3.2371 0.0256481
3.2508 0.0252837
3.2645 0.0249243
3.27819 0.02457
3.29189 0.0242207
3.30559 0.0238762
3.31929 0.0235366
3.33299 0.0232017
3.34668 0.0228715
3.36038 0.022546
3.37408 0.022225
3.38778 0.0219086
3.40148 0.0215965
3.41517 0.0212889
3.42887 0.0209856
3.44257 0.0206866
3.45627 0.0203918
3.46997 0.0201011
3.48366 0.0198145
3.49736 0.019532
3.51106 0.0192534
3.52476 0.0189788
3.53846 0.0187081
3.55216 0.0184411
3.56585 0.018178
3.57955 0.0179186
3.59325 0.0176628
3.60695 0.0174106
3.62065 0.0171621
3.63434 0.016917
3.64804 0.0166754
3.66174 0.0164372
3.67544 0.0162024
3.68914 0.015971
3.70283 0.0157428
3.71653 0.0155178
3.73023 0.0152961
3.74393 0.0150774
3.75763 0.0148619
3.77133 0.0146495
3.78502 0.01444
3.79872 0.0142336
3.81242 0.01403
3.82612 0.0138294
3.83982 0.0136316
3.85351 0.0134366
3.86721 0.0132444
3.88091 0.0130549
3.89461 0.0128682
3.90831 0.012684
3.922 0.0125025
3.9357 0.0123236
3.9494 0.0121473
3.9631 0.0119734
3.9768 0.011802
3.99049 0.0116331
4.00419 0.0114666
4.01789 0.0113024
4.03159 0.0111406
4.04529 0.0109811
4.05899 0.0108239
4.07268 0.0106689
4.08638 0.0105161
4.10008 0.0103655
4.11378 0.0102171
4.12748 0.0100707
4.14117 0.0099265
4.15487 0.00978432
4.16857 0.00964417
4.18227 0.00950602
4.19597 0.00936985
4.20966 0.00923562
4.22336 0.00910331
4.23706 0.00897289
4.25076 0.00884434
4.26446 0.00871762
4.27816 0.00859271
4.29185 0.00846959
4.30555 0.00834823
4.31925 0.00822861
4.33295 0.0081107
4.34665 0.00799447
4.36034 0.00787991
4.37404 0.00776699
4.38774 0.00765568
4.40144 0.00754596
4.41514 0.00743782
4.42883 0.00733122
4.44253 0.00722615
4.45623 0.00712258
4.46993 0.0070205
4.48363 0.00691988
4.49732 0.0068207
4.51102 0.00672294
4.52472 0.00662658
4.53842 0.0065316
4.55212 0.00643798
4.56582 0.0063457
4.57951 0.00625475
4.59321 0.00616509
4.60691 0.00607672
4.62061 0.00598962
4.63431 0.00590377
4.648 0.00581915
4.6617 0.00573574
4.6754 0.00565352
4.6891 0.00557249
4.7028 0.00549261
4.71649 0.00541388
4.73019 0.00533628
4.74389 0.00525979
4.75759 0.0051844
4.77129 0.00511009
4.78498 0.00503685
4.79868 0.00496465
4.81238 0.00489349
4.82608 0.00482335
4.83978 0.00475422
4.85348 0.00468608
4.86717 0.00461892
4.88087 0.00455272
4.89457 0.00448747
4.90827 0.00442315
4.92197 0.00435976
4.93566 0.00429728
4.94936 0.00423569
4.96306 0.00417499
4.97676 0.00411515
4.99046 0.00405618
5.00415 0.00399805
5.01785 0.00394076
5.03155 0.00388429
5.04525 0.00382863
5.05895 0.00377376
5.07265 0.00371969
5.08634 0.00366639
5.10004 0.00361385
5.11374 0.00356207
5.12744 0.00351103
5.14114 0.00346073
5.15483 0.00341115
5.16853 0.00336227
5.18223 0.0033141
5.19593 0.00326662
5.20963 0.00321982
5.22332 0.0031737
5.23702 0.00312823
5.25072 0.00308342
5.26442 0.00303925
5.27812 0.00299571
5.29181 0.0029528
5.30551 0.00291051
5.31921 0.00286882
5.33291 0.00282773
5.34661 0.00278723
5.36031 0.00274731
5.374 0.00270797
5.3877 0.00266918
5.4014 0.00263096
5.4151 0.00259328
5.4288 0.00255615
5.44249 0.00251954
5.45619 0.00248347
5.46989 0.00244791
5.48359 0.00241286
5.49729 0.00237831
5.51098 0.00234426
5.52468 0.0023107
5.53838 0.00227762
5.55208 0.00224501
5.56578 0.00221287
5.57948 0.00218119
5.59317 0.00214997
5.60687 0.0021192
5.62057 0.00208886
5.63427 0.00205896
5.64797 0.0020295
5.66166 0.00200045
5.67536 0.00197182
5.68906 0.0019436
5.70276 0.00191579
5.71646 0.00188837
5.73015 0.00186135
5.74385 0.00183472
5.75755 0.00180846
5.77125 0.00178259
5.78495 0.00175708
5.79864 0.00173195
5.81234 0.00170717
5.82604 0.00168274
5.83974 0.00165867
5.85344 0.00163495
5.86714 0.00161156
5.88083 0.00158851
5.89453 0.00156579
5.90823 0.00154339
5.92193 0.00152132
5.93563 0.00149956
5.94932 0.00147812
5.96302 0.00145698
5.97672 0.00143614
5.99042 0.00141561
6.00412 0.00139537
6.01781 0.00137542
6.03151 0.00135575
6.04521 0.00133637
6.05891 0.00131726
6.07261 0.00129843
6.0863 0.00127987
6.1 0.00126157
6.1137 0.00124354
6.1274 0.00122577
6.1411 0.00120825
6.1548 0.00119098
6.16849 0.00117396
6.18219 0.00115718
6.19589 0.00114064
6.20959 0.00112434
6.22329 0.00110828
6.23698 0.00109244
6.25068 0.00107683
6.26438 0.00106144
6.27808 0.00104628
6.29178 0.00103133
