-6.68649 0.000806455
-6.67236 0.00081837
-6.65823 0.00083046
-6.6441 0.000842727
-6.62997 0.000855173
-6.61584 0.000867801
-6.60171 0.000880615
-6.58758 0.000893615
-6.57345 0.000906806
-6.55932 0.00092019
-6.54519 0.000933769
-6.53106 0.000947547
-6.51693 0.000961526
-6.5028 0.00097571
-6.48867 0.000990101
-6.47455 0.0010047
-6.46042 0.00101952
-6.44629 0.00103455
-6.43216 0.0010498
-6.41803 0.00106527
-6.4039 0.00108097
-6.38977 0.0010969
-6.37564 0.00111306
-6.36151 0.00112945
-6.34738 0.00114609
-6.33325 0.00116296
-6.31912 0.00118009
-6.30499 0.00119746
-6.29086 0.00121508
-6.27673 0.00123297
-6.2626 0.00125111
-6.24848 0.00126952
-6.23435 0.00128819
-6.22022 0.00130714
-6.20609 0.00132636
-6.19196 0.00134587
-6.17783 0.00136565
-6.1637 0.00138573
-6.14957 0.00140609
-6.13544 0.00142676
-6.12131 0.00144772
-6.10718 0.00146899
-6.09305 0.00149056
-6.07892 0.00151245
-6.06479 0.00153466
-6.05066 0.00155719
-6.03653 0.00158005
-6.02241 0.00160324
-6.00828 0.00162676
-5.99415 0.00165063
-5.98002 0.00167484
-5.96589 0.00169941
-5.95176 0.00172433
-5.93763 0.00174961
-5.9235 0.00177525
-5.90937 0.00180127
-5.89524 0.00182767
-5.88111 0.00185445
-5.86698 0.00188161
-5.85285 0.00190917
-5.83872 0.00193713
-5.82459 0.00196549
-5.81046 0.00199427
-5.79634 0.00202346
-5.78221 0.00205307
-5.76808 0.00208311
-5.75395 0.00211358
-5.73982 0.00214449
-5.72569 0.00217585
-5.71156 0.00220767
-5.69743 0.00223994
-5.6833 0.00227267
-5.66917 0.00230588
-5.65504 0.00233957
-5.64091 0.00237375
-5.62678 0.00240842
-5.61265 0.00244358
-5.59852 0.00247926
-5.58439 0.00251544
-5.57027 0.00255215
-5.55614 0.00258939
-5.54201 0.00262716
-5.52788 0.00266548
-5.51375 0.00270435
-5.49962 0.00274378
-5.48549 0.00278377
-5.47136 0.00282434
-5.45723 0.00286549
-5.4431 0.00290724
-5.42897 0.00294958
-5.41484 0.00299253
-5.40071 0.0030361
-5.38658 0.00308029
-5.37245 0.00312512
-5.35832 0.00317059
-5.3442 0.00321671
-5.33007 0.00326349
-5.31594 0.00331095
-5.30181 0.00335908
-5.28768 0.0034079
-5.27355 0.00345743
-5.25942 0.00350766
-5.24529 0.0035586
-5.23116 0.00361028
-5.21703 0.0036627
-5.2029 0.00371586
-5.18877 0.00376979
-5.17464 0.00382449
-5.16051 0.00387996
-5.14638 0.00393623
-5.13225 0.0039933
-5.11813 0.00405119
-5.104 0.0041099
-5.08987 0.00416945
-5.07574 0.00422985
-5.06161 0.00429111
-5.04748 0.00435324
-5.03335 0.00441625
-5.01922 0.00448017
-5.00509 0.00454499
-4.99096 0.00461073
-4.97683 0.00467741
-4.9627 0.00474504
-4.94857 0.00481363
-4.93444 0.00488319
-4.92031 0.00495374
-4.90618 0.00502529
-4.89206 0.00509785
-4.87793 0.00517145
-4.8638 0.00524609
-4.84967 0.00532178
-4.83554 0.00539855
-4.82141 0.00547641
-4.80728 0.00555537
-4.79315 0.00563544
-4.77902 0.00571665
-4.76489 0.00579901
-4.75076 0.00588253
-4.73663 0.00596723
-4.7225 0.00605312
-4.70837 0.00614023
-4.69424 0.00622857
-4.68011 0.00631816
-4.66599 0.00640901
-4.65186 0.00650113
-4.63773 0.00659456
-4.6236 0.0066893
-4.60947 0.00678538
-4.59534 0.00688281
-4.58121 0.00698161
-4.56708 0.00708179
-4.55295 0.00718339
-4.53882 0.00728641
-4.52469 0.00739088
-4.51056 0.00749681
-4.49643 0.00760423
-4.4823 0.00771316
-4.46817 0.00782361
-4.45404 0.00793562
-4.43992 0.00804918
-4.42579 0.00816434
-4.41166 0.00828111
-4.39753 0.00839951
-4.3834 0.00851957
-4.36927 0.00864131
-4.35514 0.00876474
-4.34101 0.00888989
-4.32688 0.0090168
-4.31275 0.00914547
-4.29862 0.00927593
-4.28449 0.00940821
-4.27036 0.00954233
-4.25623 0.00967832
-4.2421 0.0098162
-4.22798 0.00995599
-4.21385 0.0100977
-4.19972 0.0102414
-4.18559 0.0103871
-4.17146 0.0105349
-4.15733 0.0106846
-4.1432 0.0108365
-4.12907 0.0109904
-4.11494 0.0111465
-4.10081 0.0113047
-4.08668 0.0114651
-4.07255 0.0116278
-4.05842 0.0117926
-4.04429 0.0119598
-4.03016 0.0121293
-4.01603 0.0123011
-4.00191 0.0124752
-3.98778 0.0126518
-3.97365 0.0128308
-3.95952 0.0130122
-3.94539 0.0131961
-3.93126 0.0133826
-3.91713 0.0135716
-3.903 0.0137632
-3.88887 0.0139575
-3.87474 0.0141544
-3.86061 0.014354
-3.84648 0.0145563
-3.83235 0.0147614
-3.81822 0.0149693
-3.80409 0.01518
-3.78996 0.0153936
-3.77584 0.0156101
-3.76171 0.0158296
-3.74758 0.016052
-3.73345 0.0162775
-3.71932 0.016506
-3.70519 0.0167377
-3.69106 0.0169725
-3.67693 0.0172104
-3.6628 0.0174516
-3.64867 0.0176961
-3.63454 0.0179438
-3.62041 0.0181949
-3.60628 0.0184494
-3.59215 0.0187074
-3.57802 0.0189688
-3.56389 0.0192337
-3.54977 0.0195022
-3.53564 0.0197743
-3.52151 0.0200501
-3.50738 0.0203296
-3.49325 0.0206128
-3.47912 0.0208998
-3.46499 0.0211907
-3.45086 0.0214854
-3.43673 0.0217841
-3.4226 0.0220868
-3.40847 0.0223935
-3.39434 0.0227043
-3.38021 0.0230192
-3.36608 0.0233384
-3.35195 0.0236618
-3.33782 0.0239894
-3.3237 0.0243214
-3.30957 0.0246579
-3.29544 0.0249987
-3.28131 0.0253441
-3.26718 0.0256941
-3.25305 0.0260486
-3.23892 0.0264079
-3.22479 0.0267718
-3.21066 0.0271406
-3.19653 0.0275142
-3.1824 0.0278927
-3.16827 0.0282762
-3.15414 0.0286647
-3.14001 0.0290582
-3.12588 0.029457
-3.11175 0.0298609
-3.09763 0.0302701
-3.0835 0.0306846
-3.06937 0.0311045
-3.05524 0.0315298
-3.04111 0.0319607
-3.02698 0.0323972
-3.01285 0.0328393
-2.99872 0.0332871
-2.98459 0.0337407
-2.97046 0.0342001
-2.95633 0.0346654
-2.9422 0.0351368
-2.92807 0.0356142
-2.91394 0.0360977
-2.89981 0.0365873
-2.88568 0.0370833
-2.87156 0.0375855
-2.85743 0.0380942
-2.8433 0.0386093
-2.82917 0.039131
-2.81504 0.0396593
-2.80091 0.0401943
-2.78678 0.040736
-2.77265 0.0412846
-2.75852 0.0418401
-2.74439 0.0424026
-2.73026 0.0429722
-2.71613 0.0435488
-2.702 0.0441327
-2.68787 0.0447239
-2.67374 0.0453225
-2.65961 0.0459285
-2.64549 0.0465421
-2.63136 0.0471632
-2.61723 0.047792
-2.6031 0.0484287
-2.58897 0.0490731
-2.57484 0.0497255
-2.56071 0.0503859
-2.54658 0.0510544
-2.53245 0.051731
-2.51832 0.0524159
-2.50419 0.0531092
-2.49006 0.0538109
-2.47593 0.054521
-2.4618 0.0552398
-2.44767 0.0559672
-2.43354 0.0567034
-2.41942 0.0574485
-2.40529 0.0582024
-2.39116 0.0589654
-2.37703 0.0597374
-2.3629 0.0605187
-2.34877 0.0613092
-2.33464 0.062109
-2.32051 0.0629183
-2.30638 0.0637371
-2.29225 0.0645655
-2.27812 0.0654035
-2.26399 0.0662514
-2.24986 0.0671091
-2.23573 0.0679768
-2.2216 0.0688544
-2.20747 0.0697422
-2.19335 0.0706402
-2.17922 0.0715485
-2.16509 0.0724671
-2.15096 0.0733962
-2.13683 0.0743357
-2.1227 0.0752859
-2.10857 0.0762468
-2.09444 0.0772185
-2.08031 0.078201
-2.06618 0.0791944
-2.05205 0.0801989
-2.03792 0.0812144
-2.02379 0.0822411
-2.00966 0.083279
-1.99553 0.0843282
-1.9814 0.0853888
-1.96728 0.0864609
-1.95315 0.0875445
-1.93902 0.0886397
-1.92489 0.0897466
-1.91076 0.0908652
-1.89663 0.0919956
-1.8825 0.0931379
-1.86837 0.0942921
-1.85424 0.0954583
-1.84011 0.0966365
-1.82598 0.0978268
-1.81185 0.0990293
-1.79772 0.100244
-1.78359 0.101471
-1.76946 0.10271
-1.75533 0.103962
-1.74121 0.105226
-1.72708 0.106502
-1.71295 0.107791
-1.69882 0.109093
-1.68469 0.110407
-1.67056 0.111733
-1.65643 0.113072
-1.6423 0.114424
-1.62817 0.115788
-1.61404 0.117165
-1.59991 0.118554
-1.58578 0.119957
-1.57165 0.121371
-1.55752 0.122799
-1.54339 0.124239
-1.52927 0.125692
-1.51514 0.127157
-1.50101 0.128635
-1.48688 0.130125
-1.47275 0.131628
-1.45862 0.133143
-1.44449 0.13467
-1.43036 0.13621
-1.41623 0.137763
-1.4021 0.139327
-1.38797 0.140904
-1.37384 0.142492
-1.35971 0.144093
-1.34558 0.145705
-1.33145 0.147329
-1.31732 0.148965
-1.3032 0.150612
-1.28907 0.15227
-1.27494 0.15394
-1.26081 0.155621
-1.24668 0.157312
-1.23255 0.159014
-1.21842 0.160727
-1.20429 0.16245
-1.19016 0.164183
-1.17603 0.165927
-1.1619 0.167679
-1.14777 0.169441
-1.13364 0.171213
-1.11951 0.172993
-1.10538 0.174781
-1.09125 0.176578
-1.07713 0.178383
-1.063 0.180196
-1.04887 0.182016
-1.03474 0.183842
-1.02061 0.185676
-1.00648 0.187515
-0.992349 0.189361
-0.97822 0.191211
-0.96409 0.193067
-0.949961 0.194926
-0.935831 0.19679
-0.921702 0.198657
-0.907573 0.200528
-0.893443 0.2024
-0.879314 0.204274
-0.865185 0.20615
-0.851055 0.208026
-0.836926 0.209903
-0.822796 0.211778
-0.808667 0.213653
-0.794538 0.215525
-0.780408 0.217395
-0.766279 0.219262
-0.75215 0.221124
-0.73802 0.222982
-0.723891 0.224833
-0.709761 0.226679
-0.695632 0.228517
-0.681503 0.230347
-0.667373 0.232168
-0.653244 0.233979
-0.639115 0.235779
-0.624985 0.237567
-0.610856 0.239342
-0.596727 0.241104
-0.582597 0.242851
-0.568468 0.244583
-0.554338 0.246297
-0.540209 0.247994
-0.52608 0.249672
-0.51195 0.251329
-0.497821 0.252966
-0.483692 0.254581
-0.469562 0.256172
-0.455433 0.257738
-0.441303 0.25928
-0.427174 0.260794
-0.413045 0.262281
-0.398915 0.263738
-0.384786 0.265165
-0.370657 0.266561
-0.356527 0.267925
-0.342398 0.269255
-0.328268 0.27055
-0.314139 0.271809
-0.30001 0.273031
-0.28588 0.274215
-0.271751 0.27536
-0.257622 0.276465
-0.243492 0.277528
-0.229363 0.27855
-0.215233 0.279528
-0.201104 0.280462
-0.186975 0.28135
-0.172845 0.282193
-0.158716 0.282989
-0.144587 0.283738
-0.130457 0.284439
-0.116328 0.28509
-0.102199 0.285692
-0.0880691 0.286244
-0.0739398 0.286745
-0.0598104 0.287195
-0.045681 0.287594
-0.0315517 0.287941
-0.0174223 0.288235
-0.00329291 0.288478
0.0108365 0.288667
0.0249658 0.288805
0.0390952 0.288889
0.0532246 0.288921
0.0673539 0.288901
0.0814833 0.288828
0.0956127 0.288703
0.109742 0.288526
0.123871 0.288297
0.138001 0.288018
0.15213 0.287688
0.16626 0.287307
0.180389 0.286878
0.194518 0.286399
0.208648 0.285871
0.222777 0.285296
0.236906 0.284675
0.251036 0.284007
0.265165 0.283293
0.279295 0.282536
0.293424 0.281735
0.307553 0.280891
0.321683 0.280005
0.335812 0.279079
0.349941 0.278113
0.364071 0.277108
0.3782 0.276066
0.392329 0.274987
0.406459 0.273872
0.420588 0.272723
0.434718 0.27154
0.448847 0.270325
0.462976 0.269079
0.477106 0.267802
0.491235 0.266496
0.505364 0.265162
0.519494 0.263801
0.533623 0.262414
0.547753 0.261002
0.561882 0.259566
0.576011 0.258107
0.590141 0.256627
0.60427 0.255125
0.618399 0.253604
0.632529 0.252064
0.646658 0.250505
0.660788 0.24893
0.674917 0.247339
0.689046 0.245733
0.703176 0.244112
0.717305 0.242478
0.731434 0.240832
0.745564 0.239174
0.759693 0.237505
0.773823 0.235826
0.787952 0.234138
0.802081 0.232441
0.816211 0.230737
0.83034 0.229026
0.844469 0.227308
0.858599 0.225585
0.872728 0.223857
0.886858 0.222125
0.900987 0.220389
0.915116 0.21865
0.929246 0.216908
0.943375 0.215165
0.957504 0.21342
0.971634 0.211675
0.985763 0.209929
0.999892 0.208184
1.01402 0.20644
1.02815 0.204696
1.04228 0.202955
1.05641 0.201216
1.07054 0.199479
1.08467 0.197745
1.0988 0.196015
1.11293 0.194288
1.12706 0.192566
1.14119 0.190848
1.15532 0.189136
1.16944 0.187428
1.18357 0.185726
1.1977 0.184029
1.21183 0.182339
1.22596 0.180655
1.24009 0.178978
1.25422 0.177308
1.26835 0.175645
1.28248 0.173989
1.29661 0.172341
1.31074 0.170701
1.32487 0.169069
1.339 0.167445
1.35313 0.16583
1.36726 0.164223
1.38139 0.162625
1.39551 0.161035
1.40964 0.159455
1.42377 0.157885
1.4379 0.156323
1.45203 0.154771
1.46616 0.153229
1.48029 0.151696
1.49442 0.150173
1.50855 0.148661
1.52268 0.147158
1.53681 0.145665
1.55094 0.144182
1.56507 0.14271
1.5792 0.141248
1.59333 0.139797
1.60746 0.138356
1.62158 0.136925
1.63571 0.135505
1.64984 0.134096
1.66397 0.132697
1.6781 0.131309
1.69223 0.129931
1.70636 0.128564
1.72049 0.127208
1.73462 0.125863
1.74875 0.124529
1.76288 0.123205
1.77701 0.121892
1.79114 0.12059
1.80527 0.119298
1.8194 0.118018
1.83353 0.116748
1.84765 0.115489
1.86178 0.114241
1.87591 0.113003
1.89004 0.111776
1.90417 0.11056
1.9183 0.109355
1.93243 0.10816
1.94656 0.106976
1.96069 0.105802
1.97482 0.104639
1.98895 0.103486
2.00308 0.102344
2.01721 0.101213
2.03134 0.100091
2.04547 0.0989806
2.0596 0.09788
2.07372 0.0967898
2.08785 0.0957097
2.10198 0.0946399
2.11611 0.0935802
2.13024 0.0925305
2.14437 0.091491
2.1585 0.0904614
2.17263 0.0894417
2.18676 0.0884319
2.20089 0.0874319
2.21502 0.0864417
2.22915 0.0854612
2.24328 0.0844904
2.25741 0.0835291
2.27154 0.0825774
2.28567 0.0816351
2.29979 0.0807023
2.31392 0.0797788
2.32805 0.0788646
2.34218 0.0779596
2.35631 0.0770638
2.37044 0.0761771
2.38457 0.0752994
2.3987 0.0744307
2.41283 0.073571
2.42696 0.07272
2.44109 0.0718779
2.45522 0.0710444
2.46935 0.0702196
2.48348 0.0694034
2.49761 0.0685957
2.51174 0.0677965
2.52586 0.0670056
2.53999 0.0662231
2.55412 0.0654488
2.56825 0.0646827
2.58238 0.0639248
2.59651 0.0631748
2.61064 0.0624329
2.62477 0.0616989
2.6389 0.0609728
2.65303 0.0602544
2.66716 0.0595438
2.68129 0.0588408
2.69542 0.0581454
2.70955 0.0574576
2.72368 0.0567772
2.73781 0.0561042
2.75193 0.0554385
2.76606 0.0547801
2.78019 0.054129
2.79432 0.0534849
2.80845 0.0528479
2.82258 0.0522179
2.83671 0.0515949
2.85084 0.0509787
2.86497 0.0503694
2.8791 0.0497668
2.89323 0.0491709
2.90736 0.0485816
2.92149 0.0479989
2.93562 0.0474227
2.94975 0.046853
2.96388 0.0462896
2.978 0.0457325
2.99213 0.0451817
3.00626 0.0446371
3.02039 0.0440986
3.03452 0.0435662
3.04865 0.0430399
3.06278 0.0425195
3.07691 0.0420049
3.09104 0.0414963
3.10517 0.0409934
3.1193 0.0404962
3.13343 0.0400047
3.14756 0.0395189
3.16169 0.0390385
3.17582 0.0385637
3.18995 0.0380944
3.20407 0.0376304
3.2182 0.0371717
3.23233 0.0367183
3.24646 0.0362702
3.26059 0.0358272
3.27472 0.0353894
3.28885 0.0349566
3.30298 0.0345288
3.31711 0.034106
3.33124 0.0336881
3.34537 0.0332751
3.3595 0.0328668
3.37363 0.0324634
3.38776 0.0320646
3.40189 0.0316705
3.41602 0.031281
3.43014 0.030896
3.44427 0.0305156
3.4584 0.0301396
3.47253 0.029768
3.48666 0.0294009
3.50079 0.029038
3.51492 0.0286794
3.52905 0.028325
3.54318 0.0279748
3.55731 0.0276288
3.57144 0.0272868
3.58557 0.0269489
3.5997 0.026615
3.61383 0.0262851
3.62796 0.025959
3.64208 0.0256369
3.65621 0.0253186
3.67034 0.025004
3.68447 0.0246932
3.6986 0.0243862
3.71273 0.0240828
3.72686 0.023783
3.74099 0.0234868
3.75512 0.0231941
3.76925 0.0229049
3.78338 0.0226193
3.79751 0.022337
3.81164 0.0220581
3.82577 0.0217826
3.8399 0.0215104
3.85403 0.0212415
3.86815 0.0209758
3.88228 0.0207133
3.89641 0.0204539
3.91054 0.0201978
3.92467 0.0199447
3.9388 0.0196946
3.95293 0.0194476
3.96706 0.0192036
3.98119 0.0189625
3.99532 0.0187244
4.00945 0.0184891
4.02358 0.0182567
4.03771 0.0180272
4.05184 0.0178004
4.06597 0.0175764
4.0801 0.0173551
4.09422 0.0171365
4.10835 0.0169206
4.12248 0.0167073
4.13661 0.0164966
4.15074 0.0162885
4.16487 0.0160829
4.179 0.0158798
4.19313 0.0156793
4.20726 0.0154812
4.22139 0.0152855
4.23552 0.0150922
4.24965 0.0149013
4.26378 0.0147127
4.27791 0.0145265
4.29204 0.0143425
4.30617 0.0141608
4.32029 0.0139813
4.33442 0.0138041
4.34855 0.013629
4.36268 0.0134561
4.37681 0.0132853
4.39094 0.0131167
4.40507 0.0129501
4.4192 0.0127856
4.43333 0.0126231
4.44746 0.0124626
4.46159 0.0123041
4.47572 0.0121476
4.48985 0.011993
4.50398 0.0118403
4.51811 0.0116895
4.53224 0.0115406
4.54636 0.0113935
4.56049 0.0112483
4.57462 0.0111049
4.58875 0.0109632
4.60288 0.0108233
4.61701 0.0106852
4.63114 0.0105488
4.64527 0.010414
4.6594 0.010281
4.67353 0.0101496
4.68766 0.0100199
4.70179 0.00989174
4.71592 0.00976521
4.73005 0.00964027
4.74418 0.00951689
4.75831 0.00939505
4.77243 0.00927473
4.78656 0.00915592
4.80069 0.0090386
4.81482 0.00892275
4.82895 0.00880835
4.84308 0.00869539
4.85721 0.00858384
4.87134 0.00847369
4.88547 0.00836493
4.8996 0.00825753
4.91373 0.00815148
4.92786 0.00804676
4.94199 0.00794337
4.95612 0.00784127
4.97025 0.00774046
4.98438 0.00764091
4.9985 0.00754262
5.01263 0.00744557
5.02676 0.00734975
5.04089 0.00725513
5.05502 0.0071617
5.06915 0.00706946
5.08328 0.00697838
5.09741 0.00688845
5.11154 0.00679965
5.12567 0.00671198
5.1398 0.00662542
5.15393 0.00653995
5.16806 0.00645557
5.18219 0.00637225
5.19632 0.00628999
5.21045 0.00620877
5.22457 0.00612858
5.2387 0.0060494
5.25283 0.00597123
5.26696 0.00589405
5.28109 0.00581785
5.29522 0.00574262
5.30935 0.00566835
5.32348 0.00559501
5.33761 0.00552261
5.35174 0.00545113
5.36587 0.00538056
5.38 0.00531089
5.39413 0.0052421
5.40826 0.00517419
5.42239 0.00510715
5.43652 0.00504095
5.45064 0.0049756
5.46477 0.00491109
5.4789 0.0048474
5.49303 0.00478451
5.50716 0.00472244
5.52129 0.00466115
5.53542 0.00460065
5.54955 0.00454092
5.56368 0.00448195
5.57781 0.00442373
5.59194 0.00436626
5.60607 0.00430953
5.6202 0.00425352
5.63433 0.00419822
5.64846 0.00414364
5.66259 0.00408975
5.67671 0.00403655
5.69084 0.00398404
5.70497 0.00393219
5.7191 0.00388101
5.73323 0.00383049
5.74736 0.00378062
5.76149 0.00373138
5.77562 0.00368278
5.78975 0.0036348
5.80388 0.00358744
5.81801 0.00354068
5.83214 0.00349453
5.84627 0.00344896
5.8604 0.00340399
5.87453 0.00335959
5.88866 0.00331576
5.90278 0.0032725
5.91691 0.00322979
5.93104 0.00318763
5.94517 0.00314602
5.9593 0.00310494
5.97343 0.00306439
5.98756 0.00302436
6.00169 0.00298485
6.01582 0.00294585
6.02995 0.00290735
6.04408 0.00286934
6.05821 0.00283183
6.07234 0.0027948
6.08647 0.00275825
6.1006 0.00272217
6.11473 0.00268655
6.12885 0.0026514
6.14298 0.0026167
6.15711 0.00258245
6.17124 0.00254864
6.18537 0.00251527
6.1995 0.00248232
6.21363 0.00244981
6.22776 0.00241771
6.24189 0.00238604
6.25602 0.00235477
6.27015 0.0023239
6.28428 0.00229344
6.29841 0.00226337
6.31254 0.00223369
6.32667 0.00220439
6.34079 0.00217547
6.35492 0.00214693
6.36905 0.00211876
6.38318 0.00209095
6.39731 0.0020635
6.41144 0.00203641
6.42557 0.00200968
6.4397 0.00198328
6.45383 0.00195724
6.46796 0.00193152
6.48209 0.00190615
6.49622 0.0018811
6.51035 0.00185638
6.52448 0.00183198
6.53861 0.00180789
6.55274 0.00178412
6.56686 0.00176066
6.58099 0.0017375
6.59512 0.00171465
6.60925 0.00169209
6.62338 0.00166983
6.63751 0.00164785
6.65164 0.00162616
6.66577 0.00160476
6.6799 0.00158363
6.69403 0.00156278
6.70816 0.0015422
6.72229 0.00152188
6.73642 0.00150184
6.75055 0.00148205
6.76468 0.00146252
6.77881 0.00144325
6.79293 0.00142422
6.80706 0.00140545
6.82119 0.00138692
6.83532 0.00136863
6.84945 0.00135058
6.86358 0.00133277
6.87771 0.00131519
6.89184 0.00129784
6.90597 0.00128071
6.9201 0.00126381
6.93423 0.00124713
6.94836 0.00123067
6.96249 0.00121442
6.97662 0.00119839
6.99075 0.00118256
7.00488 0.00116695
7.019 0.00115153
7.03313 0.00113632
7.04726 0.00112131
7.06139 0.00110649
7.07552 0.00109187
7.08965 0.00107744
7.10378 0.00106319
7.11791 0.00104914
7.13204 0.00103527
7.14617 0.00102158
7.1603 0.00100807
7.17443 0.000994733
7.18856 0.000981574
7.20269 0.000968587
7.21682 0.000955771
7.23095 0.000943123
7.24507 0.000930641
7.2592 0.000918323
7.27333 0.000906166
7.28746 0.000894168
7.30159 0.000882328
7.31572 0.000870644
7.32985 0.000859113
7.34398 0.000847733
7.35811 0.000836503
7.37224 0.00082542
7.38637 0.000814482
7.4005 0.000803689
7.41463 0.000793037
7.42876 0.000782525
