-0.861851 0.00895008
-0.842921 0.00967403
-0.82399 0.010453
-0.80506 0.0112907
-0.786129 0.012191
-0.767199 0.0131579
-0.748268 0.0141957
-0.729338 0.0153088
-0.710407 0.0165018
-0.691477 0.0177794
-0.672546 0.0191464
-0.653616 0.0206079
-0.634685 0.0221691
-0.615755 0.0238351
-0.596824 0.0256111
-0.577894 0.0275026
-0.558964 0.0295148
-0.540033 0.031653
-0.521103 0.0339224
-0.502172 0.0363281
-0.483242 0.0388749
-0.464311 0.0415674
-0.445381 0.04441
-0.42645 0.0474065
-0.40752 0.0505607
-0.388589 0.0538753
-0.369659 0.0573528
-0.350728 0.060995
-0.331798 0.0648028
-0.312867 0.0687765
-0.293937 0.0729152
-0.275006 0.0772175
-0.256076 0.0816807
-0.237145 0.086301
-0.218215 0.0910738
-0.199285 0.095993
-0.180354 0.101052
-0.161424 0.106242
-0.142493 0.111554
-0.123563 0.116977
-0.104632 0.122501
-0.0857017 0.128113
-0.0667712 0.1338
-0.0478407 0.139547
-0.0289102 0.145341
-0.00997978 0.151164
0.0089507 0.157003
0.0278812 0.162841
0.0468116 0.168662
0.0657421 0.17445
0.0846726 0.180188
0.103603 0.185862
0.122534 0.191456
0.141464 0.196955
0.160394 0.202346
0.179325 0.207615
0.198255 0.212751
0.217186 0.217741
0.236116 0.222575
0.255047 0.227245
0.273977 0.231741
0.292908 0.236057
0.311838 0.240187
0.330769 0.244126
0.349699 0.247871
0.36863 0.251417
0.38756 0.254764
0.406491 0.25791
0.425421 0.260856
0.444352 0.263602
0.463282 0.26615
0.482213 0.268502
0.501143 0.270661
0.520073 0.27263
0.539004 0.274413
0.557934 0.276014
0.576865 0.277438
0.595795 0.278689
0.614726 0.279774
0.633656 0.280698
0.652587 0.281465
0.671517 0.282082
0.690448 0.282554
0.709378 0.282887
0.728309 0.283087
0.747239 0.28316
0.76617 0.283111
0.7851 0.282946
0.804031 0.28267
0.822961 0.28229
0.841892 0.281809
0.860822 0.281234
0.879752 0.280569
0.898683 0.27982
0.917613 0.278991
0.936544 0.278086
0.955474 0.27711
0.974405 0.276068
0.993335 0.274963
1.01227 0.2738
1.0312 0.272581
1.05013 0.271312
1.06906 0.269995
1.08799 0.268633
1.10692 0.26723
1.12585 0.265789
1.14478 0.264313
1.16371 0.262804
1.18264 0.261265
1.20157 0.259699
1.2205 0.258108
1.23943 0.256493
1.25836 0.254859
1.27729 0.253205
1.29622 0.251535
1.31515 0.24985
1.33408 0.248152
1.35301 0.246442
1.37194 0.244722
1.39088 0.242994
1.40981 0.241258
1.42874 0.239517
1.44767 0.237771
1.4666 0.236021
1.48553 0.234269
1.50446 0.232516
1.52339 0.230762
1.54232 0.229009
1.56125 0.227257
1.58018 0.225507
1.59911 0.22376
1.61804 0.222017
1.63697 0.220278
1.6559 0.218543
1.67483 0.216815
1.69376 0.215092
1.71269 0.213375
1.73162 0.211666
1.75055 0.209964
1.76948 0.20827
1.78842 0.206584
1.80735 0.204906
1.82628 0.203238
1.84521 0.201578
1.86414 0.199928
1.88307 0.198288
1.902 0.196658
1.92093 0.195037
1.93986 0.193427
1.95879 0.191828
1.97772 0.190239
1.99665 0.188661
2.01558 0.187094
2.03451 0.185538
2.05344 0.183994
2.07237 0.18246
2.0913 0.180938
2.11023 0.179427
2.12916 0.177928
2.14809 0.17644
2.16702 0.174964
2.18596 0.173499
2.20489 0.172046
2.22382 0.170604
2.24275 0.169175
2.26168 0.167757
2.28061 0.16635
2.29954 0.164955
2.31847 0.163572
2.3374 0.1622
2.35633 0.16084
2.37526 0.159491
2.39419 0.158154
2.41312 0.156828
2.43205 0.155514
2.45098 0.154211
2.46991 0.152919
2.48884 0.151639
2.50777 0.15037
2.5267 0.149111
2.54563 0.147864
2.56456 0.146628
2.5835 0.145403
2.60243 0.144189
2.62136 0.142986
2.64029 0.141793
2.65922 0.140611
2.67815 0.13944
2.69708 0.138279
2.71601 0.137129
2.73494 0.135989
2.75387 0.134859
2.7728 0.133739
2.79173 0.13263
2.81066 0.131531
2.82959 0.130441
2.84852 0.129362
2.86745 0.128292
2.88638 0.127232
2.90531 0.126182
2.92424 0.125141
2.94317 0.12411
2.9621 0.123088
2.98104 0.122076
2.99997 0.121072
3.0189 0.120078
3.03783 0.119093
3.05676 0.118117
3.07569 0.11715
3.09462 0.116192
3.11355 0.115242
3.13248 0.114302
3.15141 0.113369
3.17034 0.112446
3.18927 0.11153
3.2082 0.110623
3.22713 0.109725
3.24606 0.108834
3.26499 0.107952
3.28392 0.107078
3.30285 0.106211
3.32178 0.105353
3.34071 0.104502
3.35964 0.103659
3.37857 0.102824
3.39751 0.101996
3.41644 0.101176
3.43537 0.100364
3.4543 0.0995583
3.47323 0.0987603
3.49216 0.0979695
3.51109 0.0971859
3.53002 0.0964094
3.54895 0.0956398
3.56788 0.0948773
3.58681 0.0941216
3.60574 0.0933727
3.62467 0.0926305
3.6436 0.0918951
3.66253 0.0911662
3.68146 0.0904439
3.70039 0.0897281
3.71932 0.0890187
3.73825 0.0883156
3.75718 0.0876189
3.77611 0.0869283
3.79505 0.0862439
3.81398 0.0855657
3.83291 0.0848934
3.85184 0.0842272
3.87077 0.0835669
3.8897 0.0829124
3.90863 0.0822638
3.92756 0.0816209
3.94649 0.0809837
3.96542 0.0803521
3.98435 0.0797261
4.00328 0.0791057
4.02221 0.0784907
4.04114 0.0778811
4.06007 0.0772769
4.079 0.0766779
4.09793 0.0760843
4.11686 0.0754958
4.13579 0.0749125
4.15472 0.0743344
4.17365 0.0737612
4.19259 0.0731931
4.21152 0.0726299
4.23045 0.0720716
4.24938 0.0715182
4.26831 0.0709695
4.28724 0.0704257
4.30617 0.0698865
4.3251 0.069352
4.34403 0.0688221
4.36296 0.0682969
4.38189 0.0677761
4.40082 0.0672598
4.41975 0.066748
4.43868 0.0662405
4.45761 0.0657375
4.47654 0.0652387
4.49547 0.0647442
4.5144 0.0642539
4.53333 0.0637679
4.55226 0.0632859
4.57119 0.0628081
4.59013 0.0623344
4.60906 0.0618646
4.62799 0.0613989
4.64692 0.0609371
4.66585 0.0604792
4.68478 0.0600252
4.70371 0.0595751
4.72264 0.0591287
4.74157 0.0586861
4.7605 0.0582472
4.77943 0.057812
4.79836 0.0573805
4.81729 0.0569526
4.83622 0.0565283
4.85515 0.0561075
4.87408 0.0556903
4.89301 0.0552765
4.91194 0.0548662
4.93087 0.0544593
4.9498 0.0540558
4.96873 0.0536557
4.98767 0.0532589
5.0066 0.0528653
5.02553 0.0524751
5.04446 0.052088
5.06339 0.0517042
5.08232 0.0513235
5.10125 0.050946
5.12018 0.0505716
5.13911 0.0502002
5.15804 0.0498319
5.17697 0.0494666
5.1959 0.0491044
5.21483 0.0487451
5.23376 0.0483887
5.25269 0.0480352
5.27162 0.0476847
5.29055 0.0473369
5.30948 0.0469921
5.32841 0.04665
5.34734 0.0463107
5.36627 0.0459741
5.38521 0.0456403
5.40414 0.0453092
5.42307 0.0449808
5.442 0.044655
5.46093 0.0443318
5.47986 0.0440113
5.49879 0.0436933
5.51772 0.0433779
5.53665 0.0430651
5.55558 0.0427547
5.57451 0.0424468
5.59344 0.0421414
5.61237 0.0418384
5.6313 0.0415379
5.65023 0.0412398
5.66916 0.040944
5.68809 0.0406506
5.70702 0.0403595
5.72595 0.0400707
5.74488 0.0397843
5.76381 0.0395001
5.78275 0.0392181
5.80168 0.0389384
5.82061 0.0386609
5.83954 0.0383856
5.85847 0.0381125
5.8774 0.0378415
5.89633 0.0375726
5.91526 0.0373059
5.93419 0.0370413
5.95312 0.0367787
5.97205 0.0365182
5.99098 0.0362597
6.00991 0.0360033
6.02884 0.0357488
6.04777 0.0354964
6.0667 0.0352459
6.08563 0.0349974
6.10456 0.0347508
6.12349 0.0345061
6.14242 0.0342633
6.16135 0.0340225
6.18029 0.0337834
6.19922 0.0335463
6.21815 0.0333109
6.23708 0.0330774
6.25601 0.0328457
6.27494 0.0326158
6.29387 0.0323876
6.3128 0.0321612
6.33173 0.0319366
6.35066 0.0317137
6.36959 0.0314924
6.38852 0.0312729
6.40745 0.0310551
6.42638 0.0308389
6.44531 0.0306244
6.46424 0.0304115
6.48317 0.0302003
6.5021 0.0299907
6.52103 0.0297826
6.53996 0.0295762
6.55889 0.0293713
6.57782 0.029168
6.59676 0.0289662
6.61569 0.0287659
6.63462 0.0285672
6.65355 0.02837
6.67248 0.0281742
6.69141 0.02798
6.71034 0.0277872
6.72927 0.0275958
6.7482 0.0274059
6.76713 0.0272175
6.78606 0.0270304
6.80499 0.0268448
6.82392 0.0266605
6.84285 0.0264777
6.86178 0.0262962
6.88071 0.026116
6.89964 0.0259372
6.91857 0.0257598
6.9375 0.0255837
6.95643 0.0254089
6.97536 0.0252354
6.9943 0.0250631
7.01323 0.0248922
7.03216 0.0247226
7.05109 0.0245542
7.07002 0.024387
7.08895 0.0242211
7.10788 0.0240564
7.12681 0.023893
7.14574 0.0237307
7.16467 0.0235697
7.1836 0.0234098
7.20253 0.0232511
7.22146 0.0230936
7.24039 0.0229373
7.25932 0.0227821
7.27825 0.022628
7.29718 0.0224751
7.31611 0.0223233
7.33504 0.0221726
7.35397 0.022023
7.3729 0.0218746
7.39184 0.0217272
7.41077 0.0215808
7.4297 0.0214356
7.44863 0.0212914
7.46756 0.0211483
7.48649 0.0210062
7.50542 0.0208651
7.52435 0.0207251
7.54328 0.0205861
7.56221 0.0204481
7.58114 0.0203111
7.60007 0.0201751
7.619 0.0200401
7.63793 0.019906
7.65686 0.019773
7.67579 0.0196409
7.69472 0.0195097
7.71365 0.0193795
7.73258 0.0192502
7.75151 0.0191219
7.77044 0.0189945
7.78938 0.018868
7.80831 0.0187425
7.82724 0.0186178
7.84617 0.018494
7.8651 0.0183711
7.88403 0.0182491
7.90296 0.018128
7.92189 0.0180077
7.94082 0.0178883
7.95975 0.0177698
7.97868 0.0176521
7.99761 0.0175352
8.01654 0.0174192
8.03547 0.017304
8.0544 0.0171896
8.07333 0.017076
8.09226 0.0169633
8.11119 0.0168513
8.13012 0.0167402
8.14905 0.0166298
8.16798 0.0165202
8.18692 0.0164114
8.20585 0.0163034
8.22478 0.0161961
8.24371 0.0160896
8.26264 0.0159839
8.28157 0.0158789
8.3005 0.0157746
8.31943 0.0156711
8.33836 0.0155683
8.35729 0.0154662
8.37622 0.0153648
8.39515 0.0152642
8.41408 0.0151643
8.43301 0.015065
8.45194 0.0149665
8.47087 0.0148687
8.4898 0.0147715
8.50873 0.014675
8.52766 0.0145792
8.54659 0.0144841
8.56552 0.0143896
8.58446 0.0142958
8.60339 0.0142027
8.62232 0.0141102
8.64125 0.0140183
8.66018 0.0139271
8.67911 0.0138366
8.69804 0.0137466
8.71697 0.0136573
8.7359 0.0135686
8.75483 0.0134805
8.77376 0.0133931
8.79269 0.0133062
8.81162 0.0132199
8.83055 0.0131343
8.84948 0.0130492
8.86841 0.0129648
8.88734 0.0128809
8.90627 0.0127976
8.9252 0.0127148
8.94413 0.0126327
8.96306 0.0125511
8.982 0.01247
9.00093 0.0123896
9.01986 0.0123096
9.03879 0.0122303
9.05772 0.0121515
9.07665 0.0120732
9.09558 0.0119954
9.11451 0.0119182
9.13344 0.0118416
9.15237 0.0117654
9.1713 0.0116898
9.19023 0.0116147
9.20916 0.0115401
9.22809 0.011466
9.24702 0.0113924
9.26595 0.0113193
9.28488 0.0112468
9.30381 0.0111747
9.32274 0.0111031
9.34167 0.011032
9.3606 0.0109614
9.37954 0.0108913
9.39847 0.0108216
9.4174 0.0107524
9.43633 0.0106837
9.45526 0.0106155
9.47419 0.0105477
9.49312 0.0104804
9.51205 0.0104135
9.53098 0.0103471
9.54991 0.0102812
9.56884 0.0102156
9.58777 0.0101506
9.6067 0.010086
9.62563 0.0100218
9.64456 0.00995801
9.66349 0.00989469
9.68242 0.00983179
9.70135 0.00976932
9.72028 0.00970727
9.73921 0.00964564
9.75814 0.00958443
9.77707 0.00952362
9.79601 0.00946323
9.81494 0.00940324
9.83387 0.00934366
9.8528 0.00928447
9.87173 0.00922569
9.89066 0.0091673
9.90959 0.0091093
9.92852 0.00905169
9.94745 0.00899446
9.96638 0.00893762
9.98531 0.00888116
10.0042 0.00882508
10.0232 0.00876937
10.0421 0.00871404
10.061 0.00865907
10.08 0.00860448
10.0989 0.00855024
10.1178 0.00849637
10.1368 0.00844286
10.1557 0.00838971
10.1746 0.00833691
10.1935 0.00828446
10.2125 0.00823236
10.2314 0.0081806
10.2503 0.0081292
10.2693 0.00807813
10.2882 0.0080274
10.3071 0.00797701
10.3261 0.00792695
10.345 0.00787723
10.3639 0.00782783
10.3829 0.00777876
10.4018 0.00773002
10.4207 0.0076816
10.4396 0.0076335
10.4586 0.00758572
10.4775 0.00753825
10.4964 0.0074911
10.5154 0.00744426
10.5343 0.00739773
10.5532 0.0073515
10.5722 0.00730558
10.5911 0.00725997
10.61 0.00721465
10.6289 0.00716963
10.6479 0.00712491
10.6668 0.00708048
10.6857 0.00703635
10.7047 0.0069925
10.7236 0.00694894
10.7425 0.00690567
10.7615 0.00686268
10.7804 0.00681998
10.7993 0.00677755
10.8183 0.00673541
10.8372 0.00669354
10.8561 0.00665194
10.875 0.00661061
10.894 0.00656956
10.9129 0.00652878
10.9318 0.00648826
10.9508 0.006448
10.9697 0.00640801
10.9886 0.00636828
11.0076 0.00632881
11.0265 0.0062896
11.0454 0.00625064
11.0643 0.00621193
11.0833 0.00617348
11.1022 0.00613528
11.1211 0.00609733
11.1401 0.00605962
11.159 0.00602216
11.1779 0.00598494
11.1969 0.00594797
11.2158 0.00591123
11.2347 0.00587474
11.2537 0.00583848
11.2726 0.00580245
11.2915 0.00576666
11.3104 0.0057311
11.3294 0.00569577
11.3483 0.00566067
11.3672 0.0056258
11.3862 0.00559115
11.4051 0.00555673
11.424 0.00552252
11.443 0.00548854
11.4619 0.00545478
11.4808 0.00542124
11.4997 0.00538791
11.5187 0.0053548
11.5376 0.0053219
11.5565 0.00528922
11.5755 0.00525674
11.5944 0.00522448
11.6133 0.00519242
11.6323 0.00516057
11.6512 0.00512892
11.6701 0.00509748
11.6891 0.00506623
11.708 0.00503519
11.7269 0.00500435
11.7458 0.00497371
11.7648 0.00494326
11.7837 0.00491301
11.8026 0.00488295
11.8216 0.00485309
11.8405 0.00482341
11.8594 0.00479393
11.8784 0.00476463
11.8973 0.00473552
11.9162 0.0047066
11.9351 0.00467787
11.9541 0.00464931
11.973 0.00462094
11.9919 0.00459275
12.0109 0.00456474
12.0298 0.00453691
12.0487 0.00450926
12.0677 0.00448178
12.0866 0.00445448
12.1055 0.00442735
12.1245 0.0044004
12.1434 0.00437362
12.1623 0.004347
12.1812 0.00432056
12.2002 0.00429428
12.2191 0.00426818
12.238 0.00424223
12.257 0.00421646
12.2759 0.00419084
12.2948 0.00416539
12.3138 0.0041401
12.3327 0.00411497
12.3516 0.00409
12.3705 0.00406519
12.3895 0.00404053
12.4084 0.00401604
12.4273 0.00399169
12.4463 0.0039675
12.4652 0.00394347
12.4841 0.00391958
12.5031 0.00389585
12.522 0.00387227
12.5409 0.00384883
12.5599 0.00382555
12.5788 0.00380241
12.5977 0.00377941
12.6166 0.00375657
12.6356 0.00373386
12.6545 0.0037113
12.6734 0.00368888
12.6924 0.0036666
12.7113 0.00364447
12.7302 0.00362247
12.7492 0.00360061
12.7681 0.00357889
12.787 0.0035573
12.806 0.00353585
12.8249 0.00351454
12.8438 0.00349336
12.8627 0.00347231
12.8817 0.0034514
12.9006 0.00343061
12.9195 0.00340996
12.9385 0.00338943
12.9574 0.00336904
12.9763 0.00334877
12.9953 0.00332863
13.0142 0.00330861
13.0331 0.00328872
13.052 0.00326896
13.071 0.00324932
13.0899 0.0032298
13.1088 0.0032104
13.1278 0.00319113
13.1467 0.00317197
13.1656 0.00315294
13.1846 0.00313402
13.2035 0.00311522
13.2224 0.00309654
13.2414 0.00307798
13.2603 0.00305953
13.2792 0.0030412
13.2981 0.00302298
13.3171 0.00300487
13.336 0.00298688
13.3549 0.002969
13.3739 0.00295123
13.3928 0.00293357
13.4117 0.00291602
13.4307 0.00289858
13.4496 0.00288125
13.4685 0.00286403
13.4874 0.00284691
13.5064 0.0028299
13.5253 0.00281299
13.5442 0.00279619
13.5632 0.0027795
13.5821 0.00276291
13.601 0.00274642
13.62 0.00273003
13.6389 0.00271375
13.6578 0.00269756
13.6768 0.00268148
13.6957 0.00266549
13.7146 0.00264961
13.7335 0.00263382
13.7525 0.00261813
13.7714 0.00260254
13.7903 0.00258704
13.8093 0.00257164
13.8282 0.00255633
13.8471 0.00254112
13.8661 0.00252601
13.885 0.00251098
13.9039 0.00249605
13.9228 0.00248121
13.9418 0.00246646
13.9607 0.00245181
13.9796 0.00243724
13.9986 0.00242277
14.0175 0.00240838
14.0364 0.00239408
14.0554 0.00237987
14.0743 0.00236575
14.0932 0.00235171
14.1122 0.00233776
14.1311 0.0023239
14.15 0.00231012
14.1689 0.00229642
14.1879 0.00228281
14.2068 0.00226929
14.2257 0.00225584
14.2447 0.00224248
14.2636 0.0022292
14.2825 0.00221601
14.3015 0.00220289
14.3204 0.00218986
14.3393 0.0021769
14.3582 0.00216402
14.3772 0.00215122
14.3961 0.00213851
14.415 0.00212586
14.434 0.0021133
14.4529 0.00210081
14.4718 0.0020884
14.4908 0.00207607
14.5097 0.00206381
14.5286 0.00205162
14.5476 0.00203951
14.5665 0.00202748
14.5854 0.00201551
14.6043 0.00200362
14.6233 0.00199181
14.6422 0.00198006
14.6611 0.00196839
14.6801 0.00195679
14.699 0.00194526
14.7179 0.0019338
14.7369 0.0019224
14.7558 0.00191108
14.7747 0.00189983
14.7937 0.00188865
14.8126 0.00187753
14.8315 0.00186648
14.8504 0.0018555
14.8694 0.00184459
14.8883 0.00183374
14.9072 0.00182296
14.9262 0.00181224
14.9451 0.00180159
14.964 0.001791
14.983 0.00178048
15.0019 0.00177002
15.0208 0.00175962
15.0397 0.00174929
15.0587 0.00173902
15.0776 0.00172882
15.0965 0.00171867
15.1155 0.00170859
15.1344 0.00169857
15.1533 0.0016886
15.1723 0.0016787
15.1912 0.00166886
15.2101 0.00165908
15.2291 0.00164936
15.248 0.00163969
15.2669 0.00163009
15.2858 0.00162054
15.3048 0.00161105
15.3237 0.00160162
15.3426 0.00159224
15.3616 0.00158293
15.3805 0.00157366
15.3994 0.00156446
15.4184 0.00155531
15.4373 0.00154621
15.4562 0.00153717
15.4751 0.00152819
15.4941 0.00151925
15.513 0.00151038
15.5319 0.00150155
15.5509 0.00149278
15.5698 0.00148406
15.5887 0.0014754
15.6077 0.00146678
15.6266 0.00145822
15.6455 0.00144971
15.6645 0.00144125
15.6834 0.00143284
15.7023 0.00142449
15.7212 0.00141618
15.7402 0.00140792
15.7591 0.00139972
15.778 0.00139156
15.797 0.00138345
15.8159 0.00137539
15.8348 0.00136738
15.8538 0.00135941
15.8727 0.0013515
15.8916 0.00134363
15.9105 0.00133581
15.9295 0.00132803
15.9484 0.0013203
15.9673 0.00131262
15.9863 0.00130499
16.0052 0.0012974
16.0241 0.00128985
16.0431 0.00128235
16.062 0.0012749
16.0809 0.00126749
16.0999 0.00126012
16.1188 0.0012528
16.1377 0.00124553
16.1566 0.00123829
16.1756 0.0012311
16.1945 0.00122395
16.2134 0.00121685
16.2324 0.00120979
16.2513 0.00120277
16.2702 0.00119579
16.2892 0.00118885
16.3081 0.00118196
16.327 0.0011751
16.3459 0.00116829
16.3649 0.00116152
16.3838 0.00115479
16.4027 0.0011481
16.4217 0.00114144
16.4406 0.00113483
16.4595 0.00112826
16.4785 0.00112173
16.4974 0.00111523
16.5163 0.00110877
16.5353 0.00110236
16.5542 0.00109598
16.5731 0.00108964
16.592 0.00108333
16.611 0.00107707
16.6299 0.00107084
16.6488 0.00106465
16.6678 0.00105849
16.6867 0.00105237
16.7056 0.00104629
16.7246 0.00104025
16.7435 0.00103424
16.7624 0.00102826
16.7814 0.00102232
16.8003 0.00101642
16.8192 0.00101055
16.8381 0.00100472
16.8571 0.000998919
16.876 0.000993155
16.8949 0.000987425
16.9139 0.000981728
16.9328 0.000976066
16.9517 0.000970437
16.9707 0.000964841
16.9896 0.000959279
17.0085 0.000953749
17.0274 0.000948253
17.0464 0.000942788
17.0653 0.000937357
17.0842 0.000931957
17.1032 0.000926589
17.1221 0.000921253
17.141 0.000915949
17.16 0.000910676
17.1789 0.000905434
17.1978 0.000900223
17.2168 0.000895043
17.2357 0.000889894
17.2546 0.000884775
17.2735 0.000879686
17.2925 0.000874627
17.3114 0.000869598
17.3303 0.000864599
17.3493 0.00085963
17.3682 0.000854689
17.3871 0.000849778
17.4061 0.000844896
17.425 0.000840043
17.4439 0.000835218
17.4628 0.000830421
17.4818 0.000825653
17.5007 0.000820913
17.5196 0.000816201
17.5386 0.000811517
17.5575 0.00080686
17.5764 0.000802231
17.5954 0.000797629
17.6143 0.000793054
17.6332 0.000788506
17.6522 0.000783985
17.6711 0.00077949
17.69 0.000775022
17.7089 0.00077058
17.7279 0.000766165
17.7468 0.000761775
17.7657 0.000757411
17.7847 0.000753072
17.8036 0.000748759
17.8225 0.000744472
17.8415 0.000740209
17.8604 0.000735972
17.8793 0.000731759
17.8982 0.000727572
17.9172 0.000723409
17.9361 0.00071927
17.955 0.000715155
17.974 0.000711065
17.9929 0.000706999
18.0118 0.000702956
18.0308 0.000698937
18.0497 0.000694942
