-7.21424 0.00010385
-7.20369 0.000105479
-7.19315 0.000107133
-7.1826 0.000108812
-7.17205 0.000110518
-7.16151 0.00011225
-7.15096 0.00011401
-7.14041 0.000115796
-7.12987 0.000117611
-7.11932 0.000119454
-7.10878 0.000121325
-7.09823 0.000123225
-7.08768 0.000125155
-7.07714 0.000127115
-7.06659 0.000129106
-7.05605 0.000131127
-7.0455 0.00013318
-7.03495 0.000135264
-7.02441 0.000137381
-7.01386 0.000139531
-7.00331 0.000141715
-6.99277 0.000143932
-6.98222 0.000146183
-6.97168 0.00014847
-6.96113 0.000150792
-6.95058 0.00015315
-6.94004 0.000155544
-6.92949 0.000157976
-6.91894 0.000160446
-6.9084 0.000162953
-6.89785 0.0001655
-6.88731 0.000168086
-6.87676 0.000170712
-6.86621 0.000173379
-6.85567 0.000176087
-6.84512 0.000178837
-6.83458 0.00018163
-6.82403 0.000184466
-6.81348 0.000187345
-6.80294 0.00019027
-6.79239 0.000193239
-6.78184 0.000196255
-6.7713 0.000199317
-6.76075 0.000202427
-6.75021 0.000205585
-6.73966 0.000208791
-6.72911 0.000212047
-6.71857 0.000215354
-6.70802 0.000218711
-6.69748 0.000222121
-6.68693 0.000225583
-6.67638 0.000229099
-6.66584 0.000232668
-6.65529 0.000236293
-6.64474 0.000239974
-6.6342 0.000243712
-6.62365 0.000247508
-6.61311 0.000251362
-6.60256 0.000255275
-6.59201 0.000259249
-6.58147 0.000263285
-6.57092 0.000267382
-6.56037 0.000271543
-6.54983 0.000275767
-6.53928 0.000280057
-6.52874 0.000284413
-6.51819 0.000288836
-6.50764 0.000293327
-6.4971 0.000297888
-6.48655 0.000302518
-6.47601 0.00030722
-6.46546 0.000311994
-6.45491 0.000316842
-6.44437 0.000321764
-6.43382 0.000326762
-6.42327 0.000331837
-6.41273 0.00033699
-6.40218 0.000342222
-6.39164 0.000347535
-6.38109 0.000352929
-6.37054 0.000358406
-6.36 0.000363967
-6.34945 0.000369614
-6.33891 0.000375347
-6.32836 0.000381168
-6.31781 0.000387079
-6.30727 0.00039308
-6.29672 0.000399174
-6.28617 0.000405361
-6.27563 0.000411643
-6.26508 0.000418021
-6.25454 0.000424497
-6.24399 0.000431072
-6.23344 0.000437748
-6.2229 0.000444526
-6.21235 0.000451408
-6.2018 0.000458396
-6.19126 0.00046549
-6.18071 0.000472693
-6.17017 0.000480006
-6.15962 0.000487432
-6.14907 0.00049497
-6.13853 0.000502624
-6.12798 0.000510396
-6.11744 0.000518286
-6.10689 0.000526296
-6.09634 0.000534429
-6.0858 0.000542686
-6.07525 0.00055107
-6.0647 0.000559581
-6.05416 0.000568222
-6.04361 0.000576995
-6.03307 0.000585902
-6.02252 0.000594945
-6.01197 0.000604126
-6.00143 0.000613447
-5.99088 0.00062291
-5.98033 0.000632517
-5.96979 0.000642271
-5.95924 0.000652173
-5.9487 0.000662226
-5.93815 0.000672433
-5.9276 0.000682794
-5.91706 0.000693313
-5.90651 0.000703993
-5.89597 0.000714835
-5.88542 0.000725841
-5.87487 0.000737015
-5.86433 0.000748359
-5.85378 0.000759876
-5.84323 0.000771567
-5.83269 0.000783436
-5.82214 0.000795485
-5.8116 0.000807717
-5.80105 0.000820135
-5.7905 0.000832741
-5.77996 0.000845539
-5.76941 0.00085853
-5.75887 0.000871719
-5.74832 0.000885108
-5.73777 0.000898699
-5.72723 0.000912496
-5.71668 0.000926503
-5.70613 0.000940721
-5.69559 0.000955155
-5.68504 0.000969807
-5.6745 0.000984681
-5.66395 0.00099978
-5.6534 0.00101511
-5.64286 0.00103067
-5.63231 0.00104646
-5.62176 0.00106249
-5.61122 0.00107877
-5.60067 0.00109529
-5.59013 0.00111206
-5.57958 0.00112908
-5.56903 0.00114636
-5.55849 0.0011639
-5.54794 0.00118171
-5.5374 0.00119978
-5.52685 0.00121813
-5.5163 0.00123675
-5.50576 0.00125565
-5.49521 0.00127484
-5.48466 0.00129432
-5.47412 0.00131409
-5.46357 0.00133415
-5.45303 0.00135452
-5.44248 0.0013752
-5.43193 0.00139618
-5.42139 0.00141748
-5.41084 0.0014391
-5.4003 0.00146105
-5.38975 0.00148333
-5.3792 0.00150593
-5.36866 0.00152888
-5.35811 0.00155218
-5.34756 0.00157582
-5.33702 0.00159981
-5.32647 0.00162417
-5.31593 0.00164889
-5.30538 0.00167398
-5.29483 0.00169945
-5.28429 0.00172529
-5.27374 0.00175153
-5.26319 0.00177815
-5.25265 0.00180518
-5.2421 0.00183261
-5.23156 0.00186044
-5.22101 0.0018887
-5.21046 0.00191737
-5.19992 0.00194647
-5.18937 0.00197601
-5.17883 0.00200599
-5.16828 0.00203641
-5.15773 0.00206729
-5.14719 0.00209863
-5.13664 0.00213043
-5.12609 0.00216271
-5.11555 0.00219547
-5.105 0.00222871
-5.09446 0.00226245
-5.08391 0.00229669
-5.07336 0.00233144
-5.06282 0.00236671
-5.05227 0.0024025
-5.04173 0.00243882
-5.03118 0.00247568
-5.02063 0.00251308
-5.01009 0.00255104
-4.99954 0.00258957
-4.98899 0.00262866
-4.97845 0.00266833
-4.9679 0.00270859
-4.95736 0.00274944
-4.94681 0.0027909
-4.93626 0.00283297
-4.92572 0.00287567
-4.91517 0.00291899
-4.90462 0.00296295
-4.89408 0.00300757
-4.88353 0.00305284
-4.87299 0.00309877
-4.86244 0.00314539
-4.85189 0.00319269
-4.84135 0.00324069
-4.8308 0.00328939
-4.82026 0.00333882
-4.80971 0.00338896
-4.79916 0.00343985
-4.78862 0.00349148
-4.77807 0.00354387
-4.76752 0.00359703
-4.75698 0.00365097
-4.74643 0.00370571
-4.73589 0.00376124
-4.72534 0.00381759
-4.71479 0.00387476
-4.70425 0.00393277
-4.6937 0.00399163
-4.68316 0.00405135
-4.67261 0.00411195
-4.66206 0.00417342
-4.65152 0.0042358
-4.64097 0.00429909
-4.63042 0.0043633
-4.61988 0.00442845
-4.60933 0.00449454
-4.59879 0.00456161
-4.58824 0.00462964
-4.57769 0.00469867
-4.56715 0.0047687
-4.5566 0.00483975
-4.54605 0.00491183
-4.53551 0.00498496
-4.52496 0.00505915
-4.51442 0.00513442
-4.50387 0.00521078
-4.49332 0.00528825
-4.48278 0.00536683
-4.47223 0.00544656
-4.46169 0.00552744
-4.45114 0.00560949
-4.44059 0.00569273
-4.43005 0.00577716
-4.4195 0.00586282
-4.40895 0.00594972
-4.39841 0.00603786
-4.38786 0.00612728
-4.37732 0.00621799
-4.36677 0.00631
-4.35622 0.00640334
-4.34568 0.00649801
-4.33513 0.00659405
-4.32459 0.00669147
-4.31404 0.00679029
-4.30349 0.00689053
-4.29295 0.0069922
-4.2824 0.00709533
-4.27185 0.00719994
-4.26131 0.00730604
-4.25076 0.00741366
-4.24022 0.00752282
-4.22967 0.00763354
-4.21912 0.00774584
-4.20858 0.00785974
-4.19803 0.00797527
-4.18748 0.00809244
-4.17694 0.00821128
-4.16639 0.00833181
-4.15585 0.00845406
-4.1453 0.00857804
-4.13475 0.00870378
-4.12421 0.00883131
-4.11366 0.00896065
-4.10312 0.00909181
-4.09257 0.00922484
-4.08202 0.00935975
-4.07148 0.00949657
-4.06093 0.00963532
-4.05038 0.00977603
-4.03984 0.00991872
-4.02929 0.0100634
-4.01875 0.0102102
-4.0082 0.010359
-3.99765 0.0105099
-3.98711 0.0106629
-3.97656 0.0108181
-3.96601 0.0109755
-3.95547 0.011135
-3.94492 0.0112968
-3.93438 0.0114609
-3.92383 0.0116272
-3.91328 0.0117959
-3.90274 0.011967
-3.89219 0.0121404
-3.88165 0.0123162
-3.8711 0.0124945
-3.86055 0.0126753
-3.85001 0.0128586
-3.83946 0.0130445
-3.82891 0.0132329
-3.81837 0.0134239
-3.80782 0.0136176
-3.79728 0.013814
-3.78673 0.0140131
-3.77618 0.0142149
-3.76564 0.0144196
-3.75509 0.014627
-3.74455 0.0148373
-3.734 0.0150506
-3.72345 0.0152667
-3.71291 0.0154858
-3.70236 0.015708
-3.69181 0.0159332
-3.68127 0.0161614
-3.67072 0.0163928
-3.66018 0.0166274
-3.64963 0.0168652
-3.63908 0.0171062
-3.62854 0.0173505
-3.61799 0.0175981
-3.60744 0.0178492
-3.5969 0.0181036
-3.58635 0.0183615
-3.57581 0.0186229
-3.56526 0.0188878
-3.55471 0.0191563
-3.54417 0.0194285
-3.53362 0.0197043
-3.52308 0.0199838
-3.51253 0.0202672
-3.50198 0.0205543
-3.49144 0.0208453
-3.48089 0.0211402
-3.47034 0.0214391
-3.4598 0.021742
-3.44925 0.022049
-3.43871 0.02236
-3.42816 0.0226752
-3.41761 0.0229946
-3.40707 0.0233183
-3.39652 0.0236463
-3.38598 0.0239786
-3.37543 0.0243154
-3.36488 0.0246566
-3.35434 0.0250024
-3.34379 0.0253527
-3.33324 0.0257076
-3.3227 0.0260673
-3.31215 0.0264316
-3.30161 0.0268008
-3.29106 0.0271748
-3.28051 0.0275538
-3.26997 0.0279377
-3.25942 0.0283266
-3.24887 0.0287206
-3.23833 0.0291197
-3.22778 0.0295241
-3.21724 0.0299337
-3.20669 0.0303486
-3.19614 0.0307689
-3.1856 0.0311947
-3.17505 0.031626
-3.16451 0.0320628
-3.15396 0.0325053
-3.14341 0.0329535
-3.13287 0.0334074
-3.12232 0.0338672
-3.11177 0.0343328
-3.10123 0.0348044
-3.09068 0.0352821
-3.08014 0.0357658
-3.06959 0.0362557
-3.05904 0.0367518
-3.0485 0.0372542
-3.03795 0.037763
-3.02741 0.0382782
-3.01686 0.0387999
-3.00631 0.0393281
-2.99577 0.0398631
-2.98522 0.0404047
-2.97467 0.0409531
-2.96413 0.0415084
-2.95358 0.0420706
-2.94304 0.0426398
-2.93249 0.0432161
-2.92194 0.0437995
-2.9114 0.0443902
-2.90085 0.0449881
-2.8903 0.0455935
-2.87976 0.0462063
-2.86921 0.0468266
-2.85867 0.0474545
-2.84812 0.0480901
-2.83757 0.0487335
-2.82703 0.0493846
-2.81648 0.0500437
-2.80594 0.0507108
-2.79539 0.051386
-2.78484 0.0520693
-2.7743 0.0527609
-2.76375 0.0534607
-2.7532 0.0541689
-2.74266 0.0548856
-2.73211 0.0556109
-2.72157 0.0563447
-2.71102 0.0570873
-2.70047 0.0578387
-2.68993 0.0585989
-2.67938 0.0593681
-2.66884 0.0601464
-2.65829 0.0609337
-2.64774 0.0617302
-2.6372 0.0625361
-2.62665 0.0633512
-2.6161 0.0641759
-2.60556 0.06501
-2.59501 0.0658538
-2.58447 0.0667072
-2.57392 0.0675704
-2.56337 0.0684435
-2.55283 0.0693265
-2.54228 0.0702195
-2.53173 0.0711226
-2.52119 0.0720359
-2.51064 0.0729595
-2.5001 0.0738934
-2.48955 0.0748378
-2.479 0.0757926
-2.46846 0.076758
-2.45791 0.0777341
-2.44737 0.078721
-2.43682 0.0797187
-2.42627 0.0807272
-2.41573 0.0817468
-2.40518 0.0827774
-2.39463 0.0838192
-2.38409 0.0848722
-2.37354 0.0859365
-2.363 0.0870121
-2.35245 0.0880992
-2.3419 0.0891978
-2.33136 0.0903081
-2.32081 0.0914299
-2.31027 0.0925635
-2.29972 0.093709
-2.28917 0.0948663
-2.27863 0.0960355
-2.26808 0.0972168
-2.25753 0.0984102
-2.24699 0.0996157
-2.23644 0.100833
-2.2259 0.102063
-2.21535 0.103306
-2.2048 0.10456
-2.19426 0.105828
-2.18371 0.107107
-2.17316 0.1084
-2.16262 0.109705
-2.15207 0.111022
-2.14153 0.112353
-2.13098 0.113696
-2.12043 0.115052
-2.10989 0.11642
-2.09934 0.117802
-2.0888 0.119197
-2.07825 0.120605
-2.0677 0.122025
-2.05716 0.123459
-2.04661 0.124906
-2.03606 0.126366
-2.02552 0.127839
-2.01497 0.129326
-2.00443 0.130825
-1.99388 0.132338
-1.98333 0.133864
-1.97279 0.135403
-1.96224 0.136956
-1.95169 0.138522
-1.94115 0.140101
-1.9306 0.141693
-1.92006 0.143299
-1.90951 0.144918
-1.89896 0.14655
-1.88842 0.148196
-1.87787 0.149854
-1.86733 0.151526
-1.85678 0.153211
-1.84623 0.154909
-1.83569 0.156621
-1.82514 0.158345
-1.81459 0.160082
-1.80405 0.161833
-1.7935 0.163596
-1.78296 0.165372
-1.77241 0.167161
-1.76186 0.168963
-1.75132 0.170778
-1.74077 0.172605
-1.73023 0.174444
-1.71968 0.176296
-1.70913 0.178161
-1.69859 0.180037
-1.68804 0.181926
-1.67749 0.183827
-1.66695 0.185739
-1.6564 0.187664
-1.64586 0.1896
-1.63531 0.191547
-1.62476 0.193506
-1.61422 0.195476
-1.60367 0.197457
-1.59312 0.199449
-1.58258 0.201452
-1.57203 0.203465
-1.56149 0.205489
-1.55094 0.207523
-1.54039 0.209567
-1.52985 0.21162
-1.5193 0.213684
-1.50876 0.215756
-1.49821 0.217838
-1.48766 0.219928
-1.47712 0.222027
-1.46657 0.224134
-1.45602 0.22625
-1.44548 0.228373
-1.43493 0.230504
-1.42439 0.232641
-1.41384 0.234786
-1.40329 0.236938
-1.39275 0.239096
-1.3822 0.241259
-1.37166 0.243429
-1.36111 0.245603
-1.35056 0.247783
-1.34002 0.249967
-1.32947 0.252155
-1.31892 0.254347
-1.30838 0.256543
-1.29783 0.258741
-1.28729 0.260942
-1.27674 0.263145
-1.26619 0.26535
-1.25565 0.267556
-1.2451 0.269763
-1.23455 0.27197
-1.22401 0.274177
-1.21346 0.276384
-1.20292 0.278589
-1.19237 0.280793
-1.18182 0.282994
-1.17128 0.285193
-1.16073 0.287388
-1.15019 0.28958
-1.13964 0.291768
-1.12909 0.29395
-1.11855 0.296127
-1.108 0.298298
-1.09745 0.300462
-1.08691 0.302619
-1.07636 0.304768
-1.06582 0.306908
-1.05527 0.309039
-1.04472 0.311161
-1.03418 0.313272
-1.02363 0.315371
-1.01309 0.317459
-1.00254 0.319534
-0.991993 0.321596
-0.981447 0.323644
-0.9709 0.325678
-0.960354 0.327696
-0.949808 0.329697
-0.939262 0.331683
-0.928716 0.33365
-0.91817 0.335599
-0.907623 0.337529
-0.897077 0.33944
-0.886531 0.341329
-0.875985 0.343198
-0.865439 0.345044
-0.854892 0.346867
-0.844346 0.348666
-0.8338 0.350441
-0.823254 0.352191
-0.812708 0.353915
-0.802162 0.355611
-0.791615 0.35728
-0.781069 0.358921
-0.770523 0.360532
-0.759977 0.362113
-0.749431 0.363663
-0.738884 0.365182
-0.728338 0.366668
-0.717792 0.368121
-0.707246 0.36954
-0.6967 0.370924
-0.686154 0.372272
-0.675607 0.373584
-0.665061 0.374858
-0.654515 0.376095
-0.643969 0.377293
-0.633423 0.378452
-0.622877 0.37957
-0.61233 0.380647
-0.601784 0.381683
-0.591238 0.382677
-0.580692 0.383627
-0.570146 0.384533
-0.559599 0.385395
-0.549053 0.386213
-0.538507 0.386984
-0.527961 0.387709
-0.517415 0.388387
-0.506869 0.389017
-0.496322 0.389599
-0.485776 0.390133
-0.47523 0.390617
-0.464684 0.391051
-0.454138 0.391436
-0.443592 0.391769
-0.433045 0.392051
-0.422499 0.392282
-0.411953 0.39246
-0.401407 0.392586
-0.390861 0.39266
-0.380314 0.39268
-0.369768 0.392646
-0.359222 0.392559
-0.348676 0.392419
-0.33813 0.392223
-0.327584 0.391974
-0.317037 0.39167
-0.306491 0.391311
-0.295945 0.390898
-0.285399 0.390429
-0.274853 0.389906
-0.264306 0.389328
-0.25376 0.388695
-0.243214 0.388007
-0.232668 0.387265
-0.222122 0.386467
-0.211576 0.385616
-0.201029 0.38471
-0.190483 0.38375
-0.179937 0.382736
-0.169391 0.381668
-0.158845 0.380548
-0.148299 0.379374
-0.137752 0.378148
-0.127206 0.37687
-0.11666 0.37554
-0.106114 0.374159
-0.0955676 0.372727
-0.0850215 0.371245
-0.0744753 0.369713
-0.0639291 0.368133
-0.0533829 0.366504
-0.0428368 0.364827
-0.0322906 0.363104
-0.0217444 0.361334
-0.0111982 0.359518
-0.000652038 0.357658
0.00989414 0.355753
0.0204403 0.353805
0.0309865 0.351815
0.0415327 0.349783
0.0520789 0.347711
0.062625 0.345599
0.0731712 0.343448
0.0837174 0.341259
0.0942636 0.339033
0.10481 0.336771
0.115356 0.334475
0.125902 0.332144
0.136448 0.32978
0.146994 0.327385
0.157541 0.324958
0.168087 0.322502
0.178633 0.320017
0.189179 0.317505
0.199725 0.314965
0.210272 0.312401
0.220818 0.309812
0.231364 0.3072
0.24191 0.304565
0.252456 0.30191
0.263002 0.299234
0.273549 0.29654
0.284095 0.293828
0.294641 0.291099
0.305187 0.288355
0.315733 0.285597
0.326279 0.282825
0.336826 0.280041
0.347372 0.277245
0.357918 0.27444
0.368464 0.271626
0.37901 0.268804
0.389557 0.265974
0.400103 0.263139
0.410649 0.2603
0.421195 0.257456
0.431741 0.254609
0.442287 0.251761
0.452834 0.248912
0.46338 0.246063
0.473926 0.243215
0.484472 0.240369
0.495018 0.237526
0.505565 0.234686
0.516111 0.231852
0.526657 0.229023
0.537203 0.2262
0.547749 0.223384
0.558295 0.220576
0.568842 0.217777
0.579388 0.214988
0.589934 0.212208
0.60048 0.20944
0.611026 0.206684
0.621572 0.203939
0.632119 0.201208
0.642665 0.198491
0.653211 0.195788
0.663757 0.193099
0.674303 0.190426
0.68485 0.18777
0.695396 0.185129
0.705942 0.182506
0.716488 0.179901
0.727034 0.177313
0.73758 0.174744
0.748127 0.172194
0.758673 0.169664
0.769219 0.167153
0.779765 0.164662
0.790311 0.162192
0.800857 0.159743
0.811404 0.157315
0.82195 0.154908
0.832496 0.152523
0.843042 0.150161
0.853588 0.14782
0.864135 0.145502
0.874681 0.143207
0.885227 0.140935
0.895773 0.138686
0.906319 0.136461
0.916865 0.134258
0.927412 0.13208
0.937958 0.129925
0.948504 0.127794
0.95905 0.125687
0.969596 0.123604
0.980143 0.121545
0.990689 0.11951
1.00123 0.117499
1.01178 0.115512
1.02233 0.11355
1.03287 0.111612
1.04342 0.109698
1.05397 0.107808
1.06451 0.105943
1.07506 0.104101
1.0856 0.102284
1.09615 0.10049
1.1067 0.0987206
1.11724 0.096975
1.12779 0.0952531
1.13834 0.0935548
1.14888 0.0918802
1.15943 0.090229
1.16997 0.0886011
1.18052 0.0869964
1.19107 0.0854148
1.20161 0.0838562
1.21216 0.0823203
1.2227 0.0808071
1.23325 0.0793164
1.2438 0.077848
1.25434 0.0764017
1.26489 0.0749775
1.27544 0.073575
1.28598 0.0721942
1.29653 0.0708348
1.30707 0.0694967
1.31762 0.0681796
1.32817 0.0668835
1.33871 0.0656079
1.34926 0.0643529
1.3598 0.0631181
1.37035 0.0619034
1.3809 0.0607086
1.39144 0.0595334
1.40199 0.0583776
1.41254 0.057241
1.42308 0.0561235
1.43363 0.0550247
1.44417 0.0539445
1.45472 0.0528827
1.46527 0.051839
1.47581 0.0508132
1.48636 0.0498051
1.49691 0.0488145
1.50745 0.0478412
1.518 0.0468849
1.52854 0.0459454
1.53909 0.0450225
1.54964 0.0441159
1.56018 0.0432255
1.57073 0.0423511
1.58127 0.0414924
1.59182 0.0406491
1.60237 0.0398212
1.61291 0.0390083
1.62346 0.0382103
1.63401 0.0374269
1.64455 0.0366579
1.6551 0.0359031
1.66564 0.0351624
1.67619 0.0344354
1.68674 0.033722
1.69728 0.033022
1.70783 0.0323351
1.71837 0.0316613
1.72892 0.0310002
1.73947 0.0303516
1.75001 0.0297155
1.76056 0.0290915
1.77111 0.0284794
1.78165 0.0278792
1.7922 0.0272905
1.80274 0.0267133
1.81329 0.0261473
1.82384 0.0255923
1.83438 0.0250481
1.84493 0.0245147
1.85548 0.0239917
1.86602 0.023479
1.87657 0.0229764
1.88711 0.0224838
1.89766 0.022001
1.90821 0.0215279
1.91875 0.0210641
1.9293 0.0206097
1.93984 0.0201644
1.95039 0.019728
1.96094 0.0193005
1.97148 0.0188816
1.98203 0.0184712
1.99258 0.0180691
2.00312 0.0176752
2.01367 0.0172894
2.02421 0.0169114
2.03476 0.0165412
2.04531 0.0161787
2.05585 0.0158235
2.0664 0.0154758
2.07695 0.0151352
2.08749 0.0148016
2.09804 0.014475
2.10858 0.0141552
2.11913 0.0138421
2.12968 0.0135355
2.14022 0.0132353
2.15077 0.0129415
2.16131 0.0126538
2.17186 0.0123721
2.18241 0.0120964
2.19295 0.0118265
2.2035 0.0115624
2.21405 0.0113038
2.22459 0.0110508
2.23514 0.0108031
2.24568 0.0105607
2.25623 0.0103235
2.26678 0.0100913
2.27732 0.00986417
2.28787 0.00964188
2.29841 0.00942436
2.30896 0.00921154
2.31951 0.0090033
2.33005 0.00879956
2.3406 0.00860022
2.35115 0.00840521
2.36169 0.00821443
2.37224 0.00802779
2.38278 0.00784522
2.39333 0.00766663
2.40388 0.00749193
2.41442 0.00732106
2.42497 0.00715392
2.43552 0.00699045
2.44606 0.00683056
2.45661 0.00667419
2.46715 0.00652126
2.4777 0.00637171
2.48825 0.00622545
2.49879 0.00608242
2.50934 0.00594256
2.51988 0.0058058
2.53043 0.00567207
2.54098 0.00554131
2.55152 0.00541346
2.56207 0.00528845
2.57262 0.00516623
2.58316 0.00504674
2.59371 0.00492992
2.60425 0.00481571
2.6148 0.00470405
2.62535 0.00459491
2.63589 0.00448821
2.64644 0.00438391
2.65698 0.00428195
2.66753 0.00418229
2.67808 0.00408488
2.68862 0.00398966
2.69917 0.0038966
2.70972 0.00380564
2.72026 0.00371674
2.73081 0.00362986
2.74135 0.00354494
2.7519 0.00346195
2.76245 0.00338085
2.77299 0.0033016
2.78354 0.00322415
2.79409 0.00314847
2.80463 0.00307451
2.81518 0.00300224
2.82572 0.00293162
2.83627 0.00286262
2.84682 0.0027952
2.85736 0.00272933
2.86791 0.00266496
2.87845 0.00260208
2.889 0.00254064
2.89955 0.00248061
2.91009 0.00242197
2.92064 0.00236468
2.93119 0.0023087
2.94173 0.00225402
2.95228 0.00220061
2.96282 0.00214843
2.97337 0.00209745
2.98392 0.00204766
2.99446 0.00199902
3.00501 0.00195151
3.01555 0.0019051
3.0261 0.00185977
3.03665 0.00181549
3.04719 0.00177225
3.05774 0.00173001
3.06829 0.00168875
3.07883 0.00164846
3.08938 0.00160911
3.09992 0.00157068
3.11047 0.00153314
3.12102 0.00149648
3.13156 0.00146068
3.14211 0.00142572
3.15266 0.00139158
3.1632 0.00135824
3.17375 0.00132568
3.18429 0.00129389
3.19484 0.00126284
3.20539 0.00123253
3.21593 0.00120292
3.22648 0.00117402
3.23702 0.00114579
3.24757 0.00111823
3.25812 0.00109132
3.26866 0.00106505
3.27921 0.0010394
3.28976 0.00101435
3.3003 0.000989896
3.31085 0.00096602
3.32139 0.00094271
