0.907977 0.00524025
1.03473 0.00624381
1.16148 0.0072576
1.28822 0.00826706
1.41497 0.0092615
1.54172 0.0102334
1.66847 0.0111776
1.79522 0.0120909
1.92197 0.0129712
2.04872 0.0138178
2.17547 0.0146302
2.30222 0.0154088
2.42897 0.0161541
2.55571 0.0168671
2.68246 0.0175486
2.80921 0.0181997
2.93596 0.0188216
3.06271 0.0194154
3.18946 0.0199822
3.31621 0.0205232
3.44296 0.0210394
3.56971 0.021532
3.69646 0.0220019
3.8232 0.0224501
3.94995 0.0228775
4.0767 0.023285
4.20345 0.0236736
4.3302 0.0240439
4.45695 0.0243967
4.5837 0.0247329
4.71045 0.025053
4.8372 0.0253578
4.96395 0.0256478
5.0907 0.0259237
5.21744 0.026186
5.34419 0.0264352
5.47094 0.026672
5.59769 0.0268967
5.72444 0.0271098
5.85119 0.0273117
5.97794 0.027503
6.10469 0.0276839
6.23144 0.0278549
6.35819 0.0280163
6.48493 0.0281685
6.61168 0.0283119
6.73843 0.0284466
6.86518 0.0285731
6.99193 0.0286916
7.11868 0.0288024
7.24543 0.0289058
7.37218 0.029002
7.49893 0.0290913
7.62568 0.029174
7.75243 0.0292501
7.87917 0.02932
8.00592 0.0293839
8.13267 0.0294419
8.25942 0.0294943
8.38617 0.0295412
8.51292 0.0295828
8.63967 0.0296194
8.76642 0.029651
8.89317 0.0296778
9.01992 0.0297
9.14666 0.0297177
9.27341 0.0297311
9.40016 0.0297402
9.52691 0.0297454
9.65366 0.0297465
9.78041 0.0297439
9.90716 0.0297376
10.0339 0.0297277
10.1607 0.0297143
10.2874 0.0296976
10.4142 0.0296777
10.5409 0.0296546
10.6677 0.0296284
10.7944 0.0295993
10.9212 0.0295674
11.0479 0.0295326
11.1746 0.0294952
11.3014 0.0294552
11.4281 0.0294127
11.5549 0.0293677
11.6816 0.0293204
11.8084 0.0292708
11.9351 0.029219
12.0619 0.029165
12.1886 0.0291089
12.3154 0.0290509
12.4421 0.0289909
12.5689 0.028929
12.6956 0.0288653
12.8224 0.0287998
12.9491 0.0287326
13.0759 0.0286638
13.2026 0.0285933
13.3294 0.0285213
13.4561 0.0284479
13.5829 0.0283729
13.7096 0.0282966
13.8364 0.028219
13.9631 0.02814
14.0899 0.0280598
14.2166 0.0279783
14.3434 0.0278957
14.4701 0.0278119
14.5969 0.0277271
14.7236 0.0276412
14.8504 0.0275543
14.9771 0.0274664
15.1039 0.0273775
15.2306 0.0272878
15.3574 0.0271971
15.4841 0.0271057
15.6109 0.0270134
15.7376 0.0269203
15.8644 0.0268265
15.9911 0.026732
16.1179 0.0266368
16.2446 0.0265409
16.3714 0.0264444
16.4981 0.0263473
16.6249 0.0262496
16.7516 0.0261514
16.8784 0.0260526
17.0051 0.0259533
17.1319 0.0258536
17.2586 0.0257533
17.3854 0.0256527
17.5121 0.0255516
17.6388 0.0254502
17.7656 0.0253483
17.8923 0.0252461
18.0191 0.0251436
18.1458 0.0250408
18.2726 0.0249377
18.3993 0.0248343
18.5261 0.0247307
18.6528 0.0246268
18.7796 0.0245227
18.9063 0.0244184
19.0331 0.0243139
19.1598 0.0242092
19.2866 0.0241043
19.4133 0.0239994
19.5401 0.0238943
19.6668 0.0237891
19.7936 0.0236837
19.9203 0.0235784
20.0471 0.0234729
20.1738 0.0233673
20.3006 0.0232618
20.4273 0.0231562
20.5541 0.0230505
20.6808 0.0229449
20.8076 0.0228392
20.9343 0.0227336
21.0611 0.022628
21.1878 0.0225224
21.3146 0.0224169
21.4413 0.0223114
21.5681 0.022206
21.6948 0.0221006
21.8216 0.0219954
21.9483 0.0218902
22.0751 0.0217851
22.2018 0.0216802
22.3286 0.0215753
22.4553 0.0214706
22.5821 0.021366
22.7088 0.0212616
22.8356 0.0211573
22.9623 0.0210531
23.0891 0.0209492
23.2158 0.0208454
23.3426 0.0207417
23.4693 0.0206383
23.5961 0.020535
23.7228 0.020432
23.8496 0.0203291
23.9763 0.0202265
24.1031 0.020124
24.2298 0.0200218
24.3565 0.0199198
24.4833 0.0198181
24.61 0.0197165
24.7368 0.0196152
24.8635 0.0195142
24.9903 0.0194134
25.117 0.0193129
25.2438 0.0192126
25.3705 0.0191126
25.4973 0.0190128
25.624 0.0189133
25.7508 0.0188141
25.8775 0.0187152
26.0043 0.0186166
26.131 0.0185182
26.2578 0.0184202
26.3845 0.0183224
26.5113 0.0182249
26.638 0.0181277
26.7648 0.0180309
26.8915 0.0179343
27.0183 0.0178381
27.145 0.0177421
27.2718 0.0176465
27.3985 0.0175512
27.5253 0.0174562
27.652 0.0173615
27.7788 0.0172671
27.9055 0.0171731
28.0323 0.0170794
28.159 0.0169861
28.2858 0.016893
28.4125 0.0168003
28.5393 0.016708
28.666 0.0166159
28.7928 0.0165243
28.9195 0.0164329
29.0463 0.0163419
29.173 0.0162512
29.2998 0.0161609
29.4265 0.016071
29.5533 0.0159813
29.68 0.0158921
29.8068 0.0158032
29.9335 0.0157146
30.0603 0.0156264
30.187 0.0155385
30.3138 0.015451
30.4405 0.0153638
30.5673 0.0152771
30.694 0.0151906
30.8207 0.0151045
30.9475 0.0150188
31.0742 0.0149334
31.201 0.0148484
31.3277 0.0147638
31.4545 0.0146795
31.5812 0.0145956
31.708 0.014512
31.8347 0.0144288
31.9615 0.014346
32.0882 0.0142635
32.215 0.0141814
32.3417 0.0140996
32.4685 0.0140182
32.5952 0.0139372
32.722 0.0138565
32.8487 0.0137762
32.9755 0.0136963
33.1022 0.0136167
33.229 0.0135375
33.3557 0.0134586
33.4825 0.0133802
33.6092 0.013302
33.736 0.0132243
33.8627 0.0131469
33.9895 0.0130698
34.1162 0.0129931
34.243 0.0129168
34.3697 0.0128408
34.4965 0.0127652
34.6232 0.01269
34.75 0.0126151
34.8767 0.0125406
35.0035 0.0124664
35.1302 0.0123926
35.257 0.0123192
35.3837 0.0122461
35.5105 0.0121733
35.6372 0.012101
35.764 0.0120289
35.8907 0.0119573
36.0175 0.0118859
36.1442 0.011815
36.271 0.0117444
36.3977 0.0116741
36.5245 0.0116042
36.6512 0.0115346
36.778 0.0114654
36.9047 0.0113966
37.0315 0.011328
37.1582 0.0112599
37.285 0.0111921
37.4117 0.0111246
37.5384 0.0110574
37.6652 0.0109907
37.7919 0.0109242
37.9187 0.0108581
38.0454 0.0107923
38.1722 0.0107269
38.2989 0.0106618
38.4257 0.0105971
38.5524 0.0105327
38.6792 0.0104686
38.8059 0.0104049
38.9327 0.0103415
39.0594 0.0102784
39.1862 0.0102157
39.3129 0.0101533
39.4397 0.0100912
39.5664 0.0100294
39.6932 0.00996802
39.8199 0.00990693
39.9467 0.00984616
40.0734 0.00978572
40.2002 0.0097256
40.3269 0.00966581
40.4537 0.00960634
40.5804 0.00954719
40.7072 0.00948835
40.8339 0.00942984
40.9607 0.00937164
41.0874 0.00931376
41.2142 0.00925619
41.3409 0.00919894
41.4677 0.009142
41.5944 0.00908537
41.7212 0.00902906
41.8479 0.00897305
41.9747 0.00891735
42.1014 0.00886195
42.2282 0.00880687
42.3549 0.00875208
42.4817 0.0086976
42.6084 0.00864343
42.7352 0.00858955
42.8619 0.00853597
42.9887 0.00848269
43.1154 0.00842971
43.2422 0.00837703
43.3689 0.00832464
43.4957 0.00827254
43.6224 0.00822074
43.7492 0.00816923
43.8759 0.00811801
44.0026 0.00806707
44.1294 0.00801643
44.2561 0.00796607
44.3829 0.007916
44.5096 0.00786621
44.6364 0.0078167
44.7631 0.00776748
44.8899 0.00771853
45.0166 0.00766987
45.1434 0.00762148
45.2701 0.00757337
45.3969 0.00752554
45.5236 0.00747798
45.6504 0.0074307
45.7771 0.00738368
45.9039 0.00733694
46.0306 0.00729046
46.1574 0.00724426
46.2841 0.00719832
46.4109 0.00715265
46.5376 0.00710724
46.6644 0.0070621
46.7911 0.00701721
46.9179 0.00697259
47.0446 0.00692823
47.1714 0.00688413
47.2981 0.00684028
47.4249 0.0067967
47.5516 0.00675336
47.6784 0.00671028
47.8051 0.00666745
47.9319 0.00662488
48.0586 0.00658255
48.1854 0.00654047
48.3121 0.00649865
48.4389 0.00645706
48.5656 0.00641573
48.6924 0.00637463
48.8191 0.00633378
48.9459 0.00629317
49.0726 0.00625281
49.1994 0.00621268
49.3261 0.00617279
49.4529 0.00613314
49.5796 0.00609372
49.7064 0.00605454
49.8331 0.00601559
49.9599 0.00597687
50.0866 0.00593839
50.2134 0.00590014
50.3401 0.00586211
50.4668 0.00582431
50.5936 0.00578674
50.7203 0.0057494
50.8471 0.00571227
50.9738 0.00567538
51.1006 0.0056387
51.2273 0.00560225
51.3541 0.00556601
51.4808 0.00552999
51.6076 0.00549419
51.7343 0.00545861
51.8611 0.00542324
51.9878 0.00538809
52.1146 0.00535315
52.2413 0.00531842
52.3681 0.00528391
52.4948 0.0052496
52.6216 0.0052155
52.7483 0.00518161
52.8751 0.00514792
53.0018 0.00511444
53.1286 0.00508117
53.2553 0.00504809
53.3821 0.00501522
53.5088 0.00498256
53.6356 0.00495009
53.7623 0.00491782
53.8891 0.00488574
54.0158 0.00485387
54.1426 0.00482219
54.2693 0.0047907
54.3961 0.00475941
54.5228 0.00472831
54.6496 0.0046974
54.7763 0.00466668
54.9031 0.00463615
55.0298 0.00460581
55.1566 0.00457566
55.2833 0.00454569
55.4101 0.00451591
55.5368 0.00448632
55.6636 0.0044569
55.7903 0.00442767
55.9171 0.00439862
56.0438 0.00436975
56.1706 0.00434106
56.2973 0.00431255
56.4241 0.00428421
56.5508 0.00425606
56.6776 0.00422807
56.8043 0.00420026
56.9311 0.00417263
57.0578 0.00414516
57.1845 0.00411787
57.3113 0.00409075
57.438 0.0040638
57.5648 0.00403702
57.6915 0.0040104
57.8183 0.00398395
57.945 0.00395767
58.0718 0.00393155
58.1985 0.00390559
58.3253 0.0038798
58.452 0.00385417
58.5788 0.0038287
58.7055 0.00380339
58.8323 0.00377824
58.959 0.00375325
59.0858 0.00372842
59.2125 0.00370374
59.3393 0.00367922
59.466 0.00365485
59.5928 0.00363064
59.7195 0.00360658
59.8463 0.00358267
59.973 0.00355891
60.0998 0.00353531
60.2265 0.00351185
60.3533 0.00348854
60.48 0.00346538
60.6068 0.00344237
60.7335 0.0034195
60.8603 0.00339677
60.987 0.0033742
61.1138 0.00335176
61.2405 0.00332947
61.3673 0.00330732
61.494 0.00328531
61.6208 0.00326344
61.7475 0.00324171
61.8743 0.00322012
62.001 0.00319866
62.1278 0.00317735
62.2545 0.00315617
62.3813 0.00313512
62.508 0.00311421
62.6348 0.00309343
62.7615 0.00307279
62.8883 0.00305227
63.015 0.00303189
63.1418 0.00301164
63.2685 0.00299152
63.3953 0.00297153
63.522 0.00295167
63.6487 0.00293193
63.7755 0.00291232
63.9022 0.00289284
64.029 0.00287348
64.1557 0.00285425
64.2825 0.00283514
64.4092 0.00281615
64.536 0.00279728
64.6627 0.00277854
64.7895 0.00275992
64.9162 0.00274142
65.043 0.00272303
65.1697 0.00270477
65.2965 0.00268662
65.4232 0.00266859
65.55 0.00265068
65.6767 0.00263288
65.8035 0.0026152
65.9302 0.00259763
66.057 0.00258018
66.1837 0.00256284
66.3105 0.00254561
66.4372 0.00252849
66.564 0.00251149
66.6907 0.00249459
66.8175 0.00247781
66.9442 0.00246113
67.071 0.00244456
67.1977 0.0024281
67.3245 0.00241175
67.4512 0.0023955
67.578 0.00237936
67.7047 0.00236332
67.8315 0.00234739
67.9582 0.00233156
68.085 0.00231583
68.2117 0.00230021
68.3385 0.00228469
68.4652 0.00226927
68.592 0.00225395
68.7187 0.00223873
68.8455 0.00222361
68.9722 0.00220858
69.099 0.00219366
69.2257 0.00217884
69.3525 0.00216411
69.4792 0.00214947
69.606 0.00213494
69.7327 0.0021205
69.8595 0.00210615
69.9862 0.0020919
70.1129 0.00207774
70.2397 0.00206367
70.3664 0.00204969
70.4932 0.00203581
70.6199 0.00202202
70.7467 0.00200832
70.8734 0.00199471
71.0002 0.00198118
71.1269 0.00196775
71.2537 0.00195441
71.3804 0.00194115
71.5072 0.00192798
71.6339 0.0019149
71.7607 0.0019019
71.8874 0.00188899
72.0142 0.00187616
72.1409 0.00186342
72.2677 0.00185076
72.3944 0.00183819
72.5212 0.00182569
72.6479 0.00181329
72.7747 0.00180096
72.9014 0.00178871
73.0282 0.00177655
73.1549 0.00176446
73.2817 0.00175246
73.4084 0.00174053
73.5352 0.00172869
73.6619 0.00171692
73.7887 0.00170523
73.9154 0.00169361
74.0422 0.00168208
74.1689 0.00167062
74.2957 0.00165923
74.4224 0.00164793
74.5492 0.00163669
74.6759 0.00162553
74.8027 0.00161445
74.9294 0.00160344
75.0562 0.0015925
75.1829 0.00158163
75.3097 0.00157084
75.4364 0.00156012
75.5632 0.00154947
75.6899 0.00153889
75.8167 0.00152838
75.9434 0.00151794
76.0702 0.00150757
76.1969 0.00149727
76.3237 0.00148703
76.4504 0.00147687
76.5772 0.00146677
76.7039 0.00145674
76.8306 0.00144678
76.9574 0.00143688
77.0841 0.00142705
77.2109 0.00141729
77.3376 0.00140759
77.4644 0.00139795
77.5911 0.00138838
77.7179 0.00137887
77.8446 0.00136943
77.9714 0.00136005
78.0981 0.00135073
78.2249 0.00134148
78.3516 0.00133228
78.4784 0.00132315
78.6051 0.00131408
78.7319 0.00130507
78.8586 0.00129612
78.9854 0.00128723
79.1121 0.0012784
79.2389 0.00126963
79.3656 0.00126092
79.4924 0.00125226
79.6191 0.00124367
79.7459 0.00123513
79.8726 0.00122665
79.9994 0.00121822
80.1261 0.00120985
80.2529 0.00120154
80.3796 0.00119329
80.5064 0.00118508
80.6331 0.00117694
80.7599 0.00116885
80.8866 0.00116081
81.0134 0.00115283
81.1401 0.0011449
81.2669 0.00113702
81.3936 0.0011292
81.5204 0.00112143
81.6471 0.00111371
81.7739 0.00110605
81.9006 0.00109843
82.0274 0.00109087
82.1541 0.00108336
82.2809 0.0010759
82.4076 0.00106849
82.5344 0.00106113
82.6611 0.00105381
82.7879 0.00104655
82.9146 0.00103934
83.0414 0.00103217
83.1681 0.00102506
83.2948 0.00101799
83.4216 0.00101097
83.5483 0.001004
83.6751 0.00099707
83.8018 0.00099019
83.9286 0.000983357
84.0553 0.000976571
84.1821 0.00096983
84.3088 0.000963135
84.4356 0.000956485
84.5623 0.00094988
84.6891 0.000943319
84.8158 0.000936803
84.9426 0.000930332
85.0693 0.000923904
85.1961 0.000917519
85.3228 0.000911178
85.4496 0.000904879
85.5763 0.000898624
85.7031 0.00089241
85.8298 0.000886239
85.9566 0.00088011
86.0833 0.000874022
86.2101 0.000867975
86.3368 0.00086197
86.4636 0.000856005
86.5903 0.000850081
86.7171 0.000844197
86.8438 0.000838353
86.9706 0.000832548
87.0973 0.000826783
87.2241 0.000821057
87.3508 0.00081537
87.4776 0.000809722
87.6043 0.000804112
87.7311 0.00079854
87.8578 0.000793006
87.9846 0.00078751
88.1113 0.000782051
88.2381 0.000776629
88.3648 0.000771244
88.4916 0.000765896
88.6183 0.000760584
88.7451 0.000755308
88.8718 0.000750069
88.9986 0.000744864
89.1253 0.000739696
89.2521 0.000734562
89.3788 0.000729464
89.5056 0.0007244
89.6323 0.000719371
89.7591 0.000714376
89.8858 0.000709415
90.0125 0.000704488
90.1393 0.000699595
90.266 0.000694735
90.3928 0.000689908
90.5195 0.000685114
90.6463 0.000680353
90.773 0.000675624
90.8998 0.000670928
91.0265 0.000666264
91.1533 0.000661631
91.28 0.000657031
91.4068 0.000652461
91.5335 0.000647923
91.6603 0.000643416
91.787 0.00063894
91.9138 0.000634494
92.0405 0.000630079
92.1673 0.000625694
92.294 0.000621339
92.4208 0.000617014
92.5475 0.000612718
92.6743 0.000608452
92.801 0.000604215
92.9278 0.000600007
93.0545 0.000595828
93.1813 0.000591677
93.308 0.000587555
93.4348 0.000583461
93.5615 0.000579396
93.6883 0.000575358
93.815 0.000571348
93.9418 0.000567365
94.0685 0.000563409
94.1953 0.000559481
94.322 0.00055558
94.4488 0.000551705
94.5755 0.000547857
94.7023 0.000544036
94.829 0.00054024
94.9558 0.000536471
95.0825 0.000532728
95.2093 0.00052901
95.336 0.000525318
95.4628 0.000521651
95.5895 0.00051801
95.7163 0.000514393
95.843 0.000510801
95.9698 0.000507234
96.0965 0.000503692
96.2233 0.000500174
96.35 0.00049668
96.4767 0.00049321
96.6035 0.000489764
96.7302 0.000486342
96.857 0.000482943
96.9837 0.000479568
97.1105 0.000476216
97.2372 0.000472887
97.364 0.000469581
97.4907 0.000466297
97.6175 0.000463037
97.7442 0.000459798
97.871 0.000456582
97.9977 0.000453389
98.1245 0.000450217
98.2512 0.000447067
98.378 0.000443939
98.5047 0.000440832
98.6315 0.000437747
98.7582 0.000434683
98.885 0.00043164
99.0117 0.000428619
99.1385 0.000425618
99.2652 0.000422637
99.392 0.000419678
99.5187 0.000416739
99.6455 0.00041382
99.7722 0.000410921
99.899 0.000408042
100.026 0.000405183
100.152 0.000402344
100.279 0.000399525
100.406 0.000396725
100.533 0.000393944
100.659 0.000391183
100.786 0.00038844
100.913 0.000385717
101.04 0.000383012
101.166 0.000380326
101.293 0.000377659
101.42 0.00037501
101.547 0.00037238
101.673 0.000369768
101.8 0.000367173
101.927 0.000364597
102.054 0.000362039
102.18 0.000359498
102.307 0.000356975
102.434 0.000354469
102.561 0.000351981
102.687 0.00034951
102.814 0.000347056
102.941 0.000344619
103.068 0.000342199
103.194 0.000339796
103.321 0.000337409
103.448 0.000335039
103.575 0.000332685
103.701 0.000330348
103.828 0.000328027
103.955 0.000325722
104.082 0.000323433
104.208 0.00032116
104.335 0.000318902
104.462 0.00031666
104.589 0.000314434
104.715 0.000312224
104.842 0.000310028
104.969 0.000307848
105.096 0.000305683
105.222 0.000303533
105.349 0.000301398
105.476 0.000299278
105.603 0.000297173
105.729 0.000295082
105.856 0.000293005
105.983 0.000290944
106.11 0.000288896
106.236 0.000286863
106.363 0.000284844
106.49 0.000282838
106.617 0.000280847
106.743 0.00027887
106.87 0.000276906
106.997 0.000274956
107.124 0.00027302
107.25 0.000271097
107.377 0.000269188
107.504 0.000267291
107.631 0.000265408
107.757 0.000263538
107.884 0.000261682
108.011 0.000259838
108.138 0.000258006
108.264 0.000256188
108.391 0.000254382
108.518 0.000252589
108.645 0.000250809
108.771 0.00024904
108.898 0.000247284
109.025 0.000245541
109.152 0.000243809
109.278 0.00024209
109.405 0.000240382
109.532 0.000238687
109.659 0.000237003
109.785 0.000235331
109.912 0.000233671
110.039 0.000232022
110.166 0.000230385
110.292 0.000228759
110.419 0.000227144
110.546 0.000225541
110.673 0.000223949
110.799 0.000222368
110.926 0.000220798
111.053 0.000219239
111.18 0.000217691
111.306 0.000216154
111.433 0.000214628
111.56 0.000213112
111.687 0.000211607
111.813 0.000210112
111.94 0.000208628
112.067 0.000207154
112.194 0.00020569
112.32 0.000204237
112.447 0.000202793
112.574 0.00020136
112.701 0.000199937
112.827 0.000198524
112.954 0.000197121
113.081 0.000195727
113.208 0.000194344
113.334 0.000192969
113.461 0.000191605
113.588 0.00019025
113.715 0.000188905
113.841 0.000187569
113.968 0.000186242
114.095 0.000184925
114.222 0.000183617
114.348 0.000182318
114.475 0.000181028
114.602 0.000179747
114.729 0.000178475
114.855 0.000177212
114.982 0.000175958
115.109 0.000174712
115.236 0.000173476
115.362 0.000172248
115.489 0.000171028
115.616 0.000169818
115.743 0.000168615
115.869 0.000167421
115.996 0.000166236
116.123 0.000165059
116.25 0.00016389
116.376 0.000162729
116.503 0.000161576
116.63 0.000160432
116.757 0.000159295
116.883 0.000158167
117.01 0.000157046
117.137 0.000155933
117.264 0.000154828
117.39 0.000153731
117.517 0.000152641
117.644 0.00015156
117.771 0.000150485
117.897 0.000149418
118.024 0.000148359
118.151 0.000147307
118.278 0.000146263
118.404 0.000145226
118.531 0.000144196
118.658 0.000143173
118.785 0.000142158
118.911 0.00014115
119.038 0.000140149
119.165 0.000139154
119.292 0.000138167
119.418 0.000137187
119.545 0.000136214
119.672 0.000135247
119.799 0.000134287
119.925 0.000133335
120.052 0.000132388
120.179 0.000131449
120.306 0.000130516
120.432 0.000129589
120.559 0.000128669
120.686 0.000127756
120.813 0.000126849
120.939 0.000125948
121.066 0.000125054
121.193 0.000124166
121.32 0.000123284
121.446 0.000122408
121.573 0.000121539
121.7 0.000120676
121.827 0.000119818
121.953 0.000118967
122.08 0.000118122
122.207 0.000117283
122.334 0.00011645
122.46 0.000115622
122.587 0.0001148
122.714 0.000113985
122.841 0.000113174
122.967 0.00011237
123.094 0.000111571
123.221 0.000110778
123.348 0.000109991
123.474 0.000109209
123.601 0.000108432
123.728 0.000107661
123.855 0.000106896
123.981 0.000106136
124.108 0.000105381
124.235 0.000104631
124.362 0.000103887
124.488 0.000103148
124.615 0.000102414
124.742 0.000101686
124.869 0.000100963
124.995 0.000100244
125.122 9.9531e-05
125.249 9.88227e-05
125.376 9.81195e-05
125.502 9.74213e-05
125.629 9.67279e-05
125.756 9.60395e-05
125.883 9.53559e-05
126.009 9.46771e-05
126.136 9.40032e-05
126.263 9.3334e-05
126.39 9.26695e-05
126.516 9.20097e-05
126.643 9.13545e-05
126.77 9.0704e-05
126.897 9.00581e-05
127.023 8.94168e-05
127.15 8.87799e-05
127.277 8.81476e-05
127.404 8.75198e-05
127.53 8.68963e-05
