-2.80959 0.00153892
-2.72862 0.00174997
-2.64765 0.00199022
-2.56669 0.00226375
-2.48572 0.0025752
-2.40476 0.00292986
-2.32379 0.00333376
-2.24283 0.00379376
-2.16186 0.00431766
-2.0809 0.00491435
-1.99993 0.00559391
-1.91897 0.00636776
-1.838 0.00724887
-1.75704 0.00825184
-1.67607 0.00939317
-1.59511 0.0106913
-1.51414 0.012167
-1.43318 0.0138432
-1.35221 0.015745
-1.27125 0.0179001
-1.19028 0.0203381
-1.10932 0.0230901
-1.02835 0.026188
-0.947387 0.0296634
-0.866422 0.033545
-0.785457 0.0378563
-0.704492 0.0426117
-0.623527 0.047811
-0.542562 0.0534341
-0.461596 0.0594338
-0.380631 0.0657304
-0.299666 0.0722079
-0.218701 0.0787151
-0.137736 0.085074
-0.0567708 0.0910948
0.0241943 0.0965976
0.105159 0.101434
0.186125 0.105504
0.26709 0.108763
0.348055 0.111221
0.42902 0.112928
0.509985 0.113963
0.59095 0.114416
0.671915 0.114383
0.75288 0.113953
0.833846 0.113204
0.914811 0.112207
0.995776 0.111019
1.07674 0.109687
1.15771 0.108251
1.23867 0.106741
1.31964 0.105182
1.4006 0.103593
1.48157 0.101991
1.56253 0.100386
1.6435 0.0987882
1.72446 0.0972043
1.80543 0.0956396
1.88639 0.0940982
1.96736 0.0925831
2.04832 0.0910962
2.12929 0.089639
2.21025 0.0882123
2.29122 0.0868167
2.37218 0.0854524
2.45315 0.0841191
2.53411 0.0828167
2.61508 0.0815448
2.69604 0.0803027
2.77701 0.0790899
2.85797 0.0779057
2.93894 0.0767494
3.0199 0.0756203
3.10087 0.0745176
3.18183 0.0734406
3.2628 0.0723885
3.34376 0.0713606
3.42473 0.0703561
3.50569 0.0693743
3.58666 0.0684145
3.66763 0.0674761
3.74859 0.0665583
3.82956 0.0656606
3.91052 0.0647822
3.99149 0.0639227
4.07245 0.0630813
4.15342 0.0622576
4.23438 0.0614511
4.31535 0.060661
4.39631 0.0598871
4.47728 0.0591288
4.55824 0.0583856
4.63921 0.057657
4.72017 0.0569427
4.80114 0.0562423
4.8821 0.0555552
4.96307 0.0548812
5.04403 0.0542198
5.125 0.0535708
5.20596 0.0529337
5.28693 0.0523082
5.36789 0.0516941
5.44886 0.0510909
5.52982 0.0504984
5.61079 0.0499164
5.69175 0.0493445
5.77272 0.0487825
5.85368 0.04823
5.93465 0.047687
6.01561 0.0471531
6.09658 0.0466281
6.17754 0.0461117
6.25851 0.0456038
6.33947 0.0451042
6.42044 0.0446126
6.5014 0.0441288
6.58237 0.0436528
6.66333 0.0431842
6.7443 0.0427229
6.82527 0.0422688
6.90623 0.0418216
6.9872 0.0413813
7.06816 0.0409476
7.14913 0.0405204
7.23009 0.0400996
7.31106 0.039685
7.39202 0.0392766
7.47299 0.038874
7.55395 0.0384773
7.63492 0.0380863
7.71588 0.0377009
7.79685 0.037321
7.87781 0.0369464
7.95878 0.036577
8.03974 0.0362128
8.12071 0.0358536
8.20167 0.0354993
8.28264 0.0351499
8.3636 0.0348052
8.44457 0.0344652
8.52553 0.0341297
8.6065 0.0337987
8.68746 0.033472
8.76843 0.0331496
8.84939 0.0328315
8.93036 0.0325175
9.01132 0.0322075
9.09229 0.0319016
9.17325 0.0315995
9.25422 0.0313013
9.33518 0.0310068
9.41615 0.0307161
9.49711 0.0304289
9.57808 0.0301454
9.65904 0.0298654
9.74001 0.0295888
9.82097 0.0293155
9.90194 0.0290457
9.98291 0.028779
10.0639 0.0285156
10.1448 0.0282554
10.2258 0.0279983
10.3068 0.0277442
10.3877 0.0274931
10.4687 0.027245
10.5497 0.0269998
10.6306 0.0267575
10.7116 0.0265179
10.7926 0.0262812
10.8735 0.0260471
10.9545 0.0258158
11.0355 0.0255871
11.1164 0.0253609
11.1974 0.0251374
11.2783 0.0249163
11.3593 0.0246978
11.4403 0.0244816
11.5212 0.0242679
11.6022 0.0240565
11.6832 0.0238475
11.7641 0.0236408
11.8451 0.0234363
11.9261 0.0232341
12.007 0.023034
12.088 0.0228362
12.169 0.0226404
12.2499 0.0224468
12.3309 0.0222552
12.4119 0.0220657
12.4928 0.0218781
12.5738 0.0216926
12.6548 0.021509
12.7357 0.0213274
12.8167 0.0211476
12.8976 0.0209697
12.9786 0.0207937
13.0596 0.0206195
13.1405 0.0204471
13.2215 0.0202765
13.3025 0.0201076
13.3834 0.0199404
13.4644 0.019775
13.5454 0.0196112
13.6263 0.0194491
13.7073 0.0192886
13.7883 0.0191297
13.8692 0.0189725
13.9502 0.0188168
14.0312 0.0186626
14.1121 0.01851
14.1931 0.0183589
14.2741 0.0182093
14.355 0.0180612
14.436 0.0179145
14.517 0.0177692
14.5979 0.0176254
14.6789 0.017483
14.7598 0.0173419
14.8408 0.0172023
14.9218 0.0170639
15.0027 0.0169269
15.0837 0.0167912
15.1647 0.0166568
15.2456 0.0165237
15.3266 0.0163919
15.4076 0.0162613
15.4885 0.016132
15.5695 0.0160039
15.6505 0.0158769
15.7314 0.0157512
15.8124 0.0156267
15.8934 0.0155033
15.9743 0.0153811
16.0553 0.01526
16.1363 0.01514
16.2172 0.0150212
16.2982 0.0149034
16.3792 0.0147868
16.4601 0.0146712
16.5411 0.0145566
16.622 0.0144431
16.703 0.0143307
16.784 0.0142193
16.8649 0.0141089
16.9459 0.0139994
17.0269 0.013891
17.1078 0.0137836
17.1888 0.0136771
17.2698 0.0135716
17.3507 0.013467
17.4317 0.0133634
17.5127 0.0132607
17.5936 0.0131589
17.6746 0.013058
17.7556 0.012958
17.8365 0.0128589
17.9175 0.0127607
17.9985 0.0126633
18.0794 0.0125668
18.1604 0.0124712
18.2413 0.0123764
18.3223 0.0122824
18.4033 0.0121892
18.4842 0.0120969
18.5652 0.0120053
18.6462 0.0119146
18.7271 0.0118246
18.8081 0.0117354
18.8891 0.011647
18.97 0.0115594
19.051 0.0114725
19.132 0.0113863
19.2129 0.0113009
19.2939 0.0112162
19.3749 0.0111322
19.4558 0.011049
19.5368 0.0109665
19.6178 0.0108846
19.6987 0.0108035
19.7797 0.0107231
19.8607 0.0106433
19.9416 0.0105642
20.0226 0.0104858
20.1035 0.010408
20.1845 0.0103309
20.2655 0.0102544
20.3464 0.0101786
20.4274 0.0101034
20.5084 0.0100288
20.5893 0.00995485
20.6703 0.00988152
20.7513 0.00980879
20.8322 0.00973667
20.9132 0.00966515
20.9942 0.00959421
21.0751 0.00952387
21.1561 0.0094541
21.2371 0.00938491
21.318 0.00931628
21.399 0.00924822
21.48 0.00918071
21.5609 0.00911376
21.6419 0.00904736
21.7228 0.00898149
21.8038 0.00891617
21.8848 0.00885137
21.9657 0.0087871
22.0467 0.00872335
22.1277 0.00866012
22.2086 0.0085974
22.2896 0.00853518
22.3706 0.00847347
22.4515 0.00841225
22.5325 0.00835153
22.6135 0.00829129
22.6944 0.00823154
22.7754 0.00817226
22.8564 0.00811346
22.9373 0.00805513
23.0183 0.00799727
23.0993 0.00793986
23.1802 0.00788292
23.2612 0.00782642
23.3422 0.00777037
23.4231 0.00771477
23.5041 0.00765961
23.585 0.00760488
23.666 0.00755059
23.747 0.00749672
23.8279 0.00744328
23.9089 0.00739026
23.9899 0.00733766
24.0708 0.00728547
24.1518 0.00723368
24.2328 0.00718231
24.3137 0.00713133
24.3947 0.00708076
24.4757 0.00703057
24.5566 0.00698078
24.6376 0.00693138
24.7186 0.00688236
24.7995 0.00683372
24.8805 0.00678546
24.9615 0.00673757
25.0424 0.00669006
25.1234 0.00664291
25.2043 0.00659612
25.2853 0.0065497
25.3663 0.00650363
25.4472 0.00645792
25.5282 0.00641256
25.6092 0.00636755
25.6901 0.00632288
25.7711 0.00627856
25.8521 0.00623457
25.933 0.00619093
26.014 0.00614761
26.095 0.00610463
26.1759 0.00606197
26.2569 0.00601964
26.3379 0.00597763
26.4188 0.00593594
26.4998 0.00589457
26.5808 0.00585351
26.6617 0.00581276
26.7427 0.00577232
26.8237 0.00573219
26.9046 0.00569236
26.9856 0.00565283
27.0665 0.00561359
27.1475 0.00557466
27.2285 0.00553601
27.3094 0.00549766
27.3904 0.0054596
27.4714 0.00542182
27.5523 0.00538432
27.6333 0.00534711
27.7143 0.00531017
27.7952 0.00527351
27.8762 0.00523713
27.9572 0.00520101
28.0381 0.00516517
28.1191 0.00512959
28.2001 0.00509428
28.281 0.00505923
28.362 0.00502444
28.443 0.00498991
28.5239 0.00495563
28.6049 0.00492161
28.6859 0.00488784
28.7668 0.00485432
28.8478 0.00482105
28.9287 0.00478803
29.0097 0.00475524
29.0907 0.0047227
29.1716 0.0046904
29.2526 0.00465834
29.3336 0.00462651
29.4145 0.00459492
29.4955 0.00456356
29.5765 0.00453243
29.6574 0.00450152
29.7384 0.00447085
29.8194 0.0044404
29.9003 0.00441017
29.9813 0.00438016
30.0623 0.00435037
30.1432 0.0043208
30.2242 0.00429144
30.3052 0.0042623
30.3861 0.00423337
30.4671 0.00420465
30.548 0.00417614
30.629 0.00414783
30.71 0.00411974
30.7909 0.00409184
30.8719 0.00406415
30.9529 0.00403666
31.0338 0.00400936
31.1148 0.00398227
31.1958 0.00395537
31.2767 0.00392866
31.3577 0.00390215
31.4387 0.00387583
31.5196 0.00384969
31.6006 0.00382375
31.6816 0.00379799
31.7625 0.00377242
31.8435 0.00374703
31.9245 0.00372182
32.0054 0.0036968
32.0864 0.00367195
32.1674 0.00364728
32.2483 0.00362279
32.3293 0.00359847
32.4102 0.00357433
32.4912 0.00355036
32.5722 0.00352656
32.6531 0.00350293
32.7341 0.00347947
32.8151 0.00345617
32.896 0.00343305
32.977 0.00341008
33.058 0.00338728
33.1389 0.00336464
33.2199 0.00334217
33.3009 0.00331985
33.3818 0.00329769
33.4628 0.00327568
33.5438 0.00325384
33.6247 0.00323214
33.7057 0.00321061
33.7867 0.00318922
33.8676 0.00316798
33.9486 0.0031469
34.0295 0.00312596
34.1105 0.00310517
34.1915 0.00308453
34.2724 0.00306403
34.3534 0.00304368
34.4344 0.00302347
34.5153 0.0030034
34.5963 0.00298347
34.6773 0.00296369
34.7582 0.00294404
34.8392 0.00292453
34.9202 0.00290516
35.0011 0.00288592
35.0821 0.00286681
35.1631 0.00284784
35.244 0.00282901
35.325 0.0028103
35.406 0.00279173
35.4869 0.00277328
35.5679 0.00275497
35.6489 0.00273678
35.7298 0.00271872
35.8108 0.00270078
35.8917 0.00268297
35.9727 0.00266528
36.0537 0.00264772
36.1346 0.00263028
36.2156 0.00261295
36.2966 0.00259575
36.3775 0.00257867
36.4585 0.00256171
36.5395 0.00254486
36.6204 0.00252813
36.7014 0.00251152
36.7824 0.00249502
36.8633 0.00247864
36.9443 0.00246237
37.0253 0.00244621
37.1062 0.00243016
37.1872 0.00241423
37.2682 0.0023984
37.3491 0.00238269
37.4301 0.00236708
37.511 0.00235158
37.592 0.00233618
37.673 0.00232089
37.7539 0.00230571
37.8349 0.00229063
37.9159 0.00227565
37.9968 0.00226078
38.0778 0.00224601
38.1588 0.00223134
38.2397 0.00221677
38.3207 0.0022023
38.4017 0.00218793
38.4826 0.00217366
38.5636 0.00215949
38.6446 0.00214541
38.7255 0.00213143
38.8065 0.00211755
38.8875 0.00210376
38.9684 0.00209006
39.0494 0.00207646
39.1304 0.00206295
39.2113 0.00204953
39.2923 0.0020362
39.3732 0.00202297
39.4542 0.00200982
39.5352 0.00199677
39.6161 0.0019838
39.6971 0.00197092
39.7781 0.00195813
39.859 0.00194542
39.94 0.00193281
40.021 0.00192027
40.1019 0.00190782
40.1829 0.00189546
40.2639 0.00188318
40.3448 0.00187098
40.4258 0.00185887
40.5068 0.00184684
40.5877 0.00183489
40.6687 0.00182302
40.7497 0.00181123
40.8306 0.00179952
40.9116 0.00178789
40.9925 0.00177634
41.0735 0.00176486
41.1545 0.00175346
41.2354 0.00174214
41.3164 0.0017309
41.3974 0.00171973
41.4783 0.00170864
41.5593 0.00169762
41.6403 0.00168668
41.7212 0.00167581
41.8022 0.00166501
41.8832 0.00165428
41.9641 0.00164363
42.0451 0.00163305
42.1261 0.00162254
42.207 0.0016121
42.288 0.00160173
42.369 0.00159143
42.4499 0.0015812
42.5309 0.00157103
42.6119 0.00156094
42.6928 0.00155091
42.7738 0.00154095
42.8547 0.00153106
42.9357 0.00152123
43.0167 0.00151147
43.0976 0.00150177
43.1786 0.00149214
43.2596 0.00148257
43.3405 0.00147307
43.4215 0.00146363
43.5025 0.00145425
43.5834 0.00144493
43.6644 0.00143568
43.7454 0.00142649
43.8263 0.00141736
43.9073 0.00140829
43.9883 0.00139928
44.0692 0.00139033
44.1502 0.00138144
44.2312 0.00137261
44.3121 0.00136384
44.3931 0.00135512
44.4741 0.00134647
44.555 0.00133787
44.636 0.00132933
44.7169 0.00132084
44.7979 0.00131241
44.8789 0.00130404
44.9598 0.00129572
45.0408 0.00128746
45.1218 0.00127925
45.2027 0.0012711
45.2837 0.001263
45.3647 0.00125495
45.4456 0.00124696
45.5266 0.00123902
45.6076 0.00123113
45.6885 0.0012233
45.7695 0.00121551
45.8505 0.00120778
45.9314 0.0012001
46.0124 0.00119247
46.0934 0.00118489
46.1743 0.00117736
46.2553 0.00116988
46.3362 0.00116244
46.4172 0.00115506
46.4982 0.00114773
46.5791 0.00114044
46.6601 0.0011332
46.7411 0.00112601
46.822 0.00111887
46.903 0.00111177
46.984 0.00110472
47.0649 0.00109772
47.1459 0.00109076
47.2269 0.00108385
47.3078 0.00107698
47.3888 0.00107016
47.4698 0.00106338
47.5507 0.00105665
47.6317 0.00104996
47.7127 0.00104332
47.7936 0.00103672
47.8746 0.00103016
47.9556 0.00102364
48.0365 0.00101717
48.1175 0.00101074
48.1984 0.00100435
48.2794 0.000998006
48.3604 0.000991701
48.4413 0.000985437
48.5223 0.000979214
48.6033 0.000973032
48.6842 0.00096689
48.7652 0.000960788
48.8462 0.000954726
48.9271 0.000948703
49.0081 0.00094272
49.0891 0.000936775
49.17 0.000930869
49.251 0.000925002
49.332 0.000919173
49.4129 0.000913382
49.4939 0.000907628
49.5749 0.000901912
49.6558 0.000896233
49.7368 0.000890591
49.8177 0.000884985
49.8987 0.000879416
49.9797 0.000873883
50.0606 0.000868386
50.1416 0.000862925
50.2226 0.000857499
50.3035 0.000852108
50.3845 0.000846753
50.4655 0.000841432
50.5464 0.000836145
50.6274 0.000830893
50.7084 0.000825674
50.7893 0.00082049
50.8703 0.000815339
50.9513 0.000810221
51.0322 0.000805137
51.1132 0.000800085
51.1942 0.000795066
51.2751 0.000790079
51.3561 0.000785125
51.4371 0.000780203
51.518 0.000775312
51.599 0.000770453
51.6799 0.000765626
51.7609 0.000760829
51.8419 0.000756064
51.9228 0.000751329
52.0038 0.000746624
52.0848 0.000741951
52.1657 0.000737307
52.2467 0.000732693
52.3277 0.000728109
52.4086 0.000723554
52.4896 0.000719029
52.5706 0.000714532
52.6515 0.000710065
52.7325 0.000705627
52.8135 0.000701217
52.8944 0.000696835
52.9754 0.000692481
53.0564 0.000688156
53.1373 0.000683858
53.2183 0.000679588
53.2992 0.000675345
53.3802 0.00067113
53.4612 0.000666941
53.5421 0.00066278
53.6231 0.000658645
53.7041 0.000654537
53.785 0.000650455
53.866 0.000646399
53.947 0.000642369
54.0279 0.000638365
54.1089 0.000634387
54.1899 0.000630434
54.2708 0.000626506
54.3518 0.000622604
54.4328 0.000618726
54.5137 0.000614874
54.5947 0.000611046
54.6757 0.000607242
54.7566 0.000603463
54.8376 0.000599708
54.9186 0.000595977
54.9995 0.00059227
55.0805 0.000588586
55.1614 0.000584926
55.2424 0.000581289
55.3234 0.000577676
55.4043 0.000574085
55.4853 0.000570518
55.5663 0.000566973
55.6472 0.000563451
55.7282 0.000559951
55.8092 0.000556474
55.8901 0.000553019
55.9711 0.000549586
56.0521 0.000546174
56.133 0.000542785
56.214 0.000539417
56.295 0.00053607
56.3759 0.000532745
56.4569 0.000529441
56.5379 0.000526157
56.6188 0.000522895
56.6998 0.000519654
56.7808 0.000516433
56.8617 0.000513232
56.9427 0.000510052
57.0236 0.000506892
57.1046 0.000503753
57.1856 0.000500633
57.2665 0.000497533
57.3475 0.000494452
57.4285 0.000491391
57.5094 0.00048835
57.5904 0.000485328
57.6714 0.000482325
57.7523 0.000479341
57.8333 0.000476376
57.9143 0.000473429
57.9952 0.000470502
58.0762 0.000467593
58.1572 0.000464702
58.2381 0.00046183
58.3191 0.000458976
58.4001 0.00045614
58.481 0.000453322
58.562 0.000450521
58.6429 0.000447739
58.7239 0.000444974
58.8049 0.000442226
58.8858 0.000439496
58.9668 0.000436783
59.0478 0.000434088
59.1287 0.000431409
59.2097 0.000428747
59.2907 0.000426102
59.3716 0.000423474
59.4526 0.000420862
59.5336 0.000418267
59.6145 0.000415688
59.6955 0.000413126
59.7765 0.000410579
59.8574 0.000408049
59.9384 0.000405535
60.0194 0.000403036
60.1003 0.000400553
60.1813 0.000398086
60.2623 0.000395635
60.3432 0.000393199
60.4242 0.000390778
60.5051 0.000388372
60.5861 0.000385982
60.6671 0.000383607
60.748 0.000381246
60.829 0.000378901
60.91 0.00037657
60.9909 0.000374254
61.0719 0.000371952
61.1529 0.000369665
61.2338 0.000367392
61.3148 0.000365134
61.3958 0.000362889
61.4767 0.000360659
61.5577 0.000358443
61.6387 0.000356241
61.7196 0.000354052
61.8006 0.000351878
61.8816 0.000349717
61.9625 0.000347569
62.0435 0.000345435
62.1244 0.000343315
62.2054 0.000341207
62.2864 0.000339113
62.3673 0.000337032
62.4483 0.000334964
62.5293 0.000332909
62.6102 0.000330867
62.6912 0.000328838
62.7722 0.000326822
62.8531 0.000324818
62.9341 0.000322826
63.0151 0.000320847
63.096 0.000318881
63.177 0.000316926
63.258 0.000314984
63.3389 0.000313055
63.4199 0.000311137
63.5009 0.000309231
63.5818 0.000307337
63.6628 0.000305455
63.7438 0.000303585
63.8247 0.000301726
63.9057 0.000299879
63.9866 0.000298044
64.0676 0.00029622
64.1486 0.000294407
64.2295 0.000292606
64.3105 0.000290816
64.3915 0.000289037
64.4724 0.000287269
64.5534 0.000285513
64.6344 0.000283767
64.7153 0.000282032
64.7963 0.000280308
64.8773 0.000278595
64.9582 0.000276892
65.0392 0.0002752
65.1202 0.000273519
65.2011 0.000271848
65.2821 0.000270187
65.3631 0.000268537
65.444 0.000266897
65.525 0.000265267
65.6059 0.000263648
65.6869 0.000262038
65.7679 0.000260439
65.8488 0.000258849
65.9298 0.00025727
66.0108 0.0002557
66.0917 0.00025414
66.1727 0.000252589
66.2537 0.000251049
66.3346 0.000249518
66.4156 0.000247996
66.4966 0.000246484
66.5775 0.000244981
66.6585 0.000243488
66.7395 0.000242004
66.8204 0.000240529
66.9014 0.000239063
66.9824 0.000237606
67.0633 0.000236159
67.1443 0.00023472
67.2253 0.00023329
67.3062 0.000231869
67.3872 0.000230457
67.4681 0.000229054
67.5491 0.00022766
67.6301 0.000226274
67.711 0.000224897
67.792 0.000223528
67.873 0.000222167
67.9539 0.000220816
68.0349 0.000219472
68.1159 0.000218137
68.1968 0.00021681
68.2778 0.000215491
68.3588 0.000214181
68.4397 0.000212879
68.5207 0.000211584
68.6017 0.000210298
68.6826 0.00020902
68.7636 0.000207749
68.8446 0.000206487
68.9255 0.000205232
69.0065 0.000203985
69.0874 0.000202746
69.1684 0.000201514
69.2494 0.00020029
69.3303 0.000199074
69.4113 0.000197865
69.4923 0.000196663
69.5732 0.000195469
69.6542 0.000194283
69.7352 0.000193103
69.8161 0.000191931
69.8971 0.000190767
69.9781 0.000189609
70.059 0.000188459
70.14 0.000187315
70.221 0.000186179
70.3019 0.00018505
70.3829 0.000183927
70.4639 0.000182812
70.5448 0.000181704
70.6258 0.000180602
70.7068 0.000179507
70.7877 0.000178419
70.8687 0.000177337
70.9496 0.000176263
71.0306 0.000175195
71.1116 0.000174133
71.1925 0.000173078
71.2735 0.00017203
71.3545 0.000170988
71.4354 0.000169952
71.5164 0.000168923
71.5974 0.0001679
71.6783 0.000166883
71.7593 0.000165873
71.8403 0.000164869
71.9212 0.000163871
72.0022 0.000162879
72.0832 0.000161893
72.1641 0.000160914
72.2451 0.00015994
72.3261 0.000158973
72.407 0.000158011
72.488 0.000157055
72.569 0.000156105
72.6499 0.000155161
72.7309 0.000154223
72.8118 0.000153291
72.8928 0.000152364
72.9738 0.000151443
73.0547 0.000150527
73.1357 0.000149618
73.2167 0.000148713
73.2976 0.000147815
73.3786 0.000146922
73.4596 0.000146034
73.5405 0.000145152
73.6215 0.000144275
73.7025 0.000143404
73.7834 0.000142538
73.8644 0.000141677
73.9454 0.000140822
74.0263 0.000139971
74.1073 0.000139126
74.1883 0.000138287
74.2692 0.000137452
74.3502 0.000136622
74.4311 0.000135798
74.5121 0.000134979
74.5931 0.000134164
74.674 0.000133355
74.755 0.00013255
74.836 0.000131751
74.9169 0.000130956
74.9979 0.000130167
75.0789 0.000129382
75.1598 0.000128602
75.2408 0.000127826
75.3218 0.000127056
75.4027 0.00012629
75.4837 0.000125529
75.5647 0.000124772
75.6456 0.00012402
75.7266 0.000123273
75.8076 0.00012253
75.8885 0.000121792
75.9695 0.000121059
76.0505 0.000120329
76.1314 0.000119605
76.2124 0.000118884
76.2933 0.000118169
76.3743 0.000117457
76.4553 0.00011675
76.5362 0.000116047
76.6172 0.000115349
76.6982 0.000114654
76.7791 0.000113964
76.8601 0.000113278
76.9411 0.000112597
77.022 0.000111919
77.103 0.000111246
77.184 0.000110577
77.2649 0.000109912
77.3459 0.000109251
77.4269 0.000108594
77.5078 0.000107941
77.5888 0.000107292
77.6698 0.000106646
77.7507 0.000106005
77.8317 0.000105368
77.9126 0.000104735
77.9936 0.000104105
78.0746 0.00010348
