-6.94252 0.000813849
-6.92175 0.000829816
-6.90099 0.000846092
-6.88022 0.000862684
-6.85946 0.000879598
-6.8387 0.000896839
-6.81793 0.000914414
-6.79717 0.00093233
-6.7764 0.000950592
-6.75564 0.000969207
-6.73488 0.000988182
-6.71411 0.00100752
-6.69335 0.00102724
-6.67258 0.00104734
-6.65182 0.00106782
-6.63105 0.0010887
-6.61029 0.00110999
-6.58953 0.00113168
-6.56876 0.00115379
-6.548 0.00117633
-6.52723 0.00119931
-6.50647 0.00122272
-6.4857 0.00124659
-6.46494 0.00127092
-6.44418 0.00129571
-6.42341 0.00132099
-6.40265 0.00134674
-6.38188 0.001373
-6.36112 0.00139976
-6.34036 0.00142703
-6.31959 0.00145482
-6.29883 0.00148315
-6.27806 0.00151203
-6.2573 0.00154146
-6.23653 0.00157145
-6.21577 0.00160201
-6.19501 0.00163316
-6.17424 0.00166491
-6.15348 0.00169727
-6.13271 0.00173025
-6.11195 0.00176385
-6.09118 0.0017981
-6.07042 0.001833
-6.04966 0.00186857
-6.02889 0.00190482
-6.00813 0.00194177
-5.98736 0.00197941
-5.9666 0.00201778
-5.94584 0.00205687
-5.92507 0.00209671
-5.90431 0.00213731
-5.88354 0.00217869
-5.86278 0.00222085
-5.84201 0.00226381
-5.82125 0.00230759
-5.80049 0.0023522
-5.77972 0.00239765
-5.75896 0.00244398
-5.73819 0.00249117
-5.71743 0.00253927
-5.69666 0.00258828
-5.6759 0.00263821
-5.65514 0.00268909
-5.63437 0.00274094
-5.61361 0.00279376
-5.59284 0.00284758
-5.57208 0.00290242
-5.55132 0.0029583
-5.53055 0.00301523
-5.50979 0.00307324
-5.48902 0.00313234
-5.46826 0.00319255
-5.44749 0.0032539
-5.42673 0.0033164
-5.40597 0.00338008
-5.3852 0.00344496
-5.36444 0.00351105
-5.34367 0.00357839
-5.32291 0.00364699
-5.30215 0.00371688
-5.28138 0.00378808
-5.26062 0.00386061
-5.23985 0.0039345
-5.21909 0.00400978
-5.19832 0.00408646
-5.17756 0.00416458
-5.1568 0.00424415
-5.13603 0.00432521
-5.11527 0.00440779
-5.0945 0.0044919
-5.07374 0.00457758
-5.05297 0.00466486
-5.03221 0.00475376
-5.01145 0.00484431
-4.99068 0.00493655
-4.96992 0.00503049
-4.94915 0.00512619
-4.92839 0.00522365
-4.90763 0.00532292
-4.88686 0.00542403
-4.8661 0.00552702
-4.84533 0.0056319
-4.82457 0.00573872
-4.8038 0.00584752
-4.78304 0.00595832
-4.76228 0.00607116
-4.74151 0.00618609
-4.72075 0.00630312
-4.69998 0.00642231
-4.67922 0.00654369
-4.65845 0.0066673
-4.63769 0.00679317
-4.61693 0.00692136
-4.59616 0.00705188
-4.5754 0.0071848
-4.55463 0.00732015
-4.53387 0.00745796
-4.51311 0.0075983
-4.49234 0.00774119
-4.47158 0.00788668
-4.45081 0.00803482
-4.43005 0.00818566
-4.40928 0.00833923
-4.38852 0.00849559
-4.36776 0.00865478
-4.34699 0.00881686
-4.32623 0.00898187
-4.30546 0.00914986
-4.2847 0.00932088
-4.26394 0.00949499
-4.24317 0.00967224
-4.22241 0.00985267
-4.20164 0.0100364
-4.18088 0.0102233
-4.16011 0.0104137
-4.13935 0.0106074
-4.11859 0.0108046
-4.09782 0.0110053
-4.07706 0.0112097
-4.05629 0.0114176
-4.03553 0.0116293
-4.01476 0.0118447
-3.994 0.012064
-3.97324 0.0122871
-3.95247 0.0125142
-3.93171 0.0127453
-3.91094 0.0129806
-3.89018 0.0132199
-3.86942 0.0134635
-3.84865 0.0137114
-3.82789 0.0139636
-3.80712 0.0142203
-3.78636 0.0144814
-3.76559 0.0147471
-3.74483 0.0150175
-3.72407 0.0152926
-3.7033 0.0155725
-3.68254 0.0158572
-3.66177 0.0161469
-3.64101 0.0164417
-3.62024 0.0167415
-3.59948 0.0170465
-3.57872 0.0173568
-3.55795 0.0176724
-3.53719 0.0179935
-3.51642 0.0183201
-3.49566 0.0186522
-3.4749 0.0189901
-3.45413 0.0193337
-3.43337 0.0196832
-3.4126 0.0200386
-3.39184 0.0204001
-3.37107 0.0207677
-3.35031 0.0211415
-3.32955 0.0215216
-3.30878 0.0219081
-3.28802 0.0223011
-3.26725 0.0227007
-3.24649 0.023107
-3.22572 0.0235201
-3.20496 0.0239401
-3.1842 0.0243671
-3.16343 0.0248011
-3.14267 0.0252423
-3.1219 0.0256908
-3.10114 0.0261467
-3.08038 0.0266101
-3.05961 0.0270811
-3.03885 0.0275598
-3.01808 0.0280463
-2.99732 0.0285406
-2.97655 0.029043
-2.95579 0.0295536
-2.93503 0.0300723
-2.91426 0.0305994
-2.8935 0.031135
-2.87273 0.0316791
-2.85197 0.0322318
-2.83121 0.0327934
-2.81044 0.0333638
-2.78968 0.0339432
-2.76891 0.0345317
-2.74815 0.0351295
-2.72738 0.0357366
-2.70662 0.0363531
-2.68586 0.0369792
-2.66509 0.037615
-2.64433 0.0382605
-2.62356 0.038916
-2.6028 0.0395814
-2.58203 0.0402569
-2.56127 0.0409427
-2.54051 0.0416389
-2.51974 0.0423454
-2.49898 0.0430625
-2.47821 0.0437903
-2.45745 0.0445289
-2.43669 0.0452783
-2.41592 0.0460388
-2.39516 0.0468103
-2.37439 0.047593
-2.35363 0.048387
-2.33286 0.0491925
-2.3121 0.0500094
-2.29134 0.0508379
-2.27057 0.0516781
-2.24981 0.0525301
-2.22904 0.053394
-2.20828 0.0542698
-2.18751 0.0551577
-2.16675 0.0560577
-2.14599 0.05697
-2.12522 0.0578946
-2.10446 0.0588315
-2.08369 0.0597809
-2.06293 0.0607428
-2.04217 0.0617172
-2.0214 0.0627043
-2.00064 0.0637041
-1.97987 0.0647167
-1.95911 0.0657421
-1.93834 0.0667802
-1.91758 0.0678313
-1.89682 0.0688953
-1.87605 0.0699722
-1.85529 0.071062
-1.83452 0.0721648
-1.81376 0.0732806
-1.793 0.0744094
-1.77223 0.0755511
-1.75147 0.0767058
-1.7307 0.0778734
-1.70994 0.0790539
-1.68917 0.0802473
-1.66841 0.0814535
-1.64765 0.0826724
-1.62688 0.0839041
-1.60612 0.0851483
-1.58535 0.0864051
-1.56459 0.0876743
-1.54382 0.0889558
-1.52306 0.0902495
-1.5023 0.0915553
-1.48153 0.092873
-1.46077 0.0942025
-1.44 0.0955436
-1.41924 0.0968961
-1.39848 0.0982598
-1.37771 0.0996345
-1.35695 0.10102
-1.33618 0.102416
-1.31542 0.103822
-1.29465 0.105239
-1.27389 0.106665
-1.25313 0.1081
-1.23236 0.109545
-1.2116 0.110998
-1.19083 0.11246
-1.17007 0.11393
-1.1493 0.115407
-1.12854 0.116892
-1.10778 0.118384
-1.08701 0.119881
-1.06625 0.121385
-1.04548 0.122894
-1.02472 0.124408
-1.00396 0.125926
-0.983191 0.127448
-0.962427 0.128973
-0.941663 0.130501
-0.920899 0.132031
-0.900134 0.133562
-0.87937 0.135094
-0.858606 0.136626
-0.837842 0.138157
-0.817078 0.139687
-0.796313 0.141215
-0.775549 0.14274
-0.754785 0.144262
-0.734021 0.145779
-0.713257 0.147291
-0.692492 0.148796
-0.671728 0.150295
-0.650964 0.151786
-0.6302 0.153269
-0.609436 0.154742
-0.588671 0.156205
-0.567907 0.157657
-0.547143 0.159096
-0.526379 0.160523
-0.505615 0.161935
-0.48485 0.163333
-0.464086 0.164714
-0.443322 0.166079
-0.422558 0.167427
-0.401793 0.168755
-0.381029 0.170064
-0.360265 0.171353
-0.339501 0.17262
-0.318737 0.173865
-0.297972 0.175087
-0.277208 0.176285
-0.256444 0.177458
-0.23568 0.178605
-0.214916 0.179726
-0.194151 0.180819
-0.173387 0.181884
-0.152623 0.18292
-0.131859 0.183927
-0.111095 0.184904
-0.0903305 0.185849
-0.0695663 0.186763
-0.0488021 0.187645
-0.0280379 0.188494
-0.00727366 0.18931
0.0134905 0.190092
0.0342547 0.19084
0.0550189 0.191554
0.0757831 0.192233
0.0965473 0.192876
0.117312 0.193484
0.138076 0.194056
0.15884 0.194592
0.179604 0.195092
0.200368 0.195556
0.221133 0.195984
0.241897 0.196375
0.262661 0.19673
0.283425 0.197048
0.304189 0.197331
0.324954 0.197577
0.345718 0.197788
0.366482 0.197962
0.387246 0.198102
0.40801 0.198206
0.428775 0.198275
0.449539 0.198309
0.470303 0.19831
0.491067 0.198276
0.511831 0.198209
0.532596 0.198109
0.55336 0.197977
0.574124 0.197812
0.594888 0.197616
0.615652 0.197389
0.636417 0.197131
0.657181 0.196843
0.677945 0.196526
0.698709 0.19618
0.719473 0.195806
0.740238 0.195404
0.761002 0.194975
0.781766 0.194519
0.80253 0.194038
0.823294 0.193532
0.844059 0.193001
0.864823 0.192446
0.885587 0.191868
0.906351 0.191267
0.927115 0.190644
0.94788 0.189999
0.968644 0.189334
0.989408 0.188649
1.01017 0.187944
1.03094 0.18722
1.0517 0.186478
1.07246 0.185719
1.09323 0.184942
1.11399 0.184149
1.13476 0.183339
1.15552 0.182515
1.17629 0.181675
1.19705 0.180822
1.21781 0.179955
1.23858 0.179075
1.25934 0.178182
1.28011 0.177277
1.30087 0.176361
1.32164 0.175434
1.3424 0.174496
1.36316 0.173549
1.38393 0.172592
1.40469 0.171626
1.42546 0.170651
1.44622 0.169668
1.46698 0.168678
1.48775 0.167681
1.50851 0.166677
1.52928 0.165666
1.55004 0.164649
1.57081 0.163627
1.59157 0.1626
1.61233 0.161568
1.6331 0.160532
1.65386 0.159491
1.67463 0.158447
1.69539 0.1574
1.71616 0.15635
1.73692 0.155296
1.75768 0.154241
1.77845 0.153183
1.79921 0.152124
1.81998 0.151063
1.84074 0.150001
1.8615 0.148938
1.88227 0.147875
1.90303 0.146811
1.9238 0.145747
1.94456 0.144683
1.96533 0.14362
1.98609 0.142557
2.00685 0.141494
2.02762 0.140433
2.04838 0.139373
2.06915 0.138315
2.08991 0.137258
2.11067 0.136203
2.13144 0.13515
2.1522 0.134099
2.17297 0.13305
2.19373 0.132004
2.2145 0.130961
2.23526 0.12992
2.25602 0.128883
2.27679 0.127848
2.29755 0.126817
2.31832 0.12579
2.33908 0.124765
2.35985 0.123745
2.38061 0.122728
2.40137 0.121715
2.42214 0.120706
2.4429 0.119701
2.46367 0.1187
2.48443 0.117704
2.50519 0.116712
2.52596 0.115724
2.54672 0.114741
2.56749 0.113763
2.58825 0.112789
2.60902 0.11182
2.62978 0.110856
2.65054 0.109897
2.67131 0.108943
2.69207 0.107994
2.71284 0.10705
2.7336 0.106111
2.75437 0.105178
2.77513 0.104249
2.79589 0.103327
2.81666 0.102409
2.83742 0.101497
2.85819 0.10059
2.87895 0.0996886
2.89971 0.0987928
2.92048 0.0979026
2.94124 0.0970179
2.96201 0.0961388
2.98277 0.0952653
3.00354 0.0943975
3.0243 0.0935353
3.04506 0.0926788
3.06583 0.091828
3.08659 0.0909829
3.10736 0.0901435
3.12812 0.0893099
3.14889 0.088482
3.16965 0.0876599
3.19041 0.0868435
3.21118 0.0860329
3.23194 0.0852281
3.25271 0.084429
3.27347 0.0836357
3.29423 0.0828482
3.315 0.0820664
3.33576 0.0812904
3.35653 0.0805202
3.37729 0.0797557
3.39806 0.078997
3.41882 0.078244
3.43958 0.0774968
3.46035 0.0767552
3.48111 0.0760194
3.50188 0.0752893
3.52264 0.0745648
3.5434 0.0738461
3.56417 0.073133
3.58493 0.0724255
3.6057 0.0717237
3.62646 0.0710274
3.64723 0.0703368
3.66799 0.0696517
3.68875 0.0689722
3.70952 0.0682983
3.73028 0.0676298
3.75105 0.0669668
3.77181 0.0663093
3.79258 0.0656573
3.81334 0.0650107
3.8341 0.0643694
3.85487 0.0637336
3.87563 0.0631031
3.8964 0.062478
3.91716 0.0618581
3.93792 0.0612435
3.95869 0.0606342
3.97945 0.0600301
4.00022 0.0594312
4.02098 0.0588375
4.04175 0.058249
4.06251 0.0576655
4.08327 0.0570871
4.10404 0.0565138
4.1248 0.0559456
4.14557 0.0553823
4.16633 0.0548241
4.1871 0.0542707
4.20786 0.0537223
4.22862 0.0531788
4.24939 0.0526401
4.27015 0.0521063
4.29092 0.0515772
4.31168 0.051053
4.33244 0.0505335
4.35321 0.0500186
4.37397 0.0495085
4.39474 0.049003
4.4155 0.0485021
4.43627 0.0480058
4.45703 0.0475141
4.47779 0.0470269
4.49856 0.0465442
4.51932 0.0460659
4.54009 0.0455921
4.56085 0.0451226
4.58161 0.0446576
4.60238 0.0441969
4.62314 0.0437404
4.64391 0.0432883
4.66467 0.0428404
4.68544 0.0423967
4.7062 0.0419572
4.72696 0.0415219
4.74773 0.0410907
4.76849 0.0406635
4.78926 0.0402404
4.81002 0.0398214
4.83079 0.0394063
4.85155 0.0389952
4.87231 0.0385881
4.89308 0.0381848
4.91384 0.0377854
4.93461 0.0373899
4.95537 0.0369982
4.97613 0.0366103
4.9969 0.0362261
5.01766 0.0358456
5.03843 0.0354689
5.05919 0.0350958
5.07996 0.0347263
5.10072 0.0343604
5.12148 0.0339981
5.14225 0.0336394
5.16301 0.0332841
5.18378 0.0329324
5.20454 0.0325841
5.22531 0.0322393
5.24607 0.0318978
5.26683 0.0315597
5.2876 0.031225
5.30836 0.0308935
5.32913 0.0305654
5.34989 0.0302405
5.37065 0.0299188
5.39142 0.0296004
5.41218 0.0292851
5.43295 0.028973
5.45371 0.028664
5.47448 0.028358
5.49524 0.0280552
5.516 0.0277554
5.53677 0.0274586
5.55753 0.0271647
5.5783 0.0268739
5.59906 0.0265859
5.61983 0.0263009
5.64059 0.0260188
5.66135 0.0257395
5.68212 0.025463
5.70288 0.0251894
5.72365 0.0249185
5.74441 0.0246504
5.76517 0.024385
5.78594 0.0241223
5.8067 0.0238623
5.82747 0.0236049
5.84823 0.0233502
5.869 0.0230981
5.88976 0.0228485
5.91052 0.0226015
5.93129 0.0223571
5.95205 0.0221151
5.97282 0.0218757
5.99358 0.0216387
6.01434 0.0214042
6.03511 0.021172
6.05587 0.0209423
6.07664 0.020715
6.0974 0.0204899
6.11817 0.0202673
6.13893 0.0200469
6.15969 0.0198288
6.18046 0.019613
6.20122 0.0193994
6.22199 0.0191881
6.24275 0.0189789
6.26352 0.0187719
6.28428 0.0185671
6.30504 0.0183644
6.32581 0.0181639
6.34657 0.0179654
6.36734 0.017769
6.3881 0.0175746
6.40886 0.0173823
6.42963 0.0171921
6.45039 0.0170038
6.47116 0.0168174
6.49192 0.0166331
6.51269 0.0164507
6.53345 0.0162702
6.55421 0.0160916
6.57498 0.0159149
6.59574 0.01574
6.61651 0.015567
6.63727 0.0153959
6.65804 0.0152265
6.6788 0.0150589
6.69956 0.0148931
6.72033 0.0147291
6.74109 0.0145668
6.76186 0.0144062
6.78262 0.0142473
6.80338 0.0140902
6.82415 0.0139346
6.84491 0.0137808
6.86568 0.0136286
6.88644 0.013478
6.90721 0.013329
6.92797 0.0131816
6.94873 0.0130357
6.9695 0.0128915
6.99026 0.0127487
7.01103 0.0126075
7.03179 0.0124678
7.05255 0.0123296
7.07332 0.0121929
7.09408 0.0120577
7.11485 0.0119239
7.13561 0.0117915
7.15638 0.0116606
7.17714 0.0115311
7.1979 0.0114029
7.21867 0.0112762
7.23943 0.0111508
7.2602 0.0110267
7.28096 0.010904
7.30173 0.0107826
7.32249 0.0106626
7.34325 0.0105438
7.36402 0.0104263
7.38478 0.0103101
7.40555 0.0101951
7.42631 0.0100814
7.44707 0.00996887
7.46784 0.0098576
7.4886 0.00974753
7.50937 0.00963866
7.53013 0.00953096
7.5509 0.00942444
7.57166 0.00931907
7.59242 0.00921485
7.61319 0.00911176
7.63395 0.00900979
7.65472 0.00890894
7.67548 0.00880918
7.69625 0.0087105
7.71701 0.00861291
7.73777 0.00851637
7.75854 0.00842089
7.7793 0.00832645
7.80007 0.00823305
7.82083 0.00814066
7.84159 0.00804928
7.86236 0.0079589
7.88312 0.00786951
7.90389 0.0077811
7.92465 0.00769366
7.94542 0.00760717
7.96618 0.00752164
7.98694 0.00743704
8.00771 0.00735337
8.02847 0.00727061
8.04924 0.00718877
8.07 0.00710782
8.09077 0.00702776
8.11153 0.00694859
8.13229 0.00687028
8.15306 0.00679284
8.17382 0.00671624
8.19459 0.0066405
8.21535 0.00656558
8.23611 0.00649149
8.25688 0.00641822
8.27764 0.00634576
8.29841 0.00627409
8.31917 0.00620322
8.33994 0.00613313
8.3607 0.00606381
8.38146 0.00599526
8.40223 0.00592746
8.42299 0.00586042
8.44376 0.00579412
8.46452 0.00572855
8.48528 0.00566371
8.50605 0.00559958
8.52681 0.00553617
8.54758 0.00547346
8.56834 0.00541144
8.58911 0.00535012
8.60987 0.00528947
8.63063 0.0052295
8.6514 0.00517019
8.67216 0.00511154
8.69293 0.00505354
8.71369 0.00499619
8.73446 0.00493947
8.75522 0.00488339
8.77598 0.00482793
8.79675 0.00477308
8.81751 0.00471885
8.83828 0.00466522
8.85904 0.00461219
8.8798 0.00455975
8.90057 0.0045079
8.92133 0.00445662
8.9421 0.00440592
8.96286 0.00435578
8.98363 0.0043062
9.00439 0.00425717
9.02515 0.0042087
9.04592 0.00416076
9.06668 0.00411336
9.08745 0.00406649
9.10821 0.00402014
9.12898 0.00397432
9.14974 0.003929
9.1705 0.00388419
9.19127 0.00383989
9.21203 0.00379608
9.2328 0.00375276
9.25356 0.00370993
9.27432 0.00366758
9.29509 0.0036257
9.31585 0.00358429
9.33662 0.00354335
9.35738 0.00350287
9.37815 0.00346284
9.39891 0.00342326
9.41967 0.00338412
9.44044 0.00334543
9.4612 0.00330717
9.48197 0.00326934
9.50273 0.00323194
9.52349 0.00319495
9.54426 0.00315839
9.56502 0.00312223
9.58579 0.00308648
9.60655 0.00305114
9.62732 0.00301619
9.64808 0.00298164
9.66884 0.00294747
9.68961 0.00291369
9.71037 0.0028803
9.73114 0.00284727
9.7519 0.00281463
9.77267 0.00278235
9.79343 0.00275043
9.81419 0.00271888
9.83496 0.00268768
9.85572 0.00265683
9.87649 0.00262633
9.89725 0.00259618
9.91801 0.00256637
9.93878 0.00253689
9.95954 0.00250775
9.98031 0.00247894
10.0011 0.00245046
10.0218 0.00242229
10.0426 0.00239445
10.0634 0.00236692
10.0841 0.00233971
10.1049 0.0023128
10.1257 0.00228619
10.1464 0.00225989
10.1672 0.00223389
10.1879 0.00220818
10.2087 0.00218276
10.2295 0.00215764
10.2502 0.00213279
10.271 0.00210823
10.2918 0.00208395
10.3125 0.00205994
10.3333 0.00203621
10.3541 0.00201275
10.3748 0.00198955
10.3956 0.00196661
10.4164 0.00194394
10.4371 0.00192153
10.4579 0.00189937
10.4786 0.00187746
10.4994 0.0018558
10.5202 0.00183439
10.5409 0.00181322
10.5617 0.00179229
10.5825 0.00177161
10.6032 0.00175115
10.624 0.00173093
10.6448 0.00171094
10.6655 0.00169118
10.6863 0.00167165
10.7071 0.00165233
10.7278 0.00163324
10.7486 0.00161436
10.7693 0.00159571
10.7901 0.00157726
10.8109 0.00155902
10.8316 0.00154099
10.8524 0.00152317
10.8732 0.00150555
10.8939 0.00148814
10.9147 0.00147092
10.9355 0.0014539
10.9562 0.00143707
10.977 0.00142044
10.9978 0.00140399
11.0185 0.00138774
11.0393 0.00137167
11.06 0.00135578
11.0808 0.00134008
11.1016 0.00132455
11.1223 0.0013092
11.1431 0.00129403
11.1639 0.00127904
11.1846 0.00126421
11.2054 0.00124956
11.2262 0.00123507
11.2469 0.00122075
11.2677 0.00120659
11.2885 0.00119259
11.3092 0.00117876
11.33 0.00116508
11.3507 0.00115156
11.3715 0.0011382
11.3923 0.00112499
11.413 0.00111193
11.4338 0.00109902
11.4546 0.00108626
11.4753 0.00107365
11.4961 0.00106118
11.5169 0.00104885
11.5376 0.00103667
11.5584 0.00102462
11.5792 0.00101272
11.5999 0.00100095
11.6207 0.000989316
11.6414 0.000977816
11.6622 0.000966449
11.683 0.000955212
11.7037 0.000944104
11.7245 0.000933125
11.7453 0.000922271
11.766 0.000911543
11.7868 0.000900938
11.8076 0.000890455
11.8283 0.000880093
11.8491 0.000869851
11.8698 0.000859726
11.8906 0.000849718
11.9114 0.000839826
11.9321 0.000830047
11.9529 0.000820381
11.9737 0.000810827
11.9944 0.000801382
12.0152 0.000792047
12.036 0.000782819
12.0567 0.000773698
12.0775 0.000764682
12.0983 0.000755771
12.119 0.000746961
12.1398 0.000738254
12.1605 0.000729647
12.1813 0.00072114
12.2021 0.000712731
12.2228 0.000704419
12.2436 0.000696203
12.2644 0.000688082
12.2851 0.000680055
12.3059 0.00067212
12.3267 0.000664277
12.3474 0.000656525
12.3682 0.000648863
12.389 0.000641289
12.4097 0.000633803
12.4305 0.000626403
12.4512 0.000619089
12.472 0.00061186
12.4928 0.000604714
12.5135 0.000597651
12.5343 0.00059067
12.5551 0.000583769
12.5758 0.000576949
12.5966 0.000570207
12.6174 0.000563544
12.6381 0.000556958
12.6589 0.000550448
12.6797 0.000544013
12.7004 0.000537653
12.7212 0.000531367
12.7419 0.000525154
12.7627 0.000519012
12.7835 0.000512942
12.8042 0.000506942
12.825 0.000501012
12.8458 0.000495151
12.8665 0.000489357
12.8873 0.000483631
12.9081 0.000477971
12.9288 0.000472377
12.9496 0.000466848
12.9704 0.000461383
12.9911 0.000455982
13.0119 0.000450643
13.0326 0.000445366
13.0534 0.000440151
13.0742 0.000434996
13.0949 0.000429901
13.1157 0.000424865
13.1365 0.000419888
13.1572 0.000414968
13.178 0.000410106
13.1988 0.0004053
13.2195 0.00040055
13.2403 0.000395855
13.2611 0.000391215
13.2818 0.000386629
13.3026 0.000382096
13.3233 0.000377616
13.3441 0.000373188
13.3649 0.000368812
13.3856 0.000364486
13.4064 0.000360211
13.4272 0.000355986
13.4479 0.00035181
13.4687 0.000347682
13.4895 0.000343603
13.5102 0.000339571
13.531 0.000335586
13.5518 0.000331647
13.5725 0.000327754
13.5933 0.000323907
13.614 0.000320104
13.6348 0.000316346
13.6556 0.000312631
13.6763 0.00030896
13.6971 0.000305332
13.7179 0.000301746
13.7386 0.000298201
13.7594 0.000294699
13.7802 0.000291236
13.8009 0.000287815
