-6.32726 0.000599769
-6.31132 0.000609941
-6.29538 0.000620286
-6.27944 0.000630807
-6.2635 0.000641508
-6.24757 0.000652391
-6.23163 0.000663459
-6.21569 0.000674716
-6.19975 0.000686164
-6.18381 0.000697808
-6.16787 0.00070965
-6.15194 0.000721694
-6.136 0.000733944
-6.12006 0.000746402
-6.10412 0.000759073
-6.08818 0.000771959
-6.07224 0.000785066
-6.05631 0.000798396
-6.04037 0.000811953
-6.02443 0.000825741
-6.00849 0.000839765
-5.99255 0.000854027
-5.97662 0.000868534
-5.96068 0.000883287
-5.94474 0.000898292
-5.9288 0.000913554
-5.91286 0.000929075
-5.89692 0.000944862
-5.88099 0.000960918
-5.86505 0.000977248
-5.84911 0.000993857
-5.83317 0.00101075
-5.81723 0.00102793
-5.8013 0.0010454
-5.78536 0.00106318
-5.76942 0.00108125
-5.75348 0.00109964
-5.73754 0.00111833
-5.7216 0.00113735
-5.70567 0.00115669
-5.68973 0.00117637
-5.67379 0.00119638
-5.65785 0.00121673
-5.64191 0.00123742
-5.62597 0.00125848
-5.61004 0.00127989
-5.5941 0.00130167
-5.57816 0.00132381
-5.56222 0.00134634
-5.54628 0.00136926
-5.53035 0.00139256
-5.51441 0.00141626
-5.49847 0.00144037
-5.48253 0.00146489
-5.46659 0.00148983
-5.45065 0.0015152
-5.43472 0.001541
-5.41878 0.00156724
-5.40284 0.00159393
-5.3869 0.00162108
-5.37096 0.00164869
-5.35502 0.00167677
-5.33909 0.00170533
-5.32315 0.00173438
-5.30721 0.00176393
-5.29127 0.00179399
-5.27533 0.00182455
-5.2594 0.00185564
-5.24346 0.00188727
-5.22752 0.00191943
-5.21158 0.00195215
-5.19564 0.00198542
-5.1797 0.00201927
-5.16377 0.00205369
-5.14783 0.0020887
-5.13189 0.00212431
-5.11595 0.00216053
-5.10001 0.00219738
-5.08408 0.00223485
-5.06814 0.00227296
-5.0522 0.00231173
-5.03626 0.00235116
-5.02032 0.00239126
-5.00438 0.00243205
-4.98845 0.00247355
-4.97251 0.00251575
-4.95657 0.00255867
-4.94063 0.00260233
-4.92469 0.00264674
-4.90875 0.0026919
-4.89282 0.00273784
-4.87688 0.00278457
-4.86094 0.0028321
-4.845 0.00288044
-4.82906 0.00292961
-4.81313 0.00297963
-4.79719 0.00303049
-4.78125 0.00308224
-4.76531 0.00313486
-4.74937 0.00318839
-4.73343 0.00324284
-4.7175 0.00329822
-4.70156 0.00335455
-4.68562 0.00341184
-4.66968 0.00347012
-4.65374 0.00352939
-4.63781 0.00358968
-4.62187 0.003651
-4.60593 0.00371338
-4.58999 0.00377682
-4.57405 0.00384135
-4.55811 0.00390699
-4.54218 0.00397375
-4.52624 0.00404165
-4.5103 0.00411072
-4.49436 0.00418097
-4.47842 0.00425243
-4.46248 0.00432511
-4.44655 0.00439903
-4.43061 0.00447423
-4.41467 0.00455071
-4.39873 0.0046285
-4.38279 0.00470763
-4.36686 0.00478811
-4.35092 0.00486997
-4.33498 0.00495323
-4.31904 0.00503792
-4.3031 0.00512406
-4.28716 0.00521168
-4.27123 0.0053008
-4.25529 0.00539145
-4.23935 0.00548365
-4.22341 0.00557742
-4.20747 0.00567281
-4.19154 0.00576983
-4.1756 0.00586851
-4.15966 0.00596888
-4.14372 0.00607097
-4.12778 0.00617481
-4.11184 0.00628043
-4.09591 0.00638786
-4.07997 0.00649713
-4.06403 0.00660827
-4.04809 0.00672131
-4.03215 0.00683628
-4.01621 0.00695323
-4.00028 0.00707218
-3.98434 0.00719316
-3.9684 0.00731621
-3.95246 0.00744137
-3.93652 0.00756868
-3.92059 0.00769816
-3.90465 0.00782985
-3.88871 0.0079638
-3.87277 0.00810004
-3.85683 0.00823861
-3.84089 0.00837955
-3.82496 0.0085229
-3.80902 0.0086687
-3.79308 0.008817
-3.77714 0.00896783
-3.7612 0.00912123
-3.74527 0.00927726
-3.72933 0.00943595
-3.71339 0.00959736
-3.69745 0.00976152
-3.68151 0.00992848
-3.66557 0.0100983
-3.64964 0.010271
-3.6337 0.0104467
-3.61776 0.0106253
-3.60182 0.010807
-3.58588 0.0109919
-3.56994 0.0111798
-3.55401 0.011371
-3.53807 0.0115654
-3.52213 0.0117631
-3.50619 0.0119642
-3.49025 0.0121688
-3.47432 0.0123768
-3.45838 0.0125883
-3.44244 0.0128035
-3.4265 0.0130223
-3.41056 0.0132448
-3.39462 0.0134712
-3.37869 0.0137013
-3.36275 0.0139354
-3.34681 0.0141735
-3.33087 0.0144156
-3.31493 0.0146618
-3.29899 0.0149122
-3.28306 0.0151668
-3.26712 0.0154258
-3.25118 0.0156891
-3.23524 0.0159569
-3.2193 0.0162292
-3.20337 0.0165062
-3.18743 0.0167878
-3.17149 0.0170743
-3.15555 0.0173655
-3.13961 0.0176617
-3.12367 0.0179628
-3.10774 0.0182691
-3.0918 0.0185805
-3.07586 0.0188972
-3.05992 0.0192192
-3.04398 0.0195467
-3.02805 0.0198796
-3.01211 0.0202182
-2.99617 0.0205624
-2.98023 0.0209125
-2.96429 0.0212684
-2.94835 0.0216303
-2.93242 0.0219983
-2.91648 0.0223724
-2.90054 0.0227528
-2.8846 0.0231396
-2.86866 0.0235328
-2.85272 0.0239326
-2.83679 0.0243391
-2.82085 0.0247524
-2.80491 0.0251726
-2.78897 0.0255998
-2.77303 0.026034
-2.7571 0.0264755
-2.74116 0.0269244
-2.72522 0.0273807
-2.70928 0.0278445
-2.69334 0.0283161
-2.6774 0.0287954
-2.66147 0.0292827
-2.64553 0.029778
-2.62959 0.0302815
-2.61365 0.0307933
-2.59771 0.0313135
-2.58178 0.0318423
-2.56584 0.0323797
-2.5499 0.032926
-2.53396 0.0334812
-2.51802 0.0340455
-2.50208 0.034619
-2.48615 0.0352019
-2.47021 0.0357942
-2.45427 0.0363962
-2.43833 0.037008
-2.42239 0.0376297
-2.40645 0.0382614
-2.39052 0.0389034
-2.37458 0.0395557
-2.35864 0.0402185
-2.3427 0.040892
-2.32676 0.0415763
-2.31083 0.0422715
-2.29489 0.0429779
-2.27895 0.0436955
-2.26301 0.0444246
-2.24707 0.0451652
-2.23113 0.0459176
-2.2152 0.0466818
-2.19926 0.0474582
-2.18332 0.0482467
-2.16738 0.0490477
-2.15144 0.0498612
-2.13551 0.0506874
-2.11957 0.0515264
-2.10363 0.0523785
-2.08769 0.0532439
-2.07175 0.0541226
-2.05581 0.0550148
-2.03988 0.0559207
-2.02394 0.0568405
-2.008 0.0577744
-1.99206 0.0587224
-1.97612 0.0596848
-1.96018 0.0606618
-1.94425 0.0616534
-1.92831 0.06266
-1.91237 0.0636815
-1.89643 0.0647183
-1.88049 0.0657704
-1.86456 0.066838
-1.84862 0.0679213
-1.83268 0.0690205
-1.81674 0.0701356
-1.8008 0.0712669
-1.78486 0.0724145
-1.76893 0.0735785
-1.75299 0.0747591
-1.73705 0.0759565
-1.72111 0.0771708
-1.70517 0.0784021
-1.68924 0.0796505
-1.6733 0.0809162
-1.65736 0.0821994
-1.64142 0.0835001
-1.62548 0.0848184
-1.60954 0.0861545
-1.59361 0.0875085
-1.57767 0.0888804
-1.56173 0.0902704
-1.54579 0.0916786
-1.52985 0.093105
-1.51391 0.0945497
-1.49798 0.0960128
-1.48204 0.0974943
-1.4661 0.0989943
-1.45016 0.100513
-1.43422 0.10205
-1.41829 0.103606
-1.40235 0.10518
-1.38641 0.106773
-1.37047 0.108384
-1.35453 0.110014
-1.33859 0.111662
-1.32266 0.113329
-1.30672 0.115015
-1.29078 0.116718
-1.27484 0.11844
-1.2589 0.12018
-1.24296 0.121938
-1.22703 0.123713
-1.21109 0.125507
-1.19515 0.127318
-1.17921 0.129146
-1.16327 0.130991
-1.14734 0.132853
-1.1314 0.134732
-1.11546 0.136627
-1.09952 0.138538
-1.08358 0.140464
-1.06764 0.142406
-1.05171 0.144363
-1.03577 0.146334
-1.01983 0.14832
-1.00389 0.150319
-0.987954 0.152332
-0.972015 0.154357
-0.956077 0.156394
-0.940139 0.158443
-0.924201 0.160503
-0.908262 0.162573
-0.892324 0.164653
-0.876386 0.166742
-0.860448 0.168839
-0.84451 0.170944
-0.828571 0.173056
-0.812633 0.175173
-0.796695 0.177296
-0.780757 0.179424
-0.764818 0.181554
-0.74888 0.183688
-0.732942 0.185822
-0.717004 0.187958
-0.701066 0.190093
-0.685127 0.192226
-0.669189 0.194356
-0.653251 0.196483
-0.637313 0.198605
-0.621375 0.200721
-0.605436 0.20283
-0.589498 0.20493
-0.57356 0.207021
-0.557622 0.209101
-0.541683 0.211168
-0.525745 0.213222
-0.509807 0.21526
-0.493869 0.217283
-0.477931 0.219288
-0.461992 0.221274
-0.446054 0.223239
-0.430116 0.225183
-0.414178 0.227104
-0.39824 0.229
-0.382301 0.23087
-0.366363 0.232713
-0.350425 0.234526
-0.334487 0.23631
-0.318548 0.238062
-0.30261 0.239781
-0.286672 0.241466
-0.270734 0.243115
-0.254796 0.244728
-0.238857 0.246302
-0.222919 0.247836
-0.206981 0.24933
-0.191043 0.250781
-0.175104 0.25219
-0.159166 0.253554
-0.143228 0.254873
-0.12729 0.256145
-0.111352 0.25737
-0.0954134 0.258547
-0.0794752 0.259674
-0.0635369 0.260751
-0.0475987 0.261777
-0.0316605 0.262752
-0.0157223 0.263674
0.000215921 0.264543
0.0161541 0.265359
0.0320924 0.26612
0.0480306 0.266828
0.0639688 0.26748
0.079907 0.268077
0.0958452 0.268619
0.111783 0.269105
0.127722 0.269536
0.14366 0.269911
0.159598 0.27023
0.175536 0.270493
0.191475 0.270701
0.207413 0.270854
0.223351 0.270952
0.239289 0.270995
0.255227 0.270984
0.271166 0.270919
0.287104 0.270801
0.303042 0.27063
0.31898 0.270407
0.334918 0.270132
0.350857 0.269806
0.366795 0.26943
0.382733 0.269005
0.398671 0.268531
0.41461 0.26801
0.430548 0.267442
0.446486 0.266827
0.462424 0.266168
0.478362 0.265465
0.494301 0.264719
0.510239 0.263931
0.526177 0.263102
0.542115 0.262233
0.558054 0.261326
0.573992 0.26038
0.58993 0.259398
0.605868 0.258381
0.621806 0.257329
0.637745 0.256244
0.653683 0.255126
0.669621 0.253977
0.685559 0.252799
0.701497 0.251591
0.717436 0.250356
0.733374 0.249094
0.749312 0.247806
0.76525 0.246494
0.781189 0.245158
0.797127 0.2438
0.813065 0.242421
0.829003 0.241021
0.844941 0.239602
0.86088 0.238164
0.876818 0.236709
0.892756 0.235238
0.908694 0.233751
0.924633 0.23225
0.940571 0.230735
0.956509 0.229207
0.972447 0.227668
0.988385 0.226117
1.00432 0.224557
1.02026 0.222987
1.0362 0.221408
1.05214 0.219822
1.06808 0.218229
1.08401 0.216629
1.09995 0.215024
1.11589 0.213413
1.13183 0.211799
1.14777 0.210181
1.16371 0.20856
1.17964 0.206937
1.19558 0.205312
1.21152 0.203686
1.22746 0.202059
1.2434 0.200432
1.25934 0.198806
1.27527 0.19718
1.29121 0.195556
1.30715 0.193934
1.32309 0.192314
1.33903 0.190697
1.35496 0.189084
1.3709 0.187473
1.38684 0.185867
1.40278 0.184265
1.41872 0.182668
1.43466 0.181075
1.45059 0.179488
1.46653 0.177907
1.48247 0.176332
1.49841 0.174763
1.51435 0.1732
1.53028 0.171644
1.54622 0.170095
1.56216 0.168554
1.5781 0.167019
1.59404 0.165493
1.60998 0.163974
1.62591 0.162464
1.64185 0.160961
1.65779 0.159467
1.67373 0.157982
1.68967 0.156505
1.70561 0.155037
1.72154 0.153578
1.73748 0.152128
1.75342 0.150688
1.76936 0.149256
1.7853 0.147834
1.80123 0.146422
1.81717 0.145019
1.83311 0.143626
1.84905 0.142243
1.86499 0.140869
1.88093 0.139505
1.89686 0.138152
1.9128 0.136808
1.92874 0.135474
1.94468 0.13415
1.96062 0.132837
1.97655 0.131533
1.99249 0.13024
2.00843 0.128957
2.02437 0.127684
2.04031 0.126421
2.05625 0.125168
2.07218 0.123926
2.08812 0.122693
2.10406 0.121471
2.12 0.120259
2.13594 0.119057
2.15188 0.117866
2.16781 0.116684
2.18375 0.115513
2.19969 0.114352
2.21563 0.1132
2.23157 0.112059
2.2475 0.110928
2.26344 0.109807
2.27938 0.108695
2.29532 0.107594
2.31126 0.106502
2.3272 0.105421
2.34313 0.104349
2.35907 0.103286
2.37501 0.102234
2.39095 0.101191
2.40689 0.100158
2.42282 0.0991339
2.43876 0.0981196
2.4547 0.0971148
2.47064 0.0961193
2.48658 0.0951332
2.50252 0.0941563
2.51845 0.0931887
2.53439 0.0922302
2.55033 0.0912809
2.56627 0.0903405
2.58221 0.0894092
2.59815 0.0884868
2.61408 0.0875733
2.63002 0.0866686
2.64596 0.0857726
2.6619 0.0848853
2.67784 0.0840066
2.69377 0.0831365
2.70971 0.0822749
2.72565 0.0814217
2.74159 0.0805769
2.75753 0.0797404
2.77347 0.0789121
2.7894 0.0780921
2.80534 0.0772801
2.82128 0.0764762
2.83722 0.0756802
2.85316 0.0748922
2.86909 0.074112
2.88503 0.0733397
2.90097 0.072575
2.91691 0.071818
2.93285 0.0710686
2.94879 0.0703268
2.96472 0.0695924
2.98066 0.0688654
2.9966 0.0681458
3.01254 0.0674334
3.02848 0.0667283
3.04442 0.0660303
3.06035 0.0653394
3.07629 0.0646555
3.09223 0.0639786
3.10817 0.0633086
3.12411 0.0626454
3.14004 0.061989
3.15598 0.0613393
3.17192 0.0606962
3.18786 0.0600598
3.2038 0.0594299
3.21974 0.0588064
3.23567 0.0581894
3.25161 0.0575787
3.26755 0.0569743
3.28349 0.0563761
3.29943 0.0557841
3.31537 0.0551982
3.3313 0.0546184
3.34724 0.0540446
3.36318 0.0534767
3.37912 0.0529147
3.39506 0.0523585
3.41099 0.0518081
3.42693 0.0512634
3.44287 0.0507244
3.45881 0.0501909
3.47475 0.0496631
3.49069 0.0491407
3.50662 0.0486237
3.52256 0.0481122
3.5385 0.047606
3.55444 0.047105
3.57038 0.0466093
3.58631 0.0461188
3.60225 0.0456334
3.61819 0.0451531
3.63413 0.0446778
3.65007 0.0442075
3.66601 0.0437421
3.68194 0.0432815
3.69788 0.0428258
3.71382 0.0423749
3.72976 0.0419287
3.7457 0.0414872
3.76164 0.0410504
3.77757 0.0406181
3.79351 0.0401903
3.80945 0.0397671
3.82539 0.0393483
3.84133 0.0389339
3.85726 0.0385239
3.8732 0.0381182
3.88914 0.0377167
3.90508 0.0373195
3.92102 0.0369265
3.93696 0.0365376
3.95289 0.0361528
3.96883 0.035772
3.98477 0.0353953
4.00071 0.0350225
4.01665 0.0346537
4.03258 0.0342888
4.04852 0.0339277
4.06446 0.0335704
4.0804 0.033217
4.09634 0.0328672
4.11228 0.0325211
4.12821 0.0321787
4.14415 0.0318399
4.16009 0.0315047
4.17603 0.031173
4.19197 0.0308449
4.20791 0.0305202
4.22384 0.0301989
4.23978 0.029881
4.25572 0.0295665
4.27166 0.0292553
4.2876 0.0289474
4.30353 0.0286428
4.31947 0.0283414
4.33541 0.0280432
4.35135 0.0277481
4.36729 0.0274562
4.38323 0.0271673
4.39916 0.0268815
4.4151 0.0265988
4.43104 0.026319
4.44698 0.0260422
4.46292 0.0257683
4.47885 0.0254973
4.49479 0.0252292
4.51073 0.0249639
4.52667 0.0247014
4.54261 0.0244418
4.55855 0.0241848
4.57448 0.0239306
4.59042 0.0236791
4.60636 0.0234302
4.6223 0.023184
4.63824 0.0229404
4.65418 0.0226994
4.67011 0.0224609
4.68605 0.0222249
4.70199 0.0219915
4.71793 0.0217605
4.73387 0.0215319
4.7498 0.0213058
4.76574 0.0210821
4.78168 0.0208607
4.79762 0.0206417
4.81356 0.020425
4.8295 0.0202106
4.84543 0.0199985
4.86137 0.0197886
4.87731 0.019581
4.89325 0.0193755
4.90919 0.0191723
4.92512 0.0189711
4.94106 0.0187721
4.957 0.0185752
4.97294 0.0183804
4.98888 0.0181877
5.00482 0.017997
5.02075 0.0178083
5.03669 0.0176216
5.05263 0.0174369
5.06857 0.0172542
5.08451 0.0170733
5.10045 0.0168944
5.11638 0.0167174
5.13232 0.0165423
5.14826 0.016369
5.1642 0.0161975
5.18014 0.0160279
5.19607 0.01586
5.21201 0.015694
5.22795 0.0155297
5.24389 0.0153671
5.25983 0.0152062
5.27577 0.0150471
5.2917 0.0148896
5.30764 0.0147338
5.32358 0.0145796
5.33952 0.0144271
5.35546 0.0142762
5.3714 0.0141269
5.38733 0.0139791
5.40327 0.0138329
5.41921 0.0136883
5.43515 0.0135452
5.45109 0.0134036
5.46702 0.0132635
5.48296 0.0131249
5.4989 0.0129877
5.51484 0.012852
5.53078 0.0127177
5.54672 0.0125849
5.56265 0.0124534
5.57859 0.0123234
5.59453 0.0121947
5.61047 0.0120673
5.62641 0.0119413
5.64234 0.0118167
5.65828 0.0116933
5.67422 0.0115713
5.69016 0.0114505
5.7061 0.0113311
5.72204 0.0112128
5.73797 0.0110959
5.75391 0.0109801
5.76985 0.0108656
5.78579 0.0107523
5.80173 0.0106402
5.81767 0.0105292
5.8336 0.0104195
5.84954 0.0103109
5.86548 0.0102034
5.88142 0.0100971
5.89736 0.00999185
5.91329 0.00988774
5.92923 0.00978473
5.94517 0.00968281
5.96111 0.00958196
5.97705 0.00948217
5.99299 0.00938344
6.00892 0.00928574
6.02486 0.00918907
6.0408 0.00909342
6.05674 0.00899877
6.07268 0.00890512
6.08861 0.00881246
6.10455 0.00872077
6.12049 0.00863004
6.13643 0.00854027
6.15237 0.00845145
6.16831 0.00836355
6.18424 0.00827659
6.20018 0.00819053
6.21612 0.00810538
6.23206 0.00802113
6.248 0.00793776
6.26394 0.00785527
6.27987 0.00777364
6.29581 0.00769287
6.31175 0.00761295
6.32769 0.00753387
6.34363 0.00745562
6.35956 0.00737819
6.3755 0.00730157
6.39144 0.00722576
6.40738 0.00715075
6.42332 0.00707652
6.43926 0.00700307
6.45519 0.00693039
6.47113 0.00685847
6.48707 0.00678731
6.50301 0.00671689
6.51895 0.00664722
6.53488 0.00657827
6.55082 0.00651005
6.56676 0.00644254
6.5827 0.00637574
6.59864 0.00630964
6.61458 0.00624423
6.63051 0.00617951
6.64645 0.00611546
6.66239 0.00605209
6.67833 0.00598938
6.69427 0.00592733
6.71021 0.00586592
6.72614 0.00580516
6.74208 0.00574504
6.75802 0.00568554
6.77396 0.00562667
6.7899 0.00556841
6.80583 0.00551077
6.82177 0.00545372
6.83771 0.00539728
6.85365 0.00534142
6.86959 0.00528615
6.88553 0.00523146
6.90146 0.00517733
6.9174 0.00512378
6.93334 0.00507078
6.94928 0.00501834
6.96522 0.00496645
6.98115 0.00491509
6.99709 0.00486428
7.01303 0.00481399
7.02897 0.00476423
7.04491 0.00471499
7.06085 0.00466627
7.07678 0.00461805
7.09272 0.00457034
7.10866 0.00452312
7.1246 0.0044764
7.14054 0.00443017
7.15648 0.00438442
7.17241 0.00433914
7.18835 0.00429434
7.20429 0.00425
7.22023 0.00420613
7.23617 0.00416272
7.2521 0.00411975
7.26804 0.00407724
7.28398 0.00403517
7.29992 0.00399354
7.31586 0.00395234
7.3318 0.00391157
7.34773 0.00387123
7.36367 0.0038313
7.37961 0.00379179
7.39555 0.0037527
7.41149 0.00371401
7.42742 0.00367572
7.44336 0.00363783
7.4593 0.00360034
7.47524 0.00356324
7.49118 0.00352652
7.50712 0.00349019
7.52305 0.00345423
7.53899 0.00341865
7.55493 0.00338343
7.57087 0.00334859
7.58681 0.0033141
7.60275 0.00327998
7.61868 0.00324621
7.63462 0.00321279
7.65056 0.00317972
7.6665 0.00314699
7.68244 0.0031146
7.69837 0.00308255
7.71431 0.00305084
7.73025 0.00301945
7.74619 0.00298839
7.76213 0.00295765
7.77807 0.00292723
7.794 0.00289712
7.80994 0.00286733
7.82588 0.00283785
7.84182 0.00280867
7.85776 0.0027798
7.8737 0.00275122
7.88963 0.00272295
7.90557 0.00269496
7.92151 0.00266727
7.93745 0.00263986
7.95339 0.00261274
7.96932 0.0025859
7.98526 0.00255934
8.0012 0.00253305
8.01714 0.00250704
8.03308 0.00248129
8.04902 0.00245582
8.06495 0.0024306
8.08089 0.00240565
8.09683 0.00238096
8.11277 0.00235652
8.12871 0.00233233
8.14464 0.0023084
8.16058 0.00228471
8.17652 0.00226127
8.19246 0.00223808
8.2084 0.00221512
8.22434 0.0021924
8.24027 0.00216991
8.25621 0.00214766
8.27215 0.00212564
8.28809 0.00210384
8.30403 0.00208227
8.31997 0.00206093
8.3359 0.0020398
8.35184 0.0020189
8.36778 0.00199821
8.38372 0.00197773
8.39966 0.00195747
8.41559 0.00193741
8.43153 0.00191757
8.44747 0.00189792
8.46341 0.00187848
8.47935 0.00185925
8.49529 0.00184021
8.51122 0.00182136
8.52716 0.00180272
8.5431 0.00178426
8.55904 0.00176599
8.57498 0.00174792
8.59091 0.00173003
8.60685 0.00171232
8.62279 0.0016948
8.63873 0.00167746
8.65467 0.0016603
8.67061 0.00164331
8.68654 0.0016265
8.70248 0.00160987
8.71842 0.0015934
8.73436 0.00157711
8.7503 0.00156098
8.76624 0.00154502
8.78217 0.00152922
8.79811 0.00151359
8.81405 0.00149812
8.82999 0.00148281
8.84593 0.00146765
8.86186 0.00145265
8.8778 0.00143781
8.89374 0.00142312
8.90968 0.00140858
8.92562 0.00139419
8.94156 0.00137995
8.95749 0.00136586
8.97343 0.00135191
8.98937 0.0013381
9.00531 0.00132444
9.02125 0.00131092
9.03718 0.00129753
9.05312 0.00128429
9.06906 0.00127118
9.085 0.0012582
9.10094 0.00124536
9.11688 0.00123265
9.13281 0.00122007
9.14875 0.00120763
9.16469 0.0011953
9.18063 0.00118311
9.19657 0.00117104
9.21251 0.0011591
9.22844 0.00114728
9.24438 0.00113558
9.26032 0.001124
9.27626 0.00111254
9.2922 0.00110119
9.30813 0.00108997
9.32407 0.00107886
9.34001 0.00106786
9.35595 0.00105698
9.37189 0.0010462
9.38783 0.00103554
9.40376 0.00102499
9.4197 0.00101455
9.43564 0.00100421
9.45158 0.000993983
9.46752 0.000983858
9.48345 0.000973837
9.49939 0.000963919
9.51533 0.000954103
9.53127 0.000944387
9.54721 0.000934772
9.56315 0.000925255
9.57908 0.000915835
9.59502 0.000906512
