-41.3927 0.000290642
-41.347 0.000292134
-41.3012 0.000293635
-41.2555 0.000295143
-41.2097 0.000296659
-41.164 0.000298184
-41.1182 0.000299717
-41.0725 0.000301257
-41.0268 0.000302806
-40.981 0.000304364
-40.9353 0.000305929
-40.8895 0.000307504
-40.8438 0.000309086
-40.798 0.000310677
-40.7523 0.000312276
-40.7066 0.000313884
-40.6608 0.000315501
-40.6151 0.000317126
-40.5693 0.00031876
-40.5236 0.000320403
-40.4778 0.000322055
-40.4321 0.000323715
-40.3863 0.000325384
-40.3406 0.000327063
-40.2949 0.00032875
-40.2491 0.000330446
-40.2034 0.000332152
-40.1576 0.000333866
-40.1119 0.00033559
-40.0661 0.000337323
-40.0204 0.000339066
-39.9747 0.000340818
-39.9289 0.000342579
-39.8832 0.000344349
-39.8374 0.00034613
-39.7917 0.00034792
-39.7459 0.000349719
-39.7002 0.000351528
-39.6545 0.000353347
-39.6087 0.000355176
-39.563 0.000357014
-39.5172 0.000358863
-39.4715 0.000360721
-39.4257 0.00036259
-39.38 0.000364468
-39.3343 0.000366357
-39.2885 0.000368256
-39.2428 0.000370165
-39.197 0.000372085
-39.1513 0.000374015
-39.1055 0.000375955
-39.0598 0.000377906
-39.0141 0.000379867
-38.9683 0.000381839
-38.9226 0.000383822
-38.8768 0.000385815
-38.8311 0.000387819
-38.7853 0.000389834
-38.7396 0.00039186
-38.6938 0.000393897
-38.6481 0.000395945
-38.6024 0.000398005
-38.5566 0.000400075
-38.5109 0.000402156
-38.4651 0.000404249
-38.4194 0.000406354
-38.3736 0.000408469
-38.3279 0.000410596
-38.2822 0.000412735
-38.2364 0.000414886
-38.1907 0.000417048
-38.1449 0.000419221
-38.0992 0.000421407
-38.0534 0.000423605
-38.0077 0.000425814
-37.962 0.000428036
-37.9162 0.00043027
-37.8705 0.000432515
-37.8247 0.000434774
-37.779 0.000437044
-37.7332 0.000439327
-37.6875 0.000441622
-37.6418 0.00044393
-37.596 0.000446251
-37.5503 0.000448584
-37.5045 0.00045093
-37.4588 0.000453288
-37.413 0.00045566
-37.3673 0.000458045
-37.3216 0.000460442
-37.2758 0.000462853
-37.2301 0.000465277
-37.1843 0.000467714
-37.1386 0.000470165
-37.0928 0.000472629
-37.0471 0.000475107
-37.0014 0.000477598
-36.9556 0.000480103
-36.9099 0.000482621
-36.8641 0.000485154
-36.8184 0.0004877
-36.7726 0.00049026
-36.7269 0.000492835
-36.6811 0.000495423
-36.6354 0.000498026
-36.5897 0.000500643
-36.5439 0.000503275
-36.4982 0.000505921
-36.4524 0.000508582
-36.4067 0.000511257
-36.3609 0.000513947
-36.3152 0.000516652
-36.2695 0.000519372
-36.2237 0.000522106
-36.178 0.000524856
-36.1322 0.000527621
-36.0865 0.000530402
-36.0407 0.000533198
-35.995 0.000536009
-35.9493 0.000538835
-35.9035 0.000541678
-35.8578 0.000544536
-35.812 0.00054741
-35.7663 0.0005503
-35.7205 0.000553205
-35.6748 0.000556127
-35.6291 0.000559065
-35.5833 0.00056202
-35.5376 0.000564991
-35.4918 0.000567978
-35.4461 0.000570982
-35.4003 0.000574002
-35.3546 0.00057704
-35.3089 0.000580094
-35.2631 0.000583165
-35.2174 0.000586253
-35.1716 0.000589359
-35.1259 0.000592482
-35.0801 0.000595622
-35.0344 0.000598779
-34.9886 0.000601955
-34.9429 0.000605148
-34.8972 0.000608358
-34.8514 0.000611587
-34.8057 0.000614833
-34.7599 0.000618098
-34.7142 0.000621381
-34.6684 0.000624683
-34.6227 0.000628002
-34.577 0.000631341
-34.5312 0.000634698
-34.4855 0.000638073
-34.4397 0.000641468
-34.394 0.000644882
-34.3482 0.000648315
-34.3025 0.000651767
-34.2568 0.000655238
-34.211 0.000658729
-34.1653 0.000662239
-34.1195 0.000665769
-34.0738 0.000669319
-34.028 0.000672889
-33.9823 0.000676479
-33.9366 0.000680089
-33.8908 0.00068372
-33.8451 0.00068737
-33.7993 0.000691042
-33.7536 0.000694734
-33.7078 0.000698447
-33.6621 0.00070218
-33.6164 0.000705935
-33.5706 0.000709711
-33.5249 0.000713508
-33.4791 0.000717327
-33.4334 0.000721167
-33.3876 0.000725029
-33.3419 0.000728913
-33.2962 0.000732818
-33.2504 0.000736746
-33.2047 0.000740696
-33.1589 0.000744668
-33.1132 0.000748663
-33.0674 0.000752681
-33.0217 0.000756721
-32.9759 0.000760784
-32.9302 0.00076487
-32.8845 0.000768979
-32.8387 0.000773112
-32.793 0.000777268
-32.7472 0.000781448
-32.7015 0.000785651
-32.6557 0.000789878
-32.61 0.00079413
-32.5643 0.000798405
-32.5185 0.000802705
-32.4728 0.00080703
-32.427 0.000811379
-32.3813 0.000815752
-32.3355 0.000820151
-32.2898 0.000824575
-32.2441 0.000829024
-32.1983 0.000833498
-32.1526 0.000837998
-32.1068 0.000842524
-32.0611 0.000847075
-32.0153 0.000851653
-31.9696 0.000856257
-31.9239 0.000860887
-31.8781 0.000865544
-31.8324 0.000870227
-31.7866 0.000874937
-31.7409 0.000879674
-31.6951 0.000884438
-31.6494 0.00088923
-31.6037 0.000894049
-31.5579 0.000898896
-31.5122 0.000903771
-31.4664 0.000908674
-31.4207 0.000913604
-31.3749 0.000918564
-31.3292 0.000923552
-31.2834 0.000928568
-31.2377 0.000933614
-31.192 0.000938688
-31.1462 0.000943792
-31.1005 0.000948925
-31.0547 0.000954088
-31.009 0.000959281
-30.9632 0.000964503
-30.9175 0.000969756
-30.8718 0.000975039
-30.826 0.000980353
-30.7803 0.000985698
-30.7345 0.000991073
-30.6888 0.00099648
-30.643 0.00100192
-30.5973 0.00100739
-30.5516 0.00101289
-30.5058 0.00101842
-30.4601 0.00102399
-30.4143 0.00102959
-30.3686 0.00103522
-30.3228 0.00104088
-30.2771 0.00104657
-30.2314 0.0010523
-30.1856 0.00105807
-30.1399 0.00106386
-30.0941 0.00106969
-30.0484 0.00107556
-30.0026 0.00108145
-29.9569 0.00108739
-29.9112 0.00109335
-29.8654 0.00109935
-29.8197 0.00110539
-29.7739 0.00111146
-29.7282 0.00111757
-29.6824 0.00112372
-29.6367 0.0011299
-29.591 0.00113611
-29.5452 0.00114236
-29.4995 0.00114865
-29.4537 0.00115498
-29.408 0.00116134
-29.3622 0.00116774
-29.3165 0.00117418
-29.2707 0.00118066
-29.225 0.00118717
-29.1793 0.00119372
-29.1335 0.00120031
-29.0878 0.00120694
-29.042 0.00121361
-28.9963 0.00122032
-28.9505 0.00122707
-28.9048 0.00123386
-28.8591 0.00124069
-28.8133 0.00124755
-28.7676 0.00125446
-28.7218 0.00126141
-28.6761 0.0012684
-28.6303 0.00127544
-28.5846 0.00128251
-28.5389 0.00128963
-28.4931 0.00129679
-28.4474 0.00130399
-28.4016 0.00131123
-28.3559 0.00131852
-28.3101 0.00132585
-28.2644 0.00133322
-28.2187 0.00134064
-28.1729 0.0013481
-28.1272 0.00135561
-28.0814 0.00136316
-28.0357 0.00137075
-27.9899 0.0013784
-27.9442 0.00138608
-27.8985 0.00139382
-27.8527 0.0014016
-27.807 0.00140942
-27.7612 0.00141729
-27.7155 0.00142521
-27.6697 0.00143318
-27.624 0.0014412
-27.5782 0.00144926
-27.5325 0.00145737
-27.4868 0.00146553
-27.441 0.00147374
-27.3953 0.001482
-27.3495 0.00149031
-27.3038 0.00149867
-27.258 0.00150708
-27.2123 0.00151554
-27.1666 0.00152405
-27.1208 0.00153261
-27.0751 0.00154122
-27.0293 0.00154989
-26.9836 0.00155861
-26.9378 0.00156738
-26.8921 0.0015762
-26.8464 0.00158508
-26.8006 0.00159401
-26.7549 0.001603
-26.7091 0.00161204
-26.6634 0.00162114
-26.6176 0.00163029
-26.5719 0.00163949
-26.5262 0.00164875
-26.4804 0.00165807
-26.4347 0.00166745
-26.3889 0.00167688
-26.3432 0.00168637
-26.2974 0.00169592
-26.2517 0.00170552
-26.206 0.00171519
-26.1602 0.00172491
-26.1145 0.0017347
-26.0687 0.00174454
-26.023 0.00175444
-25.9772 0.00176441
-25.9315 0.00177443
-25.8858 0.00178452
-25.84 0.00179467
-25.7943 0.00180488
-25.7485 0.00181516
-25.7028 0.00182549
-25.657 0.0018359
-25.6113 0.00184636
-25.5655 0.00185689
-25.5198 0.00186749
-25.4741 0.00187815
-25.4283 0.00188887
-25.3826 0.00189966
-25.3368 0.00191052
-25.2911 0.00192145
-25.2453 0.00193244
-25.1996 0.00194351
-25.1539 0.00195464
-25.1081 0.00196584
-25.0624 0.00197711
-25.0166 0.00198845
-24.9709 0.00199986
-24.9251 0.00201134
-24.8794 0.00202289
-24.8337 0.00203451
-24.7879 0.00204621
-24.7422 0.00205798
-24.6964 0.00206983
-24.6507 0.00208174
-24.6049 0.00209374
-24.5592 0.0021058
-24.5135 0.00211795
-24.4677 0.00213017
-24.422 0.00214246
-24.3762 0.00215483
-24.3305 0.00216728
-24.2847 0.00217981
-24.239 0.00219242
-24.1933 0.00220511
-24.1475 0.00221788
-24.1018 0.00223072
-24.056 0.00224365
-24.0103 0.00225666
-23.9645 0.00226975
-23.9188 0.00228293
-23.873 0.00229619
-23.8273 0.00230953
-23.7816 0.00232296
-23.7358 0.00233647
-23.6901 0.00235007
-23.6443 0.00236375
-23.5986 0.00237753
-23.5528 0.00239138
-23.5071 0.00240533
-23.4614 0.00241937
-23.4156 0.00243349
-23.3699 0.00244771
-23.3241 0.00246202
-23.2784 0.00247641
-23.2326 0.0024909
-23.1869 0.00250549
-23.1412 0.00252016
-23.0954 0.00253493
-23.0497 0.0025498
-23.0039 0.00256476
-22.9582 0.00257982
-22.9124 0.00259497
-22.8667 0.00261022
-22.821 0.00262557
-22.7752 0.00264102
-22.7295 0.00265657
-22.6837 0.00267222
-22.638 0.00268797
-22.5922 0.00270382
-22.5465 0.00271977
-22.5008 0.00273583
-22.455 0.00275199
-22.4093 0.00276826
-22.3635 0.00278463
-22.3178 0.00280111
-22.272 0.00281769
-22.2263 0.00283439
-22.1806 0.00285119
-22.1348 0.0028681
-22.0891 0.00288513
-22.0433 0.00290226
-21.9976 0.0029195
-21.9518 0.00293686
-21.9061 0.00295434
-21.8603 0.00297192
-21.8146 0.00298963
-21.7689 0.00300744
-21.7231 0.00302538
-21.6774 0.00304343
-21.6316 0.00306161
-21.5859 0.0030799
-21.5401 0.00309831
-21.4944 0.00311685
-21.4487 0.0031355
-21.4029 0.00315429
-21.3572 0.00317319
-21.3114 0.00319222
-21.2657 0.00321138
-21.2199 0.00323066
-21.1742 0.00325007
-21.1285 0.00326961
-21.0827 0.00328929
-21.037 0.00330909
-20.9912 0.00332902
-20.9455 0.00334909
-20.8997 0.00336929
-20.854 0.00338963
-20.8083 0.0034101
-20.7625 0.00343071
-20.7168 0.00345146
-20.671 0.00347235
-20.6253 0.00349337
-20.5795 0.00351454
-20.5338 0.00353585
-20.4881 0.00355731
-20.4423 0.00357891
-20.3966 0.00360066
-20.3508 0.00362255
-20.3051 0.00364459
-20.2593 0.00366678
-20.2136 0.00368912
-20.1678 0.00371161
-20.1221 0.00373426
-20.0764 0.00375706
-20.0306 0.00378001
-19.9849 0.00380313
-19.9391 0.00382639
-19.8934 0.00384982
-19.8476 0.00387341
-19.8019 0.00389716
-19.7562 0.00392107
-19.7104 0.00394515
-19.6647 0.00396939
-19.6189 0.00399379
-19.5732 0.00401837
-19.5274 0.00404311
-19.4817 0.00406803
-19.436 0.00409312
-19.3902 0.00411838
-19.3445 0.00414381
-19.2987 0.00416942
-19.253 0.00419521
-19.2072 0.00422118
-19.1615 0.00424733
-19.1158 0.00427366
-19.07 0.00430017
-19.0243 0.00432687
-18.9785 0.00435375
-18.9328 0.00438082
-18.887 0.00440808
-18.8413 0.00443553
-18.7956 0.00446318
-18.7498 0.00449102
-18.7041 0.00451905
-18.6583 0.00454728
-18.6126 0.00457571
-18.5668 0.00460434
-18.5211 0.00463317
-18.4754 0.00466221
-18.4296 0.00469145
-18.3839 0.00472089
-18.3381 0.00475055
-18.2924 0.00478042
-18.2466 0.00481049
-18.2009 0.00484079
-18.1551 0.0048713
-18.1094 0.00490202
-18.0637 0.00493297
-18.0179 0.00496413
-17.9722 0.00499552
-17.9264 0.00502714
-17.8807 0.00505898
-17.8349 0.00509105
-17.7892 0.00512335
-17.7435 0.00515588
-17.6977 0.00518865
-17.652 0.00522165
-17.6062 0.0052549
-17.5605 0.00528838
-17.5147 0.0053221
-17.469 0.00535608
-17.4233 0.00539029
-17.3775 0.00542476
-17.3318 0.00545948
-17.286 0.00549445
-17.2403 0.00552967
-17.1945 0.00556515
-17.1488 0.0056009
-17.1031 0.0056369
-17.0573 0.00567317
-17.0116 0.00570971
-16.9658 0.00574651
-16.9201 0.00578359
-16.8743 0.00582094
-16.8286 0.00585856
-16.7829 0.00589647
-16.7371 0.00593465
-16.6914 0.00597312
-16.6456 0.00601187
-16.5999 0.00605092
-16.5541 0.00609025
-16.5084 0.00612988
-16.4626 0.0061698
-16.4169 0.00621002
-16.3712 0.00625054
-16.3254 0.00629137
-16.2797 0.0063325
-16.2339 0.00637395
-16.1882 0.0064157
-16.1424 0.00645777
-16.0967 0.00650016
-16.051 0.00654287
-16.0052 0.0065859
-15.9595 0.00662926
-15.9137 0.00667295
-15.868 0.00671697
-15.8222 0.00676133
-15.7765 0.00680603
-15.7308 0.00685106
-15.685 0.00689645
-15.6393 0.00694218
-15.5935 0.00698826
-15.5478 0.0070347
-15.502 0.00708149
-15.4563 0.00712865
-15.4106 0.00717617
-15.3648 0.00722406
-15.3191 0.00727232
-15.2733 0.00732095
-15.2276 0.00736997
-15.1818 0.00741936
-15.1361 0.00746914
-15.0904 0.00751931
-15.0446 0.00756988
-14.9989 0.00762083
-14.9531 0.00767219
-14.9074 0.00772396
-14.8616 0.00777613
-14.8159 0.00782871
-14.7702 0.00788171
-14.7244 0.00793513
-14.6787 0.00798897
-14.6329 0.00804324
-14.5872 0.00809795
-14.5414 0.00815309
-14.4957 0.00820867
-14.4499 0.00826469
-14.4042 0.00832116
-14.3585 0.00837809
-14.3127 0.00843548
-14.267 0.00849332
-14.2212 0.00855164
-14.1755 0.00861042
-14.1297 0.00866969
-14.084 0.00872943
-14.0383 0.00878966
-13.9925 0.00885038
-13.9468 0.00891159
-13.901 0.00897331
-13.8553 0.00903553
-13.8095 0.00909826
-13.7638 0.00916151
-13.7181 0.00922528
-13.6723 0.00928957
-13.6266 0.0093544
-13.5808 0.00941976
-13.5351 0.00948567
-13.4893 0.00955212
-13.4436 0.00961913
-13.3979 0.00968669
-13.3521 0.00975482
-13.3064 0.00982353
-13.2606 0.00989281
-13.2149 0.00996267
-13.1691 0.0100331
-13.1234 0.0101042
-13.0777 0.0101758
-13.0319 0.0102481
-12.9862 0.0103209
-12.9404 0.0103944
-12.8947 0.0104685
-12.8489 0.0105433
-12.8032 0.0106187
-12.7574 0.0106947
-12.7117 0.0107714
-12.666 0.0108488
-12.6202 0.0109268
-12.5745 0.0110055
-12.5287 0.0110849
-12.483 0.0111649
-12.4372 0.0112457
-12.3915 0.0113272
-12.3458 0.0114094
-12.3 0.0114923
-12.2543 0.0115759
-12.2085 0.0116603
-12.1628 0.0117454
-12.117 0.0118313
-12.0713 0.0119179
-12.0256 0.0120053
-11.9798 0.0120935
-11.9341 0.0121825
-11.8883 0.0122723
-11.8426 0.0123628
-11.7968 0.0124542
-11.7511 0.0125464
-11.7054 0.0126395
-11.6596 0.0127334
-11.6139 0.0128281
-11.5681 0.0129237
-11.5224 0.0130202
-11.4766 0.0131176
-11.4309 0.0132158
-11.3852 0.013315
-11.3394 0.0134151
-11.2937 0.0135161
-11.2479 0.013618
-11.2022 0.0137209
-11.1564 0.0138247
-11.1107 0.0139295
-11.065 0.0140353
-11.0192 0.0141421
-10.9735 0.0142499
-10.9277 0.0143587
-10.882 0.0144685
-10.8362 0.0145794
-10.7905 0.0146913
-10.7447 0.0148043
-10.699 0.0149184
-10.6533 0.0150335
-10.6075 0.0151498
-10.5618 0.0152672
-10.516 0.0153857
-10.4703 0.0155054
-10.4245 0.0156262
-10.3788 0.0157483
-10.3331 0.0158715
-10.2873 0.0159959
-10.2416 0.0161215
-10.1958 0.0162484
-10.1501 0.0163765
-10.1043 0.0165059
-10.0586 0.0166366
-10.0129 0.0167686
-9.96711 0.0169019
-9.92137 0.0170366
-9.87563 0.0171726
-9.82988 0.01731
-9.78414 0.0174487
-9.7384 0.0175889
-9.69265 0.0177305
-9.64691 0.0178736
-9.60117 0.0180181
-9.55542 0.0181641
-9.50968 0.0183116
-9.46394 0.0184607
-9.41819 0.0186113
-9.37245 0.0187634
-9.32671 0.0189172
-9.28097 0.0190725
-9.23522 0.0192295
-9.18948 0.0193882
-9.14374 0.0195485
-9.09799 0.0197105
-9.05225 0.0198743
-9.00651 0.0200398
-8.96076 0.0202071
-8.91502 0.0203762
-8.86928 0.0205471
-8.82353 0.0207199
-8.77779 0.0208946
-8.73205 0.0210711
-8.6863 0.0212496
-8.64056 0.0214301
-8.59482 0.0216125
-8.54907 0.021797
-8.50333 0.0219836
-8.45759 0.0221722
-8.41184 0.0223629
-8.3661 0.0225558
-8.32036 0.0227508
-8.27461 0.0229481
-8.22887 0.0231476
-8.18313 0.0233494
-8.13738 0.0235535
-8.09164 0.02376
-8.0459 0.0239688
-8.00016 0.0241801
-7.95441 0.0243938
-7.90867 0.02461
-7.86293 0.0248288
-7.81718 0.0250501
-7.77144 0.0252741
-7.7257 0.0255007
-7.67995 0.02573
-7.63421 0.0259621
-7.58847 0.026197
-7.54272 0.0264347
-7.49698 0.0266753
-7.45124 0.0269189
-7.40549 0.0271654
-7.35975 0.027415
-7.31401 0.0276676
-7.26826 0.0279234
-7.22252 0.0281824
-7.17678 0.0284446
-7.13103 0.0287101
-7.08529 0.028979
-7.03955 0.0292513
-6.9938 0.029527
-6.94806 0.0298063
-6.90232 0.0300892
-6.85657 0.0303758
-6.81083 0.0306661
-6.76509 0.0309601
-6.71935 0.0312581
-6.6736 0.03156
-6.62786 0.0318659
-6.58212 0.0321758
-6.53637 0.0324899
-6.49063 0.0328083
-6.44489 0.0331309
-6.39914 0.033458
-6.3534 0.0337895
-6.30766 0.0341256
-6.26191 0.0344663
-6.21617 0.0348117
-6.17043 0.035162
-6.12468 0.0355172
-6.07894 0.0358774
-6.0332 0.0362428
-5.98745 0.0366133
-5.94171 0.0369892
-5.89597 0.0373705
-5.85022 0.0377573
-5.80448 0.0381498
-5.75874 0.0385481
-5.71299 0.0389522
-5.66725 0.0393623
-5.62151 0.0397786
-5.57577 0.0402012
-5.53002 0.0406301
-5.48428 0.0410656
-5.43854 0.0415077
-5.39279 0.0419567
-5.34705 0.0424126
-5.30131 0.0428756
-5.25556 0.043346
-5.20982 0.0438237
-5.16408 0.044309
-5.11833 0.0448022
-5.07259 0.0453032
-5.02685 0.0458124
-4.9811 0.0463299
-4.93536 0.046856
-4.88962 0.0473907
-4.84387 0.0479343
-4.79813 0.0484871
-4.75239 0.0490492
-4.70664 0.0496209
-4.6609 0.0502024
-4.61516 0.0507939
-4.56941 0.0513957
-4.52367 0.052008
-4.47793 0.0526312
-4.43218 0.0532654
-4.38644 0.053911
-4.3407 0.0545682
-4.29496 0.0552373
-4.24921 0.0559188
-4.20347 0.0566127
-4.15773 0.0573196
-4.11198 0.0580398
-4.06624 0.0587735
-4.0205 0.0595213
-3.97475 0.0602833
-3.92901 0.0610601
-3.88327 0.0618521
-3.83752 0.0626596
-3.79178 0.0634832
-3.74604 0.0643232
-3.70029 0.0651801
-3.65455 0.0660545
-3.60881 0.0669468
-3.56306 0.0678575
-3.51732 0.0687872
-3.47158 0.0697365
-3.42583 0.0707059
-3.38009 0.071696
-3.33435 0.0727076
-3.2886 0.0737411
-3.24286 0.0747974
-3.19712 0.0758771
-3.15137 0.0769809
-3.10563 0.0781096
-3.05989 0.0792641
-3.01415 0.080445
-2.9684 0.0816533
-2.92266 0.0828899
-2.87692 0.0841557
-2.83117 0.0854516
-2.78543 0.0867786
-2.73969 0.0881378
-2.69394 0.0895302
-2.6482 0.090957
-2.60246 0.0924193
-2.55671 0.0939183
-2.51097 0.0954552
-2.46523 0.0970313
-2.41948 0.0986481
-2.37374 0.100307
-2.328 0.102009
-2.28225 0.103756
-2.23651 0.105549
-2.19077 0.10739
-2.14502 0.109281
-2.09928 0.111222
-2.05354 0.113217
-2.00779 0.115266
-1.96205 0.117372
-1.91631 0.119535
-1.87056 0.121759
-1.82482 0.124043
-1.77908 0.126391
-1.73334 0.128804
-1.68759 0.131284
-1.64185 0.133831
-1.59611 0.136448
-1.55036 0.139136
-1.50462 0.141895
-1.45888 0.144727
-1.41313 0.147631
-1.36739 0.150608
-1.32165 0.153657
-1.2759 0.156777
-1.23016 0.159965
-1.18442 0.163218
-1.13867 0.166533
-1.09293 0.169903
-1.04719 0.173321
-1.00144 0.176778
-0.955701 0.180262
-0.909958 0.18376
-0.864214 0.187253
-0.818471 0.190721
-0.772728 0.194139
-0.726985 0.197479
-0.681241 0.200706
-0.635498 0.203782
-0.589755 0.206661
-0.544012 0.209296
-0.498269 0.211631
-0.452525 0.213608
-0.406782 0.215166
-0.361039 0.21624
-0.315296 0.21677
-0.269553 0.216694
-0.223809 0.215962
-0.178066 0.21453
-0.132323 0.21237
-0.0865797 0.209469
-0.0408365 0.205831
0.00490668 0.201482
0.0506499 0.196465
0.0963931 0.190842
0.142136 0.184688
0.18788 0.178089
0.233623 0.171139
0.279366 0.163931
0.325109 0.156558
0.370852 0.149109
0.416596 0.141661
0.462339 0.134286
0.508082 0.127043
0.553825 0.119981
0.599568 0.113138
0.645312 0.106545
0.691055 0.100222
0.736798 0.0941832
0.782541 0.088436
0.828284 0.082983
0.874028 0.0778224
0.919771 0.0729493
0.965514 0.0683563
1.01126 0.0640342
1.057 0.0599723
1.10274 0.0561593
1.14849 0.0525831
1.19423 0.0492317
1.23997 0.0460929
1.28572 0.0431546
1.33146 0.0404052
1.3772 0.0378333
1.42295 0.0354279
1.46869 0.0331788
1.51443 0.0310759
1.56018 0.02911
1.60592 0.027272
1.65166 0.0255537
1.69741 0.0239472
1.74315 0.0224452
1.78889 0.0210406
1.83464 0.0197271
1.88038 0.0184986
1.92612 0.0173494
1.97186 0.0162743
2.01761 0.0152682
2.06335 0.0143268
2.10909 0.0134455
2.15484 0.0126205
2.20058 0.011848
2.24632 0.0111246
2.29207 0.010447
2.33781 0.00981219
2.38355 0.00921737
2.4293 0.00865991
2.47504 0.00813738
2.52078 0.0076475
2.56653 0.00718816
2.61227 0.00675736
2.65801 0.00635328
2.70376 0.00597418
2.7495 0.00561846
2.79524 0.00528462
2.84099 0.00497127
2.88673 0.0046771
2.93247 0.00440089
2.97822 0.0041415
3.02396 0.00389788
3.0697 0.00366902
3.11545 0.00345401
3.16119 0.00325197
3.20693 0.0030621
3.25267 0.00288363
3.29842 0.00271585
3.34416 0.00255811
3.3899 0.00240979
3.43565 0.0022703
3.48139 0.0021391
3.52713 0.00201568
3.57288 0.00189957
3.61862 0.00179031
3.66436 0.0016875
3.71011 0.00159074
3.75585 0.00149967
3.80159 0.00141393
3.84734 0.00133321
3.89308 0.00125721
3.93882 0.00118564
3.98457 0.00111824
4.03031 0.00105475
4.07605 0.00099495
4.1218 0.000938613
4.16754 0.000885534
4.21328 0.000835521
4.25903 0.00078839
4.30477 0.000743973
