-0.219681 0.00186014
-0.196676 0.00214542
-0.173671 0.00246723
-0.150667 0.00282893
-0.127662 0.00323391
-0.104657 0.00368564
-0.0816527 0.00418757
-0.058648 0.00474312
-0.0356433 0.00535563
-0.0126386 0.00602832
0.0103661 0.00676423
0.0333708 0.00756615
0.0563755 0.00843666
0.0793802 0.009378
0.102385 0.0103921
0.12539 0.0114804
0.148394 0.0126441
0.171399 0.0138839
0.194404 0.0152002
0.217408 0.0165926
0.240413 0.0180608
0.263418 0.0196036
0.286422 0.0212196
0.309427 0.022907
0.332432 0.0246637
0.355436 0.0264872
0.378441 0.0283746
0.401446 0.0303227
0.42445 0.0323285
0.447455 0.0343881
0.47046 0.0364981
0.493465 0.0386546
0.516469 0.0408536
0.539474 0.0430911
0.562479 0.0453633
0.585483 0.0476659
0.608488 0.0499951
0.631493 0.052347
0.654497 0.0547175
0.677502 0.0571029
0.700507 0.0594995
0.723511 0.0619037
0.746516 0.0643121
0.769521 0.0667212
0.792525 0.0691279
0.81553 0.0715291
0.838535 0.073922
0.861539 0.0763037
0.884544 0.0786716
0.907549 0.0810234
0.930554 0.0833566
0.953558 0.0856691
0.976563 0.0879589
0.999568 0.0902241
1.02257 0.0924631
1.04558 0.0946741
1.06858 0.0968556
1.09159 0.0990065
1.11459 0.101125
1.1376 0.103211
1.1606 0.105263
1.18361 0.107279
1.20661 0.10926
1.22961 0.111204
1.25262 0.113111
1.27562 0.114981
1.29863 0.116812
1.32163 0.118604
1.34464 0.120358
1.36764 0.122073
1.39065 0.123748
1.41365 0.125384
1.43666 0.12698
1.45966 0.128537
1.48267 0.130054
1.50567 0.131532
1.52868 0.13297
1.55168 0.134369
1.57468 0.135729
1.59769 0.137051
1.62069 0.138333
1.6437 0.139578
1.6667 0.140785
1.68971 0.141953
1.71271 0.143085
1.73572 0.144179
1.75872 0.145237
1.78173 0.146259
1.80473 0.147245
1.82774 0.148195
1.85074 0.149111
1.87375 0.149992
1.89675 0.150839
1.91976 0.151653
1.94276 0.152433
1.96576 0.153181
1.98877 0.153896
2.01177 0.15458
2.03478 0.155232
2.05778 0.155854
2.08079 0.156446
2.10379 0.157007
2.1268 0.15754
2.1498 0.158044
2.17281 0.158519
2.19581 0.158967
2.21882 0.159387
2.24182 0.159781
2.26483 0.160148
2.28783 0.160489
2.31083 0.160805
2.33384 0.161096
2.35684 0.161362
2.37985 0.161605
2.40285 0.161824
2.42586 0.16202
2.44886 0.162193
2.47187 0.162344
2.49487 0.162473
2.51788 0.162582
2.54088 0.162669
2.56389 0.162736
2.58689 0.162782
2.6099 0.16281
2.6329 0.162818
2.65591 0.162807
2.67891 0.162778
2.70191 0.162731
2.72492 0.162666
2.74792 0.162584
2.77093 0.162486
2.79393 0.162371
2.81694 0.16224
2.83994 0.162093
2.86295 0.161931
2.88595 0.161754
2.90896 0.161562
2.93196 0.161356
2.95497 0.161137
2.97797 0.160903
3.00098 0.160656
3.02398 0.160397
3.04698 0.160124
3.06999 0.15984
3.09299 0.159543
3.116 0.159234
3.139 0.158914
3.16201 0.158583
3.18501 0.158242
3.20802 0.157889
3.23102 0.157526
3.25403 0.157154
3.27703 0.156771
3.30004 0.156379
3.32304 0.155978
3.34605 0.155568
3.36905 0.155149
3.39205 0.154722
3.41506 0.154286
3.43806 0.153842
3.46107 0.153391
3.48407 0.152932
3.50708 0.152466
3.53008 0.151993
3.55309 0.151512
3.57609 0.151025
3.5991 0.150532
3.6221 0.150032
3.64511 0.149527
3.66811 0.149015
3.69112 0.148498
3.71412 0.147975
3.73713 0.147447
3.76013 0.146913
3.78313 0.146375
3.80614 0.145832
3.82914 0.145285
3.85215 0.144733
3.87515 0.144177
3.89816 0.143616
3.92116 0.143052
3.94417 0.142484
3.96717 0.141912
3.99018 0.141337
4.01318 0.140758
4.03619 0.140176
4.05919 0.139591
4.0822 0.139003
4.1052 0.138413
4.1282 0.137819
4.15121 0.137224
4.17421 0.136625
4.19722 0.136025
4.22022 0.135422
4.24323 0.134817
4.26623 0.134211
4.28924 0.133602
4.31224 0.132992
4.33525 0.13238
4.35825 0.131767
4.38126 0.131152
4.40426 0.130536
4.42727 0.129919
4.45027 0.129301
4.47328 0.128681
4.49628 0.128061
4.51928 0.12744
4.54229 0.126818
4.56529 0.126196
4.5883 0.125573
4.6113 0.12495
4.63431 0.124326
4.65731 0.123702
4.68032 0.123078
4.70332 0.122454
4.72633 0.121829
4.74933 0.121205
4.77234 0.12058
4.79534 0.119956
4.81835 0.119332
4.84135 0.118709
4.86435 0.118085
4.88736 0.117462
4.91036 0.11684
4.93337 0.116218
4.95637 0.115597
4.97938 0.114976
5.00238 0.114356
5.02539 0.113737
5.04839 0.113118
5.0714 0.112501
5.0944 0.111884
5.11741 0.111269
5.14041 0.110654
5.16342 0.11004
5.18642 0.109428
5.20943 0.108817
5.23243 0.108207
5.25543 0.107598
5.27844 0.10699
5.30144 0.106384
5.32445 0.105779
5.34745 0.105176
5.37046 0.104574
5.39346 0.103973
5.41647 0.103374
5.43947 0.102776
5.46248 0.102181
5.48548 0.101586
5.50849 0.100994
5.53149 0.100403
5.5545 0.0998134
5.5775 0.0992259
5.6005 0.0986401
5.62351 0.0980561
5.64651 0.0974739
5.66952 0.0968936
5.69252 0.0963151
5.71553 0.0957386
5.73853 0.0951639
5.76154 0.0945912
5.78454 0.0940204
5.80755 0.0934516
5.83055 0.0928848
5.85356 0.0923201
5.87656 0.0917573
5.89957 0.0911967
5.92257 0.0906381
5.94558 0.0900815
5.96858 0.0895271
5.99158 0.0889749
6.01459 0.0884247
6.03759 0.0878767
6.0606 0.0873309
6.0836 0.0867873
6.10661 0.0862458
6.12961 0.0857066
6.15262 0.0851696
6.17562 0.0846348
6.19863 0.0841022
6.22163 0.0835719
6.24464 0.0830439
6.26764 0.0825181
6.29065 0.0819946
6.31365 0.0814734
6.33665 0.0809545
6.35966 0.0804379
6.38266 0.0799237
6.40567 0.0794117
6.42867 0.078902
6.45168 0.0783947
6.47468 0.0778897
6.49769 0.0773871
6.52069 0.0768868
6.5437 0.0763889
6.5667 0.0758933
6.58971 0.0754
6.61271 0.0749092
6.63572 0.0744206
6.65872 0.0739345
6.68173 0.0734507
6.70473 0.0729693
6.72773 0.0724903
6.75074 0.0720136
6.77374 0.0715394
6.79675 0.0710675
6.81975 0.0705979
6.84276 0.0701308
6.86576 0.069666
6.88877 0.0692036
6.91177 0.0687436
6.93478 0.0682859
6.95778 0.0678307
6.98079 0.0673778
7.00379 0.0669272
7.0268 0.0664791
7.0498 0.0660333
7.0728 0.0655898
7.09581 0.0651488
7.11881 0.0647101
7.14182 0.0642737
7.16482 0.0638397
7.18783 0.0634081
7.21083 0.0629788
7.23384 0.0625519
7.25684 0.0621272
7.27985 0.061705
7.30285 0.061285
7.32586 0.0608674
7.34886 0.0604521
7.37187 0.0600392
7.39487 0.0596285
7.41788 0.0592202
7.44088 0.0588141
7.46388 0.0584104
7.48689 0.0580089
7.50989 0.0576098
7.5329 0.0572129
7.5559 0.0568183
7.57891 0.0564259
7.60191 0.0560359
7.62492 0.0556481
7.64792 0.0552625
7.67093 0.0548792
7.69393 0.0544981
7.71694 0.0541193
7.73994 0.0537426
7.76295 0.0533683
7.78595 0.0529961
7.80895 0.0526261
7.83196 0.0522583
7.85496 0.0518927
7.87797 0.0515293
7.90097 0.0511681
7.92398 0.050809
7.94698 0.0504521
7.96999 0.0500974
7.99299 0.0497448
8.016 0.0493943
8.039 0.049046
8.06201 0.0486998
8.08501 0.0483557
8.10802 0.0480137
8.13102 0.0476738
8.15403 0.047336
8.17703 0.0470003
8.20003 0.0466666
8.22304 0.0463351
8.24604 0.0460055
8.26905 0.0456781
8.29205 0.0453527
8.31506 0.0450293
8.33806 0.0447079
8.36107 0.0443885
8.38407 0.0440712
8.40708 0.0437559
8.43008 0.0434425
8.45309 0.0431311
8.47609 0.0428217
8.4991 0.0425143
8.5221 0.0422088
8.5451 0.0419053
8.56811 0.0416037
8.59111 0.041304
8.61412 0.0410063
8.63712 0.0407104
8.66013 0.0404165
8.68313 0.0401245
8.70614 0.0398343
8.72914 0.039546
8.75215 0.0392596
8.77515 0.0389751
8.79816 0.0386924
8.82116 0.0384115
8.84417 0.0381325
8.86717 0.0378552
8.89018 0.0375798
8.91318 0.0373063
8.93618 0.0370345
8.95919 0.0367644
8.98219 0.0364962
9.0052 0.0362298
9.0282 0.035965
9.05121 0.0357021
9.07421 0.0354409
9.09722 0.0351814
9.12022 0.0349236
9.14323 0.0346676
9.16623 0.0344133
9.18924 0.0341606
9.21224 0.0339097
9.23525 0.0336604
9.25825 0.0334128
9.28125 0.0331669
9.30426 0.0329226
9.32726 0.0326799
9.35027 0.0324389
9.37327 0.0321995
9.39628 0.0319618
9.41928 0.0317256
9.44229 0.031491
9.46529 0.0312581
9.4883 0.0310267
9.5113 0.0307969
9.53431 0.0305686
9.55731 0.0303419
9.58032 0.0301168
9.60332 0.0298932
9.62633 0.0296711
9.64933 0.0294505
9.67233 0.0292315
9.69534 0.0290139
9.71834 0.0287979
9.74135 0.0285833
9.76435 0.0283702
9.78736 0.0281586
9.81036 0.0279485
9.83337 0.0277398
9.85637 0.0275325
9.87938 0.0273267
9.90238 0.0271223
9.92539 0.0269193
9.94839 0.0267177
9.9714 0.0265176
9.9944 0.0263188
10.0174 0.0261214
10.0404 0.0259254
10.0634 0.0257308
10.0864 0.0255375
10.1094 0.0253455
10.1324 0.025155
10.1554 0.0249657
10.1784 0.0247778
10.2014 0.0245912
10.2244 0.0244059
10.2475 0.0242219
10.2705 0.0240393
10.2935 0.0238579
10.3165 0.0236777
10.3395 0.0234989
10.3625 0.0233213
10.3855 0.023145
10.4085 0.0229699
10.4315 0.0227961
10.4545 0.0226235
10.4775 0.0224521
10.5005 0.022282
10.5235 0.022113
10.5465 0.0219453
10.5695 0.0217788
10.5925 0.0216134
10.6155 0.0214493
10.6385 0.0212863
10.6615 0.0211244
10.6845 0.0209638
10.7075 0.0208042
10.7305 0.0206459
10.7536 0.0204886
10.7766 0.0203325
10.7996 0.0201775
10.8226 0.0200236
10.8456 0.0198709
10.8686 0.0197192
10.8916 0.0195687
10.9146 0.0194192
10.9376 0.0192708
10.9606 0.0191234
10.9836 0.0189772
11.0066 0.018832
11.0296 0.0186878
11.0526 0.0185447
11.0756 0.0184026
11.0986 0.0182616
11.1216 0.0181216
11.1446 0.0179826
11.1676 0.0178446
11.1906 0.0177076
11.2136 0.0175716
11.2367 0.0174366
11.2597 0.0173026
11.2827 0.0171696
11.3057 0.0170376
11.3287 0.0169065
11.3517 0.0167763
11.3747 0.0166472
11.3977 0.0165189
11.4207 0.0163916
11.4437 0.0162653
11.4667 0.0161399
11.4897 0.0160153
11.5127 0.0158918
11.5357 0.0157691
11.5587 0.0156473
11.5817 0.0155264
11.6047 0.0154064
11.6277 0.0152873
11.6507 0.0151691
11.6737 0.0150517
11.6967 0.0149352
11.7198 0.0148196
11.7428 0.0147048
11.7658 0.0145909
11.7888 0.0144778
11.8118 0.0143656
11.8348 0.0142542
11.8578 0.0141436
11.8808 0.0140338
11.9038 0.0139249
11.9268 0.0138167
11.9498 0.0137094
11.9728 0.0136029
11.9958 0.0134971
12.0188 0.0133922
12.0418 0.013288
12.0648 0.0131846
12.0878 0.013082
12.1108 0.0129801
12.1338 0.012879
12.1568 0.0127787
12.1798 0.0126791
12.2028 0.0125803
12.2259 0.0124822
12.2489 0.0123848
12.2719 0.0122881
12.2949 0.0121922
12.3179 0.012097
12.3409 0.0120025
12.3639 0.0119088
12.3869 0.0118157
12.4099 0.0117233
12.4329 0.0116317
12.4559 0.0115407
12.4789 0.0114504
12.5019 0.0113607
12.5249 0.0112718
12.5479 0.0111835
12.5709 0.0110959
12.5939 0.011009
12.6169 0.0109227
12.6399 0.010837
12.6629 0.010752
12.6859 0.0106677
12.709 0.010584
12.732 0.0105009
12.755 0.0104185
12.778 0.0103366
12.801 0.0102554
12.824 0.0101748
12.847 0.0100949
12.87 0.0100155
12.893 0.00993671
12.916 0.00985854
12.939 0.00978096
12.962 0.00970398
12.985 0.00962758
13.008 0.00955175
13.031 0.00947651
13.054 0.00940184
13.077 0.00932774
13.1 0.0092542
13.123 0.00918123
13.146 0.00910881
13.169 0.00903694
13.1921 0.00896562
13.2151 0.00889485
13.2381 0.00882461
13.2611 0.00875492
13.2841 0.00868576
13.3071 0.00861712
13.3301 0.00854901
13.3531 0.00848143
13.3761 0.00841436
13.3991 0.0083478
13.4221 0.00828175
13.4451 0.00821621
13.4681 0.00815118
13.4911 0.00808664
13.5141 0.0080226
13.5371 0.00795905
13.5601 0.00789599
13.5831 0.00783341
13.6061 0.00777131
13.6291 0.00770969
13.6521 0.00764855
13.6751 0.00758788
13.6982 0.00752767
13.7212 0.00746793
13.7442 0.00740864
13.7672 0.00734982
13.7902 0.00729145
13.8132 0.00723353
13.8362 0.00717605
13.8592 0.00711902
13.8822 0.00706243
13.9052 0.00700628
13.9282 0.00695056
13.9512 0.00689527
13.9742 0.00684041
13.9972 0.00678597
14.0202 0.00673196
14.0432 0.00667836
14.0662 0.00662518
14.0892 0.00657241
14.1122 0.00652005
14.1352 0.00646809
14.1582 0.00641654
14.1813 0.00636539
14.2043 0.00631463
14.2273 0.00626427
14.2503 0.0062143
14.2733 0.00616472
14.2963 0.00611552
14.3193 0.0060667
14.3423 0.00601827
14.3653 0.00597021
14.3883 0.00592253
14.4113 0.00587521
14.4343 0.00582827
14.4573 0.00578169
14.4803 0.00573547
14.5033 0.00568962
14.5263 0.00564412
14.5493 0.00559897
14.5723 0.00555418
14.5953 0.00550974
14.6183 0.00546564
14.6413 0.00542189
14.6644 0.00537848
14.6874 0.00533541
14.7104 0.00529267
14.7334 0.00525027
14.7564 0.0052082
14.7794 0.00516646
14.8024 0.00512505
14.8254 0.00508396
14.8484 0.00504319
14.8714 0.00500275
14.8944 0.00496261
14.9174 0.0049228
14.9404 0.00488329
14.9634 0.0048441
14.9864 0.00480521
15.0094 0.00476662
15.0324 0.00472834
15.0554 0.00469036
15.0784 0.00465268
15.1014 0.0046153
15.1244 0.0045782
15.1474 0.0045414
15.1705 0.00450489
15.1935 0.00446867
15.2165 0.00443273
15.2395 0.00439707
15.2625 0.00436169
15.2855 0.00432659
15.3085 0.00429177
15.3315 0.00425722
15.3545 0.00422295
15.3775 0.00418894
15.4005 0.0041552
15.4235 0.00412173
15.4465 0.00408852
15.4695 0.00405558
15.4925 0.00402289
15.5155 0.00399046
15.5385 0.00395829
15.5615 0.00392637
15.5845 0.0038947
15.6075 0.00386329
15.6305 0.00383212
15.6536 0.00380119
15.6766 0.00377052
15.6996 0.00374008
15.7226 0.00370989
15.7456 0.00367993
15.7686 0.00365021
15.7916 0.00362073
15.8146 0.00359148
15.8376 0.00356246
15.8606 0.00353367
15.8836 0.00350511
15.9066 0.00347677
15.9296 0.00344866
15.9526 0.00342078
15.9756 0.00339311
15.9986 0.00336566
16.0216 0.00333843
16.0446 0.00331142
16.0676 0.00328462
16.0906 0.00325804
16.1136 0.00323166
16.1367 0.0032055
16.1597 0.00317954
16.1827 0.00315379
16.2057 0.00312824
16.2287 0.0031029
16.2517 0.00307775
16.2747 0.00305281
16.2977 0.00302807
16.3207 0.00300352
16.3437 0.00297917
16.3667 0.00295501
16.3897 0.00293104
16.4127 0.00290727
16.4357 0.00288368
16.4587 0.00286029
16.4817 0.00283707
16.5047 0.00281405
16.5277 0.0027912
16.5507 0.00276854
16.5737 0.00274606
16.5967 0.00272376
16.6197 0.00270164
16.6428 0.00267969
16.6658 0.00265792
16.6888 0.00263633
16.7118 0.0026149
16.7348 0.00259365
16.7578 0.00257256
16.7808 0.00255165
16.8038 0.0025309
16.8268 0.00251032
16.8498 0.0024899
16.8728 0.00246964
16.8958 0.00244955
16.9188 0.00242962
16.9418 0.00240984
16.9648 0.00239023
16.9878 0.00237077
17.0108 0.00235147
17.0338 0.00233232
17.0568 0.00231333
17.0798 0.00229449
17.1028 0.0022758
17.1259 0.00225726
17.1489 0.00223886
17.1719 0.00222062
17.1949 0.00220252
17.2179 0.00218457
17.2409 0.00216676
17.2639 0.00214909
17.2869 0.00213156
17.3099 0.00211418
17.3329 0.00209693
17.3559 0.00207983
17.3789 0.00206286
17.4019 0.00204603
17.4249 0.00202933
17.4479 0.00201276
17.4709 0.00199633
17.4939 0.00198004
17.5169 0.00196387
17.5399 0.00194783
17.5629 0.00193192
17.5859 0.00191614
17.609 0.00190049
17.632 0.00188496
17.655 0.00186956
17.678 0.00185428
17.701 0.00183912
17.724 0.00182409
17.747 0.00180918
17.77 0.00179438
17.793 0.00177971
17.816 0.00176516
17.839 0.00175072
17.862 0.0017364
17.885 0.00172219
17.908 0.0017081
17.931 0.00169412
17.954 0.00168025
17.977 0.0016665
18 0.00165286
18.023 0.00163933
18.046 0.0016259
18.069 0.00161259
18.092 0.00159938
18.1151 0.00158628
18.1381 0.00157328
18.1611 0.00156039
18.1841 0.00154761
18.2071 0.00153493
18.2301 0.00152235
18.2531 0.00150987
18.2761 0.00149749
18.2991 0.00148521
18.3221 0.00147303
18.3451 0.00146095
18.3681 0.00144897
18.3911 0.00143709
18.4141 0.0014253
18.4371 0.0014136
18.4601 0.00140201
18.4831 0.0013905
18.5061 0.00137909
18.5291 0.00136777
18.5521 0.00135654
18.5751 0.0013454
18.5982 0.00133436
18.6212 0.0013234
18.6442 0.00131253
18.6672 0.00130175
18.6902 0.00129106
18.7132 0.00128045
18.7362 0.00126993
18.7592 0.0012595
18.7822 0.00124915
18.8052 0.00123888
18.8282 0.0012287
18.8512 0.0012186
18.8742 0.00120858
18.8972 0.00119864
18.9202 0.00118878
18.9432 0.00117901
18.9662 0.00116931
18.9892 0.00115969
19.0122 0.00115015
19.0352 0.00114069
19.0582 0.0011313
19.0813 0.00112199
19.1043 0.00111276
19.1273 0.0011036
19.1503 0.00109452
19.1733 0.0010855
19.1963 0.00107657
19.2193 0.0010677
19.2423 0.00105891
19.2653 0.00105019
19.2883 0.00104154
19.3113 0.00103296
19.3343 0.00102445
19.3573 0.00101601
19.3803 0.00100764
19.4033 0.000999333
19.4263 0.000991097
19.4493 0.000982928
19.4723 0.000974826
19.4953 0.000966789
19.5183 0.000958818
19.5413 0.000950912
19.5643 0.00094307
19.5874 0.000935293
19.6104 0.000927578
19.6334 0.000919927
19.6564 0.000912338
19.6794 0.00090481
19.7024 0.000897345
19.7254 0.00088994
19.7484 0.000882595
19.7714 0.000875311
19.7944 0.000868085
19.8174 0.000860919
19.8404 0.000853811
19.8634 0.000846762
19.8864 0.00083977
19.9094 0.000832835
19.9324 0.000825956
19.9554 0.000819134
19.9784 0.000812367
20.0014 0.000805656
20.0244 0.000799
20.0474 0.000792398
20.0705 0.00078585
20.0935 0.000779355
20.1165 0.000772913
20.1395 0.000766525
20.1625 0.000760188
20.1855 0.000753903
20.2085 0.00074767
20.2315 0.000741488
20.2545 0.000735356
20.2775 0.000729274
20.3005 0.000723242
20.3235 0.00071726
20.3465 0.000711326
20.3695 0.000705441
20.3925 0.000699604
20.4155 0.000693815
20.4385 0.000688073
20.4615 0.000682379
20.4845 0.000676731
20.5075 0.000671129
20.5305 0.000665573
20.5536 0.000660063
20.5766 0.000654598
20.5996 0.000649177
20.6226 0.000643801
20.6456 0.000638469
20.6686 0.000633181
20.6916 0.000627936
20.7146 0.000622734
20.7376 0.000617575
20.7606 0.000612458
20.7836 0.000607383
20.8066 0.00060235
20.8296 0.000597358
20.8526 0.000592407
20.8756 0.000587496
20.8986 0.000582626
20.9216 0.000577796
20.9446 0.000573006
20.9676 0.000568254
20.9906 0.000563542
21.0136 0.000558869
21.0366 0.000554234
21.0597 0.000549637
21.0827 0.000545077
21.1057 0.000540555
21.1287 0.000536071
21.1517 0.000531623
21.1747 0.000527212
21.1977 0.000522837
21.2207 0.000518497
21.2437 0.000514194
21.2667 0.000509926
21.2897 0.000505693
21.3127 0.000501495
21.3357 0.000497331
21.3587 0.000493202
21.3817 0.000489106
21.4047 0.000485045
21.4277 0.000481016
21.4507 0.000477021
21.4737 0.000473059
21.4967 0.000469129
21.5197 0.000465232
21.5428 0.000461367
21.5658 0.000457533
21.5888 0.000453731
21.6118 0.000449961
21.6348 0.000446221
21.6578 0.000442512
21.6808 0.000438834
21.7038 0.000435186
21.7268 0.000431568
21.7498 0.00042798
21.7728 0.000424422
21.7958 0.000420893
21.8188 0.000417392
21.8418 0.000413921
21.8648 0.000410479
21.8878 0.000407064
21.9108 0.000403678
21.9338 0.00040032
21.9568 0.000396989
21.9798 0.000393686
22.0028 0.000390411
22.0259 0.000387162
22.0489 0.00038394
22.0719 0.000380744
22.0949 0.000377575
22.1179 0.000374432
22.1409 0.000371316
22.1639 0.000368224
22.1869 0.000365159
22.2099 0.000362118
22.2329 0.000359103
22.2559 0.000356112
22.2789 0.000353147
22.3019 0.000350205
22.3249 0.000347288
22.3479 0.000344396
22.3709 0.000341527
22.3939 0.000338681
22.4169 0.00033586
22.4399 0.000333061
22.4629 0.000330286
22.4859 0.000327533
22.5089 0.000324804
22.532 0.000322097
22.555 0.000319412
22.578 0.000316749
22.601 0.000314109
22.624 0.00031149
22.647 0.000308893
22.67 0.000306318
22.693 0.000303763
22.716 0.00030123
22.739 0.000298718
22.762 0.000296227
