-3.19241 0.000358384
-3.18219 0.000368198
-3.17196 0.000378279
-3.16174 0.000388633
-3.15151 0.000399268
-3.14129 0.000410191
-3.13106 0.000421409
-3.12084 0.000432931
-3.11061 0.000444764
-3.10039 0.000456918
-3.09016 0.0004694
-3.07994 0.00048222
-3.06972 0.000495386
-3.05949 0.000508907
-3.04927 0.000522793
-3.03904 0.000537055
-3.02882 0.0005517
-3.01859 0.000566741
-3.00837 0.000582187
-2.99814 0.000598049
-2.98792 0.000614338
-2.97769 0.000631066
-2.96747 0.000648243
-2.95725 0.000665883
-2.94702 0.000683997
-2.9368 0.000702598
-2.92657 0.000721698
-2.91635 0.000741312
-2.90612 0.000761452
-2.8959 0.000782132
-2.88567 0.000803366
-2.87545 0.00082517
-2.86522 0.000847558
-2.855 0.000870545
-2.84478 0.000894148
-2.83455 0.000918383
-2.82433 0.000943265
-2.8141 0.000968812
-2.80388 0.000995042
-2.79365 0.00102197
-2.78343 0.00104962
-2.7732 0.00107801
-2.76298 0.00110715
-2.75275 0.00113707
-2.74253 0.00116779
-2.73231 0.00119933
-2.72208 0.0012317
-2.71186 0.00126494
-2.70163 0.00129906
-2.69141 0.00133408
-2.68118 0.00137004
-2.67096 0.00140695
-2.66073 0.00144484
-2.65051 0.00148373
-2.64028 0.00152366
-2.63006 0.00156464
-2.61984 0.00160671
-2.60961 0.00164989
-2.59939 0.00169421
-2.58916 0.0017397
-2.57894 0.00178639
-2.56871 0.00183432
-2.55849 0.00188351
-2.54826 0.00193399
-2.53804 0.00198581
-2.52782 0.00203899
-2.51759 0.00209357
-2.50737 0.00214959
-2.49714 0.00220707
-2.48692 0.00226607
-2.47669 0.00232661
-2.46647 0.00238874
-2.45624 0.0024525
-2.44602 0.00251793
-2.43579 0.00258507
-2.42557 0.00265397
-2.41535 0.00272467
-2.40512 0.00279722
-2.3949 0.00287165
-2.38467 0.00294803
-2.37445 0.0030264
-2.36422 0.00310681
-2.354 0.00318931
-2.34377 0.00327396
-2.33355 0.00336081
-2.32332 0.00344991
-2.3131 0.00354132
-2.30288 0.00363511
-2.29265 0.00373132
-2.28243 0.00383002
-2.2722 0.00393127
-2.26198 0.00403514
-2.25175 0.00414169
-2.24153 0.00425098
-2.2313 0.0043631
-2.22108 0.0044781
-2.21085 0.00459605
-2.20063 0.00471704
-2.19041 0.00484114
-2.18018 0.00496842
-2.16996 0.00509896
-2.15973 0.00523285
-2.14951 0.00537015
-2.13928 0.00551097
-2.12906 0.00565539
-2.11883 0.00580348
-2.10861 0.00595535
-2.09838 0.00611109
-2.08816 0.00627079
-2.07794 0.00643454
-2.06771 0.00660245
-2.05749 0.00677461
-2.04726 0.00695113
-2.03704 0.00713212
-2.02681 0.00731768
-2.01659 0.00750792
-2.00636 0.00770296
-1.99614 0.00790291
-1.98591 0.00810789
-1.97569 0.00831801
-1.96547 0.00853341
-1.95524 0.00875421
-1.94502 0.00898053
-1.93479 0.00921251
-1.92457 0.00945027
-1.91434 0.00969397
-1.90412 0.00994373
-1.89389 0.0101997
-1.88367 0.010462
-1.87344 0.0107309
-1.86322 0.0110064
-1.853 0.0112887
-1.84277 0.0115779
-1.83255 0.0118744
-1.82232 0.0121781
-1.8121 0.0124892
-1.80187 0.012808
-1.79165 0.0131347
-1.78142 0.0134693
-1.7712 0.0138121
-1.76098 0.0141632
-1.75075 0.0145229
-1.74053 0.0148914
-1.7303 0.0152688
-1.72008 0.0156553
-1.70985 0.0160512
-1.69963 0.0164567
-1.6894 0.0168719
-1.67918 0.0172971
-1.66895 0.0177325
-1.65873 0.0181784
-1.64851 0.0186349
-1.63828 0.0191023
-1.62806 0.0195809
-1.61783 0.0200708
-1.60761 0.0205724
-1.59738 0.0210858
-1.58716 0.0216114
-1.57693 0.0221493
-1.56671 0.0227
-1.55648 0.0232635
-1.54626 0.0238403
-1.53604 0.0244305
-1.52581 0.0250345
-1.51559 0.0256526
-1.50536 0.026285
-1.49514 0.026932
-1.48491 0.027594
-1.47469 0.0282712
-1.46446 0.028964
-1.45424 0.0296726
-1.44401 0.0303974
-1.43379 0.0311388
-1.42357 0.031897
-1.41334 0.0326724
-1.40312 0.0334652
-1.39289 0.034276
-1.38267 0.0351049
-1.37244 0.0359524
-1.36222 0.0368189
-1.35199 0.0377045
-1.34177 0.0386099
-1.33154 0.0395352
-1.32132 0.0404809
-1.3111 0.0414474
-1.30087 0.042435
-1.29065 0.0434441
-1.28042 0.0444751
-1.2702 0.0455285
-1.25997 0.0466045
-1.24975 0.0477036
-1.23952 0.0488262
-1.2293 0.0499727
-1.21907 0.0511435
-1.20885 0.0523391
-1.19863 0.0535597
-1.1884 0.0548059
-1.17818 0.056078
-1.16795 0.0573766
-1.15773 0.0587019
-1.1475 0.0600544
-1.13728 0.0614345
-1.12705 0.0628428
-1.11683 0.0642794
-1.1066 0.065745
-1.09638 0.0672399
-1.08616 0.0687645
-1.07593 0.0703193
-1.06571 0.0719046
-1.05548 0.0735209
-1.04526 0.0751686
-1.03503 0.0768482
-1.02481 0.0785599
-1.01458 0.0803042
-1.00436 0.0820815
-0.994135 0.0838922
-0.98391 0.0857367
-0.973686 0.0876153
-0.963461 0.0895284
-0.953237 0.0914764
-0.943012 0.0934596
-0.932788 0.0954785
-0.922563 0.0975332
-0.912339 0.0996241
-0.902114 0.101752
-0.89189 0.103916
-0.881665 0.106117
-0.871441 0.108356
-0.861216 0.110633
-0.850992 0.112947
-0.840767 0.1153
-0.830543 0.117691
-0.820318 0.12012
-0.810093 0.122588
-0.799869 0.125095
-0.789644 0.12764
-0.77942 0.130225
-0.769195 0.132849
-0.758971 0.135512
-0.748746 0.138214
-0.738522 0.140956
-0.728297 0.143736
-0.718073 0.146556
-0.707848 0.149414
-0.697624 0.152312
-0.687399 0.155248
-0.677175 0.158223
-0.66695 0.161236
-0.656725 0.164286
-0.646501 0.167375
-0.636276 0.170501
-0.626052 0.173664
-0.615827 0.176863
-0.605603 0.180099
-0.595378 0.18337
-0.585154 0.186675
-0.574929 0.190016
-0.564705 0.19339
-0.55448 0.196796
-0.544256 0.200236
-0.534031 0.203706
-0.523807 0.207207
-0.513582 0.210738
-0.503357 0.214297
-0.493133 0.217884
-0.482908 0.221498
-0.472684 0.225137
-0.462459 0.228801
-0.452235 0.232487
-0.44201 0.236196
-0.431786 0.239925
-0.421561 0.243672
-0.411337 0.247438
-0.401112 0.251219
-0.390888 0.255016
-0.380663 0.258825
-0.370439 0.262645
-0.360214 0.266475
-0.349989 0.270313
-0.339765 0.274156
-0.32954 0.278004
-0.319316 0.281854
-0.309091 0.285705
-0.298867 0.289553
-0.288642 0.293398
-0.278418 0.297237
-0.268193 0.301069
-0.257969 0.30489
-0.247744 0.308699
-0.23752 0.312493
-0.227295 0.316271
-0.217071 0.320031
-0.206846 0.323769
-0.196621 0.327484
-0.186397 0.331173
-0.176172 0.334834
-0.165948 0.338465
-0.155723 0.342063
-0.145499 0.345627
-0.135274 0.349154
-0.12505 0.352641
-0.114825 0.356087
-0.104601 0.359489
-0.0943761 0.362844
-0.0841516 0.366152
-0.073927 0.369409
-0.0637025 0.372614
-0.053478 0.375765
-0.0432534 0.378859
-0.0330289 0.381894
-0.0228044 0.384869
-0.0125798 0.387781
-0.00235532 0.390629
0.00786922 0.393412
0.0180938 0.396127
0.0283183 0.398772
0.0385428 0.401347
0.0487673 0.40385
0.0589919 0.406278
0.0692164 0.408632
0.0794409 0.41091
0.0896655 0.41311
0.09989 0.415232
0.110115 0.417274
0.120339 0.419235
0.130564 0.421115
0.140788 0.422913
0.151013 0.424629
0.161237 0.426261
0.171462 0.427809
0.181686 0.429273
0.191911 0.430652
0.202135 0.431946
0.21236 0.433155
0.222584 0.434279
0.232809 0.435318
0.243033 0.436272
0.253258 0.437141
0.263483 0.437925
0.273707 0.438625
0.283932 0.439241
0.294156 0.439773
0.304381 0.440222
0.314605 0.440589
0.32483 0.440873
0.335054 0.441077
0.345279 0.441199
0.355503 0.441243
0.365728 0.441207
0.375952 0.441093
0.386177 0.440903
0.396401 0.440636
0.406626 0.440295
0.416851 0.43988
0.427075 0.439392
0.4373 0.438832
0.447524 0.438202
0.457749 0.437503
0.467973 0.436736
0.478198 0.435902
0.488422 0.435003
0.498647 0.43404
0.508871 0.433014
0.519096 0.431927
0.52932 0.430779
0.539545 0.429573
0.549769 0.42831
0.559994 0.42699
0.570219 0.425616
0.580443 0.424189
0.590668 0.42271
0.600892 0.421181
0.611117 0.419602
0.621341 0.417976
0.631566 0.416304
0.64179 0.414587
0.652015 0.412827
0.662239 0.411024
0.672464 0.409181
0.682688 0.407299
0.692913 0.405378
0.703137 0.40342
0.713362 0.401428
0.723587 0.399401
0.733811 0.397341
0.744036 0.395249
0.75426 0.393128
0.764485 0.390977
0.774709 0.388798
0.784934 0.386593
0.795158 0.384362
0.805383 0.382107
0.815607 0.379829
0.825832 0.377529
0.836056 0.375208
0.846281 0.372867
0.856505 0.370508
0.86673 0.36813
0.876955 0.365736
0.887179 0.363327
0.897404 0.360902
0.907628 0.358464
0.917853 0.356014
0.928077 0.353551
0.938302 0.351078
0.948526 0.348594
0.958751 0.346102
0.968975 0.343601
0.9792 0.341093
0.989424 0.338578
0.999649 0.336058
1.00987 0.333532
1.0201 0.331002
1.03032 0.328468
1.04055 0.325932
1.05077 0.323394
1.061 0.320854
1.07122 0.318313
1.08145 0.315772
1.09167 0.313231
1.10189 0.310692
1.11212 0.308154
1.12234 0.305619
1.13257 0.303086
1.14279 0.300556
1.15302 0.298031
1.16324 0.29551
1.17347 0.292993
1.18369 0.290482
1.19392 0.287977
1.20414 0.285478
1.21436 0.282986
1.22459 0.280501
1.23481 0.278023
1.24504 0.275554
1.25526 0.273092
1.26549 0.270639
1.27571 0.268196
1.28594 0.265761
1.29616 0.263336
1.30638 0.260921
1.31661 0.258517
1.32683 0.256122
1.33706 0.253739
1.34728 0.251367
1.35751 0.249006
1.36773 0.246657
1.37796 0.244319
1.38818 0.241994
1.39841 0.239681
1.40863 0.23738
1.41885 0.235092
1.42908 0.232817
1.4393 0.230555
1.44953 0.228306
1.45975 0.226071
1.46998 0.223849
1.4802 0.22164
1.49043 0.219446
1.50065 0.217265
1.51088 0.215098
1.5211 0.212946
1.53132 0.210807
1.54155 0.208683
1.55177 0.206574
1.562 0.204479
1.57222 0.202398
1.58245 0.200332
1.59267 0.198281
1.6029 0.196245
1.61312 0.194224
1.62335 0.192217
1.63357 0.190225
1.64379 0.188249
1.65402 0.186287
1.66424 0.18434
1.67447 0.182409
1.68469 0.180492
1.69492 0.178591
1.70514 0.176705
1.71537 0.174833
1.72559 0.172977
1.73582 0.171136
1.74604 0.16931
1.75626 0.167499
1.76649 0.165703
1.77671 0.163922
1.78694 0.162156
1.79716 0.160406
1.80739 0.15867
1.81761 0.156949
1.82784 0.155243
1.83806 0.153552
1.84829 0.151875
1.85851 0.150214
1.86873 0.148567
1.87896 0.146935
1.88918 0.145317
1.89941 0.143714
1.90963 0.142126
1.91986 0.140552
1.93008 0.138992
1.94031 0.137447
1.95053 0.135916
1.96076 0.1344
1.97098 0.132897
1.9812 0.131409
1.99143 0.129935
2.00165 0.128474
2.01188 0.127028
2.0221 0.125595
2.03233 0.124176
2.04255 0.122771
2.05278 0.121379
2.063 0.120001
2.07322 0.118637
2.08345 0.117285
2.09367 0.115947
2.1039 0.114622
2.11412 0.113311
2.12435 0.112012
2.13457 0.110726
2.1448 0.109453
2.15502 0.108193
2.16525 0.106946
2.17547 0.105711
2.18569 0.104489
2.19592 0.103279
2.20614 0.102082
2.21637 0.100896
2.22659 0.0997234
2.23682 0.0985624
2.24704 0.0974134
2.25727 0.0962764
2.26749 0.0951511
2.27772 0.0940376
2.28794 0.0929357
2.29816 0.0918453
2.30839 0.0907664
2.31861 0.0896989
2.32884 0.0886426
2.33906 0.0875975
2.34929 0.0865635
2.35951 0.0855405
2.36974 0.0845285
2.37996 0.0835272
2.39019 0.0825367
2.40041 0.0815568
2.41063 0.0805875
2.42086 0.0796287
2.43108 0.0786802
2.44131 0.077742
2.45153 0.076814
2.46176 0.0758961
2.47198 0.0749882
2.48221 0.0740902
2.49243 0.0732021
2.50266 0.0723238
2.51288 0.0714551
2.5231 0.070596
2.53333 0.0697464
2.54355 0.0689061
2.55378 0.0680752
2.564 0.0672536
2.57423 0.0664411
2.58445 0.0656376
2.59468 0.0648431
2.6049 0.0640575
2.61513 0.0632808
2.62535 0.0625127
2.63557 0.0617533
2.6458 0.0610025
2.65602 0.0602601
2.66625 0.0595261
2.67647 0.0588005
2.6867 0.0580831
2.69692 0.0573738
2.70715 0.0566726
2.71737 0.0559794
2.7276 0.0552941
2.73782 0.0546167
2.74804 0.053947
2.75827 0.053285
2.76849 0.0526306
2.77872 0.0519837
2.78894 0.0513443
2.79917 0.0507123
2.80939 0.0500876
2.81962 0.04947
2.82984 0.0488597
2.84006 0.0482564
2.85029 0.0476602
2.86051 0.0470708
2.87074 0.0464884
2.88096 0.0459127
2.89119 0.0453438
2.90141 0.0447815
2.91164 0.0442258
2.92186 0.0436766
2.93209 0.0431339
2.94231 0.0425975
2.95253 0.0420674
2.96276 0.0415436
2.97298 0.041026
2.98321 0.0405145
2.99343 0.040009
3.00366 0.0395095
3.01388 0.039016
3.02411 0.0385282
3.03433 0.0380463
3.04456 0.0375701
3.05478 0.0370996
3.065 0.0366347
3.07523 0.0361753
3.08545 0.0357214
3.09568 0.035273
3.1059 0.0348299
3.11613 0.0343921
3.12635 0.0339595
3.13658 0.0335322
3.1468 0.03311
3.15703 0.0326928
3.16725 0.0322807
3.17747 0.0318735
3.1877 0.0314713
3.19792 0.0310739
3.20815 0.0306813
3.21837 0.0302935
3.2286 0.0299103
3.23882 0.0295318
3.24905 0.0291579
3.25927 0.0287885
3.2695 0.0284236
3.27972 0.0280632
3.28994 0.0277071
3.30017 0.0273554
3.31039 0.0270079
3.32062 0.0266647
3.33084 0.0263257
3.34107 0.0259909
3.35129 0.0256601
3.36152 0.0253334
3.37174 0.0250106
3.38197 0.0246919
3.39219 0.024377
3.40241 0.024066
3.41264 0.0237589
3.42286 0.0234555
3.43309 0.0231558
3.44331 0.0228599
3.45354 0.0225675
3.46376 0.0222788
3.47399 0.0219937
3.48421 0.0217121
3.49444 0.0214339
3.50466 0.0211592
3.51488 0.0208879
3.52511 0.02062
3.53533 0.0203554
3.54556 0.020094
3.55578 0.0198359
3.56601 0.019581
3.57623 0.0193293
3.58646 0.0190807
3.59668 0.0188353
3.6069 0.0185928
3.61713 0.0183534
3.62735 0.018117
3.63758 0.0178835
3.6478 0.017653
3.65803 0.0174253
3.66825 0.0172005
3.67848 0.0169784
3.6887 0.0167592
3.69893 0.0165427
3.70915 0.0163289
3.71937 0.0161178
3.7296 0.0159094
3.73982 0.0157036
3.75005 0.0155003
3.76027 0.0152996
3.7705 0.0151015
3.78072 0.0149058
3.79095 0.0147126
3.80117 0.0145218
3.8114 0.0143335
3.82162 0.0141475
3.83184 0.0139639
3.84207 0.0137825
3.85229 0.0136035
3.86252 0.0134267
3.87274 0.0132522
3.88297 0.0130799
3.89319 0.0129098
3.90342 0.0127418
3.91364 0.0125759
3.92387 0.0124122
3.93409 0.0122505
3.94431 0.0120909
3.95454 0.0119333
3.96476 0.0117777
3.97499 0.0116241
3.98521 0.0114724
3.99544 0.0113227
4.00566 0.0111749
4.01589 0.0110289
4.02611 0.0108849
4.03634 0.0107426
4.04656 0.0106022
4.05678 0.0104636
4.06701 0.0103267
4.07723 0.0101916
4.08746 0.0100582
4.09768 0.00992652
4.10791 0.00979653
4.11813 0.00966819
4.12836 0.00954151
4.13858 0.00941644
4.14881 0.00929298
4.15903 0.00917109
4.16925 0.00905078
4.17948 0.008932
4.1897 0.00881476
4.19993 0.00869901
4.21015 0.00858476
4.22038 0.00847197
4.2306 0.00836064
4.24083 0.00825073
4.25105 0.00814224
4.26128 0.00803515
4.2715 0.00792944
4.28172 0.00782509
4.29195 0.00772208
4.30217 0.0076204
4.3124 0.00752004
4.32262 0.00742097
4.33285 0.00732318
4.34307 0.00722665
4.3533 0.00713137
4.36352 0.00703732
4.37374 0.00694449
4.38397 0.00685285
4.39419 0.00676241
4.40442 0.00667313
4.41464 0.00658501
4.42487 0.00649804
4.43509 0.00641219
4.44532 0.00632745
4.45554 0.00624381
4.46577 0.00616126
4.47599 0.00607978
4.48621 0.00599935
4.49644 0.00591997
4.50666 0.00584163
4.51689 0.0057643
4.52711 0.00568797
4.53734 0.00561264
4.54756 0.00553829
4.55779 0.00546491
4.56801 0.00539248
4.57824 0.00532099
4.58846 0.00525044
4.59868 0.0051808
4.60891 0.00511208
4.61913 0.00504425
4.62936 0.0049773
4.63958 0.00491123
4.64981 0.00484602
4.66003 0.00478166
4.67026 0.00471814
4.68048 0.00465545
4.69071 0.00459359
4.70093 0.00453253
4.71115 0.00447227
4.72138 0.00441279
4.7316 0.0043541
4.74183 0.00429617
4.75205 0.004239
4.76228 0.00418258
4.7725 0.0041269
4.78273 0.00407195
4.79295 0.00401772
4.80318 0.00396421
4.8134 0.00391139
4.82362 0.00385926
4.83385 0.00380782
4.84407 0.00375706
4.8543 0.00370696
4.86452 0.00365752
4.87475 0.00360873
4.88497 0.00356058
4.8952 0.00351307
4.90542 0.00346618
4.91565 0.0034199
4.92587 0.00337424
4.93609 0.00332917
4.94632 0.0032847
4.95654 0.00324081
4.96677 0.00319751
4.97699 0.00315477
4.98722 0.00311259
4.99744 0.00307098
5.00767 0.00302991
5.01789 0.00298938
5.02811 0.00294939
5.03834 0.00290992
5.04856 0.00287098
5.05879 0.00283255
5.06901 0.00279462
5.07924 0.0027572
5.08946 0.00272027
5.09969 0.00268383
5.10991 0.00264788
5.12014 0.00261239
5.13036 0.00257738
5.14058 0.00254283
5.15081 0.00250874
5.16103 0.00247509
5.17126 0.0024419
5.18148 0.00240914
5.19171 0.00237682
5.20193 0.00234492
5.21216 0.00231345
5.22238 0.0022824
5.23261 0.00225175
5.24283 0.00222152
5.25305 0.00219168
5.26328 0.00216224
5.2735 0.00213319
5.28373 0.00210453
5.29395 0.00207624
5.30418 0.00204833
5.3144 0.0020208
5.32463 0.00199362
5.33485 0.00196681
5.34508 0.00194036
5.3553 0.00191426
5.36552 0.0018885
5.37575 0.00186309
5.38597 0.00183801
5.3962 0.00181327
5.40642 0.00178886
5.41665 0.00176477
5.42687 0.001741
5.4371 0.00171755
5.44732 0.00169442
5.45755 0.00167159
5.46777 0.00164906
5.47799 0.00162683
5.48822 0.0016049
5.49844 0.00158327
5.50867 0.00156192
5.51889 0.00154085
5.52912 0.00152007
5.53934 0.00149957
5.54957 0.00147933
5.55979 0.00145937
5.57002 0.00143968
5.58024 0.00142024
5.59046 0.00140107
5.60069 0.00138215
5.61091 0.00136349
5.62114 0.00134508
5.63136 0.00132691
5.64159 0.00130898
5.65181 0.00129129
5.66204 0.00127385
5.67226 0.00125663
5.68249 0.00123964
5.69271 0.00122288
5.70293 0.00120635
5.71316 0.00119004
5.72338 0.00117394
5.73361 0.00115806
5.74383 0.0011424
5.75406 0.00112694
5.76428 0.00111169
5.77451 0.00109664
5.78473 0.0010818
5.79495 0.00106716
5.80518 0.00105271
5.8154 0.00103845
5.82563 0.00102439
5.83585 0.00101052
5.84608 0.000996827
5.8563 0.000983321
5.86653 0.000969998
5.87675 0.000956853
5.88698 0.000943884
5.8972 0.00093109
5.90742 0.000918467
5.91765 0.000906014
5.92787 0.000893729
5.9381 0.000881608
5.94832 0.00086965
5.95855 0.000857853
5.96877 0.000846215
5.979 0.000834733
5.98922 0.000823405
5.99945 0.00081223
6.00967 0.000801205
6.01989 0.000790328
6.03012 0.000779598
6.04034 0.000769012
6.05057 0.000758569
6.06079 0.000748266
6.07102 0.000738102
6.08124 0.000728075
6.09147 0.000718183
6.10169 0.000708424
6.11192 0.000698796
6.12214 0.000689299
6.13236 0.000679929
6.14259 0.000670686
6.15281 0.000661567
6.16304 0.000652571
6.17326 0.000643696
6.18349 0.000634941
6.19371 0.000626305
6.20394 0.000617784
6.21416 0.000609379
6.22439 0.000601087
6.23461 0.000592907
6.24483 0.000584838
6.25506 0.000576877
6.26528 0.000569024
6.27551 0.000561277
6.28573 0.000553634
6.29596 0.000546095
6.30618 0.000538658
6.31641 0.000531321
6.32663 0.000524083
6.33686 0.000516943
6.34708 0.0005099
6.3573 0.000502951
6.36753 0.000496097
6.37775 0.000489336
6.38798 0.000482665
6.3982 0.000476086
6.40843 0.000469595
6.41865 0.000463192
6.42888 0.000456875
6.4391 0.000450644
6.44933 0.000444498
6.45955 0.000438434
6.46977 0.000432453
6.48 0.000426553
6.49022 0.000420732
6.50045 0.000414991
6.51067 0.000409327
6.5209 0.00040374
6.53112 0.000398229
6.54135 0.000392792
6.55157 0.000387429
6.56179 0.000382139
6.57202 0.00037692
6.58224 0.000371773
6.59247 0.000366695
6.60269 0.000361686
6.61292 0.000356744
6.62314 0.00035187
6.63337 0.000347062
6.64359 0.000342319
6.65382 0.000337641
6.66404 0.000333026
6.67426 0.000328474
6.68449 0.000323983
6.69471 0.000319554
6.70494 0.000315184
6.71516 0.000310874
6.72539 0.000306623
6.73561 0.000302429
6.74584 0.000298292
6.75606 0.000294212
6.76629 0.000290187
6.77651 0.000286216
6.78673 0.0002823
6.79696 0.000278436
6.80718 0.000274626
6.81741 0.000270867
6.82763 0.000267159
6.83786 0.000263502
6.84808 0.000259894
6.85831 0.000256336
6.86853 0.000252825
6.87876 0.000249363
6.88898 0.000245948
6.8992 0.000242579
6.90943 0.000239256
6.91965 0.000235978
6.92988 0.000232745
6.9401 0.000229556
6.95033 0.00022641
6.96055 0.000223308
6.97078 0.000220247
6.981 0.000217228
6.99123 0.00021425
7.00145 0.000211313
7.01167 0.000208416
7.0219 0.000205558
