0.694868 0.00957159
1.56222 0.018719
2.42957 0.021963
3.29691 0.0226612
4.16426 0.0223977
5.03161 0.0217695
5.89896 0.021014
6.76631 0.0202315
7.63366 0.0194651
8.50101 0.0187332
9.36836 0.0180422
10.2357 0.0173934
11.1031 0.0167854
11.9704 0.0162159
12.8378 0.0156819
13.7051 0.0151807
14.5724 0.0147094
15.4398 0.0142655
16.3071 0.0138466
17.1745 0.0134506
18.0418 0.0130756
18.9092 0.0127199
19.7765 0.0123819
20.6439 0.0120603
21.5112 0.0117538
22.3786 0.0114613
23.2459 0.0111818
24.1133 0.0109144
24.9806 0.0106582
25.848 0.0104124
26.7153 0.0101765
27.5827 0.00994976
28.45 0.00973162
29.3174 0.00952158
30.1847 0.00931915
31.0521 0.0091239
31.9194 0.00893542
32.7868 0.00875334
33.6541 0.00857731
34.5215 0.00840702
35.3888 0.00824217
36.2562 0.0080825
37.1235 0.00792773
37.9909 0.00777765
38.8582 0.00763201
39.7256 0.00749063
40.5929 0.0073533
41.4603 0.00721985
42.3276 0.00709011
43.195 0.00696391
44.0623 0.00684111
44.9297 0.00672156
45.797 0.00660514
46.6644 0.00649171
47.5317 0.00638117
48.3991 0.0062734
49.2664 0.00616829
50.1338 0.00606575
51.0011 0.00596567
51.8685 0.00586798
52.7358 0.00577258
53.6031 0.0056794
54.4705 0.00558836
55.3378 0.00549938
56.2052 0.0054124
57.0725 0.00532734
57.9399 0.00524416
58.8072 0.00516277
59.6746 0.00508314
60.5419 0.0050052
61.4093 0.00492891
62.2766 0.0048542
63.144 0.00478103
64.0113 0.00470937
64.8787 0.00463915
65.746 0.00457035
66.6134 0.00450291
67.4807 0.00443681
68.3481 0.004372
69.2154 0.00430845
70.0828 0.00424612
70.9501 0.00418498
71.8175 0.00412499
72.6848 0.00406614
73.5522 0.00400838
74.4195 0.00395169
75.2869 0.00389604
76.1542 0.0038414
77.0216 0.00378776
77.8889 0.00373507
78.7563 0.00368333
79.6236 0.00363251
80.491 0.00358258
81.3583 0.00353352
82.2257 0.00348532
83.093 0.00343794
83.9604 0.00339139
84.8277 0.00334562
85.6951 0.00330063
86.5624 0.0032564
87.4298 0.00321291
88.2971 0.00317014
89.1645 0.00312808
90.0318 0.00308671
90.8991 0.00304602
91.7665 0.003006
92.6338 0.00296662
93.5012 0.00292787
94.3685 0.00288975
95.2359 0.00285223
96.1032 0.00281531
96.9706 0.00277898
97.8379 0.00274321
98.7053 0.002708
99.5726 0.00267334
100.44 0.00263921
101.307 0.00260562
102.175 0.00257253
103.042 0.00253996
103.909 0.00250787
104.777 0.00247628
105.644 0.00244516
106.511 0.0024145
107.379 0.00238431
108.246 0.00235456
109.113 0.00232525
109.981 0.00229638
110.848 0.00226793
111.716 0.0022399
112.583 0.00221228
113.45 0.00218506
114.318 0.00215823
115.185 0.00213179
116.052 0.00210573
116.92 0.00208004
117.787 0.00205472
118.654 0.00202976
119.522 0.00200515
120.389 0.00198089
121.256 0.00195697
122.124 0.00193339
122.991 0.00191013
123.858 0.0018872
124.726 0.00186459
125.593 0.00184229
126.46 0.0018203
127.328 0.00179861
128.195 0.00177722
129.062 0.00175612
129.93 0.00173531
130.797 0.00171478
131.665 0.00169453
132.532 0.00167455
133.399 0.00165484
134.267 0.0016354
135.134 0.00161622
136.001 0.00159729
136.869 0.00157862
137.736 0.00156019
138.603 0.00154201
139.471 0.00152406
140.338 0.00150636
141.205 0.00148888
142.073 0.00147164
142.94 0.00145462
143.807 0.00143782
144.675 0.00142125
145.542 0.00140488
146.409 0.00138873
147.277 0.00137279
148.144 0.00135705
149.012 0.00134152
149.879 0.00132618
150.746 0.00131104
151.614 0.00129609
152.481 0.00128134
153.348 0.00126677
154.216 0.00125239
155.083 0.00123818
155.95 0.00122416
156.818 0.00121032
157.685 0.00119664
158.552 0.00118314
159.42 0.00116981
160.287 0.00115665
161.154 0.00114365
162.022 0.00113081
162.889 0.00111813
163.756 0.00110561
164.624 0.00109324
165.491 0.00108103
166.358 0.00106896
167.226 0.00105705
168.093 0.00104528
168.961 0.00103365
169.828 0.00102217
170.695 0.00101083
171.563 0.000999623
172.43 0.000988555
173.297 0.000977621
174.165 0.00096682
175.032 0.000956149
175.899 0.000945608
176.767 0.000935193
177.634 0.000924904
178.501 0.000914739
179.369 0.000904695
180.236 0.000894772
181.103 0.000884968
181.971 0.000875281
182.838 0.000865709
183.705 0.000856251
184.573 0.000846905
185.44 0.000837671
186.308 0.000828546
187.175 0.000819528
188.042 0.000810618
188.91 0.000801812
189.777 0.00079311
190.644 0.00078451
191.512 0.000776012
192.379 0.000767613
193.246 0.000759312
194.114 0.000751108
194.981 0.000743001
195.848 0.000734987
196.716 0.000727067
197.583 0.000719239
198.45 0.000711502
199.318 0.000703855
200.185 0.000696296
201.052 0.000688825
201.92 0.00068144
202.787 0.00067414
203.654 0.000666924
204.522 0.000659791
205.389 0.00065274
206.257 0.00064577
207.124 0.00063888
207.991 0.000632069
208.859 0.000625336
209.726 0.000618679
210.593 0.000612099
211.461 0.000605593
212.328 0.000599161
213.195 0.000592803
214.063 0.000586517
214.93 0.000580301
215.797 0.000574157
216.665 0.000568082
217.532 0.000562075
218.399 0.000556136
219.267 0.000550265
220.134 0.000544459
221.001 0.000538718
221.869 0.000533043
222.736 0.00052743
223.604 0.000521881
224.471 0.000516394
225.338 0.000510968
226.206 0.000505603
227.073 0.000500298
227.94 0.000495052
228.808 0.000489864
229.675 0.000484734
230.542 0.000479662
231.41 0.000474645
232.277 0.000469684
233.144 0.000464778
234.012 0.000459927
234.879 0.000455129
235.746 0.000450384
236.614 0.000445692
237.481 0.000441051
238.348 0.000436462
239.216 0.000431923
240.083 0.000427434
240.951 0.000422994
241.818 0.000418603
242.685 0.00041426
243.553 0.000409965
244.42 0.000405717
245.287 0.000401515
246.155 0.000397359
247.022 0.000393249
247.889 0.000389183
248.757 0.000385162
249.624 0.000381185
250.491 0.000377251
251.359 0.000373359
252.226 0.00036951
253.093 0.000365703
253.961 0.000361937
254.828 0.000358212
255.695 0.000354527
256.563 0.000350882
257.43 0.000347276
258.297 0.00034371
259.165 0.000340181
260.032 0.000336691
260.9 0.000333239
261.767 0.000329824
262.634 0.000326445
263.502 0.000323103
264.369 0.000319796
265.236 0.000316526
266.104 0.00031329
266.971 0.000310089
267.838 0.000306922
268.706 0.000303789
269.573 0.00030069
270.44 0.000297623
271.308 0.00029459
272.175 0.000291589
273.042 0.00028862
273.91 0.000285682
274.777 0.000282776
275.644 0.0002799
276.512 0.000277056
277.379 0.000274241
278.247 0.000271457
279.114 0.000268701
279.981 0.000265976
280.849 0.000263279
281.716 0.00026061
282.583 0.00025797
283.451 0.000255358
284.318 0.000252773
285.185 0.000250216
286.053 0.000247685
286.92 0.000245182
287.787 0.000242704
288.655 0.000240253
289.522 0.000237828
290.389 0.000235428
291.257 0.000233053
292.124 0.000230703
292.991 0.000228378
293.859 0.000226078
294.726 0.000223801
295.593 0.000221549
296.461 0.00021932
297.328 0.000217114
298.196 0.000214931
299.063 0.000212771
299.93 0.000210634
300.798 0.000208519
301.665 0.000206426
302.532 0.000204355
303.4 0.000202306
304.267 0.000200278
305.134 0.000198271
306.002 0.000196285
306.869 0.000194319
307.736 0.000192374
308.604 0.000190449
309.471 0.000188545
310.338 0.00018666
311.206 0.000184794
312.073 0.000182948
312.94 0.000181121
313.808 0.000179313
314.675 0.000177523
315.543 0.000175753
316.41 0.000174
317.277 0.000172266
318.145 0.000170549
319.012 0.00016885
319.879 0.000167169
320.747 0.000165505
321.614 0.000163858
322.481 0.000162228
323.349 0.000160615
324.216 0.000159019
325.083 0.000157439
325.951 0.000155875
326.818 0.000154327
327.685 0.000152795
328.553 0.000151279
329.42 0.000149778
330.287 0.000148293
331.155 0.000146823
332.022 0.000145368
332.889 0.000143928
333.757 0.000142503
334.624 0.000141092
335.492 0.000139696
336.359 0.000138314
337.226 0.000136946
338.094 0.000135592
338.961 0.000134252
339.828 0.000132926
340.696 0.000131613
341.563 0.000130313
342.43 0.000129027
343.298 0.000127754
344.165 0.000126494
345.032 0.000125246
345.9 0.000124012
346.767 0.000122789
347.634 0.00012158
348.502 0.000120382
349.369 0.000119197
350.236 0.000118024
351.104 0.000116862
351.971 0.000115713
352.839 0.000114575
353.706 0.000113448
354.573 0.000112333
355.441 0.000111229
356.308 0.000110137
357.175 0.000109055
358.043 0.000107985
358.91 0.000106925
359.777 0.000105876
360.645 0.000104837
361.512 0.000103809
362.379 0.000102792
363.247 0.000101784
364.114 0.000100787
364.981 9.98001e-05
365.849 9.88229e-05
366.716 9.78555e-05
367.583 9.68978e-05
368.451 9.59498e-05
369.318 9.50113e-05
370.185 9.40823e-05
371.053 9.31626e-05
371.92 9.22521e-05
372.788 9.13508e-05
373.655 9.04585e-05
374.522 8.95751e-05
375.39 8.87007e-05
376.257 8.7835e-05
377.124 8.69779e-05
377.992 8.61295e-05
378.859 8.52895e-05
379.726 8.4458e-05
380.594 8.36348e-05
381.461 8.28198e-05
382.328 8.20129e-05
383.196 8.12142e-05
384.063 8.04234e-05
384.93 7.96405e-05
385.798 7.88654e-05
386.665 7.80981e-05
387.532 7.73384e-05
388.4 7.65863e-05
389.267 7.58417e-05
390.135 7.51045e-05
391.002 7.43747e-05
391.869 7.36521e-05
392.737 7.29368e-05
393.604 7.22285e-05
394.471 7.15273e-05
395.339 7.08331e-05
396.206 7.01458e-05
397.073 6.94653e-05
397.941 6.87916e-05
398.808 6.81245e-05
399.675 6.74641e-05
400.543 6.68103e-05
401.41 6.61629e-05
402.277 6.5522e-05
403.145 6.48874e-05
404.012 6.42591e-05
404.879 6.3637e-05
405.747 6.30211e-05
406.614 6.24114e-05
407.481 6.18076e-05
408.349 6.12098e-05
409.216 6.0618e-05
410.084 6.00319e-05
410.951 5.94517e-05
411.818 5.88773e-05
412.686 5.83085e-05
413.553 5.77453e-05
414.42 5.71877e-05
415.288 5.66356e-05
416.155 5.60889e-05
417.022 5.55476e-05
417.89 5.50117e-05
418.757 5.44811e-05
419.624 5.39557e-05
420.492 5.34354e-05
421.359 5.29203e-05
422.226 5.24103e-05
423.094 5.19053e-05
423.961 5.14053e-05
424.828 5.09102e-05
425.696 5.04199e-05
426.563 4.99345e-05
427.431 4.94539e-05
428.298 4.8978e-05
429.165 4.85067e-05
430.033 4.80401e-05
430.9 4.75781e-05
431.767 4.71206e-05
432.635 4.66676e-05
433.502 4.62191e-05
434.369 4.57749e-05
435.237 4.53352e-05
436.104 4.48997e-05
436.971 4.44685e-05
437.839 4.40415e-05
438.706 4.36187e-05
439.573 4.32001e-05
440.441 4.27855e-05
441.308 4.2375e-05
442.175 4.19685e-05
443.043 4.1566e-05
443.91 4.11675e-05
444.777 4.07728e-05
445.645 4.0382e-05
446.512 3.9995e-05
447.38 3.96118e-05
448.247 3.92324e-05
449.114 3.88566e-05
449.982 3.84845e-05
450.849 3.81161e-05
451.716 3.77512e-05
452.584 3.73899e-05
453.451 3.70322e-05
454.318 3.66779e-05
455.186 3.63271e-05
456.053 3.59797e-05
456.92 3.56356e-05
457.788 3.5295e-05
458.655 3.49576e-05
459.522 3.46236e-05
460.39 3.42928e-05
461.257 3.39652e-05
462.124 3.36408e-05
462.992 3.33195e-05
463.859 3.30014e-05
464.727 3.26864e-05
465.594 3.23744e-05
466.461 3.20655e-05
467.329 3.17596e-05
468.196 3.14566e-05
469.063 3.11566e-05
469.931 3.08595e-05
470.798 3.05653e-05
471.665 3.02739e-05
472.533 2.99854e-05
473.4 2.96996e-05
474.267 2.94167e-05
475.135 2.91364e-05
476.002 2.88589e-05
476.869 2.85841e-05
477.737 2.8312e-05
478.604 2.80425e-05
479.471 2.77756e-05
480.339 2.75112e-05
481.206 2.72495e-05
482.073 2.69903e-05
482.941 2.67335e-05
483.808 2.64793e-05
484.676 2.62275e-05
485.543 2.59782e-05
486.41 2.57313e-05
487.278 2.54867e-05
488.145 2.52445e-05
489.012 2.50047e-05
489.88 2.47672e-05
490.747 2.4532e-05
491.614 2.4299e-05
492.482 2.40683e-05
493.349 2.38398e-05
494.216 2.36135e-05
495.084 2.33895e-05
495.951 2.31675e-05
496.818 2.29477e-05
497.686 2.27301e-05
498.553 2.25145e-05
499.42 2.2301e-05
500.288 2.20896e-05
501.155 2.18802e-05
502.023 2.16728e-05
502.89 2.14674e-05
503.757 2.1264e-05
504.625 2.10625e-05
505.492 2.0863e-05
506.359 2.06654e-05
507.227 2.04697e-05
508.094 2.02759e-05
508.961 2.0084e-05
509.829 1.98939e-05
510.696 1.97056e-05
511.563 1.95192e-05
512.431 1.93345e-05
513.298 1.91516e-05
514.165 1.89705e-05
515.033 1.87911e-05
515.9 1.86134e-05
516.767 1.84374e-05
517.635 1.82631e-05
518.502 1.80905e-05
519.369 1.79196e-05
520.237 1.77503e-05
521.104 1.75826e-05
521.972 1.74165e-05
522.839 1.7252e-05
523.706 1.70891e-05
524.574 1.69277e-05
525.441 1.67679e-05
526.308 1.66097e-05
527.176 1.64529e-05
528.043 1.62976e-05
528.91 1.61439e-05
529.778 1.59916e-05
530.645 1.58407e-05
531.512 1.56913e-05
532.38 1.55434e-05
533.247 1.53968e-05
534.114 1.52517e-05
534.982 1.51079e-05
535.849 1.49655e-05
536.716 1.48245e-05
537.584 1.46848e-05
538.451 1.45465e-05
539.319 1.44094e-05
540.186 1.42737e-05
541.053 1.41393e-05
541.921 1.40062e-05
542.788 1.38743e-05
543.655 1.37437e-05
544.523 1.36144e-05
545.39 1.34862e-05
546.257 1.33593e-05
547.125 1.32336e-05
547.992 1.31091e-05
548.859 1.29858e-05
549.727 1.28637e-05
550.594 1.27428e-05
551.461 1.26229e-05
552.329 1.25043e-05
553.196 1.23867e-05
554.063 1.22703e-05
554.931 1.2155e-05
555.798 1.20408e-05
556.665 1.19277e-05
557.533 1.18156e-05
558.4 1.17046e-05
559.268 1.15947e-05
560.135 1.14858e-05
561.002 1.1378e-05
561.87 1.12712e-05
562.737 1.11654e-05
563.604 1.10606e-05
564.472 1.09568e-05
565.339 1.0854e-05
566.206 1.07521e-05
567.074 1.06513e-05
567.941 1.05514e-05
568.808 1.04524e-05
569.676 1.03544e-05
570.543 1.02573e-05
571.41 1.01611e-05
572.278 1.00659e-05
573.145 9.97153e-06
574.012 9.87807e-06
574.88 9.78551e-06
575.747 9.69382e-06
576.615 9.603e-06
577.482 9.51304e-06
578.349 9.42394e-06
579.217 9.33568e-06
580.084 9.24826e-06
580.951 9.16166e-06
581.819 9.07589e-06
582.686 8.99093e-06
583.553 8.90678e-06
584.421 8.82342e-06
585.288 8.74085e-06
586.155 8.65907e-06
587.023 8.57806e-06
587.89 8.49781e-06
588.757 8.41833e-06
589.625 8.3396e-06
590.492 8.26161e-06
591.359 8.18436e-06
592.227 8.10784e-06
593.094 8.03205e-06
593.961 7.95697e-06
594.829 7.88261e-06
595.696 7.80894e-06
596.564 7.73598e-06
597.431 7.6637e-06
598.298 7.5921e-06
599.166 7.52119e-06
600.033 7.45094e-06
600.9 7.38136e-06
601.768 7.31243e-06
602.635 7.24415e-06
603.502 7.17652e-06
604.37 7.10953e-06
605.237 7.04317e-06
606.104 6.97744e-06
606.972 6.91233e-06
607.839 6.84783e-06
608.706 6.78394e-06
609.574 6.72066e-06
610.441 6.65797e-06
611.308 6.59587e-06
612.176 6.53436e-06
613.043 6.47342e-06
613.911 6.41307e-06
614.778 6.35328e-06
615.645 6.29405e-06
616.513 6.23539e-06
617.38 6.17727e-06
618.247 6.11971e-06
619.115 6.06268e-06
619.982 6.0062e-06
620.849 5.95024e-06
621.717 5.89481e-06
622.584 5.83991e-06
623.451 5.78552e-06
624.319 5.73164e-06
625.186 5.67827e-06
626.053 5.6254e-06
626.921 5.57303e-06
627.788 5.52116e-06
628.655 5.46977e-06
629.523 5.41886e-06
630.39 5.36844e-06
631.257 5.31848e-06
632.125 5.269e-06
632.992 5.21998e-06
633.86 5.17143e-06
634.727 5.12333e-06
635.594 5.07568e-06
636.462 5.02848e-06
637.329 4.98172e-06
638.196 4.9354e-06
639.064 4.88952e-06
639.931 4.84407e-06
640.798 4.79904e-06
641.666 4.75444e-06
642.533 4.71026e-06
643.4 4.66649e-06
644.268 4.62313e-06
645.135 4.58018e-06
646.002 4.53763e-06
646.87 4.49549e-06
647.737 4.45373e-06
648.604 4.41237e-06
649.472 4.3714e-06
650.339 4.33081e-06
651.207 4.2906e-06
652.074 4.25077e-06
652.941 4.21131e-06
653.809 4.17222e-06
654.676 4.1335e-06
655.543 4.09514e-06
656.411 4.05715e-06
657.278 4.0195e-06
658.145 3.98221e-06
659.013 3.94527e-06
659.88 3.90868e-06
660.747 3.87242e-06
661.615 3.83651e-06
662.482 3.80094e-06
663.349 3.76569e-06
664.217 3.73078e-06
665.084 3.69619e-06
665.951 3.66193e-06
666.819 3.62799e-06
667.686 3.59436e-06
668.553 3.56105e-06
669.421 3.52805e-06
670.288 3.49537e-06
671.156 3.46298e-06
672.023 3.4309e-06
672.89 3.39912e-06
673.758 3.36764e-06
674.625 3.33645e-06
675.492 3.30555e-06
676.36 3.27494e-06
677.227 3.24462e-06
678.094 3.21458e-06
678.962 3.18482e-06
679.829 3.15534e-06
680.696 3.12613e-06
681.564 3.0972e-06
682.431 3.06854e-06
683.298 3.04014e-06
684.166 3.01201e-06
685.033 2.98414e-06
685.9 2.95654e-06
686.768 2.92919e-06
687.635 2.90209e-06
688.503 2.87525e-06
689.37 2.84866e-06
690.237 2.82232e-06
691.105 2.79622e-06
691.972 2.77037e-06
692.839 2.74476e-06
693.707 2.71939e-06
694.574 2.69425e-06
695.441 2.66935e-06
696.309 2.64468e-06
697.176 2.62024e-06
698.043 2.59603e-06
698.911 2.57204e-06
699.778 2.54828e-06
700.645 2.52474e-06
701.513 2.50141e-06
702.38 2.47831e-06
703.247 2.45542e-06
704.115 2.43274e-06
704.982 2.41028e-06
705.849 2.38802e-06
706.717 2.36598e-06
707.584 2.34413e-06
708.452 2.32249e-06
709.319 2.30105e-06
710.186 2.27982e-06
711.054 2.25878e-06
711.921 2.23793e-06
712.788 2.21728e-06
713.656 2.19682e-06
714.523 2.17655e-06
715.39 2.15647e-06
716.258 2.13658e-06
717.125 2.11687e-06
717.992 2.09735e-06
718.86 2.078e-06
719.727 2.05884e-06
720.594 2.03985e-06
721.462 2.02105e-06
722.329 2.00241e-06
723.196 1.98395e-06
724.064 1.96566e-06
724.931 1.94754e-06
725.799 1.92959e-06
726.666 1.91181e-06
727.533 1.89419e-06
728.401 1.87674e-06
729.268 1.85944e-06
730.135 1.84231e-06
731.003 1.82534e-06
731.87 1.80852e-06
732.737 1.79186e-06
733.605 1.77536e-06
734.472 1.75901e-06
735.339 1.74281e-06
736.207 1.72676e-06
737.074 1.71086e-06
737.941 1.69511e-06
738.809 1.6795e-06
739.676 1.66404e-06
740.543 1.64872e-06
741.411 1.63355e-06
742.278 1.61851e-06
743.145 1.60361e-06
744.013 1.58886e-06
744.88 1.57424e-06
745.748 1.55975e-06
746.615 1.5454e-06
747.482 1.53118e-06
748.35 1.5171e-06
749.217 1.50314e-06
750.084 1.48932e-06
750.952 1.47562e-06
751.819 1.46205e-06
752.686 1.4486e-06
753.554 1.43528e-06
754.421 1.42208e-06
755.288 1.40901e-06
756.156 1.39606e-06
757.023 1.38322e-06
757.89 1.37051e-06
758.758 1.35791e-06
759.625 1.34543e-06
760.492 1.33307e-06
761.36 1.32081e-06
762.227 1.30868e-06
763.095 1.29665e-06
763.962 1.28474e-06
764.829 1.27294e-06
765.697 1.26124e-06
766.564 1.24966e-06
767.431 1.23818e-06
768.299 1.22681e-06
769.166 1.21554e-06
770.033 1.20438e-06
770.901 1.19332e-06
771.768 1.18236e-06
772.635 1.17151e-06
773.503 1.16075e-06
774.37 1.15009e-06
775.237 1.13954e-06
776.105 1.12908e-06
776.972 1.11871e-06
777.839 1.10845e-06
778.707 1.09827e-06
779.574 1.0882e-06
780.441 1.07821e-06
781.309 1.06832e-06
782.176 1.05852e-06
783.044 1.04881e-06
783.911 1.03918e-06
784.778 1.02965e-06
785.646 1.02021e-06
786.513 1.01085e-06
787.38 1.00158e-06
788.248 9.92395e-07
789.115 9.83294e-07
789.982 9.74278e-07
790.85 9.65345e-07
791.717 9.56495e-07
792.584 9.47726e-07
793.452 9.39038e-07
794.319 9.30431e-07
795.186 9.21903e-07
796.054 9.13453e-07
796.921 9.05082e-07
797.788 8.96788e-07
798.656 8.8857e-07
799.523 8.80428e-07
800.391 8.72361e-07
801.258 8.64369e-07
802.125 8.5645e-07
802.993 8.48605e-07
803.86 8.40832e-07
804.727 8.3313e-07
805.595 8.25499e-07
806.462 8.17939e-07
807.329 8.10449e-07
808.197 8.03027e-07
809.064 7.95674e-07
809.931 7.88389e-07
810.799 7.81171e-07
811.666 7.7402e-07
812.533 7.66934e-07
813.401 7.59914e-07
814.268 7.52958e-07
815.135 7.46066e-07
816.003 7.39238e-07
816.87 7.32473e-07
817.737 7.2577e-07
818.605 7.19129e-07
819.472 7.12549e-07
820.34 7.0603e-07
821.207 6.9957e-07
822.074 6.9317e-07
822.942 6.8683e-07
823.809 6.80547e-07
824.676 6.74322e-07
825.544 6.68155e-07
826.411 6.62044e-07
827.278 6.5599e-07
828.146 6.49991e-07
829.013 6.44048e-07
829.88 6.38159e-07
830.748 6.32324e-07
831.615 6.26543e-07
832.482 6.20816e-07
833.35 6.15141e-07
834.217 6.09518e-07
835.084 6.03947e-07
835.952 5.98427e-07
836.819 5.92958e-07
837.687 5.87539e-07
838.554 5.8217e-07
839.421 5.7685e-07
840.289 5.7158e-07
841.156 5.66358e-07
842.023 5.61183e-07
842.891 5.56057e-07
843.758 5.50977e-07
844.625 5.45944e-07
845.493 5.40958e-07
846.36 5.36017e-07
847.227 5.31122e-07
848.095 5.26271e-07
848.962 5.21465e-07
849.829 5.16704e-07
850.697 5.11986e-07
851.564 5.07311e-07
852.431 5.0268e-07
853.299 4.9809e-07
854.166 4.93543e-07
855.033 4.89038e-07
855.901 4.84574e-07
856.768 4.80152e-07
857.636 4.75769e-07
858.503 4.71427e-07
859.37 4.67125e-07
860.238 4.62863e-07
861.105 4.58639e-07
861.972 4.54454e-07
862.84 4.50308e-07
863.707 4.462e-07
864.574 4.42129e-07
865.442 4.38096e-07
866.309 4.341e-07
867.176 4.3014e-07
