-5.48874 0.00255407
-5.47395 0.00259015
-5.45916 0.00262675
-5.44436 0.00266387
-5.42957 0.00270152
-5.41478 0.00273972
-5.39998 0.00277847
-5.38519 0.00281777
-5.3704 0.00285764
-5.3556 0.00289809
-5.34081 0.00293911
-5.32602 0.00298073
-5.31123 0.00302295
-5.29643 0.00306577
-5.28164 0.00310922
-5.26685 0.00315329
-5.25205 0.00319799
-5.23726 0.00324334
-5.22247 0.00328935
-5.20767 0.00333602
-5.19288 0.00338336
-5.17809 0.00343139
-5.16329 0.00348011
-5.1485 0.00352953
-5.13371 0.00357967
-5.11891 0.00363054
-5.10412 0.00368214
-5.08933 0.00373449
-5.07453 0.0037876
-5.05974 0.00384147
-5.04495 0.00389613
-5.03015 0.00395157
-5.01536 0.00400782
-5.00057 0.00406489
-4.98577 0.00412278
-4.97098 0.00418152
-4.95619 0.0042411
-4.94139 0.00430155
-4.9266 0.00436288
-4.91181 0.0044251
-4.89702 0.00448822
-4.88222 0.00455226
-4.86743 0.00461723
-4.85264 0.00468315
-4.83784 0.00475002
-4.82305 0.00481787
-4.80826 0.0048867
-4.79346 0.00495654
-4.77867 0.00502739
-4.76388 0.00509927
-4.74908 0.00517221
-4.73429 0.0052462
-4.7195 0.00532127
-4.7047 0.00539744
-4.68991 0.00547472
-4.67512 0.00555313
-4.66032 0.00563268
-4.64553 0.00571339
-4.63074 0.00579528
-4.61594 0.00587837
-4.60115 0.00596267
-4.58636 0.00604821
-4.57156 0.00613499
-4.55677 0.00622304
-4.54198 0.00631239
-4.52718 0.00640304
-4.51239 0.00649501
-4.4976 0.00658833
-4.4828 0.00668302
-4.46801 0.0067791
-4.45322 0.00687659
-4.43843 0.0069755
-4.42363 0.00707587
-4.40884 0.0071777
-4.39405 0.00728103
-4.37925 0.00738588
-4.36446 0.00749227
-4.34967 0.00760022
-4.33487 0.00770975
-4.32008 0.0078209
-4.30529 0.00793367
-4.29049 0.00804811
-4.2757 0.00816423
-4.26091 0.00828206
-4.24611 0.00840162
-4.23132 0.00852294
-4.21653 0.00864604
-4.20173 0.00877096
-4.18694 0.00889772
-4.17215 0.00902635
-4.15735 0.00915688
-4.14256 0.00928932
-4.12777 0.00942372
-4.11297 0.00956011
-4.09818 0.0096985
-4.08339 0.00983894
-4.06859 0.00998146
-4.0538 0.0101261
-4.03901 0.0102728
-4.02422 0.0104217
-4.00942 0.0105729
-3.99463 0.0107262
-3.97984 0.0108819
-3.96504 0.0110398
-3.95025 0.0112
-3.93546 0.0113627
-3.92066 0.0115277
-3.90587 0.0116952
-3.89108 0.0118652
-3.87628 0.0120376
-3.86149 0.0122127
-3.8467 0.0123903
-3.8319 0.0125706
-3.81711 0.0127535
-3.80232 0.0129392
-3.78752 0.0131276
-3.77273 0.0133188
-3.75794 0.0135128
-3.74314 0.0137097
-3.72835 0.0139096
-3.71356 0.0141124
-3.69876 0.0143182
-3.68397 0.0145271
-3.66918 0.0147391
-3.65438 0.0149542
-3.63959 0.0151726
-3.6248 0.0153942
-3.61 0.015619
-3.59521 0.0158473
-3.58042 0.0160789
-3.56563 0.0163139
-3.55083 0.0165525
-3.53604 0.0167946
-3.52125 0.0170403
-3.50645 0.0172897
-3.49166 0.0175428
-3.47687 0.0177997
-3.46207 0.0180604
-3.44728 0.0183249
-3.43249 0.0185934
-3.41769 0.018866
-3.4029 0.0191425
-3.38811 0.0194233
-3.37331 0.0197081
-3.35852 0.0199973
-3.34373 0.0202907
-3.32893 0.0205885
-3.31414 0.0208908
-3.29935 0.0211976
-3.28455 0.0215089
-3.26976 0.0218249
-3.25497 0.0221456
-3.24017 0.0224711
-3.22538 0.0228015
-3.21059 0.0231368
-3.19579 0.0234771
-3.181 0.0238224
-3.16621 0.0241729
-3.15141 0.0245287
-3.13662 0.0248897
-3.12183 0.0252562
-3.10704 0.0256281
-3.09224 0.0260055
-3.07745 0.0263886
-3.06266 0.0267774
-3.04786 0.027172
-3.03307 0.0275725
-3.01828 0.027979
-3.00348 0.0283915
-2.98869 0.0288102
-2.9739 0.0292351
-2.9591 0.0296664
-2.94431 0.030104
-2.92952 0.0305482
-2.91472 0.0309991
-2.89993 0.0314566
-2.88514 0.0319209
-2.87034 0.0323922
-2.85555 0.0328705
-2.84076 0.0333559
-2.82596 0.0338485
-2.81117 0.0343484
-2.79638 0.0348558
-2.78158 0.0353707
-2.76679 0.0358933
-2.752 0.0364236
-2.7372 0.0369618
-2.72241 0.037508
-2.70762 0.0380623
-2.69283 0.0386248
-2.67803 0.0391956
-2.66324 0.0397749
-2.64845 0.0403628
-2.63365 0.0409593
-2.61886 0.0415647
-2.60407 0.042179
-2.58927 0.0428024
-2.57448 0.043435
-2.55969 0.044077
-2.54489 0.0447283
-2.5301 0.0453893
-2.51531 0.04606
-2.50051 0.0467406
-2.48572 0.0474312
-2.47093 0.0481319
-2.45613 0.0488428
-2.44134 0.0495642
-2.42655 0.0502962
-2.41175 0.0510388
-2.39696 0.0517923
-2.38217 0.0525568
-2.36737 0.0533324
-2.35258 0.0541193
-2.33779 0.0549176
-2.32299 0.0557275
-2.3082 0.0565492
-2.29341 0.0573828
-2.27861 0.0582284
-2.26382 0.0590862
-2.24903 0.0599563
-2.23424 0.060839
-2.21944 0.0617344
-2.20465 0.0626426
-2.18986 0.0635638
-2.17506 0.0644982
-2.16027 0.0654459
-2.14548 0.0664071
-2.13068 0.0673819
-2.11589 0.0683706
-2.1011 0.0693732
-2.0863 0.07039
-2.07151 0.0714211
-2.05672 0.0724667
-2.04192 0.0735269
-2.02713 0.0746019
-2.01234 0.075692
-1.99754 0.0767971
-1.98275 0.0779176
-1.96796 0.0790535
-1.95316 0.0802051
-1.93837 0.0813725
-1.92358 0.0825559
-1.90878 0.0837554
-1.89399 0.0849713
-1.8792 0.0862035
-1.8644 0.0874524
-1.84961 0.0887181
-1.83482 0.0900007
-1.82003 0.0913004
-1.80523 0.0926174
-1.79044 0.0939517
-1.77565 0.0953036
-1.76085 0.0966731
-1.74606 0.0980605
-1.73127 0.0994659
-1.71647 0.100889
-1.70168 0.102331
-1.68689 0.103791
-1.67209 0.10527
-1.6573 0.106767
-1.64251 0.108283
-1.62771 0.109817
-1.61292 0.111371
-1.59813 0.112943
-1.58333 0.114535
-1.56854 0.116146
-1.55375 0.117776
-1.53895 0.119426
-1.52416 0.121095
-1.50937 0.122783
-1.49457 0.124491
-1.47978 0.126219
-1.46499 0.127965
-1.45019 0.129732
-1.4354 0.131518
-1.42061 0.133324
-1.40581 0.135149
-1.39102 0.136994
-1.37623 0.138858
-1.36144 0.140741
-1.34664 0.142644
-1.33185 0.144566
-1.31706 0.146508
-1.30226 0.148468
-1.28747 0.150447
-1.27268 0.152445
-1.25788 0.154461
-1.24309 0.156496
-1.2283 0.158549
-1.2135 0.16062
-1.19871 0.162708
-1.18392 0.164814
-1.16912 0.166937
-1.15433 0.169077
-1.13954 0.171233
-1.12474 0.173405
-1.10995 0.175593
-1.09516 0.177796
-1.08036 0.180014
-1.06557 0.182246
-1.05078 0.184492
-1.03598 0.186751
-1.02119 0.189023
-1.0064 0.191307
-0.991605 0.193602
-0.976811 0.195908
-0.962018 0.198225
-0.947225 0.200551
-0.932432 0.202885
-0.917639 0.205228
-0.902845 0.207577
-0.888052 0.209933
-0.873259 0.212294
-0.858466 0.214659
-0.843672 0.217028
-0.828879 0.219399
-0.814086 0.221771
-0.799293 0.224144
-0.7845 0.226516
-0.769706 0.228886
-0.754913 0.231252
-0.74012 0.233615
-0.725327 0.235971
-0.710533 0.238321
-0.69574 0.240663
-0.680947 0.242995
-0.666154 0.245316
-0.651361 0.247624
-0.636567 0.249919
-0.621774 0.252199
-0.606981 0.254461
-0.592188 0.256706
-0.577394 0.25893
-0.562601 0.261133
-0.547808 0.263313
-0.533015 0.265468
-0.518222 0.267596
-0.503428 0.269697
-0.488635 0.271768
-0.473842 0.273808
-0.459049 0.275815
-0.444255 0.277787
-0.429462 0.279723
-0.414669 0.281621
-0.399876 0.283479
-0.385083 0.285296
-0.370289 0.28707
-0.355496 0.288799
-0.340703 0.290482
-0.32591 0.292117
-0.311116 0.293703
-0.296323 0.295237
-0.28153 0.29672
-0.266737 0.298148
-0.251944 0.299521
-0.23715 0.300837
-0.222357 0.302096
-0.207564 0.303295
-0.192771 0.304433
-0.177977 0.30551
-0.163184 0.306523
-0.148391 0.307473
-0.133598 0.308358
-0.118805 0.309178
-0.104011 0.30993
-0.0892181 0.310615
-0.0744249 0.311233
-0.0596316 0.311781
-0.0448384 0.31226
-0.0300452 0.31267
-0.015252 0.313009
-0.000458759 0.313278
0.0143345 0.313477
0.0291277 0.313605
0.0439209 0.313662
0.0587141 0.313649
0.0735073 0.313565
0.0883006 0.313411
0.103094 0.313187
0.117887 0.312893
0.13268 0.31253
0.147473 0.312099
0.162267 0.3116
0.17706 0.311033
0.191853 0.3104
0.206646 0.309701
0.22144 0.308938
0.236233 0.30811
0.251026 0.30722
0.265819 0.306269
0.280612 0.305257
0.295406 0.304185
0.310199 0.303056
0.324992 0.30187
0.339785 0.300628
0.354579 0.299332
0.369372 0.297984
0.384165 0.296585
0.398958 0.295136
0.413751 0.293639
0.428545 0.292095
0.443338 0.290506
0.458131 0.288874
0.472924 0.2872
0.487718 0.285485
0.502511 0.283732
0.517304 0.281942
0.532097 0.280116
0.54689 0.278256
0.561684 0.276364
0.576477 0.274441
0.59127 0.272488
0.606063 0.270509
0.620857 0.268503
0.63565 0.266472
0.650443 0.264419
0.665236 0.262344
0.680029 0.260248
0.694823 0.258135
0.709616 0.256004
0.724409 0.253857
0.739202 0.251695
0.753996 0.249521
0.768789 0.247335
0.783582 0.245138
0.798375 0.242932
0.813168 0.240718
0.827962 0.238497
0.842755 0.23627
0.857548 0.234039
0.872341 0.231805
0.887135 0.229568
0.901928 0.227329
0.916721 0.22509
0.931514 0.222852
0.946307 0.220615
0.961101 0.21838
0.975894 0.216149
0.990687 0.213922
1.00548 0.2117
1.02027 0.209483
1.03507 0.207272
1.04986 0.205069
1.06465 0.202874
1.07945 0.200686
1.09424 0.198508
1.10903 0.19634
1.12383 0.194181
1.13862 0.192034
1.15341 0.189897
1.16821 0.187772
1.183 0.185659
1.19779 0.183559
1.21259 0.181472
1.22738 0.179398
1.24217 0.177338
1.25697 0.175292
1.27176 0.17326
1.28655 0.171244
1.30134 0.169241
1.31614 0.167255
1.33093 0.165283
1.34572 0.163328
1.36052 0.161388
1.37531 0.159464
1.3901 0.157557
1.4049 0.155666
1.41969 0.153791
1.43448 0.151933
1.44928 0.150092
1.46407 0.148268
1.47886 0.14646
1.49366 0.14467
1.50845 0.142897
1.52324 0.141141
1.53804 0.139402
1.55283 0.13768
1.56762 0.135976
1.58242 0.134289
1.59721 0.132619
1.612 0.130966
1.6268 0.12933
1.64159 0.127712
1.65638 0.126111
1.67118 0.124527
1.68597 0.122959
1.70076 0.121409
1.71555 0.119876
1.73035 0.11836
1.74514 0.116861
1.75993 0.115378
1.77473 0.113912
1.78952 0.112462
1.80431 0.111029
1.81911 0.109613
1.8339 0.108213
1.84869 0.106828
1.86349 0.10546
1.87828 0.104108
1.89307 0.102772
1.90787 0.101452
1.92266 0.100147
1.93745 0.0988575
1.95225 0.0975835
1.96704 0.0963249
1.98183 0.0950814
1.99663 0.0938529
2.01142 0.0926393
2.02621 0.0914404
2.04101 0.0902562
2.0558 0.0890865
2.07059 0.0879312
2.08539 0.08679
2.10018 0.085663
2.11497 0.08455
2.12977 0.0834508
2.14456 0.0823653
2.15935 0.0812933
2.17414 0.0802348
2.18894 0.0791895
2.20373 0.0781574
2.21852 0.0771383
2.23332 0.0761321
2.24811 0.0751386
2.2629 0.0741577
2.2777 0.0731893
2.29249 0.0722332
2.30728 0.0712894
2.32208 0.0703575
2.33687 0.0694376
2.35166 0.0685295
2.36646 0.0676331
2.38125 0.0667482
2.39604 0.0658747
2.41084 0.0650124
2.42563 0.0641613
2.44042 0.0633212
2.45522 0.062492
2.47001 0.0616735
2.4848 0.0608657
2.4996 0.0600683
2.51439 0.0592813
2.52918 0.0585046
2.54398 0.057738
2.55877 0.0569813
2.57356 0.0562346
2.58836 0.0554976
2.60315 0.0547703
2.61794 0.0540525
2.63273 0.0533441
2.64753 0.0526449
2.66232 0.051955
2.67711 0.0512741
2.69191 0.0506022
2.7067 0.049939
2.72149 0.0492847
2.73629 0.0486389
2.75108 0.0480016
2.76587 0.0473727
2.78067 0.0467522
2.79546 0.0461398
2.81025 0.0455354
2.82505 0.0449391
2.83984 0.0443506
2.85463 0.0437699
2.86943 0.0431969
2.88422 0.0426315
2.89901 0.0420735
2.91381 0.0415229
2.9286 0.0409796
2.94339 0.0404435
2.95819 0.0399145
2.97298 0.0393925
2.98777 0.0388774
3.00257 0.0383692
3.01736 0.0378677
3.03215 0.0373728
3.04694 0.0368845
3.06174 0.0364026
3.07653 0.0359272
3.09132 0.035458
3.10612 0.0349951
3.12091 0.0345383
3.1357 0.0340876
3.1505 0.0336428
3.16529 0.0332039
3.18008 0.0327709
3.19488 0.0323436
3.20967 0.031922
3.22446 0.031506
3.23926 0.0310955
3.25405 0.0306904
3.26884 0.0302907
3.28364 0.0298964
3.29843 0.0295072
3.31322 0.0291232
3.32802 0.0287443
3.34281 0.0283705
3.3576 0.0280015
3.3724 0.0276375
3.38719 0.0272783
3.40198 0.0269239
3.41678 0.0265742
3.43157 0.0262291
3.44636 0.0258886
3.46116 0.0255525
3.47595 0.025221
3.49074 0.0248938
3.50553 0.024571
3.52033 0.0242524
3.53512 0.0239381
3.54991 0.0236279
3.56471 0.0233219
3.5795 0.0230198
3.59429 0.0227218
3.60909 0.0224277
3.62388 0.0221375
3.63867 0.0218512
3.65347 0.0215686
3.66826 0.0212898
3.68305 0.0210147
3.69785 0.0207432
3.71264 0.0204752
3.72743 0.0202108
3.74223 0.01995
3.75702 0.0196925
3.77181 0.0194385
3.78661 0.0191878
3.8014 0.0189404
3.81619 0.0186963
3.83099 0.0184553
3.84578 0.0182176
3.86057 0.017983
3.87537 0.0177515
3.89016 0.0175231
3.90495 0.0172976
3.91974 0.0170751
3.93454 0.0168556
3.94933 0.0166389
3.96412 0.0164251
3.97892 0.0162141
3.99371 0.0160059
4.0085 0.0158004
4.0233 0.0155976
4.03809 0.0153975
4.05288 0.0152
4.06768 0.0150051
4.08247 0.0148127
4.09726 0.0146229
4.11206 0.0144356
4.12685 0.0142507
4.14164 0.0140683
4.15644 0.0138882
4.17123 0.0137105
4.18602 0.0135351
4.20082 0.013362
4.21561 0.0131912
4.2304 0.0130227
4.2452 0.0128563
4.25999 0.0126921
4.27478 0.01253
4.28958 0.0123701
4.30437 0.0122123
4.31916 0.0120565
4.33396 0.0119027
4.34875 0.011751
4.36354 0.0116013
4.37833 0.0114534
4.39313 0.0113076
4.40792 0.0111636
4.42271 0.0110215
4.43751 0.0108812
4.4523 0.0107428
4.46709 0.0106062
4.48189 0.0104714
4.49668 0.0103383
4.51147 0.0102069
4.52627 0.0100773
4.54106 0.00994932
4.55585 0.00982302
4.57065 0.00969836
4.58544 0.00957532
4.60023 0.00945388
4.61503 0.00933402
4.62982 0.00921571
4.64461 0.00909893
4.65941 0.00898367
4.6742 0.0088699
4.68899 0.0087576
4.70379 0.00864677
4.71858 0.00853736
4.73337 0.00842937
4.74817 0.00832278
4.76296 0.00821757
4.77775 0.00811372
4.79255 0.00801121
4.80734 0.00791003
4.82213 0.00781015
4.83692 0.00771156
4.85172 0.00761425
4.86651 0.00751819
4.8813 0.00742337
4.8961 0.00732977
4.91089 0.00723739
4.92568 0.00714619
4.94048 0.00705616
4.95527 0.0069673
4.97006 0.00687958
4.98486 0.00679299
4.99965 0.00670752
5.01444 0.00662314
5.02924 0.00653985
5.04403 0.00645763
5.05882 0.00637646
5.07362 0.00629634
5.08841 0.00621725
5.1032 0.00613917
5.118 0.0060621
5.13279 0.00598601
5.14758 0.00591091
5.16238 0.00583676
5.17717 0.00576356
5.19196 0.00569131
5.20676 0.00561997
5.22155 0.00554956
5.23634 0.00548004
5.25113 0.00541141
5.26593 0.00534366
5.28072 0.00527678
5.29551 0.00521075
5.31031 0.00514557
5.3251 0.00508122
5.33989 0.00501769
5.35469 0.00495497
5.36948 0.00489305
5.38427 0.00483193
5.39907 0.00477158
5.41386 0.004712
5.42865 0.00465319
5.44345 0.00459512
5.45824 0.00453779
5.47303 0.00448119
5.48783 0.00442531
5.50262 0.00437015
5.51741 0.00431569
5.53221 0.00426191
5.547 0.00420883
5.56179 0.00415642
5.57659 0.00410467
5.59138 0.00405358
5.60617 0.00400314
5.62097 0.00395334
5.63576 0.00390418
5.65055 0.00385564
5.66535 0.00380771
5.68014 0.00376039
5.69493 0.00371367
5.70972 0.00366755
5.72452 0.003622
5.73931 0.00357704
5.7541 0.00353264
5.7689 0.00348881
5.78369 0.00344553
5.79848 0.0034028
5.81328 0.00336061
5.82807 0.00331895
5.84286 0.00327782
5.85766 0.00323721
5.87245 0.00319711
5.88724 0.00315752
5.90204 0.00311843
5.91683 0.00307983
5.93162 0.00304172
5.94642 0.00300409
5.96121 0.00296694
5.976 0.00293025
5.9908 0.00289403
6.00559 0.00285826
6.02038 0.00282294
6.03518 0.00278807
6.04997 0.00275363
6.06476 0.00271963
6.07956 0.00268606
6.09435 0.00265291
6.10914 0.00262018
6.12394 0.00258786
6.13873 0.00255594
6.15352 0.00252443
6.16831 0.00249331
6.18311 0.00246258
6.1979 0.00243224
6.21269 0.00240228
6.22749 0.0023727
6.24228 0.00234348
6.25707 0.00231463
6.27187 0.00228615
6.28666 0.00225802
6.30145 0.00223024
6.31625 0.00220282
6.33104 0.00217573
6.34583 0.00214899
6.36063 0.00212257
6.37542 0.00209649
6.39021 0.00207074
6.40501 0.00204531
6.4198 0.00202019
6.43459 0.00199539
6.44939 0.0019709
6.46418 0.00194672
6.47897 0.00192284
6.49377 0.00189925
6.50856 0.00187596
6.52335 0.00185297
6.53815 0.00183025
6.55294 0.00180783
6.56773 0.00178568
6.58252 0.0017638
6.59732 0.0017422
6.61211 0.00172087
6.6269 0.00169981
6.6417 0.001679
6.65649 0.00165846
6.67128 0.00163817
6.68608 0.00161814
6.70087 0.00159835
6.71566 0.00157881
6.73046 0.00155951
6.74525 0.00154046
6.76004 0.00152163
6.77484 0.00150305
6.78963 0.00148469
6.80442 0.00146656
6.81922 0.00144866
6.83401 0.00143098
6.8488 0.00141352
6.8636 0.00139627
6.87839 0.00137924
6.89318 0.00136242
6.90798 0.00134581
6.92277 0.00132941
6.93756 0.00131321
6.95236 0.00129721
6.96715 0.0012814
6.98194 0.0012658
6.99674 0.00125038
7.01153 0.00123516
7.02632 0.00122012
7.04111 0.00120528
7.05591 0.00119061
7.0707 0.00117613
7.08549 0.00116182
7.10029 0.00114769
7.11508 0.00113374
7.12987 0.00111996
7.14467 0.00110635
7.15946 0.0010929
7.17425 0.00107963
7.18905 0.00106651
7.20384 0.00105356
7.21863 0.00104077
7.23343 0.00102814
7.24822 0.00101566
7.26301 0.00100334
7.27781 0.000991164
7.2926 0.000979141
7.30739 0.000967267
7.32219 0.000955539
7.33698 0.000943955
7.35177 0.000932514
7.36657 0.000921214
7.38136 0.000910053
7.39615 0.000899029
7.41095 0.000888141
7.42574 0.000877386
7.44053 0.000866764
7.45532 0.000856272
7.47012 0.000845909
7.48491 0.000835674
7.4997 0.000825564
7.5145 0.000815579
7.52929 0.000805716
7.54408 0.000795974
7.55888 0.000786351
7.57367 0.000776847
7.58846 0.000767459
7.60326 0.000758186
7.61805 0.000749028
7.63284 0.000739981
7.64764 0.000731045
7.66243 0.000722219
7.67722 0.0007135
7.69202 0.000704889
7.70681 0.000696383
7.7216 0.000687981
7.7364 0.000679682
7.75119 0.000671485
7.76598 0.000663387
7.78078 0.000655389
7.79557 0.000647489
7.81036 0.000639685
7.82516 0.000631977
7.83995 0.000624363
7.85474 0.000616842
7.86954 0.000609412
7.88433 0.000602074
7.89912 0.000594825
7.91391 0.000587665
7.92871 0.000580592
7.9435 0.000573605
7.95829 0.000566704
7.97309 0.000559887
7.98788 0.000553153
8.00267 0.000546501
8.01747 0.00053993
8.03226 0.000533439
8.04705 0.000527027
8.06185 0.000520694
8.07664 0.000514437
8.09143 0.000508257
8.10623 0.000502152
8.12102 0.000496122
8.13581 0.000490165
8.15061 0.00048428
8.1654 0.000478467
8.18019 0.000472724
8.19499 0.000467052
8.20978 0.000461448
8.22457 0.000455913
8.23937 0.000450445
8.25416 0.000445043
8.26895 0.000439707
8.28375 0.000434436
8.29854 0.000429229
8.31333 0.000424085
8.32813 0.000419003
8.34292 0.000413983
8.35771 0.000409024
8.3725 0.000404126
8.3873 0.000399286
8.40209 0.000394506
8.41688 0.000389783
8.43168 0.000385118
8.44647 0.000380509
8.46126 0.000375956
8.47606 0.000371458
8.49085 0.000367015
8.50564 0.000362626
8.52044 0.000358289
8.53523 0.000354006
8.55002 0.000349774
8.56482 0.000345593
8.57961 0.000341463
8.5944 0.000337383
8.6092 0.000333352
8.62399 0.00032937
8.63878 0.000325436
8.65358 0.00032155
8.66837 0.000317711
8.68316 0.000313918
8.69796 0.000310171
8.71275 0.000306469
8.72754 0.000302812
8.74234 0.000299199
8.75713 0.00029563
8.77192 0.000292104
8.78671 0.00028862
8.80151 0.000285179
8.8163 0.000281779
8.83109 0.00027842
8.84589 0.000275102
8.86068 0.000271823
8.87547 0.000268584
8.89027 0.000265385
8.90506 0.000262223
8.91985 0.0002591
8.93465 0.000256015
8.94944 0.000252967
8.96423 0.000249955
8.97903 0.00024698
8.99382 0.00024404
9.00861 0.000241136
9.02341 0.000238267
9.0382 0.000235433
9.05299 0.000232632
9.06779 0.000229865
9.08258 0.000227132
9.09737 0.000224431
9.11217 0.000221763
9.12696 0.000219127
9.14175 0.000216523
9.15655 0.00021395
9.17134 0.000211408
9.18613 0.000208896
9.20093 0.000206415
9.21572 0.000203963
9.23051 0.000201541
9.2453 0.000199148
9.2601 0.000196784
9.27489 0.000194448
9.28968 0.00019214
