-0.879024 0.00147766
-0.671692 0.00291687
-0.464361 0.00544421
-0.25703 0.00948804
-0.0496983 0.0152819
0.157633 0.0226321
0.364964 0.0308763
0.572296 0.0391204
0.779627 0.0465801
0.986958 0.052785
1.19429 0.0575857
1.40162 0.0610535
1.60895 0.0633691
1.81628 0.064745
2.02361 0.0653832
2.23095 0.0654573
2.43828 0.0651087
2.64561 0.0644491
2.85294 0.0635649
3.06027 0.0625223
3.2676 0.0613714
3.47493 0.0601501
3.68227 0.0588868
3.8896 0.0576029
4.09693 0.0563143
4.30426 0.0550325
4.51159 0.0537662
4.71892 0.0525215
4.92625 0.0513028
5.13358 0.0501131
5.34092 0.0489542
5.54825 0.0478275
5.75558 0.0467333
5.96291 0.0456718
6.17024 0.0446428
6.37757 0.0436458
6.5849 0.0426801
6.79224 0.0417451
6.99957 0.0408397
7.2069 0.0399631
7.41423 0.0391144
7.62156 0.0382925
7.82889 0.0374965
8.03622 0.0367255
8.24355 0.0359784
8.45089 0.0352545
8.65822 0.0345527
8.86555 0.0338722
9.07288 0.0332123
9.28021 0.032572
9.48754 0.0319506
9.69487 0.0313474
9.9022 0.0307617
10.1095 0.0301928
10.3169 0.0296399
10.5242 0.0291026
10.7315 0.0285802
10.9389 0.0280721
11.1462 0.0275779
11.3535 0.0270969
11.5609 0.0266287
11.7682 0.0261728
11.9755 0.0257288
12.1828 0.0252963
12.3902 0.0248747
12.5975 0.0244638
12.8048 0.0240632
13.0122 0.0236724
13.2195 0.0232913
13.4268 0.0229193
13.6342 0.0225563
13.8415 0.0222018
14.0488 0.0218557
14.2562 0.0215177
14.4635 0.0211874
14.6708 0.0208647
14.8782 0.0205493
15.0855 0.0202409
15.2928 0.0199394
15.5002 0.0196445
15.7075 0.019356
15.9148 0.0190738
16.1221 0.0187976
16.3295 0.0185272
16.5368 0.0182625
16.7441 0.0180034
16.9515 0.0177495
17.1588 0.0175009
17.3661 0.0172573
17.5735 0.0170187
17.7808 0.0167848
17.9881 0.0165555
18.1955 0.0163307
18.4028 0.0161103
18.6101 0.0158942
18.8175 0.0156822
19.0248 0.0154742
19.2321 0.0152702
19.4394 0.01507
19.6468 0.0148735
19.8541 0.0146806
20.0614 0.0144913
20.2688 0.0143054
20.4761 0.0141229
20.6834 0.0139436
20.8908 0.0137675
21.0981 0.0135946
21.3054 0.0134246
21.5128 0.0132577
21.7201 0.0130936
21.9274 0.0129324
22.1348 0.0127739
22.3421 0.0126181
22.5494 0.0124649
22.7567 0.0123143
22.9641 0.0121661
23.1714 0.0120205
23.3787 0.0118772
23.5861 0.0117363
23.7934 0.0115976
24.0007 0.0114612
24.2081 0.011327
24.4154 0.0111949
24.6227 0.0110649
24.8301 0.010937
25.0374 0.010811
25.2447 0.010687
25.4521 0.010565
25.6594 0.0104448
25.8667 0.0103264
26.074 0.0102099
26.2814 0.0100951
26.4887 0.00998205
26.696 0.00987069
26.9034 0.00976098
27.1107 0.00965289
27.318 0.0095464
27.5254 0.00944147
27.7327 0.00933807
27.94 0.00923617
28.1474 0.00913573
28.3547 0.00903674
28.562 0.00893916
28.7694 0.00884297
28.9767 0.00874814
29.184 0.00865465
29.3913 0.00856246
29.5987 0.00847156
29.806 0.00838192
30.0133 0.00829352
30.2207 0.00820634
30.428 0.00812034
30.6353 0.00803552
30.8427 0.00795185
31.05 0.0078693
31.2573 0.00778787
31.4647 0.00770752
31.672 0.00762825
31.8793 0.00755002
32.0867 0.00747283
32.294 0.00739665
32.5013 0.00732147
32.7086 0.00724727
32.916 0.00717404
33.1233 0.00710175
33.3306 0.00703039
33.538 0.00695995
33.7453 0.0068904
33.9526 0.00682174
34.16 0.00675395
34.3673 0.00668702
34.5746 0.00662092
34.782 0.00655566
34.9893 0.0064912
35.1966 0.00642755
35.404 0.00636469
35.6113 0.0063026
35.8186 0.00624128
36.026 0.0061807
36.2333 0.00612087
36.4406 0.00606176
36.6479 0.00600336
36.8553 0.00594567
37.0626 0.00588868
37.2699 0.00583237
37.4773 0.00577673
37.6846 0.00572175
37.8919 0.00566742
38.0993 0.00561373
38.3066 0.00556068
38.5139 0.00550825
38.7213 0.00545643
38.9286 0.00540522
39.1359 0.0053546
39.3433 0.00530457
39.5506 0.00525511
39.7579 0.00520622
39.9652 0.0051579
40.1726 0.00511012
40.3799 0.00506289
40.5872 0.0050162
40.7946 0.00497004
41.0019 0.00492439
41.2092 0.00487926
41.4166 0.00483464
41.6239 0.00479052
41.8312 0.00474688
42.0386 0.00470374
42.2459 0.00466107
42.4532 0.00461887
42.6606 0.00457714
42.8679 0.00453586
43.0752 0.00449504
43.2825 0.00445467
43.4899 0.00441473
43.6972 0.00437523
43.9045 0.00433615
44.1119 0.0042975
44.3192 0.00425927
44.5265 0.00422144
44.7339 0.00418402
44.9412 0.004147
45.1485 0.00411038
45.3559 0.00407414
45.5632 0.00403829
45.7705 0.00400282
45.9779 0.00396772
46.1852 0.00393299
46.3925 0.00389863
46.5998 0.00386462
46.8072 0.00383097
47.0145 0.00379767
47.2218 0.00376471
47.4292 0.0037321
47.6365 0.00369982
47.8438 0.00366788
48.0512 0.00363627
48.2585 0.00360497
48.4658 0.003574
48.6732 0.00354335
48.8805 0.00351301
49.0878 0.00348297
49.2952 0.00345324
49.5025 0.00342381
49.7098 0.00339468
49.9171 0.00336584
50.1245 0.00333729
50.3318 0.00330903
50.5391 0.00328104
50.7465 0.00325334
50.9538 0.00322592
51.1611 0.00319876
51.3685 0.00317188
51.5758 0.00314526
51.7831 0.0031189
51.9905 0.0030928
52.1978 0.00306696
52.4051 0.00304137
52.6125 0.00301603
52.8198 0.00299094
53.0271 0.0029661
53.2345 0.00294149
53.4418 0.00291713
53.6491 0.00289299
53.8564 0.0028691
54.0638 0.00284543
54.2711 0.00282199
54.4784 0.00279877
54.6858 0.00277578
54.8931 0.00275301
55.1004 0.00273045
55.3078 0.00270811
55.5151 0.00268598
55.7224 0.00266407
55.9298 0.00264235
56.1371 0.00262085
56.3444 0.00259955
56.5518 0.00257844
56.7591 0.00255754
56.9664 0.00253683
57.1737 0.00251631
57.3811 0.00249599
57.5884 0.00247586
57.7957 0.00245591
58.0031 0.00243615
58.2104 0.00241657
58.4177 0.00239718
58.6251 0.00237796
58.8324 0.00235892
59.0397 0.00234005
59.2471 0.00232136
59.4544 0.00230284
59.6617 0.00228449
59.8691 0.00226631
60.0764 0.00224829
60.2837 0.00223044
60.491 0.00221275
60.6984 0.00219522
60.9057 0.00217785
61.113 0.00216064
61.3204 0.00214358
61.5277 0.00212668
61.735 0.00210992
61.9424 0.00209332
62.1497 0.00207687
62.357 0.00206056
62.5644 0.00204441
62.7717 0.00202839
62.979 0.00201252
63.1864 0.00199679
63.3937 0.0019812
63.601 0.00196574
63.8083 0.00195043
64.0157 0.00193525
64.223 0.0019202
64.4303 0.00190529
64.6377 0.00189051
64.845 0.00187586
65.0523 0.00186133
65.2597 0.00184694
65.467 0.00183267
65.6743 0.00181852
65.8817 0.0018045
66.089 0.0017906
66.2963 0.00177682
66.5037 0.00176316
66.711 0.00174962
66.9183 0.0017362
67.1256 0.00172289
67.333 0.0017097
67.5403 0.00169662
67.7476 0.00168365
67.955 0.0016708
68.1623 0.00165805
68.3696 0.00164542
68.577 0.00163289
68.7843 0.00162047
68.9916 0.00160816
69.199 0.00159595
69.4063 0.00158385
69.6136 0.00157185
69.821 0.00155995
70.0283 0.00154815
70.2356 0.00153645
70.4429 0.00152485
70.6503 0.00151335
70.8576 0.00150194
71.0649 0.00149064
71.2723 0.00147942
71.4796 0.0014683
71.6869 0.00145728
71.8943 0.00144634
72.1016 0.0014355
72.3089 0.00142475
72.5163 0.00141409
72.7236 0.00140352
72.9309 0.00139304
73.1383 0.00138264
73.3456 0.00137233
73.5529 0.0013621
73.7603 0.00135196
73.9676 0.00134191
74.1749 0.00133193
74.3822 0.00132204
74.5896 0.00131223
74.7969 0.00130251
75.0042 0.00129286
75.2116 0.00128329
75.4189 0.0012738
75.6262 0.00126439
75.8336 0.00125505
76.0409 0.00124579
76.2482 0.00123661
76.4556 0.0012275
76.6629 0.00121847
76.8702 0.00120951
77.0776 0.00120062
77.2849 0.0011918
77.4922 0.00118306
77.6995 0.00117439
77.9069 0.00116578
78.1142 0.00115725
78.3215 0.00114879
78.5289 0.00114039
78.7362 0.00113206
78.9435 0.0011238
79.1509 0.00111561
79.3582 0.00110748
79.5655 0.00109941
79.7729 0.00109142
79.9802 0.00108348
80.1875 0.00107561
80.3949 0.0010678
80.6022 0.00106006
80.8095 0.00105237
81.0168 0.00104475
81.2242 0.00103719
81.4315 0.00102968
81.6388 0.00102224
81.8462 0.00101486
82.0535 0.00100753
82.2608 0.00100026
82.4682 0.000993055
82.6755 0.000985903
82.8828 0.000978807
83.0902 0.000971767
83.2975 0.000964782
83.5048 0.000957852
83.7122 0.000950977
83.9195 0.000944156
84.1268 0.000937388
84.3341 0.000930674
84.5415 0.000924012
84.7488 0.000917402
84.9561 0.000910844
85.1635 0.000904337
85.3708 0.00089788
85.5781 0.000891475
85.7855 0.000885119
85.9928 0.000878812
86.2001 0.000872555
86.4075 0.000866346
86.6148 0.000860185
86.8221 0.000854072
87.0295 0.000848007
87.2368 0.000841988
87.4441 0.000836016
87.6514 0.00083009
87.8588 0.000824209
88.0661 0.000818374
88.2734 0.000812584
88.4808 0.000806839
88.6881 0.000801138
88.8954 0.00079548
89.1028 0.000789866
89.3101 0.000784295
89.5174 0.000778767
89.7248 0.000773281
89.9321 0.000767837
90.1394 0.000762434
90.3468 0.000757073
90.5541 0.000751753
90.7614 0.000746473
90.9687 0.000741233
91.1761 0.000736034
91.3834 0.000730874
91.5907 0.000725753
91.7981 0.000720671
92.0054 0.000715627
92.2127 0.000710622
92.4201 0.000705654
92.6274 0.000700725
92.8347 0.000695832
93.0421 0.000690976
93.2494 0.000686157
93.4567 0.000681375
93.6641 0.000676628
93.8714 0.000671917
94.0787 0.000667242
94.2861 0.000662601
94.4934 0.000657996
94.7007 0.000653425
94.908 0.000648888
95.1154 0.000644386
95.3227 0.000639917
95.53 0.000635481
95.7374 0.000631079
95.9447 0.00062671
96.152 0.000622373
96.3594 0.000618068
96.5667 0.000613796
96.774 0.000609555
96.9814 0.000605346
97.1887 0.000601168
97.396 0.000597021
97.6034 0.000592906
97.8107 0.00058882
98.018 0.000584765
98.2253 0.00058074
98.4327 0.000576745
98.64 0.000572779
98.8473 0.000568842
99.0547 0.000564935
99.262 0.000561056
99.4693 0.000557206
99.6767 0.000553385
99.884 0.000549591
100.091 0.000545826
100.299 0.000542088
100.506 0.000538378
100.713 0.000534695
100.921 0.000531039
101.128 0.000527409
101.335 0.000523807
101.543 0.00052023
101.75 0.00051668
101.957 0.000513156
102.165 0.000509657
102.372 0.000506185
102.579 0.000502737
102.787 0.000499315
102.994 0.000495917
103.201 0.000492544
103.409 0.000489196
103.616 0.000485872
103.823 0.000482573
104.031 0.000479297
104.238 0.000476045
104.445 0.000472817
104.653 0.000469612
104.86 0.00046643
105.067 0.000463271
105.275 0.000460136
105.482 0.000457022
105.689 0.000453932
105.897 0.000450863
106.104 0.000447817
106.311 0.000444793
106.519 0.00044179
106.726 0.000438809
106.933 0.00043585
107.141 0.000432912
107.348 0.000429995
107.555 0.000427099
107.763 0.000424224
107.97 0.000421369
108.177 0.000418535
108.385 0.000415721
108.592 0.000412927
108.799 0.000410154
109.007 0.0004074
109.214 0.000404666
109.421 0.000401951
109.629 0.000399256
109.836 0.00039658
110.043 0.000393923
110.251 0.000391285
110.458 0.000388665
110.665 0.000386065
110.873 0.000383483
111.08 0.000380919
111.287 0.000378373
111.495 0.000375846
111.702 0.000373336
111.909 0.000370845
112.117 0.000368371
112.324 0.000365914
112.531 0.000363475
112.739 0.000361053
112.946 0.000358648
113.153 0.000356261
113.361 0.00035389
113.568 0.000351536
113.775 0.000349198
113.983 0.000346877
114.19 0.000344572
114.397 0.000342284
114.605 0.000340012
114.812 0.000337755
115.019 0.000335515
115.227 0.00033329
115.434 0.000331081
115.641 0.000328887
115.849 0.000326709
116.056 0.000324546
116.263 0.000322398
116.471 0.000320266
116.678 0.000318148
116.885 0.000316045
117.092 0.000313957
117.3 0.000311883
117.507 0.000309824
117.714 0.000307779
117.922 0.000305748
118.129 0.000303732
118.336 0.00030173
118.544 0.000299741
118.751 0.000297767
118.958 0.000295806
119.166 0.000293859
119.373 0.000291926
119.58 0.000290005
119.788 0.000288099
119.995 0.000286205
120.202 0.000284325
120.41 0.000282457
120.617 0.000280603
120.824 0.000278761
121.032 0.000276932
121.239 0.000275116
121.446 0.000273313
121.654 0.000271522
121.861 0.000269743
122.068 0.000267976
122.276 0.000266222
122.483 0.00026448
122.69 0.00026275
122.898 0.000261032
123.105 0.000259325
123.312 0.000257631
123.52 0.000255948
123.727 0.000254276
123.934 0.000252616
124.142 0.000250968
124.349 0.000249331
124.556 0.000247705
124.764 0.00024609
124.971 0.000244487
125.178 0.000242894
125.386 0.000241312
125.593 0.000239741
125.8 0.000238181
126.008 0.000236632
126.215 0.000235093
126.422 0.000233565
126.63 0.000232047
126.837 0.000230539
127.044 0.000229042
127.252 0.000227555
127.459 0.000226078
127.666 0.000224611
127.874 0.000223155
128.081 0.000221708
128.288 0.000220271
128.496 0.000218843
128.703 0.000217426
128.91 0.000216018
129.118 0.00021462
129.325 0.000213231
129.532 0.000211852
129.74 0.000210482
129.947 0.000209121
130.154 0.00020777
130.362 0.000206427
130.569 0.000205094
130.776 0.00020377
130.984 0.000202455
131.191 0.000201148
131.398 0.000199851
131.606 0.000198562
131.813 0.000197282
132.02 0.000196011
132.228 0.000194748
132.435 0.000193494
132.642 0.000192248
132.85 0.000191011
133.057 0.000189782
133.264 0.000188561
133.472 0.000187349
133.679 0.000186145
133.886 0.000184948
134.094 0.00018376
134.301 0.00018258
134.508 0.000181408
134.716 0.000180243
134.923 0.000179087
135.13 0.000177938
135.338 0.000176797
135.545 0.000175664
135.752 0.000174538
135.96 0.00017342
136.167 0.000172309
136.374 0.000171206
136.582 0.00017011
136.789 0.000169021
136.996 0.00016794
137.204 0.000166866
137.411 0.000165799
137.618 0.000164739
137.826 0.000163686
138.033 0.000162641
138.24 0.000161602
138.448 0.00016057
138.655 0.000159545
138.862 0.000158527
139.07 0.000157516
139.277 0.000156512
139.484 0.000155514
139.692 0.000154523
139.899 0.000153538
140.106 0.00015256
140.314 0.000151588
140.521 0.000150623
140.728 0.000149665
140.936 0.000148712
141.143 0.000147766
141.35 0.000146827
141.558 0.000145893
141.765 0.000144966
141.972 0.000144045
142.18 0.00014313
142.387 0.000142221
142.594 0.000141318
142.802 0.000140421
143.009 0.00013953
143.216 0.000138645
143.424 0.000137766
143.631 0.000136892
143.838 0.000136024
144.046 0.000135163
144.253 0.000134306
144.46 0.000133456
144.668 0.000132611
144.875 0.000131771
145.082 0.000130937
145.29 0.000130109
145.497 0.000129286
145.704 0.000128468
145.912 0.000127656
146.119 0.00012685
146.326 0.000126048
146.534 0.000125252
146.741 0.000124461
146.948 0.000123675
147.156 0.000122894
147.363 0.000122119
147.57 0.000121349
147.778 0.000120583
147.985 0.000119823
148.192 0.000119068
148.4 0.000118317
148.607 0.000117572
148.814 0.000116831
149.022 0.000116095
149.229 0.000115365
149.436 0.000114638
149.644 0.000113917
149.851 0.0001132
150.058 0.000112488
150.266 0.000111781
150.473 0.000111078
150.68 0.00011038
150.888 0.000109687
151.095 0.000108998
151.302 0.000108313
151.509 0.000107633
151.717 0.000106957
151.924 0.000106286
152.131 0.000105619
152.339 0.000104957
152.546 0.000104299
152.753 0.000103645
152.961 0.000102995
153.168 0.00010235
153.375 0.000101709
153.583 0.000101072
153.79 0.000100439
153.997 9.98099e-05
154.205 9.91852e-05
154.412 9.85645e-05
154.619 9.79479e-05
154.827 9.73353e-05
155.034 9.67266e-05
155.241 9.61219e-05
155.449 9.55212e-05
155.656 9.49243e-05
155.863 9.43313e-05
156.071 9.37421e-05
156.278 9.31567e-05
156.485 9.25752e-05
156.693 9.19974e-05
156.9 9.14233e-05
157.107 9.0853e-05
157.315 9.02863e-05
157.522 8.97233e-05
157.729 8.9164e-05
157.937 8.86082e-05
158.144 8.80561e-05
158.351 8.75075e-05
158.559 8.69624e-05
158.766 8.64209e-05
158.973 8.58828e-05
159.181 8.53483e-05
159.388 8.48172e-05
159.595 8.42895e-05
159.803 8.37652e-05
160.01 8.32442e-05
160.217 8.27267e-05
160.425 8.22124e-05
160.632 8.17015e-05
160.839 8.11939e-05
161.047 8.06895e-05
161.254 8.01883e-05
161.461 7.96904e-05
161.669 7.91957e-05
161.876 7.87042e-05
162.083 7.82158e-05
162.291 7.77306e-05
162.498 7.72484e-05
162.705 7.67694e-05
162.913 7.62935e-05
163.12 7.58205e-05
163.327 7.53507e-05
163.535 7.48838e-05
163.742 7.44199e-05
163.949 7.3959e-05
164.157 7.35011e-05
164.364 7.30461e-05
164.571 7.2594e-05
164.779 7.21448e-05
164.986 7.16984e-05
165.193 7.12549e-05
165.401 7.08143e-05
165.608 7.03765e-05
165.815 6.99414e-05
166.023 6.95092e-05
166.23 6.90797e-05
166.437 6.86529e-05
166.645 6.82289e-05
166.852 6.78076e-05
167.059 6.73889e-05
167.267 6.6973e-05
167.474 6.65597e-05
167.681 6.6149e-05
167.889 6.57409e-05
168.096 6.53355e-05
168.303 6.49326e-05
168.511 6.45323e-05
168.718 6.41345e-05
168.925 6.37393e-05
169.133 6.33466e-05
169.34 6.29563e-05
169.547 6.25686e-05
169.755 6.21833e-05
169.962 6.18005e-05
170.169 6.14201e-05
170.377 6.10421e-05
170.584 6.06666e-05
170.791 6.02934e-05
170.999 5.99225e-05
171.206 5.95541e-05
171.413 5.91879e-05
171.621 5.88241e-05
171.828 5.84626e-05
172.035 5.81034e-05
172.243 5.77465e-05
172.45 5.73918e-05
172.657 5.70394e-05
172.865 5.66892e-05
173.072 5.63412e-05
173.279 5.59954e-05
173.487 5.56519e-05
173.694 5.53104e-05
173.901 5.49712e-05
174.109 5.46341e-05
174.316 5.42991e-05
174.523 5.39662e-05
174.731 5.36355e-05
174.938 5.33068e-05
175.145 5.29802e-05
175.353 5.26557e-05
175.56 5.23332e-05
175.767 5.20128e-05
175.975 5.16944e-05
176.182 5.13779e-05
176.389 5.10635e-05
176.597 5.07511e-05
176.804 5.04406e-05
177.011 5.01321e-05
177.219 4.98255e-05
177.426 4.95209e-05
177.633 4.92182e-05
177.841 4.89174e-05
178.048 4.86184e-05
178.255 4.83214e-05
178.463 4.80262e-05
178.67 4.77329e-05
178.877 4.74414e-05
179.085 4.71518e-05
179.292 4.6864e-05
179.499 4.6578e-05
179.707 4.62938e-05
179.914 4.60113e-05
180.121 4.57307e-05
180.329 4.54518e-05
180.536 4.51747e-05
180.743 4.48993e-05
180.951 4.46256e-05
181.158 4.43536e-05
181.365 4.40834e-05
181.573 4.38148e-05
181.78 4.35479e-05
181.987 4.32827e-05
182.195 4.30192e-05
182.402 4.27573e-05
182.609 4.2497e-05
182.817 4.22384e-05
183.024 4.19814e-05
183.231 4.1726e-05
183.439 4.14722e-05
183.646 4.122e-05
183.853 4.09694e-05
184.061 4.07203e-05
184.268 4.04728e-05
184.475 4.02268e-05
184.683 3.99824e-05
184.89 3.97395e-05
185.097 3.94981e-05
185.304 3.92583e-05
185.512 3.90199e-05
185.719 3.8783e-05
185.926 3.85476e-05
186.134 3.83136e-05
186.341 3.80811e-05
186.548 3.78501e-05
186.756 3.76205e-05
186.963 3.73924e-05
187.17 3.71656e-05
187.378 3.69403e-05
187.585 3.67164e-05
187.792 3.64938e-05
188 3.62727e-05
188.207 3.60529e-05
188.414 3.58345e-05
188.622 3.56175e-05
188.829 3.54018e-05
189.036 3.51874e-05
189.244 3.49744e-05
189.451 3.47627e-05
189.658 3.45523e-05
189.866 3.43432e-05
190.073 3.41355e-05
190.28 3.3929e-05
190.488 3.37238e-05
190.695 3.35199e-05
190.902 3.33172e-05
191.11 3.31158e-05
191.317 3.29156e-05
191.524 3.27167e-05
191.732 3.25191e-05
191.939 3.23226e-05
192.146 3.21274e-05
192.354 3.19333e-05
192.561 3.17405e-05
192.768 3.15489e-05
192.976 3.13585e-05
193.183 3.11692e-05
193.39 3.09811e-05
193.598 3.07942e-05
193.805 3.06084e-05
194.012 3.04238e-05
194.22 3.02403e-05
194.427 3.0058e-05
194.634 2.98768e-05
194.842 2.96967e-05
195.049 2.95177e-05
195.256 2.93398e-05
195.464 2.91631e-05
195.671 2.89874e-05
195.878 2.88128e-05
196.086 2.86393e-05
196.293 2.84668e-05
196.5 2.82954e-05
196.708 2.81251e-05
196.915 2.79558e-05
197.122 2.77876e-05
197.33 2.76204e-05
197.537 2.74543e-05
197.744 2.72891e-05
197.952 2.7125e-05
198.159 2.69619e-05
198.366 2.67998e-05
198.574 2.66387e-05
198.781 2.64786e-05
198.988 2.63195e-05
199.196 2.61613e-05
199.403 2.60042e-05
199.61 2.58479e-05
199.818 2.56927e-05
200.025 2.55384e-05
200.232 2.53851e-05
200.44 2.52327e-05
200.647 2.50812e-05
200.854 2.49307e-05
201.062 2.47811e-05
201.269 2.46324e-05
201.476 2.44847e-05
201.684 2.43378e-05
201.891 2.41919e-05
202.098 2.40468e-05
202.306 2.39026e-05
202.513 2.37593e-05
202.72 2.36169e-05
202.928 2.34754e-05
203.135 2.33347e-05
203.342 2.31949e-05
203.55 2.3056e-05
203.757 2.29179e-05
203.964 2.27807e-05
204.172 2.26443e-05
204.379 2.25087e-05
204.586 2.2374e-05
204.794 2.22401e-05
205.001 2.2107e-05
205.208 2.19747e-05
205.416 2.18432e-05
205.623 2.17126e-05
205.83 2.15827e-05
206.038 2.14536e-05
206.245 2.13254e-05
