-10.3958 0.000234271
-10.3506 0.000240877
-10.3055 0.00024767
-10.2604 0.000254657
-10.2152 0.000261843
-10.1701 0.000269234
-10.125 0.000276835
-10.0798 0.000284653
-10.0347 0.000292694
-9.98954 0.000300964
-9.9444 0.00030947
-9.89926 0.000318219
-9.85413 0.000327217
-9.80899 0.000336473
-9.76385 0.000345993
-9.71871 0.000355785
-9.67357 0.000365857
-9.62843 0.000376218
-9.5833 0.000386874
-9.53816 0.000397836
-9.49302 0.000409111
-9.44788 0.00042071
-9.40274 0.00043264
-9.3576 0.000444913
-9.31246 0.000457537
-9.26733 0.000470524
-9.22219 0.000483883
-9.17705 0.000497626
-9.13191 0.000511763
-9.08677 0.000526306
-9.04163 0.000541268
-8.9965 0.000556659
-8.95136 0.000572493
-8.90622 0.000588783
-8.86108 0.000605541
-8.81594 0.000622782
-8.7708 0.00064052
-8.72566 0.000658769
-8.68053 0.000677544
-8.63539 0.00069686
-8.59025 0.000716734
-8.54511 0.000737182
-8.49997 0.000758219
-8.45483 0.000779865
-8.4097 0.000802136
-8.36456 0.000825052
-8.31942 0.00084863
-8.27428 0.00087289
-8.22914 0.000897853
-8.184 0.000923539
-8.13886 0.000949969
-8.09373 0.000977166
-8.04859 0.00100515
-8.00345 0.00103395
-7.95831 0.00106358
-7.91317 0.00109408
-7.86803 0.00112546
-7.82289 0.00115775
-7.77776 0.00119098
-7.73262 0.00122518
-7.68748 0.00126038
-7.64234 0.0012966
-7.5972 0.00133387
-7.55206 0.00137224
-7.50693 0.00141172
-7.46179 0.00145235
-7.41665 0.00149417
-7.37151 0.00153722
-7.32637 0.00158152
-7.28123 0.00162712
-7.23609 0.00167405
-7.19096 0.00172236
-7.14582 0.00177208
-7.10068 0.00182326
-7.05554 0.00187594
-7.0104 0.00193016
-6.96526 0.00198598
-6.92013 0.00204344
-6.87499 0.00210258
-6.82985 0.00216347
-6.78471 0.00222615
-6.73957 0.00229067
-6.69443 0.0023571
-6.64929 0.00242548
-6.60416 0.00249588
-6.55902 0.00256836
-6.51388 0.00264298
-6.46874 0.0027198
-6.4236 0.0027989
-6.37846 0.00288033
-6.33333 0.00296418
-6.28819 0.00305051
-6.24305 0.0031394
-6.19791 0.00323092
-6.15277 0.00332516
-6.10763 0.00342221
-6.06249 0.00352213
-6.01736 0.00362503
-5.97222 0.00373098
-5.92708 0.0038401
-5.88194 0.00395246
-5.8368 0.00406818
-5.79166 0.00418734
-5.74653 0.00431007
-5.70139 0.00443646
-5.65625 0.00456663
-5.61111 0.00470069
-5.56597 0.00483877
-5.52083 0.00498099
-5.47569 0.00512747
-5.43056 0.00527834
-5.38542 0.00543374
-5.34028 0.00559381
-5.29514 0.0057587
-5.25 0.00592854
-5.20486 0.0061035
-5.15972 0.00628373
-5.11459 0.00646939
-5.06945 0.00666066
-5.02431 0.0068577
-4.97917 0.00706069
-4.93403 0.00726982
-4.88889 0.00748528
-4.84376 0.00770727
-4.79862 0.00793598
-4.75348 0.00817163
-4.70834 0.00841442
-4.6632 0.0086646
-4.61806 0.00892237
-4.57292 0.00918798
-4.52779 0.00946168
-4.48265 0.00974371
-4.43751 0.0100343
-4.39237 0.0103338
-4.34723 0.0106425
-4.30209 0.0109605
-4.25696 0.0112883
-4.21182 0.0116261
-4.16668 0.0119742
-4.12154 0.012333
-4.0764 0.0127028
-4.03126 0.0130839
-3.98612 0.0134767
-3.94099 0.0138816
-3.89585 0.0142989
-3.85071 0.014729
-3.80557 0.0151723
-3.76043 0.0156293
-3.71529 0.0161003
-3.67016 0.0165859
-3.62502 0.0170863
-3.57988 0.0176022
-3.53474 0.018134
-3.4896 0.0186822
-3.44446 0.0192472
-3.39932 0.0198297
-3.35419 0.0204301
-3.30905 0.0210491
-3.26391 0.0216871
-3.21877 0.0223448
-3.17363 0.0230227
-3.12849 0.0237216
-3.08335 0.024442
-3.03822 0.0251845
-2.99308 0.0259499
-2.94794 0.0267388
-2.9028 0.0275519
-2.85766 0.02839
-2.81252 0.0292537
-2.76739 0.0301439
-2.72225 0.0310613
-2.67711 0.0320067
-2.63197 0.0329809
-2.58683 0.0339846
-2.54169 0.0350188
-2.49655 0.0360843
-2.45142 0.0371818
-2.40628 0.0383123
-2.36114 0.0394767
-2.316 0.0406758
-2.27086 0.0419104
-2.22572 0.0431815
-2.18059 0.0444899
-2.13545 0.0458365
-2.09031 0.0472221
-2.04517 0.0486476
-2.00003 0.0501138
-1.95489 0.0516215
-1.90975 0.0531714
-1.86462 0.0547642
-1.81948 0.0564006
-1.77434 0.0580812
-1.7292 0.0598065
-1.68406 0.0615769
-1.63892 0.0633929
-1.59379 0.0652546
-1.54865 0.0671622
-1.50351 0.0691155
-1.45837 0.0711145
-1.41323 0.0731588
-1.36809 0.0752476
-1.32295 0.0773803
-1.27782 0.0795557
-1.23268 0.0817726
-1.18754 0.0840291
-1.1424 0.0863234
-1.09726 0.0886531
-1.05212 0.0910154
-1.00698 0.0934072
-0.961846 0.0958248
-0.916708 0.0982641
-0.87157 0.10072
-0.826431 0.103189
-0.781293 0.105664
-0.736154 0.108139
-0.691016 0.110608
-0.645877 0.113063
-0.600739 0.115497
-0.5556 0.117902
-0.510462 0.120269
-0.465323 0.12259
-0.420185 0.124856
-0.375046 0.127057
-0.329908 0.129185
-0.284769 0.13123
-0.239631 0.133185
-0.194492 0.135039
-0.149354 0.136786
-0.104215 0.138419
-0.059077 0.139931
-0.0139385 0.141316
0.0312 0.14257
0.0763385 0.143689
0.121477 0.14467
0.166615 0.145513
0.211754 0.146217
0.256892 0.146782
0.302031 0.147211
0.347169 0.147506
0.392308 0.14767
0.437446 0.147708
0.482585 0.147624
0.527723 0.147424
0.572862 0.147113
0.618 0.146699
0.663139 0.146186
0.708277 0.145582
0.753416 0.144893
0.798554 0.144125
0.843693 0.143285
0.888831 0.142379
0.93397 0.141413
0.979108 0.140392
1.02425 0.139323
1.06938 0.138209
1.11452 0.137057
1.15966 0.13587
1.2048 0.134654
1.24994 0.133411
1.29508 0.132147
1.34022 0.130864
1.38535 0.129565
1.43049 0.128254
1.47563 0.126933
1.52077 0.125605
1.56591 0.124272
1.61105 0.122936
1.65619 0.121599
1.70132 0.120262
1.74646 0.118928
1.7916 0.117597
1.83674 0.116271
1.88188 0.114951
1.92702 0.113638
1.97215 0.112333
2.01729 0.111037
2.06243 0.10975
2.10757 0.108474
2.15271 0.107207
2.19785 0.105952
2.24299 0.104709
2.28812 0.103477
2.33326 0.102258
2.3784 0.101051
2.42354 0.0998566
2.46868 0.0986752
2.51382 0.0975068
2.55895 0.0963516
2.60409 0.0952096
2.64923 0.0940808
2.69437 0.0929654
2.73951 0.0918633
2.78465 0.0907745
2.82979 0.0896989
2.87492 0.0886367
2.92006 0.0875876
2.9652 0.0865516
3.01034 0.0855287
3.05548 0.0845188
3.10062 0.0835217
3.14575 0.0825373
3.19089 0.0815657
3.23603 0.0806065
3.28117 0.0796598
3.32631 0.0787253
3.37145 0.077803
3.41659 0.0768928
3.46172 0.0759944
3.50686 0.0751077
3.552 0.0742327
3.59714 0.0733691
3.64228 0.0725169
3.68742 0.0716758
3.73256 0.0708458
3.77769 0.0700266
3.82283 0.0692182
3.86797 0.0684204
3.91311 0.067633
3.95825 0.066856
4.00339 0.0660891
4.04852 0.0653323
4.09366 0.0645854
4.1388 0.0638482
4.18394 0.0631206
4.22908 0.0624025
4.27422 0.0616937
4.31936 0.0609942
4.36449 0.0603037
4.40963 0.0596221
4.45477 0.0589494
4.49991 0.0582854
4.54505 0.0576299
4.59019 0.0569829
4.63532 0.0563441
4.68046 0.0557136
4.7256 0.0550911
4.77074 0.0544766
4.81588 0.05387
4.86102 0.053271
4.90616 0.0526797
4.95129 0.0520958
4.99643 0.0515194
5.04157 0.0509502
5.08671 0.0503882
5.13185 0.0498333
5.17699 0.0492854
5.22212 0.0487443
5.26726 0.04821
5.3124 0.0476823
5.35754 0.0471613
5.40268 0.0466467
5.44782 0.0461384
5.49296 0.0456365
5.53809 0.0451408
5.58323 0.0446512
5.62837 0.0441676
5.67351 0.04369
5.71865 0.0432182
5.76379 0.0427522
5.80892 0.0422918
5.85406 0.0418371
5.8992 0.0413879
5.94434 0.0409441
5.98948 0.0405058
6.03462 0.0400727
6.07976 0.0396448
6.12489 0.0392221
6.17003 0.0388045
6.21517 0.0383918
6.26031 0.0379842
6.30545 0.0375813
6.35059 0.0371833
6.39573 0.03679
6.44086 0.0364014
6.486 0.0360174
6.53114 0.0356379
6.57628 0.0352629
6.62142 0.0348923
6.66656 0.0345261
6.71169 0.0341641
6.75683 0.0338064
6.80197 0.0334529
6.84711 0.0331035
6.89225 0.0327582
6.93739 0.0324169
6.98253 0.0320796
7.02766 0.0317461
7.0728 0.0314165
7.11794 0.0310908
7.16308 0.0307687
7.20822 0.0304504
7.25336 0.0301358
7.29849 0.0298247
7.34363 0.0295172
7.38877 0.0292132
7.43391 0.0289127
7.47905 0.0286156
7.52419 0.0283219
7.56933 0.0280315
7.61446 0.0277444
7.6596 0.0274605
7.70474 0.0271798
7.74988 0.0269023
7.79502 0.026628
7.84016 0.0263567
7.88529 0.0260884
7.93043 0.0258232
7.97557 0.0255609
8.02071 0.0253016
8.06585 0.0250451
8.11099 0.0247915
8.15613 0.0245407
8.20126 0.0242927
8.2464 0.0240474
8.29154 0.0238049
8.33668 0.023565
8.38182 0.0233278
8.42696 0.0230932
8.4721 0.0228611
8.51723 0.0226316
8.56237 0.0224047
8.60751 0.0221802
8.65265 0.0219582
8.69779 0.0217385
8.74293 0.0215213
8.78806 0.0213065
8.8332 0.0210939
8.87834 0.0208837
8.92348 0.0206758
8.96862 0.0204701
9.01376 0.0202667
9.0589 0.0200654
9.10403 0.0198663
9.14917 0.0196694
9.19431 0.0194745
9.23945 0.0192818
9.28459 0.0190911
9.32973 0.0189025
9.37486 0.0187159
9.42 0.0185312
9.46514 0.0183486
9.51028 0.0181679
9.55542 0.0179891
9.60056 0.0178122
9.6457 0.0176372
9.69083 0.0174641
9.73597 0.0172928
9.78111 0.0171233
9.82625 0.0169555
9.87139 0.0167896
9.91653 0.0166254
9.96166 0.016463
10.0068 0.0163022
10.0519 0.0161431
10.0971 0.0159857
10.1422 0.01583
10.1874 0.0156759
10.2325 0.0155234
10.2776 0.0153725
10.3228 0.0152231
10.3679 0.0150753
10.413 0.0149291
10.4582 0.0147844
10.5033 0.0146411
10.5485 0.0144994
10.5936 0.0143591
10.6387 0.0142203
10.6839 0.014083
10.729 0.013947
10.7742 0.0138124
10.8193 0.0136793
10.8644 0.0135475
10.9096 0.0134171
10.9547 0.013288
10.9998 0.0131602
11.045 0.0130337
11.0901 0.0129086
11.1353 0.0127847
11.1804 0.0126621
11.2255 0.0125407
11.2707 0.0124206
11.3158 0.0123017
11.361 0.012184
11.4061 0.0120675
11.4512 0.0119522
11.4964 0.0118381
11.5415 0.0117251
11.5866 0.0116133
11.6318 0.0115026
11.6769 0.011393
11.7221 0.0112845
11.7672 0.0111771
11.8123 0.0110709
11.8575 0.0109656
11.9026 0.0108615
11.9478 0.0107584
11.9929 0.0106563
12.038 0.0105553
12.0832 0.0104552
12.1283 0.0103562
12.1735 0.0102582
12.2186 0.0101611
12.2637 0.0100651
12.3089 0.00996995
12.354 0.00987578
12.3991 0.00978256
12.4443 0.00969026
12.4894 0.00959889
12.5346 0.00950842
12.5797 0.00941885
12.6248 0.00933018
12.67 0.00924238
12.7151 0.00915546
12.7603 0.0090694
12.8054 0.0089842
12.8505 0.00889983
12.8957 0.00881631
12.9408 0.0087336
12.9859 0.00865172
13.0311 0.00857064
13.0762 0.00849037
13.1214 0.00841088
13.1665 0.00833218
13.2116 0.00825425
13.2568 0.00817709
13.3019 0.00810069
13.3471 0.00802504
13.3922 0.00795013
13.4373 0.00787596
13.4825 0.00780251
13.5276 0.00772979
13.5727 0.00765777
13.6179 0.00758646
13.663 0.00751585
13.7082 0.00744592
13.7533 0.00737668
13.7984 0.00730811
13.8436 0.00724022
13.8887 0.00717298
13.9339 0.0071064
13.979 0.00704046
14.0241 0.00697517
14.0693 0.00691051
14.1144 0.00684648
14.1595 0.00678307
14.2047 0.00672028
14.2498 0.00665809
14.295 0.00659651
14.3401 0.00653552
14.3852 0.00647512
14.4304 0.00641531
14.4755 0.00635607
14.5207 0.0062974
14.5658 0.0062393
14.6109 0.00618177
14.6561 0.00612478
14.7012 0.00606834
14.7463 0.00601245
14.7915 0.0059571
14.8366 0.00590227
14.8818 0.00584798
14.9269 0.0057942
14.972 0.00574094
15.0172 0.00568819
15.0623 0.00563595
15.1075 0.00558421
15.1526 0.00553296
15.1977 0.0054822
15.2429 0.00543193
15.288 0.00538214
15.3331 0.00533282
15.3783 0.00528398
15.4234 0.0052356
15.4686 0.00518768
15.5137 0.00514022
15.5588 0.00509321
15.604 0.00504664
15.6491 0.00500052
15.6943 0.00495484
15.7394 0.0049096
15.7845 0.00486478
15.8297 0.00482039
15.8748 0.00477642
15.9199 0.00473286
15.9651 0.00468972
16.0102 0.00464699
16.0554 0.00460466
16.1005 0.00456274
16.1456 0.00452121
16.1908 0.00448007
16.2359 0.00443932
16.2811 0.00439895
16.3262 0.00435897
16.3713 0.00431936
16.4165 0.00428013
16.4616 0.00424127
16.5067 0.00420277
16.5519 0.00416463
16.597 0.00412686
16.6422 0.00408944
16.6873 0.00405237
16.7324 0.00401565
16.7776 0.00397927
16.8227 0.00394324
16.8679 0.00390754
16.913 0.00387218
16.9581 0.00383715
17.0033 0.00380245
17.0484 0.00376807
17.0935 0.00373402
17.1387 0.00370028
17.1838 0.00366686
17.229 0.00363375
17.2741 0.00360095
17.3192 0.00356846
17.3644 0.00353627
17.4095 0.00350438
17.4547 0.00347279
17.4998 0.00344149
17.5449 0.00341049
17.5901 0.00337977
17.6352 0.00334934
17.6803 0.00331919
17.7255 0.00328932
17.7706 0.00325973
17.8158 0.00323042
17.8609 0.00320138
17.906 0.00317261
17.9512 0.0031441
17.9963 0.00311586
18.0415 0.00308788
18.0866 0.00306016
18.1317 0.0030327
18.1769 0.00300549
18.222 0.00297853
18.2671 0.00295183
18.3123 0.00292537
18.3574 0.00289915
18.4026 0.00287318
18.4477 0.00284744
18.4928 0.00282195
18.538 0.00279669
18.5831 0.00277166
18.6283 0.00274687
18.6734 0.0027223
18.7185 0.00269796
18.7637 0.00267384
18.8088 0.00264995
18.8539 0.00262627
18.8991 0.00260282
18.9442 0.00257958
18.9894 0.00255655
19.0345 0.00253373
19.0796 0.00251113
19.1248 0.00248873
19.1699 0.00246654
19.2151 0.00244455
19.2602 0.00242276
19.3053 0.00240118
19.3505 0.00237979
19.3956 0.00235859
19.4407 0.00233759
19.4859 0.00231679
19.531 0.00229617
19.5762 0.00227575
19.6213 0.0022555
19.6664 0.00223545
19.7116 0.00221558
19.7567 0.00219589
19.8019 0.00217638
19.847 0.00215704
19.8921 0.00213789
19.9373 0.00211891
19.9824 0.0021001
20.0275 0.00208146
20.0727 0.002063
20.1178 0.0020447
20.163 0.00202657
20.2081 0.0020086
20.2532 0.0019908
20.2984 0.00197316
20.3435 0.00195568
20.3887 0.00193836
20.4338 0.00192119
20.4789 0.00190419
20.5241 0.00188733
20.5692 0.00187063
20.6143 0.00185408
20.6595 0.00183769
20.7046 0.00182144
20.7498 0.00180534
20.7949 0.00178938
20.84 0.00177357
20.8852 0.0017579
20.9303 0.00174237
20.9755 0.00172699
21.0206 0.00171174
21.0657 0.00169663
21.1109 0.00168166
21.156 0.00166683
21.2011 0.00165213
21.2463 0.00163756
21.2914 0.00162312
21.3366 0.00160881
21.3817 0.00159464
21.4268 0.00158059
21.472 0.00156666
21.5171 0.00155287
21.5623 0.00153919
21.6074 0.00152564
21.6525 0.00151222
21.6977 0.00149891
21.7428 0.00148573
21.7879 0.00147266
21.8331 0.00145971
21.8782 0.00144687
21.9234 0.00143416
21.9685 0.00142155
22.0136 0.00140906
22.0588 0.00139669
22.1039 0.00138442
22.1491 0.00137226
22.1942 0.00136022
22.2393 0.00134828
22.2845 0.00133645
22.3296 0.00132472
22.3747 0.0013131
22.4199 0.00130159
22.465 0.00129017
22.5102 0.00127886
22.5553 0.00126766
22.6004 0.00125655
22.6456 0.00124554
22.6907 0.00123463
22.7359 0.00122382
22.781 0.0012131
22.8261 0.00120248
22.8713 0.00119196
22.9164 0.00118152
22.9615 0.00117119
23.0067 0.00116094
23.0518 0.00115079
23.097 0.00114073
23.1421 0.00113075
23.1872 0.00112087
23.2324 0.00111108
23.2775 0.00110137
23.3227 0.00109175
23.3678 0.00108221
23.4129 0.00107276
23.4581 0.00106339
23.5032 0.00105411
23.5483 0.00104491
23.5935 0.00103579
23.6386 0.00102676
23.6838 0.0010178
23.7289 0.00100892
23.774 0.00100013
23.8192 0.000991408
23.8643 0.000982766
23.9095 0.000974201
23.9546 0.000965713
23.9997 0.0009573
24.0449 0.000948962
24.09 0.000940697
24.1351 0.000932507
24.1803 0.000924389
24.2254 0.000916343
24.2706 0.000908368
24.3157 0.000900465
24.3608 0.000892631
24.406 0.000884867
24.4511 0.000877172
24.4963 0.000869545
24.5414 0.000861985
24.5865 0.000854493
24.6317 0.000847067
24.6768 0.000839707
24.7219 0.000832412
24.7671 0.000825182
24.8122 0.000818015
24.8574 0.000810912
24.9025 0.000803872
24.9476 0.000796895
24.9928 0.000789979
25.0379 0.000783124
25.0831 0.000776329
25.1282 0.000769595
25.1733 0.00076292
25.2185 0.000756305
25.2636 0.000749747
25.3087 0.000743248
25.3539 0.000736806
25.399 0.000730421
25.4442 0.000724092
25.4893 0.000717819
25.5344 0.000711602
25.5796 0.000705439
25.6247 0.00069933
25.6699 0.000693276
25.715 0.000687275
25.7601 0.000681326
25.8053 0.000675431
25.8504 0.000669587
25.8955 0.000663794
25.9407 0.000658053
25.9858 0.000652362
26.031 0.000646721
26.0761 0.00064113
26.1212 0.000635588
26.1664 0.000630095
26.2115 0.00062465
26.2567 0.000619253
26.3018 0.000613903
26.3469 0.0006086
26.3921 0.000603344
26.4372 0.000598134
26.4823 0.00059297
26.5275 0.000587852
26.5726 0.000582778
26.6178 0.000577749
26.6629 0.000572764
26.708 0.000567822
26.7532 0.000562924
26.7983 0.000558069
26.8435 0.000553257
26.8886 0.000548487
26.9337 0.000543758
26.9789 0.000539071
27.024 0.000534425
27.0691 0.00052982
27.1143 0.000525255
27.1594 0.00052073
27.2046 0.000516245
27.2497 0.000511799
27.2948 0.000507392
27.34 0.000503023
27.3851 0.000498693
27.4303 0.000494401
27.4754 0.000490146
27.5205 0.000485928
27.5657 0.000481747
27.6108 0.000477603
27.6559 0.000473495
27.7011 0.000469423
27.7462 0.000465386
27.7914 0.000461385
27.8365 0.000457419
27.8816 0.000453487
27.9268 0.00044959
27.9719 0.000445726
28.0171 0.000441897
28.0622 0.000438101
28.1073 0.000434338
28.1525 0.000430607
28.1976 0.00042691
28.2427 0.000423244
28.2879 0.000419611
28.333 0.000416009
28.3782 0.000412438
28.4233 0.000408899
28.4684 0.00040539
28.5136 0.000401912
28.5587 0.000398465
28.6039 0.000395047
28.649 0.000391659
28.6941 0.000388301
28.7393 0.000384972
28.7844 0.000381671
28.8295 0.0003784
28.8747 0.000375157
28.9198 0.000371942
28.965 0.000368755
29.0101 0.000365596
29.0552 0.000362464
29.1004 0.00035936
29.1455 0.000356282
29.1907 0.000353232
29.2358 0.000350207
29.2809 0.000347209
29.3261 0.000344237
29.3712 0.000341291
29.4163 0.000338371
29.4615 0.000335476
29.5066 0.000332605
29.5518 0.00032976
29.5969 0.00032694
29.642 0.000324144
29.6872 0.000321372
29.7323 0.000318624
29.7775 0.0003159
29.8226 0.0003132
29.8677 0.000310523
29.9129 0.000307869
29.958 0.000305239
30.0031 0.000302631
30.0483 0.000300045
30.0934 0.000297482
30.1386 0.000294942
30.1837 0.000292423
30.2288 0.000289926
30.274 0.000287451
30.3191 0.000284997
30.3643 0.000282564
30.4094 0.000280153
30.4545 0.000277762
30.4997 0.000275392
30.5448 0.000273042
30.5899 0.000270713
30.6351 0.000268404
30.6802 0.000266115
30.7254 0.000263845
30.7705 0.000261595
30.8156 0.000259365
30.8608 0.000257154
30.9059 0.000254962
30.9511 0.000252789
30.9962 0.000250635
31.0413 0.000248499
31.0865 0.000246382
31.1316 0.000244283
31.1767 0.000242202
31.2219 0.000240139
31.267 0.000238094
31.3122 0.000236066
31.3573 0.000234056
31.4024 0.000232064
31.4476 0.000230088
31.4927 0.00022813
31.5379 0.000226188
31.583 0.000224264
31.6281 0.000222355
31.6733 0.000220464
31.7184 0.000218588
31.7635 0.000216729
31.8087 0.000214885
31.8538 0.000213058
31.899 0.000211246
31.9441 0.00020945
31.9892 0.00020767
32.0344 0.000205904
32.0795 0.000204154
32.1247 0.000202419
32.1698 0.000200699
32.2149 0.000198994
32.2601 0.000197303
32.3052 0.000195627
32.3503 0.000193965
32.3955 0.000192318
32.4406 0.000190684
32.4858 0.000189065
32.5309 0.00018746
32.576 0.000185868
32.6212 0.00018429
32.6663 0.000182726
32.7115 0.000181175
32.7566 0.000179638
32.8017 0.000178113
32.8469 0.000176602
32.892 0.000175104
32.9371 0.000173618
32.9823 0.000172146
33.0274 0.000170686
33.0726 0.000169238
33.1177 0.000167803
33.1628 0.00016638
33.208 0.00016497
33.2531 0.000163571
33.2983 0.000162185
33.3434 0.00016081
33.3885 0.000159447
33.4337 0.000158096
33.4788 0.000156757
33.5239 0.000155429
33.5691 0.000154112
33.6142 0.000152807
33.6594 0.000151512
33.7045 0.000150229
33.7496 0.000148957
33.7948 0.000147696
33.8399 0.000146445
33.8851 0.000145206
33.9302 0.000143977
33.9753 0.000142758
34.0205 0.00014155
34.0656 0.000140352
34.1107 0.000139164
34.1559 0.000137987
34.201 0.00013682
34.2462 0.000135662
34.2913 0.000134515
34.3364 0.000133377
34.3816 0.000132249
34.4267 0.000131131
34.4719 0.000130022
34.517 0.000128923
34.5621 0.000127833
34.6073 0.000126752
34.6524 0.000125681
34.6975 0.000124619
