-7.20874 0.0011848
-7.16494 0.00122061
-7.12114 0.00125753
-7.07734 0.00129559
-7.03354 0.00133484
-6.98974 0.00137532
-6.94594 0.00141705
-6.90214 0.00146009
-6.85834 0.00150448
-6.81454 0.00155026
-6.77074 0.00159747
-6.72694 0.00164616
-6.68314 0.00169638
-6.63934 0.00174818
-6.59554 0.00180161
-6.55174 0.00185673
-6.50794 0.00191359
-6.46414 0.00197224
-6.42034 0.00203275
-6.37654 0.00209517
-6.33274 0.00215958
-6.28894 0.00222603
-6.24514 0.00229459
-6.20134 0.00236533
-6.15754 0.00243833
-6.11374 0.00251366
-6.06994 0.0025914
-6.02614 0.00267162
-5.98233 0.00275442
-5.93853 0.00283987
-5.89473 0.00292807
-5.85093 0.00301911
-5.80713 0.00311307
-5.76333 0.00321007
-5.71953 0.00331021
-5.67573 0.00341358
-5.63193 0.00352031
-5.58813 0.00363049
-5.54433 0.00374426
-5.50053 0.00386173
-5.45673 0.00398303
-5.41293 0.00410829
-5.36913 0.00423765
-5.32533 0.00437124
-5.28153 0.00450921
-5.23773 0.00465171
-5.19393 0.0047989
-5.15013 0.00495094
-5.10633 0.005108
-5.06253 0.00527025
-5.01873 0.00543787
-4.97493 0.00561105
-4.93113 0.00578999
-4.88733 0.00597488
-4.84353 0.00616593
-4.79973 0.00636336
-4.75593 0.0065674
-4.71213 0.00677827
-4.66833 0.00699622
-4.62453 0.0072215
-4.58073 0.00745437
-4.53693 0.00769509
-4.49313 0.00794396
-4.44933 0.00820125
-4.40553 0.00846727
-4.36173 0.00874233
-4.31792 0.00902676
-4.27412 0.00932089
-4.23032 0.00962508
-4.18652 0.00993968
-4.14272 0.0102651
-4.09892 0.0106017
-4.05512 0.0109498
-4.01132 0.01131
-3.96752 0.0116827
-3.92372 0.0120682
-3.87992 0.0124671
-3.83612 0.0128799
-3.79232 0.0133071
-3.74852 0.0137492
-3.70472 0.0142068
-3.66092 0.0146803
-3.61712 0.0151705
-3.57332 0.015678
-3.52952 0.0162033
-3.48572 0.0167472
-3.44192 0.0173103
-3.39812 0.0178934
-3.35432 0.0184972
-3.31052 0.0191224
-3.26672 0.0197699
-3.22292 0.0204405
-3.17912 0.0211351
-3.13532 0.0218546
-3.09152 0.0225998
-3.04772 0.0233719
-3.00392 0.0241717
-2.96012 0.0250003
-2.91632 0.0258588
-2.87252 0.0267483
-2.82872 0.0276699
-2.78492 0.0286249
-2.74112 0.0296145
-2.69732 0.03064
-2.65351 0.0317027
-2.60971 0.0328039
-2.56591 0.0339452
-2.52211 0.0351279
-2.47831 0.0363535
-2.43451 0.0376236
-2.39071 0.0389398
-2.34691 0.0403037
-2.30311 0.041717
-2.25931 0.0431814
-2.21551 0.0446986
-2.17171 0.0462705
-2.12791 0.0478989
-2.08411 0.0495856
-2.04031 0.0513324
-1.99651 0.0531413
-1.95271 0.0550142
-1.90891 0.0569529
-1.86511 0.0589593
-1.82131 0.0610352
-1.77751 0.0631826
-1.73371 0.065403
-1.68991 0.0676983
-1.64611 0.07007
-1.60231 0.0725197
-1.55851 0.0750485
-1.51471 0.0776578
-1.47091 0.0803484
-1.42711 0.083121
-1.38331 0.0859762
-1.33951 0.0889139
-1.29571 0.0919338
-1.25191 0.0950354
-1.20811 0.0982172
-1.16431 0.101478
-1.12051 0.104814
-1.07671 0.108224
-1.03291 0.111703
-0.989105 0.115246
-0.945305 0.118849
-0.901504 0.122503
-0.857704 0.126203
-0.813904 0.129939
-0.770104 0.133702
-0.726303 0.137481
-0.682503 0.141263
-0.638703 0.145035
-0.594903 0.148784
-0.551102 0.152494
-0.507302 0.156148
-0.463502 0.159731
-0.419702 0.163223
-0.375901 0.166608
-0.332101 0.169867
-0.288301 0.172982
-0.2445 0.175935
-0.2007 0.17871
-0.1569 0.18129
-0.1131 0.183662
-0.0692994 0.185811
-0.0254992 0.187726
0.0183011 0.1894
0.0621014 0.190824
0.105902 0.191994
0.149702 0.192907
0.193502 0.193565
0.237302 0.193969
0.281103 0.194124
0.324903 0.194036
0.368703 0.193715
0.412503 0.19317
0.456304 0.192412
0.500104 0.191454
0.543904 0.190308
0.587705 0.188989
0.631505 0.18751
0.675305 0.185885
0.719105 0.184129
0.762906 0.182255
0.806706 0.180276
0.850506 0.178205
0.894306 0.176054
0.938107 0.173835
0.981907 0.171558
1.02571 0.169234
1.06951 0.166873
1.11331 0.164481
1.15711 0.162069
1.20091 0.159642
1.24471 0.157207
1.28851 0.15477
1.33231 0.152337
1.37611 0.149912
1.41991 0.147499
1.46371 0.145103
1.50751 0.142725
1.55131 0.14037
1.59511 0.13804
1.63891 0.135736
1.68271 0.133461
1.72651 0.131216
1.77031 0.129003
1.81411 0.126821
1.85791 0.124674
1.90171 0.12256
1.94551 0.120481
1.98931 0.118436
2.03311 0.116426
2.07691 0.114452
2.12071 0.112512
2.16451 0.110608
2.20831 0.108739
2.25211 0.106904
2.29591 0.105103
2.33972 0.103336
2.38352 0.101603
2.42732 0.0999036
2.47112 0.0982364
2.51492 0.0966014
2.55872 0.0949982
2.60252 0.0934262
2.64632 0.0918849
2.69012 0.0903737
2.73392 0.088892
2.77772 0.0874394
2.82152 0.0860153
2.86532 0.0846191
2.90912 0.0832502
2.95292 0.0819082
2.99672 0.0805924
3.04052 0.0793022
3.08432 0.0780373
3.12812 0.0767969
3.17192 0.0755807
3.21572 0.074388
3.25952 0.0732184
3.30332 0.0720714
3.34712 0.0709464
3.39092 0.069843
3.43472 0.0687606
3.47852 0.067699
3.52232 0.0666575
3.56612 0.0656357
3.60992 0.0646332
3.65372 0.0636495
3.69752 0.0626843
3.74132 0.0617372
3.78512 0.0608076
3.82892 0.0598953
3.87272 0.0589999
3.91652 0.0581209
3.96032 0.057258
4.00413 0.0564109
4.04793 0.0555792
4.09173 0.0547626
4.13553 0.0539607
4.17933 0.0531733
4.22313 0.0523999
4.26693 0.0516403
4.31073 0.0508943
4.35453 0.0501614
4.39833 0.0494415
4.44213 0.0487341
4.48593 0.0480392
4.52973 0.0473564
4.57353 0.0466854
4.61733 0.046026
4.66113 0.045378
4.70493 0.0447411
4.74873 0.044115
4.79253 0.0434996
4.83633 0.0428947
4.88013 0.0422999
4.92393 0.0417152
4.96773 0.0411403
5.01153 0.0405749
5.05533 0.0400189
5.09913 0.0394722
5.14293 0.0389345
5.18673 0.0384056
5.23053 0.0378854
5.27433 0.0373736
5.31813 0.0368702
5.36193 0.0363749
5.40573 0.0358876
5.44953 0.0354082
5.49333 0.0349364
5.53713 0.0344722
5.58093 0.0340153
5.62473 0.0335657
5.66854 0.0331232
5.71234 0.0326876
5.75614 0.0322589
5.79994 0.0318369
5.84374 0.0314214
5.88754 0.0310124
5.93134 0.0306097
5.97514 0.0302132
6.01894 0.0298229
6.06274 0.0294384
6.10654 0.0290599
6.15034 0.0286871
6.19414 0.02832
6.23794 0.0279584
6.28174 0.0276022
6.32554 0.0272514
6.36934 0.0269059
6.41314 0.0265655
6.45694 0.0262302
6.50074 0.0258998
6.54454 0.0255743
6.58834 0.0252536
6.63214 0.0249377
6.67594 0.0246263
6.71974 0.0243195
6.76354 0.0240172
6.80734 0.0237192
6.85114 0.0234256
6.89494 0.0231362
6.93874 0.0228509
6.98254 0.0225698
7.02634 0.0222927
7.07014 0.0220195
7.11394 0.0217502
7.15774 0.0214847
7.20154 0.021223
7.24534 0.020965
7.28914 0.0207106
7.33295 0.0204598
7.37675 0.0202125
7.42055 0.0199686
7.46435 0.0197281
7.50815 0.019491
7.55195 0.0192571
7.59575 0.0190265
7.63955 0.0187991
7.68335 0.0185747
7.72715 0.0183535
7.77095 0.0181353
7.81475 0.01792
7.85855 0.0177077
7.90235 0.0174982
7.94615 0.0172916
7.98995 0.0170878
8.03375 0.0168867
8.07755 0.0166883
8.12135 0.0164926
8.16515 0.0162995
8.20895 0.016109
8.25275 0.015921
8.29655 0.0157355
8.34035 0.0155524
8.38415 0.0153718
8.42795 0.0151936
8.47175 0.0150177
8.51555 0.0148441
8.55935 0.0146728
8.60315 0.0145037
8.64695 0.0143368
8.69075 0.0141721
8.73455 0.0140095
8.77835 0.0138491
8.82215 0.0136907
8.86595 0.0135344
8.90975 0.01338
8.95355 0.0132277
8.99736 0.0130773
9.04116 0.0129288
9.08496 0.0127822
9.12876 0.0126375
9.17256 0.0124947
9.21636 0.0123536
9.26016 0.0122143
9.30396 0.0120768
9.34776 0.011941
9.39156 0.011807
9.43536 0.0116746
9.47916 0.0115439
9.52296 0.0114148
9.56676 0.0112873
9.61056 0.0111614
9.65436 0.0110371
9.69816 0.0109143
9.74196 0.0107931
9.78576 0.0106733
9.82956 0.0105551
9.87336 0.0104382
9.91716 0.0103229
9.96096 0.0102089
10.0048 0.0100963
10.0486 0.00998516
10.0924 0.00987534
10.1362 0.00976686
10.18 0.00965969
10.2238 0.00955384
10.2676 0.00944926
10.3114 0.00934595
10.3552 0.0092439
10.399 0.00914307
10.4428 0.00904346
10.4866 0.00894505
10.5304 0.00884783
10.5742 0.00875176
10.618 0.00865685
10.6618 0.00856308
10.7056 0.00847042
10.7494 0.00837887
10.7932 0.00828841
10.837 0.00819902
10.8808 0.0081107
10.9246 0.00802342
10.9684 0.00793717
11.0122 0.00785194
11.056 0.00776772
11.0998 0.00768448
11.1436 0.00760223
11.1874 0.00752094
11.2312 0.00744061
11.275 0.00736121
11.3188 0.00728274
11.3626 0.00720519
11.4064 0.00712854
11.4502 0.00705279
11.494 0.00697791
11.5378 0.00690391
11.5816 0.00683076
11.6254 0.00675845
11.6692 0.00668699
11.713 0.00661634
11.7568 0.00654652
11.8006 0.00647749
11.8444 0.00640926
11.8882 0.00634181
11.932 0.00627513
11.9758 0.00620922
12.0196 0.00614406
12.0634 0.00607964
12.1072 0.00601596
12.151 0.00595301
12.1948 0.00589076
12.2386 0.00582923
12.2824 0.00576839
12.3262 0.00570825
12.37 0.00564878
12.4138 0.00558999
12.4576 0.00553185
12.5014 0.00547438
12.5452 0.00541755
12.589 0.00536136
12.6328 0.0053058
12.6766 0.00525086
12.7204 0.00519654
12.7642 0.00514283
12.808 0.00508971
12.8518 0.00503719
12.8956 0.00498526
12.9394 0.0049339
12.9832 0.00488311
13.027 0.00483289
13.0708 0.00478323
13.1146 0.00473411
13.1584 0.00468554
13.2022 0.00463751
13.246 0.00459001
13.2898 0.00454303
13.3336 0.00449657
13.3774 0.00445062
13.4212 0.00440517
13.465 0.00436023
13.5088 0.00431577
13.5526 0.00427181
13.5964 0.00422833
13.6402 0.00418532
13.684 0.00414278
13.7278 0.00410071
13.7716 0.00405909
13.8154 0.00401793
13.8592 0.00397721
13.903 0.00393694
13.9468 0.00389711
13.9906 0.0038577
14.0344 0.00381873
14.0782 0.00378017
14.122 0.00374204
14.1658 0.00370431
14.2096 0.00366699
14.2534 0.00363008
14.2972 0.00359356
14.341 0.00355743
14.3848 0.00352169
14.4286 0.00348634
14.4724 0.00345137
14.5162 0.00341677
14.56 0.00338254
14.6038 0.00334867
14.6476 0.00331517
14.6914 0.00328203
14.7352 0.00324924
14.779 0.0032168
14.8228 0.0031847
14.8666 0.00315295
14.9104 0.00312153
14.9542 0.00309045
14.998 0.00305969
15.0418 0.00302926
15.0856 0.00299916
15.1294 0.00296937
15.1732 0.0029399
15.217 0.00291074
15.2608 0.00288188
15.3046 0.00285333
15.3484 0.00282508
15.3922 0.00279713
15.436 0.00276947
15.4798 0.00274211
15.5236 0.00271503
15.5674 0.00268823
15.6112 0.00266171
15.655 0.00263548
15.6988 0.00260951
15.7426 0.00258382
15.7864 0.0025584
15.8302 0.00253324
15.874 0.00250834
15.9178 0.0024837
15.9616 0.00245932
16.0054 0.00243519
16.0492 0.00241132
16.093 0.00238769
16.1368 0.00236431
16.1806 0.00234116
16.2244 0.00231826
16.2682 0.0022956
16.312 0.00227317
16.3558 0.00225097
16.3996 0.002229
16.4434 0.00220726
16.4872 0.00218574
16.531 0.00216444
16.5748 0.00214336
16.6186 0.0021225
16.6624 0.00210185
16.7062 0.00208142
16.75 0.00206119
16.7938 0.00204118
16.8376 0.00202136
16.8814 0.00200175
16.9252 0.00198235
16.969 0.00196314
17.0128 0.00194412
17.0566 0.0019253
17.1004 0.00190667
17.1442 0.00188823
17.188 0.00186998
17.2318 0.00185192
17.2756 0.00183404
17.3194 0.00181634
17.3632 0.00179882
17.407 0.00178148
17.4508 0.00176431
17.4946 0.00174732
17.5384 0.0017305
17.5822 0.00171385
17.626 0.00169737
17.6698 0.00168106
17.7136 0.00166491
17.7574 0.00164892
17.8012 0.00163309
17.845 0.00161743
17.8888 0.00160192
17.9326 0.00158657
17.9764 0.00157137
18.0202 0.00155633
18.064 0.00154143
18.1078 0.00152669
18.1516 0.00151209
18.1954 0.00149765
18.2392 0.00148334
18.283 0.00146918
18.3268 0.00145516
18.3706 0.00144128
18.4144 0.00142754
18.4582 0.00141394
18.502 0.00140047
18.5458 0.00138714
18.5896 0.00137394
18.6334 0.00136087
18.6772 0.00134793
18.721 0.00133512
18.7648 0.00132244
18.8086 0.00130988
18.8524 0.00129745
18.8962 0.00128514
18.94 0.00127296
18.9838 0.00126089
19.0276 0.00124895
19.0714 0.00123712
19.1152 0.00122541
19.159 0.00121381
19.2028 0.00120234
19.2466 0.00119097
19.2904 0.00117972
19.3342 0.00116857
19.378 0.00115754
19.4218 0.00114662
19.4656 0.0011358
19.5094 0.00112509
19.5532 0.00111449
19.597 0.00110399
19.6408 0.00109359
19.6846 0.00108329
19.7284 0.0010731
19.7722 0.00106301
19.816 0.00105301
19.8598 0.00104312
19.9036 0.00103332
19.9474 0.00102361
19.9912 0.00101401
20.035 0.00100449
20.0788 0.00099507
20.1226 0.000985741
20.1664 0.000976502
20.2102 0.000967354
20.254 0.000958296
20.2978 0.000949325
20.3416 0.000940442
20.3854 0.000931646
20.4292 0.000922935
20.473 0.000914309
20.5168 0.000905767
20.5606 0.000897308
20.6044 0.000888931
20.6482 0.000880636
20.692 0.000872421
20.7358 0.000864285
20.7796 0.000856229
20.8234 0.000848251
20.8672 0.00084035
20.911 0.000832525
20.9548 0.000824777
20.9986 0.000817103
21.0424 0.000809503
21.0862 0.000801977
21.13 0.000794524
21.1738 0.000787142
21.2176 0.000779832
21.2614 0.000772592
21.3052 0.000765422
21.349 0.000758321
21.3928 0.000751289
21.4366 0.000744324
21.4804 0.000737426
21.5242 0.000730595
21.568 0.000723829
21.6118 0.000717128
21.6556 0.000710492
21.6994 0.000703919
21.7432 0.000697409
21.787 0.000690962
21.8308 0.000684577
21.8746 0.000678253
21.9184 0.000671989
21.9622 0.000665785
22.006 0.000659641
22.0498 0.000653555
22.0936 0.000647528
22.1374 0.000641558
22.1812 0.000635645
22.225 0.000629789
22.2688 0.000623989
22.3126 0.000618244
22.3564 0.000612553
22.4002 0.000606917
22.444 0.000601335
22.4878 0.000595806
22.5316 0.000590329
22.5754 0.000584905
22.6192 0.000579532
22.663 0.00057421
22.7068 0.000568939
22.7506 0.000563718
22.7944 0.000558546
22.8382 0.000553423
22.882 0.000548349
22.9258 0.000543324
22.9696 0.000538345
23.0134 0.000533414
23.0572 0.00052853
23.101 0.000523692
23.1448 0.0005189
23.1886 0.000514153
23.2324 0.00050945
23.2762 0.000504793
23.32 0.000500179
23.3638 0.000495609
23.4076 0.000491082
23.4514 0.000486598
23.4952 0.000482156
23.539 0.000477756
23.5828 0.000473397
23.6266 0.00046908
23.6704 0.000464803
23.7142 0.000460566
23.758 0.000456369
23.8018 0.000452212
23.8456 0.000448094
23.8894 0.000444014
23.9332 0.000439973
23.977 0.00043597
24.0208 0.000432004
24.0646 0.000428076
24.1084 0.000424184
24.1522 0.000420329
24.196 0.00041651
24.2398 0.000412727
24.2836 0.000408979
24.3274 0.000405266
24.3712 0.000401589
24.415 0.000397945
24.4588 0.000394336
24.5026 0.00039076
24.5464 0.000387218
24.5902 0.000383708
24.634 0.000380232
24.6778 0.000376788
24.7216 0.000373376
24.7654 0.000369996
24.8092 0.000366648
24.8531 0.000363331
24.8969 0.000360044
24.9407 0.000356789
24.9845 0.000353563
25.0283 0.000350368
25.0721 0.000347202
25.1159 0.000344066
25.1597 0.000340959
25.2035 0.000337881
25.2473 0.000334831
25.2911 0.00033181
25.3349 0.000328817
25.3787 0.000325851
25.4225 0.000322914
25.4663 0.000320003
25.5101 0.000317119
25.5539 0.000314262
25.5977 0.000311432
25.6415 0.000308628
25.6853 0.00030585
25.7291 0.000303097
25.7729 0.00030037
25.8167 0.000297668
25.8605 0.000294991
25.9043 0.000292339
25.9481 0.000289712
25.9919 0.000287108
26.0357 0.000284529
26.0795 0.000281974
26.1233 0.000279442
26.1671 0.000276933
26.2109 0.000274448
26.2547 0.000271986
26.2985 0.000269546
26.3423 0.000267129
26.3861 0.000264734
26.4299 0.000262361
26.4737 0.00026001
26.5175 0.00025768
26.5613 0.000255372
26.6051 0.000253085
26.6489 0.00025082
26.6927 0.000248575
26.7365 0.00024635
26.7803 0.000244147
26.8241 0.000241963
26.8679 0.000239799
26.9117 0.000237656
26.9555 0.000235532
26.9993 0.000233427
27.0431 0.000231342
27.0869 0.000229276
27.1307 0.000227228
27.1745 0.0002252
27.2183 0.00022319
27.2621 0.000221198
27.3059 0.000219225
27.3497 0.00021727
27.3935 0.000215333
27.4373 0.000213413
27.4811 0.000211511
27.5249 0.000209626
27.5687 0.000207759
27.6125 0.000205908
27.6563 0.000204075
27.7001 0.000202258
27.7439 0.000200458
27.7877 0.000198674
27.8315 0.000196907
27.8753 0.000195155
27.9191 0.00019342
27.9629 0.0001917
28.0067 0.000189996
28.0505 0.000188308
28.0943 0.000186635
28.1381 0.000184977
28.1819 0.000183334
28.2257 0.000181706
28.2695 0.000180093
28.3133 0.000178495
28.3571 0.000176911
28.4009 0.000175342
28.4447 0.000173787
28.4885 0.000172246
28.5323 0.000170719
28.5761 0.000169206
28.6199 0.000167706
28.6637 0.00016622
28.7075 0.000164748
28.7513 0.000163289
28.7951 0.000161843
28.8389 0.00016041
28.8827 0.000158991
28.9265 0.000157584
28.9703 0.00015619
29.0141 0.000154808
29.0579 0.000153439
29.1017 0.000152083
29.1455 0.000150738
29.1893 0.000149406
29.2331 0.000148086
29.2769 0.000146778
29.3207 0.000145482
29.3645 0.000144197
29.4083 0.000142924
29.4521 0.000141662
29.4959 0.000140412
29.5397 0.000139173
29.5835 0.000137945
29.6273 0.000136729
29.6711 0.000135523
29.7149 0.000134328
29.7587 0.000133144
29.8025 0.000131971
29.8463 0.000130808
29.8901 0.000129656
29.9339 0.000128514
29.9777 0.000127382
30.0215 0.000126261
30.0653 0.000125149
30.1091 0.000124048
30.1529 0.000122956
30.1967 0.000121875
30.2405 0.000120803
30.2843 0.000119741
30.3281 0.000118688
30.3719 0.000117644
30.4157 0.00011661
30.4595 0.000115586
30.5033 0.00011457
30.5471 0.000113564
30.5909 0.000112567
30.6347 0.000111578
30.6785 0.000110599
30.7223 0.000109628
30.7661 0.000108666
30.8099 0.000107712
30.8537 0.000106768
30.8975 0.000105831
30.9413 0.000104903
30.9851 0.000103983
31.0289 0.000103072
31.0727 0.000102168
31.1165 0.000101273
31.1603 0.000100386
31.2041 9.95066e-05
31.2479 9.86352e-05
31.2917 9.77715e-05
31.3355 9.69155e-05
31.3793 9.60672e-05
31.4231 9.52265e-05
31.4669 9.43933e-05
31.5107 9.35675e-05
31.5545 9.27491e-05
31.5983 9.19379e-05
31.6421 9.11341e-05
31.6859 9.03373e-05
31.7297 8.95477e-05
31.7735 8.87652e-05
31.8173 8.79896e-05
31.8611 8.72209e-05
31.9049 8.64591e-05
31.9487 8.5704e-05
31.9925 8.49557e-05
32.0363 8.4214e-05
32.0801 8.3479e-05
32.1239 8.27505e-05
32.1677 8.20284e-05
32.2115 8.13128e-05
32.2553 8.06036e-05
32.2991 7.99006e-05
32.3429 7.92039e-05
32.3867 7.85134e-05
32.4305 7.78291e-05
32.4743 7.71508e-05
32.5181 7.64785e-05
32.5619 7.58122e-05
32.6057 7.51519e-05
32.6495 7.44974e-05
32.6933 7.38487e-05
32.7371 7.32057e-05
32.7809 7.25685e-05
32.8247 7.19369e-05
32.8685 7.13109e-05
32.9123 7.06904e-05
32.9561 7.00755e-05
32.9999 6.9466e-05
33.0437 6.88619e-05
33.0875 6.82632e-05
33.1313 6.76697e-05
33.1751 6.70816e-05
33.2189 6.64986e-05
33.2627 6.59208e-05
33.3065 6.53481e-05
33.3503 6.47804e-05
33.3941 6.42178e-05
33.4379 6.36602e-05
33.4817 6.31075e-05
33.5255 6.25596e-05
33.5693 6.20167e-05
33.6131 6.14785e-05
33.6569 6.09451e-05
33.7007 6.04163e-05
33.7445 5.98923e-05
33.7883 5.93729e-05
33.8321 5.8858e-05
33.8759 5.83478e-05
33.9197 5.7842e-05
33.9635 5.73406e-05
34.0073 5.68437e-05
34.0511 5.63512e-05
34.0949 5.58631e-05
34.1387 5.53792e-05
34.1825 5.48996e-05
34.2263 5.44242e-05
34.2701 5.3953e-05
34.3139 5.3486e-05
34.3577 5.3023e-05
34.4015 5.25642e-05
34.4453 5.21094e-05
34.4891 5.16586e-05
34.5329 5.12117e-05
34.5767 5.07688e-05
34.6205 5.03298e-05
34.6643 4.98947e-05
34.7081 4.94633e-05
34.7519 4.90358e-05
34.7957 4.8612e-05
34.8395 4.8192e-05
34.8833 4.77756e-05
34.9271 4.73629e-05
34.9709 4.69539e-05
35.0147 4.65484e-05
35.0585 4.61465e-05
35.1023 4.57481e-05
35.1461 4.53532e-05
35.1899 4.49618e-05
35.2337 4.45738e-05
35.2775 4.41892e-05
35.3213 4.3808e-05
35.3651 4.34301e-05
35.4089 4.30555e-05
35.4527 4.26843e-05
35.4965 4.23163e-05
35.5403 4.19515e-05
35.5841 4.15899e-05
35.6279 4.12314e-05
35.6717 4.08761e-05
35.7155 4.0524e-05
35.7593 4.01749e-05
35.8031 3.98288e-05
35.8469 3.94858e-05
35.8907 3.91458e-05
35.9345 3.88088e-05
35.9783 3.84747e-05
36.0221 3.81435e-05
36.0659 3.78153e-05
36.1097 3.74899e-05
36.1535 3.71673e-05
36.1973 3.68476e-05
36.2411 3.65307e-05
36.2849 3.62165e-05
36.3287 3.59051e-05
36.3725 3.55964e-05
36.4163 3.52904e-05
36.4601 3.4987e-05
36.5039 3.46863e-05
36.5477 3.43883e-05
