-9.1045 0.000960489
-9.05298 0.00098738
-9.00146 0.00101501
-8.94994 0.00104341
-8.89842 0.00107259
-8.8469 0.00110257
-8.79538 0.00113338
-8.74386 0.00116504
-8.69234 0.00119758
-8.64082 0.001231
-8.5893 0.00126535
-8.53778 0.00130064
-8.48626 0.0013369
-8.43474 0.00137416
-8.38322 0.00141244
-8.3317 0.00145177
-8.28018 0.00149217
-8.22866 0.00153369
-8.17714 0.00157634
-8.12562 0.00162015
-8.0741 0.00166517
-8.02258 0.00171141
-7.97106 0.00175892
-7.91954 0.00180772
-7.86802 0.00185786
-7.8165 0.00190936
-7.76498 0.00196226
-7.71346 0.00201661
-7.66194 0.00207243
-7.61042 0.00212977
-7.5589 0.00218866
-7.50738 0.00224916
-7.45586 0.00231129
-7.40434 0.00237511
-7.35282 0.00244065
-7.3013 0.00250797
-7.24978 0.00257711
-7.19826 0.00264811
-7.14674 0.00272104
-7.09521 0.00279592
-7.04369 0.00287283
-6.99217 0.0029518
-6.94065 0.0030329
-6.88913 0.00311618
-6.83761 0.00320169
-6.78609 0.0032895
-6.73457 0.00337966
-6.68305 0.00347223
-6.63153 0.00356728
-6.58001 0.00366487
-6.52849 0.00376506
-6.47697 0.00386792
-6.42545 0.00397353
-6.37393 0.00408194
-6.32241 0.00419324
-6.27089 0.00430749
-6.21937 0.00442476
-6.16785 0.00454515
-6.11633 0.00466872
-6.06481 0.00479556
-6.01329 0.00492574
-5.96177 0.00505936
-5.91025 0.0051965
-5.85873 0.00533724
-5.80721 0.00548167
-5.75569 0.0056299
-5.70417 0.00578201
-5.65265 0.00593809
-5.60113 0.00609826
-5.54961 0.0062626
-5.49809 0.00643122
-5.44657 0.00660422
-5.39505 0.00678172
-5.34353 0.00696382
-5.29201 0.00715063
-5.24049 0.00734227
-5.18897 0.00753886
-5.13745 0.0077405
-5.08593 0.00794733
-5.03441 0.00815947
-4.98289 0.00837704
-4.93137 0.00860018
-4.87985 0.00882901
-4.82833 0.00906366
-4.77681 0.00930429
-4.72529 0.00955101
-4.67377 0.00980398
-4.62225 0.0100633
-4.57073 0.0103292
-4.51921 0.0106018
-4.46768 0.0108812
-4.41616 0.0111677
-4.36464 0.0114612
-4.31312 0.0117621
-4.2616 0.0120704
-4.21008 0.0123864
-4.15856 0.0127102
-4.10704 0.013042
-4.05552 0.0133819
-4.004 0.0137301
-3.95248 0.0140868
-3.90096 0.0144522
-3.84944 0.0148265
-3.79792 0.0152098
-3.7464 0.0156024
-3.69488 0.0160044
-3.64336 0.0164159
-3.59184 0.0168373
-3.54032 0.0172687
-3.4888 0.0177103
-3.43728 0.0181622
-3.38576 0.0186248
-3.33424 0.0190981
-3.28272 0.0195824
-3.2312 0.0200778
-3.17968 0.0205847
-3.12816 0.0211031
-3.07664 0.0216333
-3.02512 0.0221754
-2.9736 0.0227298
-2.92208 0.0232964
-2.87056 0.0238757
-2.81904 0.0244676
-2.76752 0.0250725
-2.716 0.0256905
-2.66448 0.0263218
-2.61296 0.0269666
-2.56144 0.0276249
-2.50992 0.0282971
-2.4584 0.0289831
-2.40688 0.0296833
-2.35536 0.0303976
-2.30384 0.0311263
-2.25232 0.0318694
-2.2008 0.0326271
-2.14928 0.0333993
-2.09776 0.0341862
-2.04624 0.0349879
-1.99472 0.0358042
-1.9432 0.0366354
-1.89168 0.0374812
-1.84015 0.0383417
-1.78863 0.0392167
-1.73711 0.0401062
-1.68559 0.04101
-1.63407 0.041928
-1.58255 0.0428598
-1.53103 0.0438052
-1.47951 0.0447638
-1.42799 0.0457353
-1.37647 0.0467191
-1.32495 0.0477149
-1.27343 0.0487219
-1.22191 0.0497394
-1.17039 0.0507667
-1.11887 0.051803
-1.06735 0.0528472
-1.01583 0.0538982
-0.964311 0.0549549
-0.912791 0.0560159
-0.861271 0.0570798
-0.809751 0.0581448
-0.758231 0.0592093
-0.706711 0.0602712
-0.65519 0.0613286
-0.60367 0.0623792
-0.55215 0.0634206
-0.50063 0.0644501
-0.44911 0.0654653
-0.397589 0.0664633
-0.346069 0.0674412
-0.294549 0.0683962
-0.243029 0.0693256
-0.191509 0.0702264
-0.139988 0.0710962
-0.0884681 0.0719325
-0.0369479 0.0727333
0.0145722 0.0734967
0.0660924 0.0742213
0.117613 0.074906
0.169133 0.0755503
0.220653 0.0761538
0.272173 0.0767167
0.323693 0.0772393
0.375214 0.0777224
0.426734 0.078167
0.478254 0.078574
0.529774 0.0789448
0.581294 0.0792807
0.632815 0.079583
0.684335 0.0798533
0.735855 0.0800929
0.787375 0.0803032
0.838895 0.0804856
0.890416 0.0806414
0.941936 0.0807719
0.993456 0.0808785
1.04498 0.0809621
1.0965 0.081024
1.14802 0.0810652
1.19954 0.0810867
1.25106 0.0810896
1.30258 0.0810746
1.3541 0.0810427
1.40562 0.0809947
1.45714 0.0809314
1.50866 0.0808534
1.56018 0.0807616
1.6117 0.0806564
1.66322 0.0805386
1.71474 0.0804088
1.76626 0.0802675
1.81778 0.0801152
1.8693 0.0799525
1.92082 0.0797798
1.97234 0.0795975
2.02386 0.0794062
2.07538 0.0792063
2.1269 0.078998
2.17842 0.0787819
2.22994 0.0785582
2.28146 0.0783273
2.33298 0.0780896
2.3845 0.0778453
2.43602 0.0775948
2.48754 0.0773383
2.53906 0.0770762
2.59058 0.0768086
2.6421 0.0765358
2.69362 0.0762582
2.74514 0.0759758
2.79666 0.0756889
2.84818 0.0753978
2.8997 0.0751027
2.95122 0.0748037
3.00274 0.0745011
3.05426 0.074195
3.10578 0.0738855
3.1573 0.073573
3.20882 0.0732575
3.26034 0.0729392
3.31186 0.0726182
3.36339 0.0722947
3.41491 0.0719689
3.46643 0.0716408
3.51795 0.0713107
3.56947 0.0709785
3.62099 0.0706446
3.67251 0.0703088
3.72403 0.0699715
3.77555 0.0696327
3.82707 0.0692924
3.87859 0.0689509
3.93011 0.0686081
3.98163 0.0682643
4.03315 0.0679194
4.08467 0.0675737
4.13619 0.067227
4.18771 0.0668797
4.23923 0.0665317
4.29075 0.066183
4.34227 0.0658339
4.39379 0.0654843
4.44531 0.0651343
4.49683 0.0647841
4.54835 0.0644336
4.59987 0.0640829
4.65139 0.0637321
4.70291 0.0633813
4.75443 0.0630304
4.80595 0.0626797
4.85747 0.062329
4.90899 0.0619785
4.96051 0.0616282
5.01203 0.0612782
5.06355 0.0609285
5.11507 0.0605792
5.16659 0.0602302
5.21811 0.0598817
5.26963 0.0595337
5.32115 0.0591863
5.37267 0.0588394
5.42419 0.0584931
5.47571 0.0581474
5.52723 0.0578024
5.57875 0.0574581
5.63027 0.0571146
5.68179 0.0567718
5.73331 0.0564298
5.78483 0.0560887
5.83635 0.0557484
5.88787 0.0554091
5.93939 0.0550706
5.99092 0.0547331
6.04244 0.0543965
6.09396 0.0540609
6.14548 0.0537264
6.197 0.0533928
6.24852 0.0530603
6.30004 0.0527289
6.35156 0.0523986
6.40308 0.0520694
6.4546 0.0517414
6.50612 0.0514144
6.55764 0.0510887
6.60916 0.0507641
6.66068 0.0504407
6.7122 0.0501186
6.76372 0.0497976
6.81524 0.0494779
6.86676 0.0491595
6.91828 0.0488423
6.9698 0.0485264
7.02132 0.0482118
7.07284 0.0478985
7.12436 0.0475865
7.17588 0.0472758
7.2274 0.0469665
7.27892 0.0466585
7.33044 0.0463518
7.38196 0.0460465
7.43348 0.0457426
7.485 0.04544
7.53652 0.0451388
7.58804 0.044839
7.63956 0.0445406
7.69108 0.0442436
7.7426 0.0439479
7.79412 0.0436537
7.84564 0.0433609
7.89716 0.0430696
7.94868 0.0427796
8.0002 0.0424911
8.05172 0.0422039
8.10324 0.0419183
8.15476 0.041634
8.20628 0.0413512
8.2578 0.0410698
8.30932 0.0407899
8.36084 0.0405114
8.41236 0.0402344
8.46388 0.0399588
8.5154 0.0396846
8.56692 0.0394119
8.61845 0.0391406
8.66997 0.0388708
8.72149 0.0386025
8.77301 0.0383356
8.82453 0.0380701
8.87605 0.0378061
8.92757 0.0375435
8.97909 0.0372824
9.03061 0.0370227
9.08213 0.0367645
9.13365 0.0365077
9.18517 0.0362523
9.23669 0.0359984
9.28821 0.0357459
9.33973 0.0354949
9.39125 0.0352453
9.44277 0.0349971
9.49429 0.0347504
9.54581 0.0345051
9.59733 0.0342612
9.64885 0.0340187
9.70037 0.0337776
9.75189 0.033538
9.80341 0.0332998
9.85493 0.033063
9.90645 0.0328275
9.95797 0.0325935
10.0095 0.0323609
10.061 0.0321297
10.1125 0.0318999
10.1641 0.0316715
10.2156 0.0314444
10.2671 0.0312187
10.3186 0.0309944
10.3701 0.0307715
10.4217 0.0305499
10.4732 0.0303297
10.5247 0.0301109
10.5762 0.0298934
10.6277 0.0296773
10.6793 0.0294625
10.7308 0.029249
10.7823 0.0290369
10.8338 0.0288261
10.8853 0.0286167
10.9369 0.0284085
10.9884 0.0282017
11.0399 0.0279962
11.0914 0.027792
11.1429 0.027589
11.1945 0.0273874
11.246 0.0271871
11.2975 0.0269881
11.349 0.0267903
11.4005 0.0265938
11.4521 0.0263986
11.5036 0.0262046
11.5551 0.0260119
11.6066 0.0258205
11.6581 0.0256303
11.7097 0.0254413
11.7612 0.0252536
11.8127 0.0250671
11.8642 0.0248819
11.9157 0.0246978
11.9673 0.024515
12.0188 0.0243334
12.0703 0.0241529
12.1218 0.0239737
12.1733 0.0237957
12.2249 0.0236188
12.2764 0.0234432
12.3279 0.0232687
12.3794 0.0230953
12.4309 0.0229232
12.4825 0.0227522
12.534 0.0225823
12.5855 0.0224136
12.637 0.022246
12.6885 0.0220796
12.7401 0.0219143
12.7916 0.0217501
12.8431 0.021587
12.8946 0.021425
12.9461 0.0212642
12.9977 0.0211044
13.0492 0.0209457
13.1007 0.0207882
13.1522 0.0206316
13.2037 0.0204762
13.2553 0.0203219
13.3068 0.0201686
13.3583 0.0200163
13.4098 0.0198651
13.4613 0.019715
13.5129 0.0195659
13.5644 0.0194178
13.6159 0.0192708
13.6674 0.0191248
13.7189 0.0189798
13.7705 0.0188358
13.822 0.0186928
13.8735 0.0185509
13.925 0.0184099
13.9765 0.0182699
14.0281 0.0181309
14.0796 0.0179928
14.1311 0.0178558
14.1826 0.0177197
14.2341 0.0175846
14.2857 0.0174504
14.3372 0.0173171
14.3887 0.0171849
14.4402 0.0170535
14.4917 0.0169231
14.5433 0.0167936
14.5948 0.016665
14.6463 0.0165374
14.6978 0.0164106
14.7493 0.0162848
14.8009 0.0161598
14.8524 0.0160358
14.9039 0.0159126
14.9554 0.0157903
15.0069 0.0156689
15.0585 0.0155484
15.11 0.0154288
15.1615 0.01531
15.213 0.015192
15.2646 0.0150749
15.3161 0.0149587
15.3676 0.0148433
15.4191 0.0147287
15.4706 0.0146149
15.5222 0.014502
15.5737 0.0143899
15.6252 0.0142786
15.6767 0.0141682
15.7282 0.0140585
15.7798 0.0139496
15.8313 0.0138415
15.8828 0.0137342
15.9343 0.0136277
15.9858 0.013522
16.0374 0.013417
16.0889 0.0133128
16.1404 0.0132094
16.1919 0.0131067
16.2434 0.0130048
16.295 0.0129037
16.3465 0.0128032
16.398 0.0127035
16.4495 0.0126046
16.501 0.0125064
16.5526 0.0124089
16.6041 0.0123121
16.6556 0.012216
16.7071 0.0121207
16.7586 0.012026
16.8102 0.0119321
16.8617 0.0118388
16.9132 0.0117463
16.9647 0.0116544
17.0162 0.0115632
17.0678 0.0114727
17.1193 0.0113828
17.1708 0.0112937
17.2223 0.0112052
17.2738 0.0111173
17.3254 0.0110301
17.3769 0.0109436
17.4284 0.0108577
17.4799 0.0107724
17.5314 0.0106878
17.583 0.0106038
17.6345 0.0105205
17.686 0.0104377
17.7375 0.0103556
17.789 0.0102741
17.8406 0.0101933
17.8921 0.010113
17.9436 0.0100333
17.9951 0.00995425
18.0466 0.00987577
18.0982 0.00979789
18.1497 0.00972059
18.2012 0.00964388
18.2527 0.00956774
18.3042 0.00949218
18.3558 0.00941719
18.4073 0.00934277
18.4588 0.00926891
18.5103 0.00919561
18.5618 0.00912287
18.6134 0.00905068
18.6649 0.00897903
18.7164 0.00890793
18.7679 0.00883737
18.8194 0.00876734
18.871 0.00869785
18.9225 0.00862888
18.974 0.00856044
19.0255 0.00849252
19.077 0.00842512
19.1286 0.00835824
19.1801 0.00829186
19.2316 0.00822599
19.2831 0.00816062
19.3346 0.00809575
19.3862 0.00803138
19.4377 0.0079675
19.4892 0.00790411
19.5407 0.0078412
19.5922 0.00777878
19.6438 0.00771683
19.6953 0.00765536
19.7468 0.00759436
19.7983 0.00753383
19.8498 0.00747376
19.9014 0.00741416
19.9529 0.00735501
20.0044 0.00729632
20.0559 0.00723808
20.1074 0.00718029
20.159 0.00712294
20.2105 0.00706604
20.262 0.00700957
20.3135 0.00695354
20.365 0.00689794
20.4166 0.00684277
20.4681 0.00678803
20.5196 0.00673371
20.5711 0.00667981
20.6227 0.00662633
20.6742 0.00657326
20.7257 0.0065206
20.7772 0.00646835
20.8287 0.0064165
20.8803 0.00636506
20.9318 0.00631402
20.9833 0.00626337
21.0348 0.00621311
21.0863 0.00616325
21.1379 0.00611377
21.1894 0.00606468
21.2409 0.00601596
21.2924 0.00596763
21.3439 0.00591968
21.3955 0.00587209
21.447 0.00582488
21.4985 0.00577804
21.55 0.00573156
21.6015 0.00568544
21.6531 0.00563968
21.7046 0.00559428
21.7561 0.00554924
21.8076 0.00550454
21.8591 0.0054602
21.9107 0.0054162
21.9622 0.00537255
22.0137 0.00532923
22.0652 0.00528626
22.1167 0.00524362
22.1683 0.00520132
22.2198 0.00515935
22.2713 0.00511771
22.3228 0.00507639
22.3743 0.0050354
22.4259 0.00499473
22.4774 0.00495438
22.5289 0.00491434
22.5804 0.00487462
22.6319 0.00483522
22.6835 0.00479612
22.735 0.00475733
22.7865 0.00471884
22.838 0.00468066
22.8895 0.00464278
22.9411 0.0046052
22.9926 0.00456791
23.0441 0.00453092
23.0956 0.00449421
23.1471 0.0044578
23.1987 0.00442168
23.2502 0.00438584
23.3017 0.00435028
23.3532 0.004315
23.4047 0.00428
23.4563 0.00424528
23.5078 0.00421084
23.5593 0.00417666
23.6108 0.00414276
23.6623 0.00410912
23.7139 0.00407575
23.7654 0.00404265
23.8169 0.0040098
23.8684 0.00397722
23.9199 0.0039449
23.9715 0.00391283
24.023 0.00388101
24.0745 0.00384945
24.126 0.00381814
24.1775 0.00378708
24.2291 0.00375626
24.2806 0.00372569
24.3321 0.00369536
24.3836 0.00366528
24.4351 0.00363543
24.4867 0.00360582
24.5382 0.00357644
24.5897 0.0035473
24.6412 0.00351839
24.6927 0.00348971
24.7443 0.00346126
24.7958 0.00343303
24.8473 0.00340503
24.8988 0.00337726
24.9503 0.0033497
25.0019 0.00332237
25.0534 0.00329525
25.1049 0.00326835
25.1564 0.00324166
25.2079 0.00321519
25.2595 0.00318893
25.311 0.00316288
25.3625 0.00313703
25.414 0.0031114
25.4655 0.00308596
25.5171 0.00306074
25.5686 0.00303571
25.6201 0.00301088
25.6716 0.00298625
25.7232 0.00296182
25.7747 0.00293759
25.8262 0.00291355
25.8777 0.0028897
25.9292 0.00286604
25.9808 0.00284258
26.0323 0.0028193
26.0838 0.0027962
26.1353 0.0027733
26.1868 0.00275057
26.2384 0.00272803
26.2899 0.00270567
26.3414 0.00268349
26.3929 0.00266149
26.4444 0.00263966
26.496 0.00261801
26.5475 0.00259654
26.599 0.00257523
26.6505 0.0025541
26.702 0.00253314
26.7536 0.00251234
26.8051 0.00249172
26.8566 0.00247126
26.9081 0.00245096
26.9596 0.00243083
27.0112 0.00241086
27.0627 0.00239105
27.1142 0.0023714
27.1657 0.00235191
27.2172 0.00233258
27.2688 0.0023134
27.3203 0.00229438
27.3718 0.00227551
27.4233 0.00225679
27.4748 0.00223823
27.5264 0.00221981
27.5779 0.00220154
27.6294 0.00218342
27.6809 0.00216545
27.7324 0.00214762
27.784 0.00212994
27.8355 0.0021124
27.887 0.002095
27.9385 0.00207774
27.99 0.00206062
28.0416 0.00204364
28.0931 0.0020268
28.1446 0.00201009
28.1961 0.00199352
28.2476 0.00197708
28.2992 0.00196078
28.3507 0.00194461
28.4022 0.00192857
28.4537 0.00191266
28.5052 0.00189688
28.5568 0.00188122
28.6083 0.0018657
28.6598 0.0018503
28.7113 0.00183502
28.7628 0.00181987
28.8144 0.00180484
28.8659 0.00178994
28.9174 0.00177515
28.9689 0.00176048
29.0204 0.00174594
29.072 0.00173151
29.1235 0.0017172
29.175 0.00170301
29.2265 0.00168893
29.278 0.00167496
29.3296 0.00166111
29.3811 0.00164737
29.4326 0.00163375
29.4841 0.00162023
29.5356 0.00160683
29.5872 0.00159353
29.6387 0.00158034
29.6902 0.00156726
29.7417 0.00155429
29.7932 0.00154142
29.8448 0.00152866
29.8963 0.001516
29.9478 0.00150344
29.9993 0.00149099
30.0508 0.00147863
30.1024 0.00146638
30.1539 0.00145423
30.2054 0.00144218
30.2569 0.00143023
30.3084 0.00141837
30.36 0.00140661
30.4115 0.00139495
30.463 0.00138338
30.5145 0.0013719
30.566 0.00136052
30.6176 0.00134924
30.6691 0.00133804
30.7206 0.00132694
30.7721 0.00131593
30.8236 0.001305
30.8752 0.00129417
30.9267 0.00128343
30.9782 0.00127277
31.0297 0.0012622
31.0813 0.00125172
31.1328 0.00124132
31.1843 0.00123101
31.2358 0.00122078
31.2873 0.00121064
31.3389 0.00120058
31.3904 0.0011906
31.4419 0.0011807
31.4934 0.00117089
31.5449 0.00116115
31.5965 0.0011515
31.648 0.00114192
31.6995 0.00113243
31.751 0.00112301
31.8025 0.00111367
31.8541 0.0011044
31.9056 0.00109521
31.9571 0.0010861
32.0086 0.00107706
32.0601 0.00106809
32.1117 0.0010592
32.1632 0.00105038
32.2147 0.00104164
32.2662 0.00103296
32.3177 0.00102436
32.3693 0.00101583
32.4208 0.00100737
32.4723 0.000998975
32.5238 0.000990651
32.5753 0.000982397
32.6269 0.00097421
32.6784 0.00096609
32.7299 0.000958037
32.7814 0.000950051
32.8329 0.00094213
32.8845 0.000934274
32.936 0.000926483
32.9875 0.000918757
33.039 0.000911093
33.0905 0.000903493
33.1421 0.000895956
33.1936 0.000888481
33.2451 0.000881067
33.2966 0.000873714
33.3481 0.000866422
33.3997 0.00085919
33.4512 0.000852018
33.5027 0.000844904
33.5542 0.00083785
33.6057 0.000830854
33.6573 0.000823915
33.7088 0.000817033
33.7603 0.000810209
33.8118 0.00080344
33.8633 0.000796728
33.9149 0.000790071
33.9664 0.000783469
34.0179 0.000776921
34.0694 0.000770428
34.1209 0.000763988
34.1725 0.000757601
34.224 0.000751267
34.2755 0.000744986
34.327 0.000738756
34.3785 0.000732578
34.4301 0.000726451
34.4816 0.000720374
34.5331 0.000714348
34.5846 0.000708372
34.6361 0.000702445
34.6877 0.000696567
34.7392 0.000690737
34.7907 0.000684956
34.8422 0.000679223
34.8937 0.000673537
34.9453 0.000667898
34.9968 0.000662306
35.0483 0.000656761
35.0998 0.000651261
35.1513 0.000645806
35.2029 0.000640397
35.2544 0.000635033
35.3059 0.000629713
35.3574 0.000624437
35.4089 0.000619205
35.4605 0.000614016
35.512 0.000608871
35.5635 0.000603767
35.615 0.000598707
35.6665 0.000593688
35.7181 0.000588711
35.7696 0.000583775
35.8211 0.00057888
35.8726 0.000574025
35.9241 0.000569211
35.9757 0.000564437
36.0272 0.000559703
36.0787 0.000555007
36.1302 0.000550351
36.1818 0.000545733
36.2333 0.000541154
36.2848 0.000536613
36.3363 0.000532109
36.3878 0.000527643
36.4394 0.000523214
36.4909 0.000518822
36.5424 0.000514466
36.5939 0.000510147
36.6454 0.000505863
36.697 0.000501615
36.7485 0.000497402
36.8 0.000493224
36.8515 0.000489081
36.903 0.000484973
36.9546 0.000480899
37.0061 0.000476858
37.0576 0.000472851
37.1091 0.000468878
37.1606 0.000464937
37.2122 0.000461029
37.2637 0.000457154
37.3152 0.000453311
37.3667 0.0004495
37.4182 0.000445721
37.4698 0.000441973
37.5213 0.000438257
37.5728 0.000434571
37.6243 0.000430916
37.6758 0.000427292
37.7274 0.000423698
37.7789 0.000420133
37.8304 0.000416599
37.8819 0.000413094
37.9334 0.000409618
37.985 0.000406171
38.0365 0.000402752
38.088 0.000399363
38.1395 0.000396001
38.191 0.000392668
38.2426 0.000389362
38.2941 0.000386084
38.3456 0.000382833
38.3971 0.000379609
38.4486 0.000376413
38.5002 0.000373243
38.5517 0.000370099
38.6032 0.000366982
38.6547 0.00036389
38.7062 0.000360825
38.7578 0.000357785
38.8093 0.00035477
38.8608 0.000351781
38.9123 0.000348816
38.9638 0.000345876
39.0154 0.000342961
39.0669 0.00034007
39.1184 0.000337204
39.1699 0.000334361
39.2214 0.000331542
39.273 0.000328747
39.3245 0.000325975
39.376 0.000323226
39.4275 0.0003205
39.479 0.000317797
39.5306 0.000315116
39.5821 0.000312458
39.6336 0.000309822
39.6851 0.000307208
39.7366 0.000304616
39.7882 0.000302046
39.8397 0.000299497
39.8912 0.00029697
39.9427 0.000294464
39.9942 0.000291978
40.0458 0.000289514
40.0973 0.00028707
40.1488 0.000284646
40.2003 0.000282243
40.2518 0.00027986
40.3034 0.000277497
40.3549 0.000275154
40.4064 0.00027283
40.4579 0.000270526
40.5094 0.000268241
40.561 0.000265975
40.6125 0.000263728
40.664 0.0002615
40.7155 0.000259291
40.767 0.0002571
40.8186 0.000254927
40.8701 0.000252773
40.9216 0.000250637
40.9731 0.000248519
41.0246 0.000246418
41.0762 0.000244335
41.1277 0.00024227
41.1792 0.000240222
41.2307 0.000238191
41.2822 0.000236177
41.3338 0.00023418
41.3853 0.000232199
41.4368 0.000230236
41.4883 0.000228288
41.5399 0.000226358
41.5914 0.000224443
41.6429 0.000222544
41.6944 0.000220662
41.7459 0.000218795
41.7975 0.000216944
41.849 0.000215108
41.9005 0.000213288
41.952 0.000211483
42.0035 0.000209693
42.0551 0.000207918
42.1066 0.000206158
42.1581 0.000204413
42.2096 0.000202683
42.2611 0.000200967
42.3127 0.000199266
42.3642 0.000197578
