-5.35229 0.000120406
-5.34289 0.000122604
-5.33349 0.000124841
-5.32409 0.000127119
-5.31469 0.000129438
-5.30529 0.000131799
-5.29589 0.000134203
-5.28649 0.00013665
-5.27709 0.000139142
-5.26769 0.000141678
-5.25829 0.00014426
-5.24889 0.000146889
-5.23949 0.000149566
-5.23009 0.00015229
-5.22069 0.000155064
-5.21129 0.000157888
-5.20189 0.000160763
-5.19249 0.00016369
-5.18309 0.000166669
-5.17369 0.000169702
-5.16429 0.00017279
-5.15489 0.000175934
-5.14549 0.000179134
-5.13609 0.000182392
-5.12669 0.000185708
-5.11729 0.000189084
-5.10789 0.000192521
-5.09849 0.00019602
-5.08909 0.000199582
-5.07969 0.000203208
-5.07029 0.000206899
-5.06089 0.000210656
-5.05149 0.000214482
-5.04209 0.000218375
-5.03269 0.000222339
-5.02329 0.000226374
-5.01389 0.000230481
-5.00449 0.000234663
-4.99509 0.000238919
-4.98569 0.000243252
-4.97629 0.000247662
-4.96689 0.000252152
-4.95749 0.000256722
-4.94809 0.000261374
-4.93869 0.000266109
-4.92929 0.000270929
-4.91989 0.000275836
-4.91049 0.000280831
-4.90109 0.000285915
-4.89169 0.00029109
-4.88229 0.000296357
-4.87289 0.000301719
-4.86349 0.000307177
-4.85409 0.000312733
-4.84469 0.000318388
-4.83529 0.000324143
-4.82589 0.000330002
-4.81649 0.000335966
-4.80709 0.000342036
-4.79769 0.000348214
-4.78829 0.000354503
-4.77889 0.000360904
-4.76949 0.00036742
-4.76009 0.000374051
-4.75069 0.000380801
-4.74129 0.000387671
-4.73189 0.000394664
-4.72249 0.000401781
-4.71309 0.000409025
-4.70369 0.000416398
-4.69429 0.000423903
-4.68489 0.000431541
-4.67549 0.000439315
-4.66609 0.000447227
-4.65669 0.00045528
-4.64729 0.000463476
-4.63789 0.000471818
-4.62849 0.000480308
-4.61909 0.000488949
-4.60969 0.000497744
-4.60029 0.000506694
-4.59089 0.000515804
-4.58149 0.000525075
-4.57209 0.00053451
-4.56269 0.000544113
-4.55329 0.000553887
-4.54389 0.000563833
-4.53449 0.000573956
-4.52509 0.000584258
-4.51569 0.000594742
-4.50629 0.000605412
-4.49689 0.000616271
-4.48749 0.000627322
-4.47809 0.000638568
-4.46869 0.000650013
-4.45929 0.000661661
-4.44989 0.000673514
-4.44049 0.000685577
-4.43109 0.000697853
-4.42169 0.000710345
-4.41229 0.000723058
-4.40289 0.000735995
-4.39349 0.00074916
-4.38409 0.000762557
-4.37469 0.00077619
-4.36529 0.000790064
-4.35589 0.000804182
-4.34649 0.000818548
-4.33709 0.000833167
-4.32769 0.000848043
-4.31829 0.000863181
-4.30889 0.000878585
-4.29949 0.00089426
-4.29009 0.00091021
-4.28069 0.000926441
-4.27129 0.000942956
-4.26189 0.000959761
-4.25249 0.00097686
-4.24309 0.00099426
-4.23369 0.00101196
-4.22429 0.00102998
-4.21489 0.00104831
-4.20549 0.00106696
-4.19609 0.00108594
-4.18669 0.00110525
-4.17729 0.0011249
-4.16789 0.00114489
-4.15849 0.00116523
-4.14909 0.00118592
-4.13969 0.00120698
-4.13029 0.0012284
-4.12089 0.0012502
-4.11149 0.00127238
-4.10208 0.00129495
-4.09268 0.00131791
-4.08328 0.00134126
-4.07388 0.00136503
-4.06448 0.00138921
-4.05508 0.00141381
-4.04568 0.00143884
-4.03628 0.0014643
-4.02688 0.0014902
-4.01748 0.00151656
-4.00808 0.00154337
-3.99868 0.00157065
-3.98928 0.0015984
-3.97988 0.00162663
-3.97048 0.00165535
-3.96108 0.00168457
-3.95168 0.0017143
-3.94228 0.00174454
-3.93288 0.0017753
-3.92348 0.00180659
-3.91408 0.00183843
-3.90468 0.00187081
-3.89528 0.00190376
-3.88588 0.00193727
-3.87648 0.00197136
-3.86708 0.00200604
-3.85768 0.00204132
-3.84828 0.0020772
-3.83888 0.00211371
-3.82948 0.00215084
-3.82008 0.00218861
-3.81068 0.00222703
-3.80128 0.00226611
-3.79188 0.00230586
-3.78248 0.00234629
-3.77308 0.00238742
-3.76368 0.00242925
-3.75428 0.0024718
-3.74488 0.00251508
-3.73548 0.0025591
-3.72608 0.00260387
-3.71668 0.00264941
-3.70728 0.00269573
-3.69788 0.00274284
-3.68848 0.00279075
-3.67908 0.00283948
-3.66968 0.00288904
-3.66028 0.00293945
-3.65088 0.00299072
-3.64148 0.00304286
-3.63208 0.00309588
-3.62268 0.00314981
-3.61328 0.00320466
-3.60388 0.00326044
-3.59448 0.00331716
-3.58508 0.00337485
-3.57568 0.00343352
-3.56628 0.00349318
-3.55688 0.00355385
-3.54748 0.00361555
-3.53808 0.0036783
-3.52868 0.0037421
-3.51928 0.00380699
-3.50988 0.00387297
-3.50048 0.00394006
-3.49108 0.00400828
-3.48168 0.00407766
-3.47228 0.0041482
-3.46288 0.00421994
-3.45348 0.00429287
-3.44408 0.00436704
-3.43468 0.00444245
-3.42528 0.00451913
-3.41588 0.00459709
-3.40648 0.00467637
-3.39708 0.00475697
-3.38768 0.00483892
-3.37828 0.00492224
-3.36888 0.00500696
-3.35948 0.00509309
-3.35008 0.00518066
-3.34068 0.00526969
-3.33128 0.00536021
-3.32188 0.00545223
-3.31248 0.00554579
-3.30308 0.0056409
-3.29368 0.0057376
-3.28428 0.0058359
-3.27488 0.00593584
-3.26548 0.00603743
-3.25608 0.0061407
-3.24668 0.00624569
-3.23728 0.00635242
-3.22788 0.00646091
-3.21848 0.00657119
-3.20908 0.0066833
-3.19968 0.00679725
-3.19028 0.00691308
-3.18088 0.00703083
-3.17148 0.0071505
-3.16208 0.00727215
-3.15268 0.0073958
-3.14328 0.00752147
-3.13388 0.00764921
-3.12448 0.00777904
-3.11508 0.007911
-3.10568 0.00804512
-3.09628 0.00818143
-3.08688 0.00831996
-3.07748 0.00846076
-3.06808 0.00860385
-3.05868 0.00874927
-3.04928 0.00889706
-3.03988 0.00904725
-3.03048 0.00919988
-3.02108 0.00935499
-3.01168 0.00951261
-3.00228 0.00967279
-2.99288 0.00983556
-2.98348 0.010001
-2.97408 0.010169
-2.96468 0.0103398
-2.95528 0.0105133
-2.94588 0.0106897
-2.93648 0.0108688
-2.92708 0.0110509
-2.91768 0.0112358
-2.90828 0.0114238
-2.89888 0.0116147
-2.88948 0.0118087
-2.88008 0.0120058
-2.87068 0.012206
-2.86128 0.0124095
-2.85187 0.0126161
-2.84247 0.0128261
-2.83307 0.0130394
-2.82367 0.0132561
-2.81427 0.0134762
-2.80487 0.0136998
-2.79547 0.013927
-2.78607 0.0141577
-2.77667 0.0143921
-2.76727 0.0146302
-2.75787 0.014872
-2.74847 0.0151176
-2.73907 0.0153671
-2.72967 0.0156205
-2.72027 0.0158779
-2.71087 0.0161393
-2.70147 0.0164047
-2.69207 0.0166744
-2.68267 0.0169482
-2.67327 0.0172263
-2.66387 0.0175087
-2.65447 0.0177955
-2.64507 0.0180867
-2.63567 0.0183824
-2.62627 0.0186827
-2.61687 0.0189877
-2.60747 0.0192973
-2.59807 0.0196118
-2.58867 0.019931
-2.57927 0.0202552
-2.56987 0.0205843
-2.56047 0.0209184
-2.55107 0.0212577
-2.54167 0.0216021
-2.53227 0.0219518
-2.52287 0.0223068
-2.51347 0.0226671
-2.50407 0.023033
-2.49467 0.0234044
-2.48527 0.0237814
-2.47587 0.024164
-2.46647 0.0245525
-2.45707 0.0249467
-2.44767 0.0253469
-2.43827 0.0257531
-2.42887 0.0261654
-2.41947 0.0265838
-2.41007 0.0270085
-2.40067 0.0274394
-2.39127 0.0278768
-2.38187 0.0283207
-2.37247 0.0287711
-2.36307 0.0292281
-2.35367 0.0296919
-2.34427 0.0301626
-2.33487 0.0306401
-2.32547 0.0311246
-2.31607 0.0316162
-2.30667 0.032115
-2.29727 0.0326211
-2.28787 0.0331345
-2.27847 0.0336553
-2.26907 0.0341837
-2.25967 0.0347197
-2.25027 0.0352634
-2.24087 0.035815
-2.23147 0.0363745
-2.22207 0.0369419
-2.21267 0.0375175
-2.20327 0.0381013
-2.19387 0.0386934
-2.18447 0.0392938
-2.17507 0.0399028
-2.16567 0.0405203
-2.15627 0.0411466
-2.14687 0.0417816
-2.13747 0.0424256
-2.12807 0.0430785
-2.11867 0.0437405
-2.10927 0.0444118
-2.09987 0.0450923
-2.09047 0.0457822
-2.08107 0.0464817
-2.07167 0.0471908
-2.06227 0.0479096
-2.05287 0.0486382
-2.04347 0.0493768
-2.03407 0.0501254
-2.02467 0.0508841
-2.01527 0.0516531
-2.00587 0.0524325
-1.99647 0.0532223
-1.98707 0.0540227
-1.97767 0.0548338
-1.96827 0.0556557
-1.95887 0.0564885
-1.94947 0.0573323
-1.94007 0.0581872
-1.93067 0.0590534
-1.92127 0.0599308
-1.91187 0.0608198
-1.90247 0.0617202
-1.89307 0.0626324
-1.88367 0.0635563
-1.87427 0.0644921
-1.86487 0.0654398
-1.85547 0.0663997
-1.84607 0.0673717
-1.83667 0.0683561
-1.82727 0.0693529
-1.81787 0.0703622
-1.80847 0.0713841
-1.79907 0.0724188
-1.78967 0.0734663
-1.78027 0.0745267
-1.77087 0.0756002
-1.76147 0.0766868
-1.75207 0.0777867
-1.74267 0.0788999
-1.73327 0.0800266
-1.72387 0.0811668
-1.71447 0.0823206
-1.70507 0.0834882
-1.69567 0.0846697
-1.68627 0.085865
-1.67687 0.0870744
-1.66747 0.0882979
-1.65807 0.0895356
-1.64867 0.0907876
-1.63927 0.092054
-1.62987 0.0933348
-1.62047 0.0946302
-1.61107 0.0959402
-1.60167 0.097265
-1.59226 0.0986045
-1.58286 0.0999588
-1.57346 0.101328
-1.56406 0.102712
-1.55466 0.104112
-1.54526 0.105526
-1.53586 0.106956
-1.52646 0.108401
-1.51706 0.109861
-1.50766 0.111337
-1.49826 0.112828
-1.48886 0.114334
-1.47946 0.115856
-1.47006 0.117394
-1.46066 0.118947
-1.45126 0.120516
-1.44186 0.1221
-1.43246 0.1237
-1.42306 0.125316
-1.41366 0.126948
-1.40426 0.128595
-1.39486 0.130258
-1.38546 0.131937
-1.37606 0.133631
-1.36666 0.135342
-1.35726 0.137068
-1.34786 0.138809
-1.33846 0.140567
-1.32906 0.14234
-1.31966 0.144129
-1.31026 0.145933
-1.30086 0.147753
-1.29146 0.149589
-1.28206 0.15144
-1.27266 0.153306
-1.26326 0.155188
-1.25386 0.157085
-1.24446 0.158997
-1.23506 0.160924
-1.22566 0.162867
-1.21626 0.164824
-1.20686 0.166796
-1.19746 0.168783
-1.18806 0.170785
-1.17866 0.172801
-1.16926 0.174831
-1.15986 0.176876
-1.15046 0.178934
-1.14106 0.181007
-1.13166 0.183093
-1.12226 0.185193
-1.11286 0.187306
-1.10346 0.189433
-1.09406 0.191572
-1.08466 0.193724
-1.07526 0.195889
-1.06586 0.198066
-1.05646 0.200255
-1.04706 0.202456
-1.03766 0.204669
-1.02826 0.206893
-1.01886 0.209128
-1.00946 0.211374
-1.00006 0.21363
-0.99066 0.215896
-0.98126 0.218173
-0.97186 0.220459
-0.96246 0.222754
-0.95306 0.225058
-0.94366 0.227371
-0.93426 0.229692
-0.92486 0.23202
-0.91546 0.234357
-0.906059 0.2367
-0.896659 0.23905
-0.887259 0.241406
-0.877859 0.243767
-0.868459 0.246135
-0.859059 0.248507
-0.849659 0.250883
-0.840259 0.253264
-0.830859 0.255648
-0.821459 0.258035
-0.812059 0.260425
-0.802659 0.262816
-0.793259 0.26521
-0.783859 0.267604
-0.774458 0.269998
-0.765058 0.272393
-0.755658 0.274787
-0.746258 0.27718
-0.736858 0.279571
-0.727458 0.281959
-0.718058 0.284345
-0.708658 0.286727
-0.699258 0.289104
-0.689858 0.291477
-0.680458 0.293845
-0.671058 0.296206
-0.661658 0.298561
-0.652257 0.300909
-0.642857 0.303248
-0.633457 0.305579
-0.624057 0.3079
-0.614657 0.310211
-0.605257 0.312511
-0.595857 0.3148
-0.586457 0.317077
-0.577057 0.319341
-0.567657 0.321591
-0.558257 0.323827
-0.548857 0.326048
-0.539457 0.328254
-0.530056 0.330443
-0.520656 0.332614
-0.511256 0.334768
-0.501856 0.336903
-0.492456 0.339019
-0.483056 0.341115
-0.473656 0.343189
-0.464256 0.345242
-0.454856 0.347273
-0.445456 0.349281
-0.436056 0.351265
-0.426656 0.353224
-0.417256 0.355158
-0.407856 0.357066
-0.398455 0.358947
-0.389055 0.360801
-0.379655 0.362627
-0.370255 0.364423
-0.360855 0.366191
-0.351455 0.367927
-0.342055 0.369633
-0.332655 0.371307
-0.323255 0.372949
-0.313855 0.374558
-0.304455 0.376133
-0.295055 0.377674
-0.285655 0.37918
-0.276254 0.38065
-0.266854 0.382084
-0.257454 0.383481
-0.248054 0.384841
-0.238654 0.386162
-0.229254 0.387446
-0.219854 0.38869
-0.210454 0.389894
-0.201054 0.391058
-0.191654 0.392182
-0.182254 0.393264
-0.172854 0.394305
-0.163454 0.395304
-0.154053 0.39626
-0.144653 0.397174
-0.135253 0.398043
-0.125853 0.39887
-0.116453 0.399652
-0.107053 0.400389
-0.097653 0.401082
-0.088253 0.40173
-0.0788529 0.402333
-0.0694528 0.40289
-0.0600527 0.403401
-0.0506527 0.403866
-0.0412526 0.404285
-0.0318525 0.404657
-0.0224524 0.404983
-0.0130524 0.405262
-0.0036523 0.405494
0.00574778 0.40568
0.0151479 0.405818
0.0245479 0.40591
0.033948 0.405954
0.0433481 0.405951
0.0527482 0.405902
0.0621482 0.405805
0.0715483 0.405662
0.0809484 0.405471
0.0903485 0.405235
0.0997485 0.404951
0.109149 0.404621
0.118549 0.404245
0.127949 0.403823
0.137349 0.403355
0.146749 0.402842
0.156149 0.402284
0.165549 0.40168
0.174949 0.401032
0.184349 0.400339
0.193749 0.399603
0.203149 0.398823
0.212549 0.397999
0.221949 0.397133
0.23135 0.396224
0.24075 0.395274
0.25015 0.394281
0.25955 0.393248
0.26895 0.392174
0.27835 0.39106
0.28775 0.389907
0.29715 0.388714
0.30655 0.387483
0.31595 0.386214
0.32535 0.384907
0.33475 0.383564
0.34415 0.382185
0.353551 0.38077
0.362951 0.37932
0.372351 0.377835
0.381751 0.376317
0.391151 0.374766
0.400551 0.373183
0.409951 0.371567
0.419351 0.369921
0.428751 0.368244
0.438151 0.366538
0.447551 0.364802
0.456951 0.363038
0.466351 0.361247
0.475752 0.359428
0.485152 0.357583
0.494552 0.355713
0.503952 0.353818
0.513352 0.351899
0.522752 0.349956
0.532152 0.34799
0.541552 0.346003
0.550952 0.343994
0.560352 0.341965
0.569752 0.339916
0.579152 0.337848
0.588552 0.335762
0.597952 0.333657
0.607353 0.331536
0.616753 0.329399
0.626153 0.327245
0.635553 0.325077
0.644953 0.322895
0.654353 0.320699
0.663753 0.31849
0.673153 0.31627
0.682553 0.314037
0.691953 0.311794
0.701353 0.309541
0.710753 0.307278
0.720153 0.305006
0.729554 0.302726
0.738954 0.300438
0.748354 0.298144
0.757754 0.295843
0.767154 0.293536
0.776554 0.291224
0.785954 0.288907
0.795354 0.286587
0.804754 0.284263
0.814154 0.281936
0.823554 0.279607
0.832954 0.277276
0.842354 0.274944
0.851755 0.272612
0.861155 0.270279
0.870555 0.267946
0.879955 0.265614
0.889355 0.263284
0.898755 0.260956
0.908155 0.258629
0.917555 0.256306
0.926955 0.253986
0.936355 0.251669
0.945755 0.249357
0.955155 0.247049
0.964555 0.244746
0.973955 0.242448
0.983356 0.240156
0.992756 0.237871
1.00216 0.235591
1.01156 0.233319
1.02096 0.231054
1.03036 0.228796
1.03976 0.226546
1.04916 0.224305
1.05856 0.222072
1.06796 0.219848
1.07736 0.217633
1.08676 0.215428
1.09616 0.213232
1.10556 0.211046
1.11496 0.208871
1.12436 0.206706
1.13376 0.204552
1.14316 0.202409
1.15256 0.200277
1.16196 0.198156
1.17136 0.196048
1.18076 0.193951
1.19016 0.191866
1.19956 0.189793
1.20896 0.187733
1.21836 0.185686
1.22776 0.183651
1.23716 0.18163
1.24656 0.179621
1.25596 0.177625
1.26536 0.175643
1.27476 0.173675
1.28416 0.17172
1.29356 0.169779
1.30296 0.167851
1.31236 0.165938
1.32176 0.164039
1.33116 0.162154
1.34056 0.160283
1.34996 0.158426
1.35936 0.156583
1.36876 0.154756
1.37816 0.152942
1.38756 0.151143
1.39696 0.149359
1.40636 0.147589
1.41576 0.145834
1.42516 0.144094
1.43456 0.142369
1.44396 0.140658
1.45336 0.138962
1.46276 0.137281
1.47216 0.135614
1.48156 0.133963
1.49096 0.132326
1.50036 0.130704
1.50976 0.129097
1.51916 0.127505
1.52856 0.125927
1.53796 0.124364
1.54736 0.122816
1.55676 0.121283
1.56616 0.119764
1.57556 0.118261
1.58496 0.116771
1.59436 0.115296
1.60376 0.113836
1.61316 0.112391
1.62256 0.110959
1.63196 0.109542
1.64136 0.10814
1.65076 0.106752
1.66016 0.105378
1.66956 0.104018
1.67896 0.102672
1.68836 0.101341
1.69776 0.100023
1.70716 0.0987198
1.71656 0.09743
1.72596 0.096154
1.73536 0.0948918
1.74476 0.0936431
1.75416 0.0924081
1.76356 0.0911865
1.77296 0.0899784
1.78236 0.0887836
1.79176 0.087602
1.80116 0.0864336
1.81056 0.0852783
1.81996 0.0841359
1.82936 0.0830065
1.83876 0.0818899
1.84816 0.0807861
1.85756 0.0796948
1.86696 0.0786162
1.87636 0.07755
1.88576 0.0764961
1.89516 0.0754545
1.90456 0.0744252
1.91396 0.0734079
1.92336 0.0724026
1.93276 0.0714092
1.94216 0.0704276
1.95156 0.0694577
1.96096 0.0684994
1.97036 0.0675526
1.97976 0.0666173
1.98916 0.0656932
1.99856 0.0647804
2.00796 0.0638787
2.01736 0.0629881
2.02676 0.0621083
2.03616 0.0612394
2.04556 0.0603813
2.05496 0.0595337
2.06436 0.0586967
2.07376 0.0578702
2.08316 0.0570539
2.09256 0.056248
2.10196 0.0554521
2.11136 0.0546663
2.12076 0.0538905
2.13016 0.0531245
2.13956 0.0523682
2.14896 0.0516216
2.15836 0.0508846
2.16777 0.050157
2.17717 0.0494388
2.18657 0.0487299
2.19597 0.0480301
2.20537 0.0473395
2.21477 0.0466578
2.22417 0.045985
2.23357 0.045321
2.24297 0.0446657
2.25237 0.044019
2.26177 0.0433808
2.27117 0.0427511
2.28057 0.0421297
2.28997 0.0415165
2.29937 0.0409115
2.30877 0.0403146
2.31817 0.0397256
2.32757 0.0391445
2.33697 0.0385712
2.34637 0.0380056
2.35577 0.0374477
2.36517 0.0368972
2.37457 0.0363542
2.38397 0.0358186
2.39337 0.0352903
2.40277 0.0347691
2.41217 0.0342551
2.42157 0.0337481
2.43097 0.033248
2.44037 0.0327548
2.44977 0.0322684
2.45917 0.0317887
2.46857 0.0313156
2.47797 0.030849
2.48737 0.0303889
2.49677 0.0299352
2.50617 0.0294878
2.51557 0.0290466
2.52497 0.0286116
2.53437 0.0281826
2.54377 0.0277597
2.55317 0.0273427
2.56257 0.0269315
2.57197 0.0265262
2.58137 0.0261265
2.59077 0.0257325
2.60017 0.0253441
2.60957 0.0249611
2.61897 0.0245836
2.62837 0.0242115
2.63777 0.0238446
2.64717 0.023483
2.65657 0.0231265
2.66597 0.0227751
2.67537 0.0224288
2.68477 0.0220874
2.69417 0.0217509
2.70357 0.0214193
2.71297 0.0210924
2.72237 0.0207702
2.73177 0.0204527
2.74117 0.0201398
2.75057 0.0198314
2.75997 0.0195275
2.76937 0.019228
2.77877 0.0189328
2.78817 0.018642
2.79757 0.0183553
2.80697 0.0180729
2.81637 0.0177946
2.82577 0.0175203
2.83517 0.0172501
2.84457 0.0169838
2.85397 0.0167215
2.86337 0.016463
2.87277 0.0162083
2.88217 0.0159573
2.89157 0.0157101
2.90097 0.0154665
2.91037 0.0152265
2.91977 0.01499
2.92917 0.0147571
2.93857 0.0145276
2.94797 0.0143015
2.95737 0.0140788
2.96677 0.0138594
2.97617 0.0136433
2.98557 0.0134304
2.99497 0.0132207
3.00437 0.0130141
3.01377 0.0128106
3.02317 0.0126101
3.03257 0.0124127
3.04197 0.0122182
3.05137 0.0120267
3.06077 0.011838
3.07017 0.0116521
3.07957 0.0114691
3.08897 0.0112888
3.09837 0.0111113
3.10777 0.0109364
3.11717 0.0107642
3.12657 0.0105945
3.13597 0.0104275
3.14537 0.010263
3.15477 0.010101
3.16417 0.00994142
3.17357 0.00978429
3.18297 0.00962956
3.19237 0.00947718
3.20177 0.00932713
3.21117 0.00917937
3.22057 0.00903387
3.22997 0.00889059
3.23937 0.0087495
3.24877 0.00861057
3.25817 0.00847378
3.26757 0.00833908
3.27697 0.00820645
3.28637 0.00807586
3.29577 0.00794728
3.30517 0.00782068
3.31457 0.00769603
3.32397 0.0075733
3.33337 0.00745246
3.34277 0.00733349
3.35217 0.00721635
3.36157 0.00710103
3.37097 0.0069875
3.38037 0.00687572
3.38977 0.00676567
3.39917 0.00665733
3.40857 0.00655068
3.41797 0.00644568
3.42738 0.00634231
3.43678 0.00624055
3.44618 0.00614037
3.45558 0.00604176
3.46498 0.00594468
3.47438 0.00584911
3.48378 0.00575504
3.49318 0.00566244
3.50258 0.00557128
3.51198 0.00548155
3.52138 0.00539323
3.53078 0.00530629
3.54018 0.00522071
3.54958 0.00513647
3.55898 0.00505356
3.56838 0.00497194
3.57778 0.00489161
3.58718 0.00481255
3.59658 0.00473472
3.60598 0.00465813
3.61538 0.00458274
3.62478 0.00450853
3.63418 0.0044355
3.64358 0.00436362
3.65298 0.00429288
3.66238 0.00422325
3.67178 0.00415472
3.68118 0.00408728
3.69058 0.00402091
3.69998 0.00395558
3.70938 0.0038913
3.71878 0.00382803
3.72818 0.00376576
3.73758 0.00370449
3.74698 0.00364418
3.75638 0.00358484
3.76578 0.00352644
3.77518 0.00346897
3.78458 0.00341241
3.79398 0.00335675
3.80338 0.00330198
3.81278 0.00324809
3.82218 0.00319505
3.83158 0.00314286
3.84098 0.00309151
3.85038 0.00304097
3.85978 0.00299124
3.86918 0.00294231
3.87858 0.00289416
3.88798 0.00284678
3.89738 0.00280016
3.90678 0.00275429
3.91618 0.00270915
3.92558 0.00266474
3.93498 0.00262104
3.94438 0.00257804
3.95378 0.00253573
3.96318 0.0024941
3.97258 0.00245314
3.98198 0.00241284
3.99138 0.00237319
4.00078 0.00233418
4.01018 0.0022958
4.01958 0.00225803
4.02898 0.00222087
4.03838 0.00218432
