-7.13541 4.00393e-05
-7.12191 4.07631e-05
-7.10842 4.15e-05
-7.09492 4.22503e-05
-7.08143 4.30143e-05
-7.06793 4.37921e-05
-7.05444 4.4584e-05
-7.04094 4.53903e-05
-7.02745 4.62112e-05
-7.01395 4.70471e-05
-7.00046 4.78981e-05
-6.98696 4.87646e-05
-6.97347 4.96468e-05
-6.95997 5.05451e-05
-6.94648 5.14596e-05
-6.93298 5.23908e-05
-6.91949 5.33389e-05
-6.90599 5.43043e-05
-6.8925 5.52872e-05
-6.879 5.62879e-05
-6.86551 5.73068e-05
-6.85201 5.83443e-05
-6.83852 5.94006e-05
-6.82502 6.04761e-05
-6.81153 6.15712e-05
-6.79804 6.26862e-05
-6.78454 6.38215e-05
-6.77105 6.49774e-05
-6.75755 6.61544e-05
-6.74406 6.73527e-05
-6.73056 6.85729e-05
-6.71707 6.98152e-05
-6.70357 7.10802e-05
-6.69008 7.23682e-05
-6.67658 7.36796e-05
-6.66309 7.50149e-05
-6.64959 7.63745e-05
-6.6361 7.77589e-05
-6.6226 7.91684e-05
-6.60911 8.06036e-05
-6.59561 8.2065e-05
-6.58212 8.35529e-05
-6.56862 8.5068e-05
-6.55513 8.66107e-05
-6.54163 8.81814e-05
-6.52814 8.97808e-05
-6.51464 9.14093e-05
-6.50115 9.30675e-05
-6.48765 9.47559e-05
-6.47416 9.64751e-05
-6.46066 9.82256e-05
-6.44717 0.000100008
-6.43368 0.000101823
-6.42018 0.000103671
-6.40669 0.000105553
-6.39319 0.000107469
-6.3797 0.00010942
-6.3662 0.000111406
-6.35271 0.000113429
-6.33921 0.000115489
-6.32572 0.000117586
-6.31222 0.000119721
-6.29873 0.000121896
-6.28523 0.00012411
-6.27174 0.000126364
-6.25824 0.00012866
-6.24475 0.000130998
-6.23125 0.000133378
-6.21776 0.000135802
-6.20426 0.00013827
-6.19077 0.000140783
-6.17727 0.000143342
-6.16378 0.000145948
-6.15028 0.000148601
-6.13679 0.000151303
-6.12329 0.000154054
-6.1098 0.000156855
-6.09631 0.000159708
-6.08281 0.000162613
-6.06932 0.000165571
-6.05582 0.000168583
-6.04233 0.00017165
-6.02883 0.000174773
-6.01534 0.000177953
-6.00184 0.000181191
-5.98835 0.000184489
-5.97485 0.000187847
-5.96136 0.000191266
-5.94786 0.000194748
-5.93437 0.000198294
-5.92087 0.000201904
-5.90738 0.000205581
-5.89388 0.000209325
-5.88039 0.000213137
-5.86689 0.000217019
-5.8534 0.000220973
-5.8399 0.000224998
-5.82641 0.000229098
-5.81291 0.000233272
-5.79942 0.000237523
-5.78592 0.000241852
-5.77243 0.00024626
-5.75894 0.000250749
-5.74544 0.00025532
-5.73195 0.000259975
-5.71845 0.000264715
-5.70496 0.000269542
-5.69146 0.000274458
-5.67797 0.000279464
-5.66447 0.000284562
-5.65098 0.000289753
-5.63748 0.000295039
-5.62399 0.000300422
-5.61049 0.000305904
-5.597 0.000311487
-5.5835 0.000317172
-5.57001 0.000322962
-5.55651 0.000328857
-5.54302 0.000334861
-5.52952 0.000340975
-5.51603 0.000347202
-5.50253 0.000353543
-5.48904 0.00036
-5.47554 0.000366576
-5.46205 0.000373272
-5.44855 0.000380092
-5.43506 0.000387037
-5.42156 0.00039411
-5.40807 0.000401312
-5.39458 0.000408647
-5.38108 0.000416117
-5.36759 0.000423724
-5.35409 0.000431471
-5.3406 0.000439361
-5.3271 0.000447395
-5.31361 0.000455578
-5.30011 0.000463911
-5.28662 0.000472397
-5.27312 0.00048104
-5.25963 0.000489841
-5.24613 0.000498805
-5.23264 0.000507933
-5.21914 0.00051723
-5.20565 0.000526697
-5.19215 0.00053634
-5.17866 0.000546159
-5.16516 0.00055616
-5.15167 0.000566345
-5.13817 0.000576717
-5.12468 0.000587281
-5.11118 0.000598039
-5.09769 0.000608996
-5.08419 0.000620154
-5.0707 0.000631519
-5.05721 0.000643093
-5.04371 0.00065488
-5.03022 0.000666885
-5.01672 0.000679111
-5.00323 0.000691563
-4.98973 0.000704244
-4.97624 0.00071716
-4.96274 0.000730314
-4.94925 0.00074371
-4.93575 0.000757354
-4.92226 0.00077125
-4.90876 0.000785403
-4.89527 0.000799817
-4.88177 0.000814497
-4.86828 0.000829448
-4.85478 0.000844676
-4.84129 0.000860185
-4.82779 0.00087598
-4.8143 0.000892068
-4.8008 0.000908453
-4.78731 0.000925141
-4.77381 0.000942138
-4.76032 0.000959448
-4.74682 0.00097708
-4.73333 0.000995037
-4.71983 0.00101333
-4.70634 0.00103195
-4.69285 0.00105093
-4.67935 0.00107025
-4.66586 0.00108993
-4.65236 0.00110998
-4.63887 0.0011304
-4.62537 0.00115119
-4.61188 0.00117237
-4.59838 0.00119394
-4.58489 0.00121592
-4.57139 0.0012383
-4.5579 0.00126109
-4.5444 0.00128431
-4.53091 0.00130796
-4.51741 0.00133204
-4.50392 0.00135657
-4.49042 0.00138156
-4.47693 0.00140701
-4.46343 0.00143294
-4.44994 0.00145934
-4.43644 0.00148624
-4.42295 0.00151363
-4.40945 0.00154153
-4.39596 0.00156995
-4.38246 0.0015989
-4.36897 0.00162838
-4.35548 0.00165842
-4.34198 0.00168901
-4.32849 0.00172017
-4.31499 0.00175191
-4.3015 0.00178424
-4.288 0.00181716
-4.27451 0.00185071
-4.26101 0.00188487
-4.24752 0.00191967
-4.23402 0.00195512
-4.22053 0.00199123
-4.20703 0.00202801
-4.19354 0.00206547
-4.18004 0.00210363
-4.16655 0.0021425
-4.15305 0.0021821
-4.13956 0.00222243
-4.12606 0.00226351
-4.11257 0.00230536
-4.09907 0.00234799
-4.08558 0.00239141
-4.07208 0.00243564
-4.05859 0.0024807
-4.04509 0.00252659
-4.0316 0.00257334
-4.01811 0.00262097
-4.00461 0.00266948
-3.99112 0.00271889
-3.97762 0.00276923
-3.96413 0.00282051
-3.95063 0.00287274
-3.93714 0.00292595
-3.92364 0.00298015
-3.91015 0.00303537
-3.89665 0.00309161
-3.88316 0.00314891
-3.86966 0.00320727
-3.85617 0.00326673
-3.84267 0.00332729
-3.82918 0.00338899
-3.81568 0.00345184
-3.80219 0.00351587
-3.78869 0.00358109
-3.7752 0.00364754
-3.7617 0.00371522
-3.74821 0.00378417
-3.73471 0.00385442
-3.72122 0.00392597
-3.70772 0.00399887
-3.69423 0.00407313
-3.68073 0.00414878
-3.66724 0.00422584
-3.65375 0.00430435
-3.64025 0.00438433
-3.62676 0.00446581
-3.61326 0.00454881
-3.59977 0.00463337
-3.58627 0.00471951
-3.57278 0.00480727
-3.55928 0.00489668
-3.54579 0.00498776
-3.53229 0.00508055
-3.5188 0.00517507
-3.5053 0.00527138
-3.49181 0.00536948
-3.47831 0.00546943
-3.46482 0.00557126
-3.45132 0.00567499
-3.43783 0.00578068
-3.42433 0.00588834
-3.41084 0.00599803
-3.39734 0.00610978
-3.38385 0.00622363
-3.37035 0.00633962
-3.35686 0.00645778
-3.34336 0.00657817
-3.32987 0.00670082
-3.31638 0.00682578
-3.30288 0.00695308
-3.28939 0.00708278
-3.27589 0.00721492
-3.2624 0.00734954
-3.2489 0.0074867
-3.23541 0.00762643
-3.22191 0.0077688
-3.20842 0.00791384
-3.19492 0.00806162
-3.18143 0.00821217
-3.16793 0.00836556
-3.15444 0.00852184
-3.14094 0.00868106
-3.12745 0.00884328
-3.11395 0.00900856
-3.10046 0.00917695
-3.08696 0.00934851
-3.07347 0.00952331
-3.05997 0.0097014
-3.04648 0.00988284
-3.03298 0.0100677
-3.01949 0.0102561
-3.00599 0.010448
-2.9925 0.0106435
-2.97901 0.0108427
-2.96551 0.0110457
-2.95202 0.0112525
-2.93852 0.0114632
-2.92503 0.0116778
-2.91153 0.0118966
-2.89804 0.0121194
-2.88454 0.0123465
-2.87105 0.0125778
-2.85755 0.0128135
-2.84406 0.0130537
-2.83056 0.0132984
-2.81707 0.0135477
-2.80357 0.0138017
-2.79008 0.0140605
-2.77658 0.0143242
-2.76309 0.0145929
-2.74959 0.0148667
-2.7361 0.0151456
-2.7226 0.0154298
-2.70911 0.0157194
-2.69561 0.0160144
-2.68212 0.0163151
-2.66862 0.0166214
-2.65513 0.0169334
-2.64163 0.0172514
-2.62814 0.0175754
-2.61465 0.0179055
-2.60115 0.0182419
-2.58766 0.0185846
-2.57416 0.0189338
-2.56067 0.0192895
-2.54717 0.019652
-2.53368 0.0200214
-2.52018 0.0203977
-2.50669 0.0207811
-2.49319 0.0211718
-2.4797 0.0215699
-2.4662 0.0219755
-2.45271 0.0223887
-2.43921 0.0228098
-2.42572 0.0232388
-2.41222 0.0236759
-2.39873 0.0241212
-2.38523 0.024575
-2.37174 0.0250373
-2.35824 0.0255084
-2.34475 0.0259884
-2.33125 0.0264774
-2.31776 0.0269756
-2.30426 0.0274833
-2.29077 0.0280005
-2.27728 0.0285274
-2.26378 0.0290643
-2.25029 0.0296114
-2.23679 0.0301687
-2.2233 0.0307366
-2.2098 0.0313151
-2.19631 0.0319045
-2.18281 0.032505
-2.16932 0.0331169
-2.15582 0.0337402
-2.14233 0.0343753
-2.12883 0.0350223
-2.11534 0.0356815
-2.10184 0.036353
-2.08835 0.0370372
-2.07485 0.0377342
-2.06136 0.0384443
-2.04786 0.0391677
-2.03437 0.0399047
-2.02087 0.0406555
-2.00738 0.0414203
-1.99388 0.0421995
-1.98039 0.0429932
-1.96689 0.0438018
-1.9534 0.0446255
-1.9399 0.0454646
-1.92641 0.0463193
-1.91292 0.04719
-1.89942 0.0480768
-1.88593 0.0489802
-1.87243 0.0499004
-1.85894 0.0508377
-1.84544 0.0517924
-1.83195 0.0527649
-1.81845 0.0537553
-1.80496 0.0547641
-1.79146 0.0557915
-1.77797 0.056838
-1.76447 0.0579037
-1.75098 0.0589891
-1.73748 0.0600945
-1.72399 0.0612202
-1.71049 0.0623665
-1.697 0.063534
-1.6835 0.0647227
-1.67001 0.0659333
-1.65651 0.0671659
-1.64302 0.068421
-1.62952 0.069699
-1.61603 0.0710001
-1.60253 0.0723249
-1.58904 0.0736736
-1.57555 0.0750468
-1.56205 0.0764446
-1.54856 0.0778677
-1.53506 0.0793162
-1.52157 0.0807908
-1.50807 0.0822917
-1.49458 0.0838193
-1.48108 0.0853741
-1.46759 0.0869565
-1.45409 0.0885668
-1.4406 0.0902056
-1.4271 0.0918732
-1.41361 0.09357
-1.40011 0.0952965
-1.38662 0.097053
-1.37312 0.09884
-1.35963 0.100658
-1.34613 0.102507
-1.33264 0.104388
-1.31914 0.106301
-1.30565 0.108247
-1.29215 0.110225
-1.27866 0.112237
-1.26516 0.114283
-1.25167 0.116362
-1.23818 0.118477
-1.22468 0.120626
-1.21119 0.12281
-1.19769 0.12503
-1.1842 0.127286
-1.1707 0.129579
-1.15721 0.131908
-1.14371 0.134274
-1.13022 0.136677
-1.11672 0.139118
-1.10323 0.141596
-1.08973 0.144113
-1.07624 0.146668
-1.06274 0.149262
-1.04925 0.151894
-1.03575 0.154565
-1.02226 0.157276
-1.00876 0.160025
-0.995269 0.162814
-0.981774 0.165642
-0.968279 0.168509
-0.954784 0.171416
-0.941289 0.174362
-0.927795 0.177347
-0.9143 0.180371
-0.900805 0.183434
-0.88731 0.186535
-0.873815 0.189675
-0.860321 0.192853
-0.846826 0.196068
-0.833331 0.19932
-0.819836 0.20261
-0.806341 0.205935
-0.792846 0.209295
-0.779352 0.212691
-0.765857 0.21612
-0.752362 0.219582
-0.738867 0.223076
-0.725372 0.226601
-0.711878 0.230157
-0.698383 0.233741
-0.684888 0.237352
-0.671393 0.240989
-0.657898 0.244651
-0.644404 0.248336
-0.630909 0.252041
-0.617414 0.255767
-0.603919 0.259509
-0.590424 0.263267
-0.57693 0.267038
-0.563435 0.27082
-0.54994 0.27461
-0.536445 0.278407
-0.52295 0.282206
-0.509456 0.286006
-0.495961 0.289804
-0.482466 0.293597
-0.468971 0.297381
-0.455476 0.301153
-0.441982 0.30491
-0.428487 0.308649
-0.414992 0.312366
-0.401497 0.316057
-0.388002 0.319718
-0.374508 0.323346
-0.361013 0.326936
-0.347518 0.330486
-0.334023 0.333989
-0.320528 0.337443
-0.307033 0.340843
-0.293539 0.344185
-0.280044 0.347465
-0.266549 0.350678
-0.253054 0.353821
-0.239559 0.356888
-0.226065 0.359876
-0.21257 0.36278
-0.199075 0.365597
-0.18558 0.368322
-0.172085 0.370951
-0.158591 0.373481
-0.145096 0.375908
-0.131601 0.378228
-0.118106 0.380438
-0.104611 0.382535
-0.0911166 0.384516
-0.0776218 0.386377
-0.064127 0.388116
-0.0506322 0.389731
-0.0371374 0.391219
-0.0236426 0.392579
-0.0101477 0.393809
0.00334706 0.394908
0.0168419 0.395873
0.0303367 0.396706
0.0438315 0.397404
0.0573263 0.397967
0.0708211 0.398396
0.0843159 0.398691
0.0978107 0.398851
0.111306 0.398879
0.1248 0.398774
0.138295 0.398539
0.15179 0.398174
0.165285 0.397681
0.17878 0.397062
0.192274 0.39632
0.205769 0.395456
0.219264 0.394474
0.232759 0.393375
0.246254 0.392163
0.259748 0.390841
0.273243 0.389411
0.286738 0.387877
0.300233 0.386243
0.313728 0.384512
0.327222 0.382686
0.340717 0.38077
0.354212 0.378768
0.367707 0.376682
0.381202 0.374517
0.394696 0.372275
0.408191 0.369962
0.421686 0.367579
0.435181 0.365132
0.448676 0.362623
0.46217 0.360056
0.475665 0.357434
0.48916 0.354762
0.502655 0.352041
0.51615 0.349276
0.529644 0.346469
0.543139 0.343624
0.556634 0.340744
0.570129 0.337832
0.583624 0.334891
0.597119 0.331923
0.610613 0.328931
0.624108 0.325919
0.637603 0.322888
0.651098 0.31984
0.664593 0.316779
0.678087 0.313707
0.691582 0.310625
0.705077 0.307536
0.718572 0.304442
0.732067 0.301345
0.745561 0.298246
0.759056 0.295148
0.772551 0.292052
0.786046 0.288959
0.799541 0.285872
0.813035 0.282791
0.82653 0.279719
0.840025 0.276655
0.85352 0.273603
0.867015 0.270562
0.880509 0.267533
0.894004 0.264519
0.907499 0.261519
0.920994 0.258536
0.934489 0.255568
0.947983 0.252619
0.961478 0.249687
0.974973 0.246774
0.988468 0.243881
1.00196 0.241008
1.01546 0.238156
1.02895 0.235324
1.04245 0.232515
1.05594 0.229728
1.06944 0.226963
1.08293 0.224221
1.09643 0.221503
1.10992 0.218808
1.12342 0.216137
1.13691 0.21349
1.15041 0.210867
1.1639 0.208269
1.1774 0.205695
1.19089 0.203147
1.20438 0.200623
1.21788 0.198124
1.23137 0.19565
1.24487 0.193202
1.25836 0.190778
1.27186 0.18838
1.28535 0.186007
1.29885 0.183659
1.31234 0.181337
1.32584 0.179039
1.33933 0.176767
1.35283 0.174519
1.36632 0.172297
1.37982 0.170099
1.39331 0.167926
1.40681 0.165778
1.4203 0.163654
1.4338 0.161555
1.44729 0.15948
1.46079 0.157429
1.47428 0.155401
1.48778 0.153398
1.50127 0.151419
1.51477 0.149463
1.52826 0.14753
1.54175 0.14562
1.55525 0.143734
1.56874 0.14187
1.58224 0.140029
1.59573 0.13821
1.60923 0.136413
1.62272 0.134639
1.63622 0.132886
1.64971 0.131155
1.66321 0.129446
1.6767 0.127757
1.6902 0.12609
1.70369 0.124444
1.71719 0.122818
1.73068 0.121212
1.74418 0.119627
1.75767 0.118062
1.77117 0.116517
1.78466 0.114991
1.79816 0.113484
1.81165 0.111997
1.82515 0.110529
1.83864 0.109079
1.85214 0.107648
1.86563 0.106236
1.87913 0.104841
1.89262 0.103465
1.90611 0.102106
1.91961 0.100765
1.9331 0.0994407
1.9466 0.0981339
1.96009 0.0968441
1.97359 0.0955709
1.98708 0.0943143
2.00058 0.0930741
2.01407 0.0918499
2.02757 0.0906418
2.04106 0.0894494
2.05456 0.0882725
2.06805 0.0871111
2.08155 0.0859648
2.09504 0.0848335
2.10854 0.0837171
2.12203 0.0826153
2.13553 0.0815279
2.14902 0.0804549
2.16252 0.0793959
2.17601 0.0783509
2.18951 0.0773196
2.203 0.0763019
2.2165 0.0752976
2.22999 0.0743065
2.24348 0.0733285
2.25698 0.0723634
2.27047 0.0714111
2.28397 0.0704713
2.29746 0.0695439
2.31096 0.0686288
2.32445 0.0677258
2.33795 0.0668347
2.35144 0.0659554
2.36494 0.0650878
2.37843 0.0642316
2.39193 0.0633868
2.40542 0.0625532
2.41892 0.0617306
2.43241 0.0609189
2.44591 0.060118
2.4594 0.0593277
2.4729 0.0585479
2.48639 0.0577784
2.49989 0.0570191
2.51338 0.0562699
2.52688 0.0555307
2.54037 0.0548012
2.55387 0.0540814
2.56736 0.0533712
2.58085 0.0526704
2.59435 0.051979
2.60784 0.0512967
2.62134 0.0506234
2.63483 0.0499591
2.64833 0.0493036
2.66182 0.0486568
2.67532 0.0480186
2.68881 0.0473889
2.70231 0.0467676
2.7158 0.0461545
2.7293 0.0455495
2.74279 0.0449526
2.75629 0.0443636
2.76978 0.0437824
2.78328 0.0432089
2.79677 0.0426431
2.81027 0.0420847
2.82376 0.0415338
2.83726 0.0409902
2.85075 0.0404538
2.86425 0.0399245
2.87774 0.0394022
2.89124 0.0388869
2.90473 0.0383784
2.91823 0.0378766
2.93172 0.0373815
2.94521 0.036893
2.95871 0.036411
2.9722 0.0359353
2.9857 0.0354659
2.99919 0.0350028
3.01269 0.0345458
3.02618 0.0340949
3.03968 0.0336499
3.05317 0.0332109
3.06667 0.0327776
3.08016 0.0323501
3.09366 0.0319283
3.10715 0.031512
3.12065 0.0311013
3.13414 0.0306959
3.14764 0.030296
3.16113 0.0299013
3.17463 0.0295119
3.18812 0.0291276
3.20162 0.0287484
3.21511 0.0283742
3.22861 0.028005
3.2421 0.0276406
3.2556 0.0272811
3.26909 0.0269263
3.28258 0.0265762
3.29608 0.0262307
3.30957 0.0258898
3.32307 0.0255534
3.33656 0.0252214
3.35006 0.0248938
3.36355 0.0245705
3.37705 0.0242515
3.39054 0.0239367
3.40404 0.023626
3.41753 0.0233195
3.43103 0.023017
3.44452 0.0227184
3.45802 0.0224238
3.47151 0.0221331
3.48501 0.0218462
3.4985 0.0215631
3.512 0.0212837
3.52549 0.021008
3.53899 0.020736
3.55248 0.0204675
3.56598 0.0202025
3.57947 0.019941
3.59297 0.019683
3.60646 0.0194283
3.61996 0.019177
3.63345 0.018929
3.64694 0.0186843
3.66044 0.0184427
3.67393 0.0182044
3.68743 0.0179691
3.70092 0.017737
3.71442 0.0175079
3.72791 0.0172818
3.74141 0.0170587
3.7549 0.0168385
3.7684 0.0166212
3.78189 0.0164067
3.79539 0.016195
3.80888 0.0159862
3.82238 0.01578
3.83587 0.0155766
3.84937 0.0153758
3.86286 0.0151776
3.87636 0.014982
3.88985 0.014789
3.90335 0.0145986
3.91684 0.0144106
3.93034 0.014225
3.94383 0.0140419
3.95733 0.0138612
3.97082 0.0136829
3.98431 0.0135068
3.99781 0.0133331
4.0113 0.0131616
4.0248 0.0129924
4.03829 0.0128254
4.05179 0.0126606
4.06528 0.0124979
4.07878 0.0123373
4.09227 0.0121789
4.10577 0.0120225
4.11926 0.0118681
4.13276 0.0117157
4.14625 0.0115654
4.15975 0.011417
4.17324 0.0112705
4.18674 0.0111259
4.20023 0.0109832
4.21373 0.0108424
4.22722 0.0107034
4.24072 0.0105662
4.25421 0.0104308
4.26771 0.0102972
4.2812 0.0101652
4.2947 0.010035
4.30819 0.00990654
4.32168 0.0097797
4.33518 0.00965451
4.34867 0.00953095
4.36217 0.00940899
4.37566 0.00928861
4.38916 0.0091698
4.40265 0.00905252
4.41615 0.00893677
4.42964 0.00882252
4.44314 0.00870975
4.45663 0.00859844
4.47013 0.00848857
4.48362 0.00838012
4.49712 0.00827308
4.51061 0.00816743
4.52411 0.00806315
4.5376 0.00796021
4.5511 0.00785861
4.56459 0.00775832
4.57809 0.00765932
4.59158 0.00756161
4.60508 0.00746516
4.61857 0.00736996
4.63207 0.00727599
4.64556 0.00718323
4.65906 0.00709168
4.67255 0.0070013
4.68604 0.00691209
4.69954 0.00682403
4.71303 0.00673711
4.72653 0.00665132
4.74002 0.00656662
4.75352 0.00648302
4.76701 0.0064005
4.78051 0.00631905
4.794 0.00623864
4.8075 0.00615927
4.82099 0.00608092
4.83449 0.00600359
4.84798 0.00592724
4.86148 0.00585189
4.87497 0.0057775
4.88847 0.00570407
4.90196 0.00563158
4.91546 0.00556003
4.92895 0.0054894
4.94245 0.00541968
4.95594 0.00535085
4.96944 0.00528291
4.98293 0.00521584
4.99643 0.00514963
5.00992 0.00508428
5.02341 0.00501976
5.03691 0.00495608
5.0504 0.00489321
5.0639 0.00483115
5.07739 0.00476988
5.09089 0.00470941
5.10438 0.0046497
5.11788 0.00459077
5.13137 0.00453259
5.14487 0.00447515
5.15836 0.00441846
5.17186 0.00436249
5.18535 0.00430724
5.19885 0.00425269
5.21234 0.00419885
5.22584 0.00414569
5.23933 0.00409322
5.25283 0.00404141
5.26632 0.00399027
5.27982 0.00393979
5.29331 0.00388995
5.30681 0.00384075
5.3203 0.00379218
5.3338 0.00374423
5.34729 0.00369689
5.36078 0.00365016
5.37428 0.00360403
5.38777 0.00355849
5.40127 0.00351352
5.41476 0.00346914
5.42826 0.00342532
5.44175 0.00338206
5.45525 0.00333935
5.46874 0.00329719
5.48224 0.00325556
5.49573 0.00321447
5.50923 0.0031739
5.52272 0.00313385
5.53622 0.00309431
5.54971 0.00305528
5.56321 0.00301674
5.5767 0.0029787
5.5902 0.00294114
5.60369 0.00290405
5.61719 0.00286744
5.63068 0.0028313
5.64418 0.00279562
5.65767 0.00276039
5.67117 0.00272561
5.68466 0.00269128
5.69816 0.00265738
5.71165 0.00262391
5.72514 0.00259087
5.73864 0.00255825
5.75213 0.00252604
5.76563 0.00249425
5.77912 0.00246286
5.79262 0.00243186
5.80611 0.00240127
5.81961 0.00237106
5.8331 0.00234123
5.8466 0.00231179
5.86009 0.00228271
5.87359 0.00225401
5.88708 0.00222567
5.90058 0.0021977
5.91407 0.00217007
5.92757 0.0021428
5.94106 0.00211588
5.95456 0.00208929
5.96805 0.00206304
5.98155 0.00203713
5.99504 0.00201155
6.00854 0.00198629
6.02203 0.00196135
6.03553 0.00193672
6.04902 0.00191241
6.06251 0.00188841
6.07601 0.00186471
6.0895 0.00184131
6.103 0.00181821
6.11649 0.0017954
6.12999 0.00177288
6.14348 0.00175064
6.15698 0.00172869
6.17047 0.00170701
6.18397 0.00168561
6.19746 0.00166448
6.21096 0.00164362
6.22445 0.00162302
6.23795 0.00160268
6.25144 0.0015826
6.26494 0.00156278
6.27843 0.0015432
6.29193 0.00152387
6.30542 0.00150479
6.31892 0.00148594
6.33241 0.00146734
6.34591 0.00144897
