-2.48008 0.00315552
-2.47132 0.00322398
-2.46256 0.00329388
-2.45381 0.00336525
-2.44505 0.00343811
-2.43629 0.0035125
-2.42753 0.00358844
-2.41877 0.00366597
-2.41001 0.00374512
-2.40125 0.00382591
-2.3925 0.00390839
-2.38374 0.00399258
-2.37498 0.00407852
-2.36622 0.00416624
-2.35746 0.00425578
-2.3487 0.00434717
-2.33994 0.00444045
-2.33118 0.00453566
-2.32243 0.00463284
-2.31367 0.00473201
-2.30491 0.00483323
-2.29615 0.00493653
-2.28739 0.00504195
-2.27863 0.00514953
-2.26987 0.00525932
-2.26111 0.00537135
-2.25236 0.00548568
-2.2436 0.00560233
-2.23484 0.00572136
-2.22608 0.00584282
-2.21732 0.00596675
-2.20856 0.00609319
-2.1998 0.0062222
-2.19105 0.00635382
-2.18229 0.0064881
-2.17353 0.00662509
-2.16477 0.00676485
-2.15601 0.00690742
-2.14725 0.00705286
-2.13849 0.00720122
-2.12973 0.00735256
-2.12098 0.00750693
-2.11222 0.00766439
-2.10346 0.00782499
-2.0947 0.00798879
-2.08594 0.00815585
-2.07718 0.00832624
-2.06842 0.00850001
-2.05966 0.00867722
-2.05091 0.00885794
-2.04215 0.00904224
-2.03339 0.00923016
-2.02463 0.00942179
-2.01587 0.00961719
-2.00711 0.00981642
-1.99835 0.0100196
-1.9896 0.0102267
-1.98084 0.0104378
-1.97208 0.0106531
-1.96332 0.0108726
-1.95456 0.0110963
-1.9458 0.0113244
-1.93704 0.0115568
-1.92828 0.0117938
-1.91953 0.0120354
-1.91077 0.0122816
-1.90201 0.0125325
-1.89325 0.0127883
-1.88449 0.0130489
-1.87573 0.0133145
-1.86697 0.0135852
-1.85821 0.0138611
-1.84946 0.0141421
-1.8407 0.0144286
-1.83194 0.0147204
-1.82318 0.0150177
-1.81442 0.0153207
-1.80566 0.0156293
-1.7969 0.0159437
-1.78815 0.016264
-1.77939 0.0165903
-1.77063 0.0169227
-1.76187 0.0172612
-1.75311 0.0176061
-1.74435 0.0179573
-1.73559 0.018315
-1.72683 0.0186793
-1.71808 0.0190503
-1.70932 0.0194281
-1.70056 0.0198127
-1.6918 0.0202045
-1.68304 0.0206033
-1.67428 0.0210094
-1.66552 0.0214228
-1.65676 0.0218437
-1.64801 0.0222722
-1.63925 0.0227083
-1.63049 0.0231523
-1.62173 0.0236042
-1.61297 0.0240642
-1.60421 0.0245323
-1.59545 0.0250087
-1.5867 0.0254935
-1.57794 0.0259869
-1.56918 0.0264889
-1.56042 0.0269997
-1.55166 0.0275195
-1.5429 0.0280482
-1.53414 0.0285862
-1.52538 0.0291334
-1.51663 0.0296901
-1.50787 0.0302563
-1.49911 0.0308322
-1.49035 0.0314179
-1.48159 0.0320136
-1.47283 0.0326194
-1.46407 0.0332354
-1.45531 0.0338618
-1.44656 0.0344987
-1.4378 0.0351462
-1.42904 0.0358045
-1.42028 0.0364738
-1.41152 0.037154
-1.40276 0.0378455
-1.394 0.0385483
-1.38525 0.0392626
-1.37649 0.0399885
-1.36773 0.0407261
-1.35897 0.0414756
-1.35021 0.0422372
-1.34145 0.043011
-1.33269 0.043797
-1.32393 0.0445955
-1.31518 0.0454067
-1.30642 0.0462306
-1.29766 0.0470673
-1.2889 0.0479171
-1.28014 0.0487801
-1.27138 0.0496563
-1.26262 0.050546
-1.25386 0.0514493
-1.24511 0.0523663
-1.23635 0.0532972
-1.22759 0.054242
-1.21883 0.055201
-1.21007 0.0561743
-1.20131 0.0571619
-1.19255 0.0581641
-1.1838 0.059181
-1.17504 0.0602126
-1.16628 0.0612592
-1.15752 0.0623208
-1.14876 0.0633976
-1.14 0.0644896
-1.13124 0.0655971
-1.12248 0.0667202
-1.11373 0.0678589
-1.10497 0.0690133
-1.09621 0.0701836
-1.08745 0.07137
-1.07869 0.0725724
-1.06993 0.073791
-1.06117 0.0750259
-1.05241 0.0762773
-1.04366 0.0775451
-1.0349 0.0788295
-1.02614 0.0801306
-1.01738 0.0814485
-1.00862 0.0827832
-0.999863 0.0841348
-0.991104 0.0855034
-0.982345 0.0868891
-0.973586 0.0882919
-0.964828 0.0897119
-0.956069 0.0911492
-0.94731 0.0926037
-0.938552 0.0940756
-0.929793 0.0955649
-0.921034 0.0970716
-0.912276 0.0985957
-0.903517 0.100137
-0.894758 0.101696
-0.885999 0.103273
-0.877241 0.104867
-0.868482 0.106479
-0.859723 0.108108
-0.850965 0.109755
-0.842206 0.111419
-0.833447 0.113101
-0.824689 0.1148
-0.81593 0.116516
-0.807171 0.11825
-0.798413 0.120001
-0.789654 0.121769
-0.780895 0.123555
-0.772136 0.125358
-0.763378 0.127177
-0.754619 0.129014
-0.74586 0.130867
-0.737102 0.132737
-0.728343 0.134623
-0.719584 0.136527
-0.710826 0.138446
-0.702067 0.140381
-0.693308 0.142333
-0.684549 0.1443
-0.675791 0.146283
-0.667032 0.148282
-0.658273 0.150296
-0.649515 0.152325
-0.640756 0.154369
-0.631997 0.156427
-0.623239 0.158501
-0.61448 0.160588
-0.605721 0.162689
-0.596962 0.164804
-0.588204 0.166932
-0.579445 0.169074
-0.570686 0.171228
-0.561928 0.173395
-0.553169 0.175575
-0.54441 0.177766
-0.535652 0.179969
-0.526893 0.182183
-0.518134 0.184408
-0.509376 0.186643
-0.500617 0.188889
-0.491858 0.191144
-0.483099 0.193409
-0.474341 0.195683
-0.465582 0.197965
-0.456823 0.200256
-0.448065 0.202555
-0.439306 0.20486
-0.430547 0.207173
-0.421789 0.209492
-0.41303 0.211817
-0.404271 0.214147
-0.395512 0.216482
-0.386754 0.218822
-0.377995 0.221166
-0.369236 0.223513
-0.360478 0.225863
-0.351719 0.228216
-0.34296 0.23057
-0.334202 0.232926
-0.325443 0.235283
-0.316684 0.23764
-0.307925 0.239996
-0.299167 0.242352
-0.290408 0.244706
-0.281649 0.247058
-0.272891 0.249407
-0.264132 0.251753
-0.255373 0.254095
-0.246615 0.256433
-0.237856 0.258766
-0.229097 0.261093
-0.220338 0.263414
-0.21158 0.265728
-0.202821 0.268035
-0.194062 0.270333
-0.185304 0.272623
-0.176545 0.274903
-0.167786 0.277173
-0.159028 0.279433
-0.150269 0.281681
-0.14151 0.283918
-0.132752 0.286142
-0.123993 0.288353
-0.115234 0.29055
-0.106475 0.292733
-0.0977167 0.294901
-0.088958 0.297053
-0.0801993 0.299189
-0.0714406 0.301308
-0.062682 0.30341
-0.0539233 0.305494
-0.0451646 0.307559
-0.0364059 0.309605
-0.0276472 0.311632
-0.0188885 0.313638
-0.0101298 0.315622
-0.00137107 0.317586
0.00738763 0.319527
0.0161463 0.321446
0.024905 0.323342
0.0336637 0.325213
0.0424224 0.327061
0.0511811 0.328884
0.0599398 0.330682
0.0686985 0.332454
0.0774572 0.334199
0.0862159 0.335918
0.0949746 0.33761
0.103733 0.339274
0.112492 0.34091
0.121251 0.342518
0.130009 0.344096
0.138768 0.345646
0.147527 0.347165
0.156285 0.348655
0.165044 0.350113
0.173803 0.351541
0.182562 0.352938
0.19132 0.354304
0.200079 0.355637
0.208838 0.356938
0.217596 0.358207
0.226355 0.359443
0.235114 0.360646
0.243872 0.361816
0.252631 0.362952
0.26139 0.364055
0.270149 0.365124
0.278907 0.366158
0.287666 0.367159
0.296425 0.368124
0.305183 0.369056
0.313942 0.369952
0.322701 0.370814
0.331459 0.371641
0.340218 0.372432
0.348977 0.373189
0.357736 0.37391
0.366494 0.374596
0.375253 0.375247
0.384012 0.375862
0.39277 0.376442
0.401529 0.376987
0.410288 0.377496
0.419046 0.37797
0.427805 0.378409
0.436564 0.378813
0.445322 0.379181
0.454081 0.379515
0.46284 0.379813
0.471599 0.380077
0.480357 0.380306
0.489116 0.380501
0.497875 0.380661
0.506633 0.380786
0.515392 0.380878
0.524151 0.380936
0.532909 0.380959
0.541668 0.38095
0.550427 0.380906
0.559186 0.38083
0.567944 0.380721
0.576703 0.380579
0.585462 0.380405
0.59422 0.380198
0.602979 0.379959
0.611738 0.379689
0.620496 0.379387
0.629255 0.379055
0.638014 0.378691
0.646773 0.378297
0.655531 0.377873
0.66429 0.377418
0.673049 0.376934
0.681807 0.376421
0.690566 0.375879
0.699325 0.375308
0.708083 0.37471
0.716842 0.374083
0.725601 0.373428
0.734359 0.372747
0.743118 0.372038
0.751877 0.371303
0.760636 0.370542
0.769394 0.369755
0.778153 0.368943
0.786912 0.368106
0.79567 0.367244
0.804429 0.366358
0.813188 0.365448
0.821946 0.364515
0.830705 0.363559
0.839464 0.36258
0.848223 0.361579
0.856981 0.360556
0.86574 0.359511
0.874499 0.358445
0.883257 0.357359
0.892016 0.356252
0.900775 0.355126
0.909533 0.35398
0.918292 0.352814
0.927051 0.35163
0.93581 0.350428
0.944568 0.349208
0.953327 0.347971
0.962086 0.346716
0.970844 0.345445
0.979603 0.344157
0.988362 0.342853
0.99712 0.341534
1.00588 0.340199
1.01464 0.33885
1.0234 0.337487
1.03216 0.336109
1.04091 0.334718
1.04967 0.333314
1.05843 0.331896
1.06719 0.330466
1.07595 0.329024
1.08471 0.327571
1.09347 0.326106
1.10222 0.324629
1.11098 0.323143
1.11974 0.321646
1.1285 0.320138
1.13726 0.318622
1.14602 0.317096
1.15478 0.315561
1.16354 0.314017
1.17229 0.312465
1.18105 0.310906
1.18981 0.309339
1.19857 0.307764
1.20733 0.306183
1.21609 0.304594
1.22485 0.303
1.23361 0.3014
1.24236 0.299794
1.25112 0.298182
1.25988 0.296566
1.26864 0.294944
1.2774 0.293318
1.28616 0.291688
1.29492 0.290054
1.30367 0.288417
1.31243 0.286776
1.32119 0.285132
1.32995 0.283485
1.33871 0.281835
1.34747 0.280184
1.35623 0.27853
1.36499 0.276874
1.37374 0.275217
1.3825 0.273559
1.39126 0.271899
1.40002 0.270239
1.40878 0.268578
1.41754 0.266917
1.4263 0.265255
1.43506 0.263594
1.44381 0.261933
1.45257 0.260272
1.46133 0.258612
1.47009 0.256954
1.47885 0.255296
1.48761 0.253639
1.49637 0.251985
1.50512 0.250331
1.51388 0.24868
1.52264 0.247031
1.5314 0.245384
1.54016 0.243739
1.54892 0.242098
1.55768 0.240458
1.56644 0.238822
1.57519 0.237189
1.58395 0.235559
1.59271 0.233933
1.60147 0.23231
1.61023 0.230691
1.61899 0.229076
1.62775 0.227465
1.63651 0.225857
1.64526 0.224255
1.65402 0.222656
1.66278 0.221062
1.67154 0.219473
1.6803 0.217888
1.68906 0.216309
1.69782 0.214734
1.70657 0.213165
1.71533 0.2116
1.72409 0.210041
1.73285 0.208488
1.74161 0.20694
1.75037 0.205397
1.75913 0.203861
1.76789 0.20233
1.77664 0.200805
1.7854 0.199286
1.79416 0.197773
1.80292 0.196267
1.81168 0.194766
1.82044 0.193272
1.8292 0.191784
1.83796 0.190303
1.84671 0.188828
1.85547 0.18736
1.86423 0.185899
1.87299 0.184444
1.88175 0.182996
1.89051 0.181555
1.89927 0.18012
1.90802 0.178693
1.91678 0.177273
1.92554 0.17586
1.9343 0.174453
1.94306 0.173054
1.95182 0.171662
1.96058 0.170278
1.96934 0.1689
1.97809 0.16753
1.98685 0.166167
1.99561 0.164812
2.00437 0.163464
2.01313 0.162123
2.02189 0.16079
2.03065 0.159464
2.03941 0.158146
2.04816 0.156835
2.05692 0.155532
2.06568 0.154236
2.07444 0.152948
2.0832 0.151667
2.09196 0.150394
2.10072 0.149129
2.10947 0.147872
2.11823 0.146622
2.12699 0.145379
2.13575 0.144144
2.14451 0.142917
2.15327 0.141698
2.16203 0.140486
2.17079 0.139282
2.17954 0.138086
2.1883 0.136897
2.19706 0.135716
2.20582 0.134543
2.21458 0.133377
2.22334 0.132219
2.2321 0.131069
2.24086 0.129926
2.24961 0.128791
2.25837 0.127663
2.26713 0.126544
2.27589 0.125431
2.28465 0.124327
2.29341 0.12323
2.30217 0.12214
2.31092 0.121059
2.31968 0.119984
2.32844 0.118917
2.3372 0.117858
2.34596 0.116806
2.35472 0.115762
2.36348 0.114725
2.37224 0.113696
2.38099 0.112674
2.38975 0.111659
2.39851 0.110652
2.40727 0.109652
2.41603 0.10866
2.42479 0.107675
2.43355 0.106697
2.44231 0.105726
2.45106 0.104763
2.45982 0.103807
2.46858 0.102858
2.47734 0.101916
2.4861 0.100981
2.49486 0.100054
2.50362 0.0991334
2.51238 0.09822
2.52113 0.0973137
2.52989 0.0964143
2.53865 0.0955218
2.54741 0.0946364
2.55617 0.0937578
2.56493 0.0928861
2.57369 0.0920212
2.58244 0.0911632
2.5912 0.0903119
2.59996 0.0894674
2.60872 0.0886296
2.61748 0.0877985
2.62624 0.086974
2.635 0.0861561
2.64376 0.0853449
2.65251 0.0845402
2.66127 0.083742
2.67003 0.0829503
2.67879 0.082165
2.68755 0.0813862
2.69631 0.0806137
2.70507 0.0798476
2.71383 0.0790878
2.72258 0.0783343
2.73134 0.077587
2.7401 0.0768459
2.74886 0.076111
2.75762 0.0753823
2.76638 0.0746596
2.77514 0.073943
2.78389 0.0732324
2.79265 0.0725279
2.80141 0.0718292
2.81017 0.0711365
2.81893 0.0704497
2.82769 0.0697688
2.83645 0.0690936
2.84521 0.0684242
2.85396 0.0677606
2.86272 0.0671027
2.87148 0.0664504
2.88024 0.0658038
2.889 0.0651627
2.89776 0.0645273
2.90652 0.0638973
2.91528 0.0632728
2.92403 0.0626538
2.93279 0.0620402
2.94155 0.061432
2.95031 0.0608291
2.95907 0.0602315
2.96783 0.0596392
2.97659 0.0590521
2.98534 0.0584702
2.9941 0.0578935
3.00286 0.0573219
3.01162 0.0567554
3.02038 0.056194
3.02914 0.0556375
3.0379 0.0550861
3.04666 0.0545396
3.05541 0.053998
3.06417 0.0534612
3.07293 0.0529294
3.08169 0.0524023
3.09045 0.05188
3.09921 0.0513624
3.10797 0.0508496
3.11673 0.0503414
3.12548 0.0498378
3.13424 0.0493388
3.143 0.0488444
3.15176 0.0483545
3.16052 0.0478691
3.16928 0.0473882
3.17804 0.0469117
3.18679 0.0464396
3.19555 0.0459718
3.20431 0.0455084
3.21307 0.0450492
3.22183 0.0445943
3.23059 0.0441437
3.23935 0.0436972
3.24811 0.0432549
3.25686 0.0428167
3.26562 0.0423826
3.27438 0.0419526
3.28314 0.0415266
3.2919 0.0411046
3.30066 0.0406866
3.30942 0.0402724
3.31818 0.0398622
3.32693 0.0394559
3.33569 0.0390534
3.34445 0.0386547
3.35321 0.0382598
3.36197 0.0378686
3.37073 0.0374812
3.37949 0.0370974
3.38824 0.0367173
3.397 0.0363408
3.40576 0.0359679
3.41452 0.0355986
3.42328 0.0352328
3.43204 0.0348705
3.4408 0.0345117
3.44956 0.0341563
3.45831 0.0338044
3.46707 0.0334558
3.47583 0.0331106
3.48459 0.0327688
3.49335 0.0324302
3.50211 0.0320949
3.51087 0.0317628
3.51963 0.031434
3.52838 0.0311084
3.53714 0.0307859
3.5459 0.0304666
3.55466 0.0301504
3.56342 0.0298372
3.57218 0.0295271
3.58094 0.0292201
3.58969 0.028916
3.59845 0.028615
3.60721 0.0283168
3.61597 0.0280216
3.62473 0.0277293
3.63349 0.0274399
3.64225 0.0271533
3.65101 0.0268696
3.65976 0.0265886
3.66852 0.0263104
3.67728 0.026035
3.68604 0.0257623
3.6948 0.0254923
3.70356 0.025225
3.71232 0.0249603
3.72108 0.0246982
3.72983 0.0244388
3.73859 0.0241819
3.74735 0.0239276
3.75611 0.0236758
3.76487 0.0234266
3.77363 0.0231798
3.78239 0.0229355
3.79114 0.0226936
3.7999 0.0224542
3.80866 0.0222171
3.81742 0.0219825
3.82618 0.0217502
3.83494 0.0215202
3.8437 0.0212925
3.85246 0.0210671
3.86121 0.020844
3.86997 0.0206232
3.87873 0.0204046
3.88749 0.0201881
3.89625 0.0199739
3.90501 0.0197618
3.91377 0.0195519
3.92253 0.0193441
3.93128 0.0191384
3.94004 0.0189348
3.9488 0.0187333
3.95756 0.0185338
3.96632 0.0183364
3.97508 0.0181409
3.98384 0.0179475
3.99259 0.017756
4.00135 0.0175665
4.01011 0.0173789
4.01887 0.0171932
4.02763 0.0170094
4.03639 0.0168275
4.04515 0.0166475
4.05391 0.0164693
4.06266 0.0162929
4.07142 0.0161184
4.08018 0.0159456
4.08894 0.0157746
4.0977 0.0156054
4.10646 0.0154379
4.11522 0.0152721
4.12398 0.0151081
4.13273 0.0149457
4.14149 0.014785
4.15025 0.014626
4.15901 0.0144686
4.16777 0.0143129
4.17653 0.0141587
4.18529 0.0140062
4.19404 0.0138552
4.2028 0.0137058
4.21156 0.013558
4.22032 0.0134116
4.22908 0.0132668
4.23784 0.0131235
4.2466 0.0129817
4.25536 0.0128414
4.26411 0.0127025
4.27287 0.0125651
4.28163 0.0124291
4.29039 0.0122946
4.29915 0.0121614
4.30791 0.0120296
4.31667 0.0118992
4.32543 0.0117702
4.33418 0.0116425
4.34294 0.0115162
4.3517 0.0113911
4.36046 0.0112674
4.36922 0.011145
4.37798 0.0110239
4.38674 0.010904
4.39549 0.0107854
4.40425 0.0106681
4.41301 0.0105519
4.42177 0.010437
4.43053 0.0103234
4.43929 0.0102109
4.44805 0.0100996
4.45681 0.00998944
4.46556 0.00988047
4.47432 0.00977265
4.48308 0.00966597
4.49184 0.00956042
4.5006 0.00945599
4.50936 0.00935266
4.51812 0.00925042
4.52688 0.00914927
4.53563 0.00904919
4.54439 0.00895016
4.55315 0.00885219
4.56191 0.00875526
4.57067 0.00865936
4.57943 0.00856448
4.58819 0.0084706
4.59694 0.00837773
4.6057 0.00828584
4.61446 0.00819493
4.62322 0.00810499
4.63198 0.00801601
4.64074 0.00792797
4.6495 0.00784087
4.65826 0.00775471
4.66701 0.00766946
4.67577 0.00758512
4.68453 0.00750169
4.69329 0.00741914
4.70205 0.00733748
4.71081 0.0072567
4.71957 0.00717677
4.72833 0.00709771
4.73708 0.00701949
4.74584 0.00694211
4.7546 0.00686556
4.76336 0.00678983
4.77212 0.00671491
4.78088 0.0066408
4.78964 0.00656748
4.79839 0.00649495
4.80715 0.0064232
4.81591 0.00635223
4.82467 0.00628201
4.83343 0.00621256
4.84219 0.00614385
4.85095 0.00607588
4.85971 0.00600864
4.86846 0.00594213
4.87722 0.00587634
4.88598 0.00581125
4.89474 0.00574687
4.9035 0.00568319
4.91226 0.00562019
4.92102 0.00555787
4.92978 0.00549623
4.93853 0.00543526
4.94729 0.00537494
4.95605 0.00531528
4.96481 0.00525626
4.97357 0.00519788
4.98233 0.00514014
4.99109 0.00508302
4.99985 0.00502652
5.0086 0.00497064
5.01736 0.00491536
5.02612 0.00486068
5.03488 0.0048066
5.04364 0.0047531
5.0524 0.00470019
5.06116 0.00464785
5.06991 0.00459608
5.07867 0.00454488
5.08743 0.00449423
5.09619 0.00444413
5.10495 0.00439458
5.11371 0.00434557
5.12247 0.00429709
5.13123 0.00424915
5.13998 0.00420172
5.14874 0.00415482
5.1575 0.00410842
5.16626 0.00406253
5.17502 0.00401715
5.18378 0.00397226
5.19254 0.00392786
5.2013 0.00388395
5.21005 0.00384051
5.21881 0.00379756
5.22757 0.00375507
5.23633 0.00371305
5.24509 0.00367149
5.25385 0.00363038
5.26261 0.00358973
5.27136 0.00354952
5.28012 0.00350975
5.28888 0.00347042
5.29764 0.00343152
5.3064 0.00339305
5.31516 0.003355
5.32392 0.00331737
5.33268 0.00328015
5.34143 0.00324334
5.35019 0.00320694
5.35895 0.00317093
5.36771 0.00313533
5.37647 0.00310011
5.38523 0.00306529
5.39399 0.00303084
5.40275 0.00299678
5.4115 0.00296309
5.42026 0.00292977
5.42902 0.00289682
5.43778 0.00286424
5.44654 0.00283201
5.4553 0.00280014
5.46406 0.00276862
5.47281 0.00273745
5.48157 0.00270663
5.49033 0.00267614
5.49909 0.002646
5.50785 0.00261618
5.51661 0.0025867
5.52537 0.00255754
5.53413 0.0025287
5.54288 0.00250019
5.55164 0.00247199
5.5604 0.0024441
5.56916 0.00241652
5.57792 0.00238925
5.58668 0.00236227
5.59544 0.0023356
5.6042 0.00230923
5.61295 0.00228314
5.62171 0.00225735
5.63047 0.00223184
5.63923 0.00220662
5.64799 0.00218167
5.65675 0.00215701
5.66551 0.00213262
5.67426 0.00210849
5.68302 0.00208464
5.69178 0.00206105
5.70054 0.00203773
5.7093 0.00201466
5.71806 0.00199185
5.72682 0.0019693
5.73558 0.00194699
5.74433 0.00192494
5.75309 0.00190313
5.76185 0.00188156
5.77061 0.00186024
5.77937 0.00183915
5.78813 0.0018183
5.79689 0.00179768
5.80565 0.00177729
5.8144 0.00175712
5.82316 0.00173719
5.83192 0.00171747
5.84068 0.00169798
5.84944 0.0016787
5.8582 0.00165964
5.86696 0.00164079
5.87571 0.00162215
5.88447 0.00160373
5.89323 0.0015855
5.90199 0.00156748
5.91075 0.00154967
5.91951 0.00153205
5.92827 0.00151463
5.93703 0.0014974
5.94578 0.00148037
5.95454 0.00146353
5.9633 0.00144688
5.97206 0.00143041
5.98082 0.00141413
5.98958 0.00139803
5.99834 0.00138211
6.0071 0.00136638
6.01585 0.00135081
6.02461 0.00133542
6.03337 0.00132021
6.04213 0.00130516
6.05089 0.00129029
6.05965 0.00127558
6.06841 0.00126104
6.07716 0.00124666
6.08592 0.00123244
6.09468 0.00121838
6.10344 0.00120448
6.1122 0.00119074
6.12096 0.00117715
6.12972 0.00116372
6.13848 0.00115043
6.14723 0.0011373
6.15599 0.00112431
6.16475 0.00111147
6.17351 0.00109877
6.18227 0.00108622
6.19103 0.00107381
6.19979 0.00106154
6.20855 0.0010494
6.2173 0.00103741
6.22606 0.00102555
6.23482 0.00101382
6.24358 0.00100222
6.25234 0.000990759
6.2611 0.000979425
6.26986 0.000968218
