-2.80037 0.000338841
-2.79275 0.000346687
-2.78513 0.000354716
-2.77752 0.000362931
-2.7699 0.000371336
-2.76229 0.000379937
-2.75467 0.000388738
-2.74706 0.000397743
-2.73944 0.000406957
-2.73183 0.000416385
-2.72421 0.000426032
-2.7166 0.000435903
-2.70898 0.000446003
-2.70136 0.000456337
-2.69375 0.000466912
-2.68613 0.000477732
-2.67852 0.000488804
-2.6709 0.000500133
-2.66329 0.000511725
-2.65567 0.000523586
-2.64806 0.000535723
-2.64044 0.000548141
-2.63283 0.000560849
-2.62521 0.000573851
-2.6176 0.000587155
-2.60998 0.000600769
-2.60236 0.000614699
-2.59475 0.000628952
-2.58713 0.000643537
-2.57952 0.00065846
-2.5719 0.00067373
-2.56429 0.000689355
-2.55667 0.000705343
-2.54906 0.000721703
-2.54144 0.000738443
-2.53383 0.000755571
-2.52621 0.000773098
-2.51859 0.000791032
-2.51098 0.000809383
-2.50336 0.00082816
-2.49575 0.000847373
-2.48813 0.000867033
-2.48052 0.00088715
-2.4729 0.000907734
-2.46529 0.000928796
-2.45767 0.000950348
-2.45006 0.000972401
-2.44244 0.000994967
-2.43482 0.00101806
-2.42721 0.00104168
-2.41959 0.00106586
-2.41198 0.00109059
-2.40436 0.00111591
-2.39675 0.00114181
-2.38913 0.00116831
-2.38152 0.00119543
-2.3739 0.00122317
-2.36629 0.00125157
-2.35867 0.00128062
-2.35106 0.00131034
-2.34344 0.00134076
-2.33582 0.00137189
-2.32821 0.00140373
-2.32059 0.00143632
-2.31298 0.00146967
-2.30536 0.00150378
-2.29775 0.0015387
-2.29013 0.00157442
-2.28252 0.00161097
-2.2749 0.00164837
-2.26729 0.00168664
-2.25967 0.0017258
-2.25205 0.00176587
-2.24444 0.00180687
-2.23682 0.00184882
-2.22921 0.00189174
-2.22159 0.00193566
-2.21398 0.0019806
-2.20636 0.00202659
-2.19875 0.00207364
-2.19113 0.00212178
-2.18352 0.00217104
-2.1759 0.00222145
-2.16828 0.00227302
-2.16067 0.00232579
-2.15305 0.00237979
-2.14544 0.00243504
-2.13782 0.00249156
-2.13021 0.00254941
-2.12259 0.00260859
-2.11498 0.00266914
-2.10736 0.0027311
-2.09975 0.0027945
-2.09213 0.00285936
-2.08452 0.00292573
-2.0769 0.00299364
-2.06928 0.00306312
-2.06167 0.00313421
-2.05405 0.00320695
-2.04644 0.00328137
-2.03882 0.00335752
-2.03121 0.00343543
-2.02359 0.00351515
-2.01598 0.00359671
-2.00836 0.00368016
-2.00075 0.00376554
-1.99313 0.0038529
-1.98551 0.00394228
-1.9779 0.00403372
-1.97028 0.00412728
-1.96267 0.00422301
-1.95505 0.00432095
-1.94744 0.00442115
-1.93982 0.00452367
-1.93221 0.00462855
-1.92459 0.00473587
-1.91698 0.00484566
-1.90936 0.00495798
-1.90174 0.0050729
-1.89413 0.00519047
-1.88651 0.00531076
-1.8789 0.00543382
-1.87128 0.00555971
-1.86367 0.00568852
-1.85605 0.00582029
-1.84844 0.0059551
-1.84082 0.00609301
-1.83321 0.00623411
-1.82559 0.00637845
-1.81798 0.00652611
-1.81036 0.00667718
-1.80274 0.00683172
-1.79513 0.00698981
-1.78751 0.00715154
-1.7799 0.00731699
-1.77228 0.00748624
-1.76467 0.00765938
-1.75705 0.00783649
-1.74944 0.00801767
-1.74182 0.008203
-1.73421 0.00839259
-1.72659 0.00858653
-1.71897 0.00878491
-1.71136 0.00898783
-1.70374 0.0091954
-1.69613 0.00940773
-1.68851 0.00962491
-1.6809 0.00984706
-1.67328 0.0100743
-1.66567 0.0103067
-1.65805 0.0105444
-1.65044 0.0107876
-1.64282 0.0110363
-1.6352 0.0112907
-1.62759 0.0115508
-1.61997 0.011817
-1.61236 0.0120891
-1.60474 0.0123675
-1.59713 0.0126522
-1.58951 0.0129433
-1.5819 0.0132411
-1.57428 0.0135456
-1.56667 0.0138571
-1.55905 0.0141756
-1.55143 0.0145013
-1.54382 0.0148344
-1.5362 0.015175
-1.52859 0.0155233
-1.52097 0.0158796
-1.51336 0.0162438
-1.50574 0.0166163
-1.49813 0.0169971
-1.49051 0.0173866
-1.4829 0.0177848
-1.47528 0.018192
-1.46767 0.0186083
-1.46005 0.019034
-1.45243 0.0194692
-1.44482 0.0199142
-1.4372 0.0203692
-1.42959 0.0208343
-1.42197 0.0213098
-1.41436 0.021796
-1.40674 0.022293
-1.39913 0.0228011
-1.39151 0.0233205
-1.3839 0.0238514
-1.37628 0.0243942
-1.36866 0.024949
-1.36105 0.025516
-1.35343 0.0260957
-1.34582 0.0266882
-1.3382 0.0272937
-1.33059 0.0279126
-1.32297 0.0285452
-1.31536 0.0291917
-1.30774 0.0298523
-1.30013 0.0305275
-1.29251 0.0312175
-1.28489 0.0319226
-1.27728 0.0326431
-1.26966 0.0333793
-1.26205 0.0341316
-1.25443 0.0349002
-1.24682 0.0356856
-1.2392 0.036488
-1.23159 0.0373077
-1.22397 0.0381452
-1.21636 0.0390007
-1.20874 0.0398747
-1.20113 0.0407674
-1.19351 0.0416794
-1.18589 0.0426108
-1.17828 0.0435622
-1.17066 0.0445339
-1.16305 0.0455262
-1.15543 0.0465397
-1.14782 0.0475746
-1.1402 0.0486315
-1.13259 0.0497106
-1.12497 0.0508125
-1.11736 0.0519376
-1.10974 0.0530862
-1.10212 0.0542589
-1.09451 0.055456
-1.08689 0.0566781
-1.07928 0.0579255
-1.07166 0.0591987
-1.06405 0.0604982
-1.05643 0.0618245
-1.04882 0.063178
-1.0412 0.0645592
-1.03359 0.0659685
-1.02597 0.0674066
-1.01835 0.0688738
-1.01074 0.0703706
-1.00312 0.0718976
-0.995508 0.0734552
-0.987893 0.075044
-0.980278 0.0766645
-0.972662 0.0783172
-0.965047 0.0800025
-0.957431 0.0817211
-0.949816 0.0834734
-0.9422 0.0852599
-0.934585 0.0870813
-0.92697 0.0889379
-0.919354 0.0908304
-0.911739 0.0927592
-0.904123 0.0947249
-0.896508 0.096728
-0.888892 0.0987691
-0.881277 0.100849
-0.873662 0.102967
-0.866046 0.105125
-0.858431 0.107323
-0.850815 0.109562
-0.8432 0.111842
-0.835584 0.114163
-0.827969 0.116526
-0.820354 0.118932
-0.812738 0.121381
-0.805123 0.123874
-0.797507 0.12641
-0.789892 0.128991
-0.782276 0.131617
-0.774661 0.134289
-0.767046 0.137006
-0.75943 0.139769
-0.751815 0.14258
-0.744199 0.145437
-0.736584 0.148342
-0.728968 0.151294
-0.721353 0.154295
-0.713738 0.157344
-0.706122 0.160442
-0.698507 0.163589
-0.690891 0.166786
-0.683276 0.170032
-0.67566 0.173328
-0.668045 0.176674
-0.66043 0.180071
-0.652814 0.183517
-0.645199 0.187015
-0.637583 0.190563
-0.629968 0.194161
-0.622352 0.197811
-0.614737 0.201511
-0.607122 0.205261
-0.599506 0.209062
-0.591891 0.212914
-0.584275 0.216816
-0.57666 0.220768
-0.569044 0.224769
-0.561429 0.22882
-0.553814 0.232921
-0.546198 0.23707
-0.538583 0.241268
-0.530967 0.245513
-0.523352 0.249806
-0.515736 0.254145
-0.508121 0.258531
-0.500506 0.262962
-0.49289 0.267438
-0.485275 0.271957
-0.477659 0.27652
-0.470044 0.281125
-0.462428 0.28577
-0.454813 0.290456
-0.447197 0.29518
-0.439582 0.299942
-0.431967 0.304741
-0.424351 0.309575
-0.416736 0.314442
-0.40912 0.319341
-0.401505 0.324272
-0.393889 0.329231
-0.386274 0.334218
-0.378659 0.339231
-0.371043 0.344267
-0.363428 0.349326
-0.355812 0.354405
-0.348197 0.359502
-0.340581 0.364615
-0.332966 0.369742
-0.325351 0.374881
-0.317735 0.380029
-0.31012 0.385184
-0.302504 0.390345
-0.294889 0.395507
-0.287273 0.40067
-0.279658 0.405829
-0.272043 0.410984
-0.264427 0.41613
-0.256812 0.421266
-0.249196 0.426388
-0.241581 0.431494
-0.233965 0.43658
-0.22635 0.441645
-0.218735 0.446685
-0.211119 0.451697
-0.203504 0.456678
-0.195888 0.461625
-0.188273 0.466536
-0.180657 0.471407
-0.173042 0.476234
-0.165427 0.481016
-0.157811 0.485749
-0.150196 0.49043
-0.14258 0.495056
-0.134965 0.499624
-0.127349 0.504131
-0.119734 0.508574
-0.112119 0.512949
-0.104503 0.517255
-0.0968877 0.521489
-0.0892722 0.525646
-0.0816568 0.529725
-0.0740414 0.533724
-0.066426 0.537638
-0.0588105 0.541466
-0.0511951 0.545204
-0.0435797 0.548852
-0.0359642 0.552405
-0.0283488 0.555862
-0.0207334 0.559221
-0.0131179 0.562479
-0.00550251 0.565635
0.00211292 0.568685
0.00972835 0.571629
0.0173438 0.574465
0.0249592 0.57719
0.0325746 0.579804
0.0401901 0.582304
0.0478055 0.584691
0.0554209 0.586961
0.0630364 0.589114
0.0706518 0.59115
0.0782672 0.593066
0.0858827 0.594863
0.0934981 0.596539
0.101114 0.598095
0.108729 0.599529
0.116344 0.600841
0.12396 0.602032
0.131575 0.6031
0.139191 0.604047
0.146806 0.604871
0.154422 0.605574
0.162037 0.606155
0.169652 0.606615
0.177268 0.606956
0.184883 0.607176
0.192499 0.607277
0.200114 0.607261
0.20773 0.607127
0.215345 0.606877
0.22296 0.606512
0.230576 0.606034
0.238191 0.605442
0.245807 0.60474
0.253422 0.603929
0.261038 0.603009
0.268653 0.601982
0.276268 0.600851
0.283884 0.599617
0.291499 0.598281
0.299115 0.596846
0.30673 0.595314
0.314346 0.593685
0.321961 0.591963
0.329576 0.590149
0.337192 0.588246
0.344807 0.586255
0.352423 0.584179
0.360038 0.582019
0.367654 0.579778
0.375269 0.577458
0.382884 0.575061
0.3905 0.57259
0.398115 0.570046
0.405731 0.567432
0.413346 0.56475
0.420962 0.562002
0.428577 0.559191
0.436192 0.556318
0.443808 0.553387
0.451423 0.550398
0.459039 0.547355
0.466654 0.544259
0.47427 0.541112
0.481885 0.537917
0.4895 0.534676
0.497116 0.531391
0.504731 0.528064
0.512347 0.524697
0.519962 0.521292
0.527578 0.517851
0.535193 0.514376
0.542808 0.510869
0.550424 0.507331
0.558039 0.503765
0.565655 0.500173
0.57327 0.496556
0.580886 0.492916
0.588501 0.489255
0.596117 0.485574
0.603732 0.481876
0.611347 0.478161
0.618963 0.474432
0.626578 0.470689
0.634194 0.466935
0.641809 0.463171
0.649425 0.459398
0.65704 0.455618
0.664655 0.451832
0.672271 0.448042
0.679886 0.444248
0.687502 0.440452
0.695117 0.436656
0.702733 0.43286
0.710348 0.429065
0.717963 0.425274
0.725579 0.421486
0.733194 0.417703
0.74081 0.413925
0.748425 0.410155
0.756041 0.406392
0.763656 0.402638
0.771271 0.398894
0.778887 0.39516
0.786502 0.391437
0.794118 0.387727
0.801733 0.384029
0.809349 0.380345
0.816964 0.376675
0.824579 0.37302
0.832195 0.36938
0.83981 0.365757
0.847426 0.36215
0.855041 0.358561
0.862657 0.35499
0.870272 0.351437
0.877887 0.347903
0.885503 0.344388
0.893118 0.340893
0.900734 0.337418
0.908349 0.333965
0.915965 0.330532
0.92358 0.32712
0.931195 0.32373
0.938811 0.320362
0.946426 0.317017
0.954042 0.313694
0.961657 0.310394
0.969273 0.307117
0.976888 0.303864
0.984503 0.300634
0.992119 0.297428
0.999734 0.294246
1.00735 0.291088
1.01497 0.287954
1.02258 0.284845
1.0302 0.28176
1.03781 0.2787
1.04543 0.275664
1.05304 0.272654
1.06066 0.269668
1.06827 0.266707
1.07589 0.263771
1.0835 0.260861
1.09112 0.257975
1.09873 0.255115
1.10635 0.252279
1.11397 0.249469
1.12158 0.246684
1.1292 0.243924
1.13681 0.241189
1.14443 0.238479
1.15204 0.235794
1.15966 0.233134
1.16727 0.230499
1.17489 0.227888
1.1825 0.225303
1.19012 0.222742
1.19774 0.220206
1.20535 0.217694
1.21297 0.215207
1.22058 0.212744
1.2282 0.210305
1.23581 0.20789
1.24343 0.2055
1.25104 0.203133
1.25866 0.20079
1.26627 0.198471
1.27389 0.196175
1.28151 0.193903
1.28912 0.191654
1.29674 0.189428
1.30435 0.187225
1.31197 0.185045
1.31958 0.182888
1.3272 0.180753
1.33481 0.178641
1.34243 0.176551
1.35004 0.174483
1.35766 0.172437
1.36528 0.170413
1.37289 0.16841
1.38051 0.166429
1.38812 0.164469
1.39574 0.162531
1.40335 0.160613
1.41097 0.158716
1.41858 0.15684
1.4262 0.154985
1.43381 0.153149
1.44143 0.151334
1.44904 0.149539
1.45666 0.147764
1.46428 0.146008
1.47189 0.144272
1.47951 0.142555
1.48712 0.140858
1.49474 0.139179
1.50235 0.137519
1.50997 0.135878
1.51758 0.134256
1.5252 0.132651
1.53281 0.131065
1.54043 0.129497
1.54805 0.127946
1.55566 0.126413
1.56328 0.124898
1.57089 0.1234
1.57851 0.121919
1.58612 0.120455
1.59374 0.119008
1.60135 0.117577
1.60897 0.116163
1.61658 0.114765
1.6242 0.113384
1.63182 0.112018
1.63943 0.110668
1.64705 0.109334
1.65466 0.108015
1.66228 0.106712
1.66989 0.105424
1.67751 0.104151
1.68512 0.102892
1.69274 0.101649
1.70035 0.10042
1.70797 0.0992053
1.71558 0.098005
1.7232 0.0968188
1.73082 0.0956466
1.73843 0.0944882
1.74605 0.0933434
1.75366 0.0922121
1.76128 0.0910942
1.76889 0.0899895
1.77651 0.0888979
1.78412 0.0878193
1.79174 0.0867534
1.79935 0.0857002
1.80697 0.0846595
1.81459 0.0836312
1.8222 0.0826151
1.82982 0.0816112
1.83743 0.0806192
1.84505 0.079639
1.85266 0.0786706
1.86028 0.0777137
1.86789 0.0767683
1.87551 0.0758342
1.88312 0.0749113
1.89074 0.0739994
1.89836 0.0730985
1.90597 0.0722084
1.91359 0.071329
1.9212 0.0704602
1.92882 0.0696018
1.93643 0.0687537
1.94405 0.0679159
1.95166 0.0670881
1.95928 0.0662703
1.96689 0.0654624
1.97451 0.0646643
1.98212 0.0638757
1.98974 0.0630968
1.99736 0.0623272
2.00497 0.0615669
2.01259 0.0608158
2.0202 0.0600738
2.02782 0.0593408
2.03543 0.0586167
2.04305 0.0579014
2.05066 0.0571947
2.05828 0.0564966
2.06589 0.055807
2.07351 0.0551257
2.08113 0.0544527
2.08874 0.0537879
2.09636 0.0531312
2.10397 0.0524825
2.11159 0.0518416
2.1192 0.0512086
2.12682 0.0505832
2.13443 0.0499655
2.14205 0.0493553
2.14966 0.0487525
2.15728 0.0481571
2.1649 0.0475689
2.17251 0.0469879
2.18013 0.0464139
2.18774 0.045847
2.19536 0.045287
2.20297 0.0447338
2.21059 0.0441874
2.2182 0.0436477
2.22582 0.0431145
2.23343 0.0425879
2.24105 0.0420677
2.24866 0.0415538
2.25628 0.0410462
2.2639 0.0405449
2.27151 0.0400496
2.27913 0.0395604
2.28674 0.0390772
2.29436 0.0386
2.30197 0.0381285
2.30959 0.0376628
2.3172 0.0372028
2.32482 0.0367485
2.33243 0.0362997
2.34005 0.0358564
2.34767 0.0354186
2.35528 0.0349861
2.3629 0.0345589
2.37051 0.0341369
2.37813 0.0337201
2.38574 0.0333084
2.39336 0.0329017
2.40097 0.0325001
2.40859 0.0321033
2.4162 0.0317114
2.42382 0.0313244
2.43144 0.030942
2.43905 0.0305644
2.44667 0.0301914
2.45428 0.0298229
2.4619 0.029459
2.46951 0.0290996
2.47713 0.0287445
2.48474 0.0283938
2.49236 0.0280474
2.49997 0.0277053
2.50759 0.0273673
2.51521 0.0270335
2.52282 0.0267038
2.53044 0.0263781
2.53805 0.0260565
2.54567 0.0257388
2.55328 0.0254249
2.5609 0.025115
2.56851 0.0248088
2.57613 0.0245064
2.58374 0.0242077
2.59136 0.0239126
2.59897 0.0236212
2.60659 0.0233333
2.61421 0.023049
2.62182 0.0227682
2.62944 0.0224908
2.63705 0.0222169
2.64467 0.0219462
2.65228 0.0216789
2.6599 0.0214149
2.66751 0.0211541
2.67513 0.0208966
2.68274 0.0206422
2.69036 0.0203909
2.69798 0.0201426
2.70559 0.0198975
2.71321 0.0196553
2.72082 0.0194161
2.72844 0.0191799
2.73605 0.0189465
2.74367 0.018716
2.75128 0.0184883
2.7589 0.0182634
2.76651 0.0180413
2.77413 0.0178219
2.78175 0.0176052
2.78936 0.0173912
2.79698 0.0171797
2.80459 0.0169709
2.81221 0.0167646
2.81982 0.0165609
2.82744 0.0163596
2.83505 0.0161608
2.84267 0.0159645
2.85028 0.0157706
2.8579 0.015579
2.86551 0.0153898
2.87313 0.0152029
2.88075 0.0150183
2.88836 0.0148359
2.89598 0.0146558
2.90359 0.0144779
2.91121 0.0143022
2.91882 0.0141286
2.92644 0.0139572
2.93405 0.0137878
2.94167 0.0136205
2.94928 0.0134553
2.9569 0.0132921
2.96452 0.0131309
2.97213 0.0129717
2.97975 0.0128144
2.98736 0.012659
2.99498 0.0125056
3.00259 0.012354
3.01021 0.0122043
3.01782 0.0120564
3.02544 0.0119103
3.03305 0.011766
3.04067 0.0116234
3.04829 0.0114827
3.0559 0.0113436
3.06352 0.0112062
3.07113 0.0110705
3.07875 0.0109365
3.08636 0.0108041
3.09398 0.0106733
3.10159 0.0105442
3.10921 0.0104166
3.11682 0.0102905
3.12444 0.010166
3.13205 0.010043
3.13967 0.00992157
3.14729 0.00980158
3.1549 0.00968305
3.16252 0.00956597
3.17013 0.00945032
3.17775 0.00933609
3.18536 0.00922324
3.19298 0.00911178
3.20059 0.00900167
3.20821 0.00889291
3.21582 0.00878548
3.22344 0.00867936
3.23106 0.00857453
3.23867 0.00847098
3.24629 0.00836869
3.2539 0.00826765
3.26152 0.00816784
3.26913 0.00806925
3.27675 0.00797186
3.28436 0.00787566
3.29198 0.00778063
3.29959 0.00768676
3.30721 0.00759404
3.31483 0.00750244
3.32244 0.00741196
3.33006 0.00732258
3.33767 0.00723429
3.34529 0.00714707
3.3529 0.00706092
3.36052 0.00697581
3.36813 0.00689174
3.37575 0.0068087
3.38336 0.00672667
3.39098 0.00664563
3.39859 0.00656558
3.40621 0.0064865
3.41383 0.00640839
3.42144 0.00633123
3.42906 0.006255
3.43667 0.0061797
3.44429 0.00610532
3.4519 0.00603184
3.45952 0.00595925
3.46713 0.00588755
3.47475 0.00581672
3.48236 0.00574675
3.48998 0.00567763
3.4976 0.00560935
3.50521 0.0055419
3.51283 0.00547526
3.52044 0.00540944
3.52806 0.00534442
3.53567 0.00528018
3.54329 0.00521673
3.5509 0.00515404
3.55852 0.00509212
3.56613 0.00503095
3.57375 0.00497052
3.58137 0.00491082
3.58898 0.00485185
3.5966 0.00479359
3.60421 0.00473604
3.61183 0.00467919
3.61944 0.00462303
3.62706 0.00456754
3.63467 0.00451273
3.64229 0.00445859
3.6499 0.0044051
3.65752 0.00435226
3.66514 0.00430005
3.67275 0.00424849
3.68037 0.00419754
3.68798 0.00414721
3.6956 0.0040975
3.70321 0.00404838
3.71083 0.00399986
3.71844 0.00395193
3.72606 0.00390457
3.73367 0.00385779
3.74129 0.00381158
3.7489 0.00376592
3.75652 0.00372082
3.76414 0.00367626
3.77175 0.00363224
3.77937 0.00358875
3.78698 0.00354579
3.7946 0.00350335
3.80221 0.00346142
3.80983 0.00342
3.81744 0.00337908
3.82506 0.00333865
3.83267 0.00329872
3.84029 0.00325926
3.84791 0.00322028
3.85552 0.00318177
3.86314 0.00314373
3.87075 0.00310614
3.87837 0.00306901
3.88598 0.00303233
3.8936 0.00299609
3.90121 0.00296029
3.90883 0.00292492
3.91644 0.00288998
3.92406 0.00285545
3.93168 0.00282135
3.93929 0.00278765
3.94691 0.00275437
3.95452 0.00272148
3.96214 0.00268899
3.96975 0.00265689
3.97737 0.00262518
3.98498 0.00259385
3.9926 0.0025629
4.00021 0.00253232
4.00783 0.00250211
4.01544 0.00247226
4.02306 0.00244277
4.03068 0.00241364
4.03829 0.00238486
4.04591 0.00235643
4.05352 0.00232833
4.06114 0.00230058
4.06875 0.00227316
4.07637 0.00224607
4.08398 0.0022193
4.0916 0.00219286
4.09921 0.00216673
4.10683 0.00214092
4.11445 0.00211542
4.12206 0.00209023
4.12968 0.00206534
4.13729 0.00204075
4.14491 0.00201645
4.15252 0.00199245
4.16014 0.00196873
4.16775 0.0019453
4.17537 0.00192215
4.18298 0.00189928
4.1906 0.00187668
4.19822 0.00185436
4.20583 0.0018323
4.21345 0.00181051
4.22106 0.00178898
4.22868 0.00176771
4.23629 0.00174669
4.24391 0.00172593
4.25152 0.00170541
4.25914 0.00168514
4.26675 0.00166511
4.27437 0.00164533
4.28198 0.00162578
4.2896 0.00160646
4.29722 0.00158738
4.30483 0.00156853
4.31245 0.0015499
4.32006 0.00153149
4.32768 0.00151331
4.33529 0.00149534
4.34291 0.00147759
4.35052 0.00146005
4.35814 0.00144273
4.36575 0.0014256
4.37337 0.00140869
4.38099 0.00139197
4.3886 0.00137546
4.39622 0.00135915
4.40383 0.00134303
4.41145 0.0013271
4.41906 0.00131136
4.42668 0.00129581
4.43429 0.00128045
4.44191 0.00126527
4.44952 0.00125027
4.45714 0.00123546
4.46476 0.00122081
4.47237 0.00120635
4.47999 0.00119206
4.4876 0.00117793
4.49522 0.00116398
4.50283 0.00115019
4.51045 0.00113657
4.51806 0.00112311
4.52568 0.00110982
4.53329 0.00109668
4.54091 0.00108369
4.54853 0.00107087
4.55614 0.00105819
4.56376 0.00104567
4.57137 0.0010333
4.57899 0.00102107
4.5866 0.00100899
4.59422 0.000997055
4.60183 0.000985262
4.60945 0.000973609
4.61706 0.000962096
4.62468 0.000950719
4.63229 0.000939479
4.63991 0.000928372
4.64753 0.000917398
4.65514 0.000906555
4.66276 0.000895841
4.67037 0.000885255
4.67799 0.000874795
4.6856 0.000864459
4.69322 0.000854247
4.70083 0.000844156
4.70845 0.000834186
4.71606 0.000824334
4.72368 0.0008146
4.7313 0.000804982
4.73891 0.000795478
4.74653 0.000786087
4.75414 0.000776808
4.76176 0.000767639
4.76937 0.00075858
4.77699 0.000749628
4.7846 0.000740783
4.79222 0.000732044
4.79983 0.000723408
4.80745 0.000714875
