-3.71517 0.000508475
-3.69431 0.000528372
-3.67344 0.000549038
-3.65258 0.000570505
-3.63172 0.000592801
-3.61085 0.000615958
-3.58999 0.00064001
-3.56913 0.00066499
-3.54826 0.000690934
-3.5274 0.000717878
-3.50654 0.000745859
-3.48567 0.000774918
-3.46481 0.000805095
-3.44395 0.000836432
-3.42308 0.000868974
-3.40222 0.000902765
-3.38136 0.000937853
-3.36049 0.000974286
-3.33963 0.00101212
-3.31877 0.00105139
-3.2979 0.00109218
-3.27704 0.00113452
-3.25618 0.00117848
-3.23531 0.00122411
-3.21445 0.00127149
-3.19359 0.00132068
-3.17272 0.00137174
-3.15186 0.00142474
-3.131 0.00147976
-3.11013 0.00153687
-3.08927 0.00159615
-3.06841 0.00165768
-3.04754 0.00172154
-3.02668 0.00178782
-3.00582 0.0018566
-2.98495 0.00192799
-2.96409 0.00200208
-2.94323 0.00207896
-2.92236 0.00215874
-2.9015 0.00224152
-2.88064 0.00232742
-2.85977 0.00241655
-2.83891 0.00250902
-2.81805 0.00260497
-2.79718 0.00270451
-2.77632 0.00280777
-2.75546 0.0029149
-2.73459 0.00302602
-2.71373 0.0031413
-2.69287 0.00326087
-2.672 0.00338488
-2.65114 0.00351351
-2.63028 0.00364692
-2.60941 0.00378527
-2.58855 0.00392874
-2.56769 0.00407752
-2.54682 0.0042318
-2.52596 0.00439176
-2.5051 0.00455762
-2.48423 0.00472958
-2.46337 0.00490785
-2.44251 0.00509266
-2.42164 0.00528424
-2.40078 0.00548282
-2.37992 0.00568864
-2.35905 0.00590197
-2.33819 0.00612306
-2.31733 0.00635218
-2.29646 0.0065896
-2.2756 0.00683562
-2.25474 0.00709053
-2.23387 0.00735462
-2.21301 0.00762822
-2.19215 0.00791165
-2.17128 0.00820524
-2.15042 0.00850933
-2.12955 0.00882427
-2.10869 0.00915044
-2.08783 0.00948819
-2.06696 0.00983793
-2.0461 0.0102
-2.02524 0.0105749
-2.00437 0.010963
-1.98351 0.0113647
-1.96265 0.0117805
-1.94178 0.0122108
-1.92092 0.0126561
-1.90006 0.0131169
-1.87919 0.0135937
-1.85833 0.0140869
-1.83747 0.0145971
-1.8166 0.0151248
-1.79574 0.0156705
-1.77488 0.0162349
-1.75401 0.0168185
-1.73315 0.0174218
-1.71229 0.0180455
-1.69142 0.0186902
-1.67056 0.0193564
-1.6497 0.0200449
-1.62883 0.0207562
-1.60797 0.0214911
-1.58711 0.0222502
-1.56624 0.0230342
-1.54538 0.0238437
-1.52452 0.0246796
-1.50365 0.0255424
-1.48279 0.026433
-1.46193 0.0273521
-1.44106 0.0283003
-1.4202 0.0292786
-1.39934 0.0302876
-1.37847 0.0313281
-1.35761 0.0324009
-1.33675 0.0335067
-1.31588 0.0346464
-1.29502 0.0358207
-1.27416 0.0370304
-1.25329 0.0382764
-1.23243 0.0395592
-1.21157 0.0408799
-1.1907 0.042239
-1.16984 0.0436374
-1.14898 0.0450759
-1.12811 0.046555
-1.10725 0.0480757
-1.08639 0.0496385
-1.06552 0.051244
-1.04466 0.0528931
-1.0238 0.0545862
-1.00293 0.056324
-0.982069 0.0581069
-0.961206 0.0599355
-0.940343 0.0618102
-0.919479 0.0637315
-0.898616 0.0656995
-0.877752 0.0677147
-0.856889 0.0697772
-0.836026 0.0718872
-0.815162 0.0740446
-0.794299 0.0762495
-0.773436 0.0785018
-0.752572 0.0808011
-0.731709 0.0831472
-0.710845 0.0855396
-0.689982 0.0879778
-0.669119 0.0904611
-0.648255 0.0929886
-0.627392 0.0955594
-0.606529 0.0981724
-0.585665 0.100826
-0.564802 0.10352
-0.543938 0.106251
-0.523075 0.109019
-0.502212 0.111821
-0.481348 0.114656
-0.460485 0.11752
-0.439622 0.120412
-0.418758 0.12333
-0.397895 0.12627
-0.377031 0.129229
-0.356168 0.132204
-0.335305 0.135193
-0.314441 0.138192
-0.293578 0.141197
-0.272715 0.144205
-0.251851 0.147212
-0.230988 0.150214
-0.210124 0.153207
-0.189261 0.156188
-0.168398 0.159152
-0.147534 0.162095
-0.126671 0.165013
-0.105808 0.167902
-0.0849442 0.170759
-0.0640808 0.173578
-0.0432174 0.176357
-0.0223541 0.179092
-0.00149069 0.181778
0.0193727 0.184413
0.0402361 0.186993
0.0610994 0.189515
0.0819628 0.191976
0.102826 0.194373
0.12369 0.196704
0.144553 0.198966
0.165416 0.201157
0.18628 0.203276
0.207143 0.205321
0.228006 0.20729
0.24887 0.209182
0.269733 0.210996
0.290597 0.212732
0.31146 0.214388
0.332323 0.215966
0.353187 0.217464
0.37405 0.218882
0.394913 0.220221
0.415777 0.221482
0.43664 0.222664
0.457504 0.223768
0.478367 0.224796
0.49923 0.225749
0.520094 0.226626
0.540957 0.22743
0.56182 0.228161
0.582684 0.228822
0.603547 0.229412
0.624411 0.229935
0.645274 0.23039
0.666137 0.230781
0.687001 0.231107
0.707864 0.231371
0.728727 0.231574
0.749591 0.231719
0.770454 0.231805
0.791318 0.231836
0.812181 0.231812
0.833044 0.231736
0.853908 0.231609
0.874771 0.231431
0.895634 0.231206
0.916498 0.230934
0.937361 0.230618
0.958225 0.230257
0.979088 0.229854
0.999951 0.229411
1.02081 0.228929
1.04168 0.228408
1.06254 0.227851
1.0834 0.227259
1.10427 0.226633
1.12513 0.225974
1.14599 0.225284
1.16686 0.224564
1.18772 0.223815
1.20859 0.223037
1.22945 0.222233
1.25031 0.221404
1.27118 0.220549
1.29204 0.219672
1.3129 0.218771
1.33377 0.217849
1.35463 0.216907
1.37549 0.215945
1.39636 0.214964
1.41722 0.213965
1.43808 0.212949
1.45895 0.211916
1.47981 0.210869
1.50067 0.209806
1.52154 0.20873
1.5424 0.207641
1.56326 0.206539
1.58413 0.205425
1.60499 0.2043
1.62585 0.203165
1.64672 0.20202
1.66758 0.200865
1.68844 0.199702
1.70931 0.198531
1.73017 0.197352
1.75103 0.196167
1.7719 0.194975
1.79276 0.193777
1.81362 0.192573
1.83449 0.191364
1.85535 0.190151
1.87621 0.188934
1.89708 0.187713
1.91794 0.186489
1.9388 0.185262
1.95967 0.184032
1.98053 0.1828
2.00139 0.181567
2.02226 0.180332
2.04312 0.179096
2.06398 0.177859
2.08485 0.176622
2.10571 0.175384
2.12657 0.174147
2.14744 0.17291
2.1683 0.171674
2.18916 0.170439
2.21003 0.169205
2.23089 0.167972
2.25175 0.166741
2.27262 0.165512
2.29348 0.164286
2.31434 0.163061
2.33521 0.161839
2.35607 0.16062
2.37693 0.159404
2.3978 0.158191
2.41866 0.156981
2.43952 0.155775
2.46039 0.154572
2.48125 0.153374
2.50211 0.152179
2.52298 0.150988
2.54384 0.149801
2.5647 0.148619
2.58557 0.147441
2.60643 0.146268
2.62729 0.145099
2.64816 0.143935
2.66902 0.142777
2.68988 0.141623
2.71075 0.140474
2.73161 0.139331
2.75247 0.138193
2.77334 0.13706
2.7942 0.135932
2.81506 0.134811
2.83593 0.133694
2.85679 0.132584
2.87766 0.131479
2.89852 0.13038
2.91938 0.129287
2.94025 0.1282
2.96111 0.127119
2.98197 0.126044
3.00284 0.124975
3.0237 0.123912
3.04456 0.122855
3.06543 0.121804
3.08629 0.12076
3.10715 0.119722
3.12802 0.11869
3.14888 0.117664
3.16974 0.116645
3.19061 0.115632
3.21147 0.114626
3.23233 0.113626
3.2532 0.112632
3.27406 0.111645
3.29492 0.110664
3.31579 0.10969
3.33665 0.108722
3.35751 0.107761
3.37838 0.106806
3.39924 0.105857
3.4201 0.104915
3.44097 0.10398
3.46183 0.103051
3.48269 0.102129
3.50356 0.101213
3.52442 0.100303
3.54528 0.0994001
3.56615 0.0985035
3.58701 0.0976134
3.60787 0.0967298
3.62874 0.0958526
3.6496 0.0949818
3.67046 0.0941174
3.69133 0.0932595
3.71219 0.0924079
3.73305 0.0915627
3.75392 0.0907238
3.77478 0.0898913
3.79564 0.0890651
3.81651 0.0882452
3.83737 0.0874316
3.85823 0.0866243
3.8791 0.0858232
3.89996 0.0850283
3.92082 0.0842396
3.94169 0.0834571
3.96255 0.0826808
3.98341 0.0819105
4.00428 0.0811464
4.02514 0.0803883
4.046 0.0796363
4.06687 0.0788903
4.08773 0.0781504
4.10859 0.0774164
4.12946 0.0766883
4.15032 0.0759661
4.17118 0.0752499
4.19205 0.0745395
4.21291 0.0738349
4.23377 0.0731361
4.25464 0.0724431
4.2755 0.0717559
4.29636 0.0710743
4.31723 0.0703984
4.33809 0.0697282
4.35895 0.0690636
4.37982 0.0684046
4.40068 0.0677511
4.42154 0.0671032
4.44241 0.0664607
4.46327 0.0658237
4.48413 0.0651921
4.505 0.064566
4.52586 0.0639451
4.54673 0.0633297
4.56759 0.0627195
4.58845 0.0621145
4.60932 0.0615149
4.63018 0.0609204
4.65104 0.060331
4.67191 0.0597468
4.69277 0.0591677
4.71363 0.0585937
4.7345 0.0580247
4.75536 0.0574607
4.77622 0.0569016
4.79709 0.0563475
4.81795 0.0557983
4.83881 0.0552539
4.85968 0.0547144
4.88054 0.0541797
4.9014 0.0536497
4.92227 0.0531245
4.94313 0.0526039
4.96399 0.052088
4.98486 0.0515768
5.00572 0.0510701
5.02658 0.0505681
5.04745 0.0500705
5.06831 0.0495774
5.08917 0.0490888
5.11004 0.0486047
5.1309 0.0481249
5.15176 0.0476495
5.17263 0.0471784
5.19349 0.0467117
5.21435 0.0462492
5.23522 0.0457909
5.25608 0.0453369
5.27694 0.044887
5.29781 0.0444412
5.31867 0.0439996
5.33953 0.043562
5.3604 0.0431285
5.38126 0.042699
5.40212 0.0422735
5.42299 0.0418519
5.44385 0.0414342
5.46471 0.0410205
5.48558 0.0406105
5.50644 0.0402044
5.5273 0.0398021
5.54817 0.0394036
5.56903 0.0390088
5.58989 0.0386177
5.61076 0.0382303
5.63162 0.0378465
5.65248 0.0374663
5.67335 0.0370898
5.69421 0.0367167
5.71507 0.0363472
5.73594 0.0359812
5.7568 0.0356187
5.77766 0.0352596
5.79853 0.0349039
5.81939 0.0345516
5.84025 0.0342026
5.86112 0.033857
5.88198 0.0335146
5.90284 0.0331756
5.92371 0.0328397
5.94457 0.0325071
5.96543 0.0321777
5.9863 0.0318514
6.00716 0.0315283
6.02802 0.0312083
6.04889 0.0308913
6.06975 0.0305774
6.09061 0.0302665
6.11148 0.0299586
6.13234 0.0296537
6.1532 0.0293517
6.17407 0.0290527
6.19493 0.0287566
6.2158 0.0284633
6.23666 0.0281728
6.25752 0.0278852
6.27839 0.0276004
6.29925 0.0273184
6.32011 0.0270391
6.34098 0.0267625
6.36184 0.0264886
6.3827 0.0262174
6.40357 0.0259488
6.42443 0.0256829
6.44529 0.0254196
6.46616 0.0251588
6.48702 0.0249006
6.50788 0.024645
6.52875 0.0243918
6.54961 0.0241412
6.57047 0.023893
6.59134 0.0236472
6.6122 0.0234039
6.63306 0.0231629
6.65393 0.0229244
6.67479 0.0226882
6.69565 0.0224543
6.71652 0.0222227
6.73738 0.0219935
6.75824 0.0217665
6.77911 0.0215417
6.79997 0.0213192
6.82083 0.0210989
6.8417 0.0208808
6.86256 0.0206648
6.88342 0.020451
6.90429 0.0202393
6.92515 0.0200297
6.94601 0.0198223
6.96688 0.0196168
6.98774 0.0194135
7.0086 0.0192121
7.02947 0.0190128
7.05033 0.0188155
7.07119 0.0186201
7.09206 0.0184267
7.11292 0.0182353
7.13378 0.0180457
7.15465 0.0178581
7.17551 0.0176723
7.19637 0.0174884
7.21724 0.0173063
7.2381 0.0171261
7.25896 0.0169477
7.27983 0.0167711
7.30069 0.0165963
7.32155 0.0164232
7.34242 0.0162519
7.36328 0.0160823
7.38414 0.0159144
7.40501 0.0157482
7.42587 0.0155837
7.44673 0.0154209
7.4676 0.0152597
7.48846 0.0151001
7.50932 0.0149421
7.53019 0.0147858
7.55105 0.014631
7.57191 0.0144778
7.59278 0.0143262
7.61364 0.0141761
7.6345 0.0140275
7.65537 0.0138805
7.67623 0.0137349
7.69709 0.0135908
7.71796 0.0134482
7.73882 0.013307
7.75968 0.0131673
7.78055 0.013029
7.80141 0.0128921
7.82227 0.0127566
7.84314 0.0126225
7.864 0.0124897
7.88487 0.0123584
7.90573 0.0122283
7.92659 0.0120996
7.94746 0.0119722
7.96832 0.0118461
7.98918 0.0117213
8.01005 0.0115978
8.03091 0.0114756
8.05177 0.0113546
8.07264 0.0112348
8.0935 0.0111163
8.11436 0.010999
8.13523 0.0108829
8.15609 0.010768
8.17695 0.0106542
8.19782 0.0105417
8.21868 0.0104303
8.23954 0.01032
8.26041 0.0102109
8.28127 0.0101029
8.30213 0.00999607
8.323 0.0098903
8.34386 0.00978562
8.36472 0.00968202
8.38559 0.00957949
8.40645 0.00947802
8.42731 0.0093776
8.44818 0.00927822
8.46904 0.00917987
8.4899 0.00908253
8.51077 0.00898621
8.53163 0.00889088
8.55249 0.00879653
8.57336 0.00870317
8.59422 0.00861077
8.61508 0.00851934
8.63595 0.00842885
8.65681 0.0083393
8.67767 0.00825068
8.69854 0.00816298
8.7194 0.0080762
8.74026 0.00799031
8.76113 0.00790532
8.78199 0.00782121
8.80285 0.00773798
8.82372 0.00765562
8.84458 0.00757411
8.86544 0.00749345
8.88631 0.00741363
8.90717 0.00733465
8.92803 0.00725649
8.9489 0.00717914
8.96976 0.0071026
8.99062 0.00702687
9.01149 0.00695192
9.03235 0.00687775
9.05321 0.00680436
9.07408 0.00673174
9.09494 0.00665988
9.1158 0.00658876
9.13667 0.0065184
9.15753 0.00644877
9.17839 0.00637987
9.19926 0.00631169
9.22012 0.00624422
9.24098 0.00617746
9.26185 0.0061114
9.28271 0.00604604
9.30357 0.00598136
9.32444 0.00591736
9.3453 0.00585403
9.36616 0.00579136
9.38703 0.00572936
9.40789 0.005668
9.42875 0.00560729
9.44962 0.00554722
9.47048 0.00548778
9.49134 0.00542897
9.51221 0.00537077
9.53307 0.00531319
9.55394 0.00525621
9.5748 0.00519983
9.59566 0.00514405
9.61653 0.00508886
9.63739 0.00503424
9.65825 0.0049802
9.67912 0.00492674
9.69998 0.00487383
9.72084 0.00482149
9.74171 0.0047697
9.76257 0.00471845
9.78343 0.00466774
9.8043 0.00461758
9.82516 0.00456794
9.84602 0.00451882
9.86689 0.00447023
9.88775 0.00442214
9.90861 0.00437457
9.92948 0.0043275
9.95034 0.00428093
9.9712 0.00423485
9.99207 0.00418926
10.0129 0.00414416
10.0338 0.00409953
10.0547 0.00405537
10.0755 0.00401168
10.0964 0.00396845
10.1172 0.00392569
10.1381 0.00388337
10.159 0.00384151
10.1798 0.00380009
10.2007 0.00375911
10.2216 0.00371856
10.2424 0.00367845
10.2633 0.00363876
10.2842 0.00359949
10.305 0.00356064
10.3259 0.0035222
10.3467 0.00348418
10.3676 0.00344655
10.3885 0.00340933
10.4093 0.0033725
10.4302 0.00333607
10.4511 0.00330002
10.4719 0.00326435
10.4928 0.00322907
10.5137 0.00319416
10.5345 0.00315962
10.5554 0.00312546
10.5762 0.00309165
10.5971 0.00305821
10.618 0.00302512
10.6388 0.00299239
10.6597 0.00296
10.6806 0.00292796
10.7014 0.00289627
10.7223 0.00286491
10.7431 0.00283388
10.764 0.00280319
10.7849 0.00277282
10.8057 0.00274278
10.8266 0.00271306
10.8475 0.00268366
10.8683 0.00265458
10.8892 0.0026258
10.9101 0.00259733
10.9309 0.00256917
10.9518 0.0025413
10.9726 0.00251374
10.9935 0.00248647
11.0144 0.00245949
11.0352 0.0024328
11.0561 0.0024064
11.077 0.00238028
11.0978 0.00235444
11.1187 0.00232888
11.1396 0.00230359
11.1604 0.00227857
11.1813 0.00225382
11.2021 0.00222934
11.223 0.00220511
11.2439 0.00218115
11.2647 0.00215745
11.2856 0.002134
11.3065 0.0021108
11.3273 0.00208785
11.3482 0.00206515
11.369 0.00204269
11.3899 0.00202047
11.4108 0.00199849
11.4316 0.00197675
11.4525 0.00195524
11.4734 0.00193396
11.4942 0.00191291
11.5151 0.00189209
11.536 0.00187149
11.5568 0.00185111
11.5777 0.00183095
11.5985 0.00181101
11.6194 0.00179129
11.6403 0.00177177
11.6611 0.00175247
11.682 0.00173337
11.7029 0.00171448
11.7237 0.0016958
11.7446 0.00167731
11.7655 0.00165903
11.7863 0.00164094
11.8072 0.00162304
11.828 0.00160534
11.8489 0.00158783
11.8698 0.00157051
11.8906 0.00155338
11.9115 0.00153643
11.9324 0.00151966
11.9532 0.00150308
11.9741 0.00148667
11.9949 0.00147044
12.0158 0.00145439
12.0367 0.00143851
12.0575 0.0014228
12.0784 0.00140726
12.0993 0.00139189
12.1201 0.00137668
12.141 0.00136164
12.1619 0.00134676
12.1827 0.00133204
12.2036 0.00131748
12.2244 0.00130308
12.2453 0.00128884
12.2662 0.00127475
12.287 0.00126081
12.3079 0.00124702
12.3288 0.00123338
12.3496 0.00121989
12.3705 0.00120655
12.3914 0.00119335
12.4122 0.00118029
12.4331 0.00116737
12.4539 0.0011546
12.4748 0.00114196
12.4957 0.00112946
12.5165 0.0011171
12.5374 0.00110486
12.5583 0.00109277
12.5791 0.0010808
12.6 0.00106896
12.6209 0.00105725
12.6417 0.00104567
12.6626 0.00103421
12.6834 0.00102288
12.7043 0.00101167
12.7252 0.00100059
12.746 0.000989619
12.7669 0.000978772
12.7878 0.000968041
12.8086 0.000957428
12.8295 0.00094693
12.8503 0.000936545
12.8712 0.000926274
12.8921 0.000916114
12.9129 0.000906065
12.9338 0.000896125
12.9547 0.000886292
12.9755 0.000876567
12.9964 0.000866948
13.0173 0.000857433
13.0381 0.000848021
13.059 0.000838712
13.0798 0.000829505
13.1007 0.000820397
13.1216 0.000811389
13.1424 0.000802478
13.1633 0.000793665
13.1842 0.000784947
13.205 0.000776325
13.2259 0.000767796
13.2468 0.00075936
13.2676 0.000751017
13.2885 0.000742764
13.3093 0.0007346
13.3302 0.000726526
13.3511 0.00071854
13.3719 0.000710641
13.3928 0.000702828
13.4137 0.0006951
13.4345 0.000687457
13.4554 0.000679896
13.4762 0.000672419
13.4971 0.000665022
13.518 0.000657707
13.5388 0.000650471
13.5597 0.000643314
13.5806 0.000636235
13.6014 0.000629234
13.6223 0.000622309
13.6432 0.000615459
13.664 0.000608685
13.6849 0.000601984
13.7057 0.000595356
13.7266 0.000588801
13.7475 0.000582318
13.7683 0.000575905
13.7892 0.000569562
13.8101 0.000563289
13.8309 0.000557084
13.8518 0.000550947
13.8727 0.000544877
13.8935 0.000538874
13.9144 0.000532936
13.9352 0.000527063
13.9561 0.000521254
13.977 0.000515508
13.9978 0.000509826
14.0187 0.000504206
14.0396 0.000498647
14.0604 0.000493149
14.0813 0.000487711
14.1022 0.000482333
14.123 0.000477013
14.1439 0.000471752
14.1647 0.000466548
14.1856 0.000461402
14.2065 0.000456311
14.2273 0.000451277
14.2482 0.000446297
14.2691 0.000441372
14.2899 0.000436501
14.3108 0.000431684
14.3316 0.000426919
14.3525 0.000422206
14.3734 0.000417545
14.3942 0.000412935
14.4151 0.000408376
14.436 0.000403867
14.4568 0.000399407
14.4777 0.000394996
14.4986 0.000390633
14.5194 0.000386318
14.5403 0.000382051
14.5611 0.00037783
14.582 0.000373655
14.6029 0.000369527
14.6237 0.000365444
14.6446 0.000361405
14.6655 0.000357411
14.6863 0.000353461
14.7072 0.000349554
14.7281 0.000345689
14.7489 0.000341868
14.7698 0.000338088
14.7906 0.00033435
14.8115 0.000330653
14.8324 0.000326996
14.8532 0.00032338
14.8741 0.000319803
14.895 0.000316266
14.9158 0.000312767
14.9367 0.000309307
14.9575 0.000305885
14.9784 0.0003025
14.9993 0.000299153
15.0201 0.000295843
15.041 0.000292569
15.0619 0.000289331
15.0827 0.000286128
15.1036 0.000282961
15.1245 0.000279829
15.1453 0.000276731
15.1662 0.000273667
15.187 0.000270637
15.2079 0.00026764
15.2288 0.000264676
15.2496 0.000261745
15.2705 0.000258846
15.2914 0.000255978
15.3122 0.000253143
15.3331 0.000250339
15.354 0.000247565
15.3748 0.000244822
15.3957 0.000242109
15.4165 0.000239427
15.4374 0.000236773
15.4583 0.000234149
15.4791 0.000231554
15.5 0.000228987
15.5209 0.000226449
15.5417 0.000223939
15.5626 0.000221456
15.5835 0.000219001
15.6043 0.000216572
15.6252 0.000214171
15.646 0.000211796
15.6669 0.000209447
15.6878 0.000207124
15.7086 0.000204826
15.7295 0.000202554
15.7504 0.000200307
15.7712 0.000198085
15.7921 0.000195887
15.8129 0.000193714
15.8338 0.000191564
15.8547 0.000189439
15.8755 0.000187336
15.8964 0.000185257
15.9173 0.000183201
15.9381 0.000181167
15.959 0.000179156
15.9799 0.000177168
16.0007 0.000175201
16.0216 0.000173255
16.0424 0.000171332
16.0633 0.000169429
16.0842 0.000167548
16.105 0.000165687
16.1259 0.000163847
16.1468 0.000162027
16.1676 0.000160227
16.1885 0.000158447
16.2094 0.000156687
16.2302 0.000154946
16.2511 0.000153225
16.2719 0.000151522
16.2928 0.000149839
16.3137 0.000148173
16.3345 0.000146527
16.3554 0.000144898
16.3763 0.000143288
16.3971 0.000141695
16.418 0.00014012
16.4388 0.000138562
16.4597 0.000137022
16.4806 0.000135498
16.5014 0.000133992
16.5223 0.000132502
16.5432 0.000131029
16.564 0.000129571
16.5849 0.00012813
16.6058 0.000126705
16.6266 0.000125296
16.6475 0.000123902
16.6683 0.000122524
16.6892 0.000121161
16.7101 0.000119813
16.7309 0.00011848
16.7518 0.000117162
16.7727 0.000115858
16.7935 0.000114569
16.8144 0.000113294
16.8353 0.000112033
16.8561 0.000110786
16.877 0.000109553
16.8978 0.000108333
16.9187 0.000107127
16.9396 0.000105935
16.9604 0.000104755
16.9813 0.000103589
17.0022 0.000102436
17.023 0.000101295
17.0439 0.000100167
17.0648 9.90516e-05
17.0856 9.79484e-05
17.1065 9.68575e-05
17.1273 9.57787e-05
