0.819108 0.00451494
1.44889 0.0115443
2.07867 0.0182245
2.70845 0.0229746
3.33823 0.0258944
3.968 0.0274819
4.59778 0.0281796
5.22756 0.028303
5.85734 0.0280622
6.48712 0.0275946
7.1169 0.0269896
7.74668 0.0263055
8.37646 0.0255805
9.00624 0.0248396
9.63602 0.024099
10.2658 0.0233694
10.8956 0.0226573
11.5254 0.0219669
12.1551 0.0213005
12.7849 0.0206591
13.4147 0.0200432
14.0445 0.0194526
14.6743 0.0188866
15.304 0.0183445
15.9338 0.0178254
16.5636 0.0173283
17.1934 0.0168522
17.8232 0.0163961
18.4529 0.0159589
19.0827 0.0155398
19.7125 0.0151377
20.3423 0.0147517
20.972 0.0143811
21.6018 0.014025
22.2316 0.0136826
22.8614 0.0133533
23.4912 0.0130363
24.1209 0.0127311
24.7507 0.0124369
25.3805 0.0121533
26.0103 0.0118798
26.6401 0.0116158
27.2698 0.0113609
27.8996 0.0111146
28.5294 0.0108766
29.1592 0.0106463
29.789 0.0104236
30.4187 0.010208
31.0485 0.00999921
31.6783 0.00979692
32.3081 0.00960086
32.9379 0.00941074
33.5676 0.00922631
34.1974 0.00904734
34.8272 0.0088736
35.457 0.00870486
36.0868 0.00854092
36.7165 0.00838159
37.3463 0.00822669
37.9761 0.00807605
38.6059 0.00792949
39.2357 0.00778685
39.8654 0.00764801
40.4952 0.0075128
41.125 0.00738109
41.7548 0.00725276
42.3845 0.00712769
43.0143 0.00700575
43.6441 0.00688684
44.2739 0.00677086
44.9037 0.00665769
45.5334 0.00654725
46.1632 0.00643944
46.793 0.00633417
47.4228 0.00623137
48.0526 0.00613094
48.6823 0.00603282
49.3121 0.00593692
49.9419 0.00584318
50.5717 0.00575154
51.2015 0.00566192
51.8312 0.00557426
52.461 0.0054885
53.0908 0.00540459
53.7206 0.00532247
54.3504 0.00524209
54.9801 0.0051634
55.6099 0.00508634
56.2397 0.00501088
56.8695 0.00493696
57.4993 0.00486454
58.129 0.00479358
58.7588 0.00472405
59.3886 0.00465589
60.0184 0.00458907
60.6482 0.00452356
61.2779 0.00445933
61.9077 0.00439633
62.5375 0.00433453
63.1673 0.00427391
63.797 0.00421444
64.4268 0.00415607
65.0566 0.0040988
65.6864 0.00404258
66.3162 0.00398739
66.9459 0.00393321
67.5757 0.00388001
68.2055 0.00382777
68.8353 0.00377647
69.4651 0.00372607
70.0948 0.00367656
70.7246 0.00362793
71.3544 0.00358014
71.9842 0.00353318
72.614 0.00348702
73.2437 0.00344166
73.8735 0.00339707
74.5033 0.00335324
75.1331 0.00331014
75.7629 0.00326777
76.3926 0.0032261
77.0224 0.00318512
77.6522 0.00314481
78.282 0.00310516
78.9118 0.00306616
79.5415 0.00302779
80.1713 0.00299004
80.8011 0.0029529
81.4309 0.00291634
82.0606 0.00288037
82.6904 0.00284496
83.3202 0.00281011
83.95 0.0027758
84.5798 0.00274203
85.2095 0.00270878
85.8393 0.00267604
86.4691 0.0026438
87.0989 0.00261206
87.7287 0.00258079
88.3584 0.00255
88.9882 0.00251967
89.618 0.0024898
90.2478 0.00246037
90.8776 0.00243137
91.5073 0.00240281
92.1371 0.00237466
92.7669 0.00234693
93.3967 0.0023196
94.0265 0.00229267
94.6562 0.00226613
95.286 0.00223997
95.9158 0.00221418
96.5456 0.00218876
97.1754 0.00216371
97.8051 0.00213901
98.4349 0.00211465
99.0647 0.00209064
99.6945 0.00206697
100.324 0.00204362
100.954 0.0020206
101.584 0.0019979
102.214 0.00197551
102.843 0.00195343
103.473 0.00193165
104.103 0.00191017
104.733 0.00188897
105.362 0.00186807
105.992 0.00184745
106.622 0.0018271
107.252 0.00180703
107.882 0.00178722
108.511 0.00176768
109.141 0.00174839
109.771 0.00172936
110.401 0.00171058
111.031 0.00169205
111.66 0.00167376
112.29 0.00165571
112.92 0.00163789
113.55 0.0016203
114.179 0.00160294
114.809 0.0015858
115.439 0.00156888
116.069 0.00155218
116.699 0.00153569
117.328 0.00151941
117.958 0.00150334
118.588 0.00148746
119.218 0.00147179
119.847 0.00145632
120.477 0.00144104
121.107 0.00142595
121.737 0.00141104
122.367 0.00139632
122.996 0.00138179
123.626 0.00136743
124.256 0.00135325
124.886 0.00133924
125.515 0.00132541
126.145 0.00131174
126.775 0.00129824
127.405 0.0012849
128.035 0.00127172
128.664 0.0012587
129.294 0.00124584
129.924 0.00123314
130.554 0.00122058
131.183 0.00120818
131.813 0.00119592
132.443 0.00118381
133.073 0.00117184
133.703 0.00116001
134.332 0.00114832
134.962 0.00113677
135.592 0.00112536
136.222 0.00111408
136.851 0.00110292
137.481 0.0010919
138.111 0.00108101
138.741 0.00107024
139.371 0.0010596
140 0.00104908
140.63 0.00103868
141.26 0.0010284
141.89 0.00101824
142.519 0.0010082
143.149 0.000998266
143.779 0.000988448
144.409 0.000978741
145.039 0.000969143
145.668 0.000959654
146.298 0.000950272
146.928 0.000940996
147.558 0.000931823
148.187 0.000922754
148.817 0.000913785
149.447 0.000904916
150.077 0.000896147
150.707 0.000887474
151.336 0.000878897
151.966 0.000870416
152.596 0.000862027
153.226 0.000853732
153.856 0.000845527
154.485 0.000837412
155.115 0.000829386
155.745 0.000821448
156.375 0.000813596
157.004 0.000805829
157.634 0.000798147
158.264 0.000790548
158.894 0.000783032
159.524 0.000775596
160.153 0.000768241
160.783 0.000760964
161.413 0.000753766
162.043 0.000746645
162.672 0.0007396
163.302 0.00073263
163.932 0.000725734
164.562 0.000718912
165.192 0.000712162
165.821 0.000705484
166.451 0.000698876
167.081 0.000692338
167.711 0.000685869
168.34 0.000679469
168.97 0.000673135
169.6 0.000666868
170.23 0.000660666
170.86 0.000654529
171.489 0.000648456
172.119 0.000642447
172.749 0.0006365
173.379 0.000630614
174.008 0.00062479
174.638 0.000619026
175.268 0.000613322
175.898 0.000607676
176.528 0.000602088
177.157 0.000596558
177.787 0.000591085
178.417 0.000585668
179.047 0.000580306
179.676 0.000574999
180.306 0.000569746
180.936 0.000564546
181.566 0.0005594
182.196 0.000554305
182.825 0.000549263
183.455 0.000544271
184.085 0.00053933
184.715 0.000534439
185.344 0.000529597
185.974 0.000524803
186.604 0.000520058
187.234 0.000515361
187.864 0.00051071
188.493 0.000506106
189.123 0.000501548
189.753 0.000497036
190.383 0.000492568
191.012 0.000488145
191.642 0.000483766
192.272 0.00047943
192.902 0.000475138
193.532 0.000470887
194.161 0.000466679
194.791 0.000462512
195.421 0.000458386
196.051 0.000454301
196.681 0.000450256
197.31 0.000446251
197.94 0.000442285
198.57 0.000438358
199.2 0.000434469
199.829 0.000430618
200.459 0.000426805
201.089 0.000423029
201.719 0.000419289
202.349 0.000415586
202.978 0.000411919
203.608 0.000408287
204.238 0.00040469
204.868 0.000401128
205.497 0.000397601
206.127 0.000394108
206.757 0.000390648
207.387 0.000387221
208.017 0.000383828
208.646 0.000380466
209.276 0.000377138
209.906 0.000373841
210.536 0.000370575
211.165 0.000367341
211.795 0.000364137
212.425 0.000360964
213.055 0.000357821
213.685 0.000354709
214.314 0.000351625
214.944 0.000348571
215.574 0.000345546
216.204 0.000342549
216.833 0.000339581
217.463 0.000336641
218.093 0.000333728
218.723 0.000330843
219.353 0.000327985
219.982 0.000325154
220.612 0.000322349
221.242 0.000319571
221.872 0.000316819
222.501 0.000314092
223.131 0.000311391
223.761 0.000308716
224.391 0.000306065
225.021 0.000303439
225.65 0.000300837
226.28 0.00029826
226.91 0.000295706
227.54 0.000293176
228.169 0.00029067
228.799 0.000288186
229.429 0.000285726
230.059 0.000283289
230.689 0.000280874
231.318 0.000278481
231.948 0.00027611
232.578 0.000273761
233.208 0.000271434
233.837 0.000269128
234.467 0.000266843
235.097 0.00026458
235.727 0.000262337
236.357 0.000260114
236.986 0.000257912
237.616 0.00025573
238.246 0.000253568
238.876 0.000251425
239.505 0.000249302
240.135 0.000247198
240.765 0.000245114
241.395 0.000243048
242.025 0.000241001
242.654 0.000238973
243.284 0.000236963
243.914 0.000234971
244.544 0.000232997
245.174 0.000231041
245.803 0.000229103
246.433 0.000227182
247.063 0.000225279
247.693 0.000223392
248.322 0.000221523
248.952 0.00021967
249.582 0.000217834
250.212 0.000216015
250.842 0.000214212
251.471 0.000212424
252.101 0.000210653
252.731 0.000208898
253.361 0.000207158
253.99 0.000205434
254.62 0.000203726
255.25 0.000202032
255.88 0.000200354
256.51 0.00019869
257.139 0.000197041
257.769 0.000195407
258.399 0.000193788
259.029 0.000192182
259.658 0.000190591
260.288 0.000189014
260.918 0.000187451
261.548 0.000185902
262.178 0.000184367
262.807 0.000182845
263.437 0.000181336
264.067 0.000179841
264.697 0.000178359
265.326 0.00017689
265.956 0.000175433
266.586 0.00017399
267.216 0.000172559
267.846 0.000171141
268.475 0.000169735
269.105 0.000168342
269.735 0.000166961
270.365 0.000165591
270.994 0.000164234
271.624 0.000162889
272.254 0.000161555
272.884 0.000160233
273.514 0.000158922
274.143 0.000157623
274.773 0.000156335
275.403 0.000155059
276.033 0.000153793
276.662 0.000152538
277.292 0.000151295
277.922 0.000150062
278.552 0.000148839
279.182 0.000147628
279.811 0.000146426
280.441 0.000145236
281.071 0.000144055
281.701 0.000142885
282.33 0.000141724
282.96 0.000140574
283.59 0.000139433
284.22 0.000138303
284.85 0.000137182
285.479 0.000136071
286.109 0.000134969
286.739 0.000133877
287.369 0.000132794
287.999 0.00013172
288.628 0.000130656
289.258 0.0001296
289.888 0.000128554
290.518 0.000127517
291.147 0.000126488
291.777 0.000125468
292.407 0.000124457
293.037 0.000123455
293.667 0.000122461
294.296 0.000121476
294.926 0.000120499
295.556 0.00011953
296.186 0.000118569
296.815 0.000117617
297.445 0.000116673
298.075 0.000115736
298.705 0.000114808
299.335 0.000113888
299.964 0.000112975
300.594 0.00011207
301.224 0.000111173
301.854 0.000110283
302.483 0.000109401
303.113 0.000108526
303.743 0.000107659
304.373 0.000106798
305.003 0.000105946
305.632 0.0001051
306.262 0.000104261
306.892 0.00010343
307.522 0.000102605
308.151 0.000101788
308.781 0.000100977
309.411 0.000100173
310.041 9.93758e-05
310.671 9.85852e-05
311.3 9.78013e-05
311.93 9.7024e-05
312.56 9.62531e-05
313.19 9.54887e-05
313.819 9.47307e-05
314.449 9.3979e-05
315.079 9.32336e-05
315.709 9.24944e-05
316.339 9.17613e-05
316.968 9.10344e-05
317.598 9.03135e-05
318.228 8.95986e-05
318.858 8.88897e-05
319.487 8.81866e-05
320.117 8.74894e-05
320.747 8.6798e-05
321.377 8.61123e-05
322.007 8.54323e-05
322.636 8.47579e-05
323.266 8.40891e-05
323.896 8.34259e-05
324.526 8.27682e-05
325.155 8.21158e-05
325.785 8.14689e-05
326.415 8.08273e-05
327.045 8.01911e-05
327.675 7.956e-05
328.304 7.89342e-05
328.934 7.83136e-05
329.564 7.7698e-05
330.194 7.70875e-05
330.824 7.64821e-05
331.453 7.58816e-05
332.083 7.52861e-05
332.713 7.46954e-05
333.343 7.41097e-05
333.972 7.35287e-05
334.602 7.29525e-05
335.232 7.2381e-05
335.862 7.18142e-05
336.492 7.12521e-05
337.121 7.06945e-05
337.751 7.01415e-05
338.381 6.95931e-05
339.011 6.90491e-05
339.64 6.85096e-05
340.27 6.79745e-05
340.9 6.74437e-05
341.53 6.69173e-05
342.16 6.63952e-05
342.789 6.58773e-05
343.419 6.53637e-05
344.049 6.48542e-05
344.679 6.43489e-05
345.308 6.38477e-05
345.938 6.33506e-05
346.568 6.28575e-05
347.198 6.23684e-05
347.828 6.18833e-05
348.457 6.14022e-05
349.087 6.09249e-05
349.717 6.04516e-05
350.347 5.9982e-05
350.976 5.95163e-05
351.606 5.90543e-05
352.236 5.85961e-05
352.866 5.81416e-05
353.496 5.76907e-05
354.125 5.72435e-05
354.755 5.68e-05
355.385 5.636e-05
356.015 5.59235e-05
356.644 5.54906e-05
357.274 5.50612e-05
357.904 5.46352e-05
358.534 5.42127e-05
359.164 5.37936e-05
359.793 5.33778e-05
360.423 5.29654e-05
361.053 5.25564e-05
361.683 5.21506e-05
362.312 5.1748e-05
362.942 5.13487e-05
363.572 5.09527e-05
364.202 5.05597e-05
364.832 5.017e-05
365.461 4.97834e-05
366.091 4.93998e-05
366.721 4.90194e-05
367.351 4.8642e-05
367.98 4.82676e-05
368.61 4.78962e-05
369.24 4.75278e-05
369.87 4.71624e-05
370.5 4.67998e-05
371.129 4.64402e-05
371.759 4.60834e-05
372.389 4.57295e-05
373.019 4.53784e-05
373.649 4.50301e-05
374.278 4.46846e-05
374.908 4.43418e-05
375.538 4.40018e-05
376.168 4.36645e-05
376.797 4.33298e-05
377.427 4.29979e-05
378.057 4.26685e-05
378.687 4.23418e-05
379.317 4.20177e-05
379.946 4.16962e-05
380.576 4.13772e-05
381.206 4.10607e-05
381.836 4.07468e-05
382.465 4.04354e-05
383.095 4.01264e-05
383.725 3.98199e-05
384.355 3.95158e-05
384.985 3.92141e-05
385.614 3.89148e-05
386.244 3.86179e-05
386.874 3.83233e-05
387.504 3.8031e-05
388.133 3.77411e-05
388.763 3.74535e-05
389.393 3.71681e-05
390.023 3.6885e-05
390.653 3.66041e-05
391.282 3.63254e-05
391.912 3.6049e-05
392.542 3.57747e-05
393.172 3.55026e-05
393.801 3.52326e-05
394.431 3.49647e-05
395.061 3.4699e-05
395.691 3.44353e-05
396.321 3.41738e-05
396.95 3.39142e-05
397.58 3.36568e-05
398.21 3.34013e-05
398.84 3.31479e-05
399.469 3.28964e-05
400.099 3.26469e-05
400.729 3.23994e-05
401.359 3.21538e-05
401.989 3.19102e-05
402.618 3.16684e-05
403.248 3.14286e-05
403.878 3.11906e-05
404.508 3.09545e-05
405.137 3.07203e-05
405.767 3.04879e-05
406.397 3.02572e-05
407.027 3.00285e-05
407.657 2.98014e-05
408.286 2.95762e-05
408.916 2.93527e-05
409.546 2.9131e-05
410.176 2.8911e-05
410.805 2.86927e-05
411.435 2.84762e-05
412.065 2.82613e-05
412.695 2.80481e-05
413.325 2.78365e-05
413.954 2.76266e-05
414.584 2.74184e-05
415.214 2.72117e-05
415.844 2.70067e-05
416.474 2.68032e-05
417.103 2.66014e-05
417.733 2.64011e-05
418.363 2.62024e-05
418.993 2.60052e-05
419.622 2.58095e-05
420.252 2.56154e-05
420.882 2.54228e-05
421.512 2.52317e-05
422.142 2.5042e-05
422.771 2.48538e-05
423.401 2.46671e-05
424.031 2.44819e-05
424.661 2.4298e-05
425.29 2.41156e-05
425.92 2.39346e-05
426.55 2.3755e-05
427.18 2.35768e-05
427.81 2.34e-05
428.439 2.32246e-05
429.069 2.30505e-05
429.699 2.28777e-05
430.329 2.27063e-05
430.958 2.25362e-05
431.588 2.23674e-05
432.218 2.21999e-05
432.848 2.20338e-05
433.478 2.18689e-05
434.107 2.17052e-05
434.737 2.15429e-05
435.367 2.13817e-05
435.997 2.12219e-05
436.626 2.10632e-05
437.256 2.09058e-05
437.886 2.07496e-05
438.516 2.05946e-05
439.146 2.04408e-05
439.775 2.02882e-05
440.405 2.01367e-05
441.035 1.99864e-05
441.665 1.98373e-05
442.294 1.96893e-05
442.924 1.95424e-05
443.554 1.93967e-05
444.184 1.92521e-05
444.814 1.91086e-05
445.443 1.89662e-05
446.073 1.88249e-05
446.703 1.86847e-05
447.333 1.85456e-05
447.962 1.84075e-05
448.592 1.82705e-05
449.222 1.81345e-05
449.852 1.79996e-05
450.482 1.78657e-05
451.111 1.77328e-05
451.741 1.7601e-05
452.371 1.74701e-05
453.001 1.73403e-05
453.63 1.72114e-05
454.26 1.70835e-05
454.89 1.69567e-05
455.52 1.68307e-05
456.15 1.67058e-05
456.779 1.65818e-05
457.409 1.64587e-05
458.039 1.63366e-05
458.669 1.62154e-05
459.299 1.60951e-05
459.928 1.59758e-05
460.558 1.58574e-05
461.188 1.57398e-05
461.818 1.56232e-05
462.447 1.55074e-05
463.077 1.53926e-05
463.707 1.52786e-05
464.337 1.51654e-05
464.967 1.50532e-05
465.596 1.49418e-05
466.226 1.48312e-05
466.856 1.47215e-05
467.486 1.46126e-05
468.115 1.45045e-05
468.745 1.43973e-05
469.375 1.42908e-05
470.005 1.41852e-05
470.635 1.40804e-05
471.264 1.39764e-05
471.894 1.38731e-05
472.524 1.37707e-05
473.154 1.3669e-05
473.783 1.35681e-05
474.413 1.3468e-05
475.043 1.33686e-05
475.673 1.32699e-05
476.303 1.31721e-05
476.932 1.30749e-05
477.562 1.29785e-05
478.192 1.28828e-05
478.822 1.27879e-05
479.451 1.26937e-05
480.081 1.26001e-05
480.711 1.25073e-05
481.341 1.24152e-05
481.971 1.23238e-05
482.6 1.22331e-05
483.23 1.2143e-05
483.86 1.20537e-05
484.49 1.1965e-05
485.119 1.18769e-05
485.749 1.17896e-05
486.379 1.17029e-05
487.009 1.16169e-05
487.639 1.15315e-05
488.268 1.14467e-05
488.898 1.13626e-05
489.528 1.12791e-05
490.158 1.11963e-05
490.787 1.1114e-05
491.417 1.10324e-05
492.047 1.09514e-05
492.677 1.08711e-05
493.307 1.07913e-05
493.936 1.07121e-05
494.566 1.06335e-05
495.196 1.05555e-05
495.826 1.04781e-05
496.455 1.04013e-05
497.085 1.03251e-05
497.715 1.02494e-05
498.345 1.01743e-05
498.975 1.00997e-05
499.604 1.00257e-05
500.234 9.95232e-06
500.864 9.87944e-06
501.494 9.80711e-06
502.124 9.73533e-06
502.753 9.66407e-06
503.383 9.59336e-06
504.013 9.52317e-06
504.643 9.45351e-06
505.272 9.38437e-06
505.902 9.31575e-06
506.532 9.24764e-06
507.162 9.18005e-06
507.792 9.11295e-06
508.421 9.04636e-06
509.051 8.98027e-06
509.681 8.91467e-06
510.311 8.84957e-06
510.94 8.78495e-06
511.57 8.72081e-06
512.2 8.65715e-06
512.83 8.59397e-06
513.46 8.53126e-06
514.089 8.46901e-06
514.719 8.40723e-06
515.349 8.34592e-06
515.979 8.28506e-06
516.608 8.22465e-06
517.238 8.16469e-06
517.868 8.10519e-06
518.498 8.04612e-06
519.128 7.9875e-06
519.757 7.92931e-06
520.387 7.87156e-06
521.017 7.81423e-06
521.647 7.75733e-06
522.276 7.70086e-06
522.906 7.64481e-06
523.536 7.58917e-06
524.166 7.53395e-06
524.796 7.47914e-06
525.425 7.42474e-06
526.055 7.37074e-06
526.685 7.31714e-06
527.315 7.26394e-06
527.944 7.21114e-06
528.574 7.15873e-06
529.204 7.1067e-06
529.834 7.05507e-06
530.464 7.00382e-06
531.093 6.95294e-06
531.723 6.90245e-06
532.353 6.85233e-06
532.983 6.80258e-06
533.612 6.7532e-06
534.242 6.70419e-06
534.872 6.65554e-06
535.502 6.60726e-06
536.132 6.55932e-06
536.761 6.51175e-06
537.391 6.46453e-06
538.021 6.41765e-06
538.651 6.37113e-06
539.28 6.32495e-06
539.91 6.27911e-06
540.54 6.23361e-06
541.17 6.18844e-06
541.8 6.14361e-06
542.429 6.09912e-06
543.059 6.05495e-06
543.689 6.01111e-06
544.319 5.96759e-06
544.949 5.92439e-06
545.578 5.88152e-06
546.208 5.83896e-06
546.838 5.79671e-06
547.468 5.75478e-06
548.097 5.71315e-06
548.727 5.67184e-06
549.357 5.63082e-06
549.987 5.59011e-06
550.617 5.54971e-06
551.246 5.50959e-06
551.876 5.46978e-06
552.506 5.43026e-06
553.136 5.39103e-06
553.765 5.35209e-06
554.395 5.31343e-06
555.025 5.27507e-06
555.655 5.23698e-06
556.285 5.19917e-06
556.914 5.16165e-06
557.544 5.1244e-06
558.174 5.08742e-06
558.804 5.05072e-06
559.433 5.01428e-06
560.063 4.97812e-06
560.693 4.94222e-06
561.323 4.90658e-06
561.953 4.87121e-06
562.582 4.83609e-06
563.212 4.80124e-06
563.842 4.76664e-06
564.472 4.73229e-06
565.101 4.6982e-06
565.731 4.66436e-06
566.361 4.63076e-06
566.991 4.59741e-06
567.621 4.56431e-06
568.25 4.53145e-06
568.88 4.49883e-06
569.51 4.46646e-06
570.14 4.43431e-06
570.769 4.40241e-06
571.399 4.37074e-06
572.029 4.3393e-06
572.659 4.30809e-06
573.289 4.27711e-06
573.918 4.24636e-06
574.548 4.21583e-06
575.178 4.18553e-06
575.808 4.15544e-06
576.437 4.12558e-06
577.067 4.09594e-06
577.697 4.06651e-06
578.327 4.0373e-06
578.957 4.00831e-06
579.586 3.97952e-06
580.216 3.95095e-06
580.846 3.92258e-06
581.476 3.89442e-06
582.105 3.86647e-06
582.735 3.83873e-06
583.365 3.81118e-06
583.995 3.78384e-06
584.625 3.7567e-06
585.254 3.72975e-06
585.884 3.703e-06
586.514 3.67645e-06
587.144 3.65009e-06
587.774 3.62392e-06
588.403 3.59795e-06
589.033 3.57216e-06
589.663 3.54657e-06
590.293 3.52116e-06
590.922 3.49593e-06
591.552 3.47089e-06
592.182 3.44603e-06
592.812 3.42135e-06
593.442 3.39686e-06
594.071 3.37254e-06
594.701 3.34839e-06
595.331 3.32443e-06
595.961 3.30064e-06
596.59 3.27702e-06
597.22 3.25357e-06
597.85 3.2303e-06
598.48 3.20719e-06
599.11 3.18426e-06
599.739 3.16149e-06
600.369 3.13888e-06
600.999 3.11644e-06
601.629 3.09416e-06
602.258 3.07205e-06
602.888 3.0501e-06
603.518 3.0283e-06
604.148 3.00667e-06
604.778 2.98519e-06
605.407 2.96386e-06
606.037 2.9427e-06
606.667 2.92168e-06
607.297 2.90082e-06
607.926 2.88011e-06
608.556 2.85955e-06
609.186 2.83914e-06
609.816 2.81888e-06
610.446 2.79877e-06
611.075 2.7788e-06
611.705 2.75897e-06
612.335 2.73929e-06
612.965 2.71976e-06
613.594 2.70036e-06
614.224 2.68111e-06
614.854 2.66199e-06
615.484 2.64302e-06
616.114 2.62418e-06
616.743 2.60548e-06
617.373 2.58691e-06
618.003 2.56848e-06
618.633 2.55018e-06
619.262 2.53201e-06
619.892 2.51398e-06
620.522 2.49607e-06
621.152 2.4783e-06
621.782 2.46065e-06
622.411 2.44314e-06
623.041 2.42574e-06
623.671 2.40848e-06
624.301 2.39134e-06
624.93 2.37432e-06
625.56 2.35743e-06
626.19 2.34066e-06
626.82 2.32401e-06
627.45 2.30748e-06
628.079 2.29107e-06
628.709 2.27478e-06
629.339 2.25861e-06
629.969 2.24255e-06
