-11.3249 0.000958058
-11.3069 0.00096881
-11.289 0.000979682
-11.271 0.000990674
-11.253 0.00100179
-11.235 0.00101303
-11.217 0.00102439
-11.1991 0.00103588
-11.1811 0.00104749
-11.1631 0.00105924
-11.1451 0.00107111
-11.1271 0.00108312
-11.1091 0.00109526
-11.0912 0.00110753
-11.0732 0.00111994
-11.0552 0.00113249
-11.0372 0.00114518
-11.0192 0.00115801
-11.0013 0.00117097
-10.9833 0.00118409
-10.9653 0.00119735
-10.9473 0.00121075
-10.9293 0.0012243
-10.9114 0.00123801
-10.8934 0.00125186
-10.8754 0.00126587
-10.8574 0.00128003
-10.8394 0.00129435
-10.8214 0.00130883
-10.8035 0.00132346
-10.7855 0.00133826
-10.7675 0.00135322
-10.7495 0.00136835
-10.7315 0.00138365
-10.7136 0.00139911
-10.6956 0.00141475
-10.6776 0.00143055
-10.6596 0.00144653
-10.6416 0.00146269
-10.6236 0.00147903
-10.6057 0.00149554
-10.5877 0.00151224
-10.5697 0.00152912
-10.5517 0.00154619
-10.5337 0.00156345
-10.5158 0.00158089
-10.4978 0.00159853
-10.4798 0.00161636
-10.4618 0.00163439
-10.4438 0.00165262
-10.4258 0.00167105
-10.4079 0.00168968
-10.3899 0.00170852
-10.3719 0.00172756
-10.3539 0.00174681
-10.3359 0.00176628
-10.318 0.00178596
-10.3 0.00180585
-10.282 0.00182596
-10.264 0.0018463
-10.246 0.00186686
-10.2281 0.00188764
-10.2101 0.00190865
-10.1921 0.00192989
-10.1741 0.00195137
-10.1561 0.00197308
-10.1381 0.00199503
-10.1202 0.00201722
-10.1022 0.00203965
-10.0842 0.00206233
-10.0662 0.00208526
-10.0482 0.00210844
-10.0303 0.00213187
-10.0123 0.00215556
-9.99429 0.00217951
-9.97631 0.00220372
-9.95833 0.0022282
-9.94034 0.00225294
-9.92236 0.00227796
-9.90438 0.00230324
-9.8864 0.00232881
-9.86842 0.00235465
-9.85044 0.00238078
-9.83246 0.00240719
-9.81447 0.0024339
-9.79649 0.00246089
-9.77851 0.00248818
-9.76053 0.00251576
-9.74255 0.00254365
-9.72457 0.00257184
-9.70658 0.00260034
-9.6886 0.00262915
-9.67062 0.00265827
-9.65264 0.00268771
-9.63466 0.00271748
-9.61668 0.00274756
-9.59869 0.00277798
-9.58071 0.00280872
-9.56273 0.0028398
-9.54475 0.00287122
-9.52677 0.00290298
-9.50879 0.00293509
-9.49081 0.00296755
-9.47282 0.00300036
-9.45484 0.00303352
-9.43686 0.00306705
-9.41888 0.00310094
-9.4009 0.0031352
-9.38292 0.00316983
-9.36493 0.00320483
-9.34695 0.00324022
-9.32897 0.00327599
-9.31099 0.00331215
-9.29301 0.0033487
-9.27503 0.00338565
-9.25704 0.003423
-9.23906 0.00346075
-9.22108 0.00349891
-9.2031 0.00353749
-9.18512 0.00357648
-9.16714 0.0036159
-9.14915 0.00365574
-9.13117 0.00369601
-9.11319 0.00373672
-9.09521 0.00377787
-9.07723 0.00381946
-9.05925 0.00386151
-9.04127 0.003904
-9.02328 0.00394696
-9.0053 0.00399038
-8.98732 0.00403427
-8.96934 0.00407863
-8.95136 0.00412348
-8.93338 0.0041688
-8.91539 0.00421462
-8.89741 0.00426092
-8.87943 0.00430773
-8.86145 0.00435504
-8.84347 0.00440286
-8.82549 0.0044512
-8.8075 0.00450005
-8.78952 0.00454943
-8.77154 0.00459935
-8.75356 0.0046498
-8.73558 0.00470079
-8.7176 0.00475233
-8.69962 0.00480442
-8.68163 0.00485707
-8.66365 0.00491029
-8.64567 0.00496408
-8.62769 0.00501844
-8.60971 0.00507339
-8.59173 0.00512893
-8.57374 0.00518506
-8.55576 0.0052418
-8.53778 0.00529914
-8.5198 0.0053571
-8.50182 0.00541567
-8.48384 0.00547488
-8.46585 0.00553471
-8.44787 0.00559519
-8.42989 0.00565631
-8.41191 0.00571809
-8.39393 0.00578052
-8.37595 0.00584362
-8.35796 0.0059074
-8.33998 0.00597185
-8.322 0.006037
-8.30402 0.00610284
-8.28604 0.00616937
-8.26806 0.00623662
-8.25008 0.00630459
-8.23209 0.00637328
-8.21411 0.00644269
-8.19613 0.00651285
-8.17815 0.00658375
-8.16017 0.00665541
-8.14219 0.00672783
-8.1242 0.00680102
-8.10622 0.00687498
-8.08824 0.00694973
-8.07026 0.00702527
-8.05228 0.00710162
-8.0343 0.00717877
-8.01631 0.00725674
-7.99833 0.00733553
-7.98035 0.00741516
-7.96237 0.00749564
-7.94439 0.00757696
-7.92641 0.00765914
-7.90843 0.0077422
-7.89044 0.00782613
-7.87246 0.00791094
-7.85448 0.00799665
-7.8365 0.00808327
-7.81852 0.0081708
-7.80054 0.00825925
-7.78255 0.00834864
-7.76457 0.00843896
-7.74659 0.00853024
-7.72861 0.00862248
-7.71063 0.00871568
-7.69265 0.00880987
-7.67466 0.00890505
-7.65668 0.00900122
-7.6387 0.00909841
-7.62072 0.00919662
-7.60274 0.00929585
-7.58476 0.00939613
-7.56678 0.00949746
-7.54879 0.00959985
-7.53081 0.00970331
-7.51283 0.00980785
-7.49485 0.00991349
-7.47687 0.0100202
-7.45889 0.0101281
-7.4409 0.0102371
-7.42292 0.0103472
-7.40494 0.0104585
-7.38696 0.0105709
-7.36898 0.0106845
-7.351 0.0107993
-7.33301 0.0109153
-7.31503 0.0110325
-7.29705 0.0111509
-7.27907 0.0112705
-7.26109 0.0113914
-7.24311 0.0115135
-7.22512 0.0116369
-7.20714 0.0117616
-7.18916 0.0118876
-7.17118 0.0120149
-7.1532 0.0121435
-7.13522 0.0122734
-7.11724 0.0124047
-7.09925 0.0125373
-7.08127 0.0126713
-7.06329 0.0128067
-7.04531 0.0129435
-7.02733 0.0130817
-7.00935 0.0132213
-6.99136 0.0133623
-6.97338 0.0135049
-6.9554 0.0136488
-6.93742 0.0137943
-6.91944 0.0139412
-6.90146 0.0140897
-6.88347 0.0142397
-6.86549 0.0143912
-6.84751 0.0145443
-6.82953 0.0146989
-6.81155 0.0148552
-6.79357 0.015013
-6.77559 0.0151724
-6.7576 0.0153335
-6.73962 0.0154962
-6.72164 0.0156606
-6.70366 0.0158266
-6.68568 0.0159944
-6.6677 0.0161638
-6.64971 0.016335
-6.63173 0.0165079
-6.61375 0.0166826
-6.59577 0.016859
-6.57779 0.0170373
-6.55981 0.0172173
-6.54182 0.0173992
-6.52384 0.0175829
-6.50586 0.0177685
-6.48788 0.0179559
-6.4699 0.0181453
-6.45192 0.0183365
-6.43393 0.0185297
-6.41595 0.0187248
-6.39797 0.0189219
-6.37999 0.019121
-6.36201 0.0193221
-6.34403 0.0195252
-6.32605 0.0197303
-6.30806 0.0199375
-6.29008 0.0201468
-6.2721 0.0203581
-6.25412 0.0205716
-6.23614 0.0207873
-6.21816 0.021005
-6.20017 0.021225
-6.18219 0.0214471
-6.16421 0.0216715
-6.14623 0.0218981
-6.12825 0.0221269
-6.11027 0.022358
-6.09228 0.0225914
-6.0743 0.0228272
-6.05632 0.0230652
-6.03834 0.0233057
-6.02036 0.0235485
-6.00238 0.0237937
-5.9844 0.0240413
-5.96641 0.0242913
-5.94843 0.0245439
-5.93045 0.0247989
-5.91247 0.0250564
-5.89449 0.0253165
-5.87651 0.0255791
-5.85852 0.0258443
-5.84054 0.0261121
-5.82256 0.0263825
-5.80458 0.0266555
-5.7866 0.0269312
-5.76862 0.0272096
-5.75063 0.0274907
-5.73265 0.0277746
-5.71467 0.0280612
-5.69669 0.0283506
-5.67871 0.0286428
-5.66073 0.0289379
-5.64275 0.0292358
-5.62476 0.0295365
-5.60678 0.0298402
-5.5888 0.0301468
-5.57082 0.0304564
-5.55284 0.0307689
-5.53486 0.0310845
-5.51687 0.0314031
-5.49889 0.0317247
-5.48091 0.0320494
-5.46293 0.0323772
-5.44495 0.0327082
-5.42697 0.0330423
-5.40898 0.0333796
-5.391 0.0337201
-5.37302 0.0340638
-5.35504 0.0344108
-5.33706 0.0347611
-5.31908 0.0351147
-5.30109 0.0354717
-5.28311 0.035832
-5.26513 0.0361957
-5.24715 0.0365628
-5.22917 0.0369334
-5.21119 0.0373075
-5.19321 0.0376851
-5.17522 0.0380662
-5.15724 0.0384508
-5.13926 0.0388391
-5.12128 0.039231
-5.1033 0.0396265
-5.08532 0.0400257
-5.06733 0.0404285
-5.04935 0.0408352
-5.03137 0.0412455
-5.01339 0.0416597
-4.99541 0.0420777
-4.97743 0.0424995
-4.95944 0.0429252
-4.94146 0.0433547
-4.92348 0.0437883
-4.9055 0.0442257
-4.88752 0.0446672
-4.86954 0.0451127
-4.85156 0.0455622
-4.83357 0.0460158
-4.81559 0.0464735
-4.79761 0.0469353
-4.77963 0.0474013
-4.76165 0.0478715
-4.74367 0.0483459
-4.72568 0.0488245
-4.7077 0.0493074
-4.68972 0.0497947
-4.67174 0.0502862
-4.65376 0.0507822
-4.63578 0.0512825
-4.61779 0.0517873
-4.59981 0.0522965
-4.58183 0.0528102
-4.56385 0.0533284
-4.54587 0.0538512
-4.52789 0.0543785
-4.50991 0.0549104
-4.49192 0.055447
-4.47394 0.0559882
-4.45596 0.0565341
-4.43798 0.0570847
-4.42 0.0576401
-4.40202 0.0582002
-4.38403 0.0587651
-4.36605 0.0593349
-4.34807 0.0599095
-4.33009 0.060489
-4.31211 0.0610735
-4.29413 0.0616628
-4.27614 0.0622572
-4.25816 0.0628565
-4.24018 0.0634609
-4.2222 0.0640703
-4.20422 0.0646848
-4.18624 0.0653044
-4.16825 0.0659291
-4.15027 0.066559
-4.13229 0.0671941
-4.11431 0.0678344
-4.09633 0.0684799
-4.07835 0.0691307
-4.06037 0.0697867
-4.04238 0.0704481
-4.0244 0.0711148
-4.00642 0.0717869
-3.98844 0.0724643
-3.97046 0.0731472
-3.95248 0.0738354
-3.93449 0.0745291
-3.91651 0.0752283
-3.89853 0.075933
-3.88055 0.0766432
-3.86257 0.0773589
-3.84459 0.0780802
-3.8266 0.078807
-3.80862 0.0795395
-3.79064 0.0802775
-3.77266 0.0810212
-3.75468 0.0817705
-3.7367 0.0825255
-3.71872 0.0832861
-3.70073 0.0840524
-3.68275 0.0848244
-3.66477 0.0856022
-3.64679 0.0863857
-3.62881 0.0871749
-3.61083 0.0879698
-3.59284 0.0887706
-3.57486 0.0895771
-3.55688 0.0903893
-3.5389 0.0912074
-3.52092 0.0920313
-3.50294 0.0928609
-3.48495 0.0936964
-3.46697 0.0945377
-3.44899 0.0953848
-3.43101 0.0962377
-3.41303 0.0970964
-3.39505 0.0979609
-3.37706 0.0988312
-3.35908 0.0997074
-3.3411 0.100589
-3.32312 0.101477
-3.30514 0.102371
-3.28716 0.10327
-3.26918 0.104175
-3.25119 0.105086
-3.23321 0.106002
-3.21523 0.106925
-3.19725 0.107853
-3.17927 0.108787
-3.16129 0.109726
-3.1433 0.110671
-3.12532 0.111622
-3.10734 0.112578
-3.08936 0.11354
-3.07138 0.114508
-3.0534 0.115481
-3.03541 0.116459
-3.01743 0.117443
-2.99945 0.118433
-2.98147 0.119427
-2.96349 0.120428
-2.94551 0.121433
-2.92753 0.122444
-2.90954 0.12346
-2.89156 0.124481
-2.87358 0.125507
-2.8556 0.126538
-2.83762 0.127574
-2.81964 0.128616
-2.80165 0.129662
-2.78367 0.130713
-2.76569 0.131768
-2.74771 0.132828
-2.72973 0.133893
-2.71175 0.134963
-2.69376 0.136036
-2.67578 0.137115
-2.6578 0.138197
-2.63982 0.139284
-2.62184 0.140374
-2.60386 0.141469
-2.58588 0.142567
-2.56789 0.14367
-2.54991 0.144775
-2.53193 0.145885
-2.51395 0.146998
-2.49597 0.148114
-2.47799 0.149233
-2.46 0.150356
-2.44202 0.151481
-2.42404 0.152609
-2.40606 0.15374
-2.38808 0.154873
-2.3701 0.156009
-2.35211 0.157146
-2.33413 0.158286
-2.31615 0.159428
-2.29817 0.160571
-2.28019 0.161716
-2.26221 0.162862
-2.24422 0.164009
-2.22624 0.165157
-2.20826 0.166306
-2.19028 0.167455
-2.1723 0.168605
-2.15432 0.169755
-2.13634 0.170905
-2.11835 0.172054
-2.10037 0.173203
-2.08239 0.174351
-2.06441 0.175497
-2.04643 0.176643
-2.02845 0.177787
-2.01046 0.178929
-1.99248 0.180069
-1.9745 0.181206
-1.95652 0.182341
-1.93854 0.183473
-1.92056 0.184601
-1.90257 0.185726
-1.88459 0.186847
-1.86661 0.187964
-1.84863 0.189076
-1.83065 0.190183
-1.81267 0.191285
-1.79469 0.192381
-1.7767 0.193472
-1.75872 0.194556
-1.74074 0.195633
-1.72276 0.196703
-1.70478 0.197765
-1.6868 0.19882
-1.66881 0.199866
-1.65083 0.200903
-1.63285 0.201932
-1.61487 0.20295
-1.59689 0.203959
-1.57891 0.204957
-1.56092 0.205944
-1.54294 0.206919
-1.52496 0.207883
-1.50698 0.208834
-1.489 0.209772
-1.47102 0.210697
-1.45303 0.211607
-1.43505 0.212504
-1.41707 0.213385
-1.39909 0.214251
-1.38111 0.2151
-1.36313 0.215933
-1.34515 0.216749
-1.32716 0.217547
-1.30918 0.218327
-1.2912 0.219088
-1.27322 0.219829
-1.25524 0.220551
-1.23726 0.221252
-1.21927 0.221931
-1.20129 0.222588
-1.18331 0.223223
-1.16533 0.223835
-1.14735 0.224424
-1.12937 0.224987
-1.11138 0.225526
-1.0934 0.22604
-1.07542 0.226527
-1.05744 0.226987
-1.03946 0.22742
-1.02148 0.227825
-1.0035 0.228201
-0.985514 0.228547
-0.967532 0.228864
-0.94955 0.22915
-0.931569 0.229405
-0.913587 0.229628
-0.895606 0.229819
-0.877624 0.229976
-0.859643 0.2301
-0.841661 0.23019
-0.823679 0.230245
-0.805698 0.230265
-0.787716 0.23025
-0.769735 0.230197
-0.751753 0.230108
-0.733771 0.229982
-0.71579 0.229818
-0.697808 0.229615
-0.679827 0.229374
-0.661845 0.229094
-0.643863 0.228774
-0.625882 0.228415
-0.6079 0.228015
-0.589919 0.227575
-0.571937 0.227093
-0.553956 0.226571
-0.535974 0.226008
-0.517992 0.225403
-0.500011 0.224757
-0.482029 0.224069
-0.464048 0.223339
-0.446066 0.222568
-0.428084 0.221754
-0.410103 0.220899
-0.392121 0.220002
-0.37414 0.219064
-0.356158 0.218084
-0.338176 0.217063
-0.320195 0.216001
-0.302213 0.214898
-0.284232 0.213755
-0.26625 0.212572
-0.248269 0.211349
-0.230287 0.210088
-0.212305 0.208788
-0.194324 0.20745
-0.176342 0.206074
-0.158361 0.204662
-0.140379 0.203214
-0.122397 0.201731
-0.104416 0.200213
-0.0864342 0.198661
-0.0684526 0.197077
-0.050471 0.195461
-0.0324895 0.193813
-0.0145079 0.192136
0.00347373 0.19043
0.0214553 0.188695
0.0394369 0.186934
0.0574185 0.185147
0.0754001 0.183335
0.0933817 0.181499
0.111363 0.179641
0.129345 0.177762
0.147326 0.175863
0.165308 0.173944
0.18329 0.172008
0.201271 0.170056
0.219253 0.168088
0.237234 0.166107
0.255216 0.164112
0.273198 0.162106
0.291179 0.16009
0.309161 0.158065
0.327142 0.156032
0.345124 0.153992
0.363105 0.151947
0.381087 0.149897
0.399069 0.147845
0.41705 0.145791
0.435032 0.143736
0.453013 0.141681
0.470995 0.139628
0.488977 0.137577
0.506958 0.13553
0.52494 0.133488
0.542921 0.131451
0.560903 0.129421
0.578885 0.127398
0.596866 0.125384
0.614848 0.123379
0.632829 0.121384
0.650811 0.119401
0.668793 0.117429
0.686774 0.11547
0.704756 0.113524
0.722737 0.111592
0.740719 0.109674
0.7587 0.107772
0.776682 0.105886
0.794664 0.104016
0.812645 0.102163
0.830627 0.100328
0.848608 0.0985106
0.86659 0.0967117
0.884572 0.0949316
0.902553 0.0931707
0.920535 0.0914294
0.938516 0.0897079
0.956498 0.0880066
0.97448 0.0863258
0.992461 0.0846657
1.01044 0.0830266
1.02842 0.0814085
1.04641 0.0798118
1.06439 0.0782365
1.08237 0.0766828
1.10035 0.0751507
1.11833 0.0736405
1.13631 0.072152
1.1543 0.0706854
1.17228 0.0692407
1.19026 0.067818
1.20824 0.0664171
1.22622 0.065038
1.2442 0.0636808
1.26218 0.0623454
1.28017 0.0610316
1.29815 0.0597395
1.31613 0.0584689
1.33411 0.0572196
1.35209 0.0559917
1.37007 0.0547848
1.38806 0.053599
1.40604 0.052434
1.42402 0.0512897
1.442 0.0501659
1.45998 0.0490624
1.47796 0.0479791
1.49595 0.0469157
1.51393 0.0458721
1.53191 0.044848
1.54989 0.0438433
1.56787 0.0428576
1.58585 0.0418909
1.60384 0.0409428
1.62182 0.0400132
1.6398 0.0391017
1.65778 0.0382083
1.67576 0.0373326
1.69374 0.0364743
1.71172 0.0356334
1.72971 0.0348094
1.74769 0.0340022
1.76567 0.0332115
1.78365 0.0324371
1.80163 0.0316788
1.81961 0.0309362
1.8376 0.0302091
1.85558 0.0294973
1.87356 0.0288006
1.89154 0.0281186
1.90952 0.0274512
1.9275 0.0267981
1.94549 0.0261591
1.96347 0.0255339
1.98145 0.0249222
1.99943 0.0243239
2.01741 0.0237387
2.03539 0.0231664
2.05337 0.0226067
2.07136 0.0220594
2.08934 0.0215243
2.10732 0.0210011
2.1253 0.0204897
2.14328 0.0199898
2.16126 0.0195011
2.17925 0.0190235
2.19723 0.0185567
2.21521 0.0181006
2.23319 0.017655
2.25117 0.0172195
2.26915 0.016794
2.28714 0.0163784
2.30512 0.0159724
2.3231 0.0155758
2.34108 0.0151885
2.35906 0.0148102
2.37704 0.0144407
2.39503 0.0140799
2.41301 0.0137276
2.43099 0.0133836
2.44897 0.0130477
2.46695 0.0127198
2.48493 0.0123997
2.50291 0.0120872
2.5209 0.0117822
2.53888 0.0114845
2.55686 0.0111939
2.57484 0.0109103
2.59282 0.0106335
2.6108 0.0103634
2.62879 0.0100998
2.64677 0.00984262
2.66475 0.00959169
2.68273 0.00934686
2.70071 0.00910799
2.71869 0.00887496
2.73668 0.00864764
2.75466 0.00842588
2.77264 0.00820958
2.79062 0.00799859
2.8086 0.0077928
2.82658 0.0075921
2.84456 0.00739636
2.86255 0.00720546
2.88053 0.00701931
2.89851 0.00683778
2.91649 0.00666076
2.93447 0.00648816
2.95245 0.00631987
2.97044 0.00615579
2.98842 0.00599582
3.0064 0.00583986
3.02438 0.00568782
3.04236 0.0055396
3.06034 0.00539511
3.07833 0.00525427
3.09631 0.00511698
3.11429 0.00498317
3.13227 0.00485275
3.15025 0.00472563
3.16823 0.00460174
3.18621 0.004481
3.2042 0.00436333
3.22218 0.00424866
3.24016 0.00413691
3.25814 0.00402802
3.27612 0.00392192
3.2941 0.00381853
3.31209 0.00371779
3.33007 0.00361963
3.34805 0.003524
3.36603 0.00343083
3.38401 0.00334005
3.40199 0.00325162
3.41998 0.00316546
3.43796 0.00308153
3.45594 0.00299977
3.47392 0.00292013
3.4919 0.00284254
3.50988 0.00276697
3.52787 0.00269336
3.54585 0.00262167
3.56383 0.00255183
3.58181 0.00248382
3.59979 0.00241757
3.61777 0.00235306
3.63575 0.00229022
3.65374 0.00222903
3.67172 0.00216944
3.6897 0.00211141
3.70768 0.00205489
3.72566 0.00199986
3.74364 0.00194627
3.76163 0.00189408
3.77961 0.00184327
3.79759 0.0017938
3.81557 0.00174562
3.83355 0.00169871
3.85153 0.00165304
3.86952 0.00160858
3.8875 0.00156529
3.90548 0.00152314
3.92346 0.0014821
3.94144 0.00144215
3.95942 0.00140326
3.9774 0.0013654
3.99539 0.00132854
4.01337 0.00129266
4.03135 0.00125773
4.04933 0.00122373
4.06731 0.00119063
4.08529 0.00115841
4.10328 0.00112705
4.12126 0.00109653
4.13924 0.00106682
4.15722 0.0010379
4.1752 0.00100975
4.19318 0.000982351
4.21117 0.000955686
4.22915 0.000929734
4.24713 0.000904475
4.26511 0.000879892
4.28309 0.000855968
4.30107 0.000832684
4.31905 0.000810024
4.33704 0.000787972
4.35502 0.000766512
4.373 0.000745628
4.39098 0.000725305
4.40896 0.000705528
4.42694 0.000686282
4.44493 0.000667555
4.46291 0.000649332
4.48089 0.000631599
4.49887 0.000614344
4.51685 0.000597555
4.53483 0.000581218
4.55282 0.000565322
4.5708 0.000549856
4.58878 0.000534807
4.60676 0.000520164
4.62474 0.000505918
4.64272 0.000492057
4.66071 0.000478571
4.67869 0.000465451
4.69667 0.000452685
4.71465 0.000440266
4.73263 0.000428183
4.75061 0.000416428
4.76859 0.000404992
4.78658 0.000393867
4.80456 0.000383043
4.82254 0.000372514
4.84052 0.000362271
4.8585 0.000352306
4.87648 0.000342613
4.89447 0.000333183
4.91245 0.00032401
4.93043 0.000315087
4.94841 0.000306407
4.96639 0.000297964
4.98437 0.000289751
5.00236 0.000281761
5.02034 0.00027399
5.03832 0.000266431
5.0563 0.000259079
5.07428 0.000251927
5.09226 0.000244971
5.11024 0.000238205
5.12823 0.000231624
5.14621 0.000225224
5.16419 0.000218998
5.18217 0.000212943
5.20015 0.000207053
5.21813 0.000201325
5.23612 0.000195754
5.2541 0.000190336
5.27208 0.000185067
5.29006 0.000179941
5.30804 0.000174957
5.32602 0.000170109
5.34401 0.000165395
5.36199 0.00016081
5.37997 0.000156351
5.39795 0.000152015
5.41593 0.000147798
5.43391 0.000143697
5.4519 0.000139708
5.46988 0.00013583
5.48786 0.000132058
5.50584 0.00012839
5.52382 0.000124823
5.5418 0.000121355
5.55978 0.000117982
5.57777 0.000114702
5.59575 0.000111513
5.61373 0.000108411
5.63171 0.000105395
5.64969 0.000102463
5.66767 9.9611e-05
5.68566 9.68382e-05
5.70364 9.41419e-05
5.72162 9.15201e-05
5.7396 8.89708e-05
5.75758 8.6492e-05
5.77556 8.40817e-05
5.79355 8.17382e-05
5.81153 7.94594e-05
5.82951 7.72438e-05
5.84749 7.50895e-05
5.86547 7.29948e-05
5.88345 7.09582e-05
5.90143 6.8978e-05
5.91942 6.70527e-05
5.9374 6.51807e-05
5.95538 6.33607e-05
5.97336 6.15911e-05
5.99134 5.98706e-05
6.00932 5.81979e-05
6.02731 5.65715e-05
6.04529 5.49904e-05
6.06327 5.34531e-05
6.08125 5.19585e-05
6.09923 5.05055e-05
6.11721 4.90928e-05
6.1352 4.77194e-05
6.15318 4.63842e-05
6.17116 4.50861e-05
6.18914 4.38241e-05
6.20712 4.25972e-05
6.2251 4.14044e-05
6.24308 4.02449e-05
6.26107 3.91176e-05
6.27905 3.80217e-05
6.29703 3.69563e-05
6.31501 3.59206e-05
6.33299 3.49137e-05
6.35097 3.3935e-05
6.36896 3.29834e-05
6.38694 3.20585e-05
6.40492 3.11593e-05
6.4229 3.02851e-05
6.44088 2.94354e-05
6.45886 2.86094e-05
6.47685 2.78064e-05
6.49483 2.70258e-05
6.51281 2.62671e-05
6.53079 2.55295e-05
6.54877 2.48125e-05
6.56675 2.41155e-05
6.58474 2.34381e-05
6.60272 2.27795e-05
6.6207 2.21393e-05
6.63868 2.15171e-05
