-1.59354 0.000475312
-1.58222 0.000497481
-1.57091 0.000520645
-1.55959 0.000544847
-1.54828 0.00057013
-1.53696 0.000596541
-1.52565 0.000624127
-1.51433 0.000652937
-1.50301 0.000683023
-1.4917 0.000714438
-1.48038 0.000747237
-1.46907 0.000781477
-1.45775 0.000817219
-1.44644 0.000854523
-1.43512 0.000893454
-1.42381 0.000934078
-1.41249 0.000976464
-1.40118 0.00102068
-1.38986 0.00106681
-1.37854 0.00111492
-1.36723 0.0011651
-1.35591 0.00121742
-1.3446 0.00127197
-1.33328 0.00132884
-1.32197 0.00138812
-1.31065 0.0014499
-1.29934 0.00151429
-1.28802 0.00158138
-1.27671 0.00165127
-1.26539 0.00172408
-1.25407 0.00179992
-1.24276 0.00187889
-1.23144 0.00196113
-1.22013 0.00204675
-1.20881 0.00213588
-1.1975 0.00222864
-1.18618 0.00232518
-1.17487 0.00242564
-1.16355 0.00253015
-1.15224 0.00263886
-1.14092 0.00275192
-1.1296 0.0028695
-1.11829 0.00299175
-1.10697 0.00311883
-1.09566 0.00325093
-1.08434 0.0033882
-1.07303 0.00353084
-1.06171 0.00367902
-1.0504 0.00383294
-1.03908 0.00399279
-1.02777 0.00415877
-1.01645 0.00433109
-1.00513 0.00450995
-0.993819 0.00469557
-0.982503 0.00488818
-0.971188 0.00508799
-0.959872 0.00529524
-0.948557 0.00551016
-0.937241 0.00573301
-0.925926 0.00596401
-0.91461 0.00620343
-0.903295 0.00645153
-0.891979 0.00670856
-0.880664 0.00697479
-0.869348 0.0072505
-0.858033 0.00753596
-0.846717 0.00783147
-0.835402 0.0081373
-0.824087 0.00845374
-0.812771 0.00878111
-0.801456 0.00911969
-0.79014 0.0094698
-0.778825 0.00983174
-0.767509 0.0102058
-0.756194 0.0105924
-0.744878 0.0109918
-0.733563 0.0114042
-0.722247 0.0118302
-0.710932 0.0122699
-0.699616 0.0127237
-0.688301 0.013192
-0.676985 0.0136751
-0.66567 0.0141733
-0.654354 0.014687
-0.643039 0.0152165
-0.631724 0.0157623
-0.620408 0.0163245
-0.609093 0.0169036
-0.597777 0.0174999
-0.586462 0.0181138
-0.575146 0.0187456
-0.563831 0.0193957
-0.552515 0.0200644
-0.5412 0.020752
-0.529884 0.0214589
-0.518569 0.0221854
-0.507253 0.0229318
-0.495938 0.0236985
-0.484622 0.0244858
-0.473307 0.025294
-0.461991 0.0261234
-0.450676 0.0269743
-0.439361 0.0278471
-0.428045 0.0287419
-0.41673 0.0296591
-0.405414 0.0305989
-0.394099 0.0315617
-0.382783 0.0325476
-0.371468 0.0335569
-0.360152 0.0345898
-0.348837 0.0356466
-0.337521 0.0367274
-0.326206 0.0378324
-0.31489 0.0389618
-0.303575 0.0401158
-0.292259 0.0412944
-0.280944 0.0424979
-0.269628 0.0437264
-0.258313 0.0449799
-0.246997 0.0462585
-0.235682 0.0475623
-0.224367 0.0488913
-0.213051 0.0502456
-0.201736 0.0516251
-0.19042 0.0530299
-0.179105 0.0544599
-0.167789 0.055915
-0.156474 0.0573952
-0.145158 0.0589004
-0.133843 0.0604304
-0.122527 0.0619851
-0.111212 0.0635645
-0.0998964 0.0651681
-0.0885809 0.066796
-0.0772654 0.0684478
-0.06595 0.0701233
-0.0546345 0.0718222
-0.043319 0.0735443
-0.0320035 0.0752892
-0.0206881 0.0770565
-0.00937259 0.078846
0.00194288 0.0806572
0.0132584 0.0824897
0.0245738 0.0843432
0.0358893 0.0862171
0.0472048 0.0881111
0.0585202 0.0900245
0.0698357 0.091957
0.0811512 0.093908
0.0924667 0.0958769
0.103782 0.0978632
0.115098 0.0998663
0.126413 0.101886
0.137729 0.103921
0.149044 0.105971
0.160359 0.108035
0.171675 0.110113
0.18299 0.112204
0.194306 0.114307
0.205621 0.116422
0.216937 0.118548
0.228252 0.120684
0.239568 0.122829
0.250883 0.124983
0.262199 0.127145
0.273514 0.129315
0.28483 0.131491
0.296145 0.133672
0.307461 0.135859
0.318776 0.138049
0.330092 0.140243
0.341407 0.14244
0.352722 0.144638
0.364038 0.146837
0.375353 0.149037
0.386669 0.151236
0.397984 0.153434
0.4093 0.155629
0.420615 0.157822
0.431931 0.160011
0.443246 0.162195
0.454562 0.164375
0.465877 0.166548
0.477193 0.168715
0.488508 0.170874
0.499824 0.173025
0.511139 0.175167
0.522455 0.177299
0.53377 0.179421
0.545086 0.181532
0.556401 0.183632
0.567716 0.185719
0.579032 0.187792
0.590347 0.189852
0.601663 0.191898
0.612978 0.193929
0.624294 0.195944
0.635609 0.197942
0.646925 0.199924
0.65824 0.201889
0.669556 0.203836
0.680871 0.205764
0.692187 0.207673
0.703502 0.209563
0.714818 0.211432
0.726133 0.213282
0.737449 0.21511
0.748764 0.216916
0.760079 0.218701
0.771395 0.220464
0.78271 0.222204
0.794026 0.223921
0.805341 0.225614
0.816657 0.227284
0.827972 0.22893
0.839288 0.230551
0.850603 0.232147
0.861919 0.233719
0.873234 0.235265
0.88455 0.236785
0.895865 0.23828
0.907181 0.239748
0.918496 0.241191
0.929812 0.242606
0.941127 0.243995
0.952442 0.245358
0.963758 0.246693
0.975073 0.248001
0.986389 0.249282
0.997704 0.250536
1.00902 0.251762
1.02034 0.25296
1.03165 0.254131
1.04297 0.255274
1.05428 0.25639
1.0656 0.257477
1.07691 0.258537
1.08823 0.259569
1.09954 0.260573
1.11086 0.261549
1.12217 0.262498
1.13349 0.263419
1.14481 0.264311
1.15612 0.265177
1.16744 0.266014
1.17875 0.266824
1.19007 0.267607
1.20138 0.268362
1.2127 0.26909
1.22401 0.269791
1.23533 0.270464
1.24664 0.271111
1.25796 0.27173
1.26928 0.272323
1.28059 0.27289
1.29191 0.27343
1.30322 0.273944
1.31454 0.274432
1.32585 0.274894
1.33717 0.27533
1.34848 0.27574
1.3598 0.276125
1.37111 0.276485
1.38243 0.27682
1.39375 0.277131
1.40506 0.277416
1.41638 0.277678
1.42769 0.277915
1.43901 0.278128
1.45032 0.278317
1.46164 0.278483
1.47295 0.278626
1.48427 0.278746
1.49559 0.278843
1.5069 0.278917
1.51822 0.278969
1.52953 0.278999
1.54085 0.279008
1.55216 0.278994
1.56348 0.27896
1.57479 0.278904
1.58611 0.278827
1.59742 0.27873
1.60874 0.278613
1.62006 0.278475
1.63137 0.278318
1.64269 0.278141
1.654 0.277945
1.66532 0.27773
1.67663 0.277496
1.68795 0.277243
1.69926 0.276973
1.71058 0.276684
1.72189 0.276378
1.73321 0.276054
1.74453 0.275713
1.75584 0.275355
1.76716 0.27498
1.77847 0.274589
1.78979 0.274182
1.8011 0.273759
1.81242 0.27332
1.82373 0.272866
1.83505 0.272396
1.84636 0.271912
1.85768 0.271413
1.869 0.2709
1.88031 0.270373
1.89163 0.269832
1.90294 0.269277
1.91426 0.268709
1.92557 0.268128
1.93689 0.267534
1.9482 0.266927
1.95952 0.266308
1.97083 0.265676
1.98215 0.265033
1.99347 0.264378
2.00478 0.263712
2.0161 0.263034
2.02741 0.262345
2.03873 0.261646
2.05004 0.260936
2.06136 0.260216
2.07267 0.259486
2.08399 0.258746
2.09531 0.257996
2.10662 0.257237
2.11794 0.256469
2.12925 0.255691
2.14057 0.254905
2.15188 0.254111
2.1632 0.253308
2.17451 0.252497
2.18583 0.251678
2.19714 0.250851
2.20846 0.250017
2.21978 0.249175
2.23109 0.248326
2.24241 0.24747
2.25372 0.246608
2.26504 0.245739
2.27635 0.244863
2.28767 0.243982
2.29898 0.243094
2.3103 0.2422
2.32161 0.241301
2.33293 0.240396
2.34425 0.239486
2.35556 0.238571
2.36688 0.237651
2.37819 0.236726
2.38951 0.235797
2.40082 0.234863
2.41214 0.233925
2.42345 0.232982
2.43477 0.232036
2.44608 0.231085
2.4574 0.230131
2.46872 0.229174
2.48003 0.228213
2.49135 0.227249
2.50266 0.226282
2.51398 0.225312
2.52529 0.224339
2.53661 0.223363
2.54792 0.222385
2.55924 0.221404
2.57055 0.220421
2.58187 0.219436
2.59319 0.21845
2.6045 0.217461
2.61582 0.21647
2.62713 0.215478
2.63845 0.214484
2.64976 0.213489
2.66108 0.212492
2.67239 0.211495
2.68371 0.210496
2.69503 0.209496
2.70634 0.208496
2.71766 0.207495
2.72897 0.206493
2.74029 0.205491
2.7516 0.204488
2.76292 0.203485
2.77423 0.202482
2.78555 0.201478
2.79686 0.200475
2.80818 0.199472
2.8195 0.198469
2.83081 0.197466
2.84213 0.196463
2.85344 0.195461
2.86476 0.19446
2.87607 0.193459
2.88739 0.192459
2.8987 0.191459
2.91002 0.190461
2.92133 0.189463
2.93265 0.188467
2.94397 0.187471
2.95528 0.186477
2.9666 0.185483
2.97791 0.184492
2.98923 0.183501
3.00054 0.182512
3.01186 0.181525
3.02317 0.180539
3.03449 0.179554
3.0458 0.178572
3.05712 0.177591
3.06844 0.176612
3.07975 0.175635
3.09107 0.174659
3.10238 0.173686
3.1137 0.172715
3.12501 0.171746
3.13633 0.170779
3.14764 0.169814
3.15896 0.168852
3.17027 0.167892
3.18159 0.166934
3.19291 0.165979
3.20422 0.165026
3.21554 0.164075
3.22685 0.163128
3.23817 0.162182
3.24948 0.16124
3.2608 0.1603
3.27211 0.159362
3.28343 0.158428
3.29475 0.157496
3.30606 0.156567
3.31738 0.155641
3.32869 0.154718
3.34001 0.153798
3.35132 0.15288
3.36264 0.151966
3.37395 0.151055
3.38527 0.150146
3.39658 0.149241
3.4079 0.148339
3.41922 0.14744
3.43053 0.146545
3.44185 0.145652
3.45316 0.144763
3.46448 0.143877
3.47579 0.142994
3.48711 0.142114
3.49842 0.141238
3.50974 0.140365
3.52105 0.139495
3.53237 0.138629
3.54369 0.137766
3.555 0.136907
3.56632 0.136051
3.57763 0.135199
3.58895 0.134349
3.60026 0.133504
3.61158 0.132662
3.62289 0.131823
3.63421 0.130988
3.64552 0.130157
3.65684 0.129329
3.66816 0.128504
3.67947 0.127683
3.69079 0.126866
3.7021 0.126052
3.71342 0.125242
3.72473 0.124436
3.73605 0.123633
3.74736 0.122834
3.75868 0.122038
3.76999 0.121246
3.78131 0.120458
3.79263 0.119673
3.80394 0.118892
3.81526 0.118115
3.82657 0.117341
3.83789 0.116571
3.8492 0.115805
3.86052 0.115042
3.87183 0.114284
3.88315 0.113528
3.89447 0.112777
3.90578 0.112029
3.9171 0.111285
3.92841 0.110544
3.93973 0.109808
3.95104 0.109075
3.96236 0.108345
3.97367 0.10762
3.98499 0.106898
3.9963 0.106179
4.00762 0.105465
4.01894 0.104754
4.03025 0.104047
4.04157 0.103343
4.05288 0.102643
4.0642 0.101947
4.07551 0.101255
4.08683 0.100566
4.09814 0.0998809
4.10946 0.0991995
4.12077 0.0985217
4.13209 0.0978475
4.14341 0.097177
4.15472 0.0965102
4.16604 0.095847
4.17735 0.0951874
4.18867 0.0945314
4.19998 0.0938791
4.2113 0.0932304
4.22261 0.0925853
4.23393 0.0919438
4.24524 0.0913059
4.25656 0.0906715
4.26788 0.0900408
4.27919 0.0894136
4.29051 0.08879
4.30182 0.0881699
4.31314 0.0875534
4.32445 0.0869404
4.33577 0.0863309
4.34708 0.0857249
4.3584 0.0851225
4.36971 0.0845235
4.38103 0.0839281
4.39235 0.0833361
4.40366 0.0827476
4.41498 0.0821625
4.42629 0.0815809
4.43761 0.0810028
4.44892 0.080428
4.46024 0.0798567
4.47155 0.0792888
4.48287 0.0787243
4.49419 0.0781631
4.5055 0.0776054
4.51682 0.077051
4.52813 0.0764999
4.53945 0.0759522
4.55076 0.0754078
4.56208 0.0748668
4.57339 0.074329
4.58471 0.0737945
4.59602 0.0732634
4.60734 0.0727354
4.61866 0.0722108
4.62997 0.0716893
4.64129 0.0711712
4.6526 0.0706562
4.66392 0.0701444
4.67523 0.0696358
4.68655 0.0691305
4.69786 0.0686282
4.70918 0.0681292
4.72049 0.0676332
4.73181 0.0671404
4.74313 0.0666508
4.75444 0.0661642
4.76576 0.0656807
4.77707 0.0652003
4.78839 0.064723
4.7997 0.0642487
4.81102 0.0637774
4.82233 0.0633092
4.83365 0.062844
4.84496 0.0623817
4.85628 0.0619225
4.8676 0.0614662
4.87891 0.0610129
4.89023 0.0605626
4.90154 0.0601151
4.91286 0.0596706
4.92417 0.059229
4.93549 0.0587903
4.9468 0.0583544
4.95812 0.0579214
4.96943 0.0574913
4.98075 0.057064
4.99207 0.0566395
5.00338 0.0562179
5.0147 0.055799
5.02601 0.0553829
5.03733 0.0549695
5.04864 0.054559
5.05996 0.0541511
5.07127 0.053746
5.08259 0.0533436
5.09391 0.0529439
5.10522 0.0525469
5.11654 0.0521525
5.12785 0.0517608
5.13917 0.0513717
5.15048 0.0509853
5.1618 0.0506015
5.17311 0.0502203
5.18443 0.0498417
5.19574 0.0494656
5.20706 0.0490921
5.21838 0.0487212
5.22969 0.0483528
5.24101 0.0479869
5.25232 0.0476235
5.26364 0.0472626
5.27495 0.0469042
5.28627 0.0465483
5.29758 0.0461948
5.3089 0.0458437
5.32021 0.0454951
5.33153 0.0451489
5.34285 0.044805
5.35416 0.0444636
5.36548 0.0441245
5.37679 0.0437878
5.38811 0.0434534
5.39942 0.0431214
5.41074 0.0427917
5.42205 0.0424643
5.43337 0.0421392
5.44468 0.0418163
5.456 0.0414957
5.46732 0.0411774
5.47863 0.0408613
5.48995 0.0405475
5.50126 0.0402358
5.51258 0.0399264
5.52389 0.0396191
5.53521 0.039314
5.54652 0.0390111
5.55784 0.0387103
5.56915 0.0384117
5.58047 0.0381152
5.59179 0.0378208
5.6031 0.0375284
5.61442 0.0372382
5.62573 0.0369501
5.63705 0.036664
5.64836 0.0363799
5.65968 0.0360979
5.67099 0.0358179
5.68231 0.03554
5.69363 0.035264
5.70494 0.03499
5.71626 0.034718
5.72757 0.0344479
5.73889 0.0341798
5.7502 0.0339137
5.76152 0.0336494
5.77283 0.0333871
5.78415 0.0331267
5.79546 0.0328681
5.80678 0.0326115
5.8181 0.0323567
5.82941 0.0321037
5.84073 0.0318526
5.85204 0.0316033
5.86336 0.0313559
5.87467 0.0311103
5.88599 0.0308664
5.8973 0.0306244
5.90862 0.0303841
5.91993 0.0301455
5.93125 0.0299088
5.94257 0.0296737
5.95388 0.0294404
5.9652 0.0292088
5.97651 0.028979
5.98783 0.0287508
5.99914 0.0285243
6.01046 0.0282994
6.02177 0.0280763
6.03309 0.0278547
6.0444 0.0276349
6.05572 0.0274166
6.06704 0.0272
6.07835 0.026985
6.08967 0.0267716
6.10098 0.0265597
6.1123 0.0263495
6.12361 0.0261408
6.13493 0.0259336
6.14624 0.025728
6.15756 0.025524
6.16887 0.0253215
6.18019 0.0251204
6.19151 0.0249209
6.20282 0.0247229
6.21414 0.0245264
6.22545 0.0243313
6.23677 0.0241377
6.24808 0.0239456
6.2594 0.0237549
6.27071 0.0235656
6.28203 0.0233778
6.29335 0.0231914
6.30466 0.0230064
6.31598 0.0228228
6.32729 0.0226405
6.33861 0.0224597
6.34992 0.0222802
6.36124 0.0221021
6.37255 0.0219253
6.38387 0.0217499
6.39518 0.0215758
6.4065 0.021403
6.41782 0.0212315
6.42913 0.0210614
6.44045 0.0208925
6.45176 0.0207249
6.46308 0.0205586
6.47439 0.0203936
6.48571 0.0202298
6.49702 0.0200672
6.50834 0.019906
6.51965 0.0197459
6.53097 0.0195871
6.54229 0.0194295
6.5536 0.019273
6.56492 0.0191178
6.57623 0.0189638
6.58755 0.018811
6.59886 0.0186593
6.61018 0.0185088
6.62149 0.0183595
6.63281 0.0182113
6.64412 0.0180642
6.65544 0.0179183
6.66676 0.0177735
6.67807 0.0176298
6.68939 0.0174873
6.7007 0.0173458
6.71202 0.0172054
6.72333 0.0170661
6.73465 0.0169279
6.74596 0.0167908
6.75728 0.0166547
6.76859 0.0165197
6.77991 0.0163857
6.79123 0.0162528
6.80254 0.0161209
6.81386 0.01599
6.82517 0.0158601
6.83649 0.0157313
6.8478 0.0156034
6.85912 0.0154766
6.87043 0.0153507
6.88175 0.0152258
6.89307 0.0151019
6.90438 0.0149789
6.9157 0.014857
6.92701 0.0147359
6.93833 0.0146158
6.94964 0.0144967
6.96096 0.0143785
6.97227 0.0142612
6.98359 0.0141448
6.9949 0.0140293
7.00622 0.0139148
7.01754 0.0138011
7.02885 0.0136884
7.04017 0.0135765
7.05148 0.0134655
7.0628 0.0133553
7.07411 0.0132461
7.08543 0.0131377
7.09674 0.0130301
7.10806 0.0129234
7.11937 0.0128176
7.13069 0.0127125
7.14201 0.0126083
7.15332 0.012505
7.16464 0.0124024
7.17595 0.0123007
7.18727 0.0121997
7.19858 0.0120996
7.2099 0.0120002
7.22121 0.0119016
7.23253 0.0118038
7.24384 0.0117068
7.25516 0.0116106
7.26648 0.0115151
7.27779 0.0114204
7.28911 0.0113264
7.30042 0.0112332
7.31174 0.0111407
7.32305 0.0110489
7.33437 0.0109579
7.34568 0.0108676
7.357 0.010778
7.36831 0.0106892
7.37963 0.010601
7.39095 0.0105135
7.40226 0.0104268
7.41358 0.0103407
7.42489 0.0102553
7.43621 0.0101706
7.44752 0.0100866
7.45884 0.0100033
7.47015 0.00992058
7.48147 0.00983855
7.49279 0.00975719
7.5041 0.00967647
7.51542 0.0095964
7.52673 0.00951697
7.53805 0.00943817
7.54936 0.00936001
7.56068 0.00928248
7.57199 0.00920556
7.58331 0.00912927
7.59462 0.00905358
7.60594 0.00897851
7.61726 0.00890404
7.62857 0.00883016
7.63989 0.00875688
7.6512 0.00868419
7.66252 0.00861209
7.67383 0.00854056
7.68515 0.00846961
7.69646 0.00839924
7.70778 0.00832943
7.71909 0.00826018
7.73041 0.00819149
7.74173 0.00812336
7.75304 0.00805577
7.76436 0.00798873
7.77567 0.00792224
7.78699 0.00785628
7.7983 0.00779085
7.80962 0.00772595
7.82093 0.00766158
7.83225 0.00759773
7.84356 0.00753439
7.85488 0.00747157
7.8662 0.00740926
7.87751 0.00734745
7.88883 0.00728615
7.90014 0.00722534
7.91146 0.00716502
7.92277 0.00710519
7.93409 0.00704585
7.9454 0.006987
7.95672 0.00692861
7.96803 0.00687071
7.97935 0.00681327
7.99067 0.00675631
8.00198 0.0066998
8.0133 0.00664376
8.02461 0.00658817
8.03593 0.00653303
8.04724 0.00647834
8.05856 0.0064241
8.06987 0.0063703
8.08119 0.00631694
8.09251 0.00626402
8.10382 0.00621153
8.11514 0.00615946
8.12645 0.00610782
8.13777 0.0060566
8.14908 0.0060058
8.1604 0.00595542
8.17171 0.00590545
8.18303 0.00585589
8.19434 0.00580673
8.20566 0.00575797
8.21698 0.00570962
8.22829 0.00566165
8.23961 0.00561409
8.25092 0.00556691
8.26224 0.00552012
8.27355 0.00547371
8.28487 0.00542768
8.29618 0.00538203
8.3075 0.00533676
8.31881 0.00529186
8.33013 0.00524732
8.34145 0.00520315
8.35276 0.00515935
8.36408 0.0051159
8.37539 0.00507281
8.38671 0.00503008
8.39802 0.00498769
8.40934 0.00494566
8.42065 0.00490397
8.43197 0.00486263
8.44328 0.00482162
8.4546 0.00478096
8.46592 0.00474062
8.47723 0.00470063
8.48855 0.00466096
8.49986 0.00462161
8.51118 0.0045826
8.52249 0.0045439
8.53381 0.00450552
8.54512 0.00446746
8.55644 0.00442972
8.56775 0.00439229
8.57907 0.00435516
8.59039 0.00431834
8.6017 0.00428183
8.61302 0.00424562
8.62433 0.00420971
8.63565 0.0041741
8.64696 0.00413878
8.65828 0.00410375
8.66959 0.00406901
8.68091 0.00403456
8.69223 0.0040004
8.70354 0.00396652
8.71486 0.00393292
8.72617 0.0038996
8.73749 0.00386655
8.7488 0.00383378
8.76012 0.00380128
8.77143 0.00376905
8.78275 0.00373709
8.79406 0.00370539
8.80538 0.00367396
8.8167 0.00364279
8.82801 0.00361188
8.83933 0.00358122
8.85064 0.00355082
8.86196 0.00352067
8.87327 0.00349078
8.88459 0.00346113
8.8959 0.00343173
8.90722 0.00340257
8.91853 0.00337365
8.92985 0.00334498
8.94117 0.00331655
8.95248 0.00328835
8.9638 0.00326039
8.97511 0.00323266
8.98643 0.00320516
8.99774 0.00317789
9.00906 0.00315085
9.02037 0.00312403
9.03169 0.00309744
9.043 0.00307107
9.05432 0.00304492
9.06564 0.00301899
9.07695 0.00299328
9.08827 0.00296778
9.09958 0.00294249
9.1109 0.00291742
9.12221 0.00289255
9.13353 0.00286789
9.14484 0.00284344
9.15616 0.0028192
9.16747 0.00279515
9.17879 0.00277131
9.19011 0.00274767
9.20142 0.00272422
9.21274 0.00270097
9.22405 0.00267792
9.23537 0.00265506
9.24668 0.00263239
9.258 0.00260991
9.26931 0.00258762
9.28063 0.00256552
9.29195 0.0025436
9.30326 0.00252187
9.31458 0.00250032
9.32589 0.00247895
9.33721 0.00245776
9.34852 0.00243674
9.35984 0.00241591
9.37115 0.00239524
9.38247 0.00237476
9.39378 0.00235444
9.4051 0.0023343
9.41642 0.00231432
9.42773 0.00229451
9.43905 0.00227487
9.45036 0.0022554
9.46168 0.00223609
9.47299 0.00221694
9.48431 0.00219795
9.49562 0.00217912
9.50694 0.00216045
9.51825 0.00214194
9.52957 0.00212359
9.54089 0.00210538
9.5522 0.00208734
9.56352 0.00206944
9.57483 0.0020517
9.58615 0.0020341
9.59746 0.00201665
9.60878 0.00199935
9.62009 0.0019822
9.63141 0.00196519
9.64272 0.00194833
9.65404 0.00193161
9.66536 0.00191502
9.67667 0.00189858
9.68799 0.00188228
9.6993 0.00186612
9.71062 0.00185009
