-1.27099 0.000326563
-1.0367 0.000814753
-0.802403 0.00197051
-0.568111 0.00452256
-0.333819 0.00952657
-0.0995274 0.017651
0.134765 0.0278513
0.369057 0.0375395
0.603349 0.0447924
0.837641 0.0493396
1.07193 0.0517775
1.30622 0.052796
1.54052 0.0529185
1.77481 0.0524932
2.0091 0.0517406
2.24339 0.050799
2.47768 0.0497546
2.71198 0.0486616
2.94627 0.0475539
3.18056 0.0464528
3.41485 0.0453715
3.64914 0.0443177
3.88344 0.043296
4.11773 0.0423088
4.35202 0.0413567
4.58631 0.0404398
4.8206 0.0395573
5.0549 0.0387083
5.28919 0.0378914
5.52348 0.0371054
5.75777 0.0363488
5.99206 0.0356201
6.22636 0.034918
6.46065 0.0342412
6.69494 0.0335883
6.92923 0.0329582
7.16352 0.0323496
7.39782 0.0317614
7.63211 0.0311926
7.8664 0.0306423
8.10069 0.0301095
8.33498 0.0295933
8.56928 0.029093
8.80357 0.0286078
9.03786 0.0281369
9.27215 0.0276798
9.50644 0.0272357
9.74074 0.0268041
9.97503 0.0263845
10.2093 0.0259763
10.4436 0.0255789
10.6779 0.0251921
10.9122 0.0248152
11.1465 0.024448
11.3808 0.0240899
11.6151 0.0237407
11.8494 0.0234001
12.0837 0.0230676
12.3179 0.0227429
12.5522 0.0224258
12.7865 0.0221161
13.0208 0.0218133
13.2551 0.0215173
13.4894 0.0212278
13.7237 0.0209447
13.958 0.0206676
14.1923 0.0203964
14.4266 0.0201309
14.6609 0.0198709
14.8952 0.0196162
15.1295 0.0193666
15.3637 0.019122
15.598 0.0188823
15.8323 0.0186472
16.0666 0.0184167
16.3009 0.0181906
16.5352 0.0179687
16.7695 0.017751
17.0038 0.0175373
17.2381 0.0173275
17.4724 0.0171216
17.7067 0.0169193
17.941 0.0167206
18.1752 0.0165254
18.4095 0.0163336
18.6438 0.0161451
18.8781 0.0159598
19.1124 0.0157777
19.3467 0.0155986
19.581 0.0154225
19.8153 0.0152493
20.0496 0.0150789
20.2839 0.0149113
20.5182 0.0147464
20.7525 0.0145841
20.9868 0.0144244
21.221 0.0142672
21.4553 0.0141124
21.6896 0.01396
21.9239 0.0138099
22.1582 0.0136622
22.3925 0.0135166
22.6268 0.0133733
22.8611 0.013232
23.0954 0.0130929
23.3297 0.0129558
23.564 0.0128207
23.7983 0.0126875
24.0325 0.0125563
24.2668 0.0124269
24.5011 0.0122993
24.7354 0.0121736
24.9697 0.0120496
25.204 0.0119273
25.4383 0.0118067
25.6726 0.0116878
25.9069 0.0115705
26.1412 0.0114547
26.3755 0.0113406
26.6098 0.0112279
26.8441 0.0111168
27.0783 0.0110071
27.3126 0.0108989
27.5469 0.0107921
27.7812 0.0106867
28.0155 0.0105826
28.2498 0.0104799
28.4841 0.0103785
28.7184 0.0102784
28.9527 0.0101795
29.187 0.0100819
29.4213 0.00998553
29.6556 0.00989035
29.8898 0.00979636
30.1241 0.00970352
30.3584 0.00961182
30.5927 0.00952124
30.827 0.00943177
31.0613 0.00934338
31.2956 0.00925605
31.5299 0.00916977
31.7642 0.00908452
31.9985 0.00900028
32.2328 0.00891704
32.4671 0.00883478
32.7014 0.00875349
32.9356 0.00867314
33.1699 0.00859373
33.4042 0.00851524
33.6385 0.00843765
33.8728 0.00836096
34.1071 0.00828514
34.3414 0.00821018
34.5757 0.00813608
34.81 0.00806281
35.0443 0.00799037
35.2786 0.00791874
35.5129 0.0078479
35.7471 0.00777786
35.9814 0.00770859
36.2157 0.00764009
36.45 0.00757234
36.6843 0.00750533
36.9186 0.00743906
37.1529 0.0073735
37.3872 0.00730866
37.6215 0.00724452
37.8558 0.00718107
38.0901 0.0071183
38.3244 0.0070562
38.5587 0.00699476
38.7929 0.00693397
39.0272 0.00687383
39.2615 0.00681432
39.4958 0.00675544
39.7301 0.00669718
39.9644 0.00663952
40.1987 0.00658247
40.433 0.006526
40.6673 0.00647013
40.9016 0.00641482
41.1359 0.00636009
41.3702 0.00630592
41.6044 0.0062523
41.8387 0.00619924
42.073 0.00614671
42.3073 0.00609471
42.5416 0.00604324
42.7759 0.00599228
43.0102 0.00594184
43.2445 0.00589191
43.4788 0.00584247
43.7131 0.00579353
43.9474 0.00574507
44.1817 0.0056971
44.416 0.00564959
44.6502 0.00560256
44.8845 0.00555599
45.1188 0.00550988
45.3531 0.00546422
45.5874 0.005419
45.8217 0.00537422
46.056 0.00532988
46.2903 0.00528597
46.5246 0.00524248
46.7589 0.00519942
46.9932 0.00515676
47.2275 0.00511452
47.4617 0.00507268
47.696 0.00503124
47.9303 0.00499019
48.1646 0.00494954
48.3989 0.00490927
48.6332 0.00486938
48.8675 0.00482987
49.1018 0.00479073
49.3361 0.00475195
49.5704 0.00471355
49.8047 0.0046755
50.039 0.0046378
50.2733 0.00460046
50.5075 0.00456346
50.7418 0.00452681
50.9761 0.0044905
51.2104 0.00445452
51.4447 0.00441887
51.679 0.00438356
51.9133 0.00434856
52.1476 0.00431389
52.3819 0.00427953
52.6162 0.00424549
52.8505 0.00421176
53.0848 0.00417833
53.319 0.00414521
53.5533 0.00411239
53.7876 0.00407986
54.0219 0.00404763
54.2562 0.00401569
54.4905 0.00398403
54.7248 0.00395266
54.9591 0.00392157
55.1934 0.00389076
55.4277 0.00386022
55.662 0.00382995
55.8963 0.00379996
56.1306 0.00377023
56.3648 0.00374076
56.5991 0.00371155
56.8334 0.00368261
57.0677 0.00365391
57.302 0.00362547
57.5363 0.00359728
57.7706 0.00356934
58.0049 0.00354164
58.2392 0.00351418
58.4735 0.00348696
58.7078 0.00345998
58.9421 0.00343324
59.1763 0.00340672
59.4106 0.00338044
59.6449 0.00335438
59.8792 0.00332855
60.1135 0.00330295
60.3478 0.00327756
60.5821 0.00325239
60.8164 0.00322744
61.0507 0.0032027
61.285 0.00317817
61.5193 0.00315385
61.7536 0.00312974
61.9879 0.00310584
62.2221 0.00308214
62.4564 0.00305864
62.6907 0.00303534
62.925 0.00301224
63.1593 0.00298933
63.3936 0.00296662
63.6279 0.00294409
63.8622 0.00292176
64.0965 0.00289962
64.3308 0.00287766
64.5651 0.00285589
64.7994 0.0028343
65.0336 0.00281289
65.2679 0.00279166
65.5022 0.0027706
65.7365 0.00274972
65.9708 0.00272902
66.2051 0.00270849
66.4394 0.00268813
66.6737 0.00266793
66.908 0.00264791
67.1423 0.00262805
67.3766 0.00260835
67.6109 0.00258882
67.8452 0.00256945
68.0794 0.00255023
68.3137 0.00253118
68.548 0.00251228
68.7823 0.00249354
69.0166 0.00247495
69.2509 0.00245651
69.4852 0.00243822
69.7195 0.00242008
69.9538 0.00240209
70.1881 0.00238425
70.4224 0.00236655
70.6567 0.002349
70.8909 0.00233159
71.1252 0.00231431
71.3595 0.00229718
71.5938 0.00228019
71.8281 0.00226334
72.0624 0.00224662
72.2967 0.00223003
72.531 0.00221358
72.7653 0.00219726
72.9996 0.00218108
73.2339 0.00216502
73.4682 0.00214909
73.7025 0.00213329
73.9367 0.00211761
74.171 0.00210207
74.4053 0.00208664
74.6396 0.00207134
74.8739 0.00205616
75.1082 0.0020411
75.3425 0.00202616
75.5768 0.00201134
75.8111 0.00199663
76.0454 0.00198205
76.2797 0.00196758
76.514 0.00195322
76.7482 0.00193898
76.9825 0.00192485
77.2168 0.00191083
77.4511 0.00189692
77.6854 0.00188312
77.9197 0.00186943
78.154 0.00185584
78.3883 0.00184237
78.6226 0.001829
78.8569 0.00181573
79.0912 0.00180257
79.3255 0.00178951
79.5598 0.00177655
79.794 0.0017637
80.0283 0.00175094
80.2626 0.00173828
80.4969 0.00172573
80.7312 0.00171327
80.9655 0.0017009
81.1998 0.00168864
81.4341 0.00167646
81.6684 0.00166439
81.9027 0.0016524
82.137 0.00164051
82.3713 0.00162871
82.6055 0.001617
82.8398 0.00160538
83.0741 0.00159386
83.3084 0.00158242
83.5427 0.00157107
83.777 0.0015598
84.0113 0.00154862
84.2456 0.00153753
84.4799 0.00152653
84.7142 0.0015156
84.9485 0.00150477
85.1828 0.00149401
85.4171 0.00148334
85.6513 0.00147275
85.8856 0.00146223
86.1199 0.0014518
86.3542 0.00144145
86.5885 0.00143118
86.8228 0.00142099
87.0571 0.00141087
87.2914 0.00140083
87.5257 0.00139087
87.76 0.00138098
87.9943 0.00137117
88.2286 0.00136143
88.4628 0.00135177
88.6971 0.00134218
88.9314 0.00133266
89.1657 0.00132321
89.4 0.00131384
89.6343 0.00130453
89.8686 0.0012953
90.1029 0.00128613
90.3372 0.00127704
90.5715 0.00126801
90.8058 0.00125905
91.0401 0.00125016
91.2744 0.00124133
91.5086 0.00123257
91.7429 0.00122388
91.9772 0.00121525
92.2115 0.00120669
92.4458 0.00119819
92.6801 0.00118975
92.9144 0.00118138
93.1487 0.00117307
93.383 0.00116482
93.6173 0.00115663
93.8516 0.00114851
94.0859 0.00114044
94.3201 0.00113244
94.5544 0.00112449
94.7887 0.0011166
95.023 0.00110878
95.2573 0.00110101
95.4916 0.00109329
95.7259 0.00108564
95.9602 0.00107804
96.1945 0.0010705
96.4288 0.00106301
96.6631 0.00105558
96.8974 0.0010482
97.1317 0.00104088
97.3659 0.00103362
97.6002 0.0010264
97.8345 0.00101924
98.0688 0.00101213
98.3031 0.00100508
98.5374 0.000998073
98.7717 0.000991121
99.006 0.00098422
99.2403 0.00097737
99.4746 0.00097057
99.7089 0.000963819
99.9432 0.000957119
100.177 0.000950467
100.412 0.000943864
100.646 0.00093731
100.88 0.000930803
101.115 0.000924345
101.349 0.000917933
101.583 0.000911568
101.817 0.00090525
102.052 0.000898977
102.286 0.000892751
102.52 0.00088657
102.755 0.000880433
102.989 0.000874342
103.223 0.000868295
103.458 0.000862292
103.692 0.000856332
103.926 0.000850416
104.16 0.000844542
104.395 0.000838712
104.629 0.000832923
104.863 0.000827177
105.098 0.000821472
105.332 0.000815809
105.566 0.000810186
105.8 0.000804604
106.035 0.000799063
106.269 0.000793562
106.503 0.0007881
106.738 0.000782678
106.972 0.000777295
107.206 0.00077195
107.441 0.000766644
107.675 0.000761377
107.909 0.000756147
108.143 0.000750955
108.378 0.000745801
108.612 0.000740683
108.846 0.000735602
109.081 0.000730558
109.315 0.00072555
109.549 0.000720578
109.783 0.000715641
110.018 0.00071074
110.252 0.000705874
110.486 0.000701043
110.721 0.000696247
110.955 0.000691485
111.189 0.000686756
111.423 0.000682062
111.658 0.000677401
111.892 0.000672774
112.126 0.000668179
112.361 0.000663618
112.595 0.000659089
112.829 0.000654592
113.064 0.000650127
113.298 0.000645694
113.532 0.000641292
113.766 0.000636922
114.001 0.000632583
114.235 0.000628275
114.469 0.000623997
114.704 0.00061975
114.938 0.000615533
115.172 0.000611346
115.406 0.000607189
115.641 0.000603061
115.875 0.000598962
116.109 0.000594893
116.344 0.000590852
116.578 0.00058684
116.812 0.000582856
117.046 0.0005789
117.281 0.000574973
117.515 0.000571073
117.749 0.0005672
117.984 0.000563355
118.218 0.000559537
118.452 0.000555747
118.687 0.000551982
118.921 0.000548245
119.155 0.000544533
119.389 0.000540848
119.624 0.000537189
119.858 0.000533555
120.092 0.000529948
120.327 0.000526365
120.561 0.000522808
120.795 0.000519275
121.029 0.000515768
121.264 0.000512285
121.498 0.000508826
121.732 0.000505392
121.967 0.000501982
122.201 0.000498596
122.435 0.000495233
122.669 0.000491894
122.904 0.000488579
123.138 0.000485287
123.372 0.000482017
123.607 0.000478771
123.841 0.000475547
124.075 0.000472346
124.31 0.000469167
124.544 0.00046601
124.778 0.000462876
125.012 0.000459763
125.247 0.000456672
125.481 0.000453603
125.715 0.000450554
125.95 0.000447528
126.184 0.000444522
126.418 0.000441537
126.652 0.000438573
126.887 0.00043563
127.121 0.000432707
127.355 0.000429804
127.59 0.000426922
127.824 0.000424059
128.058 0.000421217
128.292 0.000418394
128.527 0.000415591
128.761 0.000412807
128.995 0.000410043
129.23 0.000407297
129.464 0.000404571
129.698 0.000401864
129.933 0.000399175
130.167 0.000396505
130.401 0.000393854
130.635 0.00039122
130.87 0.000388605
131.104 0.000386009
131.338 0.00038343
131.573 0.000380869
131.807 0.000378325
132.041 0.000375799
132.275 0.000373291
132.51 0.0003708
132.744 0.000368326
132.978 0.000365869
133.213 0.000363429
133.447 0.000361006
133.681 0.0003586
133.915 0.00035621
134.15 0.000353837
134.384 0.00035148
134.618 0.000349139
134.853 0.000346814
135.087 0.000344506
135.321 0.000342213
135.556 0.000339936
135.79 0.000337674
136.024 0.000335428
136.258 0.000333198
136.493 0.000330983
136.727 0.000328783
136.961 0.000326598
137.196 0.000324428
137.43 0.000322273
137.664 0.000320133
137.898 0.000318007
138.133 0.000315896
138.367 0.000313799
138.601 0.000311717
138.836 0.000309649
139.07 0.000307595
139.304 0.000305556
139.539 0.00030353
139.773 0.000301518
140.007 0.00029952
140.241 0.000297535
140.476 0.000295564
140.71 0.000293606
140.944 0.000291662
141.179 0.000289731
141.413 0.000287814
141.647 0.000285909
141.881 0.000284017
142.116 0.000282138
142.35 0.000280272
142.584 0.000278419
142.819 0.000276578
143.053 0.00027475
143.287 0.000272934
143.521 0.000271131
143.756 0.00026934
143.99 0.000267561
144.224 0.000265794
144.459 0.000264039
144.693 0.000262297
144.927 0.000260565
145.162 0.000258846
145.396 0.000257139
145.63 0.000255442
145.864 0.000253758
146.099 0.000252085
146.333 0.000250423
146.567 0.000248773
146.802 0.000247133
147.036 0.000245505
147.27 0.000243888
147.504 0.000242282
147.739 0.000240686
147.973 0.000239102
148.207 0.000237528
148.442 0.000235965
148.676 0.000234412
148.91 0.00023287
149.144 0.000231339
149.379 0.000229817
149.613 0.000228306
149.847 0.000226805
150.082 0.000225315
150.316 0.000223834
150.55 0.000222363
150.785 0.000220903
151.019 0.000219452
151.253 0.000218011
151.487 0.000216579
151.722 0.000215158
151.956 0.000213746
152.19 0.000212343
152.425 0.00021095
152.659 0.000209566
152.893 0.000208192
153.127 0.000206826
153.362 0.00020547
153.596 0.000204124
153.83 0.000202786
154.065 0.000201457
154.299 0.000200137
154.533 0.000198826
154.767 0.000197524
155.002 0.00019623
155.236 0.000194946
155.47 0.000193669
155.705 0.000192402
155.939 0.000191143
156.173 0.000189892
156.408 0.00018865
156.642 0.000187416
156.876 0.00018619
157.11 0.000184973
157.345 0.000183764
157.579 0.000182563
157.813 0.000181369
158.048 0.000180184
158.282 0.000179007
158.516 0.000177838
158.75 0.000176676
158.985 0.000175523
159.219 0.000174377
159.453 0.000173238
159.688 0.000172108
159.922 0.000170985
160.156 0.000169869
160.39 0.000168761
160.625 0.00016766
160.859 0.000166567
161.093 0.000165481
161.328 0.000164402
161.562 0.00016333
161.796 0.000162266
162.031 0.000161208
162.265 0.000160158
162.499 0.000159115
162.733 0.000158078
162.968 0.000157049
163.202 0.000156026
163.436 0.00015501
163.671 0.000154001
163.905 0.000152999
164.139 0.000152003
164.373 0.000151014
164.608 0.000150032
164.842 0.000149056
165.076 0.000148087
165.311 0.000147124
165.545 0.000146167
165.779 0.000145217
166.014 0.000144273
166.248 0.000143336
166.482 0.000142404
166.716 0.000141479
166.951 0.00014056
167.185 0.000139647
167.419 0.000138741
167.654 0.00013784
167.888 0.000136945
168.122 0.000136056
168.356 0.000135173
168.591 0.000134296
168.825 0.000133425
169.059 0.000132559
169.294 0.000131699
169.528 0.000130845
169.762 0.000129997
169.996 0.000129154
170.231 0.000128317
170.465 0.000127485
170.699 0.000126659
170.934 0.000125838
171.168 0.000125023
171.402 0.000124213
171.637 0.000123408
171.871 0.000122609
172.105 0.000121815
172.339 0.000121027
172.574 0.000120243
172.808 0.000119465
173.042 0.000118692
173.277 0.000117924
173.511 0.000117161
173.745 0.000116403
173.979 0.00011565
174.214 0.000114902
174.448 0.000114159
174.682 0.000113421
174.917 0.000112688
175.151 0.00011196
175.385 0.000111236
175.619 0.000110517
175.854 0.000109803
176.088 0.000109094
176.322 0.000108389
176.557 0.000107689
176.791 0.000106994
177.025 0.000106303
177.26 0.000105617
177.494 0.000104935
177.728 0.000104258
177.962 0.000103585
178.197 0.000102917
178.431 0.000102253
178.665 0.000101593
178.9 0.000100938
179.134 0.000100287
179.368 9.96401e-05
179.602 9.89977e-05
179.837 9.83595e-05
180.071 9.77256e-05
180.305 9.70957e-05
180.54 9.647e-05
180.774 9.58485e-05
181.008 9.5231e-05
181.242 9.46175e-05
181.477 9.40081e-05
181.711 9.34027e-05
181.945 9.28013e-05
182.18 9.22038e-05
182.414 9.16102e-05
182.648 9.10206e-05
182.883 9.04348e-05
183.117 8.98528e-05
183.351 8.92747e-05
183.585 8.87003e-05
183.82 8.81298e-05
184.054 8.75629e-05
184.288 8.69998e-05
184.523 8.64403e-05
184.757 8.58846e-05
184.991 8.53324e-05
185.225 8.47839e-05
185.46 8.4239e-05
185.694 8.36977e-05
185.928 8.31598e-05
186.163 8.26256e-05
186.397 8.20948e-05
186.631 8.15674e-05
186.865 8.10436e-05
187.1 8.05231e-05
187.334 8.00061e-05
187.568 7.94924e-05
187.803 7.89821e-05
188.037 7.84752e-05
188.271 7.79715e-05
188.506 7.74712e-05
188.74 7.69741e-05
188.974 7.64802e-05
189.208 7.59896e-05
189.443 7.55022e-05
189.677 7.5018e-05
189.911 7.45369e-05
190.146 7.4059e-05
190.38 7.35842e-05
190.614 7.31125e-05
190.848 7.26438e-05
191.083 7.21783e-05
191.317 7.17157e-05
191.551 7.12562e-05
191.786 7.07997e-05
192.02 7.03461e-05
192.254 6.98955e-05
192.488 6.94479e-05
192.723 6.90031e-05
192.957 6.85613e-05
193.191 6.81223e-05
193.426 6.76862e-05
193.66 6.7253e-05
193.894 6.68225e-05
194.129 6.63949e-05
194.363 6.59701e-05
194.597 6.5548e-05
194.831 6.51286e-05
195.066 6.4712e-05
195.3 6.42981e-05
195.534 6.38869e-05
195.769 6.34784e-05
196.003 6.30725e-05
196.237 6.26693e-05
196.471 6.22686e-05
196.706 6.18706e-05
196.94 6.14752e-05
197.174 6.10824e-05
197.409 6.06921e-05
197.643 6.03043e-05
197.877 5.9919e-05
198.112 5.95363e-05
198.346 5.9156e-05
198.58 5.87782e-05
198.814 5.84029e-05
199.049 5.803e-05
199.283 5.76595e-05
199.517 5.72915e-05
199.752 5.69258e-05
199.986 5.65624e-05
200.22 5.62015e-05
200.454 5.58429e-05
200.689 5.54866e-05
200.923 5.51326e-05
201.157 5.47809e-05
201.392 5.44315e-05
201.626 5.40844e-05
201.86 5.37395e-05
202.094 5.33968e-05
202.329 5.30564e-05
202.563 5.27181e-05
202.797 5.23821e-05
203.032 5.20482e-05
203.266 5.17165e-05
203.5 5.1387e-05
203.735 5.10595e-05
203.969 5.07342e-05
204.203 5.0411e-05
204.437 5.00899e-05
204.672 4.97709e-05
204.906 4.94539e-05
205.14 4.9139e-05
205.375 4.88261e-05
205.609 4.85153e-05
205.843 4.82064e-05
206.077 4.78996e-05
206.312 4.75947e-05
206.546 4.72918e-05
206.78 4.69909e-05
207.015 4.66919e-05
207.249 4.63948e-05
207.483 4.60997e-05
207.717 4.58065e-05
207.952 4.55151e-05
208.186 4.52257e-05
208.42 4.49381e-05
208.655 4.46523e-05
208.889 4.43684e-05
209.123 4.40864e-05
209.358 4.38061e-05
209.592 4.35277e-05
209.826 4.32511e-05
210.06 4.29762e-05
210.295 4.27031e-05
210.529 4.24318e-05
210.763 4.21623e-05
210.998 4.18944e-05
211.232 4.16283e-05
211.466 4.13639e-05
211.7 4.11013e-05
211.935 4.08403e-05
212.169 4.0581e-05
212.403 4.03233e-05
212.638 4.00674e-05
212.872 3.9813e-05
213.106 3.95603e-05
213.34 3.93093e-05
213.575 3.90598e-05
213.809 3.8812e-05
214.043 3.85657e-05
214.278 3.83211e-05
214.512 3.8078e-05
214.746 3.78365e-05
214.981 3.75965e-05
215.215 3.73581e-05
215.449 3.71212e-05
215.683 3.68858e-05
215.918 3.6652e-05
216.152 3.64196e-05
216.386 3.61888e-05
216.621 3.59594e-05
216.855 3.57315e-05
217.089 3.55051e-05
217.323 3.52801e-05
217.558 3.50566e-05
217.792 3.48345e-05
218.026 3.46138e-05
218.261 3.43945e-05
218.495 3.41767e-05
218.729 3.39603e-05
218.963 3.37452e-05
219.198 3.35315e-05
219.432 3.33192e-05
219.666 3.31083e-05
219.901 3.28987e-05
220.135 3.26905e-05
220.369 3.24836e-05
220.604 3.2278e-05
220.838 3.20737e-05
221.072 3.18708e-05
221.306 3.16691e-05
221.541 3.14688e-05
221.775 3.12697e-05
222.009 3.10719e-05
222.244 3.08754e-05
222.478 3.06801e-05
222.712 3.04861e-05
222.946 3.02934e-05
223.181 3.01018e-05
223.415 2.99115e-05
223.649 2.97224e-05
223.884 2.95346e-05
224.118 2.93479e-05
224.352 2.91624e-05
224.587 2.89781e-05
224.821 2.8795e-05
225.055 2.86131e-05
225.289 2.84323e-05
225.524 2.82527e-05
225.758 2.80742e-05
225.992 2.78969e-05
226.227 2.77207e-05
226.461 2.75457e-05
226.695 2.73717e-05
226.929 2.71989e-05
227.164 2.70272e-05
227.398 2.68565e-05
227.632 2.6687e-05
227.867 2.65186e-05
228.101 2.63512e-05
228.335 2.61849e-05
228.569 2.60196e-05
228.804 2.58555e-05
229.038 2.56923e-05
229.272 2.55302e-05
229.507 2.53692e-05
229.741 2.52092e-05
229.975 2.50502e-05
230.21 2.48922e-05
230.444 2.47352e-05
230.678 2.45792e-05
230.912 2.44242e-05
231.147 2.42702e-05
231.381 2.41172e-05
231.615 2.39652e-05
231.85 2.38141e-05
232.084 2.3664e-05
232.318 2.35149e-05
232.552 2.33667e-05
232.787 2.32195e-05
