-4.64106 0.000482081
-4.63467 0.000487361
-4.62829 0.000492699
-4.6219 0.000498096
-4.61551 0.000503553
-4.60912 0.00050907
-4.60273 0.000514647
-4.59634 0.000520287
-4.58996 0.000525988
-4.58357 0.000531753
-4.57718 0.000537581
-4.57079 0.000543473
-4.5644 0.000549431
-4.55801 0.000555454
-4.55162 0.000561544
-4.54524 0.000567701
-4.53885 0.000573926
-4.53246 0.00058022
-4.52607 0.000586584
-4.51968 0.000593018
-4.51329 0.000599523
-4.50691 0.0006061
-4.50052 0.000612749
-4.49413 0.000619473
-4.48774 0.00062627
-4.48135 0.000633143
-4.47496 0.000640091
-4.46858 0.000647117
-4.46219 0.00065422
-4.4558 0.000661402
-4.44941 0.000668663
-4.44302 0.000676005
-4.43663 0.000683427
-4.43024 0.000690932
-4.42386 0.00069852
-4.41747 0.000706192
-4.41108 0.000713949
-4.40469 0.000721792
-4.3983 0.000729722
-4.39191 0.000737739
-4.38553 0.000745845
-4.37914 0.000754041
-4.37275 0.000762328
-4.36636 0.000770707
-4.35997 0.000779178
-4.35358 0.000787743
-4.3472 0.000796403
-4.34081 0.000805159
-4.33442 0.000814013
-4.32803 0.000822964
-4.32164 0.000832014
-4.31525 0.000841165
-4.30886 0.000850417
-4.30248 0.000859772
-4.29609 0.000869231
-4.2897 0.000878794
-4.28331 0.000888464
-4.27692 0.00089824
-4.27053 0.000908126
-4.26415 0.00091812
-4.25776 0.000928226
-4.25137 0.000938444
-4.24498 0.000948775
-4.23859 0.000959221
-4.2322 0.000969783
-4.22582 0.000980462
-4.21943 0.00099126
-4.21304 0.00100218
-4.20665 0.00101322
-4.20026 0.00102438
-4.19387 0.00103566
-4.18748 0.00104707
-4.1811 0.00105861
-4.17471 0.00107028
-4.16832 0.00108207
-4.16193 0.001094
-4.15554 0.00110606
-4.14915 0.00111825
-4.14277 0.00113058
-4.13638 0.00114304
-4.12999 0.00115565
-4.1236 0.00116839
-4.11721 0.00118128
-4.11082 0.00119431
-4.10444 0.00120748
-4.09805 0.0012208
-4.09166 0.00123427
-4.08527 0.00124789
-4.07888 0.00126166
-4.07249 0.00127558
-4.0661 0.00128966
-4.05972 0.0013039
-4.05333 0.00131829
-4.04694 0.00133284
-4.04055 0.00134756
-4.03416 0.00136244
-4.02777 0.00137748
-4.02139 0.00139269
-4.015 0.00140808
-4.00861 0.00142363
-4.00222 0.00143936
-3.99583 0.00145526
-3.98944 0.00147134
-3.98305 0.0014876
-3.97667 0.00150403
-3.97028 0.00152066
-3.96389 0.00153747
-3.9575 0.00155446
-3.95111 0.00157164
-3.94472 0.00158902
-3.93834 0.00160659
-3.93195 0.00162436
-3.92556 0.00164232
-3.91917 0.00166049
-3.91278 0.00167885
-3.90639 0.00169742
-3.90001 0.0017162
-3.89362 0.00173519
-3.88723 0.00175439
-3.88084 0.00177381
-3.87445 0.00179344
-3.86806 0.00181329
-3.86167 0.00183336
-3.85529 0.00185366
-3.8489 0.00187418
-3.84251 0.00189493
-3.83612 0.00191592
-3.82973 0.00193714
-3.82334 0.00195859
-3.81696 0.00198029
-3.81057 0.00200223
-3.80418 0.00202441
-3.79779 0.00204684
-3.7914 0.00206952
-3.78501 0.00209245
-3.77863 0.00211565
-3.77224 0.0021391
-3.76585 0.00216281
-3.75946 0.00218679
-3.75307 0.00221103
-3.74668 0.00223555
-3.74029 0.00226034
-3.73391 0.00228541
-3.72752 0.00231076
-3.72113 0.00233639
-3.71474 0.00236231
-3.70835 0.00238852
-3.70196 0.00241503
-3.69558 0.00244183
-3.68919 0.00246893
-3.6828 0.00249633
-3.67641 0.00252404
-3.67002 0.00255206
-3.66363 0.00258039
-3.65725 0.00260905
-3.65086 0.00263802
-3.64447 0.00266732
-3.63808 0.00269694
-3.63169 0.0027269
-3.6253 0.00275719
-3.61891 0.00278782
-3.61253 0.0028188
-3.60614 0.00285012
-3.59975 0.0028818
-3.59336 0.00291383
-3.58697 0.00294622
-3.58058 0.00297897
-3.5742 0.00301209
-3.56781 0.00304558
-3.56142 0.00307944
-3.55503 0.00311369
-3.54864 0.00314832
-3.54225 0.00318334
-3.53587 0.00321875
-3.52948 0.00325456
-3.52309 0.00329077
-3.5167 0.00332739
-3.51031 0.00336442
-3.50392 0.00340187
-3.49753 0.00343973
-3.49115 0.00347802
-3.48476 0.00351674
-3.47837 0.0035559
-3.47198 0.00359549
-3.46559 0.00363553
-3.4592 0.00367602
-3.45282 0.00371697
-3.44643 0.00375838
-3.44004 0.00380025
-3.43365 0.00384259
-3.42726 0.0038854
-3.42087 0.0039287
-3.41448 0.00397249
-3.4081 0.00401677
-3.40171 0.00406154
-3.39532 0.00410682
-3.38893 0.00415261
-3.38254 0.00419892
-3.37615 0.00424574
-3.36977 0.00429309
-3.36338 0.00434098
-3.35699 0.0043894
-3.3506 0.00443837
-3.34421 0.00448789
-3.33782 0.00453797
-3.33144 0.00458861
-3.32505 0.00463982
-3.31866 0.00469161
-3.31227 0.00474398
-3.30588 0.00479694
-3.29949 0.0048505
-3.2931 0.00490466
-3.28672 0.00495943
-3.28033 0.00501482
-3.27394 0.00507083
-3.26755 0.00512747
-3.26116 0.00518475
-3.25477 0.00524268
-3.24839 0.00530126
-3.242 0.0053605
-3.23561 0.00542041
-3.22922 0.00548099
-3.22283 0.00554226
-3.21644 0.00560422
-3.21006 0.00566688
-3.20367 0.00573024
-3.19728 0.00579432
-3.19089 0.00585912
-3.1845 0.00592465
-3.17811 0.00599092
-3.17172 0.00605794
-3.16534 0.00612572
-3.15895 0.00619426
-3.15256 0.00626358
-3.14617 0.00633367
-3.13978 0.00640456
-3.13339 0.00647625
-3.12701 0.00654875
-3.12062 0.00662207
-3.11423 0.00669622
-3.10784 0.0067712
-3.10145 0.00684703
-3.09506 0.00692371
-3.08868 0.00700127
-3.08229 0.0070797
-3.0759 0.00715901
-3.06951 0.00723922
-3.06312 0.00732034
-3.05673 0.00740238
-3.05034 0.00748534
-3.04396 0.00756924
-3.03757 0.00765409
-3.03118 0.0077399
-3.02479 0.00782668
-3.0184 0.00791444
-3.01201 0.00800319
-3.00563 0.00809295
-2.99924 0.00818372
-2.99285 0.00827551
-2.98646 0.00836835
-2.98007 0.00846224
-2.97368 0.00855719
-2.9673 0.00865321
-2.96091 0.00875032
-2.95452 0.00884853
-2.94813 0.00894785
-2.94174 0.0090483
-2.93535 0.00914988
-2.92896 0.00925261
-2.92258 0.0093565
-2.91619 0.00946158
-2.9098 0.00956784
-2.90341 0.0096753
-2.89702 0.00978398
-2.89063 0.00989389
-2.88425 0.010005
-2.87786 0.0101175
-2.87147 0.0102312
-2.86508 0.0103461
-2.85869 0.0104624
-2.8523 0.01058
-2.84591 0.0106989
-2.83953 0.0108192
-2.83314 0.0109409
-2.82675 0.0110639
-2.82036 0.0111883
-2.81397 0.0113141
-2.80758 0.0114414
-2.8012 0.01157
-2.79481 0.0117002
-2.78842 0.0118318
-2.78203 0.0119649
-2.77564 0.0120996
-2.76925 0.0122357
-2.76287 0.0123734
-2.75648 0.0125127
-2.75009 0.0126535
-2.7437 0.0127959
-2.73731 0.01294
-2.73092 0.0130857
-2.72453 0.013233
-2.71815 0.013382
-2.71176 0.0135327
-2.70537 0.0136851
-2.69898 0.0138393
-2.69259 0.0139951
-2.6862 0.0141528
-2.67982 0.0143122
-2.67343 0.0144735
-2.66704 0.0146366
-2.66065 0.0148015
-2.65426 0.0149683
-2.64787 0.015137
-2.64149 0.0153076
-2.6351 0.0154801
-2.62871 0.0156546
-2.62232 0.0158311
-2.61593 0.0160096
-2.60954 0.0161901
-2.60315 0.0163727
-2.59677 0.0165573
-2.59038 0.016744
-2.58399 0.0169329
-2.5776 0.0171239
-2.57121 0.017317
-2.56482 0.0175124
-2.55844 0.0177099
-2.55205 0.0179098
-2.54566 0.0181118
-2.53927 0.0183162
-2.53288 0.0185229
-2.52649 0.0187319
-2.52011 0.0189433
-2.51372 0.0191571
-2.50733 0.0193734
-2.50094 0.0195921
-2.49455 0.0198132
-2.48816 0.0200369
-2.48177 0.0202631
-2.47539 0.0204919
-2.469 0.0207233
-2.46261 0.0209573
-2.45622 0.021194
-2.44983 0.0214333
-2.44344 0.0216754
-2.43706 0.0219202
-2.43067 0.0221678
-2.42428 0.0224182
-2.41789 0.0226714
-2.4115 0.0229276
-2.40511 0.0231866
-2.39873 0.0234485
-2.39234 0.0237135
-2.38595 0.0239814
-2.37956 0.0242524
-2.37317 0.0245264
-2.36678 0.0248036
-2.36039 0.0250839
-2.35401 0.0253674
-2.34762 0.0256541
-2.34123 0.025944
-2.33484 0.0262373
-2.32845 0.0265338
-2.32206 0.0268337
-2.31568 0.027137
-2.30929 0.0274438
-2.3029 0.027754
-2.29651 0.0280678
-2.29012 0.0283851
-2.28373 0.028706
-2.27734 0.0290305
-2.27096 0.0293588
-2.26457 0.0296907
-2.25818 0.0300264
-2.25179 0.0303659
-2.2454 0.0307092
-2.23901 0.0310564
-2.23263 0.0314076
-2.22624 0.0317627
-2.21985 0.0321219
-2.21346 0.0324851
-2.20707 0.0328524
-2.20068 0.0332239
-2.1943 0.0335996
-2.18791 0.0339795
-2.18152 0.0343637
-2.17513 0.0347523
-2.16874 0.0351453
-2.16235 0.0355427
-2.15596 0.0359446
-2.14958 0.036351
-2.14319 0.036762
-2.1368 0.0371777
-2.13041 0.0375981
-2.12402 0.0380232
-2.11763 0.0384531
-2.11125 0.0388878
-2.10486 0.0393275
-2.09847 0.0397721
-2.09208 0.0402218
-2.08569 0.0406765
-2.0793 0.0411363
-2.07292 0.0416013
-2.06653 0.0420716
-2.06014 0.0425471
-2.05375 0.043028
-2.04736 0.0435143
-2.04097 0.0440061
-2.03458 0.0445035
-2.0282 0.0450064
-2.02181 0.045515
-2.01542 0.0460293
-2.00903 0.0465493
-2.00264 0.0470753
-1.99625 0.0476071
-1.98987 0.0481449
-1.98348 0.0486887
-1.97709 0.0492387
-1.9707 0.0497948
-1.96431 0.0503571
-1.95792 0.0509258
-1.95154 0.0515008
-1.94515 0.0520822
-1.93876 0.0526702
-1.93237 0.0532648
-1.92598 0.053866
-1.91959 0.0544739
-1.9132 0.0550886
-1.90682 0.0557102
-1.90043 0.0563387
-1.89404 0.0569743
-1.88765 0.0576169
-1.88126 0.0582667
-1.87487 0.0589238
-1.86849 0.0595881
-1.8621 0.0602599
-1.85571 0.0609392
-1.84932 0.061626
-1.84293 0.0623204
-1.83654 0.0630226
-1.83016 0.0637325
-1.82377 0.0644504
-1.81738 0.0651762
-1.81099 0.0659101
-1.8046 0.0666521
-1.79821 0.0674023
-1.79182 0.0681608
-1.78544 0.0689277
-1.77905 0.0697031
-1.77266 0.070487
-1.76627 0.0712797
-1.75988 0.072081
-1.75349 0.0728912
-1.74711 0.0737103
-1.74072 0.0745385
-1.73433 0.0753757
-1.72794 0.0762222
-1.72155 0.0770779
-1.71516 0.0779431
-1.70877 0.0788177
-1.70239 0.079702
-1.696 0.0805959
-1.68961 0.0814996
-1.68322 0.0824131
-1.67683 0.0833367
-1.67044 0.0842703
-1.66406 0.0852141
-1.65767 0.0861682
-1.65128 0.0871327
-1.64489 0.0881077
-1.6385 0.0890932
-1.63211 0.0900895
-1.62573 0.0910965
-1.61934 0.0921145
-1.61295 0.0931435
-1.60656 0.0941836
-1.60017 0.0952349
-1.59378 0.0962975
-1.58739 0.0973716
-1.58101 0.0984573
-1.57462 0.0995546
-1.56823 0.100664
-1.56184 0.101785
-1.55545 0.102918
-1.54906 0.104063
-1.54268 0.10522
-1.53629 0.10639
-1.5299 0.107572
-1.52351 0.108767
-1.51712 0.109974
-1.51073 0.111194
-1.50435 0.112427
-1.49796 0.113674
-1.49157 0.114933
-1.48518 0.116205
-1.47879 0.117491
-1.4724 0.118791
-1.46601 0.120104
-1.45963 0.121431
-1.45324 0.122772
-1.44685 0.124126
-1.44046 0.125495
-1.43407 0.126878
-1.42768 0.128276
-1.4213 0.129688
-1.41491 0.131114
-1.40852 0.132556
-1.40213 0.134012
-1.39574 0.135483
-1.38935 0.136969
-1.38297 0.13847
-1.37658 0.139987
-1.37019 0.141519
-1.3638 0.143067
-1.35741 0.14463
-1.35102 0.146209
-1.34463 0.147805
-1.33825 0.149416
-1.33186 0.151043
-1.32547 0.152687
-1.31908 0.154347
-1.31269 0.156024
-1.3063 0.157717
-1.29992 0.159427
-1.29353 0.161154
-1.28714 0.162898
-1.28075 0.16466
-1.27436 0.166438
-1.26797 0.168234
-1.26159 0.170047
-1.2552 0.171878
-1.24881 0.173727
-1.24242 0.175593
-1.23603 0.177477
-1.22964 0.17938
-1.22325 0.1813
-1.21687 0.183239
-1.21048 0.185196
-1.20409 0.187172
-1.1977 0.189166
-1.19131 0.191179
-1.18492 0.19321
-1.17854 0.195261
-1.17215 0.19733
-1.16576 0.199418
-1.15937 0.201526
-1.15298 0.203652
-1.14659 0.205798
-1.1402 0.207963
-1.13382 0.210148
-1.12743 0.212352
-1.12104 0.214576
-1.11465 0.21682
-1.10826 0.219083
-1.10187 0.221366
-1.09549 0.223669
-1.0891 0.225991
-1.08271 0.228334
-1.07632 0.230697
-1.06993 0.233079
-1.06354 0.235482
-1.05716 0.237905
-1.05077 0.240348
-1.04438 0.242811
-1.03799 0.245295
-1.0316 0.247798
-1.02521 0.250322
-1.01882 0.252866
-1.01244 0.25543
-1.00605 0.258015
-0.99966 0.260619
-0.993271 0.263244
-0.986883 0.265889
-0.980494 0.268554
-0.974106 0.271239
-0.967717 0.273944
-0.961329 0.276669
-0.954941 0.279414
-0.948552 0.282179
-0.942164 0.284964
-0.935775 0.287768
-0.929387 0.290592
-0.922998 0.293435
-0.91661 0.296298
-0.910222 0.29918
-0.903833 0.302081
-0.897445 0.305001
-0.891056 0.30794
-0.884668 0.310897
-0.878279 0.313873
-0.871891 0.316868
-0.865503 0.31988
-0.859114 0.32291
-0.852726 0.325959
-0.846337 0.329024
-0.839949 0.332107
-0.83356 0.335207
-0.827172 0.338323
-0.820784 0.341456
-0.814395 0.344606
-0.808007 0.347771
-0.801618 0.350951
-0.79523 0.354147
-0.788841 0.357358
-0.782453 0.360583
-0.776065 0.363823
-0.769676 0.367076
-0.763288 0.370342
-0.756899 0.373622
-0.750511 0.376914
-0.744122 0.380218
-0.737734 0.383533
-0.731346 0.38686
-0.724957 0.390197
-0.718569 0.393544
-0.71218 0.396901
-0.705792 0.400267
-0.699403 0.403641
-0.693015 0.407023
-0.686627 0.410412
-0.680238 0.413808
-0.67385 0.41721
-0.667461 0.420617
-0.661073 0.424029
-0.654684 0.427444
-0.648296 0.430863
-0.641908 0.434284
-0.635519 0.437706
-0.629131 0.44113
-0.622742 0.444554
-0.616354 0.447976
-0.609965 0.451398
-0.603577 0.454816
-0.597189 0.458231
-0.5908 0.461642
-0.584412 0.465048
-0.578023 0.468448
-0.571635 0.47184
-0.565246 0.475225
-0.558858 0.4786
-0.55247 0.481965
-0.546081 0.485319
-0.539693 0.488661
-0.533304 0.491989
-0.526916 0.495303
-0.520527 0.498601
-0.514139 0.501882
-0.507751 0.505146
-0.501362 0.50839
-0.494974 0.511614
-0.488585 0.514817
-0.482197 0.517997
-0.475808 0.521153
-0.46942 0.524283
-0.463032 0.527387
-0.456643 0.530464
-0.450255 0.533511
-0.443866 0.536527
-0.437478 0.539512
-0.43109 0.542464
-0.424701 0.545381
-0.418313 0.548262
-0.411924 0.551106
-0.405536 0.553911
-0.399147 0.556676
-0.392759 0.559399
-0.386371 0.56208
-0.379982 0.564717
-0.373594 0.567308
-0.367205 0.569851
-0.360817 0.572346
-0.354428 0.574792
-0.34804 0.577186
-0.341652 0.579527
-0.335263 0.581814
-0.328875 0.584045
-0.322486 0.586219
-0.316098 0.588336
-0.309709 0.590392
-0.303321 0.592387
-0.296933 0.59432
-0.290544 0.596189
-0.284156 0.597994
-0.277767 0.599731
-0.271379 0.601402
-0.26499 0.603003
-0.258602 0.604534
-0.252214 0.605994
-0.245825 0.607382
-0.239437 0.608696
-0.233048 0.609935
-0.22666 0.611098
-0.220271 0.612184
-0.213883 0.613193
-0.207495 0.614122
-0.201106 0.614972
-0.194718 0.615741
-0.188329 0.616428
-0.181941 0.617033
-0.175552 0.617555
-0.169164 0.617993
-0.162776 0.618346
-0.156387 0.618614
-0.149999 0.618796
-0.14361 0.618892
-0.137222 0.618901
-0.130833 0.618823
-0.124445 0.618657
-0.118057 0.618402
-0.111668 0.61806
-0.10528 0.617629
-0.0988913 0.61711
-0.0925029 0.616501
-0.0861144 0.615804
-0.079726 0.615019
-0.0733376 0.614144
-0.0669492 0.613181
-0.0605607 0.61213
-0.0541723 0.61099
-0.0477839 0.609763
-0.0413954 0.608448
-0.035007 0.607046
-0.0286186 0.605558
-0.0222302 0.603984
-0.0158417 0.602324
-0.00945331 0.60058
-0.00306488 0.598752
0.00332354 0.596841
0.00971197 0.594847
0.0161004 0.592772
0.0224888 0.590617
0.0288773 0.588381
0.0352657 0.586068
0.0416541 0.583677
0.0480425 0.58121
0.054431 0.578668
0.0608194 0.576051
0.0672078 0.573363
0.0735962 0.570603
0.0799847 0.567773
0.0863731 0.564875
0.0927615 0.56191
0.09915 0.558879
0.105538 0.555785
0.111927 0.552627
0.118315 0.549409
0.124704 0.546132
0.131092 0.542797
0.137481 0.539405
0.143869 0.53596
0.150257 0.532461
0.156646 0.528912
0.163034 0.525313
0.169423 0.521667
0.175811 0.517974
0.1822 0.514238
0.188588 0.51046
0.194976 0.506641
0.201365 0.502783
0.207753 0.498888
0.214142 0.494958
0.22053 0.490995
0.226918 0.487
0.233307 0.482975
0.239695 0.478922
0.246084 0.474843
0.252472 0.470739
0.258861 0.466612
0.265249 0.462464
0.271637 0.458296
0.278026 0.454111
0.284414 0.449909
0.290803 0.445693
0.297191 0.441464
0.30358 0.437224
0.309968 0.432975
0.316356 0.428717
0.322745 0.424453
0.329133 0.420184
0.335522 0.415911
0.34191 0.411636
0.348299 0.407361
0.354687 0.403086
0.361075 0.398814
0.367464 0.394545
0.373852 0.390281
0.380241 0.386023
0.386629 0.381772
0.393018 0.37753
0.399406 0.373298
0.405794 0.369077
0.412183 0.364868
0.418571 0.360672
0.42496 0.356491
0.431348 0.352325
0.437737 0.348175
0.444125 0.344043
0.450513 0.339929
0.456902 0.335834
0.46329 0.331759
0.469679 0.327705
0.476067 0.323672
0.482456 0.319663
0.488844 0.315676
0.495232 0.311714
0.501621 0.307776
0.508009 0.303863
0.514398 0.299976
0.520786 0.296116
0.527175 0.292284
0.533563 0.288478
0.539951 0.284701
0.54634 0.280953
0.552728 0.277234
0.559117 0.273544
0.565505 0.269885
0.571894 0.266256
0.578282 0.262657
0.58467 0.25909
0.591059 0.255554
0.597447 0.25205
0.603836 0.248577
0.610224 0.245137
0.616613 0.241729
0.623001 0.238354
0.629389 0.235012
0.635778 0.231702
0.642166 0.228426
0.648555 0.225183
0.654943 0.221973
0.661332 0.218797
0.66772 0.215654
0.674108 0.212544
0.680497 0.209469
0.686885 0.206426
0.693274 0.203417
0.699662 0.200442
0.706051 0.1975
0.712439 0.194592
0.718827 0.191717
0.725216 0.188876
0.731604 0.186067
0.737993 0.183292
0.744381 0.18055
0.75077 0.177841
0.757158 0.175165
0.763546 0.172522
0.769935 0.169911
0.776323 0.167332
0.782712 0.164786
0.7891 0.162272
0.795489 0.15979
0.801877 0.157339
0.808265 0.15492
0.814654 0.152532
0.821042 0.150176
0.827431 0.14785
0.833819 0.145555
0.840207 0.14329
0.846596 0.141056
0.852984 0.138852
0.859373 0.136677
0.865761 0.134532
0.87215 0.132416
0.878538 0.13033
0.884926 0.128272
0.891315 0.126242
0.897703 0.124241
0.904092 0.122268
0.91048 0.120322
0.916869 0.118404
0.923257 0.116513
0.929645 0.114649
0.936034 0.112812
0.942422 0.111001
0.948811 0.109217
0.955199 0.107458
0.961588 0.105724
0.967976 0.104016
0.974364 0.102333
0.980753 0.100675
0.987141 0.0990409
0.99353 0.0974312
0.999918 0.0958454
1.00631 0.0942832
1.0127 0.0927443
1.01908 0.0912285
1.02547 0.0897355
1.03186 0.088265
1.03825 0.0868168
1.04464 0.0853905
1.05103 0.083986
1.05741 0.0826028
1.0638 0.0812408
1.07019 0.0798998
1.07658 0.0785793
1.08297 0.0772792
1.08936 0.0759992
1.09574 0.074739
1.10213 0.0734985
1.10852 0.0722772
1.11491 0.071075
1.1213 0.0698916
1.12769 0.0687267
1.13408 0.0675802
1.14046 0.0664517
1.14685 0.065341
1.15324 0.0642479
1.15963 0.0631721
1.16602 0.0621133
1.17241 0.0610714
1.17879 0.0600462
1.18518 0.0590372
1.19157 0.0580445
1.19796 0.0570676
1.20435 0.0561064
1.21074 0.0551607
1.21712 0.0542301
1.22351 0.0533147
1.2299 0.0524139
1.23629 0.0515278
1.24268 0.0506561
1.24907 0.0497985
1.25546 0.0489548
1.26184 0.0481249
1.26823 0.0473085
1.27462 0.0465054
1.28101 0.0457155
1.2874 0.0449385
1.29379 0.0441742
1.30017 0.0434225
1.30656 0.0426831
1.31295 0.041956
1.31934 0.0412408
1.32573 0.0405374
1.33212 0.0398456
1.3385 0.0391652
1.34489 0.0384962
1.35128 0.0378382
1.35767 0.0371911
1.36406 0.0365548
1.37045 0.0359291
1.37684 0.0353137
1.38322 0.0347087
1.38961 0.0341137
1.396 0.0335287
1.40239 0.0329534
1.40878 0.0323878
1.41517 0.0318316
1.42155 0.0312848
1.42794 0.0307471
1.43433 0.0302185
1.44072 0.0296987
1.44711 0.0291877
1.4535 0.0286853
1.45988 0.0281914
1.46627 0.0277058
1.47266 0.0272283
1.47905 0.026759
1.48544 0.0262975
1.49183 0.0258439
1.49822 0.025398
1.5046 0.0249596
1.51099 0.0245286
1.51738 0.0241049
1.52377 0.0236885
1.53016 0.0232791
1.53655 0.0228766
1.54293 0.022481
1.54932 0.0220922
1.55571 0.0217099
1.5621 0.0213342
1.56849 0.0209649
1.57488 0.0206019
1.58127 0.020245
1.58765 0.0198943
1.59404 0.0195495
1.60043 0.0192107
1.60682 0.0188776
1.61321 0.0185503
1.6196 0.0182285
1.62598 0.0179123
1.63237 0.0176014
1.63876 0.0172959
1.64515 0.0169957
1.65154 0.0167006
1.65793 0.0164106
1.66431 0.0161255
1.6707 0.0158453
1.67709 0.01557
1.68348 0.0152994
1.68987 0.0150335
1.69626 0.0147721
1.70265 0.0145152
1.70903 0.0142628
1.71542 0.0140147
1.72181 0.0137709
1.7282 0.0135312
1.73459 0.0132958
1.74098 0.0130644
