-5.72252 0.000678871
-5.71 0.000689252
-5.69748 0.000699792
-5.68495 0.000710496
-5.67243 0.000721364
-5.6599 0.0007324
-5.64738 0.000743607
-5.63485 0.000754986
-5.62233 0.000766541
-5.60981 0.000778274
-5.59728 0.000790189
-5.58476 0.000802287
-5.57223 0.000814573
-5.55971 0.000827048
-5.54718 0.000839716
-5.53466 0.000852579
-5.52214 0.000865641
-5.50961 0.000878905
-5.49709 0.000892374
-5.48456 0.000906052
-5.47204 0.00091994
-5.45951 0.000934044
-5.44699 0.000948366
-5.43446 0.000962909
-5.42194 0.000977677
-5.40942 0.000992673
-5.39689 0.0010079
-5.38437 0.00102337
-5.37184 0.00103907
-5.35932 0.00105502
-5.34679 0.00107121
-5.33427 0.00108765
-5.32175 0.00110435
-5.30922 0.00112131
-5.2967 0.00113853
-5.28417 0.00115602
-5.27165 0.00117378
-5.25912 0.00119181
-5.2466 0.00121012
-5.23407 0.00122872
-5.22155 0.00124761
-5.20903 0.00126678
-5.1965 0.00128626
-5.18398 0.00130604
-5.17145 0.00132612
-5.15893 0.00134652
-5.1464 0.00136723
-5.13388 0.00138826
-5.12136 0.00140962
-5.10883 0.00143132
-5.09631 0.00145334
-5.08378 0.00147571
-5.07126 0.00149843
-5.05873 0.0015215
-5.04621 0.00154493
-5.03368 0.00156873
-5.02116 0.00159289
-5.00864 0.00161743
-4.99611 0.00164235
-4.98359 0.00166766
-4.97106 0.00169336
-4.95854 0.00171946
-4.94601 0.00174597
-4.93349 0.00177288
-4.92097 0.00180022
-4.90844 0.00182799
-4.89592 0.00185618
-4.88339 0.00188482
-4.87087 0.00191389
-4.85834 0.00194343
-4.84582 0.00197342
-4.83329 0.00200388
-4.82077 0.00203481
-4.80825 0.00206623
-4.79572 0.00209813
-4.7832 0.00213054
-4.77067 0.00216344
-4.75815 0.00219686
-4.74562 0.0022308
-4.7331 0.00226527
-4.72058 0.00230028
-4.70805 0.00233583
-4.69553 0.00237194
-4.683 0.00240861
-4.67048 0.00244585
-4.65795 0.00248368
-4.64543 0.00252209
-4.6329 0.0025611
-4.62038 0.00260073
-4.60786 0.00264097
-4.59533 0.00268184
-4.58281 0.00272334
-4.57028 0.0027655
-4.55776 0.00280831
-4.54523 0.0028518
-4.53271 0.00289596
-4.52019 0.00294081
-4.50766 0.00298636
-4.49514 0.00303263
-4.48261 0.00307961
-4.47009 0.00312734
-4.45756 0.0031758
-4.44504 0.00322503
-4.43251 0.00327503
-4.41999 0.0033258
-4.40747 0.00337737
-4.39494 0.00342975
-4.38242 0.00348295
-4.36989 0.00353698
-4.35737 0.00359186
-4.34484 0.00364759
-4.33232 0.0037042
-4.3198 0.00376169
-4.30727 0.00382009
-4.29475 0.00387939
-4.28222 0.00393963
-4.2697 0.00400081
-4.25717 0.00406295
-4.24465 0.00412606
-4.23213 0.00419016
-4.2196 0.00425526
-4.20708 0.00432139
-4.19455 0.00438855
-4.18203 0.00445676
-4.1695 0.00452605
-4.15698 0.00459641
-4.14445 0.00466789
-4.13193 0.00474048
-4.11941 0.00481421
-4.10688 0.0048891
-4.09436 0.00496516
-4.08183 0.00504241
-4.06931 0.00512088
-4.05678 0.00520058
-4.04426 0.00528153
-4.03174 0.00536374
-4.01921 0.00544725
-4.00669 0.00553207
-3.99416 0.00561822
-3.98164 0.00570572
-3.96911 0.0057946
-3.95659 0.00588487
-3.94406 0.00597656
-3.93154 0.00606969
-3.91902 0.00616428
-3.90649 0.00626035
-3.89397 0.00635794
-3.88144 0.00645705
-3.86892 0.00655773
-3.85639 0.00665998
-3.84387 0.00676384
-3.83135 0.00686934
-3.81882 0.00697649
-3.8063 0.00708532
-3.79377 0.00719586
-3.78125 0.00730814
-3.76872 0.00742219
-3.7562 0.00753802
-3.74367 0.00765568
-3.73115 0.00777519
-3.71863 0.00789657
-3.7061 0.00801986
-3.69358 0.00814509
-3.68105 0.00827229
-3.66853 0.00840148
-3.656 0.00853271
-3.64348 0.008666
-3.63096 0.00880138
-3.61843 0.0089389
-3.60591 0.00907857
-3.59338 0.00922044
-3.58086 0.00936454
-3.56833 0.00951091
-3.55581 0.00965957
-3.54328 0.00981057
-3.53076 0.00996395
-3.51824 0.0101197
-3.50571 0.010278
-3.49319 0.0104387
-3.48066 0.0106019
-3.46814 0.0107678
-3.45561 0.0109362
-3.44309 0.0111072
-3.43057 0.011281
-3.41804 0.0114575
-3.40552 0.0116367
-3.39299 0.0118188
-3.38047 0.0120037
-3.36794 0.0121916
-3.35542 0.0123824
-3.34289 0.0125762
-3.33037 0.012773
-3.31785 0.0129729
-3.30532 0.013176
-3.2928 0.0133822
-3.28027 0.0135917
-3.26775 0.0138045
-3.25522 0.0140206
-3.2427 0.0142401
-3.23018 0.0144631
-3.21765 0.0146895
-3.20513 0.0149195
-3.1926 0.0151531
-3.18008 0.0153904
-3.16755 0.0156314
-3.15503 0.0158762
-3.1425 0.0161248
-3.12998 0.0163773
-3.11746 0.0166338
-3.10493 0.0168942
-3.09241 0.0171588
-3.07988 0.0174275
-3.06736 0.0177004
-3.05483 0.0179776
-3.04231 0.0182591
-3.02979 0.0185451
-3.01726 0.0188355
-3.00474 0.0191304
-2.99221 0.01943
-2.97969 0.0197342
-2.96716 0.0200432
-2.95464 0.020357
-2.94211 0.0206757
-2.92959 0.0209994
-2.91707 0.0213281
-2.90454 0.021662
-2.89202 0.0220011
-2.87949 0.0223454
-2.86697 0.0226952
-2.85444 0.0230503
-2.84192 0.023411
-2.8294 0.0237773
-2.81687 0.0241494
-2.80435 0.0245272
-2.79182 0.0249108
-2.7793 0.0253005
-2.76677 0.0256962
-2.75425 0.026098
-2.74173 0.026506
-2.7292 0.0269204
-2.71668 0.0273412
-2.70415 0.0277686
-2.69163 0.0282025
-2.6791 0.0286432
-2.66658 0.0290906
-2.65405 0.029545
-2.64153 0.0300064
-2.62901 0.0304749
-2.61648 0.0309507
-2.60396 0.0314338
-2.59143 0.0319243
-2.57891 0.0324224
-2.56638 0.0329281
-2.55386 0.0334416
-2.54134 0.033963
-2.52881 0.0344923
-2.51629 0.0350298
-2.50376 0.0355756
-2.49124 0.0361297
-2.47871 0.0366922
-2.46619 0.0372634
-2.45366 0.0378432
-2.44114 0.0384319
-2.42862 0.0390296
-2.41609 0.0396364
-2.40357 0.0402524
-2.39104 0.0408777
-2.37852 0.0415126
-2.36599 0.042157
-2.35347 0.0428112
-2.34095 0.0434753
-2.32842 0.0441494
-2.3159 0.0448337
-2.30337 0.0455283
-2.29085 0.0462333
-2.27832 0.0469489
-2.2658 0.0476753
-2.25327 0.0484125
-2.24075 0.0491608
-2.22823 0.0499202
-2.2157 0.050691
-2.20318 0.0514732
-2.19065 0.0522671
-2.17813 0.0530727
-2.1656 0.0538903
-2.15308 0.0547199
-2.14056 0.0555619
-2.12803 0.0564162
-2.11551 0.057283
-2.10298 0.0581627
-2.09046 0.0590551
-2.07793 0.0599607
-2.06541 0.0608794
-2.05288 0.0618115
-2.04036 0.0627572
-2.02784 0.0637166
-2.01531 0.0646898
-2.00279 0.0656771
-1.99026 0.0666786
-1.97774 0.0676945
-1.96521 0.0687249
-1.95269 0.06977
-1.94017 0.07083
-1.92764 0.0719051
-1.91512 0.0729954
-1.90259 0.074101
-1.89007 0.0752223
-1.87754 0.0763593
-1.86502 0.0775122
-1.85249 0.0786812
-1.83997 0.0798664
-1.82745 0.081068
-1.81492 0.0822863
-1.8024 0.0835213
-1.78987 0.0847732
-1.77735 0.0860422
-1.76482 0.0873284
-1.7523 0.0886321
-1.73978 0.0899533
-1.72725 0.0912923
-1.71473 0.0926492
-1.7022 0.0940241
-1.68968 0.0954173
-1.67715 0.0968288
-1.66463 0.0982589
-1.6521 0.0997076
-1.63958 0.101175
-1.62706 0.102662
-1.61453 0.104167
-1.60201 0.105692
-1.58948 0.107236
-1.57696 0.1088
-1.56443 0.110383
-1.55191 0.111986
-1.53939 0.113609
-1.52686 0.115252
-1.51434 0.116914
-1.50181 0.118597
-1.48929 0.120301
-1.47676 0.122024
-1.46424 0.123768
-1.45172 0.125533
-1.43919 0.127318
-1.42667 0.129124
-1.41414 0.13095
-1.40162 0.132797
-1.38909 0.134665
-1.37657 0.136553
-1.36404 0.138463
-1.35152 0.140393
-1.339 0.142344
-1.32647 0.144316
-1.31395 0.146308
-1.30142 0.148321
-1.2889 0.150355
-1.27637 0.152409
-1.26385 0.154484
-1.25133 0.15658
-1.2388 0.158695
-1.22628 0.160831
-1.21375 0.162987
-1.20123 0.165163
-1.1887 0.167358
-1.17618 0.169573
-1.16365 0.171808
-1.15113 0.174061
-1.13861 0.176334
-1.12608 0.178625
-1.11356 0.180935
-1.10103 0.183263
-1.08851 0.185608
-1.07598 0.187971
-1.06346 0.190351
-1.05094 0.192748
-1.03841 0.195161
-1.02589 0.197591
-1.01336 0.200035
-1.00084 0.202495
-0.988313 0.204969
-0.975789 0.207457
-0.963265 0.209958
-0.95074 0.212473
-0.938216 0.215
-0.925692 0.217538
-0.913167 0.220087
-0.900643 0.222647
-0.888118 0.225217
-0.875594 0.227795
-0.86307 0.230381
-0.850545 0.232975
-0.838021 0.235576
-0.825497 0.238182
-0.812972 0.240793
-0.800448 0.243408
-0.787924 0.246026
-0.775399 0.248646
-0.762875 0.251267
-0.75035 0.253888
-0.737826 0.256508
-0.725302 0.259125
-0.712777 0.26174
-0.700253 0.264351
-0.687729 0.266955
-0.675204 0.269554
-0.66268 0.272144
-0.650155 0.274725
-0.637631 0.277296
-0.625107 0.279855
-0.612582 0.282402
-0.600058 0.284934
-0.587534 0.28745
-0.575009 0.289949
-0.562485 0.29243
-0.549961 0.294891
-0.537436 0.29733
-0.524912 0.299747
-0.512387 0.30214
-0.499863 0.304507
-0.487339 0.306847
-0.474814 0.309159
-0.46229 0.31144
-0.449766 0.31369
-0.437241 0.315906
-0.424717 0.318088
-0.412192 0.320234
-0.399668 0.322343
-0.387144 0.324412
-0.374619 0.326441
-0.362095 0.328427
-0.349571 0.33037
-0.337046 0.332269
-0.324522 0.33412
-0.311997 0.335924
-0.299473 0.337679
-0.286949 0.339383
-0.274424 0.341036
-0.2619 0.342635
-0.249376 0.34418
-0.236851 0.345669
-0.224327 0.347101
-0.211803 0.348475
-0.199278 0.349789
-0.186754 0.351044
-0.174229 0.352237
-0.161705 0.353368
-0.149181 0.354435
-0.136656 0.355439
-0.124132 0.356377
-0.111608 0.35725
-0.0990832 0.358056
-0.0865589 0.358795
-0.0740345 0.359466
-0.0615101 0.360069
-0.0489857 0.360603
-0.0364614 0.361068
-0.023937 0.361464
-0.0114126 0.361789
0.00111173 0.362045
0.0136361 0.36223
0.0261605 0.362345
0.0386848 0.36239
0.0512092 0.362364
0.0637336 0.362269
0.0762579 0.362103
0.0887823 0.361867
0.101307 0.361562
0.113831 0.361188
0.126355 0.360745
0.13888 0.360234
0.151404 0.359655
0.163929 0.359009
0.176453 0.358296
0.188977 0.357518
0.201502 0.356675
0.214026 0.355768
0.22655 0.354798
0.239075 0.353766
0.251599 0.352672
0.264123 0.351518
0.276648 0.350305
0.289172 0.349033
0.301697 0.347705
0.314221 0.346321
0.326745 0.344882
0.33927 0.34339
0.351794 0.341846
0.364318 0.340251
0.376843 0.338606
0.389367 0.336914
0.401892 0.335175
0.414416 0.33339
0.42694 0.331561
0.439465 0.32969
0.451989 0.327778
0.464513 0.325826
0.477038 0.323836
0.489562 0.321809
0.502086 0.319747
0.514611 0.31765
0.527135 0.315521
0.53966 0.313361
0.552184 0.311172
0.564708 0.308954
0.577233 0.30671
0.589757 0.30444
0.602281 0.302146
0.614806 0.299829
0.62733 0.297491
0.639855 0.295133
0.652379 0.292757
0.664903 0.290363
0.677428 0.287954
0.689952 0.285529
0.702476 0.283092
0.715001 0.280642
0.727525 0.278181
0.74005 0.27571
0.752574 0.27323
0.765098 0.270743
0.777623 0.26825
0.790147 0.265751
0.802671 0.263248
0.815196 0.260741
0.82772 0.258233
0.840244 0.255723
0.852769 0.253212
0.865293 0.250703
0.877818 0.248195
0.890342 0.245689
0.902866 0.243187
0.915391 0.240688
0.927915 0.238195
0.940439 0.235707
0.952964 0.233225
0.965488 0.23075
0.978013 0.228284
0.990537 0.225825
1.00306 0.223376
1.01559 0.220936
1.02811 0.218507
1.04063 0.216088
1.05316 0.213681
1.06568 0.211286
1.07821 0.208903
1.09073 0.206533
1.10326 0.204176
1.11578 0.201833
1.1283 0.199504
1.14083 0.197189
1.15335 0.19489
1.16588 0.192606
1.1784 0.190337
1.19093 0.188084
1.20345 0.185847
1.21598 0.183627
1.2285 0.181424
1.24102 0.179237
1.25355 0.177067
1.26607 0.174915
1.2786 0.172781
1.29112 0.170664
1.30365 0.168565
1.31617 0.166484
1.32869 0.164421
1.34122 0.162377
1.35374 0.160351
1.36627 0.158344
1.37879 0.156355
1.39132 0.154384
1.40384 0.152433
1.41637 0.1505
1.42889 0.148586
1.44141 0.146691
1.45394 0.144814
1.46646 0.142957
1.47899 0.141118
1.49151 0.139298
1.50404 0.137497
1.51656 0.135715
1.52908 0.133952
1.54161 0.132207
1.55413 0.130481
1.56666 0.128774
1.57918 0.127085
1.59171 0.125415
1.60423 0.123764
1.61676 0.12213
1.62928 0.120515
1.6418 0.118919
1.65433 0.11734
1.66685 0.11578
1.67938 0.114237
1.6919 0.112713
1.70443 0.111206
1.71695 0.109716
1.72947 0.108244
1.742 0.10679
1.75452 0.105353
1.76705 0.103933
1.77957 0.10253
1.7921 0.101144
1.80462 0.0997752
1.81715 0.0984228
1.82967 0.0970868
1.84219 0.0957673
1.85472 0.0944641
1.86724 0.0931769
1.87977 0.0919058
1.89229 0.0906505
1.90482 0.089411
1.91734 0.088187
1.92986 0.0869784
1.94239 0.0857851
1.95491 0.084607
1.96744 0.0834438
1.97996 0.0822956
1.99249 0.081162
2.00501 0.0800429
2.01754 0.0789383
2.03006 0.077848
2.04258 0.0767718
2.05511 0.0757095
2.06763 0.0746611
2.08016 0.0736264
2.09268 0.0726052
2.10521 0.0715974
2.11773 0.0706029
2.13025 0.0696215
2.14278 0.068653
2.1553 0.0676973
2.16783 0.0667544
2.18035 0.0658239
2.19288 0.0649059
2.2054 0.064
2.21793 0.0631063
2.23045 0.0622246
2.24297 0.0613547
2.2555 0.0604965
2.26802 0.0596498
2.28055 0.0588145
2.29307 0.0579906
2.3056 0.0571777
2.31812 0.0563759
2.33064 0.055585
2.34317 0.0548048
2.35569 0.0540352
2.36822 0.0532761
2.38074 0.0525274
2.39327 0.0517889
2.40579 0.0510605
2.41831 0.0503421
2.43084 0.0496335
2.44336 0.0489346
2.45589 0.0482454
2.46841 0.0475656
2.48094 0.0468952
2.49346 0.0462341
2.50599 0.045582
2.51851 0.044939
2.53103 0.0443049
2.54356 0.0436796
2.55608 0.0430629
2.56861 0.0424548
2.58113 0.0418551
2.59366 0.0412637
2.60618 0.0406806
2.6187 0.0401056
2.63123 0.0395386
2.64375 0.0389795
2.65628 0.0384282
2.6688 0.0378846
2.68133 0.0373486
2.69385 0.0368201
2.70638 0.036299
2.7189 0.0357851
2.73142 0.0352785
2.74395 0.034779
2.75647 0.0342865
2.769 0.0338009
2.78152 0.0333221
2.79405 0.03285
2.80657 0.0323846
2.81909 0.0319257
2.83162 0.0314733
2.84414 0.0310272
2.85667 0.0305875
2.86919 0.0301539
2.88172 0.0297264
2.89424 0.029305
2.90677 0.0288895
2.91929 0.0284799
2.93181 0.0280761
2.94434 0.0276779
2.95686 0.0272854
2.96939 0.0268985
2.98191 0.026517
2.99444 0.0261409
3.00696 0.0257701
3.01948 0.0254046
3.03201 0.0250443
3.04453 0.0246891
3.05706 0.0243389
3.06958 0.0239936
3.08211 0.0236533
3.09463 0.0233178
3.10716 0.022987
3.11968 0.022661
3.1322 0.0223395
3.14473 0.0220227
3.15725 0.0217103
3.16978 0.0214024
3.1823 0.0210988
3.19483 0.0207996
3.20735 0.0205046
3.21987 0.0202138
3.2324 0.0199271
3.24492 0.0196445
3.25745 0.0193659
3.26997 0.0190913
3.2825 0.0188206
3.29502 0.0185537
3.30755 0.0182907
3.32007 0.0180314
3.33259 0.0177757
3.34512 0.0175238
3.35764 0.0172754
3.37017 0.0170305
3.38269 0.0167891
3.39522 0.0165512
3.40774 0.0163166
3.42026 0.0160854
3.43279 0.0158575
3.44531 0.0156328
3.45784 0.0154113
3.47036 0.015193
3.48289 0.0149778
3.49541 0.0147657
3.50794 0.0145566
3.52046 0.0143504
3.53298 0.0141472
3.54551 0.0139469
3.55803 0.0137495
3.57056 0.0135548
3.58308 0.0133629
3.59561 0.0131738
3.60813 0.0129874
3.62065 0.0128036
3.63318 0.0126224
3.6457 0.0124438
3.65823 0.0122678
3.67075 0.0120943
3.68328 0.0119232
3.6958 0.0117546
3.70832 0.0115884
3.72085 0.0114245
3.73337 0.011263
3.7459 0.0111038
3.75842 0.0109469
3.77095 0.0107922
3.78347 0.0106396
3.796 0.0104893
3.80852 0.0103411
3.82104 0.010195
3.83357 0.010051
3.84609 0.0099091
3.85862 0.00976917
3.87114 0.00963124
3.88367 0.00949527
3.89619 0.00936123
3.90871 0.00922911
3.92124 0.00909886
3.93376 0.00897047
3.94629 0.00884391
3.95881 0.00871915
3.97134 0.00859616
3.98386 0.00847493
3.99639 0.00835542
4.00891 0.00823761
4.02143 0.00812148
4.03396 0.008007
4.04648 0.00789414
4.05901 0.0077829
4.07153 0.00767323
4.08406 0.00756513
4.09658 0.00745856
4.1091 0.00735351
4.12163 0.00724995
4.13415 0.00714787
4.14668 0.00704723
4.1592 0.00694803
4.17173 0.00685023
4.18425 0.00675383
4.19678 0.00665879
4.2093 0.00656511
4.22182 0.00647276
4.23435 0.00638171
4.24687 0.00629197
4.2594 0.00620349
4.27192 0.00611627
4.28445 0.00603029
4.29697 0.00594554
4.30949 0.00586198
4.32202 0.00577961
4.33454 0.00569841
4.34707 0.00561836
4.35959 0.00553945
4.37212 0.00546166
4.38464 0.00538497
4.39717 0.00530937
4.40969 0.00523484
4.42221 0.00516136
4.43474 0.00508893
4.44726 0.00501753
4.45979 0.00494714
4.47231 0.00487774
4.48484 0.00480933
4.49736 0.00474189
4.50988 0.0046754
4.52241 0.00460986
4.53493 0.00454524
4.54746 0.00448154
4.55998 0.00441874
4.57251 0.00435683
4.58503 0.0042958
4.59756 0.00423563
4.61008 0.00417631
4.6226 0.00411783
4.63513 0.00406018
4.64765 0.00400334
4.66018 0.00394731
4.6727 0.00389207
4.68523 0.00383761
4.69775 0.00378392
4.71027 0.00373099
4.7228 0.0036788
4.73532 0.00362736
4.74785 0.00357664
4.76037 0.00352664
4.7729 0.00347734
4.78542 0.00342875
4.79795 0.00338083
4.81047 0.0033336
4.82299 0.00328703
4.83552 0.00324111
4.84804 0.00319585
4.86057 0.00315122
4.87309 0.00310723
4.88562 0.00306385
4.89814 0.00302109
4.91066 0.00297893
4.92319 0.00293736
4.93571 0.00289638
4.94824 0.00285598
4.96076 0.00281615
4.97329 0.00277688
4.98581 0.00273816
4.99833 0.00269999
5.01086 0.00266235
5.02338 0.00262525
5.03591 0.00258866
5.04843 0.0025526
5.06096 0.00251704
5.07348 0.00248198
5.08601 0.00244741
5.09853 0.00241333
5.11105 0.00237973
5.12358 0.0023466
5.1361 0.00231394
5.14863 0.00228174
5.16115 0.00224999
5.17368 0.00221869
5.1862 0.00218782
5.19872 0.0021574
5.21125 0.00212739
5.22377 0.00209781
5.2363 0.00206865
5.24882 0.00203989
5.26135 0.00201154
5.27387 0.00198359
5.2864 0.00195603
5.29892 0.00192885
5.31144 0.00190206
5.32397 0.00187564
5.33649 0.0018496
5.34902 0.00182392
5.36154 0.0017986
5.37407 0.00177363
5.38659 0.00174902
5.39911 0.00172475
5.41164 0.00170082
5.42416 0.00167722
5.43669 0.00165396
5.44921 0.00163102
5.46174 0.0016084
5.47426 0.0015861
5.48679 0.00156411
5.49931 0.00154243
5.51183 0.00152106
5.52436 0.00149998
5.53688 0.0014792
5.54941 0.00145871
5.56193 0.0014385
5.57446 0.00141858
5.58698 0.00139894
5.5995 0.00137957
5.61203 0.00136047
5.62455 0.00134164
5.63708 0.00132307
5.6496 0.00130476
5.66213 0.00128671
5.67465 0.00126891
5.68718 0.00125136
5.6997 0.00123405
5.71222 0.00121699
5.72475 0.00120016
5.73727 0.00118357
5.7498 0.00116721
5.76232 0.00115108
5.77485 0.00113517
5.78737 0.00111949
5.79989 0.00110402
5.81242 0.00108877
5.82494 0.00107374
5.83747 0.00105891
5.84999 0.00104429
5.86252 0.00102987
5.87504 0.00101566
5.88757 0.00100164
5.90009 0.000987816
5.91261 0.000974186
5.92514 0.000960746
5.93766 0.000947493
5.95019 0.000934425
5.96271 0.000921539
5.97524 0.000908832
5.98776 0.000896302
6.00028 0.000883947
6.01281 0.000871763
6.02533 0.000859749
6.03786 0.000847902
6.05038 0.00083622
6.06291 0.0008247
6.07543 0.00081334
6.08796 0.000802139
6.10048 0.000791093
6.113 0.0007802
6.12553 0.000769459
6.13805 0.000758868
6.15058 0.000748423
6.1631 0.000738124
6.17563 0.000727967
6.18815 0.000717952
6.20067 0.000708075
6.2132 0.000698336
6.22572 0.000688732
6.23825 0.000679262
6.25077 0.000669922
6.2633 0.000660713
6.27582 0.000651631
6.28834 0.000642675
6.30087 0.000633843
6.31339 0.000625134
6.32592 0.000616545
6.33844 0.000608076
6.35097 0.000599724
6.36349 0.000591487
6.37602 0.000583365
6.38854 0.000575356
6.40106 0.000567457
6.41359 0.000559668
6.42611 0.000551986
6.43864 0.000544411
6.45116 0.000536941
6.46369 0.000529575
6.47621 0.00052231
6.48873 0.000515146
6.50126 0.000508081
6.51378 0.000501113
6.52631 0.000494243
6.53883 0.000487467
6.55136 0.000480785
6.56388 0.000474195
6.57641 0.000467696
6.58893 0.000461287
6.60145 0.000454967
6.61398 0.000448734
6.6265 0.000442588
6.63903 0.000436526
6.65155 0.000430548
6.66408 0.000424652
6.6766 0.000418838
6.68912 0.000413105
6.70165 0.00040745
6.71417 0.000401874
6.7267 0.000396374
6.73922 0.00039095
6.75175 0.000385602
6.76427 0.000380327
6.7768 0.000375124
6.78932 0.000369994
