1.06934 9.58964e-05
2.30211 0.00046348
3.53487 0.000937892
4.76764 0.00139537
6.0004 0.00180521
7.23317 0.00216591
8.46593 0.00248289
9.6987 0.00276244
10.9315 0.0030102
12.1642 0.00323084
13.397 0.0034282
14.6298 0.00360541
15.8625 0.00376503
17.0953 0.00390918
18.328 0.00403963
19.5608 0.00415787
20.7936 0.00426517
22.0263 0.00436259
23.2591 0.00445108
24.4919 0.00453144
25.7246 0.00460437
26.9574 0.00467051
28.1902 0.00473039
29.4229 0.00478451
30.6557 0.00483331
31.8885 0.00487717
33.1212 0.00491646
34.354 0.00495148
35.5868 0.00498253
36.8195 0.00500988
38.0523 0.00503376
39.285 0.0050544
40.5178 0.005072
41.7506 0.00508675
42.9833 0.00509882
44.2161 0.00510836
45.4489 0.00511554
46.6816 0.00512049
47.9144 0.00512334
49.1472 0.0051242
50.3799 0.00512319
51.6127 0.00512041
52.8455 0.00511597
54.0782 0.00510995
55.311 0.00510244
56.5438 0.00509353
57.7765 0.00508329
59.0093 0.00507178
60.242 0.00505909
61.4748 0.00504528
62.7076 0.0050304
63.9403 0.00501451
65.1731 0.00499768
66.4059 0.00497994
67.6386 0.00496136
68.8714 0.00494197
70.1042 0.00492182
71.3369 0.00490096
72.5697 0.00487942
73.8025 0.00485725
75.0352 0.00483447
76.268 0.00481113
77.5008 0.00478725
78.7335 0.00476288
79.9663 0.00473803
81.199 0.00471274
82.4318 0.00468703
83.6646 0.00466093
84.8973 0.00463447
86.1301 0.00460767
87.3629 0.00458055
88.5956 0.00455314
89.8284 0.00452545
91.0612 0.00449751
92.2939 0.00446934
93.5267 0.00444094
94.7595 0.00441235
95.9922 0.00438358
97.225 0.00435463
98.4578 0.00432554
99.6905 0.00429632
100.923 0.00426697
102.156 0.00423751
103.389 0.00420796
104.622 0.00417832
105.854 0.00414862
107.087 0.00411885
108.32 0.00408904
109.553 0.00405919
110.785 0.00402931
112.018 0.00399942
113.251 0.00396951
114.484 0.00393961
115.716 0.00390971
116.949 0.00387983
118.182 0.00384998
119.415 0.00382016
120.648 0.00379038
121.88 0.00376064
123.113 0.00373096
124.346 0.00370133
125.579 0.00367177
126.811 0.00364228
128.044 0.00361287
129.277 0.00358354
130.51 0.0035543
131.742 0.00352514
132.975 0.00349609
134.208 0.00346713
135.441 0.00343828
136.673 0.00340954
137.906 0.00338091
139.139 0.00335239
140.372 0.003324
141.605 0.00329572
142.837 0.00326758
144.07 0.00323956
145.303 0.00321167
146.536 0.00318392
147.768 0.00315631
149.001 0.00312883
150.234 0.0031015
151.467 0.00307431
152.699 0.00304726
153.932 0.00302036
155.165 0.00299362
156.398 0.00296702
157.63 0.00294058
158.863 0.00291429
160.096 0.00288816
161.329 0.00286218
162.562 0.00283636
163.794 0.0028107
165.027 0.0027852
166.26 0.00275987
167.493 0.00273469
168.725 0.00270968
169.958 0.00268483
171.191 0.00266015
172.424 0.00263563
173.656 0.00261128
174.889 0.0025871
176.122 0.00256308
177.355 0.00253922
178.587 0.00251554
179.82 0.00249202
181.053 0.00246867
182.286 0.00244549
183.519 0.00242248
184.751 0.00239963
185.984 0.00237695
187.217 0.00235444
188.45 0.0023321
189.682 0.00230992
190.915 0.00228792
192.148 0.00226608
193.381 0.00224441
194.613 0.0022229
195.846 0.00220156
197.079 0.00218039
198.312 0.00215939
199.544 0.00213855
200.777 0.00211787
202.01 0.00209736
203.243 0.00207701
204.476 0.00205683
205.708 0.00203681
206.941 0.00201696
208.174 0.00199726
209.407 0.00197773
210.639 0.00195836
211.872 0.00193915
213.105 0.0019201
214.338 0.0019012
215.57 0.00188247
216.803 0.00186389
218.036 0.00184547
219.269 0.00182721
220.501 0.0018091
221.734 0.00179115
222.967 0.00177335
224.2 0.00175571
225.433 0.00173821
226.665 0.00172087
227.898 0.00170368
229.131 0.00168664
230.364 0.00166975
231.596 0.00165301
232.829 0.00163641
234.062 0.00161996
235.295 0.00160366
236.527 0.0015875
237.76 0.00157149
238.993 0.00155562
240.226 0.00153989
241.458 0.00152431
242.691 0.00150886
243.924 0.00149355
245.157 0.00147839
246.39 0.00146336
247.622 0.00144846
248.855 0.00143371
250.088 0.00141909
251.321 0.0014046
252.553 0.00139025
253.786 0.00137603
255.019 0.00136194
256.252 0.00134798
257.484 0.00133415
258.717 0.00132045
259.95 0.00130687
261.183 0.00129343
262.415 0.00128011
263.648 0.00126691
264.881 0.00125384
266.114 0.00124089
267.347 0.00122807
268.579 0.00121536
269.812 0.00120278
271.045 0.00119031
272.278 0.00117797
273.51 0.00116574
274.743 0.00115363
275.976 0.00114163
277.209 0.00112975
278.441 0.00111799
279.674 0.00110634
280.907 0.00109479
282.14 0.00108337
283.372 0.00107205
284.605 0.00106084
285.838 0.00104974
287.071 0.00103874
288.304 0.00102786
289.536 0.00101708
290.769 0.0010064
292.002 0.000995834
293.235 0.000985368
294.467 0.000975004
295.7 0.000964741
296.933 0.00095458
298.166 0.000944518
299.398 0.000934556
300.631 0.000924692
301.864 0.000914926
303.097 0.000905256
304.329 0.000895682
305.562 0.000886203
306.795 0.000876818
308.028 0.000867527
309.261 0.000858328
310.493 0.000849221
311.726 0.000840205
312.959 0.000831279
314.192 0.000822442
315.424 0.000813694
316.657 0.000805034
317.89 0.000796461
319.123 0.000787974
320.355 0.000779572
321.588 0.000771255
322.821 0.000763023
324.054 0.000754873
325.286 0.000746805
326.519 0.00073882
327.752 0.000730915
328.985 0.000723091
330.218 0.000715346
331.45 0.000707679
332.683 0.000700091
333.916 0.00069258
335.149 0.000685146
336.381 0.000677787
337.614 0.000670504
338.847 0.000663295
340.08 0.00065616
341.312 0.000649099
342.545 0.000642109
343.778 0.000635191
345.011 0.000628345
346.243 0.000621569
347.476 0.000614862
348.709 0.000608225
349.942 0.000601656
351.175 0.000595155
352.407 0.000588721
353.64 0.000582354
354.873 0.000576052
356.106 0.000569816
357.338 0.000563645
358.571 0.000557537
359.804 0.000551493
361.037 0.000545512
362.269 0.000539592
363.502 0.000533735
364.735 0.000527938
365.968 0.000522202
367.2 0.000516526
368.433 0.000510909
369.666 0.000505351
370.899 0.00049985
372.132 0.000494408
373.364 0.000489022
374.597 0.000483693
375.83 0.000478419
377.063 0.000473201
378.295 0.000468038
379.528 0.000462929
380.761 0.000457874
381.994 0.000452872
383.226 0.000447923
384.459 0.000443025
385.692 0.00043818
386.925 0.000433385
388.157 0.000428641
389.39 0.000423948
390.623 0.000419303
391.856 0.000414708
393.089 0.000410162
394.321 0.000405664
395.554 0.000401213
396.787 0.00039681
398.02 0.000392453
399.252 0.000388143
400.485 0.000383879
401.718 0.000379659
402.951 0.000375485
404.183 0.000371355
405.416 0.000367269
406.649 0.000363227
407.882 0.000359228
409.114 0.000355271
410.347 0.000351357
411.58 0.000347484
412.813 0.000343653
414.046 0.000339863
415.278 0.000336113
416.511 0.000332403
417.744 0.000328733
418.977 0.000325103
420.209 0.000321511
421.442 0.000317958
422.675 0.000314443
423.908 0.000310966
425.14 0.000307526
426.373 0.000304124
427.606 0.000300757
428.839 0.000297427
430.071 0.000294133
431.304 0.000290874
432.537 0.000287651
433.77 0.000284462
435.003 0.000281308
436.235 0.000278187
437.468 0.0002751
438.701 0.000272047
439.934 0.000269027
441.166 0.000266039
442.399 0.000263084
443.632 0.00026016
444.865 0.000257268
446.097 0.000254408
447.33 0.000251579
448.563 0.00024878
449.796 0.000246011
451.028 0.000243273
452.261 0.000240564
453.494 0.000237885
454.727 0.000235235
455.96 0.000232614
457.192 0.000230021
458.425 0.000227456
459.658 0.00022492
460.891 0.000222411
462.123 0.000219929
463.356 0.000217474
464.589 0.000215046
465.822 0.000212645
467.054 0.000210269
468.287 0.00020792
469.52 0.000205596
470.753 0.000203298
471.985 0.000201025
473.218 0.000198777
474.451 0.000196553
475.684 0.000194353
476.917 0.000192178
478.149 0.000190026
479.382 0.000187899
480.615 0.000185794
481.848 0.000183712
483.08 0.000181654
484.313 0.000179617
485.546 0.000177604
486.779 0.000175612
488.011 0.000173642
489.244 0.000171694
490.477 0.000169767
491.71 0.000167861
492.942 0.000165977
494.175 0.000164113
495.408 0.000162269
496.641 0.000160446
497.874 0.000158643
499.106 0.00015686
500.339 0.000155096
501.572 0.000153352
502.805 0.000151627
504.037 0.000149921
505.27 0.000148234
506.503 0.000146566
507.736 0.000144916
508.968 0.000143284
510.201 0.00014167
511.434 0.000140074
512.667 0.000138496
513.899 0.000136935
515.132 0.000135392
516.365 0.000133865
517.598 0.000132356
518.831 0.000130863
520.063 0.000129386
521.296 0.000127926
522.529 0.000126483
523.762 0.000125055
524.994 0.000123643
526.227 0.000122247
527.46 0.000120866
528.693 0.0001195
529.925 0.00011815
531.158 0.000116815
532.391 0.000115494
533.624 0.000114188
534.856 0.000112897
536.089 0.00011162
537.322 0.000110357
538.555 0.000109108
539.788 0.000107874
541.02 0.000106653
542.253 0.000105445
543.486 0.000104251
544.719 0.00010307
545.951 0.000101903
547.184 0.000100748
548.417 9.96064e-05
549.65 9.84775e-05
550.882 9.73611e-05
552.115 9.62572e-05
553.348 9.51656e-05
554.581 9.40862e-05
555.813 9.30188e-05
557.046 9.19634e-05
558.279 9.09197e-05
559.512 8.98877e-05
560.745 8.88673e-05
561.977 8.78582e-05
563.21 8.68604e-05
564.443 8.58738e-05
565.676 8.48983e-05
566.908 8.39336e-05
568.141 8.29798e-05
569.374 8.20366e-05
570.607 8.1104e-05
571.839 8.01818e-05
573.072 7.927e-05
574.305 7.83684e-05
575.538 7.74769e-05
576.77 7.65954e-05
578.003 7.57237e-05
579.236 7.48619e-05
580.469 7.40097e-05
581.702 7.31671e-05
582.934 7.23339e-05
584.167 7.15101e-05
585.4 7.06956e-05
586.633 6.98902e-05
587.865 6.90938e-05
589.098 6.83064e-05
590.331 6.75279e-05
591.564 6.67581e-05
592.796 6.59969e-05
594.029 6.52444e-05
595.262 6.45002e-05
596.495 6.37645e-05
597.727 6.3037e-05
598.96 6.23178e-05
600.193 6.16066e-05
601.426 6.09034e-05
602.659 6.02082e-05
603.891 5.95208e-05
605.124 5.88411e-05
606.357 5.81691e-05
607.59 5.75047e-05
608.822 5.68478e-05
610.055 5.61982e-05
611.288 5.5556e-05
612.521 5.49211e-05
613.753 5.42933e-05
614.986 5.36726e-05
616.219 5.30589e-05
617.452 5.24521e-05
618.684 5.18522e-05
619.917 5.12591e-05
621.15 5.06727e-05
622.383 5.00929e-05
623.616 4.95196e-05
624.848 4.89529e-05
626.081 4.83925e-05
627.314 4.78385e-05
628.547 4.72907e-05
629.779 4.67492e-05
631.012 4.62137e-05
632.245 4.56844e-05
633.478 4.5161e-05
634.71 4.46435e-05
635.943 4.4132e-05
637.176 4.36262e-05
638.409 4.31261e-05
639.641 4.26317e-05
640.874 4.21429e-05
642.107 4.16596e-05
643.34 4.11819e-05
644.573 4.07095e-05
645.805 4.02425e-05
647.038 3.97808e-05
648.271 3.93243e-05
649.504 3.8873e-05
650.736 3.84269e-05
651.969 3.79858e-05
653.202 3.75497e-05
654.435 3.71185e-05
655.667 3.66923e-05
656.9 3.62709e-05
658.133 3.58543e-05
659.366 3.54424e-05
660.598 3.50352e-05
661.831 3.46326e-05
663.064 3.42346e-05
664.297 3.38412e-05
665.53 3.34522e-05
666.762 3.30676e-05
667.995 3.26874e-05
669.228 3.23115e-05
670.461 3.19399e-05
671.693 3.15726e-05
672.926 3.12094e-05
674.159 3.08503e-05
675.392 3.04954e-05
676.624 3.01445e-05
677.857 2.97976e-05
679.09 2.94546e-05
680.323 2.91155e-05
681.555 2.87803e-05
682.788 2.8449e-05
684.021 2.81214e-05
685.254 2.77975e-05
686.487 2.74773e-05
687.719 2.71608e-05
688.952 2.68479e-05
690.185 2.65386e-05
691.418 2.62328e-05
692.65 2.59304e-05
693.883 2.56316e-05
695.116 2.53361e-05
696.349 2.5044e-05
697.581 2.47553e-05
698.814 2.44698e-05
700.047 2.41877e-05
701.28 2.39087e-05
702.512 2.36329e-05
703.745 2.33603e-05
704.978 2.30908e-05
706.211 2.28243e-05
707.444 2.2561e-05
708.676 2.23006e-05
709.909 2.20432e-05
711.142 2.17887e-05
712.375 2.15372e-05
713.607 2.12885e-05
714.84 2.10427e-05
716.073 2.07997e-05
717.306 2.05595e-05
718.538 2.0322e-05
719.771 2.00873e-05
721.004 1.98552e-05
722.237 1.96258e-05
723.469 1.9399e-05
724.702 1.91748e-05
725.935 1.89532e-05
727.168 1.87341e-05
728.401 1.85175e-05
729.633 1.83035e-05
730.866 1.80918e-05
732.099 1.78826e-05
733.332 1.76758e-05
734.564 1.74714e-05
735.797 1.72693e-05
737.03 1.70695e-05
738.263 1.6872e-05
739.495 1.66768e-05
740.728 1.64838e-05
741.961 1.62931e-05
743.194 1.61045e-05
744.426 1.59181e-05
745.659 1.57338e-05
746.892 1.55517e-05
748.125 1.53716e-05
749.358 1.51936e-05
750.59 1.50177e-05
751.823 1.48437e-05
753.056 1.46718e-05
754.289 1.45018e-05
755.521 1.43338e-05
756.754 1.41678e-05
757.987 1.40036e-05
759.22 1.38413e-05
760.452 1.36809e-05
761.685 1.35224e-05
762.918 1.33656e-05
764.151 1.32107e-05
765.383 1.30575e-05
766.616 1.29061e-05
767.849 1.27565e-05
769.082 1.26085e-05
770.315 1.24623e-05
771.547 1.23178e-05
772.78 1.21749e-05
774.013 1.20336e-05
775.246 1.1894e-05
776.478 1.1756e-05
777.711 1.16196e-05
778.944 1.14848e-05
780.177 1.13515e-05
781.409 1.12197e-05
782.642 1.10895e-05
783.875 1.09607e-05
785.108 1.08335e-05
786.34 1.07077e-05
787.573 1.05834e-05
788.806 1.04605e-05
790.039 1.0339e-05
791.272 1.02189e-05
792.504 1.01002e-05
793.737 9.98285e-06
794.97 9.86687e-06
796.203 9.75223e-06
797.435 9.63891e-06
798.668 9.5269e-06
799.901 9.41618e-06
801.134 9.30674e-06
802.366 9.19856e-06
803.599 9.09163e-06
804.832 8.98594e-06
806.065 8.88146e-06
807.297 8.77819e-06
808.53 8.67612e-06
809.763 8.57522e-06
810.996 8.47548e-06
812.229 8.3769e-06
813.461 8.27946e-06
814.694 8.18315e-06
815.927 8.08794e-06
817.16 7.99384e-06
818.392 7.90082e-06
819.625 7.80888e-06
820.858 7.718e-06
822.091 7.62818e-06
823.323 7.53939e-06
824.556 7.45163e-06
825.789 7.36488e-06
827.022 7.27913e-06
828.254 7.19438e-06
829.487 7.11061e-06
830.72 7.02781e-06
831.953 6.94596e-06
833.186 6.86506e-06
834.418 6.7851e-06
835.651 6.70606e-06
836.884 6.62794e-06
838.117 6.55072e-06
839.349 6.4744e-06
840.582 6.39896e-06
841.815 6.32439e-06
843.048 6.25069e-06
844.28 6.17784e-06
845.513 6.10583e-06
846.746 6.03466e-06
847.979 5.96431e-06
849.211 5.89478e-06
850.444 5.82605e-06
851.677 5.75812e-06
852.91 5.69098e-06
854.143 5.62461e-06
855.375 5.55902e-06
856.608 5.49418e-06
857.841 5.4301e-06
859.074 5.36675e-06
860.306 5.30415e-06
861.539 5.24227e-06
862.772 5.1811e-06
864.005 5.12065e-06
865.237 5.06089e-06
866.47 5.00183e-06
867.703 4.94346e-06
868.936 4.88576e-06
870.168 4.82873e-06
871.401 4.77237e-06
872.634 4.71665e-06
873.867 4.66159e-06
875.1 4.60716e-06
876.332 4.55337e-06
877.565 4.5002e-06
878.798 4.44764e-06
880.031 4.3957e-06
881.263 4.34436e-06
882.496 4.29362e-06
883.729 4.24346e-06
884.962 4.19389e-06
886.194 4.14489e-06
887.427 4.09647e-06
888.66 4.0486e-06
889.893 4.00129e-06
891.125 3.95454e-06
892.358 3.90832e-06
893.591 3.86264e-06
894.824 3.81749e-06
896.057 3.77287e-06
897.289 3.72877e-06
898.522 3.68518e-06
899.755 3.64209e-06
900.988 3.59951e-06
902.22 3.55742e-06
903.453 3.51582e-06
904.686 3.47471e-06
905.919 3.43407e-06
907.151 3.39391e-06
908.384 3.35421e-06
909.617 3.31497e-06
910.85 3.2762e-06
912.082 3.23787e-06
913.315 3.19999e-06
914.548 3.16255e-06
915.781 3.12554e-06
917.014 3.08897e-06
918.246 3.05282e-06
919.479 3.01709e-06
920.712 2.98178e-06
921.945 2.94688e-06
923.177 2.91238e-06
924.41 2.87829e-06
925.643 2.8446e-06
926.876 2.81129e-06
928.108 2.77838e-06
929.341 2.74585e-06
930.574 2.71369e-06
931.807 2.68191e-06
933.039 2.65051e-06
934.272 2.61946e-06
935.505 2.58878e-06
936.738 2.55846e-06
937.971 2.52849e-06
939.203 2.49887e-06
940.436 2.4696e-06
941.669 2.44066e-06
942.902 2.41207e-06
944.134 2.3838e-06
945.367 2.35587e-06
946.6 2.32826e-06
947.833 2.30098e-06
949.065 2.27401e-06
950.298 2.24735e-06
951.531 2.22101e-06
952.764 2.19498e-06
953.996 2.16925e-06
955.229 2.14381e-06
956.462 2.11868e-06
957.695 2.09384e-06
958.928 2.06929e-06
960.16 2.04502e-06
961.393 2.02104e-06
962.626 1.99734e-06
963.859 1.97391e-06
965.091 1.95076e-06
966.324 1.92788e-06
967.557 1.90527e-06
968.79 1.88292e-06
970.022 1.86083e-06
971.255 1.839e-06
972.488 1.81742e-06
973.721 1.79609e-06
974.953 1.77502e-06
976.186 1.75419e-06
977.419 1.7336e-06
978.652 1.71326e-06
979.885 1.69315e-06
981.117 1.67328e-06
982.35 1.65364e-06
983.583 1.63422e-06
984.816 1.61504e-06
986.048 1.59608e-06
987.281 1.57734e-06
988.514 1.55882e-06
989.747 1.54052e-06
990.979 1.52243e-06
992.212 1.50455e-06
993.445 1.48688e-06
994.678 1.46942e-06
995.91 1.45216e-06
997.143 1.43511e-06
998.376 1.41825e-06
999.609 1.40159e-06
1000.84 1.38512e-06
1002.07 1.36885e-06
1003.31 1.35277e-06
1004.54 1.33688e-06
1005.77 1.32117e-06
1007.01 1.30564e-06
1008.24 1.2903e-06
1009.47 1.27514e-06
1010.7 1.26015e-06
1011.94 1.24534e-06
1013.17 1.2307e-06
1014.4 1.21624e-06
1015.63 1.20194e-06
1016.87 1.18781e-06
1018.1 1.17385e-06
1019.33 1.16005e-06
1020.57 1.14641e-06
1021.8 1.13293e-06
1023.03 1.11961e-06
1024.26 1.10645e-06
1025.5 1.09344e-06
1026.73 1.08058e-06
1027.96 1.06787e-06
1029.2 1.05531e-06
1030.43 1.0429e-06
1031.66 1.03063e-06
1032.89 1.01851e-06
1034.13 1.00653e-06
1035.36 9.94685e-07
1036.59 9.82983e-07
1037.82 9.71418e-07
1039.06 9.59989e-07
1040.29 9.48694e-07
1041.52 9.37531e-07
1042.76 9.26498e-07
1043.99 9.15595e-07
1045.22 9.0482e-07
1046.45 8.94171e-07
1047.69 8.83647e-07
1048.92 8.73247e-07
1050.15 8.62968e-07
1051.38 8.5281e-07
1052.62 8.42771e-07
1053.85 8.32849e-07
1055.08 8.23044e-07
1056.32 8.13354e-07
1057.55 8.03778e-07
1058.78 7.94313e-07
1060.01 7.8496e-07
1061.25 7.75717e-07
1062.48 7.66582e-07
1063.71 7.57554e-07
1064.95 7.48632e-07
1066.18 7.39815e-07
1067.41 7.31101e-07
1068.64 7.22489e-07
1069.88 7.13979e-07
1071.11 7.05568e-07
1072.34 6.97256e-07
1073.57 6.89042e-07
1074.81 6.80924e-07
1076.04 6.72901e-07
1077.27 6.64973e-07
1078.51 6.57137e-07
1079.74 6.49394e-07
1080.97 6.41741e-07
1082.2 6.34178e-07
1083.44 6.26704e-07
1084.67 6.19318e-07
1085.9 6.12019e-07
1087.14 6.04805e-07
1088.37 5.97676e-07
1089.6 5.9063e-07
1090.83 5.83668e-07
1092.07 5.76787e-07
1093.3 5.69987e-07
1094.53 5.63267e-07
1095.76 5.56626e-07
1097 5.50063e-07
1098.23 5.43577e-07
1099.46 5.37167e-07
1100.7 5.30832e-07
1101.93 5.24572e-07
1103.16 5.18386e-07
1104.39 5.12272e-07
1105.63 5.0623e-07
1106.86 5.00259e-07
1108.09 4.94358e-07
1109.32 4.88527e-07
1110.56 4.82764e-07
1111.79 4.77068e-07
1113.02 4.7144e-07
1114.26 4.65878e-07
1115.49 4.60382e-07
1116.72 4.5495e-07
1117.95 4.49581e-07
1119.19 4.44276e-07
1120.42 4.39034e-07
1121.65 4.33853e-07
1122.89 4.28733e-07
1124.12 4.23673e-07
1125.35 4.18672e-07
1126.58 4.13731e-07
1127.82 4.08847e-07
1129.05 4.04022e-07
1130.28 3.99252e-07
1131.51 3.94539e-07
1132.75 3.89882e-07
1133.98 3.85279e-07
1135.21 3.8073e-07
1136.45 3.76235e-07
1137.68 3.71793e-07
1138.91 3.67403e-07
1140.14 3.63064e-07
1141.38 3.58777e-07
1142.61 3.5454e-07
1143.84 3.50353e-07
1145.08 3.46216e-07
1146.31 3.42127e-07
1147.54 3.38086e-07
1148.77 3.34092e-07
1150.01 3.30146e-07
1151.24 3.26246e-07
1152.47 3.22393e-07
1153.7 3.18584e-07
1154.94 3.1482e-07
1156.17 3.11101e-07
1157.4 3.07426e-07
1158.64 3.03793e-07
1159.87 3.00204e-07
1161.1 2.96657e-07
1162.33 2.93151e-07
1163.57 2.89687e-07
1164.8 2.86264e-07
1166.03 2.82881e-07
1167.26 2.79538e-07
1168.5 2.76234e-07
1169.73 2.72969e-07
1170.96 2.69743e-07
1172.2 2.66554e-07
1173.43 2.63403e-07
1174.66 2.6029e-07
1175.89 2.57213e-07
1177.13 2.54172e-07
1178.36 2.51167e-07
1179.59 2.48198e-07
1180.83 2.45263e-07
1182.06 2.42363e-07
1183.29 2.39498e-07
1184.52 2.36666e-07
1185.76 2.33867e-07
1186.99 2.31102e-07
1188.22 2.28369e-07
1189.45 2.25668e-07
1190.69 2.22999e-07
1191.92 2.20362e-07
1193.15 2.17755e-07
1194.39 2.1518e-07
1195.62 2.12634e-07
1196.85 2.10119e-07
1198.08 2.07634e-07
1199.32 2.05177e-07
1200.55 2.0275e-07
1201.78 2.00352e-07
1203.01 1.97981e-07
1204.25 1.95639e-07
1205.48 1.93324e-07
1206.71 1.91037e-07
1207.95 1.88776e-07
1209.18 1.86542e-07
1210.41 1.84335e-07
1211.64 1.82154e-07
1212.88 1.79998e-07
1214.11 1.77868e-07
1215.34 1.75763e-07
1216.58 1.73682e-07
1217.81 1.71627e-07
1219.04 1.69595e-07
1220.27 1.67588e-07
1221.51 1.65604e-07
1222.74 1.63644e-07
1223.97 1.61706e-07
1225.2 1.59792e-07
1226.44 1.579e-07
1227.67 1.56031e-07
1228.9 1.54184e-07
1230.14 1.52358e-07
1231.37 1.50554e-07
1232.6 1.48771e-07
