0.0900387 0.00619119
0.23004 0.0107604
0.370041 0.0166464
0.510042 0.023344
0.650044 0.0302634
0.790045 0.0369181
0.930046 0.0429961
1.07005 0.0483449
1.21005 0.0529251
1.35005 0.0567654
1.49005 0.0599292
1.63005 0.0624934
1.77005 0.0645363
1.91005 0.0661317
2.05006 0.0673459
2.19006 0.068237
2.33006 0.0688549
2.47006 0.0692426
2.61006 0.0694364
2.75006 0.069467
2.89006 0.0693605
3.03006 0.0691388
3.17007 0.0688204
3.31007 0.0684213
3.45007 0.0679546
3.59007 0.0674317
3.73007 0.0668621
3.87007 0.0662541
4.01007 0.0656147
4.15007 0.0649497
4.29008 0.0642643
4.43008 0.0635629
4.57008 0.062849
4.71008 0.062126
4.85008 0.0613965
4.99008 0.0606629
5.13008 0.0599273
5.27008 0.0591912
5.41009 0.0584563
5.55009 0.0577237
5.69009 0.0569946
5.83009 0.0562699
5.97009 0.0555503
6.11009 0.0548366
6.25009 0.0541292
6.39009 0.0534286
6.5301 0.0527353
6.6701 0.0520495
6.8101 0.0513716
6.9501 0.0507017
7.0901 0.0500399
7.2301 0.0493865
7.3701 0.0487416
7.5101 0.0481051
7.65011 0.0474771
7.79011 0.0468576
7.93011 0.0462467
8.07011 0.0456443
8.21011 0.0450504
8.35011 0.0444649
8.49011 0.0438878
8.63011 0.043319
8.77012 0.0427584
8.91012 0.0422059
9.05012 0.0416615
9.19012 0.0411251
9.33012 0.0405966
9.47012 0.0400758
9.61012 0.0395627
9.75012 0.0390571
9.89013 0.038559
10.0301 0.0380682
10.1701 0.0375847
10.3101 0.0371083
10.4501 0.0366389
10.5901 0.0361765
10.7301 0.0357208
10.8701 0.0352719
11.0101 0.0348295
11.1501 0.0343936
11.2901 0.0339641
11.4301 0.0335409
11.5701 0.0331238
11.7101 0.0327128
11.8501 0.0323078
11.9901 0.0319086
12.1301 0.0315152
12.2701 0.0311275
12.4101 0.0307454
12.5501 0.0303688
12.6902 0.0299975
12.8302 0.0296316
12.9702 0.0292708
13.1102 0.0289152
13.2502 0.0285647
13.3902 0.0282191
13.5302 0.0278784
13.6702 0.0275424
13.8102 0.0272112
13.9502 0.0268846
14.0902 0.0265626
14.2302 0.0262451
14.3702 0.0259319
14.5102 0.0256232
14.6502 0.0253186
14.7902 0.0250183
14.9302 0.0247221
15.0702 0.0244299
15.2102 0.0241417
15.3502 0.0238575
15.4902 0.0235771
15.6302 0.0233005
15.7702 0.0230277
15.9102 0.0227585
16.0502 0.022493
16.1902 0.022231
16.3302 0.0219725
16.4702 0.0217175
16.6102 0.0214658
16.7502 0.0212175
16.8902 0.0209725
17.0302 0.0207307
17.1702 0.0204922
17.3102 0.0202567
17.4502 0.0200243
17.5902 0.019795
17.7302 0.0195686
17.8702 0.0193452
18.0102 0.0191247
18.1502 0.0189071
18.2902 0.0186922
18.4302 0.0184801
18.5702 0.0182708
18.7102 0.0180641
18.8502 0.0178601
18.9902 0.0176587
19.1302 0.0174598
19.2702 0.0172635
19.4102 0.0170696
19.5502 0.0168783
19.6902 0.0166893
19.8302 0.0165027
19.9702 0.0163184
20.1102 0.0161365
20.2502 0.0159568
20.3902 0.0157794
20.5302 0.0156042
20.6702 0.0154311
20.8102 0.0152602
20.9502 0.0150915
21.0902 0.0149248
21.2302 0.0147601
21.3702 0.0145975
21.5102 0.0144369
21.6502 0.0142783
21.7902 0.0141215
21.9302 0.0139667
22.0702 0.0138138
22.2102 0.0136628
22.3502 0.0135136
22.4902 0.0133661
22.6302 0.0132205
22.7702 0.0130766
22.9102 0.0129345
23.0502 0.012794
23.1902 0.0126553
23.3302 0.0125182
23.4702 0.0123828
23.6102 0.0122489
23.7502 0.0121167
23.8902 0.011986
24.0303 0.0118569
24.1703 0.0117293
24.3103 0.0116032
24.4503 0.0114786
24.5903 0.0113555
24.7303 0.0112338
24.8703 0.0111136
25.0103 0.0109948
25.1503 0.0108773
25.2903 0.0107613
25.4303 0.0106465
25.5703 0.0105332
25.7103 0.0104211
25.8503 0.0103104
25.9903 0.0102009
26.1303 0.0100927
26.2703 0.00998573
26.4103 0.00988002
26.5503 0.00977552
26.6903 0.00967223
26.8303 0.00957012
26.9703 0.00946919
27.1103 0.00936941
27.2503 0.00927077
27.3903 0.00917326
27.5303 0.00907687
27.6703 0.00898157
27.8103 0.00888736
27.9503 0.00879421
28.0903 0.00870213
28.2303 0.00861109
28.3703 0.00852108
28.5103 0.00843208
28.6503 0.00834409
28.7903 0.00825709
28.9303 0.00817108
29.0703 0.00808603
29.2103 0.00800193
29.3503 0.00791878
29.4903 0.00783655
29.6303 0.00775525
29.7703 0.00767486
29.9103 0.00759536
30.0503 0.00751675
30.1903 0.00743901
30.3303 0.00736214
30.4703 0.00728612
30.6103 0.00721095
30.7503 0.0071366
30.8903 0.00706308
31.0303 0.00699037
31.1703 0.00691847
31.3103 0.00684735
31.4503 0.00677702
31.5903 0.00670747
31.7303 0.00663867
31.8703 0.00657064
32.0103 0.00650334
32.1503 0.00643679
32.2903 0.00637096
32.4303 0.00630585
32.5703 0.00624146
32.7103 0.00617776
32.8503 0.00611476
32.9903 0.00605244
33.1303 0.0059908
33.2703 0.00592983
33.4103 0.00586952
33.5503 0.00580987
33.6903 0.00575086
33.8303 0.00569249
33.9703 0.00563474
34.1103 0.00557763
34.2503 0.00552112
34.3903 0.00546523
34.5303 0.00540993
34.6703 0.00535524
34.8103 0.00530112
34.9503 0.00524759
35.0903 0.00519463
35.2303 0.00514224
35.3704 0.00509041
35.5104 0.00503914
35.6504 0.00498841
35.7904 0.00493822
35.9304 0.00488856
36.0704 0.00483944
36.2104 0.00479084
36.3504 0.00474275
36.4904 0.00469518
36.6304 0.0046481
36.7704 0.00460153
36.9104 0.00455545
37.0504 0.00450986
37.1904 0.00446475
37.3304 0.00442012
37.4704 0.00437596
37.6104 0.00433226
37.7504 0.00428903
37.8904 0.00424625
38.0304 0.00420391
38.1704 0.00416203
38.3104 0.00412058
38.4504 0.00407957
38.5904 0.00403899
38.7304 0.00399883
38.8704 0.0039591
39.0104 0.00391978
39.1504 0.00388087
39.2904 0.00384236
39.4304 0.00380426
39.5704 0.00376656
39.7104 0.00372924
39.8504 0.00369232
39.9904 0.00365578
40.1304 0.00361962
40.2704 0.00358384
40.4104 0.00354843
40.5504 0.00351338
40.6904 0.0034787
40.8304 0.00344437
40.9704 0.00341041
41.1104 0.00337679
41.2504 0.00334352
41.3904 0.00331059
41.5304 0.00327801
41.6704 0.00324576
41.8104 0.00321384
41.9504 0.00318225
42.0904 0.00315099
42.2304 0.00312004
42.3704 0.00308942
42.5104 0.00305911
42.6504 0.00302911
42.7904 0.00299942
42.9304 0.00297003
43.0704 0.00294094
43.2104 0.00291215
43.3504 0.00288366
43.4904 0.00285546
43.6304 0.00282754
43.7704 0.00279991
43.9104 0.00277256
44.0504 0.00274549
44.1904 0.0027187
44.3304 0.00269218
44.4704 0.00266593
44.6104 0.00263994
44.7504 0.00261422
44.8904 0.00258876
45.0304 0.00256356
45.1704 0.00253862
45.3104 0.00251392
45.4504 0.00248948
45.5904 0.00246529
45.7304 0.00244134
45.8704 0.00241763
46.0104 0.00239416
46.1504 0.00237093
46.2904 0.00234793
46.4304 0.00232517
46.5705 0.00230264
46.7105 0.00228033
46.8505 0.00225824
46.9905 0.00223638
47.1305 0.00221474
47.2705 0.00219332
47.4105 0.00217211
47.5505 0.00215112
47.6905 0.00213033
47.8305 0.00210976
47.9705 0.00208939
48.1105 0.00206922
48.2505 0.00204926
48.3905 0.0020295
48.5305 0.00200993
48.6705 0.00199056
48.8105 0.00197139
48.9505 0.0019524
49.0905 0.00193361
49.2305 0.001915
49.3705 0.00189658
49.5105 0.00187834
49.6505 0.00186028
49.7905 0.00184241
49.9305 0.00182471
50.0705 0.00180718
50.2105 0.00178984
50.3505 0.00177266
50.4905 0.00175566
50.6305 0.00173882
50.7705 0.00172215
50.9105 0.00170565
51.0505 0.00168931
51.1905 0.00167313
51.3305 0.00165711
51.4705 0.00164125
51.6105 0.00162555
51.7505 0.00161
51.8905 0.00159461
52.0305 0.00157936
52.1705 0.00156427
52.3105 0.00154933
52.4505 0.00153454
52.5905 0.00151989
52.7305 0.00150539
52.8705 0.00149102
53.0105 0.00147681
53.1505 0.00146273
53.2905 0.00144878
53.4305 0.00143498
53.5705 0.00142131
53.7105 0.00140778
53.8505 0.00139438
53.9905 0.00138111
54.1305 0.00136797
54.2705 0.00135496
54.4105 0.00134208
54.5505 0.00132932
54.6905 0.00131669
54.8305 0.00130418
54.9705 0.0012918
55.1105 0.00127954
55.2505 0.00126739
55.3905 0.00125537
55.5305 0.00124346
55.6705 0.00123167
55.8105 0.00121999
55.9505 0.00120843
56.0905 0.00119698
56.2305 0.00118564
56.3705 0.00117442
56.5105 0.0011633
56.6505 0.00115229
56.7905 0.00114139
56.9305 0.00113059
57.0705 0.0011199
57.2105 0.00110932
57.3505 0.00109883
57.4905 0.00108845
57.6305 0.00107817
57.7705 0.00106799
57.9106 0.00105791
58.0506 0.00104792
58.1906 0.00103804
58.3306 0.00102824
58.4706 0.00101855
58.6106 0.00100894
58.7506 0.000999435
58.8906 0.000990018
59.0306 0.000980691
59.1706 0.000971455
59.3106 0.000962309
59.4506 0.00095325
59.5906 0.00094428
59.7306 0.000935396
59.8706 0.000926598
60.0106 0.000917884
60.1506 0.000909255
60.2906 0.00090071
60.4306 0.000892246
60.5706 0.000883864
60.7106 0.000875563
60.8506 0.000867342
60.9906 0.000859201
61.1306 0.000851137
61.2706 0.000843152
61.4106 0.000835243
61.5506 0.00082741
61.6906 0.000819652
61.8306 0.000811969
61.9706 0.00080436
62.1106 0.000796824
62.2506 0.000789361
62.3906 0.000781969
62.5306 0.000774648
62.6706 0.000767397
62.8106 0.000760216
62.9506 0.000753104
63.0906 0.000746059
63.2306 0.000739083
63.3706 0.000732173
63.5106 0.000725329
63.6506 0.000718551
63.7906 0.000711838
63.9306 0.000705189
64.0706 0.000698603
64.2106 0.000692081
64.3506 0.000685621
64.4906 0.000679222
64.6306 0.000672885
64.7706 0.000666608
64.9106 0.000660391
65.0506 0.000654234
65.1906 0.000648135
65.3306 0.000642094
65.4706 0.000636111
65.6106 0.000630185
65.7506 0.000624316
65.8906 0.000618502
66.0306 0.000612744
66.1706 0.00060704
66.3106 0.000601391
66.4506 0.000595796
66.5906 0.000590254
66.7306 0.000584764
66.8706 0.000579327
67.0106 0.000573941
67.1506 0.000568607
67.2906 0.000563323
67.4306 0.00055809
67.5706 0.000552906
67.7106 0.000547771
67.8506 0.000542685
67.9906 0.000537648
68.1306 0.000532658
68.2706 0.000527715
68.4106 0.000522819
68.5506 0.00051797
68.6906 0.000513167
68.8306 0.000508409
68.9706 0.000503696
69.1106 0.000499027
69.2507 0.000494403
69.3907 0.000489823
69.5307 0.000485286
69.6707 0.000480792
69.8107 0.00047634
69.9507 0.00047193
70.0907 0.000467563
70.2307 0.000463236
70.3707 0.00045895
70.5107 0.000454705
70.6507 0.000450499
70.7907 0.000446334
70.9307 0.000442207
71.0707 0.00043812
71.2107 0.000434071
71.3507 0.00043006
71.4907 0.000426087
71.6307 0.000422152
71.7707 0.000418254
71.9107 0.000414392
72.0507 0.000410566
72.1907 0.000406777
72.3307 0.000403023
72.4707 0.000399305
72.6107 0.000395622
72.7507 0.000391973
72.8907 0.000388358
73.0307 0.000384778
73.1707 0.000381231
73.3107 0.000377717
73.4507 0.000374237
73.5907 0.000370789
73.7307 0.000367374
73.8707 0.00036399
74.0107 0.000360638
74.1507 0.000357318
74.2907 0.000354029
74.4307 0.000350771
74.5707 0.000347543
74.7107 0.000344345
74.8507 0.000341178
74.9907 0.00033804
75.1307 0.000334932
75.2707 0.000331852
75.4107 0.000328802
75.5507 0.00032578
75.6907 0.000322786
75.8307 0.00031982
75.9707 0.000316882
76.1107 0.000313972
76.2507 0.000311088
76.3907 0.000308232
76.5307 0.000305402
76.6707 0.000302599
76.8107 0.000299822
76.9507 0.000297071
77.0907 0.000294346
77.2307 0.000291646
77.3707 0.000288971
77.5107 0.000286321
77.6507 0.000283696
77.7907 0.000281095
77.9307 0.000278519
78.0707 0.000275967
78.2107 0.000273438
78.3507 0.000270933
78.4907 0.000268451
78.6307 0.000265993
78.7707 0.000263557
78.9107 0.000261144
79.0507 0.000258754
79.1907 0.000256385
79.3307 0.000254039
79.4707 0.000251715
79.6107 0.000249412
79.7507 0.000247131
79.8907 0.00024487
80.0307 0.000242631
80.1707 0.000240413
80.3107 0.000238215
80.4508 0.000236038
80.5908 0.000233881
80.7308 0.000231744
80.8708 0.000229627
81.0108 0.000227529
81.1508 0.000225451
81.2908 0.000223392
81.4308 0.000221352
81.5708 0.000219332
81.7108 0.00021733
81.8508 0.000215346
81.9908 0.000213381
82.1308 0.000211434
82.2708 0.000209505
82.4108 0.000207594
82.5508 0.000205701
82.6908 0.000203825
82.8308 0.000201967
82.9708 0.000200126
83.1108 0.000198302
83.2508 0.000196494
83.3908 0.000194704
83.5308 0.00019293
83.6708 0.000191172
83.8108 0.000189431
83.9508 0.000187706
84.0908 0.000185996
84.2308 0.000184303
84.3708 0.000182625
84.5108 0.000180963
84.6508 0.000179316
84.7908 0.000177684
84.9308 0.000176068
85.0708 0.000174466
85.2108 0.000172879
85.3508 0.000171307
85.4908 0.000169749
85.6308 0.000168205
85.7708 0.000166676
85.9108 0.000165161
86.0508 0.00016366
86.1908 0.000162173
86.3308 0.000160699
86.4708 0.000159239
86.6108 0.000157793
86.7508 0.000156359
86.8908 0.000154939
87.0308 0.000153533
87.1708 0.000152139
87.3108 0.000150757
87.4508 0.000149389
87.5908 0.000148033
87.7308 0.00014669
87.8708 0.000145359
88.0108 0.00014404
88.1508 0.000142734
88.2908 0.000141439
88.4308 0.000140156
88.5708 0.000138885
88.7108 0.000137626
88.8508 0.000136378
88.9908 0.000135142
89.1308 0.000133918
89.2708 0.000132704
89.4108 0.000131502
89.5508 0.00013031
89.6908 0.00012913
89.8308 0.00012796
89.9708 0.000126801
90.1108 0.000125653
90.2508 0.000124515
90.3908 0.000123388
90.5308 0.000122271
90.6708 0.000121164
90.8108 0.000120068
90.9508 0.000118981
91.0908 0.000117905
91.2308 0.000116838
91.3708 0.000115781
91.5108 0.000114734
91.6508 0.000113697
91.7909 0.000112669
91.9309 0.00011165
92.0709 0.000110641
92.2109 0.00010964
92.3509 0.000108649
92.4909 0.000107668
92.6309 0.000106695
92.7709 0.000105731
92.9109 0.000104776
93.0509 0.000103829
93.1909 0.000102891
93.3309 0.000101962
93.4709 0.000101041
93.6109 0.000100129
93.7509 9.92252e-05
93.8909 9.83295e-05
94.0309 9.7442e-05
94.1709 9.65626e-05
94.3109 9.56913e-05
94.4509 9.48279e-05
94.5909 9.39724e-05
94.7309 9.31247e-05
94.8709 9.22847e-05
95.0109 9.14524e-05
95.1509 9.06277e-05
95.2909 8.98106e-05
95.4309 8.90009e-05
95.5709 8.81985e-05
95.7109 8.74035e-05
95.8509 8.66158e-05
95.9909 8.58352e-05
96.1309 8.50618e-05
96.2709 8.42954e-05
96.4109 8.3536e-05
96.5509 8.27835e-05
96.6909 8.20378e-05
96.8309 8.1299e-05
96.9709 8.05669e-05
97.1109 7.98415e-05
97.2509 7.91227e-05
97.3909 7.84104e-05
97.5309 7.77046e-05
97.6709 7.70052e-05
97.8109 7.63122e-05
97.9509 7.56255e-05
98.0909 7.49451e-05
98.2309 7.42709e-05
98.3709 7.36027e-05
98.5109 7.29407e-05
98.6509 7.22847e-05
98.7909 7.16347e-05
98.9309 7.09905e-05
99.0709 7.03522e-05
99.2109 6.97198e-05
99.3509 6.90931e-05
99.4909 6.8472e-05
99.6309 6.78567e-05
99.7709 6.72469e-05
99.9109 6.66426e-05
100.051 6.60439e-05
100.191 6.54505e-05
100.331 6.48626e-05
100.471 6.428e-05
100.611 6.37027e-05
100.751 6.31307e-05
100.891 6.25638e-05
101.031 6.20021e-05
101.171 6.14455e-05
101.311 6.08939e-05
101.451 6.03473e-05
101.591 5.98057e-05
101.731 5.9269e-05
101.871 5.87372e-05
102.011 5.82102e-05
102.151 5.7688e-05
102.291 5.71705e-05
102.431 5.66577e-05
102.571 5.61495e-05
102.711 5.5646e-05
102.851 5.5147e-05
102.991 5.46525e-05
103.131 5.41626e-05
103.271 5.3677e-05
103.411 5.31959e-05
103.551 5.27191e-05
103.691 5.22466e-05
103.831 5.17784e-05
103.971 5.13145e-05
104.111 5.08547e-05
104.251 5.03992e-05
104.391 4.99477e-05
104.531 4.95003e-05
104.671 4.9057e-05
104.811 4.86177e-05
104.951 4.81823e-05
105.091 4.77509e-05
105.231 4.73234e-05
105.371 4.68998e-05
105.511 4.648e-05
105.651 4.60639e-05
105.791 4.56517e-05
105.931 4.52432e-05
106.071 4.48383e-05
106.211 4.44371e-05
106.351 4.40396e-05
106.491 4.36456e-05
106.631 4.32552e-05
106.771 4.28684e-05
106.911 4.2485e-05
107.051 4.21051e-05
107.191 4.17286e-05
107.331 4.13555e-05
107.471 4.09858e-05
107.611 4.06194e-05
107.751 4.02563e-05
107.891 3.98965e-05
108.031 3.954e-05
108.171 3.91866e-05
108.311 3.88365e-05
108.451 3.84895e-05
108.591 3.81457e-05
108.731 3.78049e-05
108.871 3.74672e-05
109.011 3.71326e-05
109.151 3.6801e-05
109.291 3.64723e-05
109.431 3.61467e-05
109.571 3.58239e-05
109.711 3.55041e-05
109.851 3.51872e-05
109.991 3.48731e-05
110.131 3.45618e-05
110.271 3.42534e-05
110.411 3.39477e-05
110.551 3.36448e-05
110.691 3.33446e-05
110.831 3.30471e-05
110.971 3.27523e-05
111.111 3.24601e-05
111.251 3.21706e-05
111.391 3.18837e-05
111.531 3.15993e-05
111.671 3.13175e-05
111.811 3.10383e-05
111.951 3.07616e-05
112.091 3.04873e-05
112.231 3.02155e-05
112.371 2.99462e-05
112.511 2.96793e-05
112.651 2.94148e-05
112.791 2.91527e-05
112.931 2.88929e-05
113.071 2.86355e-05
113.211 2.83803e-05
113.351 2.81275e-05
113.491 2.78769e-05
113.631 2.76286e-05
113.771 2.73826e-05
113.911 2.71387e-05
114.051 2.6897e-05
114.191 2.66575e-05
114.331 2.64202e-05
114.471 2.61849e-05
114.611 2.59518e-05
114.751 2.57208e-05
114.891 2.54919e-05
115.031 2.5265e-05
115.171 2.50401e-05
115.311 2.48173e-05
115.451 2.45965e-05
115.591 2.43776e-05
115.731 2.41608e-05
115.871 2.39458e-05
116.011 2.37328e-05
116.151 2.35217e-05
116.291 2.33125e-05
116.431 2.31052e-05
116.571 2.28997e-05
116.711 2.26961e-05
116.851 2.24943e-05
116.991 2.22943e-05
117.131 2.20961e-05
117.271 2.18997e-05
117.411 2.1705e-05
117.551 2.15121e-05
117.691 2.13209e-05
117.831 2.11314e-05
117.971 2.09436e-05
118.111 2.07575e-05
118.251 2.05731e-05
118.391 2.03903e-05
118.531 2.02092e-05
118.671 2.00297e-05
118.811 1.98518e-05
118.951 1.96755e-05
119.091 1.95007e-05
119.231 1.93276e-05
119.371 1.91559e-05
119.511 1.89858e-05
119.651 1.88173e-05
119.791 1.86502e-05
119.931 1.84847e-05
120.071 1.83206e-05
120.211 1.8158e-05
120.351 1.79968e-05
120.491 1.78371e-05
120.631 1.76788e-05
120.771 1.7522e-05
120.911 1.73665e-05
121.051 1.72124e-05
121.191 1.70597e-05
121.331 1.69084e-05
121.471 1.67584e-05
121.611 1.66098e-05
121.751 1.64624e-05
121.891 1.63164e-05
122.031 1.61718e-05
122.171 1.60284e-05
122.311 1.58862e-05
122.451 1.57454e-05
122.591 1.56058e-05
122.731 1.54675e-05
122.871 1.53304e-05
123.011 1.51945e-05
123.151 1.50598e-05
123.291 1.49264e-05
123.431 1.47941e-05
123.571 1.4663e-05
123.711 1.45331e-05
123.851 1.44043e-05
123.991 1.42767e-05
124.131 1.41502e-05
124.271 1.40249e-05
124.411 1.39007e-05
124.551 1.37775e-05
124.691 1.36555e-05
124.831 1.35346e-05
124.971 1.34147e-05
125.111 1.3296e-05
125.251 1.31782e-05
125.391 1.30616e-05
125.531 1.29459e-05
125.671 1.28313e-05
125.811 1.27178e-05
125.951 1.26052e-05
126.091 1.24936e-05
126.231 1.23831e-05
126.371 1.22735e-05
126.511 1.21649e-05
126.651 1.20572e-05
126.791 1.19506e-05
126.931 1.18448e-05
127.071 1.174e-05
127.211 1.16362e-05
127.351 1.15333e-05
127.491 1.14313e-05
127.631 1.13302e-05
127.771 1.123e-05
127.911 1.11306e-05
128.051 1.10322e-05
128.191 1.09347e-05
128.331 1.0838e-05
128.471 1.07422e-05
128.611 1.06472e-05
128.751 1.05531e-05
128.891 1.04598e-05
129.031 1.03674e-05
129.171 1.02757e-05
129.311 1.01849e-05
129.451 1.00949e-05
129.591 1.00057e-05
129.731 9.91731e-06
129.871 9.82969e-06
130.011 9.74285e-06
130.151 9.65677e-06
130.291 9.57147e-06
130.431 9.48692e-06
130.571 9.40313e-06
130.711 9.32008e-06
130.851 9.23777e-06
130.991 9.15619e-06
131.131 9.07533e-06
131.271 8.9952e-06
131.411 8.91578e-06
131.551 8.83706e-06
131.691 8.75904e-06
131.831 8.68172e-06
131.971 8.60508e-06
132.111 8.52913e-06
132.251 8.45385e-06
132.391 8.37924e-06
132.531 8.30529e-06
132.671 8.232e-06
132.811 8.15936e-06
132.951 8.08736e-06
133.091 8.01601e-06
133.231 7.94528e-06
133.371 7.87519e-06
133.511 7.80572e-06
133.651 7.73686e-06
133.791 7.66862e-06
133.931 7.60098e-06
134.071 7.53395e-06
134.211 7.4675e-06
134.351 7.40165e-06
134.491 7.33638e-06
134.631 7.2717e-06
134.771 7.20758e-06
134.911 7.14404e-06
135.051 7.08105e-06
135.191 7.01863e-06
135.331 6.95676e-06
135.471 6.89544e-06
135.611 6.83467e-06
135.751 6.77443e-06
135.891 6.71473e-06
136.031 6.65555e-06
136.171 6.59691e-06
136.311 6.53878e-06
136.451 6.48116e-06
136.591 6.42406e-06
136.731 6.36747e-06
136.871 6.31137e-06
137.011 6.25578e-06
137.151 6.20067e-06
137.291 6.14606e-06
137.431 6.09192e-06
137.571 6.03827e-06
137.711 5.9851e-06
137.851 5.93239e-06
137.991 5.88015e-06
138.131 5.82838e-06
138.271 5.77706e-06
138.411 5.7262e-06
138.551 5.67579e-06
138.691 5.62582e-06
138.831 5.5763e-06
138.971 5.52722e-06
139.111 5.47857e-06
139.251 5.43035e-06
139.391 5.38256e-06
139.531 5.33519e-06
139.671 5.28824e-06
139.811 5.24171e-06
139.951 5.19559e-06
