-2.81859 0.00286083
-2.8118 0.00290472
-2.80501 0.00294928
-2.79822 0.00299454
-2.79142 0.00304049
-2.78463 0.00308714
-2.77784 0.00313452
-2.77105 0.00318263
-2.76426 0.00323148
-2.75747 0.00328109
-2.75068 0.00333146
-2.74389 0.00338261
-2.7371 0.00343454
-2.73031 0.00348728
-2.72352 0.00354083
-2.71673 0.00359521
-2.70994 0.00365043
-2.70315 0.0037065
-2.69636 0.00376343
-2.68957 0.00382124
-2.68278 0.00387995
-2.67599 0.00393956
-2.6692 0.00400009
-2.66241 0.00406156
-2.65562 0.00412397
-2.64883 0.00418735
-2.64204 0.00425171
-2.63525 0.00431706
-2.62846 0.00438342
-2.62167 0.00445081
-2.61488 0.00451923
-2.60809 0.00458871
-2.6013 0.00465927
-2.5945 0.00473091
-2.58771 0.00480366
-2.58092 0.00487754
-2.57413 0.00495255
-2.56734 0.00502873
-2.56055 0.00510608
-2.55376 0.00518462
-2.54697 0.00526438
-2.54018 0.00534537
-2.53339 0.00542761
-2.5266 0.00551112
-2.51981 0.00559592
-2.51302 0.00568204
-2.50623 0.00576948
-2.49944 0.00585827
-2.49265 0.00594843
-2.48586 0.00603999
-2.47907 0.00613296
-2.47228 0.00622737
-2.46549 0.00632324
-2.4587 0.00642059
-2.45191 0.00651944
-2.44512 0.00661982
-2.43833 0.00672175
-2.43154 0.00682525
-2.42475 0.00693035
-2.41796 0.00703708
-2.41117 0.00714546
-2.40438 0.00725551
-2.39758 0.00736726
-2.39079 0.00748074
-2.384 0.00759597
-2.37721 0.00771298
-2.37042 0.00783179
-2.36363 0.00795245
-2.35684 0.00807496
-2.35005 0.00819937
-2.34326 0.00832571
-2.33647 0.00845399
-2.32968 0.00858425
-2.32289 0.00871653
-2.3161 0.00885085
-2.30931 0.00898724
-2.30252 0.00912574
-2.29573 0.00926638
-2.28894 0.00940919
-2.28215 0.00955421
-2.27536 0.00970146
-2.26857 0.00985099
-2.26178 0.0100028
-2.25499 0.010157
-2.2482 0.0103136
-2.24141 0.0104726
-2.23462 0.010634
-2.22783 0.0107979
-2.22104 0.0109644
-2.21425 0.0111334
-2.20746 0.011305
-2.20067 0.0114793
-2.19387 0.0116563
-2.18708 0.011836
-2.18029 0.0120184
-2.1735 0.0122037
-2.16671 0.0123919
-2.15992 0.0125829
-2.15313 0.0127769
-2.14634 0.0129739
-2.13955 0.0131739
-2.13276 0.013377
-2.12597 0.0135833
-2.11918 0.0137927
-2.11239 0.0140053
-2.1056 0.0142212
-2.09881 0.0144405
-2.09202 0.0146631
-2.08523 0.0148891
-2.07844 0.0151187
-2.07165 0.0153517
-2.06486 0.0155884
-2.05807 0.0158287
-2.05128 0.0160727
-2.04449 0.0163204
-2.0377 0.016572
-2.03091 0.0168274
-2.02412 0.0170868
-2.01733 0.0173501
-2.01054 0.0176175
-2.00375 0.0178891
-1.99695 0.0181647
-1.99016 0.0184446
-1.98337 0.0187289
-1.97658 0.0190175
-1.96979 0.0193105
-1.963 0.019608
-1.95621 0.0199101
-1.94942 0.0202168
-1.94263 0.0205282
-1.93584 0.0208444
-1.92905 0.0211654
-1.92226 0.0214914
-1.91547 0.0218224
-1.90868 0.0221584
-1.90189 0.0224996
-1.8951 0.022846
-1.88831 0.0231977
-1.88152 0.0235548
-1.87473 0.0239174
-1.86794 0.0242855
-1.86115 0.0246592
-1.85436 0.0250386
-1.84757 0.0254239
-1.84078 0.025815
-1.83399 0.0262121
-1.8272 0.0266153
-1.82041 0.0270246
-1.81362 0.0274401
-1.80683 0.027862
-1.80003 0.0282903
-1.79324 0.0287252
-1.78645 0.0291667
-1.77966 0.0296149
-1.77287 0.0300699
-1.76608 0.0305318
-1.75929 0.0310008
-1.7525 0.0314768
-1.74571 0.0319602
-1.73892 0.0324508
-1.73213 0.0329489
-1.72534 0.0334546
-1.71855 0.0339679
-1.71176 0.034489
-1.70497 0.035018
-1.69818 0.035555
-1.69139 0.0361001
-1.6846 0.0366534
-1.67781 0.0372152
-1.67102 0.0377854
-1.66423 0.0383642
-1.65744 0.0389517
-1.65065 0.0395481
-1.64386 0.0401535
-1.63707 0.040768
-1.63028 0.0413918
-1.62349 0.0420249
-1.6167 0.0426675
-1.60991 0.0433198
-1.60312 0.0439819
-1.59632 0.0446539
-1.58953 0.0453359
-1.58274 0.0460282
-1.57595 0.0467308
-1.56916 0.047444
-1.56237 0.0481678
-1.55558 0.0489023
-1.54879 0.0496479
-1.542 0.0504045
-1.53521 0.0511724
-1.52842 0.0519518
-1.52163 0.0527427
-1.51484 0.0535453
-1.50805 0.0543598
-1.50126 0.0551864
-1.49447 0.0560253
-1.48768 0.0568765
-1.48089 0.0577404
-1.4741 0.0586169
-1.46731 0.0595064
-1.46052 0.060409
-1.45373 0.0613248
-1.44694 0.0622541
-1.44015 0.063197
-1.43336 0.0641538
-1.42657 0.0651245
-1.41978 0.0661095
-1.41299 0.0671088
-1.4062 0.0681227
-1.3994 0.0691513
-1.39261 0.0701949
-1.38582 0.0712537
-1.37903 0.0723278
-1.37224 0.0734175
-1.36545 0.0745229
-1.35866 0.0756443
-1.35187 0.0767818
-1.34508 0.0779357
-1.33829 0.0791062
-1.3315 0.0802935
-1.32471 0.0814977
-1.31792 0.0827192
-1.31113 0.0839582
-1.30434 0.0852147
-1.29755 0.0864892
-1.29076 0.0877817
-1.28397 0.0890926
-1.27718 0.0904219
-1.27039 0.0917701
-1.2636 0.0931372
-1.25681 0.0945235
-1.25002 0.0959293
-1.24323 0.0973548
-1.23644 0.0988001
-1.22965 0.100266
-1.22286 0.101751
-1.21607 0.103258
-1.20928 0.104785
-1.20248 0.106334
-1.19569 0.107903
-1.1889 0.109495
-1.18211 0.111108
-1.17532 0.112743
-1.16853 0.1144
-1.16174 0.11608
-1.15495 0.117783
-1.14816 0.119508
-1.14137 0.121257
-1.13458 0.123029
-1.12779 0.124825
-1.121 0.126645
-1.11421 0.128489
-1.10742 0.130358
-1.10063 0.132251
-1.09384 0.13417
-1.08705 0.136113
-1.08026 0.138082
-1.07347 0.140076
-1.06668 0.142096
-1.05989 0.144142
-1.0531 0.146215
-1.04631 0.148314
-1.03952 0.15044
-1.03273 0.152593
-1.02594 0.154773
-1.01915 0.156981
-1.01236 0.159216
-1.00556 0.161479
-0.998775 0.16377
-0.991984 0.16609
-0.985194 0.168438
-0.978404 0.170814
-0.971613 0.17322
-0.964823 0.175654
-0.958033 0.178118
-0.951242 0.180611
-0.944452 0.183134
-0.937662 0.185686
-0.930871 0.188269
-0.924081 0.190882
-0.917291 0.193524
-0.9105 0.196198
-0.90371 0.198901
-0.89692 0.201635
-0.890129 0.204401
-0.883339 0.207196
-0.876549 0.210023
-0.869758 0.212881
-0.862968 0.21577
-0.856177 0.218691
-0.849387 0.221642
-0.842597 0.224625
-0.835806 0.227639
-0.829016 0.230685
-0.822226 0.233762
-0.815435 0.23687
-0.808645 0.24001
-0.801855 0.243181
-0.795064 0.246383
-0.788274 0.249617
-0.781484 0.252882
-0.774693 0.256177
-0.767903 0.259504
-0.761113 0.262862
-0.754322 0.266251
-0.747532 0.26967
-0.740742 0.27312
-0.733951 0.276599
-0.727161 0.280109
-0.720371 0.283649
-0.71358 0.287218
-0.70679 0.290816
-0.7 0.294444
-0.693209 0.2981
-0.686419 0.301784
-0.679629 0.305497
-0.672838 0.309236
-0.666048 0.313004
-0.659258 0.316797
-0.652467 0.320617
-0.645677 0.324463
-0.638887 0.328334
-0.632096 0.33223
-0.625306 0.336149
-0.618516 0.340093
-0.611725 0.344059
-0.604935 0.348047
-0.598145 0.352057
-0.591354 0.356088
-0.584564 0.360139
-0.577774 0.364209
-0.570983 0.368298
-0.564193 0.372404
-0.557402 0.376527
-0.550612 0.380666
-0.543822 0.384819
-0.537031 0.388987
-0.530241 0.393168
-0.523451 0.39736
-0.51666 0.401563
-0.50987 0.405776
-0.50308 0.409997
-0.496289 0.414225
-0.489499 0.41846
-0.482709 0.422699
-0.475918 0.426942
-0.469128 0.431188
-0.462338 0.435434
-0.455547 0.439679
-0.448757 0.443923
-0.441967 0.448163
-0.435176 0.452398
-0.428386 0.456627
-0.421596 0.460847
-0.414805 0.465058
-0.408015 0.469258
-0.401225 0.473445
-0.394434 0.477617
-0.387644 0.481774
-0.380854 0.485912
-0.374063 0.49003
-0.367273 0.494127
-0.360483 0.4982
-0.353692 0.502248
-0.346902 0.506269
-0.340112 0.510261
-0.333321 0.514223
-0.326531 0.518151
-0.319741 0.522045
-0.31295 0.525902
-0.30616 0.52972
-0.29937 0.533498
-0.292579 0.537233
-0.285789 0.540924
-0.278999 0.544568
-0.272208 0.548164
-0.265418 0.551708
-0.258627 0.555201
-0.251837 0.558639
-0.245047 0.56202
-0.238256 0.565343
-0.231466 0.568605
-0.224676 0.571805
-0.217885 0.574941
-0.211095 0.57801
-0.204305 0.581011
-0.197514 0.583942
-0.190724 0.586801
-0.183934 0.589586
-0.177143 0.592296
-0.170353 0.594928
-0.163563 0.597482
-0.156772 0.599955
-0.149982 0.602345
-0.143192 0.604652
-0.136401 0.606873
-0.129611 0.609007
-0.122821 0.611052
-0.11603 0.613008
-0.10924 0.614873
-0.10245 0.616645
-0.0956593 0.618323
-0.088869 0.619907
-0.0820786 0.621395
-0.0752883 0.622785
-0.0684979 0.624078
-0.0617076 0.625272
-0.0549172 0.626366
-0.0481269 0.627359
-0.0413366 0.628252
-0.0345462 0.629043
-0.0277559 0.629731
-0.0209655 0.630317
-0.0141752 0.630799
-0.00738486 0.631178
-0.000594516 0.631454
0.00619583 0.631625
0.0129862 0.631693
0.0197765 0.631657
0.0265668 0.631517
0.0333572 0.631273
0.0401475 0.630926
0.0469379 0.630475
0.0537282 0.629923
0.0605186 0.629267
0.0673089 0.62851
0.0740992 0.627652
0.0808896 0.626694
0.0876799 0.625636
0.0944703 0.624479
0.101261 0.623225
0.108051 0.621873
0.114841 0.620426
0.121632 0.618883
0.128422 0.617248
0.135212 0.615519
0.142003 0.6137
0.148793 0.611791
0.155583 0.609793
0.162374 0.607709
0.169164 0.605539
0.175954 0.603285
0.182745 0.600948
0.189535 0.598531
0.196325 0.596035
0.203116 0.593462
0.209906 0.590812
0.216696 0.588089
0.223487 0.585294
0.230277 0.582429
0.237067 0.579495
0.243858 0.576494
0.250648 0.573429
0.257438 0.570301
0.264229 0.567112
0.271019 0.563865
0.277809 0.56056
0.2846 0.5572
0.29139 0.553787
0.29818 0.550323
0.304971 0.546809
0.311761 0.543248
0.318552 0.539642
0.325342 0.535993
0.332132 0.532302
0.338923 0.528572
0.345713 0.524804
0.352503 0.521
0.359294 0.517162
0.366084 0.513293
0.372874 0.509393
0.379665 0.505465
0.386455 0.501511
0.393245 0.497532
0.400036 0.49353
0.406826 0.489507
0.413616 0.485465
0.420407 0.481404
0.427197 0.477328
0.433987 0.473237
0.440778 0.469134
0.447568 0.465019
0.454358 0.460895
0.461149 0.456762
0.467939 0.452623
0.474729 0.448479
0.48152 0.444331
0.48831 0.44018
0.4951 0.436029
0.501891 0.431877
0.508681 0.427728
0.515471 0.423581
0.522262 0.419439
0.529052 0.415301
0.535842 0.411171
0.542633 0.407047
0.549423 0.402933
0.556213 0.398828
0.563004 0.394734
0.569794 0.390652
0.576584 0.386583
0.583375 0.382528
0.590165 0.378487
0.596955 0.374461
0.603746 0.370452
0.610536 0.36646
0.617327 0.362486
0.624117 0.358531
0.630907 0.354595
0.637698 0.350679
0.644488 0.346784
0.651278 0.34291
0.658069 0.339058
0.664859 0.335229
0.671649 0.331423
0.67844 0.327641
0.68523 0.323882
0.69202 0.320149
0.698811 0.31644
0.705601 0.312757
0.712391 0.3091
0.719182 0.305469
0.725972 0.301865
0.732762 0.298288
0.739553 0.294738
0.746343 0.291215
0.753133 0.287721
0.759924 0.284254
0.766714 0.280816
0.773504 0.277406
0.780295 0.274026
0.787085 0.270674
0.793875 0.267351
0.800666 0.264057
0.807456 0.260793
0.814246 0.257558
0.821037 0.254353
0.827827 0.251177
0.834617 0.248031
0.841408 0.244915
0.848198 0.241828
0.854988 0.238771
0.861779 0.235745
0.868569 0.232748
0.875359 0.22978
0.88215 0.226843
0.88894 0.223935
0.895731 0.221057
0.902521 0.218209
0.909311 0.21539
0.916102 0.212601
0.922892 0.209841
0.929682 0.207111
0.936473 0.20441
0.943263 0.201738
0.950053 0.199095
0.956844 0.196481
0.963634 0.193896
0.970424 0.191339
0.977215 0.188811
0.984005 0.186312
0.990795 0.18384
0.997586 0.181397
1.00438 0.178981
1.01117 0.176594
1.01796 0.174233
1.02475 0.171901
1.03154 0.169595
1.03833 0.167317
1.04512 0.165065
1.05191 0.16284
1.0587 0.160641
1.06549 0.158469
1.07228 0.156323
1.07907 0.154202
1.08586 0.152107
1.09265 0.150038
1.09944 0.147994
1.10623 0.145975
1.11302 0.143981
1.11981 0.142011
1.1266 0.140066
1.13339 0.138145
1.14018 0.136247
1.14697 0.134374
1.15376 0.132524
1.16055 0.130697
1.16734 0.128894
1.17413 0.127113
1.18092 0.125355
1.18772 0.12362
1.19451 0.121906
1.2013 0.120215
1.20809 0.118545
1.21488 0.116897
1.22167 0.11527
1.22846 0.113664
1.23525 0.112079
1.24204 0.110515
1.24883 0.108971
1.25562 0.107447
1.26241 0.105943
1.2692 0.104459
1.27599 0.102995
1.28278 0.10155
1.28957 0.100124
1.29636 0.0987167
1.30315 0.0973283
1.30994 0.0959584
1.31673 0.0946068
1.32352 0.0932732
1.33031 0.0919575
1.3371 0.0906595
1.34389 0.0893789
1.35068 0.0881155
1.35747 0.0868692
1.36426 0.0856397
1.37105 0.0844268
1.37784 0.0832304
1.38464 0.0820502
1.39143 0.080886
1.39822 0.0797377
1.40501 0.078605
1.4118 0.0774878
1.41859 0.0763859
1.42538 0.0752991
1.43217 0.0742272
1.43896 0.07317
1.44575 0.0721273
1.45254 0.0710989
1.45933 0.0700848
1.46612 0.0690846
1.47291 0.0680983
1.4797 0.0671256
1.48649 0.0661663
1.49328 0.0652204
1.50007 0.0642876
1.50686 0.0633677
1.51365 0.0624607
1.52044 0.0615662
1.52723 0.0606843
1.53402 0.0598146
1.54081 0.0589571
1.5476 0.0581116
1.55439 0.0572779
1.56118 0.0564559
1.56797 0.0556453
1.57476 0.0548462
1.58155 0.0540583
1.58835 0.0532815
1.59514 0.0525155
1.60193 0.0517604
1.60872 0.0510159
1.61551 0.0502819
1.6223 0.0495583
1.62909 0.0488448
1.63588 0.0481415
1.64267 0.0474481
1.64946 0.0467645
1.65625 0.0460906
1.66304 0.0454262
1.66983 0.0447713
1.67662 0.0441256
1.68341 0.0434892
1.6902 0.0428617
1.69699 0.0422432
1.70378 0.0416335
1.71057 0.0410324
1.71736 0.0404399
1.72415 0.0398559
1.73094 0.0392802
1.73773 0.0387126
1.74452 0.0381532
1.75131 0.0376018
1.7581 0.0370583
1.76489 0.0365225
1.77168 0.0359943
1.77847 0.0354738
1.78527 0.0349607
1.79206 0.0344549
1.79885 0.0339564
1.80564 0.033465
1.81243 0.0329807
1.81922 0.0325033
1.82601 0.0320327
1.8328 0.0315689
1.83959 0.0311118
1.84638 0.0306613
1.85317 0.0302172
1.85996 0.0297795
1.86675 0.0293481
1.87354 0.0289229
1.88033 0.0285038
1.88712 0.0280908
1.89391 0.0276837
1.9007 0.0272824
1.90749 0.026887
1.91428 0.0264972
1.92107 0.0261131
1.92786 0.0257345
1.93465 0.0253614
1.94144 0.0249936
1.94823 0.0246312
1.95502 0.024274
1.96181 0.0239219
1.9686 0.023575
1.97539 0.023233
1.98219 0.022896
1.98898 0.0225639
1.99577 0.0222365
2.00256 0.0219139
2.00935 0.021596
2.01614 0.0212827
2.02293 0.0209739
2.02972 0.0206695
2.03651 0.0203696
2.0433 0.020074
2.05009 0.0197827
2.05688 0.0194956
2.06367 0.0192127
2.07046 0.0189339
2.07725 0.0186591
2.08404 0.0183883
2.09083 0.0181214
2.09762 0.0178584
2.10441 0.0175993
2.1112 0.0173438
2.11799 0.0170921
2.12478 0.016844
2.13157 0.0165995
2.13836 0.0163586
2.14515 0.0161212
2.15194 0.0158872
2.15873 0.0156566
2.16552 0.0154294
2.17231 0.0152054
2.1791 0.0149847
2.1859 0.0147673
2.19269 0.0145529
2.19948 0.0143417
2.20627 0.0141336
2.21306 0.0139284
2.21985 0.0137263
2.22664 0.0135271
2.23343 0.0133308
2.24022 0.0131373
2.24701 0.0129467
2.2538 0.0127588
2.26059 0.0125737
2.26738 0.0123912
2.27417 0.0122114
2.28096 0.0120342
2.28775 0.0118596
2.29454 0.0116876
2.30133 0.011518
2.30812 0.0113509
2.31491 0.0111862
2.3217 0.0110239
2.32849 0.010864
2.33528 0.0107064
2.34207 0.0105511
2.34886 0.0103981
2.35565 0.0102473
2.36244 0.0100986
2.36923 0.00995218
2.37602 0.00980785
2.38282 0.00966562
2.38961 0.00952546
2.3964 0.00938734
2.40319 0.00925123
2.40998 0.00911709
2.41677 0.00898491
2.42356 0.00885465
2.43035 0.00872629
2.43714 0.00859979
2.44393 0.00847513
2.45072 0.00835229
2.45751 0.00823123
2.4643 0.00811194
2.47109 0.00799438
2.47788 0.00787853
2.48467 0.00776436
2.49146 0.00765186
2.49825 0.00754099
2.50504 0.00743174
2.51183 0.00732408
2.51862 0.00721798
2.52541 0.00711342
2.5322 0.00701039
2.53899 0.00690885
2.54578 0.00680879
2.55257 0.00671019
2.55936 0.00661302
2.56615 0.00651727
2.57294 0.0064229
2.57974 0.00632991
2.58653 0.00623827
2.59332 0.00614797
2.60011 0.00605898
2.6069 0.00597128
2.61369 0.00588486
2.62048 0.00579969
2.62727 0.00571576
2.63406 0.00563305
2.64085 0.00555155
2.64764 0.00547123
2.65443 0.00539208
2.66122 0.00531408
2.66801 0.00523721
2.6748 0.00516146
2.68159 0.00508681
2.68838 0.00501325
2.69517 0.00494075
2.70196 0.00486931
2.70875 0.00479891
2.71554 0.00472953
2.72233 0.00466116
2.72912 0.00459378
2.73591 0.00452738
2.7427 0.00446194
2.74949 0.00439746
2.75628 0.00433391
2.76307 0.00427129
2.76986 0.00420958
2.77665 0.00414876
2.78345 0.00408883
2.79024 0.00402976
2.79703 0.00397156
2.80382 0.0039142
2.81061 0.00385767
2.8174 0.00380196
2.82419 0.00374706
2.83098 0.00369296
2.83777 0.00363965
2.84456 0.00358711
2.85135 0.00353533
2.85814 0.0034843
2.86493 0.00343401
2.87172 0.00338446
2.87851 0.00333562
2.8853 0.00328749
2.89209 0.00324006
2.89888 0.00319332
2.90567 0.00314725
2.91246 0.00310186
2.91925 0.00305712
2.92604 0.00301303
2.93283 0.00296958
2.93962 0.00292677
2.94641 0.00288457
2.9532 0.00284298
2.95999 0.002802
2.96678 0.00276161
2.97357 0.00272181
2.98037 0.00268258
2.98716 0.00264392
2.99395 0.00260583
3.00074 0.00256828
3.00753 0.00253128
3.01432 0.00249481
3.02111 0.00245888
3.0279 0.00242346
3.03469 0.00238856
3.04148 0.00235416
3.04827 0.00232026
3.05506 0.00228686
3.06185 0.00225393
3.06864 0.00222149
3.07543 0.00218951
3.08222 0.00215799
3.08901 0.00212694
3.0958 0.00209633
3.10259 0.00206616
3.10938 0.00203643
3.11617 0.00200714
3.12296 0.00197826
3.12975 0.00194981
3.13654 0.00192176
3.14333 0.00189412
3.15012 0.00186688
3.15691 0.00184004
3.1637 0.00181358
3.17049 0.00178751
3.17729 0.00176181
3.18408 0.00173649
3.19087 0.00171153
3.19766 0.00168693
3.20445 0.00166269
3.21124 0.0016388
3.21803 0.00161525
3.22482 0.00159204
3.23161 0.00156917
3.2384 0.00154663
3.24519 0.00152442
3.25198 0.00150252
3.25877 0.00148095
3.26556 0.00145968
3.27235 0.00143872
3.27914 0.00141807
3.28593 0.00139771
3.29272 0.00137765
3.29951 0.00135787
3.3063 0.00133839
3.31309 0.00131918
3.31988 0.00130025
3.32667 0.0012816
3.33346 0.00126321
3.34025 0.00124509
3.34704 0.00122723
3.35383 0.00120963
3.36062 0.00119228
3.36741 0.00117518
3.37421 0.00115833
3.381 0.00114172
3.38779 0.00112535
3.39458 0.00110922
3.40137 0.00109332
3.40816 0.00107765
3.41495 0.00106221
3.42174 0.00104698
3.42853 0.00103198
3.43532 0.0010172
3.44211 0.00100262
3.4489 0.00098826
3.45569 0.000974104
3.46248 0.000960152
3.46927 0.000946401
3.47606 0.000932848
3.48285 0.000919491
3.48964 0.000906326
3.49643 0.00089335
3.50322 0.000880562
3.51001 0.000867957
3.5168 0.000855534
3.52359 0.00084329
3.53038 0.000831223
3.53717 0.000819329
3.54396 0.000807606
3.55075 0.000796052
3.55754 0.000784664
3.56433 0.00077344
3.57112 0.000762378
3.57792 0.000751474
3.58471 0.000740728
3.5915 0.000730136
3.59829 0.000719697
3.60508 0.000709407
3.61187 0.000699266
3.61866 0.000689271
3.62545 0.000679419
3.63224 0.000669709
3.63903 0.000660138
3.64582 0.000650705
3.65261 0.000641408
3.6594 0.000632244
3.66619 0.000623212
3.67298 0.00061431
3.67977 0.000605536
3.68656 0.000596888
3.69335 0.000588364
3.70014 0.000579962
3.70693 0.000571681
3.71372 0.000563519
3.72051 0.000555474
3.7273 0.000547545
3.73409 0.00053973
3.74088 0.000532027
3.74767 0.000524434
3.75446 0.00051695
3.76125 0.000509574
3.76804 0.000502304
3.77484 0.000495138
3.78163 0.000488075
3.78842 0.000481113
3.79521 0.000474251
3.802 0.000467488
3.80879 0.000460821
3.81558 0.00045425
3.82237 0.000447774
3.82916 0.00044139
3.83595 0.000435098
3.84274 0.000428896
3.84953 0.000422782
3.85632 0.000416757
3.86311 0.000410818
3.8699 0.000404964
3.87669 0.000399194
3.88348 0.000393507
3.89027 0.000387901
3.89706 0.000382375
3.90385 0.000376929
3.91064 0.00037156
3.91743 0.000366269
3.92422 0.000361053
3.93101 0.000355912
3.9378 0.000350845
3.94459 0.00034585
3.95138 0.000340926
3.95817 0.000336074
3.96496 0.00033129
