-4.02959 0.0022314
-4.02215 0.00225867
-4.01472 0.00228628
-4.00729 0.00231423
-3.99985 0.00234251
-3.99242 0.00237115
-3.98499 0.00240013
-3.97755 0.00242947
-3.97012 0.00245917
-3.96269 0.00248924
-3.95525 0.00251967
-3.94782 0.00255047
-3.94039 0.00258165
-3.93295 0.00261321
-3.92552 0.00264516
-3.91809 0.0026775
-3.91065 0.00271024
-3.90322 0.00274338
-3.89579 0.00277692
-3.88835 0.00281088
-3.88092 0.00284525
-3.87349 0.00288004
-3.86605 0.00291525
-3.85862 0.0029509
-3.85119 0.00298699
-3.84375 0.00302351
-3.83632 0.00306049
-3.82889 0.00309792
-3.82145 0.0031358
-3.81402 0.00317415
-3.80659 0.00321297
-3.79915 0.00325227
-3.79172 0.00329204
-3.78429 0.0033323
-3.77685 0.00337306
-3.76942 0.00341432
-3.76199 0.00345608
-3.75455 0.00349835
-3.74712 0.00354114
-3.73969 0.00358445
-3.73225 0.0036283
-3.72482 0.00367268
-3.71739 0.00371761
-3.70995 0.00376308
-3.70252 0.00380911
-3.69509 0.00385571
-3.68765 0.00390288
-3.68022 0.00395062
-3.67279 0.00399895
-3.66535 0.00404787
-3.65792 0.00409739
-3.65049 0.00414752
-3.64305 0.00419826
-3.63562 0.00424962
-3.62819 0.00430161
-3.62075 0.00435424
-3.61332 0.00440751
-3.60589 0.00446144
-3.59845 0.00451602
-3.59102 0.00457128
-3.58359 0.00462721
-3.57615 0.00468382
-3.56872 0.00474113
-3.56129 0.00479914
-3.55385 0.00485786
-3.54642 0.0049173
-3.53899 0.00497747
-3.53155 0.00503837
-3.52412 0.00510002
-3.51669 0.00516243
-3.50925 0.00522559
-3.50182 0.00528954
-3.49439 0.00535426
-3.48695 0.00541978
-3.47952 0.0054861
-3.47209 0.00555323
-3.46465 0.00562118
-3.45722 0.00568997
-3.44979 0.00575959
-3.44235 0.00583007
-3.43492 0.00590142
-3.42749 0.00597363
-3.42005 0.00604673
-3.41262 0.00612072
-3.40519 0.00619562
-3.39775 0.00627144
-3.39032 0.00634818
-3.38289 0.00642587
-3.37545 0.0065045
-3.36802 0.0065841
-3.36059 0.00666467
-3.35315 0.00674622
-3.34572 0.00682878
-3.33829 0.00691234
-3.33085 0.00699693
-3.32342 0.00708255
-3.31599 0.00716922
-3.30855 0.00725695
-3.30112 0.00734575
-3.29369 0.00743564
-3.28625 0.00752663
-3.27882 0.00761873
-3.27139 0.00771196
-3.26395 0.00780632
-3.25652 0.00790185
-3.24909 0.00799854
-3.24165 0.00809641
-3.23422 0.00819548
-3.22679 0.00829576
-3.21935 0.00839726
-3.21192 0.00850001
-3.20449 0.00860402
-3.19705 0.00870929
-3.18962 0.00881585
-3.18219 0.00892372
-3.17475 0.0090329
-3.16732 0.00914342
-3.15989 0.00925528
-3.15245 0.00936852
-3.14502 0.00948314
-3.13759 0.00959916
-3.13015 0.00971659
-3.12272 0.00983546
-3.11528 0.00995579
-3.10785 0.0100776
-3.10042 0.0102009
-3.09298 0.0103256
-3.08555 0.010452
-3.07812 0.0105798
-3.07068 0.0107092
-3.06325 0.0108402
-3.05582 0.0109728
-3.04838 0.011107
-3.04095 0.0112429
-3.03352 0.0113804
-3.02608 0.0115196
-3.01865 0.0116604
-3.01122 0.011803
-3.00378 0.0119474
-2.99635 0.0120935
-2.98892 0.0122414
-2.98148 0.0123911
-2.97405 0.0125426
-2.96662 0.0126959
-2.95918 0.0128512
-2.95175 0.0130083
-2.94432 0.0131673
-2.93688 0.0133283
-2.92945 0.0134912
-2.92202 0.0136562
-2.91458 0.0138231
-2.90715 0.0139921
-2.89972 0.0141631
-2.89228 0.0143362
-2.88485 0.0145114
-2.87742 0.0146888
-2.86998 0.0148683
-2.86255 0.01505
-2.85512 0.0152339
-2.84768 0.0154201
-2.84025 0.0156085
-2.83282 0.0157992
-2.82538 0.0159922
-2.81795 0.0161876
-2.81052 0.0163853
-2.80308 0.0165855
-2.79565 0.0167881
-2.78822 0.0169931
-2.78078 0.0172007
-2.77335 0.0174107
-2.76592 0.0176233
-2.75848 0.0178385
-2.75105 0.0180564
-2.74362 0.0182768
-2.73618 0.0185
-2.72875 0.0187258
-2.72132 0.0189544
-2.71388 0.0191858
-2.70645 0.0194199
-2.69902 0.0196569
-2.69158 0.0198968
-2.68415 0.0201396
-2.67672 0.0203854
-2.66928 0.0206341
-2.66185 0.0208858
-2.65442 0.0211406
-2.64698 0.0213985
-2.63955 0.0216595
-2.63212 0.0219236
-2.62468 0.022191
-2.61725 0.0224616
-2.60982 0.0227354
-2.60238 0.0230126
-2.59495 0.0232932
-2.58752 0.0235771
-2.58008 0.0238644
-2.57265 0.0241553
-2.56522 0.0244496
-2.55778 0.0247475
-2.55035 0.025049
-2.54292 0.0253542
-2.53548 0.025663
-2.52805 0.0259755
-2.52062 0.0262919
-2.51318 0.026612
-2.50575 0.026936
-2.49832 0.0272639
-2.49088 0.0275958
-2.48345 0.0279316
-2.47602 0.0282715
-2.46858 0.0286155
-2.46115 0.0289637
-2.45372 0.029316
-2.44628 0.0296726
-2.43885 0.0300334
-2.43142 0.0303986
-2.42398 0.0307682
-2.41655 0.0311423
-2.40912 0.0315208
-2.40168 0.0319038
-2.39425 0.0322915
-2.38682 0.0326838
-2.37938 0.0330808
-2.37195 0.0334826
-2.36452 0.0338892
-2.35708 0.0343007
-2.34965 0.0347171
-2.34222 0.0351385
-2.33478 0.0355649
-2.32735 0.0359964
-2.31992 0.0364331
-2.31248 0.036875
-2.30505 0.0373222
-2.29762 0.0377748
-2.29018 0.0382327
-2.28275 0.0386961
-2.27532 0.039165
-2.26788 0.0396395
-2.26045 0.0401197
-2.25302 0.0406056
-2.24558 0.0410973
-2.23815 0.0415948
-2.23072 0.0420982
-2.22328 0.0426077
-2.21585 0.0431231
-2.20842 0.0436447
-2.20098 0.0441725
-2.19355 0.0447066
-2.18612 0.045247
-2.17868 0.0457938
-2.17125 0.046347
-2.16382 0.0469068
-2.15638 0.0474733
-2.14895 0.0480464
-2.14152 0.0486263
-2.13408 0.0492131
-2.12665 0.0498068
-2.11922 0.0504075
-2.11178 0.0510153
-2.10435 0.0516302
-2.09692 0.0522524
-2.08948 0.0528818
-2.08205 0.0535187
-2.07462 0.0541631
-2.06718 0.0548151
-2.05975 0.0554746
-2.05232 0.056142
-2.04488 0.0568171
-2.03745 0.0575002
-2.03002 0.0581912
-2.02258 0.0588903
-2.01515 0.0595976
-2.00772 0.0603131
-2.00028 0.061037
-1.99285 0.0617694
-1.98542 0.0625102
-1.97798 0.0632597
-1.97055 0.0640178
-1.96312 0.0647848
-1.95568 0.0655607
-1.94825 0.0663456
-1.94081 0.0671396
-1.93338 0.0679427
-1.92595 0.0687552
-1.91851 0.069577
-1.91108 0.0704083
-1.90365 0.0712492
-1.89621 0.0720998
-1.88878 0.0729602
-1.88135 0.0738305
-1.87391 0.0747107
-1.86648 0.0756011
-1.85905 0.0765016
-1.85161 0.0774125
-1.84418 0.0783337
-1.83675 0.0792655
-1.82931 0.0802079
-1.82188 0.0811611
-1.81445 0.0821251
-1.80701 0.0831
-1.79958 0.084086
-1.79215 0.0850832
-1.78471 0.0860917
-1.77728 0.0871115
-1.76985 0.0881429
-1.76241 0.0891859
-1.75498 0.0902407
-1.74755 0.0913073
-1.74011 0.0923859
-1.73268 0.0934766
-1.72525 0.0945795
-1.71781 0.0956947
-1.71038 0.0968224
-1.70295 0.0979627
-1.69551 0.0991156
-1.68808 0.100281
-1.68065 0.10146
-1.67321 0.102652
-1.66578 0.103857
-1.65835 0.105075
-1.65091 0.106306
-1.64348 0.107551
-1.63605 0.10881
-1.62861 0.110083
-1.62118 0.111369
-1.61375 0.11267
-1.60631 0.113984
-1.59888 0.115313
-1.59145 0.116657
-1.58401 0.118015
-1.57658 0.119387
-1.56915 0.120775
-1.56171 0.122177
-1.55428 0.123594
-1.54685 0.125027
-1.53941 0.126474
-1.53198 0.127938
-1.52455 0.129416
-1.51711 0.130911
-1.50968 0.132421
-1.50225 0.133947
-1.49481 0.135489
-1.48738 0.137048
-1.47995 0.138622
-1.47251 0.140213
-1.46508 0.141821
-1.45765 0.143445
-1.45021 0.145086
-1.44278 0.146744
-1.43535 0.148419
-1.42791 0.150111
-1.42048 0.151821
-1.41305 0.153548
-1.40561 0.155292
-1.39818 0.157054
-1.39075 0.158834
-1.38331 0.160631
-1.37588 0.162447
-1.36845 0.16428
-1.36101 0.166132
-1.35358 0.168002
-1.34615 0.169891
-1.33871 0.171798
-1.33128 0.173724
-1.32385 0.175668
-1.31641 0.177631
-1.30898 0.179613
-1.30155 0.181614
-1.29411 0.183634
-1.28668 0.185674
-1.27925 0.187732
-1.27181 0.18981
-1.26438 0.191907
-1.25695 0.194024
-1.24951 0.196161
-1.24208 0.198317
-1.23465 0.200493
-1.22721 0.202688
-1.21978 0.204904
-1.21235 0.207139
-1.20491 0.209395
-1.19748 0.21167
-1.19005 0.213966
-1.18261 0.216281
-1.17518 0.218617
-1.16775 0.220972
-1.16031 0.223348
-1.15288 0.225744
-1.14545 0.228161
-1.13801 0.230597
-1.13058 0.233054
-1.12315 0.235531
-1.11571 0.238028
-1.10828 0.240546
-1.10085 0.243083
-1.09341 0.245641
-1.08598 0.248219
-1.07855 0.250816
-1.07111 0.253434
-1.06368 0.256072
-1.05625 0.258729
-1.04881 0.261407
-1.04138 0.264104
-1.03395 0.26682
-1.02651 0.269556
-1.01908 0.272312
-1.01165 0.275087
-1.00421 0.27788
-0.996779 0.280693
-0.989346 0.283525
-0.981912 0.286375
-0.974479 0.289244
-0.967046 0.292131
-0.959612 0.295036
-0.952179 0.297959
-0.944746 0.300899
-0.937312 0.303857
-0.929879 0.306832
-0.922445 0.309824
-0.915012 0.312833
-0.907579 0.315858
-0.900145 0.318899
-0.892712 0.321955
-0.885279 0.325027
-0.877845 0.328114
-0.870412 0.331215
-0.862979 0.334331
-0.855545 0.33746
-0.848112 0.340603
-0.840679 0.343758
-0.833245 0.346927
-0.825812 0.350107
-0.818378 0.353299
-0.810945 0.356501
-0.803512 0.359715
-0.796078 0.362938
-0.788645 0.36617
-0.781212 0.369412
-0.773778 0.372661
-0.766345 0.375918
-0.758912 0.379182
-0.751478 0.382452
-0.744045 0.385728
-0.736612 0.389008
-0.729178 0.392293
-0.721745 0.395581
-0.714312 0.398871
-0.706878 0.402163
-0.699445 0.405456
-0.692011 0.408749
-0.684578 0.412041
-0.677145 0.415332
-0.669711 0.41862
-0.662278 0.421904
-0.654845 0.425184
-0.647411 0.428458
-0.639978 0.431725
-0.632545 0.434985
-0.625111 0.438236
-0.617678 0.441478
-0.610245 0.444709
-0.602811 0.447927
-0.595378 0.451133
-0.587945 0.454324
-0.580511 0.4575
-0.573078 0.460658
-0.565644 0.463799
-0.558211 0.466921
-0.550778 0.470022
-0.543344 0.473101
-0.535911 0.476157
-0.528478 0.479188
-0.521044 0.482193
-0.513611 0.485171
-0.506178 0.48812
-0.498744 0.491039
-0.491311 0.493926
-0.483878 0.49678
-0.476444 0.4996
-0.469011 0.502383
-0.461577 0.505129
-0.454144 0.507836
-0.446711 0.510502
-0.439277 0.513126
-0.431844 0.515706
-0.424411 0.518241
-0.416977 0.520729
-0.409544 0.523169
-0.402111 0.525559
-0.394677 0.527897
-0.387244 0.530182
-0.379811 0.532412
-0.372377 0.534587
-0.364944 0.536703
-0.357511 0.53876
-0.350077 0.540756
-0.342644 0.54269
-0.33521 0.54456
-0.327777 0.546364
-0.320344 0.548102
-0.31291 0.549771
-0.305477 0.55137
-0.298044 0.552898
-0.29061 0.554354
-0.283177 0.555735
-0.275744 0.557041
-0.26831 0.558271
-0.260877 0.559422
-0.253444 0.560494
-0.24601 0.561486
-0.238577 0.562397
-0.231144 0.563225
-0.22371 0.563969
-0.216277 0.564628
-0.208843 0.565202
-0.20141 0.565689
-0.193977 0.566088
-0.186543 0.566399
-0.17911 0.566621
-0.171677 0.566754
-0.164243 0.566796
-0.15681 0.566747
-0.149377 0.566606
-0.141943 0.566374
-0.13451 0.566049
-0.127077 0.565632
-0.119643 0.565121
-0.11221 0.564518
-0.104776 0.563821
-0.0973431 0.563032
-0.0899098 0.562149
-0.0824764 0.561173
-0.0750431 0.560104
-0.0676097 0.558943
-0.0601764 0.557689
-0.052743 0.556344
-0.0453096 0.554907
-0.0378763 0.553379
-0.0304429 0.551761
-0.0230096 0.550053
-0.0155762 0.548257
-0.00814288 0.546373
-0.000709522 0.544401
0.00672383 0.542344
0.0141572 0.540202
0.0215905 0.537976
0.0290239 0.535667
0.0364572 0.533276
0.0438906 0.530806
0.051324 0.528256
0.0587573 0.525629
0.0661907 0.522926
0.073624 0.520149
0.0810574 0.517299
0.0884907 0.514377
0.0959241 0.511386
0.103357 0.508327
0.110791 0.505202
0.118224 0.502013
0.125658 0.49876
0.133091 0.495448
0.140524 0.492076
0.147958 0.488647
0.155391 0.485164
0.162824 0.481627
0.170258 0.47804
0.177691 0.474403
0.185124 0.470719
0.192558 0.466991
0.199991 0.463219
0.207424 0.459406
0.214858 0.455554
0.222291 0.451666
0.229724 0.447742
0.237158 0.443786
0.244591 0.439799
0.252025 0.435783
0.259458 0.43174
0.266891 0.427672
0.274325 0.423582
0.281758 0.41947
0.289191 0.41534
0.296625 0.411193
0.304058 0.40703
0.311491 0.402855
0.318925 0.398667
0.326358 0.394471
0.333791 0.390266
0.341225 0.386055
0.348658 0.38184
0.356091 0.377622
0.363525 0.373404
0.370958 0.369186
0.378392 0.36497
0.385825 0.360758
0.393258 0.356551
0.400692 0.352351
0.408125 0.348159
0.415558 0.343976
0.422992 0.339805
0.430425 0.335646
0.437858 0.3315
0.445292 0.32737
0.452725 0.323255
0.460158 0.319157
0.467592 0.315078
0.475025 0.311018
0.482459 0.306978
0.489892 0.30296
0.497325 0.298965
0.504759 0.294992
0.512192 0.291044
0.519625 0.28712
0.527059 0.283223
0.534492 0.279352
0.541925 0.275509
0.549359 0.271693
0.556792 0.267906
0.564225 0.264149
0.571659 0.260422
0.579092 0.256725
0.586525 0.253059
0.593959 0.249424
0.601392 0.245822
0.608826 0.242252
0.616259 0.238714
0.623692 0.23521
0.631126 0.231739
0.638559 0.228303
0.645992 0.2249
0.653426 0.221532
0.660859 0.218198
0.668292 0.214899
0.675726 0.211635
0.683159 0.208406
0.690592 0.205212
0.698026 0.202054
0.705459 0.198931
0.712892 0.195844
0.720326 0.192793
0.727759 0.189777
0.735193 0.186796
0.742626 0.183851
0.750059 0.180942
0.757493 0.178068
0.764926 0.17523
0.772359 0.172427
0.779793 0.16966
0.787226 0.166927
0.794659 0.16423
0.802093 0.161568
0.809526 0.15894
0.816959 0.156347
0.824393 0.153789
0.831826 0.151265
0.83926 0.148775
0.846693 0.146319
0.854126 0.143896
0.86156 0.141508
0.868993 0.139152
0.876426 0.136829
0.88386 0.134539
0.891293 0.132282
0.898726 0.130057
0.90616 0.127864
0.913593 0.125702
0.921026 0.123572
0.92846 0.121474
0.935893 0.119406
0.943326 0.117369
0.95076 0.115362
0.958193 0.113385
0.965627 0.111438
0.97306 0.10952
0.980493 0.107632
0.987927 0.105772
0.99536 0.103941
1.00279 0.102138
1.01023 0.100363
1.01766 0.0986153
1.02509 0.096895
1.03253 0.0952018
1.03996 0.0935352
1.04739 0.0918949
1.05483 0.0902807
1.06226 0.0886921
1.06969 0.087129
1.07713 0.0855909
1.08456 0.0840775
1.09199 0.0825886
1.09943 0.0811239
1.10686 0.0796829
1.11429 0.0782655
1.12173 0.0768712
1.12916 0.0754999
1.13659 0.0741511
1.14403 0.0728246
1.15146 0.07152
1.15889 0.0702372
1.16633 0.0689757
1.17376 0.0677353
1.18119 0.0665156
1.18863 0.0653165
1.19606 0.0641375
1.20349 0.0629784
1.21093 0.061839
1.21836 0.0607188
1.22579 0.0596177
1.23323 0.0585354
1.24066 0.0574716
1.24809 0.056426
1.25553 0.0553983
1.26296 0.0543883
1.27039 0.0533957
1.27783 0.0524202
1.28526 0.0514616
1.29269 0.0505196
1.30013 0.049594
1.30756 0.0486845
1.31499 0.0477908
1.32243 0.0469128
1.32986 0.0460501
1.33729 0.0452026
1.34473 0.0443699
1.35216 0.0435519
1.35959 0.0427482
1.36703 0.0419588
1.37446 0.0411833
1.38189 0.0404216
1.38933 0.0396734
1.39676 0.0389384
1.40419 0.0382165
1.41163 0.0375075
1.41906 0.0368111
1.42649 0.0361272
1.43393 0.0354555
1.44136 0.0347958
1.44879 0.034148
1.45623 0.0335118
1.46366 0.032887
1.47109 0.0322735
1.47853 0.0316711
1.48596 0.0310795
1.49339 0.0304986
1.50083 0.0299282
1.50826 0.0293682
1.51569 0.0288183
1.52313 0.0282784
1.53056 0.0277483
1.53799 0.0272279
1.54543 0.0267169
1.55286 0.0262153
1.56029 0.0257228
1.56773 0.0252393
1.57516 0.0247646
1.58259 0.0242987
1.59003 0.0238413
1.59746 0.0233922
1.60489 0.0229514
1.61233 0.0225187
1.61976 0.022094
1.6272 0.0216771
1.63463 0.0212679
1.64206 0.0208662
1.6495 0.0204719
1.65693 0.0200849
1.66436 0.0197051
1.6718 0.0193322
1.67923 0.0189663
1.68666 0.0186072
1.6941 0.0182547
1.70153 0.0179088
1.70896 0.0175693
1.7164 0.0172361
1.72383 0.0169091
1.73126 0.0165882
1.7387 0.0162732
1.74613 0.0159641
1.75356 0.0156608
1.761 0.0153632
1.76843 0.0150711
1.77586 0.0147844
1.7833 0.0145031
1.79073 0.0142271
1.79816 0.0139563
1.8056 0.0136905
1.81303 0.0134297
1.82046 0.0131738
1.8279 0.0129227
1.83533 0.0126763
1.84276 0.0124345
1.8502 0.0121973
1.85763 0.0119645
1.86506 0.0117361
1.8725 0.011512
1.87993 0.0112921
1.88736 0.0110764
1.8948 0.0108647
1.90223 0.010657
1.90966 0.0104533
1.9171 0.0102534
1.92453 0.0100572
1.93196 0.00986479
1.9394 0.009676
1.94683 0.00949077
1.95426 0.00930904
1.9617 0.00913076
1.96913 0.00895585
1.97656 0.00878425
1.984 0.0086159
1.99143 0.00845074
1.99886 0.00828872
2.0063 0.00812976
2.01373 0.00797383
2.02116 0.00782085
2.0286 0.00767078
2.03603 0.00752356
2.04346 0.00737913
2.0509 0.00723746
2.05833 0.00709847
2.06576 0.00696213
2.0732 0.00682838
2.08063 0.00669718
2.08806 0.00656848
2.0955 0.00644223
2.10293 0.00631839
2.11036 0.0061969
2.1178 0.00607773
2.12523 0.00596083
2.13266 0.00584617
2.1401 0.00573369
2.14753 0.00562336
2.15496 0.00551513
2.1624 0.00540897
2.16983 0.00530484
2.17726 0.0052027
2.1847 0.00510251
2.19213 0.00500424
2.19956 0.00490784
2.207 0.00481329
2.21443 0.00472055
2.22186 0.00462958
2.2293 0.00454036
2.23673 0.00445284
2.24416 0.004367
2.2516 0.0042828
2.25903 0.00420021
2.26646 0.00411921
2.2739 0.00403976
2.28133 0.00396184
2.28876 0.00388541
2.2962 0.00381044
2.30363 0.00373691
2.31106 0.0036648
2.3185 0.00359406
2.32593 0.00352469
2.33336 0.00345664
2.3408 0.00338991
2.34823 0.00332445
2.35566 0.00326026
2.3631 0.00319729
2.37053 0.00313554
2.37796 0.00307497
2.3854 0.00301557
2.39283 0.00295731
2.40026 0.00290017
2.4077 0.00284413
2.41513 0.00278916
2.42256 0.00273526
2.43 0.00268239
2.43743 0.00263054
2.44486 0.00257969
2.4523 0.00252981
2.45973 0.0024809
2.46716 0.00243293
2.4746 0.00238588
2.48203 0.00233974
2.48946 0.00229448
2.4969 0.0022501
2.50433 0.00220658
2.51176 0.00216389
2.5192 0.00212203
2.52663 0.00208097
2.53406 0.00204071
2.5415 0.00200122
2.54893 0.00196249
2.55636 0.00192451
2.5638 0.00188727
2.57123 0.00185074
2.57866 0.00181491
2.5861 0.00177978
2.59353 0.00174533
2.60096 0.00171154
2.6084 0.0016784
2.61583 0.0016459
2.62326 0.00161403
2.6307 0.00158278
2.63813 0.00155213
2.64556 0.00152207
2.653 0.00149259
2.66043 0.00146368
2.66786 0.00143533
2.6753 0.00140753
2.68273 0.00138026
2.69016 0.00135352
2.6976 0.0013273
2.70503 0.00130159
2.71246 0.00127637
2.7199 0.00125164
2.72733 0.00122739
2.73476 0.0012036
2.7422 0.00118028
2.74963 0.00115741
2.75706 0.00113498
2.7645 0.00111298
2.77193 0.00109141
2.77936 0.00107026
2.7868 0.00104951
2.79423 0.00102917
2.80167 0.00100922
2.8091 0.000989659
2.81653 0.000970475
2.82397 0.000951662
2.8314 0.000933212
2.83883 0.00091512
2.84627 0.000897378
2.8537 0.00087998
2.86113 0.000862918
2.86857 0.000846187
2.876 0.00082978
2.88343 0.00081369
2.89087 0.000797912
2.8983 0.000782439
2.90573 0.000767266
2.91317 0.000752387
2.9206 0.000737796
2.92803 0.000723488
2.93547 0.000709457
2.9429 0.000695698
2.95033 0.000682205
2.95777 0.000668973
2.9652 0.000655998
2.97263 0.000643275
2.98007 0.000630798
2.9875 0.000618562
2.99493 0.000606564
3.00237 0.000594798
3.0098 0.00058326
3.01723 0.000571946
3.02467 0.000560851
3.0321 0.000549972
3.03953 0.000539303
3.04697 0.000528841
3.0544 0.000518581
3.06183 0.000508521
3.06927 0.000498655
3.0767 0.000488981
3.08413 0.000479495
3.09157 0.000470192
3.099 0.00046107
3.10643 0.000452124
3.11387 0.000443352
3.1213 0.00043475
3.12873 0.000426315
3.13617 0.000418044
3.1436 0.000409932
3.15103 0.000401979
3.15847 0.000394179
3.1659 0.000386531
3.17333 0.000379031
3.18077 0.000371676
3.1882 0.000364464
3.19563 0.000357392
3.20307 0.000350458
3.2105 0.000343657
3.21793 0.000336989
3.22537 0.00033045
3.2328 0.000324038
3.24023 0.00031775
3.24767 0.000311584
3.2551 0.000305538
3.26253 0.000299609
3.26997 0.000293795
3.2774 0.000288094
3.28483 0.000282504
3.29227 0.000277022
3.2997 0.000271646
3.30713 0.000266375
3.31457 0.000261205
3.322 0.000256137
3.32943 0.000251166
3.33687 0.000246292
3.3443 0.000241513
3.35173 0.000236826
3.35917 0.000232231
3.3666 0.000227724
3.37403 0.000223305
3.38147 0.000218972
3.3889 0.000214722
3.39633 0.000210556
