-5.98143 0.00181768
-5.96732 0.00184084
-5.9532 0.0018643
-5.93909 0.00188806
-5.92498 0.00191212
-5.91087 0.0019365
-5.89675 0.00196119
-5.88264 0.0019862
-5.86853 0.00201153
-5.85442 0.00203719
-5.84031 0.00206319
-5.82619 0.00208951
-5.81208 0.00211618
-5.79797 0.00214319
-5.78386 0.00217056
-5.76975 0.00219827
-5.75563 0.00222634
-5.74152 0.00225478
-5.72741 0.00228359
-5.7133 0.00231276
-5.69918 0.00234232
-5.68507 0.00237226
-5.67096 0.00240258
-5.65685 0.0024333
-5.64274 0.00246441
-5.62862 0.00249593
-5.61451 0.00252786
-5.6004 0.0025602
-5.58629 0.00259296
-5.57217 0.00262615
-5.55806 0.00265976
-5.54395 0.00269381
-5.52984 0.00272831
-5.51573 0.00276325
-5.50161 0.00279864
-5.4875 0.0028345
-5.47339 0.00287081
-5.45928 0.00290761
-5.44516 0.00294487
-5.43105 0.00298263
-5.41694 0.00302087
-5.40283 0.00305961
-5.38872 0.00309886
-5.3746 0.00313861
-5.36049 0.00317889
-5.34638 0.00321968
-5.33227 0.00326101
-5.31816 0.00330288
-5.30404 0.00334529
-5.28993 0.00338825
-5.27582 0.00343177
-5.26171 0.00347586
-5.24759 0.00352053
-5.23348 0.00356577
-5.21937 0.00361161
-5.20526 0.00365804
-5.19115 0.00370508
-5.17703 0.00375274
-5.16292 0.00380101
-5.14881 0.00384992
-5.1347 0.00389946
-5.12058 0.00394965
-5.10647 0.0040005
-5.09236 0.00405201
-5.07825 0.00410419
-5.06414 0.00415706
-5.05002 0.00421062
-5.03591 0.00426488
-5.0218 0.00431984
-5.00769 0.00437553
-4.99357 0.00443195
-4.97946 0.0044891
-4.96535 0.004547
-4.95124 0.00460567
-4.93713 0.0046651
-4.92301 0.0047253
-4.9089 0.0047863
-4.89479 0.0048481
-4.88068 0.00491071
-4.86657 0.00497414
-4.85245 0.0050384
-4.83834 0.0051035
-4.82423 0.00516946
-4.81012 0.00523629
-4.796 0.00530399
-4.78189 0.00537259
-4.76778 0.00544208
-4.75367 0.00551249
-4.73956 0.00558382
-4.72544 0.00565609
-4.71133 0.00572932
-4.69722 0.0058035
-4.68311 0.00587867
-4.66899 0.00595482
-4.65488 0.00603197
-4.64077 0.00611014
-4.62666 0.00618935
-4.61255 0.00626959
-4.59843 0.00635089
-4.58432 0.00643327
-4.57021 0.00651673
-4.5561 0.00660129
-4.54198 0.00668697
-4.52787 0.00677378
-4.51376 0.00686174
-4.49965 0.00695086
-4.48554 0.00704115
-4.47142 0.00713264
-4.45731 0.00722534
-4.4432 0.00731927
-4.42909 0.00741443
-4.41498 0.00751086
-4.40086 0.00760856
-4.38675 0.00770756
-4.37264 0.00780787
-4.35853 0.0079095
-4.34441 0.00801248
-4.3303 0.00811683
-4.31619 0.00822256
-4.30208 0.0083297
-4.28797 0.00843825
-4.27385 0.00854824
-4.25974 0.0086597
-4.24563 0.00877263
-4.23152 0.00888707
-4.2174 0.00900302
-4.20329 0.00912052
-4.18918 0.00923958
-4.17507 0.00936022
-4.16096 0.00948246
-4.14684 0.00960634
-4.13273 0.00973186
-4.11862 0.00985905
-4.10451 0.00998793
-4.09039 0.0101185
-4.07628 0.0102509
-4.06217 0.010385
-4.04806 0.0105209
-4.03395 0.0106586
-4.01983 0.0107981
-4.00572 0.0109395
-3.99161 0.0110828
-3.9775 0.011228
-3.96339 0.0113752
-3.94927 0.0115243
-3.93516 0.0116754
-3.92105 0.0118286
-3.90694 0.0119837
-3.89282 0.012141
-3.87871 0.0123003
-3.8646 0.0124618
-3.85049 0.0126255
-3.83638 0.0127913
-3.82226 0.0129594
-3.80815 0.0131297
-3.79404 0.0133023
-3.77993 0.0134773
-3.76581 0.0136545
-3.7517 0.0138342
-3.73759 0.0140162
-3.72348 0.0142008
-3.70937 0.0143877
-3.69525 0.0145772
-3.68114 0.0147693
-3.66703 0.0149639
-3.65292 0.0151612
-3.6388 0.0153611
-3.62469 0.0155637
-3.61058 0.015769
-3.59647 0.0159771
-3.58236 0.016188
-3.56824 0.0164017
-3.55413 0.0166183
-3.54002 0.0168379
-3.52591 0.0170604
-3.5118 0.0172859
-3.49768 0.0175144
-3.48357 0.0177461
-3.46946 0.0179809
-3.45535 0.0182188
-3.44123 0.01846
-3.42712 0.0187044
-3.41301 0.0189521
-3.3989 0.0192032
-3.38479 0.0194577
-3.37067 0.0197156
-3.35656 0.019977
-3.34245 0.020242
-3.32834 0.0205106
-3.31422 0.0207828
-3.30011 0.0210586
-3.286 0.0213383
-3.27189 0.0216217
-3.25778 0.021909
-3.24366 0.0222002
-3.22955 0.0224953
-3.21544 0.0227945
-3.20133 0.0230977
-3.18721 0.0234051
-3.1731 0.0237166
-3.15899 0.0240324
-3.14488 0.0243524
-3.13077 0.0246769
-3.11665 0.0250057
-3.10254 0.025339
-3.08843 0.0256769
-3.07432 0.0260194
-3.06021 0.0263666
-3.04609 0.0267185
-3.03198 0.0270752
-3.01787 0.0274367
-3.00376 0.0278032
-2.98964 0.0281748
-2.97553 0.0285514
-2.96142 0.0289331
-2.94731 0.0293201
-2.9332 0.0297123
-2.91908 0.0301099
-2.90497 0.030513
-2.89086 0.0309216
-2.87675 0.0313358
-2.86263 0.0317557
-2.84852 0.0321813
-2.83441 0.0326127
-2.8203 0.0330501
-2.80619 0.0334934
-2.79207 0.0339429
-2.77796 0.0343985
-2.76385 0.0348604
-2.74974 0.0353286
-2.73563 0.0358032
-2.72151 0.0362844
-2.7074 0.0367722
-2.69329 0.0372667
-2.67918 0.0377679
-2.66506 0.0382761
-2.65095 0.0387913
-2.63684 0.0393135
-2.62273 0.039843
-2.60862 0.0403797
-2.5945 0.0409238
-2.58039 0.0414754
-2.56628 0.0420346
-2.55217 0.0426015
-2.53805 0.0431762
-2.52394 0.0437588
-2.50983 0.0443495
-2.49572 0.0449483
-2.48161 0.0455554
-2.46749 0.0461708
-2.45338 0.0467947
-2.43927 0.0474272
-2.42516 0.0480684
-2.41104 0.0487185
-2.39693 0.0493776
-2.38282 0.0500457
-2.36871 0.050723
-2.3546 0.0514097
-2.34048 0.0521059
-2.32637 0.0528117
-2.31226 0.0535272
-2.29815 0.0542526
-2.28404 0.054988
-2.26992 0.0557335
-2.25581 0.0564893
-2.2417 0.0572556
-2.22759 0.0580324
-2.21347 0.0588199
-2.19936 0.0596183
-2.18525 0.0604277
-2.17114 0.0612482
-2.15703 0.0620801
-2.14291 0.0629234
-2.1288 0.0637783
-2.11469 0.064645
-2.10058 0.0655237
-2.08646 0.0664144
-2.07235 0.0673174
-2.05824 0.0682328
-2.04413 0.0691608
-2.03002 0.0701015
-2.0159 0.0710551
-2.00179 0.0720219
-1.98768 0.0730019
-1.97357 0.0739953
-1.95945 0.0750024
-1.94534 0.0760233
-1.93123 0.0770581
-1.91712 0.0781071
-1.90301 0.0791704
-1.88889 0.0802482
-1.87478 0.0813407
-1.86067 0.0824482
-1.84656 0.0835707
-1.83245 0.0847085
-1.81833 0.0858617
-1.80422 0.0870306
-1.79011 0.0882153
-1.776 0.0894161
-1.76188 0.0906332
-1.74777 0.0918666
-1.73366 0.0931167
-1.71955 0.0943837
-1.70544 0.0956676
-1.69132 0.0969688
-1.67721 0.0982874
-1.6631 0.0996237
-1.64899 0.100978
-1.63487 0.10235
-1.62076 0.10374
-1.60665 0.105149
-1.59254 0.106577
-1.57843 0.108023
-1.56431 0.109488
-1.5502 0.110973
-1.53609 0.112477
-1.52198 0.114001
-1.50786 0.115544
-1.49375 0.117108
-1.47964 0.118691
-1.46553 0.120295
-1.45142 0.12192
-1.4373 0.123566
-1.42319 0.125232
-1.40908 0.12692
-1.39497 0.128629
-1.38086 0.130359
-1.36674 0.132111
-1.35263 0.133885
-1.33852 0.135681
-1.32441 0.137499
-1.31029 0.139339
-1.29618 0.141201
-1.28207 0.143086
-1.26796 0.144993
-1.25385 0.146924
-1.23973 0.148877
-1.22562 0.150853
-1.21151 0.152852
-1.1974 0.154874
-1.18328 0.156919
-1.16917 0.158987
-1.15506 0.161078
-1.14095 0.163192
-1.12684 0.16533
-1.11272 0.16749
-1.09861 0.169674
-1.0845 0.171881
-1.07039 0.17411
-1.05627 0.176363
-1.04216 0.178638
-1.02805 0.180935
-1.01394 0.183255
-0.999826 0.185597
-0.985714 0.18796
-0.971602 0.190346
-0.957489 0.192752
-0.943377 0.19518
-0.929265 0.197628
-0.915153 0.200096
-0.901041 0.202584
-0.886928 0.205091
-0.872816 0.207617
-0.858704 0.210161
-0.844592 0.212722
-0.83048 0.2153
-0.816368 0.217894
-0.802255 0.220504
-0.788143 0.223128
-0.774031 0.225765
-0.759919 0.228415
-0.745807 0.231077
-0.731694 0.233749
-0.717582 0.23643
-0.70347 0.23912
-0.689358 0.241816
-0.675246 0.244518
-0.661133 0.247224
-0.647021 0.249933
-0.632909 0.252643
-0.618797 0.255352
-0.604685 0.258058
-0.590573 0.260761
-0.57646 0.263457
-0.562348 0.266146
-0.548236 0.268824
-0.534124 0.27149
-0.520012 0.274142
-0.505899 0.276777
-0.491787 0.279393
-0.477675 0.281988
-0.463563 0.284558
-0.449451 0.287102
-0.435338 0.289617
-0.421226 0.2921
-0.407114 0.294548
-0.393002 0.296959
-0.37889 0.299329
-0.364778 0.301656
-0.350665 0.303937
-0.336553 0.306169
-0.322441 0.308349
-0.308329 0.310473
-0.294217 0.31254
-0.280104 0.314545
-0.265992 0.316486
-0.25188 0.318361
-0.237768 0.320165
-0.223656 0.321897
-0.209544 0.323554
-0.195431 0.325132
-0.181319 0.32663
-0.167207 0.328044
-0.153095 0.329373
-0.138983 0.330614
-0.12487 0.331765
-0.110758 0.332824
-0.096646 0.333789
-0.0825338 0.33466
-0.0684216 0.335433
-0.0543094 0.336108
-0.0401973 0.336684
-0.0260851 0.33716
-0.0119729 0.337535
0.0021393 0.337808
0.0162515 0.33798
0.0303637 0.338051
0.0444759 0.33802
0.058588 0.337888
0.0727002 0.337655
0.0868124 0.337322
0.100925 0.33689
0.115037 0.33636
0.129149 0.335734
0.143261 0.335012
0.157373 0.334197
0.171486 0.333291
0.185598 0.332295
0.19971 0.331211
0.213822 0.330042
0.227934 0.328789
0.242046 0.327457
0.256159 0.326046
0.270271 0.324559
0.284383 0.323
0.298495 0.321371
0.312607 0.319674
0.32672 0.317913
0.340832 0.31609
0.354944 0.314208
0.369056 0.31227
0.383168 0.310279
0.397281 0.308238
0.411393 0.306149
0.425505 0.304015
0.439617 0.30184
0.453729 0.299625
0.467841 0.297374
0.481954 0.295088
0.496066 0.292771
0.510178 0.290425
0.52429 0.288053
0.538402 0.285656
0.552515 0.283238
0.566627 0.2808
0.580739 0.278345
0.594851 0.275874
0.608963 0.27339
0.623076 0.270894
0.637188 0.268389
0.6513 0.265876
0.665412 0.263357
0.679524 0.260834
0.693636 0.258308
0.707749 0.255781
0.721861 0.253254
0.735973 0.250728
0.750085 0.248205
0.764197 0.245686
0.77831 0.243173
0.792422 0.240666
0.806534 0.238166
0.820646 0.235675
0.834758 0.233193
0.848871 0.230721
0.862983 0.22826
0.877095 0.225811
0.891207 0.223375
0.905319 0.220952
0.919431 0.218543
0.933544 0.216149
0.947656 0.213769
0.961768 0.211406
0.97588 0.209058
0.989992 0.206727
1.0041 0.204413
1.01822 0.202116
1.03233 0.199837
1.04644 0.197576
1.06055 0.195333
1.07467 0.193108
1.08878 0.190903
1.10289 0.188716
1.117 0.186549
1.13111 0.184401
1.14523 0.182272
1.15934 0.180163
1.17345 0.178074
1.18756 0.176004
1.20168 0.173955
1.21579 0.171925
1.2299 0.169915
1.24401 0.167925
1.25812 0.165955
1.27224 0.164005
1.28635 0.162075
1.30046 0.160165
1.31457 0.158275
1.32868 0.156405
1.3428 0.154554
1.35691 0.152724
1.37102 0.150912
1.38513 0.149121
1.39925 0.147349
1.41336 0.145596
1.42747 0.143862
1.44158 0.142148
1.45569 0.140453
1.46981 0.138776
1.48392 0.137119
1.49803 0.13548
1.51214 0.133859
1.52626 0.132257
1.54037 0.130674
1.55448 0.129108
1.56859 0.127561
1.5827 0.126031
1.59682 0.124519
1.61093 0.123024
1.62504 0.121547
1.63915 0.120088
1.65327 0.118645
1.66738 0.117219
1.68149 0.11581
1.6956 0.114417
1.70971 0.113041
1.72383 0.111682
1.73794 0.110338
1.75205 0.109011
1.76616 0.107699
1.78027 0.106403
1.79439 0.105122
1.8085 0.103857
1.82261 0.102606
1.83672 0.101371
1.85084 0.100151
1.86495 0.0989451
1.87906 0.0977539
1.89317 0.0965771
1.90728 0.0954145
1.9214 0.094266
1.93551 0.0931314
1.94962 0.0920105
1.96373 0.0909032
1.97785 0.0898093
1.99196 0.0887287
2.00607 0.0876612
2.02018 0.0866067
2.03429 0.0855651
2.04841 0.0845361
2.06252 0.0835196
2.07663 0.0825156
2.09074 0.0815237
2.10486 0.080544
2.11897 0.0795762
2.13308 0.0786203
2.14719 0.077676
2.1613 0.0767433
2.17542 0.0758219
2.18953 0.0749118
2.20364 0.0740129
2.21775 0.0731249
2.23186 0.0722478
2.24598 0.0713814
2.26009 0.0705257
2.2742 0.0696804
2.28831 0.0688454
2.30243 0.0680207
2.31654 0.0672061
2.33065 0.0664014
2.34476 0.0656066
2.35887 0.0648215
2.37299 0.0640461
2.3871 0.0632801
2.40121 0.0625235
2.41532 0.0617762
2.42944 0.061038
2.44355 0.0603089
2.45766 0.0595887
2.47177 0.0588773
2.48588 0.0581746
2.5 0.0574805
2.51411 0.0567949
2.52822 0.0561177
2.54233 0.0554488
2.55645 0.054788
2.57056 0.0541354
2.58467 0.0534907
2.59878 0.0528539
2.61289 0.0522249
2.62701 0.0516035
2.64112 0.0509898
2.65523 0.0503835
2.66934 0.0497847
2.68345 0.0491932
2.69757 0.0486088
2.71168 0.0480317
2.72579 0.0474615
2.7399 0.0468983
2.75402 0.046342
2.76813 0.0457925
2.78224 0.0452496
2.79635 0.0447134
2.81046 0.0441837
2.82458 0.0436604
2.83869 0.0431436
2.8528 0.042633
2.86691 0.0421286
2.88103 0.0416303
2.89514 0.0411381
2.90925 0.0406519
2.92336 0.0401716
2.93747 0.0396972
2.95159 0.0392284
2.9657 0.0387654
2.97981 0.038308
2.99392 0.0378562
3.00804 0.0374098
3.02215 0.0369688
3.03626 0.0365332
3.05037 0.0361029
3.06448 0.0356777
3.0786 0.0352577
3.09271 0.0348428
3.10682 0.0344329
3.12093 0.034028
3.13504 0.033628
3.14916 0.0332328
3.16327 0.0328423
3.17738 0.0324566
3.19149 0.0320755
3.20561 0.0316991
3.21972 0.0313271
3.23383 0.0309597
3.24794 0.0305967
3.26205 0.030238
3.27617 0.0298837
3.29028 0.0295337
3.30439 0.0291878
3.3185 0.0288461
3.33262 0.0285086
3.34673 0.028175
3.36084 0.0278455
3.37495 0.02752
3.38906 0.0271983
3.40318 0.0268806
3.41729 0.0265666
3.4314 0.0262564
3.44551 0.0259499
3.45963 0.0256471
3.47374 0.0253479
3.48785 0.0250523
3.50196 0.0247602
3.51607 0.0244717
3.53019 0.0241866
3.5443 0.0239048
3.55841 0.0236265
3.57252 0.0233515
3.58663 0.0230798
3.60075 0.0228113
3.61486 0.022546
3.62897 0.0222839
3.64308 0.0220249
3.6572 0.021769
3.67131 0.0215161
3.68542 0.0212663
3.69953 0.0210194
3.71364 0.0207755
3.72776 0.0205345
3.74187 0.0202963
3.75598 0.020061
3.77009 0.0198285
3.78421 0.0195987
3.79832 0.0193717
3.81243 0.0191473
3.82654 0.0189257
3.84065 0.0187066
3.85477 0.0184902
3.86888 0.0182763
3.88299 0.0180649
3.8971 0.0178561
3.91122 0.0176497
3.92533 0.0174458
3.93944 0.0172443
3.95355 0.0170451
3.96766 0.0168484
3.98178 0.0166539
3.99589 0.0164618
4.01 0.0162719
4.02411 0.0160843
4.03822 0.0158988
4.05234 0.0157156
4.06645 0.0155345
4.08056 0.0153556
4.09467 0.0151788
4.10879 0.015004
4.1229 0.0148313
4.13701 0.0146607
4.15112 0.014492
4.16523 0.0143254
4.17935 0.0141607
4.19346 0.0139979
4.20757 0.0138371
4.22168 0.0136781
4.2358 0.013521
4.24991 0.0133658
4.26402 0.0132124
4.27813 0.0130608
4.29224 0.0129109
4.30636 0.0127628
4.32047 0.0126165
4.33458 0.0124719
4.34869 0.0123289
4.36281 0.0121877
4.37692 0.0120481
4.39103 0.0119101
4.40514 0.0117737
4.41925 0.011639
4.43337 0.0115058
4.44748 0.0113741
4.46159 0.011244
4.4757 0.0111155
4.48981 0.0109884
4.50393 0.0108628
4.51804 0.0107387
4.53215 0.010616
4.54626 0.0104948
4.56038 0.0103749
4.57449 0.0102565
4.5886 0.0101395
4.60271 0.0100238
4.61682 0.00990944
4.63094 0.00979643
4.64505 0.00968474
4.65916 0.00957434
4.67327 0.00946523
4.68739 0.00935739
4.7015 0.0092508
4.71561 0.00914546
4.72972 0.00904133
4.74383 0.00893842
4.75795 0.0088367
4.77206 0.00873616
4.78617 0.00863679
4.80028 0.00853857
4.8144 0.00844148
4.82851 0.00834553
4.84262 0.00825069
4.85673 0.00815694
4.87084 0.00806428
4.88496 0.0079727
4.89907 0.00788218
4.91318 0.0077927
4.92729 0.00770426
4.9414 0.00761684
4.95552 0.00753043
4.96963 0.00744502
4.98374 0.0073606
4.99785 0.00727715
5.01197 0.00719467
5.02608 0.00711314
5.04019 0.00703255
5.0543 0.00695289
5.06841 0.00687416
5.08253 0.00679632
5.09664 0.00671939
5.11075 0.00664334
5.12486 0.00656817
5.13898 0.00649387
5.15309 0.00642042
5.1672 0.00634782
5.18131 0.00627605
5.19542 0.00620511
5.20954 0.00613499
5.22365 0.00606567
5.23776 0.00599715
5.25187 0.00592942
5.26599 0.00586247
5.2801 0.00579628
5.29421 0.00573086
5.30832 0.00566618
5.32243 0.00560225
5.33655 0.00553906
5.35066 0.00547659
5.36477 0.00541483
5.37888 0.00535379
5.39299 0.00529344
5.40711 0.00523379
5.42122 0.00517482
5.43533 0.00511653
5.44944 0.0050589
5.46356 0.00500193
5.47767 0.00494562
5.49178 0.00488995
5.50589 0.00483492
5.52 0.00478052
5.53412 0.00472674
5.54823 0.00467357
5.56234 0.00462101
5.57645 0.00456906
5.59057 0.0045177
5.60468 0.00446692
5.61879 0.00441672
5.6329 0.0043671
5.64701 0.00431805
5.66113 0.00426955
5.67524 0.00422161
5.68935 0.00417421
5.70346 0.00412736
5.71758 0.00408104
5.73169 0.00403524
5.7458 0.00398997
5.75991 0.00394522
5.77402 0.00390098
5.78814 0.00385723
5.80225 0.00381399
5.81636 0.00377124
5.83047 0.00372898
5.84458 0.0036872
5.8587 0.00364589
5.87281 0.00360505
5.88692 0.00356468
5.90103 0.00352477
5.91515 0.00348531
5.92926 0.00344629
5.94337 0.00340773
5.95748 0.0033696
5.97159 0.0033319
5.98571 0.00329463
5.99982 0.00325778
6.01393 0.00322136
6.02804 0.00318534
6.04216 0.00314974
6.05627 0.00311453
6.07038 0.00307973
6.08449 0.00304532
6.0986 0.0030113
6.11272 0.00297767
6.12683 0.00294442
6.14094 0.00291155
6.15505 0.00287904
6.16917 0.00284691
6.18328 0.00281514
6.19739 0.00278373
6.2115 0.00275267
6.22561 0.00272197
6.23973 0.00269161
6.25384 0.0026616
6.26795 0.00263193
6.28206 0.00260259
6.29617 0.00257358
6.31029 0.0025449
6.3244 0.00251655
6.33851 0.00248851
6.35262 0.00246079
6.36674 0.00243339
6.38085 0.00240629
6.39496 0.0023795
6.40907 0.00235301
6.42318 0.00232683
6.4373 0.00230093
6.45141 0.00227533
6.46552 0.00225002
6.47963 0.00222499
6.49375 0.00220025
6.50786 0.00217578
6.52197 0.00215159
6.53608 0.00212767
6.55019 0.00210402
6.56431 0.00208064
6.57842 0.00205752
6.59253 0.00203466
6.60664 0.00201206
6.62076 0.00198971
6.63487 0.00196762
6.64898 0.00194577
6.66309 0.00192417
6.6772 0.00190281
6.69132 0.00188169
6.70543 0.00186081
6.71954 0.00184016
6.73365 0.00181975
6.74776 0.00179956
6.76188 0.00177961
6.77599 0.00175987
6.7901 0.00174036
6.80421 0.00172106
6.81833 0.00170199
6.83244 0.00168312
6.84655 0.00166447
6.86066 0.00164603
6.87477 0.0016278
6.88889 0.00160976
6.903 0.00159194
6.91711 0.00157431
6.93122 0.00155688
6.94534 0.00153964
6.95945 0.0015226
6.97356 0.00150575
6.98767 0.00148908
7.00178 0.00147261
7.0159 0.00145631
7.03001 0.0014402
7.04412 0.00142428
7.05823 0.00140852
7.07235 0.00139295
7.08646 0.00137755
7.10057 0.00136232
7.11468 0.00134726
7.12879 0.00133237
7.14291 0.00131765
7.15702 0.00130309
7.17113 0.0012887
7.18524 0.00127446
7.19935 0.00126039
7.21347 0.00124647
7.22758 0.0012327
7.24169 0.00121909
7.2558 0.00120564
7.26992 0.00119233
7.28403 0.00117917
7.29814 0.00116616
7.31225 0.00115329
7.32636 0.00114057
7.34048 0.00112799
7.35459 0.00111555
7.3687 0.00110324
7.38281 0.00109108
7.39693 0.00107905
7.41104 0.00106715
7.42515 0.00105539
7.43926 0.00104376
7.45337 0.00103226
7.46749 0.00102088
7.4816 0.00100964
7.49571 0.000998515
7.50982 0.000987517
7.52394 0.000976641
7.53805 0.000965887
7.55216 0.000955252
7.56627 0.000944735
7.58038 0.000934336
7.5945 0.000924052
7.60861 0.000913882
7.62272 0.000903826
7.63683 0.000893881
7.65094 0.000884047
7.66506 0.000874322
7.67917 0.000864706
7.69328 0.000855196
7.70739 0.000845792
7.72151 0.000836492
7.73562 0.000827296
7.74973 0.000818202
7.76384 0.000809209
7.77795 0.000800315
7.79207 0.000791521
7.80618 0.000782824
7.82029 0.000774223
7.8344 0.000765718
7.84852 0.000757308
7.86263 0.00074899
7.87674 0.000740765
7.89085 0.000732632
7.90496 0.000724588
7.91908 0.000716633
7.93319 0.000708767
7.9473 0.000700988
7.96141 0.000693295
7.97553 0.000685688
7.98964 0.000678164
8.00375 0.000670725
8.01786 0.000663367
8.03197 0.000656091
8.04609 0.000648896
8.0602 0.00064178
8.07431 0.000634743
8.08842 0.000627784
8.10253 0.000620902
8.11665 0.000614096
