-2.81195 0.00134111
-2.79933 0.00137855
-2.78671 0.00141704
-2.77409 0.00145662
-2.76148 0.00149731
-2.74886 0.00153915
-2.73624 0.00158218
-2.72362 0.00162642
-2.711 0.0016719
-2.69839 0.00171867
-2.68577 0.00176677
-2.67315 0.00181622
-2.66053 0.00186707
-2.64791 0.00191936
-2.6353 0.00197312
-2.62268 0.00202841
-2.61006 0.00208526
-2.59744 0.00214372
-2.58482 0.00220384
-2.57221 0.00226566
-2.55959 0.00232923
-2.54697 0.0023946
-2.53435 0.00246182
-2.52174 0.00253095
-2.50912 0.00260204
-2.4965 0.00267515
-2.48388 0.00275033
-2.47126 0.00282764
-2.45865 0.00290715
-2.44603 0.00298892
-2.43341 0.00307301
-2.42079 0.00315948
-2.40817 0.00324842
-2.39556 0.00333988
-2.38294 0.00343394
-2.37032 0.00353068
-2.3577 0.00363017
-2.34508 0.00373249
-2.33247 0.00383772
-2.31985 0.00394595
-2.30723 0.00405725
-2.29461 0.00417173
-2.28199 0.00428947
-2.26938 0.00441056
-2.25676 0.0045351
-2.24414 0.00466319
-2.23152 0.00479493
-2.21891 0.00493043
-2.20629 0.00506979
-2.19367 0.00521313
-2.18105 0.00536055
-2.16843 0.00551218
-2.15582 0.00566814
-2.1432 0.00582855
-2.13058 0.00599354
-2.11796 0.00616323
-2.10534 0.00633778
-2.09273 0.0065173
-2.08011 0.00670196
-2.06749 0.00689189
-2.05487 0.00708724
-2.04225 0.00728818
-2.02964 0.00749486
-2.01702 0.00770744
-2.0044 0.0079261
-1.99178 0.00815101
-1.97917 0.00838235
-1.96655 0.0086203
-1.95393 0.00886505
-1.94131 0.0091168
-1.92869 0.00937574
-1.91608 0.00964209
-1.90346 0.00991605
-1.89084 0.0101978
-1.87822 0.0104877
-1.8656 0.0107858
-1.85299 0.0110925
-1.84037 0.0114079
-1.82775 0.0117323
-1.81513 0.012066
-1.80251 0.0124093
-1.7899 0.0127623
-1.77728 0.0131254
-1.76466 0.0134989
-1.75204 0.0138831
-1.73942 0.0142782
-1.72681 0.0146846
-1.71419 0.0151026
-1.70157 0.0155325
-1.68895 0.0159747
-1.67634 0.0164295
-1.66372 0.0168972
-1.6511 0.0173783
-1.63848 0.0178731
-1.62586 0.0183819
-1.61325 0.0189052
-1.60063 0.0194434
-1.58801 0.0199969
-1.57539 0.0205661
-1.56277 0.0211515
-1.55016 0.0217535
-1.53754 0.0223726
-1.52492 0.0230091
-1.5123 0.0236637
-1.49968 0.0243369
-1.48707 0.025029
-1.47445 0.0257407
-1.46183 0.0264725
-1.44921 0.0272249
-1.4366 0.0279985
-1.42398 0.0287938
-1.41136 0.0296115
-1.39874 0.0304522
-1.38612 0.0313164
-1.37351 0.0322047
-1.36089 0.033118
-1.34827 0.0340567
-1.33565 0.0350216
-1.32303 0.0360133
-1.31042 0.0370326
-1.2978 0.0380801
-1.28518 0.0391567
-1.27256 0.040263
-1.25994 0.0413998
-1.24733 0.0425678
-1.23471 0.043768
-1.22209 0.045001
-1.20947 0.0462678
-1.19685 0.047569
-1.18424 0.0489057
-1.17162 0.0502786
-1.159 0.0516887
-1.14638 0.0531367
-1.13377 0.0546237
-1.12115 0.0561505
-1.10853 0.0577181
-1.09591 0.0593273
-1.08329 0.0609793
-1.07068 0.0626748
-1.05806 0.064415
-1.04544 0.0662006
-1.03282 0.0680329
-1.0202 0.0699127
-1.00759 0.071841
-0.994969 0.0738188
-0.982351 0.0758472
-0.969733 0.0779271
-0.957115 0.0800595
-0.944497 0.0822455
-0.931879 0.084486
-0.919261 0.0867821
-0.906643 0.0891346
-0.894025 0.0915446
-0.881407 0.094013
-0.868789 0.0965407
-0.856172 0.0991287
-0.843554 0.101778
-0.830936 0.104489
-0.818318 0.107263
-0.8057 0.110101
-0.793082 0.113003
-0.780464 0.11597
-0.767846 0.119003
-0.755228 0.122102
-0.74261 0.125268
-0.729993 0.128502
-0.717375 0.131804
-0.704757 0.135174
-0.692139 0.138612
-0.679521 0.142119
-0.666903 0.145696
-0.654285 0.149341
-0.641667 0.153054
-0.629049 0.156837
-0.616431 0.160688
-0.603813 0.164606
-0.591196 0.168592
-0.578578 0.172645
-0.56596 0.176763
-0.553342 0.180946
-0.540724 0.185193
-0.528106 0.189502
-0.515488 0.193871
-0.50287 0.198301
-0.490252 0.202787
-0.477634 0.207328
-0.465017 0.211923
-0.452399 0.216569
-0.439781 0.221262
-0.427163 0.226001
-0.414545 0.230782
-0.401927 0.235602
-0.389309 0.240457
-0.376691 0.245344
-0.364073 0.25026
-0.351455 0.255199
-0.338837 0.260157
-0.32622 0.265131
-0.313602 0.270116
-0.300984 0.275106
-0.288366 0.280096
-0.275748 0.285082
-0.26313 0.290057
-0.250512 0.295017
-0.237894 0.299956
-0.225276 0.304868
-0.212658 0.309746
-0.200041 0.314586
-0.187423 0.319381
-0.174805 0.324124
-0.162187 0.328811
-0.149569 0.333434
-0.136951 0.337987
-0.124333 0.342466
-0.111715 0.346862
-0.0990973 0.351171
-0.0864794 0.355387
-0.0738615 0.359504
-0.0612436 0.363517
-0.0486256 0.36742
-0.0360077 0.371208
-0.0233898 0.374876
-0.0107719 0.378419
0.00184597 0.381834
0.0144639 0.385116
0.0270818 0.38826
0.0396997 0.391265
0.0523176 0.394125
0.0649355 0.396839
0.0775534 0.399404
0.0901713 0.401818
0.102789 0.404079
0.115407 0.406184
0.128025 0.408134
0.140643 0.409928
0.153261 0.411564
0.165879 0.413043
0.178497 0.414366
0.191115 0.415531
0.203732 0.416541
0.21635 0.417397
0.228968 0.418099
0.241586 0.41865
0.254204 0.419052
0.266822 0.419306
0.27944 0.419416
0.292058 0.419384
0.304676 0.419213
0.317294 0.418905
0.329911 0.418465
0.342529 0.417894
0.355147 0.417198
0.367765 0.416379
0.380383 0.415441
0.393001 0.414388
0.405619 0.413224
0.418237 0.411952
0.430855 0.410576
0.443473 0.409101
0.456091 0.40753
0.468708 0.405867
0.481326 0.404117
0.493944 0.402282
0.506562 0.400368
0.51918 0.398377
0.531798 0.396314
0.544416 0.394181
0.557034 0.391984
0.569652 0.389726
0.58227 0.387409
0.594887 0.385038
0.607505 0.382616
0.620123 0.380145
0.632741 0.377631
0.645359 0.375074
0.657977 0.372479
0.670595 0.369849
0.683213 0.367186
0.695831 0.364493
0.708449 0.361772
0.721067 0.359026
0.733684 0.356259
0.746302 0.353471
0.75892 0.350665
0.771538 0.347845
0.784156 0.34501
0.796774 0.342164
0.809392 0.339309
0.82201 0.336447
0.834628 0.333578
0.847246 0.330705
0.859863 0.32783
0.872481 0.324954
0.885099 0.322078
0.897717 0.319204
0.910335 0.316334
0.922953 0.313467
0.935571 0.310607
0.948189 0.307753
0.960807 0.304907
0.973425 0.30207
0.986043 0.299242
0.99866 0.296426
1.01128 0.293621
1.0239 0.290828
1.03651 0.288048
1.04913 0.285282
1.06175 0.282531
1.07437 0.279794
1.08699 0.277073
1.0996 0.274369
1.11222 0.271681
1.12484 0.26901
1.13746 0.266357
1.15008 0.263721
1.16269 0.261104
1.17531 0.258506
1.18793 0.255926
1.20055 0.253366
1.21316 0.250825
1.22578 0.248304
1.2384 0.245803
1.25102 0.243322
1.26364 0.240861
1.27625 0.238421
1.28887 0.236001
1.30149 0.233602
1.31411 0.231223
1.32673 0.228866
1.33934 0.226529
1.35196 0.224213
1.36458 0.221918
1.3772 0.219644
1.38982 0.217391
1.40243 0.215158
1.41505 0.212947
1.42767 0.210756
1.44029 0.208587
1.45291 0.206438
1.46552 0.20431
1.47814 0.202202
1.49076 0.200115
1.50338 0.198049
1.51599 0.196003
1.52861 0.193977
1.54123 0.191972
1.55385 0.189986
1.56647 0.188021
1.57908 0.186075
1.5917 0.18415
1.60432 0.182243
1.61694 0.180357
1.62956 0.17849
1.64217 0.176642
1.65479 0.174813
1.66741 0.173003
1.68003 0.171212
1.69265 0.169439
1.70526 0.167686
1.71788 0.16595
1.7305 0.164233
1.74312 0.162534
1.75573 0.160853
1.76835 0.159189
1.78097 0.157543
1.79359 0.155915
1.80621 0.154304
1.81882 0.15271
1.83144 0.151133
1.84406 0.149573
1.85668 0.14803
1.8693 0.146503
1.88191 0.144992
1.89453 0.143498
1.90715 0.14202
1.91977 0.140557
1.93239 0.139111
1.945 0.13768
1.95762 0.136264
1.97024 0.134864
1.98286 0.133478
1.99547 0.132108
2.00809 0.130752
2.02071 0.129411
2.03333 0.128085
2.04595 0.126773
2.05856 0.125475
2.07118 0.124191
2.0838 0.122921
2.09642 0.121665
2.10904 0.120423
2.12165 0.119193
2.13427 0.117978
2.14689 0.116775
2.15951 0.115585
2.17213 0.114408
2.18474 0.113244
2.19736 0.112093
2.20998 0.110954
2.2226 0.109827
2.23522 0.108713
2.24783 0.10761
2.26045 0.10652
2.27307 0.105441
2.28569 0.104374
2.2983 0.103318
2.31092 0.102274
2.32354 0.101241
2.33616 0.10022
2.34878 0.099209
2.36139 0.0982092
2.37401 0.0972202
2.38663 0.0962418
2.39925 0.095274
2.41187 0.0943166
2.42448 0.0933695
2.4371 0.0924326
2.44972 0.0915058
2.46234 0.0905889
2.47496 0.0896818
2.48757 0.0887845
2.50019 0.0878968
2.51281 0.0870187
2.52543 0.0861499
2.53804 0.0852905
2.55066 0.0844402
2.56328 0.083599
2.5759 0.0827668
2.58852 0.0819435
2.60113 0.081129
2.61375 0.0803232
2.62637 0.079526
2.63899 0.0787372
2.65161 0.0779569
2.66422 0.0771848
2.67684 0.076421
2.68946 0.0756652
2.70208 0.0749175
2.7147 0.0741778
2.72731 0.0734458
2.73993 0.0727216
2.75255 0.0720051
2.76517 0.0712962
2.77779 0.0705947
2.7904 0.0699007
2.80302 0.0692139
2.81564 0.0685344
2.82826 0.0678621
2.84087 0.0671969
2.85349 0.0665386
2.86611 0.0658873
2.87873 0.0652428
2.89135 0.0646051
2.90396 0.063974
2.91658 0.0633496
2.9292 0.0627317
2.94182 0.0621203
2.95444 0.0615152
2.96705 0.0609165
2.97967 0.0603241
2.99229 0.0597378
3.00491 0.0591576
3.01753 0.0585835
3.03014 0.0580153
3.04276 0.057453
3.05538 0.0568966
3.068 0.056346
3.08061 0.055801
3.09323 0.0552617
3.10585 0.054728
3.11847 0.0541998
3.13109 0.0536771
3.1437 0.0531598
3.15632 0.0526478
3.16894 0.0521411
3.18156 0.0516396
3.19418 0.0511433
3.20679 0.0506521
3.21941 0.0501659
3.23203 0.0496847
3.24465 0.0492085
3.25727 0.0487371
3.26988 0.0482706
3.2825 0.0478088
3.29512 0.0473518
3.30774 0.0468994
3.32035 0.0464517
3.33297 0.0460085
3.34559 0.0455699
3.35821 0.0451357
3.37083 0.0447059
3.38344 0.0442805
3.39606 0.0438594
3.40868 0.0434426
3.4213 0.0430301
3.43392 0.0426217
3.44653 0.0422174
3.45915 0.0418173
3.47177 0.0414212
3.48439 0.0410291
3.49701 0.0406409
3.50962 0.0402567
3.52224 0.0398763
3.53486 0.0394998
3.54748 0.0391271
3.5601 0.0387581
3.57271 0.0383928
3.58533 0.0380312
3.59795 0.0376732
3.61057 0.0373188
3.62318 0.036968
3.6358 0.0366206
3.64842 0.0362768
3.66104 0.0359363
3.67366 0.0355993
3.68627 0.0352657
3.69889 0.0349353
3.71151 0.0346083
3.72413 0.0342845
3.73675 0.033964
3.74936 0.0336466
3.76198 0.0333324
3.7746 0.0330213
3.78722 0.0327133
3.79984 0.0324083
3.81245 0.0321063
3.82507 0.0318074
3.83769 0.0315114
3.85031 0.0312183
3.86292 0.0309281
3.87554 0.0306408
3.88816 0.0303564
3.90078 0.0300747
3.9134 0.0297958
3.92601 0.0295196
3.93863 0.0292462
3.95125 0.0289754
3.96387 0.0287073
3.97649 0.0284418
3.9891 0.028179
4.00172 0.0279187
4.01434 0.0276609
4.02696 0.0274057
4.03958 0.027153
4.05219 0.0269027
4.06481 0.0266549
4.07743 0.0264095
4.09005 0.0261665
4.10267 0.0259258
4.11528 0.0256875
4.1279 0.0254515
4.14052 0.0252179
4.15314 0.0249864
4.16575 0.0247573
4.17837 0.0245303
4.19099 0.0243056
4.20361 0.024083
4.21623 0.0238626
4.22884 0.0236443
4.24146 0.0234281
4.25408 0.023214
4.2667 0.023002
4.27932 0.022792
4.29193 0.0225841
4.30455 0.0223781
4.31717 0.0221741
4.32979 0.0219721
4.34241 0.0217721
4.35502 0.0215739
4.36764 0.0213777
4.38026 0.0211833
4.39288 0.0209908
4.40549 0.0208002
4.41811 0.0206114
4.43073 0.0204244
4.44335 0.0202391
4.45597 0.0200557
4.46858 0.019874
4.4812 0.019694
4.49382 0.0195157
4.50644 0.0193392
4.51906 0.0191643
4.53167 0.0189911
4.54429 0.0188196
4.55691 0.0186496
4.56953 0.0184813
4.58215 0.0183146
4.59476 0.0181495
4.60738 0.0179859
4.62 0.0178239
4.63262 0.0176634
4.64523 0.0175044
4.65785 0.017347
4.67047 0.017191
4.68309 0.0170365
4.69571 0.0168835
4.70832 0.0167319
4.72094 0.0165817
4.73356 0.016433
4.74618 0.0162857
4.7588 0.0161397
4.77141 0.0159951
4.78403 0.0158519
4.79665 0.01571
4.80927 0.0155695
4.82189 0.0154303
4.8345 0.0152923
4.84712 0.0151557
4.85974 0.0150204
4.87236 0.0148863
4.88498 0.0147535
4.89759 0.0146219
4.91021 0.0144916
4.92283 0.0143624
4.93545 0.0142345
4.94806 0.0141078
4.96068 0.0139822
4.9733 0.0138578
4.98592 0.0137346
4.99854 0.0136126
5.01115 0.0134916
5.02377 0.0133718
5.03639 0.0132531
5.04901 0.0131355
5.06163 0.013019
5.07424 0.0129036
5.08686 0.0127893
5.09948 0.012676
5.1121 0.0125637
5.12472 0.0124525
5.13733 0.0123424
5.14995 0.0122332
5.16257 0.0121251
5.17519 0.012018
5.1878 0.0119118
5.20042 0.0118066
5.21304 0.0117024
5.22566 0.0115992
5.23828 0.0114969
5.25089 0.0113956
5.26351 0.0112951
5.27613 0.0111957
5.28875 0.0110971
5.30137 0.0109994
5.31398 0.0109027
5.3266 0.0108068
5.33922 0.0107118
5.35184 0.0106176
5.36446 0.0105244
5.37707 0.010432
5.38969 0.0103404
5.40231 0.0102497
5.41493 0.0101598
5.42755 0.0100707
5.44016 0.00998246
5.45278 0.00989501
5.4654 0.00980836
5.47802 0.0097225
5.49063 0.00963742
5.50325 0.00955312
5.51587 0.00946958
5.52849 0.00938681
5.54111 0.00930479
5.55372 0.00922352
5.56634 0.00914299
5.57896 0.00906319
5.59158 0.00898411
5.6042 0.00890576
5.61681 0.00882811
5.62943 0.00875117
5.64205 0.00867493
5.65467 0.00859938
5.66729 0.00852451
5.6799 0.00845032
5.69252 0.00837681
5.70514 0.00830396
5.71776 0.00823177
5.73037 0.00816023
5.74299 0.00808933
5.75561 0.00801908
5.76823 0.00794946
5.78085 0.00788048
5.79346 0.00781211
5.80608 0.00774436
5.8187 0.00767722
5.83132 0.00761069
5.84394 0.00754475
5.85655 0.00747941
5.86917 0.00741465
5.88179 0.00735048
5.89441 0.00728689
5.90703 0.00722386
5.91964 0.00716141
5.93226 0.00709951
5.94488 0.00703817
5.9575 0.00697738
5.97011 0.00691713
5.98273 0.00685743
5.99535 0.00679826
6.00797 0.00673962
6.02059 0.0066815
6.0332 0.0066239
6.04582 0.00656682
6.05844 0.00651025
6.07106 0.00645419
6.08368 0.00639862
6.09629 0.00634355
6.10891 0.00628898
6.12153 0.00623489
6.13415 0.00618128
6.14677 0.00612815
6.15938 0.00607549
6.172 0.0060233
6.18462 0.00597158
6.19724 0.00592032
6.20986 0.00586951
6.22247 0.00581915
6.23509 0.00576924
6.24771 0.00571978
6.26033 0.00567075
6.27294 0.00562216
6.28556 0.00557401
6.29818 0.00552627
6.3108 0.00547897
6.32342 0.00543208
6.33603 0.0053856
6.34865 0.00533954
6.36127 0.00529388
6.37389 0.00524863
6.38651 0.00520378
6.39912 0.00515933
6.41174 0.00511527
6.42436 0.0050716
6.43698 0.00502831
6.4496 0.00498541
6.46221 0.00494288
6.47483 0.00490073
6.48745 0.00485895
6.50007 0.00481754
6.51268 0.0047765
6.5253 0.00473581
6.53792 0.00469549
6.55054 0.00465552
6.56316 0.0046159
6.57577 0.00457663
6.58839 0.0045377
6.60101 0.00449912
6.61363 0.00446087
6.62625 0.00442296
6.63886 0.00438539
6.65148 0.00434814
6.6641 0.00431122
6.67672 0.00427463
6.68934 0.00423835
6.70195 0.00420239
6.71457 0.00416675
6.72719 0.00413142
6.73981 0.0040964
6.75243 0.00406169
6.76504 0.00402728
6.77766 0.00399317
6.79028 0.00395935
6.8029 0.00392584
6.81551 0.00389261
6.82813 0.00385968
6.84075 0.00382703
6.85337 0.00379467
6.86599 0.00376259
6.8786 0.00373079
6.89122 0.00369927
6.90384 0.00366802
6.91646 0.00363705
6.92908 0.00360634
6.94169 0.0035759
6.95431 0.00354573
6.96693 0.00351582
6.97955 0.00348617
6.99217 0.00345678
7.00478 0.00342764
7.0174 0.00339875
7.03002 0.00337012
7.04264 0.00334173
7.05525 0.00331359
7.06787 0.0032857
7.08049 0.00325805
7.09311 0.00323063
7.10573 0.00320346
7.11834 0.00317652
7.13096 0.00314981
7.14358 0.00312333
7.1562 0.00309709
7.16882 0.00307107
7.18143 0.00304527
7.19405 0.0030197
7.20667 0.00299435
7.21929 0.00296922
7.23191 0.0029443
7.24452 0.00291961
7.25714 0.00289512
7.26976 0.00287084
7.28238 0.00284678
7.29499 0.00282292
7.30761 0.00279927
7.32023 0.00277582
7.33285 0.00275258
7.34547 0.00272953
7.35808 0.00270668
7.3707 0.00268403
7.38332 0.00266158
7.39594 0.00263931
7.40856 0.00261724
7.42117 0.00259536
7.43379 0.00257367
7.44641 0.00255216
7.45903 0.00253084
7.47165 0.0025097
7.48426 0.00248874
7.49688 0.00246796
7.5095 0.00244736
7.52212 0.00242694
7.53474 0.00240669
7.54735 0.00238662
7.55997 0.00236672
7.57259 0.00234699
7.58521 0.00232742
7.59782 0.00230803
7.61044 0.0022888
7.62306 0.00226973
7.63568 0.00225083
7.6483 0.00223209
7.66091 0.00221351
7.67353 0.00219509
7.68615 0.00217683
7.69877 0.00215872
7.71139 0.00214077
7.724 0.00212297
7.73662 0.00210532
7.74924 0.00208782
7.76186 0.00207048
7.77448 0.00205328
7.78709 0.00203622
7.79971 0.00201932
7.81233 0.00200255
7.82495 0.00198593
7.83756 0.00196945
7.85018 0.00195311
7.8628 0.00193691
7.87542 0.00192085
7.88804 0.00190492
7.90065 0.00188913
7.91327 0.00187348
7.92589 0.00185795
7.93851 0.00184256
7.95113 0.0018273
7.96374 0.00181217
7.97636 0.00179717
7.98898 0.00178229
8.0016 0.00176755
8.01422 0.00175292
8.02683 0.00173842
8.03945 0.00172405
8.05207 0.00170979
8.06469 0.00169566
8.07731 0.00168164
8.08992 0.00166775
8.10254 0.00165397
8.11516 0.00164031
8.12778 0.00162676
8.14039 0.00161333
8.15301 0.00160001
8.16563 0.00158681
8.17825 0.00157372
8.19087 0.00156073
8.20348 0.00154786
8.2161 0.0015351
8.22872 0.00152244
8.24134 0.00150989
8.25396 0.00149745
8.26657 0.00148511
8.27919 0.00147287
8.29181 0.00146074
8.30443 0.00144871
8.31705 0.00143679
8.32966 0.00142496
8.34228 0.00141323
8.3549 0.0014016
8.36752 0.00139007
8.38013 0.00137864
8.39275 0.0013673
8.40537 0.00135606
8.41799 0.00134491
8.43061 0.00133386
8.44322 0.0013229
8.45584 0.00131203
8.46846 0.00130125
8.48108 0.00129057
8.4937 0.00127997
8.50631 0.00126946
8.51893 0.00125904
8.53155 0.00124871
8.54417 0.00123847
8.55679 0.00122831
8.5694 0.00121823
8.58202 0.00120824
8.59464 0.00119834
8.60726 0.00118851
8.61987 0.00117877
8.63249 0.00116911
8.64511 0.00115954
8.65773 0.00115004
8.67035 0.00114062
8.68296 0.00113128
8.69558 0.00112202
8.7082 0.00111284
8.72082 0.00110373
8.73344 0.0010947
8.74605 0.00108574
8.75867 0.00107686
8.77129 0.00106806
8.78391 0.00105933
8.79653 0.00105067
8.80914 0.00104208
8.82176 0.00103356
8.83438 0.00102512
8.847 0.00101675
8.85962 0.00100844
8.87223 0.00100021
8.88485 0.000992041
8.89747 0.000983943
8.91009 0.000975912
8.9227 0.000967949
8.93532 0.000960052
8.94794 0.00095222
8.96056 0.000944454
8.97318 0.000936753
8.98579 0.000929115
8.99841 0.000921542
9.01103 0.000914031
9.02365 0.000906583
9.03627 0.000899197
9.04888 0.000891872
9.0615 0.000884608
9.07412 0.000877405
9.08674 0.000870261
9.09936 0.000863177
9.11197 0.000856151
9.12459 0.000849184
9.13721 0.000842275
9.14983 0.000835423
9.16244 0.000828628
9.17506 0.00082189
9.18768 0.000815207
9.2003 0.00080858
9.21292 0.000802008
9.22553 0.00079549
9.23815 0.000789027
9.25077 0.000782617
9.26339 0.00077626
9.27601 0.000769955
9.28862 0.000763703
9.30124 0.000757503
9.31386 0.000751354
9.32648 0.000745256
9.3391 0.000739208
9.35171 0.000733211
9.36433 0.000727263
9.37695 0.000721364
9.38957 0.000715515
9.40219 0.000709713
9.4148 0.000703959
9.42742 0.000698253
9.44004 0.000692595
9.45266 0.000686982
9.46527 0.000681417
9.47789 0.000675897
9.49051 0.000670423
9.50313 0.000664994
9.51575 0.00065961
9.52836 0.00065427
9.54098 0.000648974
9.5536 0.000643722
9.56622 0.000638514
9.57884 0.000633348
9.59145 0.000628225
9.60407 0.000623144
9.61669 0.000618105
9.62931 0.000613107
9.64193 0.000608151
9.65454 0.000603235
9.66716 0.00059836
9.67978 0.000593525
9.6924 0.00058873
9.70501 0.000583974
9.71763 0.000579258
9.73025 0.00057458
9.74287 0.000569941
9.75549 0.00056534
9.7681 0.000560777
9.78072 0.000556251
9.79334 0.000551762
