1.3346 0.00373115
1.87825 0.00638918
2.42189 0.00881633
2.96554 0.0107961
3.50919 0.0123251
4.05284 0.0134709
4.59649 0.0143112
5.14013 0.0149145
5.68378 0.0153355
6.22743 0.0156166
6.77108 0.0157903
7.31472 0.0158813
7.85837 0.0159083
8.40202 0.0158858
8.94567 0.015825
9.48932 0.0157344
10.033 0.0156208
10.5766 0.0154895
11.1203 0.0153446
11.6639 0.0151894
12.2076 0.0150266
12.7512 0.0148582
13.2949 0.0146859
13.8385 0.014511
14.3821 0.0143347
14.9258 0.0141578
15.4694 0.013981
16.0131 0.0138048
16.5567 0.0136297
17.1004 0.0134561
17.644 0.0132843
18.1877 0.0131144
18.7313 0.0129466
19.275 0.0127811
19.8186 0.012618
20.3623 0.0124574
20.9059 0.0122992
21.4496 0.0121435
21.9932 0.0119904
22.5369 0.0118399
23.0805 0.0116918
23.6242 0.0115463
24.1678 0.0114033
24.7115 0.0112627
25.2551 0.0111246
25.7988 0.0109889
26.3424 0.0108555
26.886 0.0107245
27.4297 0.0105957
27.9733 0.0104691
28.517 0.0103448
29.0606 0.0102226
29.6043 0.0101025
30.1479 0.00998444
30.6916 0.0098684
31.2352 0.00975433
31.7789 0.00964219
32.3225 0.00953193
32.8662 0.00942351
33.4098 0.00931689
33.9535 0.00921203
34.4971 0.00910889
35.0408 0.00900743
35.5844 0.00890762
36.1281 0.00880941
36.6717 0.00871278
37.2154 0.00861768
37.759 0.00852408
38.3027 0.00843195
38.8463 0.00834125
39.3899 0.00825196
39.9336 0.00816404
40.4772 0.00807747
41.0209 0.00799221
41.5645 0.00790824
42.1082 0.00782552
42.6518 0.00774404
43.1955 0.00766375
43.7391 0.00758465
44.2828 0.00750671
44.8264 0.00742989
45.3701 0.00735418
45.9137 0.00727956
46.4574 0.007206
47.001 0.00713347
47.5447 0.00706197
48.0883 0.00699146
48.632 0.00692194
49.1756 0.00685337
49.7193 0.00678574
50.2629 0.00671904
50.8065 0.00665324
51.3502 0.00658832
51.8938 0.00652427
52.4375 0.00646108
52.9811 0.00639872
53.5248 0.00633719
54.0684 0.00627646
54.6121 0.00621652
55.1557 0.00615735
55.6994 0.00609895
56.243 0.00604129
56.7867 0.00598437
57.3303 0.00592817
57.874 0.00587268
58.4176 0.00581788
58.9613 0.00576377
59.5049 0.00571032
60.0486 0.00565754
60.5922 0.0056054
61.1359 0.0055539
61.6795 0.00550303
62.2232 0.00545277
62.7668 0.00540312
63.3104 0.00535406
63.8541 0.00530559
64.3977 0.00525769
64.9414 0.00521036
65.485 0.00516358
66.0287 0.00511735
66.5723 0.00507166
67.116 0.0050265
67.6596 0.00498186
68.2033 0.00493773
68.7469 0.00489411
69.2906 0.00485099
69.8342 0.00480835
70.3779 0.00476619
70.9215 0.00472451
71.4652 0.0046833
72.0088 0.00464255
72.5525 0.00460225
73.0961 0.00456239
73.6398 0.00452297
74.1834 0.00448399
74.7271 0.00444543
75.2707 0.00440729
75.8143 0.00436957
76.358 0.00433225
76.9016 0.00429534
77.4453 0.00425882
77.9889 0.00422269
78.5326 0.00418694
79.0762 0.00415158
79.6199 0.00411658
80.1635 0.00408196
80.7072 0.0040477
81.2508 0.0040138
81.7945 0.00398025
82.3381 0.00394705
82.8818 0.00391419
83.4254 0.00388167
83.9691 0.00384948
84.5127 0.00381763
85.0564 0.0037861
85.6 0.00375489
86.1437 0.00372399
86.6873 0.00369341
87.231 0.00366314
87.7746 0.00363317
88.3182 0.0036035
88.8619 0.00357413
89.4055 0.00354505
89.9492 0.00351626
90.4928 0.00348775
91.0365 0.00345952
91.5801 0.00343157
92.1238 0.0034039
92.6674 0.00337649
93.2111 0.00334935
93.7547 0.00332248
94.2984 0.00329586
94.842 0.00326951
95.3857 0.0032434
95.9293 0.00321755
96.473 0.00319194
97.0166 0.00316658
97.5603 0.00314146
98.1039 0.00311658
98.6476 0.00309194
99.1912 0.00306753
99.7349 0.00304335
100.279 0.00301939
100.822 0.00299566
101.366 0.00297215
101.909 0.00294887
102.453 0.00292579
102.997 0.00290294
103.54 0.00288029
104.084 0.00285785
104.628 0.00283562
105.171 0.0028136
105.715 0.00279177
106.259 0.00277015
106.802 0.00274872
107.346 0.00272749
107.89 0.00270645
108.433 0.0026856
108.977 0.00266494
109.521 0.00264447
110.064 0.00262418
110.608 0.00260407
111.151 0.00258414
111.695 0.00256439
112.239 0.00254482
112.782 0.00252542
113.326 0.0025062
113.87 0.00248714
114.413 0.00246825
114.957 0.00244953
115.501 0.00243098
116.044 0.00241258
116.588 0.00239435
117.132 0.00237628
117.675 0.00235837
118.219 0.00234061
118.763 0.002323
119.306 0.00230555
119.85 0.00228825
120.393 0.0022711
120.937 0.0022541
121.481 0.00223725
122.024 0.00222054
122.568 0.00220397
123.112 0.00218755
123.655 0.00217126
124.199 0.00215512
124.743 0.00213911
125.286 0.00212324
125.83 0.0021075
126.374 0.0020919
126.917 0.00207642
127.461 0.00206108
128.005 0.00204587
128.548 0.00203079
129.092 0.00201583
129.635 0.002001
130.179 0.00198629
130.723 0.00197171
131.266 0.00195724
131.81 0.0019429
132.354 0.00192868
132.897 0.00191457
133.441 0.00190058
133.985 0.00188671
134.528 0.00187295
135.072 0.00185931
135.616 0.00184578
136.159 0.00183236
136.703 0.00181905
137.247 0.00180584
137.79 0.00179275
138.334 0.00177976
138.877 0.00176688
139.421 0.00175411
139.965 0.00174143
140.508 0.00172887
141.052 0.0017164
141.596 0.00170403
142.139 0.00169177
142.683 0.0016796
143.227 0.00166753
143.77 0.00165556
144.314 0.00164368
144.858 0.0016319
145.401 0.00162021
145.945 0.00160862
146.489 0.00159712
147.032 0.00158571
147.576 0.0015744
148.12 0.00156317
148.663 0.00155203
149.207 0.00154098
149.75 0.00153002
150.294 0.00151914
150.838 0.00150835
151.381 0.00149765
151.925 0.00148703
152.469 0.00147649
153.012 0.00146604
153.556 0.00145567
154.1 0.00144538
154.643 0.00143517
155.187 0.00142504
155.731 0.00141499
156.274 0.00140502
156.818 0.00139513
157.362 0.00138531
157.905 0.00137557
158.449 0.0013659
158.992 0.00135631
159.536 0.0013468
160.08 0.00133736
160.623 0.00132799
161.167 0.00131869
161.711 0.00130947
162.254 0.00130031
162.798 0.00129123
163.342 0.00128222
163.885 0.00127327
164.429 0.00126439
164.973 0.00125559
165.516 0.00124685
166.06 0.00123817
166.604 0.00122957
167.147 0.00122102
167.691 0.00121255
168.234 0.00120413
168.778 0.00119579
169.322 0.0011875
169.865 0.00117928
170.409 0.00117112
170.953 0.00116302
171.496 0.00115498
172.04 0.00114701
172.584 0.00113909
173.127 0.00113123
173.671 0.00112344
174.215 0.0011157
174.758 0.00110802
175.302 0.0011004
175.846 0.00109283
176.389 0.00108532
176.933 0.00107787
177.476 0.00107047
178.02 0.00106313
178.564 0.00105584
179.107 0.00104861
179.651 0.00104143
180.195 0.0010343
180.738 0.00102723
181.282 0.00102021
181.826 0.00101324
182.369 0.00100633
182.913 0.000999462
183.457 0.000992647
184 0.000985883
184.544 0.000979169
185.088 0.000972505
185.631 0.000965889
186.175 0.000959322
186.719 0.000952804
187.262 0.000946333
187.806 0.000939911
188.349 0.000933535
188.893 0.000927206
189.437 0.000920923
189.98 0.000914686
190.524 0.000908495
191.068 0.000902349
191.611 0.000896248
192.155 0.000890191
192.699 0.000884179
193.242 0.00087821
193.786 0.000872285
194.33 0.000866403
194.873 0.000860563
195.417 0.000854766
195.961 0.000849011
196.504 0.000843298
197.048 0.000837626
197.591 0.000831995
198.135 0.000826404
198.679 0.000820854
199.222 0.000815344
199.766 0.000809874
200.31 0.000804444
200.853 0.000799052
201.397 0.000793699
201.941 0.000788385
202.484 0.000783108
203.028 0.00077787
203.572 0.000772669
204.115 0.000767506
204.659 0.000762379
205.203 0.000757289
205.746 0.000752236
206.29 0.000747218
206.833 0.000742237
207.377 0.000737291
207.921 0.00073238
208.464 0.000727504
209.008 0.000722663
209.552 0.000717856
210.095 0.000713084
210.639 0.000708345
211.183 0.00070364
211.726 0.000698968
212.27 0.00069433
212.814 0.000689724
213.357 0.000685151
213.901 0.00068061
214.445 0.000676102
214.988 0.000671625
215.532 0.00066718
216.075 0.000662766
216.619 0.000658383
217.163 0.000654031
217.706 0.00064971
218.25 0.000645419
218.794 0.000641158
219.337 0.000636928
219.881 0.000632727
220.425 0.000628555
220.968 0.000624413
221.512 0.000620299
222.056 0.000616215
222.599 0.000612159
223.143 0.000608131
223.687 0.000604132
224.23 0.00060016
224.774 0.000596217
225.317 0.0005923
225.861 0.000588411
226.405 0.00058455
226.948 0.000580715
227.492 0.000576906
228.036 0.000573124
228.579 0.000569369
229.123 0.000565639
229.667 0.000561936
230.21 0.000558258
230.754 0.000554606
231.298 0.000550978
231.841 0.000547376
232.385 0.000543799
232.929 0.000540247
233.472 0.000536719
234.016 0.000533216
234.56 0.000529737
235.103 0.000526282
235.647 0.00052285
236.19 0.000519442
236.734 0.000516058
237.278 0.000512697
237.821 0.000509359
238.365 0.000506045
238.909 0.000502752
239.452 0.000499483
239.996 0.000496236
240.54 0.000493011
241.083 0.000489808
241.627 0.000486628
242.171 0.000483469
242.714 0.000480332
243.258 0.000477216
243.802 0.000474121
244.345 0.000471048
244.889 0.000467995
245.432 0.000464964
245.976 0.000461953
246.52 0.000458963
247.063 0.000455993
247.607 0.000453043
248.151 0.000450114
248.694 0.000447204
249.238 0.000444314
249.782 0.000441444
250.325 0.000438593
250.869 0.000435762
251.413 0.00043295
251.956 0.000430157
252.5 0.000427382
253.044 0.000424627
253.587 0.00042189
254.131 0.000419172
254.674 0.000416473
255.218 0.000413791
255.762 0.000411128
256.305 0.000408483
256.849 0.000405855
257.393 0.000403245
257.936 0.000400653
258.48 0.000398079
259.024 0.000395521
259.567 0.000392981
260.111 0.000390458
260.655 0.000387952
261.198 0.000385463
261.742 0.000382991
262.286 0.000380535
262.829 0.000378096
263.373 0.000375673
263.916 0.000373267
264.46 0.000370876
265.004 0.000368502
265.547 0.000366144
266.091 0.000363801
266.635 0.000361474
267.178 0.000359163
267.722 0.000356867
268.266 0.000354586
268.809 0.000352321
269.353 0.000350071
269.897 0.000347835
270.44 0.000345615
270.984 0.00034341
271.528 0.000341219
272.071 0.000339043
272.615 0.000336882
273.159 0.000334734
273.702 0.000332602
274.246 0.000330483
274.789 0.000328378
275.333 0.000326288
275.877 0.000324211
276.42 0.000322148
276.964 0.000320099
277.508 0.000318064
278.051 0.000316041
278.595 0.000314033
279.139 0.000312038
279.682 0.000310055
280.226 0.000308087
280.77 0.000306131
281.313 0.000304188
281.857 0.000302258
282.401 0.00030034
282.944 0.000298436
283.488 0.000296544
284.031 0.000294664
284.575 0.000292797
285.119 0.000290942
285.662 0.0002891
286.206 0.000287269
286.75 0.000285451
287.293 0.000283644
287.837 0.00028185
288.381 0.000280067
288.924 0.000278296
289.468 0.000276537
290.012 0.00027479
290.555 0.000273053
291.099 0.000271329
291.643 0.000269615
292.186 0.000267913
292.73 0.000266222
293.273 0.000264542
293.817 0.000262873
294.361 0.000261216
294.904 0.000259568
295.448 0.000257932
295.992 0.000256307
296.535 0.000254692
297.079 0.000253088
297.623 0.000251494
298.166 0.00024991
298.71 0.000248337
299.254 0.000246775
299.797 0.000245222
300.341 0.00024368
300.885 0.000242148
301.428 0.000240625
301.972 0.000239113
302.515 0.00023761
303.059 0.000236118
303.603 0.000234635
304.146 0.000233161
304.69 0.000231698
305.234 0.000230244
305.777 0.000228799
306.321 0.000227364
306.865 0.000225938
307.408 0.000224521
307.952 0.000223114
308.496 0.000221715
309.039 0.000220326
309.583 0.000218946
310.127 0.000217575
310.67 0.000216212
311.214 0.000214859
311.757 0.000213514
312.301 0.000212178
312.845 0.000210851
313.388 0.000209532
313.932 0.000208222
314.476 0.00020692
315.019 0.000205627
315.563 0.000204342
316.107 0.000203065
316.65 0.000201797
317.194 0.000200537
317.738 0.000199285
318.281 0.000198041
318.825 0.000196805
319.369 0.000195577
319.912 0.000194357
320.456 0.000193145
321 0.000191941
321.543 0.000190744
322.087 0.000189555
322.63 0.000188374
323.174 0.000187201
323.718 0.000186035
324.261 0.000184876
324.805 0.000183725
325.349 0.000182582
325.892 0.000181446
326.436 0.000180317
326.98 0.000179195
327.523 0.00017808
328.067 0.000176973
328.611 0.000175873
329.154 0.00017478
329.698 0.000173694
330.242 0.000172615
330.785 0.000171542
331.329 0.000170477
331.872 0.000169419
332.416 0.000168367
332.96 0.000167322
333.503 0.000166284
334.047 0.000165252
334.591 0.000164227
335.134 0.000163209
335.678 0.000162197
336.222 0.000161191
336.765 0.000160192
337.309 0.0001592
337.853 0.000158213
338.396 0.000157233
338.94 0.00015626
339.484 0.000155292
340.027 0.000154331
340.571 0.000153375
341.114 0.000152426
341.658 0.000151483
342.202 0.000150546
342.745 0.000149615
343.289 0.00014869
343.833 0.000147771
344.376 0.000146858
344.92 0.00014595
345.464 0.000145048
346.007 0.000144152
346.551 0.000143262
347.095 0.000142377
347.638 0.000141498
348.182 0.000140625
348.726 0.000139757
349.269 0.000138894
349.813 0.000138038
350.356 0.000137186
350.9 0.00013634
351.444 0.000135499
351.987 0.000134664
352.531 0.000133834
353.075 0.000133009
353.618 0.00013219
354.162 0.000131375
354.706 0.000130566
355.249 0.000129762
355.793 0.000128963
356.337 0.000128169
356.88 0.00012738
357.424 0.000126596
357.968 0.000125818
358.511 0.000125044
359.055 0.000124275
359.599 0.00012351
360.142 0.000122751
360.686 0.000121996
361.229 0.000121247
361.773 0.000120501
362.317 0.000119761
362.86 0.000119025
363.404 0.000118294
363.948 0.000117568
364.491 0.000116846
365.035 0.000116129
365.579 0.000115416
366.122 0.000114708
366.666 0.000114004
367.21 0.000113305
367.753 0.00011261
368.297 0.000111919
368.841 0.000111233
369.384 0.000110551
369.928 0.000109873
370.471 0.0001092
371.015 0.000108531
371.559 0.000107866
372.102 0.000107205
372.646 0.000106549
373.19 0.000105896
373.733 0.000105248
374.277 0.000104603
374.821 0.000103963
375.364 0.000103327
375.908 0.000102695
376.452 0.000102067
376.995 0.000101442
377.539 0.000100822
378.083 0.000100206
378.626 9.95929e-05
379.17 9.89841e-05
379.713 9.83792e-05
380.257 9.7778e-05
380.801 9.71807e-05
381.344 9.6587e-05
381.888 9.59971e-05
382.432 9.54109e-05
382.975 9.48283e-05
383.519 9.42494e-05
384.063 9.36741e-05
384.606 9.31024e-05
385.15 9.25343e-05
385.694 9.19698e-05
386.237 9.14087e-05
386.781 9.08512e-05
387.325 9.02972e-05
387.868 8.97466e-05
388.412 8.91995e-05
388.955 8.86558e-05
389.499 8.81155e-05
390.043 8.75785e-05
390.586 8.7045e-05
391.13 8.65147e-05
391.674 8.59878e-05
392.217 8.54641e-05
392.761 8.49437e-05
393.305 8.44266e-05
393.848 8.39126e-05
394.392 8.34019e-05
394.936 8.28944e-05
395.479 8.239e-05
396.023 8.18888e-05
396.567 8.13907e-05
397.11 8.08957e-05
397.654 8.04038e-05
398.197 7.99149e-05
398.741 7.94291e-05
399.285 7.89463e-05
399.828 7.84665e-05
400.372 7.79897e-05
400.916 7.75159e-05
401.459 7.7045e-05
402.003 7.6577e-05
402.547 7.6112e-05
403.09 7.56498e-05
403.634 7.51905e-05
404.178 7.47341e-05
404.721 7.42805e-05
405.265 7.38297e-05
405.809 7.33817e-05
406.352 7.29365e-05
406.896 7.24941e-05
407.44 7.20544e-05
407.983 7.16174e-05
408.527 7.11831e-05
409.07 7.07516e-05
409.614 7.03227e-05
410.158 6.98964e-05
410.701 6.94729e-05
411.245 6.90519e-05
411.789 6.86335e-05
412.332 6.82178e-05
412.876 6.78046e-05
413.42 6.73939e-05
413.963 6.69858e-05
414.507 6.65803e-05
415.051 6.61772e-05
415.594 6.57767e-05
416.138 6.53786e-05
416.682 6.4983e-05
417.225 6.45898e-05
417.769 6.4199e-05
418.312 6.38107e-05
418.856 6.34248e-05
419.4 6.30412e-05
419.943 6.26601e-05
420.487 6.22813e-05
421.031 6.19048e-05
421.574 6.15306e-05
422.118 6.11588e-05
422.662 6.07892e-05
423.205 6.0422e-05
423.749 6.0057e-05
424.293 5.96942e-05
424.836 5.93337e-05
425.38 5.89754e-05
425.924 5.86193e-05
426.467 5.82655e-05
427.011 5.79138e-05
427.554 5.75642e-05
428.098 5.72168e-05
428.642 5.68716e-05
429.185 5.65285e-05
429.729 5.61875e-05
430.273 5.58486e-05
430.816 5.55118e-05
431.36 5.5177e-05
431.904 5.48443e-05
432.447 5.45137e-05
432.991 5.41851e-05
433.535 5.38585e-05
434.078 5.3534e-05
434.622 5.32114e-05
435.166 5.28908e-05
435.709 5.25722e-05
436.253 5.22555e-05
436.796 5.19408e-05
437.34 5.1628e-05
437.884 5.13172e-05
438.427 5.10082e-05
438.971 5.07012e-05
439.515 5.0396e-05
440.058 5.00927e-05
440.602 4.97913e-05
441.146 4.94917e-05
441.689 4.9194e-05
442.233 4.8898e-05
442.777 4.86039e-05
443.32 4.83116e-05
443.864 4.80211e-05
444.408 4.77324e-05
444.951 4.74455e-05
445.495 4.71603e-05
446.039 4.68768e-05
446.582 4.65951e-05
447.126 4.63151e-05
447.669 4.60369e-05
448.213 4.57603e-05
448.757 4.54854e-05
449.3 4.52122e-05
449.844 4.49407e-05
450.388 4.46709e-05
450.931 4.44027e-05
451.475 4.41361e-05
452.019 4.38712e-05
452.562 4.36078e-05
453.106 4.33461e-05
453.65 4.3086e-05
454.193 4.28275e-05
454.737 4.25706e-05
455.281 4.23152e-05
455.824 4.20615e-05
456.368 4.18092e-05
456.911 4.15585e-05
457.455 4.13093e-05
457.999 4.10617e-05
458.542 4.08155e-05
459.086 4.05709e-05
459.63 4.03277e-05
460.173 4.00861e-05
460.717 3.98459e-05
461.261 3.96072e-05
461.804 3.93699e-05
462.348 3.91341e-05
462.892 3.88997e-05
463.435 3.86668e-05
463.979 3.84352e-05
464.523 3.82051e-05
465.066 3.79764e-05
465.61 3.77491e-05
466.153 3.75232e-05
466.697 3.72986e-05
467.241 3.70754e-05
467.784 3.68536e-05
468.328 3.66331e-05
468.872 3.6414e-05
469.415 3.61962e-05
469.959 3.59797e-05
470.503 3.57645e-05
471.046 3.55507e-05
471.59 3.53381e-05
472.134 3.51269e-05
472.677 3.49169e-05
473.221 3.47082e-05
473.765 3.45008e-05
474.308 3.42946e-05
474.852 3.40897e-05
475.395 3.38861e-05
475.939 3.36836e-05
476.483 3.34824e-05
477.026 3.32825e-05
477.57 3.30837e-05
478.114 3.28862e-05
478.657 3.26898e-05
479.201 3.24946e-05
479.745 3.23007e-05
480.288 3.21079e-05
480.832 3.19163e-05
481.376 3.17258e-05
481.919 3.15365e-05
482.463 3.13483e-05
483.007 3.11613e-05
483.55 3.09754e-05
484.094 3.07907e-05
484.638 3.06071e-05
485.181 3.04245e-05
485.725 3.02431e-05
486.268 3.00628e-05
486.812 2.98836e-05
487.356 2.97055e-05
487.899 2.95284e-05
488.443 2.93524e-05
488.987 2.91775e-05
489.53 2.90037e-05
490.074 2.88309e-05
490.618 2.86591e-05
491.161 2.84884e-05
491.705 2.83187e-05
492.249 2.81501e-05
492.792 2.79824e-05
493.336 2.78158e-05
493.88 2.76502e-05
494.423 2.74856e-05
494.967 2.7322e-05
495.51 2.71593e-05
496.054 2.69977e-05
496.598 2.6837e-05
497.141 2.66774e-05
497.685 2.65186e-05
498.229 2.63609e-05
498.772 2.62041e-05
499.316 2.60482e-05
499.86 2.58933e-05
500.403 2.57393e-05
500.947 2.55862e-05
501.491 2.54341e-05
502.034 2.52829e-05
502.578 2.51326e-05
503.122 2.49832e-05
503.665 2.48347e-05
504.209 2.46871e-05
504.752 2.45404e-05
505.296 2.43946e-05
505.84 2.42497e-05
506.383 2.41056e-05
506.927 2.39624e-05
507.471 2.38201e-05
508.014 2.36786e-05
508.558 2.3538e-05
509.102 2.33982e-05
509.645 2.32593e-05
510.189 2.31212e-05
510.733 2.29839e-05
511.276 2.28475e-05
511.82 2.27119e-05
512.364 2.25771e-05
512.907 2.24431e-05
513.451 2.231e-05
513.994 2.21776e-05
514.538 2.2046e-05
515.082 2.19152e-05
515.625 2.17853e-05
516.169 2.1656e-05
516.713 2.15276e-05
517.256 2.14e-05
517.8 2.12731e-05
518.344 2.11469e-05
518.887 2.10216e-05
519.431 2.0897e-05
519.975 2.07731e-05
520.518 2.065e-05
521.062 2.05276e-05
521.606 2.0406e-05
522.149 2.0285e-05
522.693 2.01649e-05
523.236 2.00454e-05
523.78 1.99267e-05
524.324 1.98086e-05
524.867 1.96913e-05
525.411 1.95747e-05
525.955 1.94588e-05
526.498 1.93436e-05
527.042 1.9229e-05
527.586 1.91152e-05
528.129 1.90021e-05
528.673 1.88896e-05
529.217 1.87778e-05
529.76 1.86667e-05
530.304 1.85562e-05
530.848 1.84464e-05
531.391 1.83373e-05
531.935 1.82288e-05
532.479 1.81209e-05
533.022 1.80138e-05
533.566 1.79072e-05
534.109 1.78013e-05
534.653 1.7696e-05
535.197 1.75914e-05
535.74 1.74874e-05
536.284 1.7384e-05
536.828 1.72812e-05
537.371 1.71791e-05
537.915 1.70775e-05
538.459 1.69766e-05
539.002 1.68763e-05
539.546 1.67766e-05
540.09 1.66774e-05
540.633 1.65789e-05
541.177 1.6481e-05
541.721 1.63836e-05
542.264 1.62868e-05
542.808 1.61906e-05
543.351 1.6095e-05
543.895 1.6e-05
544.439 1.59055e-05
