0.588435 0.00738147
0.722111 0.0103575
0.855788 0.01383
0.989464 0.0176903
1.12314 0.0218105
1.25682 0.0260611
1.39049 0.030324
1.52417 0.0344998
1.65785 0.0385106
1.79152 0.0422997
1.9252 0.0458289
2.05888 0.0490758
2.19255 0.0520304
2.32623 0.0546923
2.45991 0.0570678
2.59358 0.059168
2.72726 0.0610072
2.86094 0.0626017
2.99461 0.0639685
3.12829 0.0651249
3.26197 0.066088
3.39564 0.0668742
3.52932 0.0674993
3.663 0.0679781
3.79667 0.0683243
3.93035 0.0685507
4.06402 0.0686691
4.1977 0.0686904
4.33138 0.0686245
4.46505 0.0684805
4.59873 0.0682666
4.73241 0.0679903
4.86608 0.0676585
4.99976 0.0672773
5.13344 0.0668524
5.26711 0.0663889
5.40079 0.0658913
5.53447 0.0653639
5.66814 0.0648105
5.80182 0.0642344
5.9355 0.0636386
6.06917 0.0630262
6.20285 0.0623994
6.33653 0.0617606
6.4702 0.061112
6.60388 0.0604552
6.73756 0.059792
6.87123 0.0591239
7.00491 0.0584522
7.13859 0.0577782
7.27226 0.057103
7.40594 0.0564276
7.53961 0.0557528
7.67329 0.0550794
7.80697 0.0544082
7.94064 0.0537398
8.07432 0.0530748
8.208 0.0524136
8.34167 0.0517568
8.47535 0.0511047
8.60903 0.0504576
8.7427 0.049816
8.87638 0.0491801
9.01006 0.04855
9.14373 0.0479261
9.27741 0.0473085
9.41109 0.0466973
9.54476 0.0460927
9.67844 0.0454948
9.81212 0.0449036
9.94579 0.0443193
10.0795 0.0437419
10.2131 0.0431715
10.3468 0.042608
10.4805 0.0420515
10.6142 0.041502
10.7479 0.0409595
10.8815 0.040424
11.0152 0.0398954
11.1489 0.0393737
11.2826 0.0388589
11.4162 0.038351
11.5499 0.0378499
11.6836 0.0373555
11.8173 0.0368679
11.9509 0.0363868
12.0846 0.0359124
12.2183 0.0354445
12.352 0.034983
12.4856 0.034528
12.6193 0.0340792
12.753 0.0336367
12.8867 0.0332004
13.0204 0.0327702
13.154 0.032346
13.2877 0.0319277
13.4214 0.0315154
13.5551 0.0311088
13.6887 0.030708
13.8224 0.0303128
13.9561 0.0299232
14.0898 0.0295391
14.2234 0.0291604
14.3571 0.0287871
14.4908 0.028419
14.6245 0.0280561
14.7581 0.0276984
14.8918 0.0273457
15.0255 0.026998
15.1592 0.0266552
15.2929 0.0263172
15.4265 0.025984
15.5602 0.0256555
15.6939 0.0253316
15.8276 0.0250123
15.9612 0.0246974
16.0949 0.024387
16.2286 0.0240809
16.3623 0.0237791
16.4959 0.0234815
16.6296 0.0231881
16.7633 0.0228988
16.897 0.0226135
17.0306 0.0223321
17.1643 0.0220547
17.298 0.0217812
17.4317 0.0215114
17.5654 0.0212454
17.699 0.0209831
17.8327 0.0207243
17.9664 0.0204692
18.1001 0.0202175
18.2337 0.0199693
18.3674 0.0197246
18.5011 0.0194831
18.6348 0.019245
18.7684 0.0190101
18.9021 0.0187785
19.0358 0.01855
19.1695 0.0183246
19.3032 0.0181022
19.4368 0.0178829
19.5705 0.0176665
19.7042 0.0174531
19.8379 0.0172425
19.9715 0.0170348
20.1052 0.0168299
20.2389 0.0166277
20.3726 0.0164282
20.5062 0.0162314
20.6399 0.0160373
20.7736 0.0158457
20.9073 0.0156566
21.0409 0.0154701
21.1746 0.0152861
21.3083 0.0151044
21.442 0.0149252
21.5757 0.0147484
21.7093 0.0145739
21.843 0.0144016
21.9767 0.0142317
22.1104 0.0140639
22.244 0.0138984
22.3777 0.013735
22.5114 0.0135738
22.6451 0.0134146
22.7787 0.0132576
22.9124 0.0131025
23.0461 0.0129495
23.1798 0.0127985
23.3134 0.0126494
23.4471 0.0125022
23.5808 0.0123569
23.7145 0.0122135
23.8482 0.0120719
23.9818 0.0119322
24.1155 0.0117942
24.2492 0.011658
24.3829 0.0115235
24.5165 0.0113908
24.6502 0.0112597
24.7839 0.0111303
24.9176 0.0110025
25.0512 0.0108764
25.1849 0.0107518
25.3186 0.0106288
25.4523 0.0105074
25.5859 0.0103875
25.7196 0.010269
25.8533 0.0101521
25.987 0.0100367
26.1207 0.00992264
26.2543 0.00981004
26.388 0.00969885
26.5217 0.00958904
26.6554 0.00948059
26.789 0.00937349
26.9227 0.00926771
27.0564 0.00916325
27.1901 0.00906007
27.3237 0.00895816
27.4574 0.00885751
27.5911 0.0087581
27.7248 0.0086599
27.8584 0.00856291
27.9921 0.00846711
28.1258 0.00837248
28.2595 0.008279
28.3932 0.00818666
28.5268 0.00809545
28.6605 0.00800534
28.7942 0.00791633
28.9279 0.0078284
29.0615 0.00774153
29.1952 0.00765571
29.3289 0.00757093
29.4626 0.00748717
29.5962 0.00740442
29.7299 0.00732266
29.8636 0.00724189
29.9973 0.00716208
30.131 0.00708323
30.2646 0.00700532
30.3983 0.00692834
30.532 0.00685228
30.6657 0.00677713
30.7993 0.00670287
30.933 0.00662949
31.0667 0.00655698
31.2004 0.00648534
31.334 0.00641454
31.4677 0.00634457
31.6014 0.00627544
31.7351 0.00620712
31.8687 0.0061396
32.0024 0.00607288
32.1361 0.00600694
32.2698 0.00594177
32.4035 0.00587737
32.5371 0.00581373
32.6708 0.00575082
32.8045 0.00568865
32.9382 0.00562721
33.0718 0.00556648
33.2055 0.00550646
33.3392 0.00544714
33.4729 0.00538851
33.6065 0.00533055
33.7402 0.00527327
33.8739 0.00521665
34.0076 0.00516068
34.1412 0.00510536
34.2749 0.00505068
34.4086 0.00499663
34.5423 0.0049432
34.676 0.00489038
34.8096 0.00483817
34.9433 0.00478656
35.077 0.00473554
35.2107 0.0046851
35.3443 0.00463524
35.478 0.00458595
35.6117 0.00453722
35.7454 0.00448905
35.879 0.00444142
36.0127 0.00439434
36.1464 0.00434779
36.2801 0.00430177
36.4137 0.00425627
36.5474 0.00421128
36.6811 0.00416681
36.8148 0.00412283
36.9485 0.00407936
37.0821 0.00403637
37.2158 0.00399387
37.3495 0.00395184
37.4832 0.00391029
37.6168 0.0038692
37.7505 0.00382858
37.8842 0.00378841
38.0179 0.00374869
38.1515 0.00370941
38.2852 0.00367058
38.4189 0.00363217
38.5526 0.0035942
38.6862 0.00355665
38.8199 0.00351951
38.9536 0.00348279
39.0873 0.00344648
39.221 0.00341057
39.3546 0.00337506
39.4883 0.00333994
39.622 0.00330521
39.7557 0.00327087
39.8893 0.0032369
40.023 0.00320331
40.1567 0.00317009
40.2904 0.00313724
40.424 0.00310475
40.5577 0.00307261
40.6914 0.00304083
40.8251 0.0030094
40.9588 0.00297831
41.0924 0.00294756
41.2261 0.00291715
41.3598 0.00288707
41.4935 0.00285733
41.6271 0.0028279
41.7608 0.0027988
41.8945 0.00277001
42.0282 0.00274154
42.1618 0.00271338
42.2955 0.00268553
42.4292 0.00265797
42.5629 0.00263072
42.6965 0.00260376
42.8302 0.0025771
42.9639 0.00255072
43.0976 0.00252463
43.2313 0.00249882
43.3649 0.00247329
43.4986 0.00244803
43.6323 0.00242305
43.766 0.00239834
43.8996 0.00237389
44.0333 0.00234971
44.167 0.00232579
44.3007 0.00230212
44.4343 0.00227871
44.568 0.00225555
44.7017 0.00223264
44.8354 0.00220997
44.969 0.00218754
45.1027 0.00216536
45.2364 0.00214341
45.3701 0.0021217
45.5038 0.00210022
45.6374 0.00207897
45.7711 0.00205794
45.9048 0.00203714
46.0385 0.00201656
46.1721 0.0019962
46.3058 0.00197605
46.4395 0.00195612
46.5732 0.0019364
46.7068 0.00191689
46.8405 0.00189759
46.9742 0.00187849
47.1079 0.00185959
47.2415 0.00184089
47.3752 0.00182239
47.5089 0.00180409
47.6426 0.00178598
47.7763 0.00176806
47.9099 0.00175032
48.0436 0.00173278
48.1773 0.00171542
48.311 0.00169824
48.4446 0.00168124
48.5783 0.00166442
48.712 0.00164778
48.8457 0.00163131
48.9793 0.00161502
49.113 0.00159889
49.2467 0.00158294
49.3804 0.00156715
49.514 0.00155152
49.6477 0.00153606
49.7814 0.00152076
49.9151 0.00150562
50.0488 0.00149064
50.1824 0.00147582
50.3161 0.00146114
50.4498 0.00144663
50.5835 0.00143226
50.7171 0.00141804
50.8508 0.00140397
50.9845 0.00139004
51.1182 0.00137626
51.2518 0.00136263
51.3855 0.00134913
51.5192 0.00133577
51.6529 0.00132255
51.7866 0.00130947
51.9202 0.00129653
52.0539 0.00128371
52.1876 0.00127103
52.3213 0.00125848
52.4549 0.00124606
52.5886 0.00123377
52.7223 0.00122161
52.856 0.00120957
52.9896 0.00119765
53.1233 0.00118585
53.257 0.00117418
53.3907 0.00116263
53.5243 0.00115119
53.658 0.00113988
53.7917 0.00112868
53.9254 0.00111759
54.0591 0.00110662
54.1927 0.00109576
54.3264 0.00108501
54.4601 0.00107437
54.5938 0.00106384
54.7274 0.00105341
54.8611 0.00104309
54.9948 0.00103288
55.1285 0.00102277
55.2621 0.00101277
55.3958 0.00100287
55.5295 0.000993065
55.6632 0.000983363
55.7968 0.000973759
55.9305 0.000964253
56.0642 0.000954843
56.1979 0.000945529
56.3316 0.000936309
56.4652 0.000927183
56.5989 0.000918149
56.7326 0.000909207
56.8663 0.000900356
56.9999 0.000891594
57.1336 0.00088292
57.2673 0.000874334
57.401 0.000865835
57.5346 0.000857422
57.6683 0.000849094
57.802 0.000840849
57.9357 0.000832688
58.0693 0.000824609
58.203 0.000816612
58.3367 0.000808695
58.4704 0.000800857
58.6041 0.000793099
58.7377 0.000785418
58.8714 0.000777815
59.0051 0.000770288
59.1388 0.000762836
59.2724 0.00075546
59.4061 0.000748157
59.5398 0.000740928
59.6735 0.00073377
59.8071 0.000726685
59.9408 0.000719671
60.0745 0.000712726
60.2082 0.000705851
60.3418 0.000699045
60.4755 0.000692307
60.6092 0.000685636
60.7429 0.000679032
60.8766 0.000672493
61.0102 0.00066602
61.1439 0.000659612
61.2776 0.000653267
61.4113 0.000646985
61.5449 0.000640766
61.6786 0.000634609
61.8123 0.000628513
61.946 0.000622477
62.0796 0.000616502
62.2133 0.000610586
62.347 0.000604729
62.4807 0.000598929
62.6144 0.000593188
62.748 0.000587503
62.8817 0.000581874
63.0154 0.000576302
63.1491 0.000570784
63.2827 0.000565321
63.4164 0.000559913
63.5501 0.000554557
63.6838 0.000549255
63.8174 0.000544005
63.9511 0.000538807
64.0848 0.00053366
64.2185 0.000528564
64.3521 0.000523518
64.4858 0.000518522
64.6195 0.000513575
64.7532 0.000508677
64.8869 0.000503827
65.0205 0.000499025
65.1542 0.00049427
65.2879 0.000489562
65.4216 0.0004849
65.5552 0.000480284
65.6889 0.000475713
65.8226 0.000471188
65.9563 0.000466706
66.0899 0.000462269
66.2236 0.000457875
66.3573 0.000453524
66.491 0.000449216
66.6246 0.00044495
66.7583 0.000440726
66.892 0.000436543
67.0257 0.000432401
67.1594 0.0004283
67.293 0.000424239
67.4267 0.000420217
67.5604 0.000416235
67.6941 0.000412292
67.8277 0.000408387
67.9614 0.00040452
68.0951 0.000400691
68.2288 0.000396899
68.3624 0.000393144
68.4961 0.000389426
68.6298 0.000385744
68.7635 0.000382098
68.8971 0.000378487
69.0308 0.000374912
69.1645 0.000371371
69.2982 0.000367865
69.4319 0.000364393
69.5655 0.000360954
69.6992 0.000357549
69.8329 0.000354177
69.9666 0.000350838
70.1002 0.000347531
70.2339 0.000344256
70.3676 0.000341013
70.5013 0.000337801
70.6349 0.000334621
70.7686 0.000331471
70.9023 0.000328352
71.036 0.000325263
71.1696 0.000322203
71.3033 0.000319174
71.437 0.000316174
71.5707 0.000313202
71.7044 0.00031026
71.838 0.000307345
71.9717 0.000304459
72.1054 0.000301601
72.2391 0.00029877
72.3727 0.000295967
72.5064 0.000293191
72.6401 0.000290441
72.7738 0.000287718
72.9074 0.000285021
73.0411 0.00028235
73.1748 0.000279705
73.3085 0.000277086
73.4422 0.000274491
73.5758 0.000271921
73.7095 0.000269377
73.8432 0.000266856
73.9769 0.00026436
74.1105 0.000261888
74.2442 0.000259439
74.3779 0.000257014
74.5116 0.000254612
74.6452 0.000252234
74.7789 0.000249878
74.9126 0.000247545
75.0463 0.000245234
75.1799 0.000242945
75.3136 0.000240678
75.4473 0.000238433
75.581 0.000236209
75.7147 0.000234006
75.8483 0.000231825
75.982 0.000229664
76.1157 0.000227525
76.2494 0.000225405
76.383 0.000223306
76.5167 0.000221227
76.6504 0.000219167
76.7841 0.000217128
76.9177 0.000215108
77.0514 0.000213107
77.1851 0.000211125
77.3188 0.000209162
77.4524 0.000207218
77.5861 0.000205292
77.7198 0.000203384
77.8535 0.000201495
77.9872 0.000199624
78.1208 0.00019777
78.2545 0.000195935
78.3882 0.000194116
78.5219 0.000192315
78.6555 0.000190531
78.7892 0.000188764
78.9229 0.000187014
79.0566 0.00018528
79.1902 0.000183563
79.3239 0.000181862
79.4576 0.000180177
79.5913 0.000178509
79.7249 0.000176856
79.8586 0.000175218
79.9923 0.000173597
80.126 0.00017199
80.2597 0.000170399
80.3933 0.000168823
80.527 0.000167262
80.6607 0.000165715
80.7944 0.000164184
80.928 0.000162666
81.0617 0.000161163
81.1954 0.000159675
81.3291 0.0001582
81.4627 0.000156739
81.5964 0.000155292
81.7301 0.000153859
81.8638 0.000152439
81.9974 0.000151033
82.1311 0.00014964
82.2648 0.00014826
82.3985 0.000146893
82.5322 0.000145539
82.6658 0.000144197
82.7995 0.000142869
82.9332 0.000141553
83.0669 0.000140249
83.2005 0.000138957
83.3342 0.000137678
83.4679 0.000136411
83.6016 0.000135155
83.7352 0.000133912
83.8689 0.00013268
84.0026 0.00013146
84.1363 0.000130251
84.27 0.000129053
84.4036 0.000127867
84.5373 0.000126692
84.671 0.000125528
84.8047 0.000124375
84.9383 0.000123233
85.072 0.000122101
85.2057 0.00012098
85.3394 0.00011987
85.473 0.000118769
85.6067 0.00011768
85.7404 0.0001166
85.8741 0.000115531
86.0077 0.000114471
86.1414 0.000113422
86.2751 0.000112382
86.4088 0.000111352
86.5425 0.000110332
86.6761 0.000109321
86.8098 0.00010832
86.9435 0.000107328
87.0772 0.000106345
87.2108 0.000105372
87.3445 0.000104407
87.4782 0.000103452
87.6119 0.000102506
87.7455 0.000101568
87.8792 0.000100639
88.0129 9.97188e-05
88.1466 9.88071e-05
88.2802 9.7904e-05
88.4139 9.70093e-05
88.5476 9.61229e-05
88.6813 9.52448e-05
88.815 9.43749e-05
88.9486 9.35131e-05
89.0823 9.26593e-05
89.216 9.18134e-05
89.3497 9.09755e-05
89.4833 9.01453e-05
89.617 8.93228e-05
89.7507 8.8508e-05
89.8844 8.77008e-05
90.018 8.69011e-05
90.1517 8.61088e-05
90.2854 8.53239e-05
90.4191 8.45463e-05
90.5527 8.37759e-05
90.6864 8.30126e-05
90.8201 8.22565e-05
90.9538 8.15073e-05
91.0875 8.07651e-05
91.2211 8.00298e-05
91.3548 7.93014e-05
91.4885 7.85796e-05
91.6222 7.78646e-05
91.7558 7.71562e-05
91.8895 7.64544e-05
92.0232 7.57591e-05
92.1569 7.50702e-05
92.2905 7.43877e-05
92.4242 7.37115e-05
92.5579 7.30416e-05
92.6916 7.23779e-05
92.8252 7.17203e-05
92.9589 7.10688e-05
93.0926 7.04234e-05
93.2263 6.97839e-05
93.36 6.91503e-05
93.4936 6.85226e-05
93.6273 6.79006e-05
93.761 6.72845e-05
93.8947 6.6674e-05
94.0283 6.60692e-05
94.162 6.54699e-05
94.2957 6.48762e-05
94.4294 6.4288e-05
94.563 6.37052e-05
94.6967 6.31277e-05
94.8304 6.25556e-05
94.9641 6.19888e-05
95.0978 6.14272e-05
95.2314 6.08708e-05
95.3651 6.03195e-05
95.4988 5.97733e-05
95.6325 5.92321e-05
95.7661 5.8696e-05
95.8998 5.81647e-05
96.0335 5.76384e-05
96.1672 5.71169e-05
96.3008 5.66002e-05
96.4345 5.60882e-05
96.5682 5.5581e-05
96.7019 5.50784e-05
96.8355 5.45804e-05
96.9692 5.40871e-05
97.1029 5.35982e-05
97.2366 5.31139e-05
97.3703 5.2634e-05
97.5039 5.21585e-05
97.6376 5.16874e-05
97.7713 5.12207e-05
97.905 5.07582e-05
98.0386 5.02999e-05
98.1723 4.98459e-05
98.306 4.9396e-05
98.4397 4.89503e-05
98.5733 4.85086e-05
98.707 4.8071e-05
98.8407 4.76374e-05
98.9744 4.72078e-05
99.108 4.67822e-05
99.2417 4.63604e-05
99.3754 4.59425e-05
99.5091 4.55284e-05
99.6428 4.51181e-05
99.7764 4.47116e-05
99.9101 4.43088e-05
100.044 4.39097e-05
100.177 4.35142e-05
100.311 4.31224e-05
100.445 4.27342e-05
100.578 4.23495e-05
100.712 4.19683e-05
100.846 4.15906e-05
100.98 4.12163e-05
101.113 4.08455e-05
101.247 4.04781e-05
101.381 4.0114e-05
101.514 3.97533e-05
101.648 3.93958e-05
101.782 3.90417e-05
101.915 3.86907e-05
102.049 3.8343e-05
102.183 3.79984e-05
102.316 3.7657e-05
102.45 3.73187e-05
102.584 3.69835e-05
102.717 3.66513e-05
102.851 3.63222e-05
102.985 3.59961e-05
103.118 3.56729e-05
103.252 3.53527e-05
103.386 3.50354e-05
103.519 3.4721e-05
103.653 3.44095e-05
103.787 3.41008e-05
103.92 3.37949e-05
104.054 3.34918e-05
104.188 3.31915e-05
104.321 3.28939e-05
104.455 3.2599e-05
104.589 3.23068e-05
104.722 3.20172e-05
104.856 3.17303e-05
104.99 3.1446e-05
105.123 3.11643e-05
105.257 3.08852e-05
105.391 3.06085e-05
105.525 3.03344e-05
105.658 3.00628e-05
105.792 2.97937e-05
105.926 2.9527e-05
106.059 2.92627e-05
106.193 2.90008e-05
106.327 2.87413e-05
106.46 2.84842e-05
106.594 2.82294e-05
106.728 2.79769e-05
106.861 2.77267e-05
106.995 2.74788e-05
107.129 2.72331e-05
107.262 2.69896e-05
107.396 2.67484e-05
107.53 2.65093e-05
107.663 2.62725e-05
107.797 2.60377e-05
107.931 2.58051e-05
108.064 2.55746e-05
108.198 2.53462e-05
108.332 2.51198e-05
108.465 2.48955e-05
108.599 2.46733e-05
108.733 2.4453e-05
108.866 2.42348e-05
109 2.40185e-05
109.134 2.38042e-05
109.267 2.35918e-05
109.401 2.33813e-05
109.535 2.31728e-05
109.668 2.29661e-05
109.802 2.27613e-05
109.936 2.25583e-05
110.07 2.23572e-05
110.203 2.21579e-05
110.337 2.19604e-05
110.471 2.17647e-05
110.604 2.15708e-05
110.738 2.13786e-05
110.872 2.11881e-05
111.005 2.09994e-05
111.139 2.08123e-05
111.273 2.0627e-05
111.406 2.04433e-05
111.54 2.02613e-05
111.674 2.0081e-05
111.807 1.99022e-05
111.941 1.97251e-05
112.075 1.95496e-05
112.208 1.93756e-05
112.342 1.92032e-05
112.476 1.90324e-05
112.609 1.88631e-05
112.743 1.86954e-05
112.877 1.85291e-05
113.01 1.83644e-05
113.144 1.82011e-05
113.278 1.80393e-05
113.411 1.7879e-05
113.545 1.77201e-05
113.679 1.75626e-05
113.812 1.74066e-05
113.946 1.72519e-05
114.08 1.70987e-05
114.213 1.69468e-05
114.347 1.67963e-05
114.481 1.66472e-05
114.615 1.64994e-05
114.748 1.63529e-05
114.882 1.62077e-05
115.016 1.60639e-05
115.149 1.59213e-05
115.283 1.578e-05
115.417 1.564e-05
115.55 1.55013e-05
115.684 1.53638e-05
115.818 1.52275e-05
115.951 1.50925e-05
116.085 1.49586e-05
116.219 1.4826e-05
116.352 1.46946e-05
116.486 1.45643e-05
116.62 1.44352e-05
116.753 1.43073e-05
116.887 1.41805e-05
117.021 1.40549e-05
117.154 1.39304e-05
117.288 1.3807e-05
117.422 1.36847e-05
117.555 1.35635e-05
117.689 1.34434e-05
117.823 1.33243e-05
117.956 1.32064e-05
118.09 1.30895e-05
118.224 1.29736e-05
118.357 1.28588e-05
118.491 1.2745e-05
118.625 1.26322e-05
118.758 1.25204e-05
118.892 1.24097e-05
119.026 1.22999e-05
119.16 1.21911e-05
119.293 1.20833e-05
119.427 1.19765e-05
119.561 1.18706e-05
119.694 1.17656e-05
119.828 1.16616e-05
119.962 1.15585e-05
120.095 1.14564e-05
120.229 1.13551e-05
120.363 1.12548e-05
120.496 1.11554e-05
120.63 1.10568e-05
120.764 1.09592e-05
120.897 1.08624e-05
121.031 1.07664e-05
121.165 1.06714e-05
121.298 1.05771e-05
121.432 1.04838e-05
121.566 1.03912e-05
121.699 1.02995e-05
121.833 1.02086e-05
121.967 1.01185e-05
122.1 1.00292e-05
122.234 9.94073e-06
122.368 9.85303e-06
122.501 9.76612e-06
122.635 9.67998e-06
122.769 9.59461e-06
122.902 9.51e-06
123.036 9.42615e-06
123.17 9.34304e-06
123.304 9.26067e-06
123.437 9.17904e-06
123.571 9.09814e-06
123.705 9.01796e-06
123.838 8.93849e-06
123.972 8.85973e-06
124.106 8.78168e-06
124.239 8.70432e-06
124.373 8.62764e-06
124.507 8.55166e-06
124.64 8.47634e-06
124.774 8.4017e-06
124.908 8.32773e-06
125.041 8.25441e-06
125.175 8.18174e-06
125.309 8.10973e-06
125.442 8.03835e-06
125.576 7.96761e-06
125.71 7.89749e-06
125.843 7.82801e-06
125.977 7.75914e-06
126.111 7.69088e-06
126.244 7.62323e-06
126.378 7.55618e-06
126.512 7.48973e-06
126.645 7.42386e-06
126.779 7.35859e-06
126.913 7.29389e-06
127.046 7.22977e-06
127.18 7.16622e-06
127.314 7.10323e-06
127.447 7.04081e-06
127.581 6.97893e-06
127.715 6.91761e-06
127.849 6.85683e-06
127.982 6.7966e-06
128.116 6.73689e-06
128.25 6.67772e-06
128.383 6.61907e-06
128.517 6.56095e-06
128.651 6.50333e-06
128.784 6.44623e-06
128.918 6.38964e-06
129.052 6.33355e-06
129.185 6.27796e-06
129.319 6.22286e-06
129.453 6.16825e-06
129.586 6.11412e-06
129.72 6.06047e-06
129.854 6.0073e-06
129.987 5.9546e-06
130.121 5.90237e-06
130.255 5.8506e-06
130.388 5.79929e-06
130.522 5.74843e-06
130.656 5.69803e-06
130.789 5.64807e-06
130.923 5.59855e-06
131.057 5.54947e-06
131.19 5.50083e-06
131.324 5.45262e-06
131.458 5.40483e-06
131.591 5.35747e-06
131.725 5.31053e-06
131.859 5.264e-06
131.992 5.21788e-06
132.126 5.17218e-06
132.26 5.12687e-06
132.394 5.08197e-06
132.527 5.03747e-06
132.661 4.99335e-06
132.795 4.94963e-06
132.928 4.9063e-06
133.062 4.86335e-06
133.196 4.82078e-06
133.329 4.77858e-06
133.463 4.73676e-06
133.597 4.69531e-06
133.73 4.65422e-06
133.864 4.6135e-06
133.998 4.57314e-06
134.131 4.53313e-06
