-13.916 1.16431e-05
-13.8805 1.19086e-05
-13.8449 1.21801e-05
-13.8093 1.24579e-05
-13.7738 1.27421e-05
-13.7382 1.30329e-05
-13.7026 1.33304e-05
-13.667 1.36347e-05
-13.6315 1.3946e-05
-13.5959 1.42646e-05
-13.5603 1.45905e-05
-13.5247 1.49239e-05
-13.4892 1.52651e-05
-13.4536 1.56141e-05
-13.418 1.59712e-05
-13.3825 1.63365e-05
-13.3469 1.67103e-05
-13.3113 1.70927e-05
-13.2757 1.7484e-05
-13.2402 1.78844e-05
-13.2046 1.8294e-05
-13.169 1.87132e-05
-13.1335 1.9142e-05
-13.0979 1.95808e-05
-13.0623 2.00297e-05
-13.0267 2.04891e-05
-12.9912 2.09591e-05
-12.9556 2.14401e-05
-12.92 2.19322e-05
-12.8845 2.24357e-05
-12.8489 2.2951e-05
-12.8133 2.34782e-05
-12.7777 2.40177e-05
-12.7422 2.45697e-05
-12.7066 2.51346e-05
-12.671 2.57126e-05
-12.6355 2.63041e-05
-12.5999 2.69093e-05
-12.5643 2.75287e-05
-12.5287 2.81625e-05
-12.4932 2.8811e-05
-12.4576 2.94747e-05
-12.422 3.01539e-05
-12.3865 3.08489e-05
-12.3509 3.15602e-05
-12.3153 3.22881e-05
-12.2797 3.30329e-05
-12.2442 3.37952e-05
-12.2086 3.45753e-05
-12.173 3.53737e-05
-12.1374 3.61907e-05
-12.1019 3.70269e-05
-12.0663 3.78826e-05
-12.0307 3.87584e-05
-11.9952 3.96547e-05
-11.9596 4.0572e-05
-11.924 4.15109e-05
-11.8884 4.24717e-05
-11.8529 4.34551e-05
-11.8173 4.44616e-05
-11.7817 4.54917e-05
-11.7462 4.65461e-05
-11.7106 4.76252e-05
-11.675 4.87297e-05
-11.6394 4.98601e-05
-11.6039 5.10172e-05
-11.5683 5.22015e-05
-11.5327 5.34137e-05
-11.4972 5.46545e-05
-11.4616 5.59245e-05
-11.426 5.72245e-05
-11.3904 5.85551e-05
-11.3549 5.99172e-05
-11.3193 6.13114e-05
-11.2837 6.27385e-05
-11.2482 6.41993e-05
-11.2126 6.56947e-05
-11.177 6.72255e-05
-11.1414 6.87924e-05
-11.1059 7.03965e-05
-11.0703 7.20385e-05
-11.0347 7.37195e-05
-10.9991 7.54403e-05
-10.9636 7.72018e-05
-10.928 7.90052e-05
-10.8924 8.08514e-05
-10.8569 8.27414e-05
-10.8213 8.46764e-05
-10.7857 8.66573e-05
-10.7501 8.86853e-05
-10.7146 9.07615e-05
-10.679 9.28872e-05
-10.6434 9.50635e-05
-10.6079 9.72916e-05
-10.5723 9.95728e-05
-10.5367 0.000101908
-10.5011 0.0001043
-10.4656 0.000106748
-10.43 0.000109255
-10.3944 0.000111822
-10.3589 0.00011445
-10.3233 0.000117141
-10.2877 0.000119896
-10.2521 0.000122718
-10.2166 0.000125607
-10.181 0.000128565
-10.1454 0.000131594
-10.1099 0.000134695
-10.0743 0.000137872
-10.0387 0.000141124
-10.0031 0.000144455
-9.96757 0.000147865
-9.93199 0.000151358
-9.89642 0.000154935
-9.86085 0.000158598
-9.82528 0.000162349
-9.78971 0.00016619
-9.75414 0.000170124
-9.71856 0.000174154
-9.68299 0.00017828
-9.64742 0.000182506
-9.61185 0.000186834
-9.57628 0.000191267
-9.5407 0.000195807
-9.50513 0.000200458
-9.46956 0.00020522
-9.43399 0.000210099
-9.39842 0.000215095
-9.36284 0.000220213
-9.32727 0.000225456
-9.2917 0.000230825
-9.25613 0.000236325
-9.22056 0.000241959
-9.18499 0.000247731
-9.14941 0.000253642
-9.11384 0.000259698
-9.07827 0.000265902
-9.0427 0.000272257
-9.00713 0.000278767
-8.97155 0.000285437
-8.93598 0.000292269
-8.90041 0.000299269
-8.86484 0.00030644
-8.82927 0.000313787
-8.7937 0.000321314
-8.75812 0.000329026
-8.72255 0.000336927
-8.68698 0.000345023
-8.65141 0.000353317
-8.61584 0.000361815
-8.58026 0.000370523
-8.54469 0.000379446
-8.50912 0.000388588
-8.47355 0.000397956
-8.43798 0.000407555
-8.40241 0.000417392
-8.36683 0.000427472
-8.33126 0.000437801
-8.29569 0.000448387
-8.26012 0.000459234
-8.22455 0.000470351
-8.18897 0.000481744
-8.1534 0.00049342
-8.11783 0.000505386
-8.08226 0.00051765
-8.04669 0.000530219
-8.01112 0.000543102
-7.97554 0.000556306
-7.93997 0.000569839
-7.9044 0.000583711
-7.86883 0.00059793
-7.83326 0.000612505
-7.79768 0.000627444
-7.76211 0.000642759
-7.72654 0.000658457
-7.69097 0.00067455
-7.6554 0.000691047
-7.61983 0.00070796
-7.58425 0.000725298
-7.54868 0.000743073
-7.51311 0.000761297
-7.47754 0.00077998
-7.44197 0.000799136
-7.40639 0.000818777
-7.37082 0.000838914
-7.33525 0.000859562
-7.29968 0.000880734
-7.26411 0.000902444
-7.22853 0.000924705
-7.19296 0.000947533
-7.15739 0.000970942
-7.12182 0.000994948
-7.08625 0.00101957
-7.05068 0.00104481
-7.0151 0.00107071
-6.97953 0.00109726
-6.94396 0.0011245
-6.90839 0.00115243
-6.87282 0.00118108
-6.83724 0.00121047
-6.80167 0.00124062
-6.7661 0.00127154
-6.73053 0.00130326
-6.69496 0.00133579
-6.65939 0.00136917
-6.62381 0.00140341
-6.58824 0.00143854
-6.55267 0.00147458
-6.5171 0.00151156
-6.48153 0.0015495
-6.44595 0.00158842
-6.41038 0.00162836
-6.37481 0.00166934
-6.33924 0.00171139
-6.30367 0.00175454
-6.2681 0.00179882
-6.23252 0.00184427
-6.19695 0.0018909
-6.16138 0.00193876
-6.12581 0.00198788
-6.09024 0.0020383
-6.05466 0.00209005
-6.01909 0.00214316
-5.98352 0.00219768
-5.94795 0.00225364
-5.91238 0.00231109
-5.87681 0.00237007
-5.84123 0.00243061
-5.80566 0.00249277
-5.77009 0.00255659
-5.73452 0.00262211
-5.69895 0.00268938
-5.66337 0.00275846
-5.6278 0.0028294
-5.59223 0.00290224
-5.55666 0.00297704
-5.52109 0.00305386
-5.48552 0.00313275
-5.44994 0.00321378
-5.41437 0.003297
-5.3788 0.00338248
-5.34323 0.00347029
-5.30766 0.00356049
-5.27208 0.00365314
-5.23651 0.00374833
-5.20094 0.00384612
-5.16537 0.0039466
-5.1298 0.00404983
-5.09422 0.00415591
-5.05865 0.0042649
-5.02308 0.00437691
-4.98751 0.00449201
-4.95194 0.00461031
-4.91637 0.00473189
-4.88079 0.00485685
-4.84522 0.00498529
-4.80965 0.00511732
-4.77408 0.00525304
-4.73851 0.00539257
-4.70293 0.00553602
-4.66736 0.0056835
-4.63179 0.00583515
-4.59622 0.00599108
-4.56065 0.00615143
-4.52508 0.00631633
-4.4895 0.00648591
-4.45393 0.00666034
-4.41836 0.00683974
-4.38279 0.00702429
-4.34722 0.00721412
-4.31164 0.00740942
-4.27607 0.00761035
-4.2405 0.00781709
-4.20493 0.00802981
-4.16936 0.00824871
-4.13379 0.00847398
-4.09821 0.00870583
-4.06264 0.00894445
-4.02707 0.00919007
-3.9915 0.00944291
-3.95593 0.00970321
-3.92035 0.0099712
-3.88478 0.0102471
-3.84921 0.0105312
-3.81364 0.0108238
-3.77807 0.0111252
-3.7425 0.0114355
-3.70692 0.0117552
-3.67135 0.0120845
-3.63578 0.0124237
-3.60021 0.0127733
-3.56464 0.0131334
-3.52906 0.0135046
-3.49349 0.013887
-3.45792 0.0142813
-3.42235 0.0146876
-3.38678 0.0151065
-3.3512 0.0155383
-3.31563 0.0159835
-3.28006 0.0164427
-3.24449 0.0169161
-3.20892 0.0174045
-3.17335 0.0179081
-3.13777 0.0184277
-3.1022 0.0189638
-3.06663 0.0195169
-3.03106 0.0200876
-2.99549 0.0206767
-2.95991 0.0212846
-2.92434 0.0219122
-2.88877 0.0225601
-2.8532 0.023229
-2.81763 0.0239198
-2.78206 0.0246332
-2.74648 0.02537
-2.71091 0.0261312
-2.67534 0.0269175
-2.63977 0.02773
-2.6042 0.0285697
-2.56862 0.0294374
-2.53305 0.0303344
-2.49748 0.0312617
-2.46191 0.0322205
-2.42634 0.0332119
-2.39077 0.0342373
-2.35519 0.0352979
-2.31962 0.036395
-2.28405 0.0375302
-2.24848 0.0387048
-2.21291 0.0399205
-2.17733 0.0411788
-2.14176 0.0424814
-2.10619 0.04383
-2.07062 0.0452266
-2.03505 0.0466729
-1.99948 0.048171
-1.9639 0.0497228
-1.92833 0.0513307
-1.89276 0.0529967
-1.85719 0.0547232
-1.82162 0.0565127
-1.78604 0.0583675
-1.75047 0.0602904
-1.7149 0.0622841
-1.67933 0.0643512
-1.64376 0.0664947
-1.60819 0.0687177
-1.57261 0.0710231
-1.53704 0.0734142
-1.50147 0.0758942
-1.4659 0.0784664
-1.43033 0.0811342
-1.39475 0.0839012
-1.35918 0.0867707
-1.32361 0.0897464
-1.28804 0.0928317
-1.25247 0.0960301
-1.21689 0.0993452
-1.18132 0.10278
-1.14575 0.106338
-1.11018 0.110022
-1.07461 0.113835
-1.03904 0.117779
-1.00346 0.121856
-0.967892 0.126067
-0.93232 0.130413
-0.896748 0.134895
-0.861177 0.139509
-0.825605 0.144256
-0.790033 0.14913
-0.754461 0.154126
-0.718889 0.159238
-0.683317 0.164457
-0.647746 0.169771
-0.612174 0.175166
-0.576602 0.180626
-0.54103 0.186131
-0.505458 0.191659
-0.469886 0.197182
-0.434315 0.202673
-0.398743 0.208098
-0.363171 0.213421
-0.327599 0.218605
-0.292027 0.223608
-0.256455 0.228389
-0.220884 0.232906
-0.185312 0.237116
-0.14974 0.240978
-0.114168 0.244455
-0.0785962 0.247513
-0.0430244 0.250124
-0.00745257 0.252265
0.0281193 0.253919
0.0636911 0.25508
0.0992629 0.255745
0.134835 0.255921
0.170407 0.255622
0.205978 0.254867
0.24155 0.25368
0.277122 0.252092
0.312694 0.250134
0.348266 0.247841
0.383838 0.245249
0.419409 0.242393
0.454981 0.239308
0.490553 0.236028
0.526125 0.232586
0.561697 0.229012
0.597269 0.225333
0.63284 0.221575
0.668412 0.217761
0.703984 0.21391
0.739556 0.210042
0.775128 0.206172
0.8107 0.202314
0.846271 0.198479
0.881843 0.194678
0.917415 0.190919
0.952987 0.187209
0.988559 0.183554
1.02413 0.179958
1.0597 0.176427
1.09527 0.172961
1.13085 0.169564
1.16642 0.166237
1.20199 0.162981
1.23756 0.159796
1.27313 0.156683
1.30871 0.153642
1.34428 0.150671
1.37985 0.14777
1.41542 0.144939
1.45099 0.142176
1.48656 0.13948
1.52214 0.136849
1.55771 0.134283
1.59328 0.13178
1.62885 0.129338
1.66442 0.126956
1.7 0.124633
1.73557 0.122366
1.77114 0.120155
1.80671 0.117998
1.84228 0.115893
1.87785 0.11384
1.91343 0.111835
1.949 0.10988
1.98457 0.10797
2.02014 0.106107
2.05571 0.104287
2.09129 0.10251
2.12686 0.100775
2.16243 0.0990803
2.198 0.0974247
2.23357 0.0958072
2.26914 0.0942267
2.30472 0.0926821
2.34029 0.0911723
2.37586 0.0896963
2.41143 0.0882532
2.447 0.0868421
2.48258 0.0854619
2.51815 0.0841119
2.55372 0.0827911
2.58929 0.0814988
2.62486 0.0802341
2.66043 0.0789963
2.69601 0.0777846
2.73158 0.0765983
2.76715 0.0754367
2.80272 0.0742991
2.83829 0.0731849
2.87387 0.0720934
2.90944 0.0710241
2.94501 0.0699762
2.98058 0.0689494
3.01615 0.0679429
3.05173 0.0669562
3.0873 0.065989
3.12287 0.0650405
3.15844 0.0641104
3.19401 0.0631983
3.22958 0.0623035
3.26516 0.0614257
3.30073 0.0605645
3.3363 0.0597194
3.37187 0.0588901
3.40744 0.0580761
3.44302 0.0572771
3.47859 0.0564927
3.51416 0.0557226
3.54973 0.0549664
3.5853 0.0542238
3.62087 0.0534945
3.65645 0.0527781
3.69202 0.0520743
3.72759 0.0513829
3.76316 0.0507036
3.79873 0.050036
3.83431 0.04938
3.86988 0.0487352
3.90545 0.0481014
3.94102 0.0474784
3.97659 0.0468659
4.01216 0.0462636
4.04774 0.0456714
4.08331 0.0450891
4.11888 0.0445164
4.15445 0.043953
4.19002 0.0433989
4.2256 0.0428538
4.26117 0.0423175
4.29674 0.0417899
4.33231 0.0412707
4.36788 0.0407598
4.40345 0.0402569
4.43903 0.0397621
4.4746 0.0392749
4.51017 0.0387954
4.54574 0.0383234
4.58131 0.0378587
4.61689 0.0374011
4.65246 0.0369505
4.68803 0.0365068
4.7236 0.0360699
4.75917 0.0356396
4.79475 0.0352157
4.83032 0.0347982
4.86589 0.034387
4.90146 0.0339818
4.93703 0.0335827
4.9726 0.0331894
5.00818 0.0328019
5.04375 0.03242
5.07932 0.0320437
5.11489 0.0316729
5.15046 0.0313074
5.18604 0.0309472
5.22161 0.0305921
5.25718 0.0302421
5.29275 0.029897
5.32832 0.0295568
5.36389 0.0292214
5.39947 0.0288908
5.43504 0.0285647
5.47061 0.0282432
5.50618 0.0279261
5.54175 0.0276134
5.57733 0.027305
5.6129 0.0270009
5.64847 0.0267009
5.68404 0.026405
5.71961 0.0261131
5.75518 0.0258251
5.79076 0.025541
5.82633 0.0252607
5.8619 0.0249842
5.89747 0.0247114
5.93304 0.0244422
5.96862 0.0241765
6.00419 0.0239144
6.03976 0.0236557
6.07533 0.0234003
6.1109 0.0231483
6.14647 0.0228996
6.18205 0.0226542
6.21762 0.0224119
6.25319 0.0221727
6.28876 0.0219366
6.32433 0.0217035
6.35991 0.0214733
6.39548 0.0212462
6.43105 0.0210219
6.46662 0.0208004
6.50219 0.0205817
6.53776 0.0203658
6.57334 0.0201525
6.60891 0.019942
6.64448 0.0197341
6.68005 0.0195287
6.71562 0.0193259
6.7512 0.0191256
6.78677 0.0189277
6.82234 0.0187323
6.85791 0.0185393
6.89348 0.0183486
6.92906 0.0181603
6.96463 0.0179742
7.0002 0.0177904
7.03577 0.0176088
7.07134 0.0174294
7.10691 0.0172522
7.14249 0.0170771
7.17806 0.0169041
7.21363 0.0167331
7.2492 0.0165641
7.28477 0.0163972
7.32035 0.0162322
7.35592 0.0160692
7.39149 0.0159081
7.42706 0.0157489
7.46263 0.0155916
7.4982 0.0154361
7.53378 0.0152824
7.56935 0.0151305
7.60492 0.0149803
7.64049 0.0148319
7.67606 0.0146852
7.71164 0.0145402
7.74721 0.0143968
7.78278 0.0142551
7.81835 0.014115
7.85392 0.0139765
7.88949 0.0138396
7.92507 0.0137042
7.96064 0.0135704
7.99621 0.013438
8.03178 0.0133072
8.06735 0.0131778
8.10293 0.0130499
8.1385 0.0129234
8.17407 0.0127984
8.20964 0.0126747
8.24521 0.0125524
8.28078 0.0124314
8.31636 0.0123118
8.35193 0.0121936
8.3875 0.0120766
8.42307 0.0119609
8.45864 0.0118465
8.49422 0.0117333
8.52979 0.0116214
8.56536 0.0115107
8.60093 0.0114012
8.6365 0.0112928
8.67207 0.0111857
8.70765 0.0110797
8.74322 0.0109749
8.77879 0.0108712
8.81436 0.0107686
8.84993 0.0106671
8.88551 0.0105667
8.92108 0.0104674
8.95665 0.0103692
8.99222 0.0102719
9.02779 0.0101758
9.06337 0.0100806
9.09894 0.00998646
9.13451 0.00989331
9.17008 0.00980115
9.20565 0.00970995
9.24122 0.00961972
9.2768 0.00953043
9.31237 0.00944208
9.34794 0.00935465
9.38351 0.00926814
9.41908 0.00918253
9.45466 0.00909781
9.49023 0.00901398
9.5258 0.00893101
9.56137 0.0088489
9.59694 0.00876764
9.63251 0.00868723
9.66809 0.00860764
9.70366 0.00852887
9.73923 0.0084509
9.7748 0.00837374
9.81037 0.00829737
9.84595 0.00822178
9.88152 0.00814696
9.91709 0.00807291
9.95266 0.0079996
9.98823 0.00792705
10.0238 0.00785522
10.0594 0.00778413
10.0949 0.00771376
10.1305 0.00764409
10.1661 0.00757513
10.2017 0.00750686
10.2372 0.00743928
10.2728 0.00737237
10.3084 0.00730614
10.344 0.00724057
10.3795 0.00717565
10.4151 0.00711138
10.4507 0.00704776
10.4862 0.00698476
10.5218 0.00692239
10.5574 0.00686064
10.593 0.0067995
10.6285 0.00673896
10.6641 0.00667903
10.6997 0.00661968
10.7352 0.00656092
10.7708 0.00650273
10.8064 0.00644512
10.842 0.00638807
10.8775 0.00633159
10.9131 0.00627565
10.9487 0.00622026
10.9842 0.00616541
11.0198 0.00611109
11.0554 0.0060573
11.091 0.00600404
11.1265 0.00595129
11.1621 0.00589905
11.1977 0.00584732
11.2332 0.00579609
11.2688 0.00574535
11.3044 0.0056951
11.34 0.00564534
11.3755 0.00559605
11.4111 0.00554724
11.4467 0.00549889
11.4822 0.00545101
11.5178 0.00540359
11.5534 0.00535661
11.589 0.00531009
11.6245 0.00526401
11.6601 0.00521837
11.6957 0.00517316
11.7313 0.00512839
11.7668 0.00508403
11.8024 0.0050401
11.838 0.00499658
11.8735 0.00495348
11.9091 0.00491078
11.9447 0.00486848
11.9803 0.00482658
12.0158 0.00478508
12.0514 0.00474396
12.087 0.00470323
12.1225 0.00466289
12.1581 0.00462292
12.1937 0.00458332
12.2293 0.0045441
12.2648 0.00450524
12.3004 0.00446674
12.336 0.0044286
12.3715 0.00439082
12.4071 0.00435339
12.4427 0.0043163
12.4783 0.00427956
12.5138 0.00424316
12.5494 0.00420709
12.585 0.00417136
12.6205 0.00413596
12.6561 0.00410088
12.6917 0.00406613
12.7273 0.0040317
12.7628 0.00399758
12.7984 0.00396378
12.834 0.00393029
12.8696 0.0038971
12.9051 0.00386422
12.9407 0.00383164
12.9763 0.00379936
13.0118 0.00376737
13.0474 0.00373567
13.083 0.00370426
13.1186 0.00367314
13.1541 0.0036423
13.1897 0.00361174
13.2253 0.00358146
13.2608 0.00355145
13.2964 0.00352171
13.332 0.00349225
13.3676 0.00346304
13.4031 0.00343411
13.4387 0.00340543
13.4743 0.00337701
13.5098 0.00334885
13.5454 0.00332094
13.581 0.00329328
13.6166 0.00326587
13.6521 0.00323871
13.6877 0.00321179
13.7233 0.00318511
13.7588 0.00315867
13.7944 0.00313246
13.83 0.00310649
13.8656 0.00308076
13.9011 0.00305525
13.9367 0.00302996
13.9723 0.00300491
14.0079 0.00298007
14.0434 0.00295546
14.079 0.00293106
14.1146 0.00290688
14.1501 0.00288292
14.1857 0.00285916
14.2213 0.00283562
14.2569 0.00281229
14.2924 0.00278916
14.328 0.00276623
14.3636 0.00274351
14.3991 0.00272099
14.4347 0.00269866
14.4703 0.00267653
14.5059 0.0026546
14.5414 0.00263286
14.577 0.00261131
14.6126 0.00258994
14.6481 0.00256877
14.6837 0.00254778
14.7193 0.00252697
14.7549 0.00250635
14.7904 0.0024859
14.826 0.00246564
14.8616 0.00244555
14.8971 0.00242563
14.9327 0.00240589
14.9683 0.00238632
15.0039 0.00236692
15.0394 0.00234769
15.075 0.00232862
15.1106 0.00230972
15.1461 0.00229099
15.1817 0.00227241
15.2173 0.002254
15.2529 0.00223574
15.2884 0.00221765
15.324 0.00219971
15.3596 0.00218192
15.3952 0.00216429
15.4307 0.00214681
15.4663 0.00212948
15.5019 0.00211229
15.5374 0.00209526
15.573 0.00207837
15.6086 0.00206163
15.6442 0.00204503
15.6797 0.00202857
15.7153 0.00201225
15.7509 0.00199608
15.7864 0.00198004
15.822 0.00196413
15.8576 0.00194837
15.8932 0.00193274
15.9287 0.00191724
15.9643 0.00190187
15.9999 0.00188663
16.0354 0.00187153
16.071 0.00185655
16.1066 0.0018417
16.1422 0.00182697
16.1777 0.00181237
16.2133 0.0017979
16.2489 0.00178354
16.2844 0.00176931
16.32 0.0017552
16.3556 0.0017412
16.3912 0.00172733
16.4267 0.00171357
16.4623 0.00169993
16.4979 0.0016864
16.5335 0.00167299
16.569 0.00165969
16.6046 0.0016465
16.6402 0.00163343
16.6757 0.00162046
16.7113 0.0016076
16.7469 0.00159485
16.7825 0.00158221
16.818 0.00156967
16.8536 0.00155724
16.8892 0.00154491
16.9247 0.00153268
16.9603 0.00152056
16.9959 0.00150854
17.0315 0.00149662
17.067 0.0014848
17.1026 0.00147307
17.1382 0.00146145
17.1737 0.00144992
17.2093 0.00143848
17.2449 0.00142715
17.2805 0.0014159
17.316 0.00140475
17.3516 0.0013937
17.3872 0.00138273
17.4227 0.00137186
17.4583 0.00136107
17.4939 0.00135038
17.5295 0.00133977
17.565 0.00132925
17.6006 0.00131882
17.6362 0.00130847
17.6717 0.00129821
17.7073 0.00128804
17.7429 0.00127794
17.7785 0.00126794
17.814 0.00125801
17.8496 0.00124817
17.8852 0.0012384
17.9208 0.00122872
17.9563 0.00121912
17.9919 0.00120959
18.0275 0.00120015
18.063 0.00119078
18.0986 0.00118149
18.1342 0.00117227
18.1698 0.00116313
18.2053 0.00115407
18.2409 0.00114507
18.2765 0.00113616
18.312 0.00112731
18.3476 0.00111854
18.3832 0.00110984
18.4188 0.00110121
18.4543 0.00109265
18.4899 0.00108416
18.5255 0.00107574
18.561 0.00106739
18.5966 0.00105911
18.6322 0.00105089
18.6678 0.00104274
18.7033 0.00103466
18.7389 0.00102664
18.7745 0.00101869
18.81 0.0010108
18.8456 0.00100298
18.8812 0.00099522
18.9168 0.000987523
18.9523 0.000979888
18.9879 0.000972315
19.0235 0.000964803
19.0591 0.000957352
19.0946 0.000949962
19.1302 0.000942631
19.1658 0.000935359
19.2013 0.000928146
19.2369 0.000920991
19.2725 0.000913894
19.3081 0.000906854
19.3436 0.000899871
19.3792 0.000892944
19.4148 0.000886073
19.4503 0.000879257
19.4859 0.000872496
19.5215 0.000865789
19.5571 0.000859136
19.5926 0.000852537
19.6282 0.00084599
19.6638 0.000839496
19.6993 0.000833055
19.7349 0.000826664
19.7705 0.000820325
19.8061 0.000814037
19.8416 0.000807799
19.8772 0.000801611
19.9128 0.000795473
19.9483 0.000789383
19.9839 0.000783343
20.0195 0.00077735
20.0551 0.000771405
20.0906 0.000765508
20.1262 0.000759658
20.1618 0.000753854
20.1973 0.000748097
20.2329 0.000742385
20.2685 0.000736719
20.3041 0.000731098
20.3396 0.000725522
20.3752 0.00071999
20.4108 0.000714502
20.4464 0.000709058
20.4819 0.000703657
20.5175 0.000698298
20.5531 0.000692983
20.5886 0.000687709
20.6242 0.000682477
20.6598 0.000677287
20.6954 0.000672138
20.7309 0.000667029
20.7665 0.000661961
20.8021 0.000656933
20.8376 0.000651945
20.8732 0.000646996
20.9088 0.000642087
20.9444 0.000637216
20.9799 0.000632383
21.0155 0.000627589
21.0511 0.000622832
21.0866 0.000618113
21.1222 0.000613431
21.1578 0.000608786
21.1934 0.000604178
21.2289 0.000599606
21.2645 0.00059507
21.3001 0.000590569
21.3356 0.000586104
21.3712 0.000581674
21.4068 0.000577279
21.4424 0.000572918
21.4779 0.000568592
21.5135 0.000564299
21.5491 0.00056004
21.5847 0.000555815
21.6202 0.000551622
