-3.13337 0.000923371
-3.11664 0.000954119
-3.09991 0.000985903
-3.08318 0.00101876
-3.06644 0.00105273
-3.04971 0.00108784
-3.03298 0.00112414
-3.01625 0.00116166
-2.99952 0.00120045
-2.98279 0.00124056
-2.96606 0.00128202
-2.94933 0.00132489
-2.9326 0.00136921
-2.91587 0.00141503
-2.89914 0.00146241
-2.8824 0.00151139
-2.86567 0.00156203
-2.84894 0.0016144
-2.83221 0.00166854
-2.81548 0.00172453
-2.79875 0.00178241
-2.78202 0.00184227
-2.76529 0.00190416
-2.74856 0.00196817
-2.73183 0.00203435
-2.71509 0.00210279
-2.69836 0.00217356
-2.68163 0.00224675
-2.6649 0.00232243
-2.64817 0.0024007
-2.63144 0.00248165
-2.61471 0.00256536
-2.59798 0.00265193
-2.58125 0.00274147
-2.56452 0.00283408
-2.54779 0.00292985
-2.53105 0.00302891
-2.51432 0.00313136
-2.49759 0.00323733
-2.48086 0.00334693
-2.46413 0.0034603
-2.4474 0.00357757
-2.43067 0.00369886
-2.41394 0.00382432
-2.39721 0.0039541
-2.38048 0.00408834
-2.36374 0.00422721
-2.34701 0.00437086
-2.33028 0.00451946
-2.31355 0.00467319
-2.29682 0.00483221
-2.28009 0.00499673
-2.26336 0.00516692
-2.24663 0.00534299
-2.2299 0.00552515
-2.21317 0.0057136
-2.19644 0.00590857
-2.1797 0.00611028
-2.16297 0.00631898
-2.14624 0.0065349
-2.12951 0.0067583
-2.11278 0.00698944
-2.09605 0.00722859
-2.07932 0.00747603
-2.06259 0.00773205
-2.04586 0.00799696
-2.02913 0.00827106
-2.01239 0.00855468
-1.99566 0.00884814
-1.97893 0.0091518
-1.9622 0.00946601
-1.94547 0.00979113
-1.92874 0.0101276
-1.91201 0.0104757
-1.89528 0.0108359
-1.87855 0.0112087
-1.86182 0.0115944
-1.84509 0.0119935
-1.82835 0.0124066
-1.81162 0.012834
-1.79489 0.0132762
-1.77816 0.0137339
-1.76143 0.0142075
-1.7447 0.0146975
-1.72797 0.0152046
-1.71124 0.0157294
-1.69451 0.0162724
-1.67778 0.0168343
-1.66104 0.0174157
-1.64431 0.0180173
-1.62758 0.0186398
-1.61085 0.0192839
-1.59412 0.0199504
-1.57739 0.02064
-1.56066 0.0213536
-1.54393 0.0220918
-1.5272 0.0228557
-1.51047 0.0236459
-1.49374 0.0244635
-1.477 0.0253094
-1.46027 0.0261844
-1.44354 0.0270897
-1.42681 0.028026
-1.41008 0.0289947
-1.39335 0.0299965
-1.37662 0.0310328
-1.35989 0.0321046
-1.34316 0.033213
-1.32643 0.0343592
-1.30969 0.0355445
-1.29296 0.0367702
-1.27623 0.0380374
-1.2595 0.0393475
-1.24277 0.0407018
-1.22604 0.0421018
-1.20931 0.0435488
-1.19258 0.0450442
-1.17585 0.0465895
-1.15912 0.0481863
-1.14239 0.0498359
-1.12565 0.0515401
-1.10892 0.0533002
-1.09219 0.055118
-1.07546 0.056995
-1.05873 0.0589328
-1.042 0.0609331
-1.02527 0.0629975
-1.00854 0.0651277
-0.991807 0.0673254
-0.975076 0.0695921
-0.958345 0.0719297
-0.941614 0.0743396
-0.924883 0.0768236
-0.908152 0.0793832
-0.891421 0.08202
-0.87469 0.0847356
-0.857959 0.0875314
-0.841228 0.0904089
-0.824497 0.0933694
-0.807766 0.0964143
-0.791036 0.0995447
-0.774305 0.102762
-0.757574 0.106067
-0.740843 0.10946
-0.724112 0.112942
-0.707381 0.116515
-0.69065 0.120177
-0.673919 0.12393
-0.657188 0.127774
-0.640457 0.131708
-0.623726 0.135731
-0.606995 0.139844
-0.590264 0.144045
-0.573533 0.148333
-0.556802 0.152705
-0.540071 0.157161
-0.52334 0.161698
-0.506609 0.166313
-0.489878 0.171004
-0.473148 0.175765
-0.456417 0.180595
-0.439686 0.185488
-0.422955 0.19044
-0.406224 0.195444
-0.389493 0.200497
-0.372762 0.205591
-0.356031 0.21072
-0.3393 0.215876
-0.322569 0.221053
-0.305838 0.226241
-0.289107 0.231434
-0.272376 0.236622
-0.255645 0.241796
-0.238914 0.246946
-0.222183 0.252064
-0.205452 0.257138
-0.188721 0.26216
-0.17199 0.267118
-0.155259 0.272003
-0.138529 0.276804
-0.121798 0.281511
-0.105067 0.286113
-0.0883357 0.290603
-0.0716047 0.294968
-0.0548738 0.299201
-0.0381428 0.303292
-0.0214119 0.307232
-0.00468092 0.311015
0.01205 0.314632
0.028781 0.318077
0.0455119 0.321344
0.0622429 0.324427
0.0789738 0.327322
0.0957048 0.330024
0.112436 0.332532
0.129167 0.334841
0.145898 0.336951
0.162629 0.33886
0.17936 0.340568
0.19609 0.342077
0.212821 0.343387
0.229552 0.344499
0.246283 0.345417
0.263014 0.346144
0.279745 0.346682
0.296476 0.347037
0.313207 0.347212
0.329938 0.347212
0.346669 0.347044
0.3634 0.346711
0.380131 0.34622
0.396862 0.345577
0.413593 0.344788
0.430324 0.34386
0.447055 0.342797
0.463786 0.341608
0.480517 0.340297
0.497248 0.338872
0.513979 0.337339
0.530709 0.335704
0.54744 0.333972
0.564171 0.332151
0.580902 0.330245
0.597633 0.328261
0.614364 0.326204
0.631095 0.324079
0.647826 0.321892
0.664557 0.319647
0.681288 0.31735
0.698019 0.315005
0.71475 0.312616
0.731481 0.310188
0.748212 0.307725
0.764943 0.30523
0.781674 0.302707
0.798405 0.300161
0.815136 0.297593
0.831867 0.295008
0.848597 0.292407
0.865328 0.289795
0.882059 0.287173
0.89879 0.284545
0.915521 0.281911
0.932252 0.279276
0.948983 0.27664
0.965714 0.274005
0.982445 0.271374
0.999176 0.268748
1.01591 0.266129
1.03264 0.263518
1.04937 0.260916
1.0661 0.258325
1.08283 0.255746
1.09956 0.253179
1.11629 0.250627
1.13302 0.248089
1.14975 0.245567
1.16649 0.243062
1.18322 0.240574
1.19995 0.238103
1.21668 0.235651
1.23341 0.233217
1.25014 0.230803
1.26687 0.228409
1.2836 0.226035
1.30033 0.223682
1.31706 0.221349
1.3338 0.219037
1.35053 0.216747
1.36726 0.214477
1.38399 0.21223
1.40072 0.210004
1.41745 0.2078
1.43418 0.205618
1.45091 0.203458
1.46764 0.20132
1.48437 0.199204
1.5011 0.197109
1.51784 0.195037
1.53457 0.192987
1.5513 0.190958
1.56803 0.188951
1.58476 0.186966
1.60149 0.185003
1.61822 0.183061
1.63495 0.18114
1.65168 0.179241
1.66841 0.177362
1.68514 0.175505
1.70188 0.173668
1.71861 0.171852
1.73534 0.170057
1.75207 0.168282
1.7688 0.166527
1.78553 0.164792
1.80226 0.163076
1.81899 0.161381
1.83572 0.159704
1.85245 0.158048
1.86919 0.15641
1.88592 0.154791
1.90265 0.15319
1.91938 0.151608
1.93611 0.150045
1.95284 0.148499
1.96957 0.146971
1.9863 0.145461
2.00303 0.143969
2.01976 0.142493
2.03649 0.141035
2.05323 0.139594
2.06996 0.138169
2.08669 0.136761
2.10342 0.13537
2.12015 0.133994
2.13688 0.132634
2.15361 0.131291
2.17034 0.129962
2.18707 0.128649
2.2038 0.127351
2.22054 0.126068
2.23727 0.1248
2.254 0.123547
2.27073 0.122308
2.28746 0.121083
2.30419 0.119873
2.32092 0.118676
2.33765 0.117493
2.35438 0.116324
2.37111 0.115168
2.38784 0.114025
2.40458 0.112895
2.42131 0.111778
2.43804 0.110674
2.45477 0.109583
2.4715 0.108503
2.48823 0.107437
2.50496 0.106382
2.52169 0.105339
2.53842 0.104308
2.55515 0.103289
2.57189 0.102281
2.58862 0.101284
2.60535 0.100299
2.62208 0.0993246
2.63881 0.0983613
2.65554 0.0974088
2.67227 0.0964669
2.689 0.0955355
2.70573 0.0946144
2.72246 0.0937037
2.73919 0.092803
2.75593 0.0919124
2.77266 0.0910316
2.78939 0.0901605
2.80612 0.089299
2.82285 0.0884471
2.83958 0.0876045
2.85631 0.0867711
2.87304 0.0859469
2.88977 0.0851317
2.9065 0.0843254
2.92324 0.083528
2.93997 0.0827392
2.9567 0.0819589
2.97343 0.0811872
2.99016 0.0804238
3.00689 0.0796687
3.02362 0.0789217
3.04035 0.0781827
3.05708 0.0774518
3.07381 0.0767286
3.09054 0.0760133
3.10728 0.0753056
3.12401 0.0746054
3.14074 0.0739127
3.15747 0.0732274
3.1742 0.0725494
3.19093 0.0718786
3.20766 0.0712149
3.22439 0.0705582
3.24112 0.0699085
3.25785 0.0692656
3.27459 0.0686295
3.29132 0.0680001
3.30805 0.0673772
3.32478 0.0667609
3.34151 0.066151
3.35824 0.0655475
3.37497 0.0649503
3.3917 0.0643593
3.40843 0.0637745
3.42516 0.0631957
3.44189 0.0626229
3.45863 0.062056
3.47536 0.061495
3.49209 0.0609397
3.50882 0.0603902
3.52555 0.0598463
3.54228 0.0593079
3.55901 0.0587751
3.57574 0.0582478
3.59247 0.0577258
3.6092 0.0572091
3.62594 0.0566976
3.64267 0.0561914
3.6594 0.0556903
3.67613 0.0551943
3.69286 0.0547033
3.70959 0.0542172
3.72632 0.053736
3.74305 0.0532597
3.75978 0.0527881
3.77651 0.0523213
3.79324 0.0518591
3.80998 0.0514016
3.82671 0.0509486
3.84344 0.0505001
3.86017 0.0500561
3.8769 0.0496165
3.89363 0.0491813
3.91036 0.0487504
3.92709 0.0483237
3.94382 0.0479012
3.96055 0.0474829
3.97729 0.0470687
3.99402 0.0466586
4.01075 0.0462525
4.02748 0.0458504
4.04421 0.0454522
4.06094 0.045058
4.07767 0.0446675
4.0944 0.0442809
4.11113 0.043898
4.12786 0.0435188
4.14459 0.0431433
4.16133 0.0427715
4.17806 0.0424032
4.19479 0.0420385
4.21152 0.0416773
4.22825 0.0413196
4.24498 0.0409653
4.26171 0.0406144
4.27844 0.0402669
4.29517 0.0399227
4.3119 0.0395818
4.32863 0.0392442
4.34537 0.0389097
4.3621 0.0385785
4.37883 0.0382504
4.39556 0.0379254
4.41229 0.0376035
4.42902 0.0372847
4.44575 0.0369688
4.46248 0.0366559
4.47921 0.036346
4.49594 0.036039
4.51268 0.0357349
4.52941 0.0354337
4.54614 0.0351353
4.56287 0.0348396
4.5796 0.0345468
4.59633 0.0342566
4.61306 0.0339692
4.62979 0.0336845
4.64652 0.0334024
4.66325 0.0331229
4.67998 0.032846
4.69672 0.0325717
4.71345 0.0322999
4.73018 0.0320307
4.74691 0.0317639
4.76364 0.0314996
4.78037 0.0312377
4.7971 0.0309782
4.81383 0.0307211
4.83056 0.0304664
4.84729 0.030214
4.86403 0.0299639
4.88076 0.0297161
4.89749 0.0294706
4.91422 0.0292273
4.93095 0.0289862
4.94768 0.0287473
4.96441 0.0285106
4.98114 0.0282761
4.99787 0.0280436
5.0146 0.0278133
5.03133 0.0275851
5.04807 0.0273589
5.0648 0.0271347
5.08153 0.0269126
5.09826 0.0266925
5.11499 0.0264743
5.13172 0.0262581
5.14845 0.0260439
5.16518 0.0258316
5.18191 0.0256212
5.19864 0.0254126
5.21538 0.0252059
5.23211 0.0250011
5.24884 0.0247981
5.26557 0.0245969
5.2823 0.0243975
5.29903 0.0241998
5.31576 0.024004
5.33249 0.0238098
5.34922 0.0236174
5.36595 0.0234267
5.38268 0.0232376
5.39942 0.0230502
5.41615 0.0228645
5.43288 0.0226804
5.44961 0.022498
5.46634 0.0223171
5.48307 0.0221378
5.4998 0.0219601
5.51653 0.021784
5.53326 0.0216094
5.54999 0.0214363
5.56673 0.0212647
5.58346 0.0210947
5.60019 0.0209261
5.61692 0.020759
5.63365 0.0205933
5.65038 0.0204291
5.66711 0.0202663
5.68384 0.0201049
5.70057 0.0199449
5.7173 0.0197863
5.73403 0.0196291
5.75077 0.0194732
5.7675 0.0193187
5.78423 0.0191655
5.80096 0.0190136
5.81769 0.0188631
5.83442 0.0187138
5.85115 0.0185658
5.86788 0.0184191
5.88461 0.0182736
5.90134 0.0181294
5.91808 0.0179864
5.93481 0.0178447
5.95154 0.0177041
5.96827 0.0175648
5.985 0.0174266
6.00173 0.0172896
6.01846 0.0171538
6.03519 0.0170191
6.05192 0.0168856
6.06865 0.0167532
6.08538 0.016622
6.10212 0.0164918
6.11885 0.0163628
6.13558 0.0162348
6.15231 0.0161079
6.16904 0.0159821
6.18577 0.0158574
6.2025 0.0157337
6.21923 0.0156111
6.23596 0.0154894
6.25269 0.0153688
6.26943 0.0152493
6.28616 0.0151307
6.30289 0.0150131
6.31962 0.0148965
6.33635 0.0147809
6.35308 0.0146662
6.36981 0.0145525
6.38654 0.0144397
6.40327 0.0143279
6.42 0.0142171
6.43673 0.0141071
6.45347 0.0139981
6.4702 0.0138899
6.48693 0.0137827
6.50366 0.0136763
6.52039 0.0135709
6.53712 0.0134663
6.55385 0.0133626
6.57058 0.0132597
6.58731 0.0131577
6.60404 0.0130565
6.62078 0.0129562
6.63751 0.0128567
6.65424 0.012758
6.67097 0.0126601
6.6877 0.012563
6.70443 0.0124668
6.72116 0.0123713
6.73789 0.0122766
6.75462 0.0121827
6.77135 0.0120895
6.78808 0.0119971
6.80482 0.0119055
6.82155 0.0118146
6.83828 0.0117245
6.85501 0.0116351
6.87174 0.0115464
6.88847 0.0114584
6.9052 0.0113712
6.92193 0.0112847
6.93866 0.0111988
6.95539 0.0111137
6.97213 0.0110293
6.98886 0.0109455
7.00559 0.0108625
7.02232 0.0107801
7.03905 0.0106984
7.05578 0.0106173
7.07251 0.0105369
7.08924 0.0104571
7.10597 0.010378
7.1227 0.0102995
7.13943 0.0102217
7.15617 0.0101445
7.1729 0.0100679
7.18963 0.0099919
7.20636 0.00991653
7.22309 0.00984177
7.23982 0.00976761
7.25655 0.00969405
7.27328 0.00962107
7.29001 0.00954868
7.30674 0.00947687
7.32347 0.00940564
7.34021 0.00933497
7.35694 0.00926487
7.37367 0.00919533
7.3904 0.00912635
7.40713 0.00905791
7.42386 0.00899002
7.44059 0.00892267
7.45732 0.00885586
7.47405 0.00878958
7.49078 0.00872383
7.50752 0.0086586
7.52425 0.00859388
7.54098 0.00852969
7.55771 0.008466
7.57444 0.00840281
7.59117 0.00834013
7.6079 0.00827794
7.62463 0.00821624
7.64136 0.00815503
7.65809 0.00809431
7.67482 0.00803406
7.69156 0.00797429
7.70829 0.00791499
7.72502 0.00785616
7.74175 0.0077978
7.75848 0.00773989
7.77521 0.00768244
7.79194 0.00762543
7.80867 0.00756888
7.8254 0.00751277
7.84213 0.00745711
7.85887 0.00740187
7.8756 0.00734707
7.89233 0.00729271
7.90906 0.00723876
7.92579 0.00718524
7.94252 0.00713214
7.95925 0.00707945
7.97598 0.00702717
7.99271 0.0069753
8.00944 0.00692384
8.02617 0.00687278
8.04291 0.00682211
8.05964 0.00677184
8.07637 0.00672197
8.0931 0.00667248
8.10983 0.00662337
8.12656 0.00657465
8.14329 0.0065263
8.16002 0.00647833
8.17675 0.00643073
8.19348 0.0063835
8.21022 0.00633664
8.22695 0.00629014
8.24368 0.006244
8.26041 0.00619822
8.27714 0.00615279
8.29387 0.00610771
8.3106 0.00606298
8.32733 0.00601859
8.34406 0.00597455
8.36079 0.00593085
8.37752 0.00588748
8.39426 0.00584445
8.41099 0.00580175
8.42772 0.00575938
8.44445 0.00571733
8.46118 0.00567561
8.47791 0.00563421
8.49464 0.00559312
8.51137 0.00555235
8.5281 0.00551189
8.54483 0.00547175
8.56157 0.00543191
8.5783 0.00539238
8.59503 0.00535314
8.61176 0.00531421
8.62849 0.00527558
8.64522 0.00523724
8.66195 0.0051992
8.67868 0.00516144
8.69541 0.00512397
8.71214 0.00508679
8.72887 0.0050499
8.74561 0.00501328
8.76234 0.00497694
8.77907 0.00494088
8.7958 0.00490509
8.81253 0.00486958
8.82926 0.00483434
8.84599 0.00479936
8.86272 0.00476465
8.87945 0.0047302
8.89618 0.00469601
8.91292 0.00466209
8.92965 0.00462842
8.94638 0.004595
8.96311 0.00456184
8.97984 0.00452893
8.99657 0.00449626
9.0133 0.00446385
9.03003 0.00443168
9.04676 0.00439975
9.06349 0.00436807
9.08022 0.00433662
9.09696 0.00430541
9.11369 0.00427443
9.13042 0.00424369
9.14715 0.00421318
9.16388 0.0041829
9.18061 0.00415285
9.19734 0.00412302
9.21407 0.00409342
9.2308 0.00406404
9.24753 0.00403488
9.26427 0.00400594
9.281 0.00397722
9.29773 0.00394871
9.31446 0.00392042
9.33119 0.00389234
9.34792 0.00386446
9.36465 0.0038368
9.38138 0.00380935
9.39811 0.0037821
9.41484 0.00375505
9.43157 0.00372821
9.44831 0.00370156
9.46504 0.00367512
9.48177 0.00364887
9.4985 0.00362282
9.51523 0.00359696
9.53196 0.0035713
9.54869 0.00354582
9.56542 0.00352054
9.58215 0.00349544
9.59888 0.00347054
9.61562 0.00344581
9.63235 0.00342127
9.64908 0.00339692
9.66581 0.00337274
9.68254 0.00334874
9.69927 0.00332493
9.716 0.00330128
9.73273 0.00327782
9.74946 0.00325453
9.76619 0.00323141
9.78292 0.00320846
9.79966 0.00318568
9.81639 0.00316307
9.83312 0.00314063
9.84985 0.00311835
9.86658 0.00309624
9.88331 0.00307429
9.90004 0.0030525
9.91677 0.00303088
9.9335 0.00300941
9.95023 0.00298811
9.96696 0.00296696
9.9837 0.00294596
10.0004 0.00292512
10.0172 0.00290444
10.0339 0.0028839
10.0506 0.00286352
10.0674 0.00284329
10.0841 0.0028232
10.1008 0.00280327
10.1175 0.00278348
10.1343 0.00276383
10.151 0.00274433
10.1677 0.00272497
10.1845 0.00270576
10.2012 0.00268669
10.2179 0.00266775
10.2347 0.00264896
10.2514 0.0026303
10.2681 0.00261178
10.2849 0.00259339
10.3016 0.00257514
10.3183 0.00255702
10.335 0.00253904
10.3518 0.00252119
10.3685 0.00250346
10.3852 0.00248587
10.402 0.0024684
10.4187 0.00245107
10.4354 0.00243386
10.4522 0.00241677
10.4689 0.00239981
10.4856 0.00238297
10.5024 0.00236626
10.5191 0.00234966
10.5358 0.00233319
10.5525 0.00231684
10.5693 0.00230061
10.586 0.00228449
10.6027 0.00226849
10.6195 0.00225261
10.6362 0.00223685
10.6529 0.00222119
10.6697 0.00220566
10.6864 0.00219023
10.7031 0.00217492
10.7199 0.00215972
10.7366 0.00214462
10.7533 0.00212964
10.7701 0.00211477
10.7868 0.0021
10.8035 0.00208534
10.8202 0.00207079
10.837 0.00205634
10.8537 0.002042
10.8704 0.00202776
10.8872 0.00201362
10.9039 0.00199958
10.9206 0.00198565
10.9374 0.00197182
10.9541 0.00195808
10.9708 0.00194445
10.9876 0.00193091
11.0043 0.00191748
11.021 0.00190413
11.0377 0.00189089
11.0545 0.00187774
11.0712 0.00186468
11.0879 0.00185172
11.1047 0.00183886
11.1214 0.00182608
11.1381 0.0018134
11.1549 0.00180081
11.1716 0.0017883
11.1883 0.00177589
11.2051 0.00176357
11.2218 0.00175134
11.2385 0.00173919
11.2552 0.00172713
11.272 0.00171516
11.2887 0.00170327
11.3054 0.00169147
11.3222 0.00167975
11.3389 0.00166812
11.3556 0.00165657
11.3724 0.0016451
11.3891 0.00163372
11.4058 0.00162241
11.4226 0.00161119
11.4393 0.00160005
11.456 0.00158899
11.4728 0.001578
11.4895 0.0015671
11.5062 0.00155627
11.5229 0.00154552
11.5397 0.00153485
11.5564 0.00152425
11.5731 0.00151373
11.5899 0.00150328
11.6066 0.00149291
11.6233 0.00148261
11.6401 0.00147239
11.6568 0.00146223
11.6735 0.00145215
11.6903 0.00144215
11.707 0.00143221
11.7237 0.00142234
11.7404 0.00141255
11.7572 0.00140282
11.7739 0.00139316
11.7906 0.00138358
11.8074 0.00137406
11.8241 0.0013646
11.8408 0.00135522
11.8576 0.0013459
11.8743 0.00133665
11.891 0.00132746
11.9078 0.00131834
11.9245 0.00130928
11.9412 0.00130029
11.9579 0.00129136
11.9747 0.00128249
11.9914 0.00127369
12.0081 0.00126495
12.0249 0.00125627
12.0416 0.00124765
12.0583 0.00123909
12.0751 0.0012306
12.0918 0.00122216
12.1085 0.00121378
12.1253 0.00120547
12.142 0.00119721
12.1587 0.00118901
12.1755 0.00118086
12.1922 0.00117278
12.2089 0.00116475
12.2256 0.00115678
12.2424 0.00114886
12.2591 0.001141
12.2758 0.0011332
12.2926 0.00112545
12.3093 0.00111776
12.326 0.00111012
12.3428 0.00110253
12.3595 0.001095
12.3762 0.00108752
12.393 0.00108009
12.4097 0.00107271
12.4264 0.00106539
12.4431 0.00105812
12.4599 0.0010509
12.4766 0.00104373
12.4933 0.00103661
12.5101 0.00102954
12.5268 0.00102252
12.5435 0.00101555
12.5603 0.00100863
12.577 0.00100175
12.5937 0.000994927
12.6105 0.00098815
12.6272 0.00098142
12.6439 0.000974737
12.6606 0.000968101
12.6774 0.000961512
12.6941 0.000954969
12.7108 0.000948471
12.7276 0.000942019
12.7443 0.000935613
12.761 0.000929251
12.7778 0.000922933
12.7945 0.00091666
12.8112 0.00091043
12.828 0.000904244
12.8447 0.000898102
12.8614 0.000892002
12.8782 0.000885944
12.8949 0.000879929
12.9116 0.000873956
12.9283 0.000868025
12.9451 0.000862135
12.9618 0.000856286
12.9785 0.000850478
12.9953 0.000844711
13.012 0.000838983
13.0287 0.000833296
13.0455 0.000827648
13.0622 0.000822039
13.0789 0.000816469
13.0957 0.000810939
13.1124 0.000805446
13.1291 0.000799992
13.1458 0.000794576
13.1626 0.000789198
13.1793 0.000783857
13.196 0.000778553
13.2128 0.000773286
13.2295 0.000768055
13.2462 0.000762861
13.263 0.000757703
13.2797 0.00075258
13.2964 0.000747494
13.3132 0.000742442
13.3299 0.000737426
13.3466 0.000732444
13.3633 0.000727497
13.3801 0.000722584
13.3968 0.000717705
13.4135 0.00071286
13.4303 0.000708049
13.447 0.000703271
13.4637 0.000698526
13.4805 0.000693814
13.4972 0.000689134
13.5139 0.000684487
13.5307 0.000679872
13.5474 0.000675289
13.5641 0.000670738
13.5809 0.000666218
