0.00334103 0.00903402
0.0771972 0.0127916
0.151053 0.0174219
0.22491 0.0228596
0.298766 0.0289646
0.372622 0.0355437
0.446478 0.0423791
0.520334 0.0492563
0.59419 0.0559861
0.668046 0.0624159
0.741903 0.0684338
0.815759 0.0739668
0.889615 0.0789752
0.963471 0.0834457
1.03733 0.0873848
1.11118 0.090813
1.18504 0.0937595
1.2589 0.096259
1.33275 0.0983483
1.40661 0.100065
1.48046 0.101445
1.55432 0.102524
1.62818 0.103334
1.70203 0.103904
1.77589 0.104262
1.84975 0.104434
1.9236 0.10444
1.99746 0.104302
2.07131 0.104037
2.14517 0.103661
2.21903 0.103189
2.29288 0.102632
2.36674 0.102004
2.44059 0.101312
2.51445 0.100567
2.58831 0.0997753
2.66216 0.0989448
2.73602 0.0980815
2.80988 0.0971906
2.88373 0.096277
2.95759 0.095345
3.03144 0.0943983
3.1053 0.0934402
3.17916 0.0924735
3.25301 0.091501
3.32687 0.0905249
3.40072 0.0895471
3.47458 0.0885695
3.54844 0.0875935
3.62229 0.0866206
3.69615 0.0856519
3.77001 0.0846884
3.84386 0.0837311
3.91772 0.0827808
3.99157 0.0818381
4.06543 0.0809035
4.13929 0.0799777
4.21314 0.079061
4.287 0.0781538
4.36085 0.0772563
4.43471 0.0763689
4.50857 0.0754917
4.58242 0.0746249
4.65628 0.0737686
4.73014 0.0729229
4.80399 0.0720878
4.87785 0.0712635
4.9517 0.0704498
5.02556 0.0696469
5.09942 0.0688546
5.17327 0.0680729
5.24713 0.0673017
5.32098 0.0665411
5.39484 0.0657909
5.4687 0.065051
5.54255 0.0643214
5.61641 0.0636018
5.69027 0.0628923
5.76412 0.0621927
5.83798 0.0615029
5.91183 0.0608228
5.98569 0.0601522
6.05955 0.059491
6.1334 0.0588391
6.20726 0.0581963
6.28111 0.0575626
6.35497 0.0569378
6.42883 0.0563217
6.50268 0.0557143
6.57654 0.0551154
6.6504 0.0545248
6.72425 0.0539425
6.79811 0.0533683
6.87196 0.052802
6.94582 0.0522436
7.01968 0.051693
7.09353 0.0511499
7.16739 0.0506143
7.24124 0.0500861
7.3151 0.0495651
7.38896 0.0490512
7.46281 0.0485443
7.53667 0.0480443
7.61053 0.0475511
7.68438 0.0470645
7.75824 0.0465845
7.83209 0.0461109
7.90595 0.0456437
7.97981 0.0451827
8.05366 0.0447278
8.12752 0.0442789
8.20137 0.0438359
8.27523 0.0433988
8.34909 0.0429674
8.42294 0.0425416
8.4968 0.0421214
8.57066 0.0417066
8.64451 0.0412972
8.71837 0.040893
8.79222 0.0404941
8.86608 0.0401002
8.93994 0.0397114
9.01379 0.0393275
9.08765 0.0389484
9.1615 0.0385741
9.23536 0.0382046
9.30922 0.0378396
9.38307 0.0374792
9.45693 0.0371233
9.53079 0.0367718
9.60464 0.0364246
9.6785 0.0360817
9.75235 0.035743
9.82621 0.0354084
9.90007 0.0350779
9.97392 0.0347514
10.0478 0.0344288
10.1216 0.0341102
10.1955 0.0337953
10.2693 0.0334842
10.3432 0.0331768
10.4171 0.0328731
10.4909 0.0325729
10.5648 0.0322763
10.6386 0.0319832
10.7125 0.0316934
10.7863 0.0314071
10.8602 0.0311241
10.9341 0.0308444
11.0079 0.0305679
11.0818 0.0302946
11.1556 0.0300244
11.2295 0.0297573
11.3033 0.0294932
11.3772 0.0292322
11.451 0.028974
11.5249 0.0287188
11.5988 0.0284665
11.6726 0.028217
11.7465 0.0279703
11.8203 0.0277263
11.8942 0.027485
11.968 0.0272464
12.0419 0.0270104
12.1158 0.0267771
12.1896 0.0265462
12.2635 0.0263179
12.3373 0.0260921
12.4112 0.0258687
12.485 0.0256477
12.5589 0.0254292
12.6327 0.0252129
12.7066 0.024999
12.7805 0.0247874
12.8543 0.024578
12.9282 0.0243708
13.002 0.0241658
13.0759 0.023963
13.1497 0.0237624
13.2236 0.0235638
13.2974 0.0233673
13.3713 0.0231729
13.4452 0.0229804
13.519 0.02279
13.5929 0.0226015
13.6667 0.022415
13.7406 0.0222304
13.8144 0.0220477
13.8883 0.0218669
13.9622 0.0216879
14.036 0.0215107
14.1099 0.0213353
14.1837 0.0211617
14.2576 0.0209898
14.3314 0.0208197
14.4053 0.0206512
14.4791 0.0204845
14.553 0.0203194
14.6269 0.0201559
14.7007 0.0199941
14.7746 0.0198339
14.8484 0.0196752
14.9223 0.0195181
14.9961 0.0193626
15.07 0.0192085
15.1439 0.019056
15.2177 0.018905
15.2916 0.0187554
15.3654 0.0186073
15.4393 0.0184606
15.5131 0.0183153
15.587 0.0181714
15.6608 0.0180289
15.7347 0.0178878
15.8086 0.017748
15.8824 0.0176095
15.9563 0.0174723
16.0301 0.0173365
16.104 0.0172019
16.1778 0.0170686
16.2517 0.0169366
16.3256 0.0168058
16.3994 0.0166762
16.4733 0.0165478
16.5471 0.0164206
16.621 0.0162946
16.6948 0.0161698
16.7687 0.0160461
16.8425 0.0159236
16.9164 0.0158021
16.9903 0.0156819
17.0641 0.0155627
17.138 0.0154446
17.2118 0.0153275
17.2857 0.0152116
17.3595 0.0150967
17.4334 0.0149828
17.5073 0.01487
17.5811 0.0147582
17.655 0.0146473
17.7288 0.0145375
17.8027 0.0144287
17.8765 0.0143208
17.9504 0.0142139
18.0242 0.014108
18.0981 0.014003
18.172 0.0138989
18.2458 0.0137958
18.3197 0.0136936
18.3935 0.0135922
18.4674 0.0134918
18.5412 0.0133922
18.6151 0.0132935
18.6889 0.0131957
18.7628 0.0130987
18.8367 0.0130026
18.9105 0.0129073
18.9844 0.0128129
19.0582 0.0127192
19.1321 0.0126264
19.2059 0.0125343
19.2798 0.0124431
19.3537 0.0123526
19.4275 0.0122629
19.5014 0.012174
19.5752 0.0120859
19.6491 0.0119985
19.7229 0.0119118
19.7968 0.0118259
19.8706 0.0117407
19.9445 0.0116562
20.0184 0.0115724
20.0922 0.0114894
20.1661 0.011407
20.2399 0.0113254
20.3138 0.0112444
20.3876 0.0111641
20.4615 0.0110845
20.5354 0.0110055
20.6092 0.0109272
20.6831 0.0108495
20.7569 0.0107725
20.8308 0.0106961
20.9046 0.0106204
20.9785 0.0105453
21.0523 0.0104708
21.1262 0.0103969
21.2001 0.0103236
21.2739 0.0102509
21.3478 0.0101789
21.4216 0.0101074
21.4955 0.0100365
21.5693 0.00996612
21.6432 0.00989636
21.7171 0.00982716
21.7909 0.00975853
21.8648 0.00969045
21.9386 0.00962292
22.0125 0.00955594
22.0863 0.00948949
22.1602 0.00942358
22.234 0.0093582
22.3079 0.00929334
22.3818 0.009229
22.4556 0.00916518
22.5295 0.00910186
22.6033 0.00903905
22.6772 0.00897674
22.751 0.00891493
22.8249 0.0088536
22.8988 0.00879276
22.9726 0.0087324
23.0465 0.00867251
23.1203 0.0086131
23.1942 0.00855416
23.268 0.00849567
23.3419 0.00843765
23.4157 0.00838008
23.4896 0.00832297
23.5635 0.00826629
23.6373 0.00821006
23.7112 0.00815427
23.785 0.00809891
23.8589 0.00804399
23.9327 0.00798948
24.0066 0.0079354
24.0804 0.00788174
24.1543 0.0078285
24.2282 0.00777566
24.302 0.00772323
24.3759 0.0076712
24.4497 0.00761957
24.5236 0.00756834
24.5974 0.0075175
24.6713 0.00746705
24.7452 0.00741699
24.819 0.0073673
24.8929 0.007318
24.9667 0.00726907
25.0406 0.00722051
25.1144 0.00717232
25.1883 0.0071245
25.2621 0.00707703
25.336 0.00702993
25.4099 0.00698318
25.4837 0.00693678
25.5576 0.00689074
25.6314 0.00684503
25.7053 0.00679968
25.7791 0.00675466
25.853 0.00670998
25.9269 0.00666563
26.0007 0.00662162
26.0746 0.00657793
26.1484 0.00653457
26.2223 0.00649153
26.2961 0.00644881
26.37 0.00640641
26.4438 0.00636432
26.5177 0.00632254
26.5916 0.00628108
26.6654 0.00623992
26.7393 0.00619906
26.8131 0.0061585
26.887 0.00611824
26.9608 0.00607828
27.0347 0.00603862
27.1086 0.00599924
27.1824 0.00596015
27.2563 0.00592135
27.3301 0.00588283
27.404 0.00584459
27.4778 0.00580663
27.5517 0.00576895
27.6255 0.00573154
27.6994 0.0056944
27.7733 0.00565754
27.8471 0.00562094
27.921 0.0055846
27.9948 0.00554853
28.0687 0.00551272
28.1425 0.00547717
28.2164 0.00544187
28.2903 0.00540683
28.3641 0.00537204
28.438 0.0053375
28.5118 0.0053032
28.5857 0.00526916
28.6595 0.00523535
28.7334 0.00520179
28.8072 0.00516847
28.8811 0.00513539
28.955 0.00510254
29.0288 0.00506993
29.1027 0.00503755
29.1765 0.0050054
29.2504 0.00497348
29.3242 0.00494178
29.3981 0.00491031
29.4719 0.00487906
29.5458 0.00484803
29.6197 0.00481722
29.6935 0.00478663
29.7674 0.00475626
29.8412 0.0047261
29.9151 0.00469615
29.9889 0.00466641
30.0628 0.00463688
30.1367 0.00460756
30.2105 0.00457844
30.2844 0.00454953
30.3582 0.00452082
30.4321 0.0044923
30.5059 0.00446399
30.5798 0.00443588
30.6536 0.00440796
30.7275 0.00438024
30.8014 0.00435271
30.8752 0.00432537
30.9491 0.00429822
31.0229 0.00427126
31.0968 0.00424448
31.1706 0.00421789
31.2445 0.00419149
31.3184 0.00416526
31.3922 0.00413922
31.4661 0.00411336
31.5399 0.00408767
31.6138 0.00406216
31.6876 0.00403683
31.7615 0.00401167
31.8353 0.00398669
31.9092 0.00396187
31.9831 0.00393723
32.0569 0.00391275
32.1308 0.00388844
32.2046 0.0038643
32.2785 0.00384032
32.3523 0.00381651
32.4262 0.00379286
32.5001 0.00376937
32.5739 0.00374604
32.6478 0.00372286
32.7216 0.00369985
32.7955 0.00367699
32.8693 0.00365428
32.9432 0.00363173
33.017 0.00360934
33.0909 0.00358709
33.1648 0.00356499
33.2386 0.00354305
33.3125 0.00352125
33.3863 0.0034996
33.4602 0.00347809
33.534 0.00345673
33.6079 0.00343551
33.6818 0.00341443
33.7556 0.0033935
33.8295 0.00337271
33.9033 0.00335205
33.9772 0.00333154
34.051 0.00331116
34.1249 0.00329091
34.1987 0.00327081
34.2726 0.00325083
34.3465 0.00323099
34.4203 0.00321128
34.4942 0.00319171
34.568 0.00317226
34.6419 0.00315294
34.7157 0.00313375
34.7896 0.00311469
34.8634 0.00309575
34.9373 0.00307694
35.0112 0.00305826
35.085 0.00303969
35.1589 0.00302125
35.2327 0.00300294
35.3066 0.00298474
35.3804 0.00296666
35.4543 0.0029487
35.5282 0.00293086
35.602 0.00291314
35.6759 0.00289554
35.7497 0.00287805
35.8236 0.00286067
35.8974 0.00284341
35.9713 0.00282626
36.0451 0.00280922
36.119 0.0027923
36.1929 0.00277549
36.2667 0.00275878
36.3406 0.00274219
36.4144 0.0027257
36.4883 0.00270932
36.5621 0.00269305
36.636 0.00267688
36.7099 0.00266082
36.7837 0.00264486
36.8576 0.00262901
36.9314 0.00261326
37.0053 0.00259761
37.0791 0.00258206
37.153 0.00256662
37.2268 0.00255127
37.3007 0.00253602
37.3746 0.00252088
37.4484 0.00250583
37.5223 0.00249087
37.5961 0.00247602
37.67 0.00246125
37.7438 0.00244659
37.8177 0.00243202
37.8916 0.00241754
37.9654 0.00240315
38.0393 0.00238886
38.1131 0.00237466
38.187 0.00236055
38.2608 0.00234653
38.3347 0.0023326
38.4085 0.00231876
38.4824 0.00230501
38.5563 0.00229135
38.6301 0.00227777
38.704 0.00226428
38.7778 0.00225088
38.8517 0.00223756
38.9255 0.00222433
38.9994 0.00221118
39.0732 0.00219812
39.1471 0.00218513
39.221 0.00217223
39.2948 0.00215942
39.3687 0.00214668
39.4425 0.00213403
39.5164 0.00212145
39.5902 0.00210896
39.6641 0.00209654
39.738 0.0020842
39.8118 0.00207194
39.8857 0.00205976
39.9595 0.00204766
40.0334 0.00203563
40.1072 0.00202367
40.1811 0.0020118
40.2549 0.00199999
40.3288 0.00198827
40.4027 0.00197661
40.4765 0.00196503
40.5504 0.00195352
40.6242 0.00194209
40.6981 0.00193072
40.7719 0.00191943
40.8458 0.00190821
40.9197 0.00189706
40.9935 0.00188597
41.0674 0.00187496
41.1412 0.00186402
41.2151 0.00185314
41.2889 0.00184233
41.3628 0.0018316
41.4366 0.00182092
41.5105 0.00181032
41.5844 0.00179978
41.6582 0.0017893
41.7321 0.00177889
41.8059 0.00176855
41.8798 0.00175827
41.9536 0.00174805
42.0275 0.0017379
42.1014 0.00172781
42.1752 0.00171778
42.2491 0.00170782
42.3229 0.00169792
42.3968 0.00168807
42.4706 0.00167829
42.5445 0.00166857
42.6183 0.00165891
42.6922 0.00164931
42.7661 0.00163977
42.8399 0.00163029
42.9138 0.00162087
42.9876 0.0016115
43.0615 0.00160219
43.1353 0.00159294
43.2092 0.00158375
43.2831 0.00157461
43.3569 0.00156553
43.4308 0.00155651
43.5046 0.00154754
43.5785 0.00153862
43.6523 0.00152976
43.7262 0.00152096
43.8 0.00151221
43.8739 0.00150351
43.9478 0.00149487
44.0216 0.00148628
44.0955 0.00147774
44.1693 0.00146925
44.2432 0.00146082
44.317 0.00145243
44.3909 0.0014441
44.4647 0.00143582
44.5386 0.00142759
44.6125 0.00141941
44.6863 0.00141128
44.7602 0.0014032
44.834 0.00139517
44.9079 0.00138718
44.9817 0.00137925
45.0556 0.00137136
45.1295 0.00136352
45.2033 0.00135573
45.2772 0.00134799
45.351 0.00134029
45.4249 0.00133264
45.4987 0.00132504
45.5726 0.00131748
45.6464 0.00130997
45.7203 0.00130251
45.7942 0.00129508
45.868 0.00128771
45.9419 0.00128038
46.0157 0.00127309
46.0896 0.00126585
46.1634 0.00125865
46.2373 0.00125149
46.3112 0.00124438
46.385 0.00123731
46.4589 0.00123028
46.5327 0.0012233
46.6066 0.00121635
46.6804 0.00120945
46.7543 0.00120259
46.8281 0.00119577
46.902 0.00118899
46.9759 0.00118226
47.0497 0.00117556
47.1236 0.0011689
47.1974 0.00116229
47.2713 0.00115571
47.3451 0.00114917
47.419 0.00114267
47.4929 0.00113621
47.5667 0.00112979
47.6406 0.00112341
47.7144 0.00111707
47.7883 0.00111076
47.8621 0.00110449
47.936 0.00109826
48.0098 0.00109207
48.0837 0.00108591
48.1576 0.00107979
48.2314 0.0010737
48.3053 0.00106765
48.3791 0.00106164
48.453 0.00105567
48.5268 0.00104973
48.6007 0.00104382
48.6746 0.00103795
48.7484 0.00103211
48.8223 0.00102631
48.8961 0.00102055
48.97 0.00101482
49.0438 0.00100912
49.1177 0.00100345
49.1915 0.000997821
49.2654 0.000992224
49.3393 0.000986659
49.4131 0.000981128
49.487 0.000975629
49.5608 0.000970163
49.6347 0.000964728
49.7085 0.000959327
49.7824 0.000953956
49.8562 0.000948618
49.9301 0.000943311
50.004 0.000938035
50.0778 0.000932791
50.1517 0.000927577
50.2255 0.000922394
50.2994 0.000917242
50.3732 0.00091212
50.4471 0.000907028
50.521 0.000901966
50.5948 0.000896933
50.6687 0.00089193
50.7425 0.000886957
50.8164 0.000882013
50.8902 0.000877098
50.9641 0.000872211
51.0379 0.000867353
51.1118 0.000862524
51.1857 0.000857723
51.2595 0.00085295
51.3334 0.000848205
51.4072 0.000843488
51.4811 0.000838798
51.5549 0.000834136
51.6288 0.000829501
51.7027 0.000824893
51.7765 0.000820312
51.8504 0.000815758
51.9242 0.00081123
51.9981 0.000806729
52.0719 0.000802254
52.1458 0.000797805
52.2196 0.000793382
52.2935 0.000788985
52.3674 0.000784613
52.4412 0.000780267
52.5151 0.000775946
52.5889 0.00077165
52.6628 0.000767379
52.7366 0.000763133
52.8105 0.000758911
52.8844 0.000754714
52.9582 0.000750542
53.0321 0.000746393
53.1059 0.000742269
53.1798 0.000738169
53.2536 0.000734092
53.3275 0.000730039
53.4013 0.000726009
53.4752 0.000722003
53.5491 0.00071802
53.6229 0.00071406
53.6968 0.000710123
53.7706 0.000706208
53.8445 0.000702317
53.9183 0.000698447
53.9922 0.0006946
54.0661 0.000690776
54.1399 0.000686973
54.2138 0.000683192
54.2876 0.000679433
54.3615 0.000675696
54.4353 0.00067198
54.5092 0.000668286
54.583 0.000664613
54.6569 0.000660961
54.7308 0.00065733
54.8046 0.00065372
54.8785 0.00065013
54.9523 0.000646562
55.0262 0.000643013
55.1 0.000639486
55.1739 0.000635978
55.2477 0.000632491
55.3216 0.000629023
55.3955 0.000625576
55.4693 0.000622148
55.5432 0.00061874
55.617 0.000615351
55.6909 0.000611982
55.7647 0.000608632
55.8386 0.000605301
55.9125 0.000601989
55.9863 0.000598697
56.0602 0.000595423
56.134 0.000592168
56.2079 0.000588931
56.2817 0.000585713
56.3556 0.000582513
56.4294 0.000579331
56.5033 0.000576168
56.5772 0.000573023
56.651 0.000569895
56.7249 0.000566786
56.7987 0.000563694
56.8726 0.00056062
56.9464 0.000557563
57.0203 0.000554524
57.0942 0.000551502
57.168 0.000548497
57.2419 0.000545509
57.3157 0.000542538
57.3896 0.000539585
57.4634 0.000536647
57.5373 0.000533727
57.6111 0.000530823
57.685 0.000527936
57.7589 0.000525065
57.8327 0.00052221
57.9066 0.000519372
57.9804 0.000516549
58.0543 0.000513743
58.1281 0.000510952
58.202 0.000508178
58.2759 0.000505419
58.3497 0.000502675
58.4236 0.000499947
58.4974 0.000497235
58.5713 0.000494538
58.6451 0.000491856
58.719 0.000489189
58.7928 0.000486538
58.8667 0.000483901
58.9406 0.000481279
59.0144 0.000478672
59.0883 0.00047608
59.1621 0.000473503
59.236 0.000470939
59.3098 0.000468391
59.3837 0.000465857
59.4575 0.000463337
59.5314 0.000460831
59.6053 0.000458339
59.6791 0.000455861
59.753 0.000453398
59.8268 0.000450948
59.9007 0.000448512
59.9745 0.000446089
60.0484 0.00044368
60.1223 0.000441285
60.1961 0.000438903
60.27 0.000436535
60.3438 0.00043418
60.4177 0.000431838
60.4915 0.000429509
60.5654 0.000427193
60.6392 0.000424891
60.7131 0.000422601
60.787 0.000420324
60.8608 0.00041806
60.9347 0.000415808
61.0085 0.000413569
61.0824 0.000411343
61.1562 0.000409129
61.2301 0.000406927
61.304 0.000404738
61.3778 0.000402561
61.4517 0.000400396
61.5255 0.000398243
61.5994 0.000396103
61.6732 0.000393974
61.7471 0.000391857
61.8209 0.000389752
61.8948 0.000387659
61.9687 0.000385577
62.0425 0.000383507
62.1164 0.000381449
62.1902 0.000379402
62.2641 0.000377366
62.3379 0.000375342
62.4118 0.000373329
62.4857 0.000371327
62.5595 0.000369336
62.6334 0.000367357
62.7072 0.000365388
62.7811 0.000363431
62.8549 0.000361484
62.9288 0.000359548
63.0026 0.000357623
63.0765 0.000355708
63.1504 0.000353805
63.2242 0.000351911
63.2981 0.000350029
63.3719 0.000348156
63.4458 0.000346294
63.5196 0.000344443
63.5935 0.000342602
63.6674 0.00034077
63.7412 0.00033895
63.8151 0.000337139
63.8889 0.000335338
63.9628 0.000333547
64.0366 0.000331766
64.1105 0.000329995
64.1843 0.000328234
64.2582 0.000326482
64.3321 0.00032474
64.4059 0.000323008
64.4798 0.000321286
64.5536 0.000319572
64.6275 0.000317869
64.7013 0.000316174
64.7752 0.00031449
64.849 0.000312814
64.9229 0.000311148
64.9968 0.000309491
65.0706 0.000307843
65.1445 0.000306204
65.2183 0.000304574
65.2922 0.000302953
65.366 0.000301341
65.4399 0.000299738
65.5138 0.000298144
65.5876 0.000296558
65.6615 0.000294981
65.7353 0.000293413
65.8092 0.000291854
65.883 0.000290303
65.9569 0.000288761
66.0307 0.000287227
66.1046 0.000285701
66.1785 0.000284184
66.2523 0.000282676
66.3262 0.000281175
66.4 0.000279683
66.4739 0.000278199
66.5477 0.000276723
66.6216 0.000275256
66.6955 0.000273796
66.7693 0.000272344
66.8432 0.000270901
66.917 0.000269465
66.9909 0.000268037
67.0647 0.000266617
67.1386 0.000265204
67.2124 0.0002638
67.2863 0.000262403
67.3602 0.000261014
67.434 0.000259632
67.5079 0.000258258
67.5817 0.000256891
67.6556 0.000255532
67.7294 0.000254181
67.8033 0.000252836
67.8772 0.0002515
67.951 0.00025017
68.0249 0.000248848
68.0987 0.000247532
68.1726 0.000246225
68.2464 0.000244924
68.3203 0.00024363
68.3941 0.000242343
68.468 0.000241064
68.5419 0.000239791
68.6157 0.000238525
68.6896 0.000237267
68.7634 0.000236015
68.8373 0.000234769
68.9111 0.000233531
68.985 0.0002323
69.0589 0.000231075
69.1327 0.000229856
69.2066 0.000228645
69.2804 0.00022744
69.3543 0.000226241
69.4281 0.000225049
69.502 0.000223864
69.5758 0.000222685
69.6497 0.000221512
69.7236 0.000220346
69.7974 0.000219186
69.8713 0.000218033
69.9451 0.000216885
70.019 0.000215744
70.0928 0.000214609
70.1667 0.000213481
70.2405 0.000212358
70.3144 0.000211242
70.3883 0.000210131
70.4621 0.000209027
70.536 0.000207928
70.6098 0.000206836
70.6837 0.000205749
70.7575 0.000204668
70.8314 0.000203594
70.9053 0.000202525
70.9791 0.000201461
71.053 0.000200404
71.1268 0.000199352
71.2007 0.000198306
71.2745 0.000197266
71.3484 0.000196231
71.4222 0.000195202
71.4961 0.000194178
71.57 0.00019316
71.6438 0.000192147
71.7177 0.00019114
71.7915 0.000190139
71.8654 0.000189142
71.9392 0.000188151
72.0131 0.000187166
72.087 0.000186186
72.1608 0.000185211
72.2347 0.000184241
72.3085 0.000183277
72.3824 0.000182317
72.4562 0.000181363
72.5301 0.000180414
72.6039 0.000179471
72.6778 0.000178532
72.7517 0.000177598
72.8255 0.00017667
72.8994 0.000175746
72.9732 0.000174827
73.0471 0.000173914
73.1209 0.000173005
73.1948 0.000172101
73.2687 0.000171202
73.3425 0.000170308
73.4164 0.000169418
73.4902 0.000168534
73.5641 0.000167654
73.6379 0.000166779
73.7118 0.000165908
73.7856 0.000165042
