-3.97802 0.00102931
-3.97072 0.00104384
-3.96342 0.00105856
-3.95612 0.00107349
-3.94882 0.00108863
-3.94151 0.00110398
-3.93421 0.00111954
-3.92691 0.00113532
-3.91961 0.00115132
-3.91231 0.00116754
-3.90501 0.00118399
-3.89771 0.00120067
-3.8904 0.00121758
-3.8831 0.00123473
-3.8758 0.00125211
-3.8685 0.00126974
-3.8612 0.00128761
-3.8539 0.00130573
-3.8466 0.0013241
-3.83929 0.00134273
-3.83199 0.00136162
-3.82469 0.00138076
-3.81739 0.00140018
-3.81009 0.00141986
-3.80279 0.00143982
-3.79549 0.00146006
-3.78818 0.00148057
-3.78088 0.00150137
-3.77358 0.00152246
-3.76628 0.00154385
-3.75898 0.00156552
-3.75168 0.0015875
-3.74438 0.00160979
-3.73707 0.00163238
-3.72977 0.00165529
-3.72247 0.00167851
-3.71517 0.00170205
-3.70787 0.00172592
-3.70057 0.00175013
-3.69327 0.00177466
-3.68596 0.00179954
-3.67866 0.00182476
-3.67136 0.00185032
-3.66406 0.00187625
-3.65676 0.00190253
-3.64946 0.00192917
-3.64216 0.00195618
-3.63485 0.00198357
-3.62755 0.00201133
-3.62025 0.00203947
-3.61295 0.00206801
-3.60565 0.00209694
-3.59835 0.00212626
-3.59105 0.002156
-3.58374 0.00218614
-3.57644 0.00221669
-3.56914 0.00224767
-3.56184 0.00227908
-3.55454 0.00231091
-3.54724 0.00234319
-3.53994 0.00237591
-3.53263 0.00240908
-3.52533 0.0024427
-3.51803 0.00247679
-3.51073 0.00251135
-3.50343 0.00254638
-3.49613 0.0025819
-3.48883 0.0026179
-3.48153 0.0026544
-3.47422 0.00269139
-3.46692 0.0027289
-3.45962 0.00276692
-3.45232 0.00280546
-3.44502 0.00284453
-3.43772 0.00288414
-3.43042 0.00292428
-3.42311 0.00296498
-3.41581 0.00300624
-3.40851 0.00304806
-3.40121 0.00309045
-3.39391 0.00313343
-3.38661 0.00317699
-3.37931 0.00322115
-3.372 0.00326591
-3.3647 0.00331128
-3.3574 0.00335727
-3.3501 0.00340389
-3.3428 0.00345115
-3.3355 0.00349906
-3.3282 0.00354761
-3.32089 0.00359683
-3.31359 0.00364672
-3.30629 0.00369729
-3.29899 0.00374855
-3.29169 0.00380051
-3.28439 0.00385318
-3.27709 0.00390656
-3.26978 0.00396067
-3.26248 0.00401552
-3.25518 0.00407111
-3.24788 0.00412746
-3.24058 0.00418457
-3.23328 0.00424246
-3.22598 0.00430114
-3.21867 0.00436061
-3.21137 0.00442089
-3.20407 0.00448199
-3.19677 0.00454392
-3.18947 0.00460668
-3.18217 0.0046703
-3.17487 0.00473478
-3.16756 0.00480013
-3.16026 0.00486637
-3.15296 0.0049335
-3.14566 0.00500155
-3.13836 0.00507051
-3.13106 0.0051404
-3.12376 0.00521124
-3.11645 0.00528304
-3.10915 0.0053558
-3.10185 0.00542955
-3.09455 0.0055043
-3.08725 0.00558005
-3.07995 0.00565682
-3.07265 0.00573463
-3.06534 0.00581348
-3.05804 0.0058934
-3.05074 0.00597439
-3.04344 0.00605647
-3.03614 0.00613966
-3.02884 0.00622396
-3.02154 0.0063094
-3.01423 0.00639599
-3.00693 0.00648374
-2.99963 0.00657266
-2.99233 0.00666278
-2.98503 0.00675411
-2.97773 0.00684666
-2.97043 0.00694045
-2.96313 0.0070355
-2.95582 0.00713182
-2.94852 0.00722943
-2.94122 0.00732834
-2.93392 0.00742858
-2.92662 0.00753016
-2.91932 0.00763309
-2.91202 0.0077374
-2.90471 0.00784309
-2.89741 0.0079502
-2.89011 0.00805874
-2.88281 0.00816872
-2.87551 0.00828017
-2.86821 0.0083931
-2.86091 0.00850753
-2.8536 0.00862349
-2.8463 0.00874099
-2.839 0.00886005
-2.8317 0.00898069
-2.8244 0.00910293
-2.8171 0.00922679
-2.8098 0.00935229
-2.80249 0.00947946
-2.79519 0.00960831
-2.78789 0.00973887
-2.78059 0.00987116
-2.77329 0.0100052
-2.76599 0.010141
-2.75869 0.0102786
-2.75138 0.010418
-2.74408 0.0105593
-2.73678 0.0107024
-2.72948 0.0108474
-2.72218 0.0109943
-2.71488 0.0111432
-2.70758 0.011294
-2.70027 0.0114468
-2.69297 0.0116016
-2.68567 0.0117584
-2.67837 0.0119173
-2.67107 0.0120783
-2.66377 0.0122414
-2.65647 0.0124066
-2.64916 0.012574
-2.64186 0.0127436
-2.63456 0.0129154
-2.62726 0.0130895
-2.61996 0.0132658
-2.61266 0.0134444
-2.60536 0.0136254
-2.59805 0.0138087
-2.59075 0.0139944
-2.58345 0.0141826
-2.57615 0.0143731
-2.56885 0.0145662
-2.56155 0.0147618
-2.55425 0.0149599
-2.54694 0.0151606
-2.53964 0.0153638
-2.53234 0.0155698
-2.52504 0.0157784
-2.51774 0.0159896
-2.51044 0.0162037
-2.50314 0.0164205
-2.49584 0.0166401
-2.48853 0.0168625
-2.48123 0.0170878
-2.47393 0.017316
-2.46663 0.0175471
-2.45933 0.0177812
-2.45203 0.0180184
-2.44473 0.0182586
-2.43742 0.0185018
-2.43012 0.0187482
-2.42282 0.0189978
-2.41552 0.0192505
-2.40822 0.0195065
-2.40092 0.0197657
-2.39362 0.0200283
-2.38631 0.0202942
-2.37901 0.0205636
-2.37171 0.0208363
-2.36441 0.0211126
-2.35711 0.0213923
-2.34981 0.0216756
-2.34251 0.0219625
-2.3352 0.0222531
-2.3279 0.0225473
-2.3206 0.0228453
-2.3133 0.023147
-2.306 0.0234526
-2.2987 0.023762
-2.2914 0.0240754
-2.28409 0.0243927
-2.27679 0.024714
-2.26949 0.0250393
-2.26219 0.0253688
-2.25489 0.0257024
-2.24759 0.0260401
-2.24029 0.0263822
-2.23298 0.0267285
-2.22568 0.0270791
-2.21838 0.0274341
-2.21108 0.0277936
-2.20378 0.0281576
-2.19648 0.0285261
-2.18918 0.0288992
-2.18187 0.0292769
-2.17457 0.0296594
-2.16727 0.0300466
-2.15997 0.0304386
-2.15267 0.0308354
-2.14537 0.0312372
-2.13807 0.031644
-2.13076 0.0320558
-2.12346 0.0324726
-2.11616 0.0328946
-2.10886 0.0333218
-2.10156 0.0337543
-2.09426 0.0341921
-2.08696 0.0346352
-2.07965 0.0350838
-2.07235 0.0355379
-2.06505 0.0359975
-2.05775 0.0364628
-2.05045 0.0369337
-2.04315 0.0374103
-2.03585 0.0378928
-2.02855 0.0383811
-2.02124 0.0388754
-2.01394 0.0393756
-2.00664 0.0398819
-1.99934 0.0403944
-1.99204 0.040913
-1.98474 0.0414379
-1.97744 0.0419691
-1.97013 0.0425066
-1.96283 0.0430507
-1.95553 0.0436012
-1.94823 0.0441584
-1.94093 0.0447222
-1.93363 0.0452928
-1.92633 0.0458701
-1.91902 0.0464544
-1.91172 0.0470455
-1.90442 0.0476437
-1.89712 0.048249
-1.88982 0.0488614
-1.88252 0.0494811
-1.87522 0.0501081
-1.86791 0.0507425
-1.86061 0.0513843
-1.85331 0.0520337
-1.84601 0.0526907
-1.83871 0.0533553
-1.83141 0.0540278
-1.82411 0.054708
-1.8168 0.0553962
-1.8095 0.0560924
-1.8022 0.0567966
-1.7949 0.057509
-1.7876 0.0582297
-1.7803 0.0589586
-1.773 0.059696
-1.76569 0.0604418
-1.75839 0.0611961
-1.75109 0.0619591
-1.74379 0.0627308
-1.73649 0.0635113
-1.72919 0.0643007
-1.72189 0.0650991
-1.71458 0.0659065
-1.70728 0.066723
-1.69998 0.0675488
-1.69268 0.0683838
-1.68538 0.0692282
-1.67808 0.0700821
-1.67078 0.0709455
-1.66347 0.0718186
-1.65617 0.0727014
-1.64887 0.073594
-1.64157 0.0744965
-1.63427 0.075409
-1.62697 0.0763315
-1.61967 0.0772642
-1.61236 0.0782071
-1.60506 0.0791603
-1.59776 0.0801239
-1.59046 0.0810981
-1.58316 0.0820828
-1.57586 0.0830782
-1.56856 0.0840843
-1.56125 0.0851013
-1.55395 0.0861292
-1.54665 0.0871681
-1.53935 0.0882181
-1.53205 0.0892793
-1.52475 0.0903518
-1.51745 0.0914356
-1.51015 0.0925309
-1.50284 0.0936377
-1.49554 0.0947561
-1.48824 0.0958862
-1.48094 0.0970281
-1.47364 0.0981819
-1.46634 0.0993476
-1.45904 0.100525
-1.45173 0.101715
-1.44443 0.102917
-1.43713 0.104132
-1.42983 0.105358
-1.42253 0.106597
-1.41523 0.107849
-1.40793 0.109113
-1.40062 0.11039
-1.39332 0.11168
-1.38602 0.112983
-1.37872 0.114298
-1.37142 0.115626
-1.36412 0.116968
-1.35682 0.118323
-1.34951 0.11969
-1.34221 0.121072
-1.33491 0.122466
-1.32761 0.123874
-1.32031 0.125295
-1.31301 0.12673
-1.30571 0.128179
-1.2984 0.129641
-1.2911 0.131117
-1.2838 0.132606
-1.2765 0.13411
-1.2692 0.135627
-1.2619 0.137159
-1.2546 0.138704
-1.24729 0.140264
-1.23999 0.141838
-1.23269 0.143425
-1.22539 0.145027
-1.21809 0.146644
-1.21079 0.148274
-1.20349 0.149919
-1.19618 0.151578
-1.18888 0.153252
-1.18158 0.15494
-1.17428 0.156643
-1.16698 0.15836
-1.15968 0.160091
-1.15238 0.161838
-1.14507 0.163598
-1.13777 0.165373
-1.13047 0.167163
-1.12317 0.168967
-1.11587 0.170786
-1.10857 0.17262
-1.10127 0.174468
-1.09396 0.17633
-1.08666 0.178208
-1.07936 0.180099
-1.07206 0.182006
-1.06476 0.183926
-1.05746 0.185861
-1.05016 0.187811
-1.04286 0.189775
-1.03555 0.191753
-1.02825 0.193746
-1.02095 0.195753
-1.01365 0.197774
-1.00635 0.199809
-0.999047 0.201859
-0.991745 0.203922
-0.984444 0.205999
-0.977142 0.20809
-0.969841 0.210195
-0.96254 0.212314
-0.955238 0.214446
-0.947937 0.216591
-0.940635 0.21875
-0.933334 0.220922
-0.926033 0.223108
-0.918731 0.225306
-0.91143 0.227517
-0.904128 0.229741
-0.896827 0.231977
-0.889526 0.234225
-0.882224 0.236486
-0.874923 0.238759
-0.867621 0.241044
-0.86032 0.243341
-0.853018 0.245648
-0.845717 0.247968
-0.838416 0.250298
-0.831114 0.252639
-0.823813 0.254991
-0.816511 0.257353
-0.80921 0.259725
-0.801909 0.262107
-0.794607 0.264499
-0.787306 0.2669
-0.780004 0.26931
-0.772703 0.271729
-0.765402 0.274157
-0.7581 0.276592
-0.750799 0.279036
-0.743497 0.281487
-0.736196 0.283945
-0.728895 0.28641
-0.721593 0.288882
-0.714292 0.291359
-0.70699 0.293843
-0.699689 0.296332
-0.692388 0.298825
-0.685086 0.301324
-0.677785 0.303826
-0.670483 0.306332
-0.663182 0.308842
-0.65588 0.311354
-0.648579 0.313869
-0.641278 0.316386
-0.633976 0.318904
-0.626675 0.321423
-0.619373 0.323943
-0.612072 0.326463
-0.604771 0.328982
-0.597469 0.3315
-0.590168 0.334016
-0.582866 0.33653
-0.575565 0.339042
-0.568264 0.34155
-0.560962 0.344054
-0.553661 0.346554
-0.546359 0.349048
-0.539058 0.351537
-0.531757 0.35402
-0.524455 0.356496
-0.517154 0.358964
-0.509852 0.361424
-0.502551 0.363876
-0.49525 0.366317
-0.487948 0.368749
-0.480647 0.37117
-0.473345 0.373579
-0.466044 0.375976
-0.458742 0.37836
-0.451441 0.38073
-0.44414 0.383086
-0.436838 0.385427
-0.429537 0.387752
-0.422235 0.39006
-0.414934 0.392352
-0.407633 0.394625
-0.400331 0.39688
-0.39303 0.399115
-0.385728 0.401329
-0.378427 0.403523
-0.371126 0.405695
-0.363824 0.407844
-0.356523 0.40997
-0.349221 0.412072
-0.34192 0.41415
-0.334619 0.416201
-0.327317 0.418226
-0.320016 0.420225
-0.312714 0.422195
-0.305413 0.424136
-0.298112 0.426049
-0.29081 0.427931
-0.283509 0.429782
-0.276207 0.431602
-0.268906 0.433389
-0.261605 0.435143
-0.254303 0.436864
-0.247002 0.43855
-0.2397 0.4402
-0.232399 0.441815
-0.225097 0.443393
-0.217796 0.444934
-0.210495 0.446438
-0.203193 0.447902
-0.195892 0.449327
-0.18859 0.450713
-0.181289 0.452058
-0.173988 0.453362
-0.166686 0.454624
-0.159385 0.455844
-0.152083 0.457021
-0.144782 0.458155
-0.137481 0.459246
-0.130179 0.460292
-0.122878 0.461293
-0.115576 0.462249
-0.108275 0.463159
-0.100974 0.464024
-0.0936721 0.464842
-0.0863707 0.465613
-0.0790693 0.466336
-0.0717679 0.467013
-0.0644665 0.467641
-0.0571651 0.468222
-0.0498637 0.468754
-0.0425623 0.469237
-0.0352609 0.469672
-0.0279595 0.470058
-0.0206581 0.470394
-0.0133567 0.470681
-0.00605525 0.470919
0.00124615 0.471107
0.00854756 0.471246
0.015849 0.471335
0.0231504 0.471375
0.0304518 0.471365
0.0377532 0.471305
0.0450546 0.471196
0.052356 0.471037
0.0596574 0.47083
0.0669588 0.470573
0.0742602 0.470267
0.0815616 0.469912
0.088863 0.469508
0.0961644 0.469057
0.103466 0.468557
0.110767 0.468009
0.118069 0.467414
0.12537 0.466772
0.132671 0.466082
0.139973 0.465347
0.147274 0.464565
0.154576 0.463737
0.161877 0.462865
0.169179 0.461947
0.17648 0.460985
0.183781 0.459979
0.191083 0.45893
0.198384 0.457838
0.205686 0.456704
0.212987 0.455528
0.220288 0.454311
0.22759 0.453054
0.234891 0.451756
0.242193 0.450419
0.249494 0.449043
0.256795 0.447629
0.264097 0.446177
0.271398 0.444689
0.2787 0.443165
0.286001 0.441605
0.293302 0.44001
0.300604 0.438381
0.307905 0.436719
0.315207 0.435024
0.322508 0.433297
0.329809 0.431539
0.337111 0.42975
0.344412 0.427931
0.351714 0.426083
0.359015 0.424207
0.366317 0.422303
0.373618 0.420372
0.380919 0.418415
0.388221 0.416433
0.395522 0.414425
0.402824 0.412394
0.410125 0.41034
0.417426 0.408263
0.424728 0.406164
0.432029 0.404044
0.439331 0.401904
0.446632 0.399744
0.453933 0.397566
0.461235 0.395369
0.468536 0.393155
0.475838 0.390924
0.483139 0.388677
0.49044 0.386414
0.497742 0.384137
0.505043 0.381846
0.512345 0.379541
0.519646 0.377224
0.526947 0.374895
0.534249 0.372555
0.54155 0.370204
0.548852 0.367842
0.556153 0.365472
0.563455 0.363092
0.570756 0.360705
0.578057 0.35831
0.585359 0.355907
0.59266 0.353499
0.599962 0.351085
0.607263 0.348665
0.614564 0.346241
0.621866 0.343812
0.629167 0.34138
0.636469 0.338945
0.64377 0.336508
0.651071 0.334068
0.658373 0.331627
0.665674 0.329185
0.672976 0.326742
0.680277 0.324299
0.687578 0.321857
0.69488 0.319415
0.702181 0.316975
0.709483 0.314537
0.716784 0.312101
0.724085 0.309667
0.731387 0.307237
0.738688 0.304809
0.74599 0.302386
0.753291 0.299967
0.760592 0.297552
0.767894 0.295143
0.775195 0.292738
0.782497 0.290339
0.789798 0.287947
0.7971 0.28556
0.804401 0.28318
0.811702 0.280807
0.819004 0.278441
0.826305 0.276083
0.833607 0.273732
0.840908 0.271389
0.848209 0.269055
0.855511 0.26673
0.862812 0.264413
0.870114 0.262105
0.877415 0.259806
0.884716 0.257518
0.892018 0.255238
0.899319 0.252969
0.906621 0.25071
0.913922 0.248461
0.921223 0.246223
0.928525 0.243996
0.935826 0.241779
0.943128 0.239574
0.950429 0.23738
0.95773 0.235197
0.965032 0.233026
0.972333 0.230866
0.979635 0.228719
0.986936 0.226583
0.994238 0.224459
1.00154 0.222348
1.00884 0.220248
1.01614 0.218162
1.02344 0.216088
1.03074 0.214026
1.03805 0.211977
1.04535 0.209941
1.05265 0.207918
1.05995 0.205908
1.06725 0.20391
1.07455 0.201926
1.08185 0.199955
1.08916 0.197997
1.09646 0.196053
1.10376 0.194122
1.11106 0.192204
1.11836 0.190299
1.12566 0.188408
1.13296 0.186531
1.14027 0.184667
1.14757 0.182816
1.15487 0.180979
1.16217 0.179155
1.16947 0.177345
1.17677 0.175549
1.18407 0.173766
1.19138 0.171997
1.19868 0.170241
1.20598 0.168499
1.21328 0.166771
1.22058 0.165056
1.22788 0.163354
1.23518 0.161667
1.24249 0.159992
1.24979 0.158331
1.25709 0.156684
1.26439 0.15505
1.27169 0.15343
1.27899 0.151823
1.28629 0.150229
1.2936 0.148649
1.3009 0.147082
1.3082 0.145528
1.3155 0.143987
1.3228 0.14246
1.3301 0.140946
1.3374 0.139445
1.34471 0.137956
1.35201 0.136481
1.35931 0.135019
1.36661 0.13357
1.37391 0.132134
1.38121 0.13071
1.38851 0.129299
1.39581 0.127901
1.40312 0.126515
1.41042 0.125143
1.41772 0.123782
1.42502 0.122434
1.43232 0.121098
1.43962 0.119775
1.44692 0.118464
1.45423 0.117165
1.46153 0.115878
1.46883 0.114604
1.47613 0.113341
1.48343 0.11209
1.49073 0.110851
1.49803 0.109624
1.50534 0.108409
1.51264 0.107205
1.51994 0.106013
1.52724 0.104832
1.53454 0.103663
1.54184 0.102505
1.54914 0.101358
1.55645 0.100223
1.56375 0.0990986
1.57105 0.0979853
1.57835 0.096883
1.58565 0.0957917
1.59295 0.0947111
1.60025 0.0936413
1.60756 0.0925822
1.61486 0.0915337
1.62216 0.0904957
1.62946 0.0894681
1.63676 0.088451
1.64406 0.0874441
1.65136 0.0864474
1.65867 0.0854609
1.66597 0.0844844
1.67327 0.0835179
1.68057 0.0825613
1.68787 0.0816146
1.69517 0.0806776
1.70247 0.0797503
1.70978 0.0788326
1.71708 0.0779244
1.72438 0.0770256
1.73168 0.0761362
1.73898 0.0752561
1.74628 0.0743852
1.75358 0.0735235
1.76089 0.0726708
1.76819 0.0718271
1.77549 0.0709923
1.78279 0.0701664
1.79009 0.0693492
1.79739 0.0685407
1.80469 0.0677408
1.812 0.0669494
1.8193 0.0661665
1.8266 0.065392
1.8339 0.0646258
1.8412 0.0638679
1.8485 0.0631181
1.8558 0.0623764
1.8631 0.0616427
1.87041 0.0609169
1.87771 0.0601991
1.88501 0.059489
1.89231 0.0587867
1.89961 0.058092
1.90691 0.0574049
1.91421 0.0567254
1.92152 0.0560533
1.92882 0.0553886
1.93612 0.0547312
1.94342 0.054081
1.95072 0.053438
1.95802 0.0528021
1.96532 0.0521733
1.97263 0.0515514
1.97993 0.0509364
1.98723 0.0503283
1.99453 0.049727
2.00183 0.0491323
2.00913 0.0485443
2.01643 0.0479629
2.02374 0.047388
2.03104 0.0468195
2.03834 0.0462574
2.04564 0.0457017
2.05294 0.0451522
2.06024 0.0446089
2.06754 0.0440717
2.07485 0.0435407
2.08215 0.0430156
2.08945 0.0424965
2.09675 0.0419833
2.10405 0.0414759
2.11135 0.0409743
2.11865 0.0404784
2.12596 0.0399882
2.13326 0.0395035
2.14056 0.0390245
2.14786 0.0385509
2.15516 0.0380827
2.16246 0.0376199
2.16976 0.0371624
2.17707 0.0367102
2.18437 0.0362632
2.19167 0.0358214
2.19897 0.0353847
2.20627 0.034953
2.21357 0.0345263
2.22087 0.0341045
2.22818 0.0336877
2.23548 0.0332757
2.24278 0.0328684
2.25008 0.0324659
2.25738 0.0320681
2.26468 0.031675
2.27198 0.0312864
2.27929 0.0309023
2.28659 0.0305228
2.29389 0.0301477
2.30119 0.029777
2.30849 0.0294106
2.31579 0.0290485
2.32309 0.0286907
2.3304 0.0283371
2.3377 0.0279877
2.345 0.0276424
2.3523 0.0273011
2.3596 0.0269639
2.3669 0.0266307
2.3742 0.0263014
2.3815 0.025976
2.38881 0.0256544
2.39611 0.0253367
2.40341 0.0250227
2.41071 0.0247125
2.41801 0.024406
2.42531 0.0241031
2.43261 0.0238038
2.43992 0.0235081
2.44722 0.0232159
2.45452 0.0229272
2.46182 0.0226419
2.46912 0.0223601
2.47642 0.0220816
2.48372 0.0218065
2.49103 0.0215346
2.49833 0.021266
2.50563 0.0210007
2.51293 0.0207385
2.52023 0.0204795
2.52753 0.0202236
2.53483 0.0199708
2.54214 0.019721
2.54944 0.0194743
2.55674 0.0192305
2.56404 0.0189896
2.57134 0.0187517
2.57864 0.0185166
2.58594 0.0182844
2.59325 0.018055
2.60055 0.0178284
2.60785 0.0176046
2.61515 0.0173834
2.62245 0.0171649
2.62975 0.0169491
2.63705 0.0167359
2.64436 0.0165253
2.65166 0.0163173
2.65896 0.0161118
2.66626 0.0159088
2.67356 0.0157083
2.68086 0.0155102
2.68816 0.0153146
2.69547 0.0151213
2.70277 0.0149304
2.71007 0.0147418
2.71737 0.0145556
2.72467 0.0143716
2.73197 0.0141899
2.73927 0.0140104
2.74658 0.0138331
2.75388 0.013658
2.76118 0.0134851
2.76848 0.0133142
2.77578 0.0131455
2.78308 0.0129788
2.79038 0.0128142
2.79769 0.0126517
2.80499 0.0124911
2.81229 0.0123325
2.81959 0.0121759
2.82689 0.0120212
2.83419 0.0118684
2.84149 0.0117175
2.84879 0.0115685
2.8561 0.0114213
2.8634 0.0112759
2.8707 0.0111324
2.878 0.0109906
2.8853 0.0108506
2.8926 0.0107123
2.8999 0.0105757
2.90721 0.0104408
2.91451 0.0103076
2.92181 0.0101761
2.92911 0.0100462
2.93641 0.00991788
2.94371 0.00979119
2.95101 0.00966607
2.95832 0.00954251
2.96562 0.0094205
2.97292 0.0093
2.98022 0.00918101
2.98752 0.00906351
2.99482 0.00894747
3.00212 0.00883289
3.00943 0.00871973
3.01673 0.008608
3.02403 0.00849766
3.03133 0.0083887
3.03863 0.00828111
3.04593 0.00817486
3.05323 0.00806995
3.06054 0.00796635
3.06784 0.00786405
3.07514 0.00776304
3.08244 0.00766329
3.08974 0.0075648
3.09704 0.00746755
3.10434 0.00737152
3.11165 0.00727669
3.11895 0.00718306
3.12625 0.00709061
3.13355 0.00699932
3.14085 0.00690919
3.14815 0.00682019
3.15545 0.00673231
3.16276 0.00664554
3.17006 0.00655987
3.17736 0.00647527
3.18466 0.00639175
3.19196 0.00630928
3.19926 0.00622785
3.20656 0.00614746
3.21387 0.00606808
3.22117 0.0059897
3.22847 0.00591232
3.23577 0.00583592
3.24307 0.00576048
3.25037 0.005686
3.25767 0.00561247
3.26498 0.00553986
3.27228 0.00546818
3.27958 0.00539741
3.28688 0.00532754
3.29418 0.00525855
3.30148 0.00519044
3.30878 0.0051232
3.31608 0.00505681
