-3.00879 0.00116895
-2.99224 0.00120951
-2.97569 0.00125149
-2.95914 0.00129492
-2.9426 0.00133986
-2.92605 0.00138637
-2.9095 0.0014345
-2.89295 0.0014843
-2.8764 0.00153583
-2.85985 0.00158916
-2.8433 0.00164434
-2.82676 0.00170144
-2.81021 0.00176053
-2.79366 0.00182168
-2.77711 0.00188495
-2.76056 0.00195043
-2.74401 0.00201818
-2.72746 0.00208829
-2.71092 0.00216085
-2.69437 0.00223593
-2.67782 0.00231362
-2.66127 0.00239401
-2.64472 0.00247721
-2.62817 0.0025633
-2.61162 0.00265238
-2.59507 0.00274456
-2.57853 0.00283996
-2.56198 0.00293867
-2.54543 0.00304081
-2.52888 0.00314651
-2.51233 0.00325589
-2.49578 0.00336908
-2.47923 0.00348619
-2.46269 0.00360739
-2.44614 0.0037328
-2.42959 0.00386257
-2.41304 0.00399685
-2.39649 0.0041358
-2.37994 0.00427958
-2.36339 0.00442835
-2.34685 0.0045823
-2.3303 0.0047416
-2.31375 0.00490643
-2.2972 0.00507698
-2.28065 0.00525346
-2.2641 0.00543607
-2.24755 0.00562502
-2.23101 0.00582052
-2.21446 0.0060228
-2.19791 0.0062321
-2.18136 0.00644866
-2.16481 0.00667273
-2.14826 0.00690456
-2.13171 0.00714443
-2.11517 0.0073926
-2.09862 0.00764937
-2.08207 0.00791502
-2.06552 0.00818986
-2.04897 0.0084742
-2.03242 0.00876838
-2.01587 0.00907272
-1.99933 0.00938756
-1.98278 0.00971328
-1.96623 0.0100502
-1.94968 0.0103988
-1.93313 0.0107594
-1.91658 0.0111324
-1.90003 0.0115182
-1.88349 0.0119173
-1.86694 0.0123301
-1.85039 0.0127571
-1.83384 0.0131988
-1.81729 0.0136556
-1.80074 0.0141281
-1.78419 0.0146167
-1.76765 0.015122
-1.7511 0.0156446
-1.73455 0.0161851
-1.718 0.0167439
-1.70145 0.0173219
-1.6849 0.0179194
-1.66835 0.0185373
-1.6518 0.0191762
-1.63526 0.0198367
-1.61871 0.0205196
-1.60216 0.0212255
-1.58561 0.0219553
-1.56906 0.0227097
-1.55251 0.0234895
-1.53596 0.0242954
-1.51942 0.0251284
-1.50287 0.0259893
-1.48632 0.0268789
-1.46977 0.0277982
-1.45322 0.028748
-1.43667 0.0297294
-1.42012 0.0307433
-1.40358 0.0317907
-1.38703 0.0328726
-1.37048 0.0339901
-1.35393 0.0351442
-1.33738 0.036336
-1.32083 0.0375666
-1.30428 0.0388372
-1.28774 0.040149
-1.27119 0.041503
-1.25464 0.0429006
-1.23809 0.0443429
-1.22154 0.0458313
-1.20499 0.0473668
-1.18844 0.0489509
-1.1719 0.0505849
-1.15535 0.0522701
-1.1388 0.0540077
-1.12225 0.0557992
-1.1057 0.0576459
-1.08915 0.0595492
-1.0726 0.0615104
-1.05606 0.0635309
-1.03951 0.0656121
-1.02296 0.0677554
-1.00641 0.0699621
-0.989861 0.0722336
-0.973313 0.0745713
-0.956764 0.0769763
-0.940215 0.0794502
-0.923667 0.081994
-0.907118 0.084609
-0.89057 0.0872965
-0.874021 0.0900576
-0.857472 0.0928933
-0.840924 0.0958047
-0.824375 0.0987927
-0.807827 0.101858
-0.791278 0.105002
-0.774729 0.108225
-0.758181 0.111527
-0.741632 0.114909
-0.725084 0.118372
-0.708535 0.121914
-0.691986 0.125538
-0.675438 0.129241
-0.658889 0.133025
-0.642341 0.136888
-0.625792 0.14083
-0.609244 0.14485
-0.592695 0.148946
-0.576146 0.153117
-0.559598 0.157362
-0.543049 0.161678
-0.526501 0.166063
-0.509952 0.170515
-0.493403 0.175031
-0.476855 0.179607
-0.460306 0.184241
-0.443758 0.188928
-0.427209 0.193663
-0.41066 0.198444
-0.394112 0.203264
-0.377563 0.208118
-0.361015 0.213002
-0.344466 0.217908
-0.327917 0.222831
-0.311369 0.227764
-0.29482 0.232701
-0.278272 0.237634
-0.261723 0.242557
-0.245174 0.24746
-0.228626 0.252337
-0.212077 0.25718
-0.195529 0.26198
-0.17898 0.266729
-0.162431 0.27142
-0.145883 0.276043
-0.129334 0.280591
-0.112786 0.285055
-0.0962371 0.289427
-0.0796885 0.293699
-0.0631399 0.297865
-0.0465913 0.301915
-0.0300427 0.305844
-0.0134941 0.309645
0.0030545 0.31331
0.0196031 0.316834
0.0361517 0.320212
0.0527003 0.323438
0.0692489 0.326509
0.0857975 0.329419
0.102346 0.332166
0.118895 0.334746
0.135443 0.337157
0.151992 0.339398
0.16854 0.341467
0.185089 0.343363
0.201638 0.345086
0.218186 0.346637
0.234735 0.348016
0.251283 0.349224
0.267832 0.350264
0.284381 0.351137
0.300929 0.351846
0.317478 0.352394
0.334026 0.352783
0.350575 0.353018
0.367124 0.353103
0.383672 0.35304
0.400221 0.352835
0.416769 0.352491
0.433318 0.352014
0.449867 0.351407
0.466415 0.350676
0.482964 0.349825
0.499512 0.348859
0.516061 0.347783
0.53261 0.346602
0.549158 0.34532
0.565707 0.343942
0.582255 0.342474
0.598804 0.340918
0.615353 0.339281
0.631901 0.337567
0.64845 0.335779
0.664998 0.333923
0.681547 0.332002
0.698095 0.33002
0.714644 0.327982
0.731193 0.32589
0.747741 0.32375
0.76429 0.321564
0.780838 0.319336
0.797387 0.317069
0.813936 0.314766
0.830484 0.31243
0.847033 0.310065
0.863581 0.307673
0.88013 0.305256
0.896679 0.302818
0.913227 0.300361
0.929776 0.297886
0.946324 0.295397
0.962873 0.292895
0.979422 0.290383
0.99597 0.287862
1.01252 0.285334
1.02907 0.282801
1.04562 0.280265
1.06216 0.277726
1.07871 0.275187
1.09526 0.272649
1.11181 0.270114
1.12836 0.267581
1.14491 0.265054
1.16146 0.262532
1.178 0.260017
1.19455 0.257509
1.2111 0.255011
1.22765 0.252522
1.2442 0.250043
1.26075 0.247575
1.2773 0.245119
1.29384 0.242675
1.31039 0.240244
1.32694 0.237827
1.34349 0.235424
1.36004 0.233036
1.37659 0.230663
1.39314 0.228305
1.40969 0.225963
1.42623 0.223637
1.44278 0.221328
1.45933 0.219035
1.47588 0.21676
1.49243 0.214502
1.50898 0.212261
1.52553 0.210039
1.54207 0.207834
1.55862 0.205647
1.57517 0.203479
1.59172 0.201329
1.60827 0.199197
1.62482 0.197084
1.64137 0.194989
1.65791 0.192914
1.67446 0.190856
1.69101 0.188818
1.70756 0.186798
1.72411 0.184797
1.74066 0.182815
1.75721 0.180851
1.77375 0.178906
1.7903 0.17698
1.80685 0.175072
1.8234 0.173183
1.83995 0.171313
1.8565 0.169461
1.87305 0.167627
1.88959 0.165811
1.90614 0.164014
1.92269 0.162235
1.93924 0.160474
1.95579 0.158731
1.97234 0.157005
1.98889 0.155298
2.00543 0.153608
2.02198 0.151935
2.03853 0.15028
2.05508 0.148642
2.07163 0.147021
2.08818 0.145417
2.10473 0.143831
2.12127 0.14226
2.13782 0.140707
2.15437 0.13917
2.17092 0.137649
2.18747 0.136145
2.20402 0.134657
2.22057 0.133184
2.23711 0.131728
2.25366 0.130287
2.27021 0.128862
2.28676 0.127452
2.30331 0.126057
2.31986 0.124678
2.33641 0.123313
2.35295 0.121964
2.3695 0.120629
2.38605 0.119308
2.4026 0.118002
2.41915 0.116711
2.4357 0.115433
2.45225 0.11417
2.4688 0.11292
2.48534 0.111684
2.50189 0.110462
2.51844 0.109253
2.53499 0.108058
2.55154 0.106876
2.56809 0.105706
2.58464 0.10455
2.60118 0.103406
2.61773 0.102276
2.63428 0.101157
2.65083 0.100051
2.66738 0.0989575
2.68393 0.0978759
2.70048 0.0968063
2.71702 0.0957486
2.73357 0.0947027
2.75012 0.0936683
2.76667 0.0926455
2.78322 0.091634
2.79977 0.0906338
2.81632 0.0896446
2.83286 0.0886666
2.84941 0.0876993
2.86596 0.0867429
2.88251 0.0857971
2.89906 0.0848618
2.91561 0.083937
2.93216 0.0830224
2.9487 0.0821181
2.96525 0.0812238
2.9818 0.0803395
2.99835 0.079465
3.0149 0.0786003
3.03145 0.0777452
3.048 0.0768997
3.06454 0.0760636
3.08109 0.0752368
3.09764 0.0744192
3.11419 0.0736107
3.13074 0.0728112
3.14729 0.0720207
3.16384 0.0712389
3.18038 0.0704658
3.19693 0.0697014
3.21348 0.0689455
3.23003 0.068198
3.24658 0.0674588
3.26313 0.0667279
3.27968 0.066005
3.29622 0.0652903
3.31277 0.0645835
3.32932 0.0638845
3.34587 0.0631933
3.36242 0.0625098
3.37897 0.0618339
3.39552 0.0611656
3.41207 0.0605046
3.42861 0.059851
3.44516 0.0592047
3.46171 0.0585655
3.47826 0.0579335
3.49481 0.0573084
3.51136 0.0566903
3.52791 0.0560791
3.54445 0.0554746
3.561 0.0548768
3.57755 0.0542857
3.5941 0.0537011
3.61065 0.053123
3.6272 0.0525513
3.64375 0.0519859
3.66029 0.0514268
3.67684 0.0508739
3.69339 0.0503271
3.70994 0.0497864
3.72649 0.0492516
3.74304 0.0487227
3.75959 0.0481997
3.77613 0.0476825
3.79268 0.0471709
3.80923 0.0466651
3.82578 0.0461648
3.84233 0.04567
3.85888 0.0451807
3.87543 0.0446968
3.89197 0.0442182
3.90852 0.0437449
3.92507 0.0432768
3.94162 0.0428138
3.95817 0.042356
3.97472 0.0419032
3.99127 0.0414553
4.00781 0.0410124
4.02436 0.0405744
4.04091 0.0401412
4.05746 0.0397127
4.07401 0.039289
4.09056 0.0388699
4.10711 0.0384554
4.12365 0.0380454
4.1402 0.0376399
4.15675 0.0372389
4.1733 0.0368423
4.18985 0.03645
4.2064 0.0360621
4.22295 0.0356783
4.23949 0.0352988
4.25604 0.0349234
4.27259 0.0345521
4.28914 0.0341849
4.30569 0.0338217
4.32224 0.0334625
4.33879 0.0331072
4.35533 0.0327557
4.37188 0.0324081
4.38843 0.0320643
4.40498 0.0317243
4.42153 0.0313879
4.43808 0.0310552
4.45463 0.0307262
4.47118 0.0304007
4.48772 0.0300788
4.50427 0.0297603
4.52082 0.0294453
4.53737 0.0291338
4.55392 0.0288256
4.57047 0.0285208
4.58702 0.0282193
4.60356 0.0279211
4.62011 0.0276261
4.63666 0.0273343
4.65321 0.0270457
4.66976 0.0267602
4.68631 0.0264778
4.70286 0.0261985
4.7194 0.0259222
4.73595 0.0256488
4.7525 0.0253785
4.76905 0.025111
4.7856 0.0248465
4.80215 0.0245848
4.8187 0.0243259
4.83524 0.0240699
4.85179 0.0238166
4.86834 0.023566
4.88489 0.0233182
4.90144 0.023073
4.91799 0.0228304
4.93454 0.0225905
4.95108 0.0223532
4.96763 0.0221184
4.98418 0.0218862
5.00073 0.0216564
5.01728 0.0214291
5.03383 0.0212043
5.05038 0.0209819
5.06692 0.0207619
5.08347 0.0205442
5.10002 0.0203289
5.11657 0.0201159
5.13312 0.0199052
5.14967 0.0196967
5.16622 0.0194905
5.18276 0.0192865
5.19931 0.0190847
5.21586 0.018885
5.23241 0.0186875
5.24896 0.0184921
5.26551 0.0182988
5.28206 0.0181076
5.2986 0.0179184
5.31515 0.0177312
5.3317 0.017546
5.34825 0.0173629
5.3648 0.0171816
5.38135 0.0170023
5.3979 0.016825
5.41444 0.0166495
5.43099 0.0164759
5.44754 0.0163041
5.46409 0.0161342
5.48064 0.0159661
5.49719 0.0157998
5.51374 0.0156352
5.53029 0.0154725
5.54683 0.0153114
5.56338 0.0151521
5.57993 0.0149944
5.59648 0.0148384
5.61303 0.0146841
5.62958 0.0145315
5.64613 0.0143804
5.66267 0.014231
5.67922 0.0140831
5.69577 0.0139368
5.71232 0.0137921
5.72887 0.0136489
5.74542 0.0135072
5.76197 0.0133671
5.77851 0.0132284
5.79506 0.0130912
5.81161 0.0129554
5.82816 0.0128211
5.84471 0.0126882
5.86126 0.0125567
5.87781 0.0124266
5.89435 0.0122979
5.9109 0.0121706
5.92745 0.0120445
5.944 0.0119199
5.96055 0.0117965
5.9771 0.0116744
5.99365 0.0115537
6.01019 0.0114342
6.02674 0.011316
6.04329 0.011199
6.05984 0.0110832
6.07639 0.0109687
6.09294 0.0108554
6.10949 0.0107433
6.12603 0.0106323
6.14258 0.0105226
6.15913 0.0104139
6.17568 0.0103065
6.19223 0.0102001
6.20878 0.0100949
6.22533 0.00999081
6.24187 0.00988779
6.25842 0.00978586
6.27497 0.009685
6.29152 0.0095852
6.30807 0.00948644
6.32462 0.00938873
6.34117 0.00929204
6.35771 0.00919637
6.37426 0.0091017
6.39081 0.00900803
6.40736 0.00891534
6.42391 0.00882362
6.44046 0.00873286
6.45701 0.00864305
6.47356 0.00855419
6.4901 0.00846626
6.50665 0.00837924
6.5232 0.00829314
6.53975 0.00820795
6.5563 0.00812364
6.57285 0.00804021
6.5894 0.00795766
6.60594 0.00787597
6.62249 0.00779514
6.63904 0.00771515
6.65559 0.007636
6.67214 0.00755767
6.68869 0.00748017
6.70524 0.00740347
6.72178 0.00732757
6.73833 0.00725247
6.75488 0.00717815
6.77143 0.0071046
6.78798 0.00703182
6.80453 0.00695981
6.82108 0.00688854
6.83762 0.00681801
6.85417 0.00674822
6.87072 0.00667916
6.88727 0.00661082
6.90382 0.00654319
6.92037 0.00647626
6.93692 0.00641003
6.95346 0.00634449
6.97001 0.00627963
6.98656 0.00621544
7.00311 0.00615193
7.01966 0.00608907
7.03621 0.00602686
7.05276 0.00596531
7.0693 0.00590439
7.08585 0.00584411
7.1024 0.00578445
7.11895 0.00572541
7.1355 0.00566698
7.15205 0.00560916
7.1686 0.00555194
7.18514 0.00549531
7.20169 0.00543927
7.21824 0.00538382
7.23479 0.00532893
7.25134 0.00527462
7.26789 0.00522087
7.28444 0.00516767
7.30098 0.00511503
7.31753 0.00506293
7.33408 0.00501137
7.35063 0.00496034
7.36718 0.00490985
7.38373 0.00485987
7.40028 0.00481041
7.41682 0.00476147
7.43337 0.00471302
7.44992 0.00466508
7.46647 0.00461764
7.48302 0.00457069
7.49957 0.00452422
7.51612 0.00447823
7.53267 0.00443271
7.54921 0.00438767
7.56576 0.00434309
7.58231 0.00429897
7.59886 0.0042553
7.61541 0.00421209
7.63196 0.00416932
7.64851 0.00412699
7.66505 0.0040851
7.6816 0.00404364
7.69815 0.00400261
7.7147 0.003962
7.73125 0.00392181
7.7478 0.00388203
7.76435 0.00384267
7.78089 0.0038037
7.79744 0.00376514
7.81399 0.00372698
7.83054 0.00368921
7.84709 0.00365182
7.86364 0.00361483
7.88019 0.00357821
7.89673 0.00354197
7.91328 0.0035061
7.92983 0.00347059
7.94638 0.00343546
7.96293 0.00340068
7.97948 0.00336627
7.99603 0.0033322
8.01257 0.00329849
8.02912 0.00326512
8.04567 0.00323209
8.06222 0.0031994
8.07877 0.00316705
8.09532 0.00313503
8.11187 0.00310334
8.12841 0.00307197
8.14496 0.00304093
8.16151 0.0030102
8.17806 0.00297979
8.19461 0.00294969
8.21116 0.00291989
8.22771 0.00289041
8.24425 0.00286122
8.2608 0.00283233
8.27735 0.00280374
8.2939 0.00277544
8.31045 0.00274744
8.327 0.00271971
8.34355 0.00269227
8.36009 0.00266512
8.37664 0.00263824
8.39319 0.00261163
8.40974 0.0025853
8.42629 0.00255923
8.44284 0.00253343
8.45939 0.0025079
8.47593 0.00248262
8.49248 0.00245761
8.50903 0.00243285
8.52558 0.00240834
8.54213 0.00238408
8.55868 0.00236007
8.57523 0.00233631
8.59178 0.00231279
8.60832 0.0022895
8.62487 0.00226646
8.64142 0.00224365
8.65797 0.00222107
8.67452 0.00219872
8.69107 0.0021766
8.70762 0.00215471
8.72416 0.00213304
8.74071 0.00211159
8.75726 0.00209035
8.77381 0.00206934
8.79036 0.00204854
8.80691 0.00202795
8.82346 0.00200757
8.84 0.00198739
8.85655 0.00196743
8.8731 0.00194766
8.88965 0.0019281
8.9062 0.00190873
8.92275 0.00188956
8.9393 0.00187059
8.95584 0.00185181
8.97239 0.00183322
8.98894 0.00181482
9.00549 0.00179661
9.02204 0.00177858
9.03859 0.00176073
9.05514 0.00174307
9.07168 0.00172559
9.08823 0.00170828
9.10478 0.00169115
9.12133 0.00167419
9.13788 0.0016574
9.15443 0.00164079
9.17098 0.00162434
9.18752 0.00160806
9.20407 0.00159195
9.22062 0.001576
9.23717 0.00156021
9.25372 0.00154458
9.27027 0.0015291
9.28682 0.00151379
9.30336 0.00149863
9.31991 0.00148362
9.33646 0.00146877
9.35301 0.00145407
9.36956 0.00143951
9.38611 0.00142511
9.40266 0.00141085
9.4192 0.00139673
9.43575 0.00138275
9.4523 0.00136892
9.46885 0.00135523
9.4854 0.00134167
9.50195 0.00132826
9.5185 0.00131498
9.53505 0.00130183
9.55159 0.00128881
9.56814 0.00127593
9.58469 0.00126318
9.60124 0.00125056
9.61779 0.00123806
9.63434 0.00122569
9.65089 0.00121345
9.66743 0.00120132
9.68398 0.00118933
9.70053 0.00117745
9.71708 0.00116569
9.73363 0.00115405
9.75018 0.00114253
9.76673 0.00113112
9.78327 0.00111983
9.79982 0.00110866
9.81637 0.00109759
9.83292 0.00108664
9.84947 0.0010758
9.86602 0.00106507
9.88257 0.00105445
9.89911 0.00104393
9.91566 0.00103352
9.93221 0.00102321
9.94876 0.00101301
9.96531 0.00100291
9.98186 0.000992913
9.99841 0.000983016
10.015 0.000973218
10.0315 0.00096352
10.0481 0.000953919
10.0646 0.000944415
10.0811 0.000935006
10.0977 0.000925692
10.1142 0.000916472
10.1308 0.000907345
10.1473 0.000898309
10.1639 0.000889365
10.1804 0.00088051
10.197 0.000871744
10.2135 0.000863067
10.2301 0.000854476
10.2466 0.000845973
10.2632 0.000837554
10.2797 0.00082922
10.2963 0.00082097
10.3128 0.000812803
10.3294 0.000804718
10.3459 0.000796714
10.3625 0.000788791
10.379 0.000780947
10.3956 0.000773182
10.4121 0.000765494
10.4287 0.000757884
10.4452 0.000750351
10.4618 0.000742893
10.4783 0.00073551
10.4949 0.000728201
10.5114 0.000720965
10.528 0.000713802
10.5445 0.00070671
10.5611 0.00069969
10.5776 0.00069274
10.5942 0.00068586
10.6107 0.000679049
10.6273 0.000672306
10.6438 0.000665631
10.6603 0.000659023
10.6769 0.000652481
10.6934 0.000646004
10.71 0.000639592
10.7265 0.000633245
10.7431 0.000626961
10.7596 0.00062074
10.7762 0.000614582
10.7927 0.000608485
10.8093 0.000602449
10.8258 0.000596473
10.8424 0.000590557
10.8589 0.000584701
10.8755 0.000578903
10.892 0.000573163
10.9086 0.000567481
10.9251 0.000561855
10.9417 0.000556286
10.9582 0.000550772
10.9748 0.000545314
10.9913 0.00053991
11.0079 0.00053456
11.0244 0.000529264
11.041 0.00052402
11.0575 0.000518829
11.0741 0.00051369
11.0906 0.000508602
11.1072 0.000503565
11.1237 0.000498579
11.1403 0.000493642
11.1568 0.000488755
11.1734 0.000483916
11.1899 0.000479125
11.2065 0.000474383
11.223 0.000469688
11.2396 0.000465039
11.2561 0.000460438
11.2726 0.000455882
11.2892 0.000451371
11.3057 0.000446906
11.3223 0.000442485
11.3388 0.000438108
11.3554 0.000433775
11.3719 0.000429485
11.3885 0.000425238
11.405 0.000421033
11.4216 0.00041687
11.4381 0.000412748
11.4547 0.000408668
11.4712 0.000404629
11.4878 0.000400629
11.5043 0.00039667
11.5209 0.00039275
11.5374 0.000388869
11.554 0.000385026
11.5705 0.000381222
11.5871 0.000377456
11.6036 0.000373728
11.6202 0.000370036
11.6367 0.000366381
11.6533 0.000362763
11.6698 0.000359181
11.6864 0.000355634
11.7029 0.000352123
11.7195 0.000348646
11.736 0.000345205
11.7526 0.000341797
11.7691 0.000338423
11.7857 0.000335083
11.8022 0.000331777
11.8188 0.000328503
11.8353 0.000325261
11.8518 0.000322052
11.8684 0.000318875
11.8849 0.000315729
11.9015 0.000312615
11.918 0.000309531
11.9346 0.000306479
11.9511 0.000303456
11.9677 0.000300464
11.9842 0.000297501
12.0008 0.000294568
12.0173 0.000291664
12.0339 0.000288789
12.0504 0.000285942
12.067 0.000283124
12.0835 0.000280334
12.1001 0.000277571
12.1166 0.000274836
12.1332 0.000272128
12.1497 0.000269446
12.1663 0.000266792
12.1828 0.000264164
12.1994 0.000261562
12.2159 0.000258985
12.2325 0.000256435
12.249 0.000253909
12.2656 0.000251409
12.2821 0.000248933
12.2987 0.000246482
12.3152 0.000244056
12.3318 0.000241653
12.3483 0.000239274
12.3649 0.000236919
12.3814 0.000234587
12.398 0.000232278
12.4145 0.000229993
12.431 0.000227729
12.4476 0.000225489
12.4641 0.00022327
12.4807 0.000221074
12.4972 0.000218899
12.5138 0.000216746
12.5303 0.000214614
12.5469 0.000212503
12.5634 0.000210413
12.58 0.000208344
12.5965 0.000206295
12.6131 0.000204267
12.6296 0.000202259
12.6462 0.00020027
12.6627 0.000198302
12.6793 0.000196352
12.6958 0.000194422
12.7124 0.000192512
12.7289 0.00019062
12.7455 0.000188746
12.762 0.000186892
12.7786 0.000185056
12.7951 0.000183237
12.8117 0.000181437
12.8282 0.000179655
12.8448 0.00017789
12.8613 0.000176143
12.8779 0.000174413
12.8944 0.0001727
12.911 0.000171004
12.9275 0.000169325
12.9441 0.000167662
12.9606 0.000166016
12.9772 0.000164387
12.9937 0.000162773
13.0102 0.000161175
13.0268 0.000159593
13.0433 0.000158027
13.0599 0.000156476
13.0764 0.00015494
13.093 0.00015342
13.1095 0.000151914
13.1261 0.000150424
13.1426 0.000148948
13.1592 0.000147487
13.1757 0.00014604
13.1923 0.000144608
13.2088 0.000143189
13.2254 0.000141785
13.2419 0.000140394
13.2585 0.000139018
13.275 0.000137655
13.2916 0.000136305
13.3081 0.000134968
13.3247 0.000133645
13.3412 0.000132335
13.3578 0.000131038
13.3743 0.000129754
13.3909 0.000128482
13.4074 0.000127223
13.424 0.000125976
13.4405 0.000124741
13.4571 0.000123519
13.4736 0.000122309
13.4902 0.00012111
13.5067 0.000119924
13.5233 0.000118749
