-78.3625 1.83141e-05
-78.2798 1.8463e-05
-78.1971 1.8613e-05
-78.1145 1.87643e-05
-78.0318 1.89169e-05
-77.9491 1.90707e-05
-77.8665 1.92257e-05
-77.7838 1.93821e-05
-77.7011 1.95397e-05
-77.6185 1.96986e-05
-77.5358 1.98588e-05
-77.4531 2.00203e-05
-77.3705 2.01832e-05
-77.2878 2.03474e-05
-77.2051 2.05129e-05
-77.1225 2.06798e-05
-77.0398 2.0848e-05
-76.9571 2.10177e-05
-76.8745 2.11887e-05
-76.7918 2.13611e-05
-76.7091 2.1535e-05
-76.6265 2.17103e-05
-76.5438 2.1887e-05
-76.4611 2.20651e-05
-76.3785 2.22448e-05
-76.2958 2.24259e-05
-76.2131 2.26085e-05
-76.1304 2.27926e-05
-76.0478 2.29782e-05
-75.9651 2.31653e-05
-75.8824 2.3354e-05
-75.7998 2.35442e-05
-75.7171 2.3736e-05
-75.6344 2.39293e-05
-75.5518 2.41243e-05
-75.4691 2.43208e-05
-75.3864 2.4519e-05
-75.3038 2.47188e-05
-75.2211 2.49202e-05
-75.1384 2.51233e-05
-75.0558 2.53281e-05
-74.9731 2.55345e-05
-74.8904 2.57427e-05
-74.8078 2.59525e-05
-74.7251 2.61641e-05
-74.6424 2.63774e-05
-74.5598 2.65925e-05
-74.4771 2.68094e-05
-74.3944 2.7028e-05
-74.3118 2.72484e-05
-74.2291 2.74707e-05
-74.1464 2.76947e-05
-74.0638 2.79207e-05
-73.9811 2.81484e-05
-73.8984 2.83781e-05
-73.8158 2.86097e-05
-73.7331 2.88431e-05
-73.6504 2.90785e-05
-73.5678 2.93158e-05
-73.4851 2.95551e-05
-73.4024 2.97963e-05
-73.3198 3.00396e-05
-73.2371 3.02848e-05
-73.1544 3.0532e-05
-73.0718 3.07813e-05
-72.9891 3.10327e-05
-72.9064 3.12861e-05
-72.8237 3.15416e-05
-72.7411 3.17992e-05
-72.6584 3.2059e-05
-72.5757 3.23209e-05
-72.4931 3.25849e-05
-72.4104 3.28511e-05
-72.3277 3.31196e-05
-72.2451 3.33902e-05
-72.1624 3.36631e-05
-72.0797 3.39382e-05
-71.9971 3.42156e-05
-71.9144 3.44952e-05
-71.8317 3.47772e-05
-71.7491 3.50615e-05
-71.6664 3.53482e-05
-71.5837 3.56372e-05
-71.5011 3.59286e-05
-71.4184 3.62225e-05
-71.3357 3.65187e-05
-71.2531 3.68174e-05
-71.1704 3.71186e-05
-71.0877 3.74222e-05
-71.0051 3.77284e-05
-70.9224 3.80371e-05
-70.8397 3.83483e-05
-70.7571 3.86621e-05
-70.6744 3.89785e-05
-70.5917 3.92975e-05
-70.5091 3.96192e-05
-70.4264 3.99435e-05
-70.3437 4.02705e-05
-70.2611 4.06002e-05
-70.1784 4.09327e-05
-70.0957 4.12679e-05
-70.0131 4.16058e-05
-69.9304 4.19466e-05
-69.8477 4.22901e-05
-69.7651 4.26365e-05
-69.6824 4.29858e-05
-69.5997 4.3338e-05
-69.517 4.36931e-05
-69.4344 4.40511e-05
-69.3517 4.44121e-05
-69.269 4.47761e-05
-69.1864 4.51431e-05
-69.1037 4.55131e-05
-69.021 4.58862e-05
-68.9384 4.62624e-05
-68.8557 4.66417e-05
-68.773 4.70242e-05
-68.6904 4.74098e-05
-68.6077 4.77986e-05
-68.525 4.81907e-05
-68.4424 4.8586e-05
-68.3597 4.89845e-05
-68.277 4.93864e-05
-68.1944 4.97916e-05
-68.1117 5.02002e-05
-68.029 5.06121e-05
-67.9464 5.10275e-05
-67.8637 5.14463e-05
-67.781 5.18686e-05
-67.6984 5.22944e-05
-67.6157 5.27237e-05
-67.533 5.31566e-05
-67.4504 5.35931e-05
-67.3677 5.40332e-05
-67.285 5.4477e-05
-67.2024 5.49245e-05
-67.1197 5.53756e-05
-67.037 5.58305e-05
-66.9544 5.62892e-05
-66.8717 5.67517e-05
-66.789 5.72181e-05
-66.7064 5.76883e-05
-66.6237 5.81624e-05
-66.541 5.86405e-05
-66.4584 5.91226e-05
-66.3757 5.96086e-05
-66.293 6.00987e-05
-66.2103 6.05929e-05
-66.1277 6.10911e-05
-66.045 6.15936e-05
-65.9623 6.21002e-05
-65.8797 6.2611e-05
-65.797 6.31261e-05
-65.7143 6.36454e-05
-65.6317 6.41691e-05
-65.549 6.46971e-05
-65.4663 6.52296e-05
-65.3837 6.57664e-05
-65.301 6.63078e-05
-65.2183 6.68536e-05
-65.1357 6.7404e-05
-65.053 6.7959e-05
-64.9703 6.85186e-05
-64.8877 6.90828e-05
-64.805 6.96518e-05
-64.7223 7.02255e-05
-64.6397 7.0804e-05
-64.557 7.13873e-05
-64.4743 7.19754e-05
-64.3917 7.25685e-05
-64.309 7.31665e-05
-64.2263 7.37695e-05
-64.1437 7.43776e-05
-64.061 7.49907e-05
-63.9783 7.56089e-05
-63.8957 7.62323e-05
-63.813 7.68609e-05
-63.7303 7.74947e-05
-63.6477 7.81338e-05
-63.565 7.87783e-05
-63.4823 7.94281e-05
-63.3997 8.00834e-05
-63.317 8.07441e-05
-63.2343 8.14104e-05
-63.1517 8.20822e-05
-63.069 8.27596e-05
-62.9863 8.34427e-05
-62.9036 8.41315e-05
-62.821 8.48261e-05
-62.7383 8.55265e-05
-62.6556 8.62327e-05
-62.573 8.69448e-05
-62.4903 8.76629e-05
-62.4076 8.8387e-05
-62.325 8.91171e-05
-62.2423 8.98534e-05
-62.1596 9.05958e-05
-62.077 9.13444e-05
-61.9943 9.20993e-05
-61.9116 9.28606e-05
-61.829 9.36281e-05
-61.7463 9.44022e-05
-61.6636 9.51826e-05
-61.581 9.59697e-05
-61.4983 9.67633e-05
-61.4156 9.75636e-05
-61.333 9.83706e-05
-61.2503 9.91843e-05
-61.1676 0.000100005
-61.085 0.000100832
-61.0023 0.000101667
-60.9196 0.000102508
-60.837 0.000103356
-60.7543 0.000104212
-60.6716 0.000105075
-60.589 0.000105945
-60.5063 0.000106822
-60.4236 0.000107707
-60.341 0.000108599
-60.2583 0.000109498
-60.1756 0.000110405
-60.093 0.00011132
-60.0103 0.000112242
-59.9276 0.000113172
-59.845 0.00011411
-59.7623 0.000115056
-59.6796 0.00011601
-59.5969 0.000116972
-59.5143 0.000117942
-59.4316 0.00011892
-59.3489 0.000119906
-59.2663 0.0001209
-59.1836 0.000121903
-59.1009 0.000122915
-59.0183 0.000123935
-58.9356 0.000124963
-58.8529 0.000126
-58.7703 0.000127046
-58.6876 0.0001281
-58.6049 0.000129164
-58.5223 0.000130236
-58.4396 0.000131318
-58.3569 0.000132408
-58.2743 0.000133508
-58.1916 0.000134617
-58.1089 0.000135736
-58.0263 0.000136863
-57.9436 0.000138001
-57.8609 0.000139148
-57.7783 0.000140304
-57.6956 0.000141471
-57.6129 0.000142647
-57.5303 0.000143833
-57.4476 0.000145029
-57.3649 0.000146235
-57.2823 0.000147452
-57.1996 0.000148678
-57.1169 0.000149915
-57.0343 0.000151163
-56.9516 0.000152421
-56.8689 0.000153689
-56.7863 0.000154969
-56.7036 0.000156259
-56.6209 0.00015756
-56.5383 0.000158872
-56.4556 0.000160195
-56.3729 0.000161529
-56.2902 0.000162875
-56.2076 0.000164232
-56.1249 0.0001656
-56.0422 0.00016698
-55.9596 0.000168372
-55.8769 0.000169775
-55.7942 0.000171191
-55.7116 0.000172618
-55.6289 0.000174058
-55.5462 0.000175509
-55.4636 0.000176973
-55.3809 0.00017845
-55.2982 0.000179938
-55.2156 0.00018144
-55.1329 0.000182954
-55.0502 0.000184481
-54.9676 0.000186021
-54.8849 0.000187574
-54.8022 0.00018914
-54.7196 0.00019072
-54.6369 0.000192313
-54.5542 0.000193919
-54.4716 0.000195539
-54.3889 0.000197173
-54.3062 0.000198821
-54.2236 0.000200482
-54.1409 0.000202158
-54.0582 0.000203848
-53.9756 0.000205553
-53.8929 0.000207272
-53.8102 0.000209005
-53.7276 0.000210753
-53.6449 0.000212516
-53.5622 0.000214294
-53.4796 0.000216088
-53.3969 0.000217896
-53.3142 0.00021972
-53.2315 0.000221559
-53.1489 0.000223414
-53.0662 0.000225285
-52.9835 0.000227172
-52.9009 0.000229075
-52.8182 0.000230994
-52.7355 0.000232929
-52.6529 0.000234881
-52.5702 0.00023685
-52.4875 0.000238835
-52.4049 0.000240838
-52.3222 0.000242857
-52.2395 0.000244893
-52.1569 0.000246947
-52.0742 0.000249019
-51.9915 0.000251108
-51.9089 0.000253215
-51.8262 0.00025534
-51.7435 0.000257483
-51.6609 0.000259645
-51.5782 0.000261825
-51.4955 0.000264023
-51.4129 0.000266241
-51.3302 0.000268477
-51.2475 0.000270732
-51.1649 0.000273007
-51.0822 0.000275301
-50.9995 0.000277615
-50.9169 0.000279949
-50.8342 0.000282302
-50.7515 0.000284676
-50.6689 0.00028707
-50.5862 0.000289485
-50.5035 0.00029192
-50.4209 0.000294376
-50.3382 0.000296853
-50.2555 0.000299352
-50.1729 0.000301871
-50.0902 0.000304413
-50.0075 0.000306976
-49.9248 0.000309561
-49.8422 0.000312169
-49.7595 0.000314799
-49.6768 0.000317451
-49.5942 0.000320126
-49.5115 0.000322824
-49.4288 0.000325546
-49.3462 0.00032829
-49.2635 0.000331059
-49.1808 0.000333851
-49.0982 0.000336667
-49.0155 0.000339507
-48.9328 0.000342372
-48.8502 0.000345261
-48.7675 0.000348176
-48.6848 0.000351115
-48.6022 0.00035408
-48.5195 0.00035707
-48.4368 0.000360086
-48.3542 0.000363128
-48.2715 0.000366196
-48.1888 0.00036929
-48.1062 0.000372412
-48.0235 0.00037556
-47.9408 0.000378735
-47.8582 0.000381938
-47.7755 0.000385168
-47.6928 0.000388427
-47.6102 0.000391713
-47.5275 0.000395028
-47.4448 0.000398371
-47.3622 0.000401743
-47.2795 0.000405145
-47.1968 0.000408576
-47.1142 0.000412036
-47.0315 0.000415527
-46.9488 0.000419047
-46.8662 0.000422598
-46.7835 0.00042618
-46.7008 0.000429793
-46.6181 0.000433437
-46.5355 0.000437113
-46.4528 0.00044082
-46.3701 0.00044456
-46.2875 0.000448332
-46.2048 0.000452137
-46.1221 0.000455974
-46.0395 0.000459845
-45.9568 0.00046375
-45.8741 0.000467688
-45.7915 0.000471661
-45.7088 0.000475668
-45.6261 0.00047971
-45.5435 0.000483787
-45.4608 0.0004879
-45.3781 0.000492048
-45.2955 0.000496232
-45.2128 0.000500453
-45.1301 0.00050471
-45.0475 0.000509005
-44.9648 0.000513336
-44.8821 0.000517706
-44.7995 0.000522114
-44.7168 0.000526559
-44.6341 0.000531044
-44.5515 0.000535568
-44.4688 0.000540131
-44.3861 0.000544734
-44.3035 0.000549377
-44.2208 0.000554061
-44.1381 0.000558785
-44.0555 0.000563551
-43.9728 0.000568358
-43.8901 0.000573208
-43.8075 0.000578099
-43.7248 0.000583034
-43.6421 0.000588011
-43.5595 0.000593032
-43.4768 0.000598097
-43.3941 0.000603207
-43.3114 0.000608361
-43.2288 0.00061356
-43.1461 0.000618804
-43.0634 0.000624095
-42.9808 0.000629432
-42.8981 0.000634815
-42.8154 0.000640246
-42.7328 0.000645725
-42.6501 0.000651251
-42.5674 0.000656826
-42.4848 0.00066245
-42.4021 0.000668124
-42.3194 0.000673847
-42.2368 0.00067962
-42.1541 0.000685444
-42.0714 0.000691319
-41.9888 0.000697246
-41.9061 0.000703226
-41.8234 0.000709257
-41.7408 0.000715342
-41.6581 0.00072148
-41.5754 0.000727673
-41.4928 0.00073392
-41.4101 0.000740221
-41.3274 0.000746579
-41.2448 0.000752992
-41.1621 0.000759463
-41.0794 0.00076599
-40.9968 0.000772574
-40.9141 0.000779217
-40.8314 0.000785919
-40.7488 0.00079268
-40.6661 0.0007995
-40.5834 0.000806381
-40.5008 0.000813322
-40.4181 0.000820325
-40.3354 0.00082739
-40.2528 0.000834518
-40.1701 0.000841708
-40.0874 0.000848963
-40.0047 0.000856281
-39.9221 0.000863664
-39.8394 0.000871113
-39.7567 0.000878628
-39.6741 0.00088621
-39.5914 0.000893858
-39.5087 0.000901575
-39.4261 0.00090936
-39.3434 0.000917215
-39.2607 0.000925139
-39.1781 0.000933134
-39.0954 0.000941199
-39.0127 0.000949337
-38.9301 0.000957547
-38.8474 0.00096583
-38.7647 0.000974186
-38.6821 0.000982618
-38.5994 0.000991124
-38.5167 0.000999706
-38.4341 0.00100836
-38.3514 0.0010171
-38.2687 0.00102591
-38.1861 0.00103481
-38.1034 0.00104378
-38.0207 0.00105283
-37.9381 0.00106196
-37.8554 0.00107118
-37.7727 0.00108048
-37.6901 0.00108986
-37.6074 0.00109932
-37.5247 0.00110887
-37.4421 0.0011185
-37.3594 0.00112823
-37.2767 0.00113803
-37.1941 0.00114793
-37.1114 0.00115791
-37.0287 0.00116799
-36.9461 0.00117815
-36.8634 0.00118841
-36.7807 0.00119876
-36.698 0.0012092
-36.6154 0.00121973
-36.5327 0.00123036
-36.45 0.00124109
-36.3674 0.00125191
-36.2847 0.00126283
-36.202 0.00127385
-36.1194 0.00128497
-36.0367 0.00129619
-35.954 0.0013075
-35.8714 0.00131893
-35.7887 0.00133045
-35.706 0.00134208
-35.6234 0.00135381
-35.5407 0.00136565
-35.458 0.0013776
-35.3754 0.00138965
-35.2927 0.00140182
-35.21 0.00141409
-35.1274 0.00142648
-35.0447 0.00143897
-34.962 0.00145158
-34.8794 0.00146431
-34.7967 0.00147715
-34.714 0.00149011
-34.6314 0.00150318
-34.5487 0.00151638
-34.466 0.00152969
-34.3834 0.00154313
-34.3007 0.00155668
-34.218 0.00157036
-34.1354 0.00158417
-34.0527 0.0015981
-33.97 0.00161216
-33.8874 0.00162634
-33.8047 0.00164066
-33.722 0.00165511
-33.6394 0.00166969
-33.5567 0.0016844
-33.474 0.00169924
-33.3913 0.00171423
-33.3087 0.00172935
-33.226 0.0017446
-33.1433 0.00176
-33.0607 0.00177554
-32.978 0.00179122
-32.8953 0.00180705
-32.8127 0.00182302
-32.73 0.00183913
-32.6473 0.0018554
-32.5647 0.00187181
-32.482 0.00188838
-32.3993 0.0019051
-32.3167 0.00192197
-32.234 0.001939
-32.1513 0.00195618
-32.0687 0.00197353
-31.986 0.00199103
-31.9033 0.00200869
-31.8207 0.00202652
-31.738 0.00204451
-31.6553 0.00206267
-31.5727 0.002081
-31.49 0.0020995
-31.4073 0.00211816
-31.3247 0.00213701
-31.242 0.00215602
-31.1593 0.00217521
-31.0767 0.00219458
-30.994 0.00221413
-30.9113 0.00223387
-30.8287 0.00225378
-30.746 0.00227388
-30.6633 0.00229417
-30.5807 0.00231465
-30.498 0.00233531
-30.4153 0.00235617
-30.3327 0.00237723
-30.25 0.00239848
-30.1673 0.00241993
-30.0846 0.00244158
-30.002 0.00246343
-29.9193 0.00248549
-29.8366 0.00250775
-29.754 0.00253023
-29.6713 0.00255291
-29.5886 0.0025758
-29.506 0.00259892
-29.4233 0.00262224
-29.3406 0.00264579
-29.258 0.00266956
-29.1753 0.00269355
-29.0926 0.00271777
-29.01 0.00274222
-28.9273 0.00276689
-28.8446 0.0027918
-28.762 0.00281695
-28.6793 0.00284233
-28.5966 0.00286795
-28.514 0.00289382
-28.4313 0.00291993
-28.3486 0.00294628
-28.266 0.00297289
-28.1833 0.00299975
-28.1006 0.00302686
-28.018 0.00305423
-27.9353 0.00308186
-27.8526 0.00310976
-27.77 0.00313792
-27.6873 0.00316634
-27.6046 0.00319504
-27.522 0.00322402
-27.4393 0.00325326
-27.3566 0.00328279
-27.274 0.0033126
-27.1913 0.0033427
-27.1086 0.00337308
-27.0259 0.00340376
-26.9433 0.00343473
-26.8606 0.00346599
-26.7779 0.00349756
-26.6953 0.00352943
-26.6126 0.0035616
-26.5299 0.00359409
-26.4473 0.00362688
-26.3646 0.00366
-26.2819 0.00369343
-26.1993 0.00372719
-26.1166 0.00376127
-26.0339 0.00379568
-25.9513 0.00383042
-25.8686 0.0038655
-25.7859 0.00390092
-25.7033 0.00393669
-25.6206 0.0039728
-25.5379 0.00400926
-25.4553 0.00404608
-25.3726 0.00408325
-25.2899 0.00412079
-25.2073 0.00415869
-25.1246 0.00419696
-25.0419 0.00423561
-24.9593 0.00427463
-24.8766 0.00431404
-24.7939 0.00435383
-24.7113 0.00439401
-24.6286 0.00443458
-24.5459 0.00447555
-24.4633 0.00451693
-24.3806 0.00455871
-24.2979 0.0046009
-24.2153 0.00464351
-24.1326 0.00468654
-24.0499 0.00472999
-23.9673 0.00477387
-23.8846 0.00481819
-23.8019 0.00486294
-23.7192 0.00490814
-23.6366 0.00495378
-23.5539 0.00499988
-23.4712 0.00504644
-23.3886 0.00509345
-23.3059 0.00514094
-23.2232 0.0051889
-23.1406 0.00523734
-23.0579 0.00528626
-22.9752 0.00533567
-22.8926 0.00538557
-22.8099 0.00543598
-22.7272 0.00548689
-22.6446 0.00553831
-22.5619 0.00559024
-22.4792 0.0056427
-22.3966 0.00569568
-22.3139 0.0057492
-22.2312 0.00580326
-22.1486 0.00585787
-22.0659 0.00591303
-21.9832 0.00596874
-21.9006 0.00602502
-21.8179 0.00608187
-21.7352 0.0061393
-21.6526 0.00619731
-21.5699 0.00625591
-21.4872 0.00631511
-21.4046 0.00637491
-21.3219 0.00643532
-21.2392 0.00649635
-21.1566 0.006558
-21.0739 0.00662029
-20.9912 0.00668321
-20.9086 0.00674678
-20.8259 0.00681101
-20.7432 0.00687589
-20.6606 0.00694145
-20.5779 0.00700768
-20.4952 0.00707459
-20.4125 0.0071422
-20.3299 0.00721051
-20.2472 0.00727953
-20.1645 0.00734926
-20.0819 0.00741972
-19.9992 0.00749091
-19.9165 0.00756284
-19.8339 0.00763553
-19.7512 0.00770897
-19.6685 0.00778319
-19.5859 0.00785818
-19.5032 0.00793396
-19.4205 0.00801053
-19.3379 0.00808792
-19.2552 0.00816611
-19.1725 0.00824514
-19.0899 0.00832499
-19.0072 0.0084057
-18.9245 0.00848725
-18.8419 0.00856968
-18.7592 0.00865298
-18.6765 0.00873717
-18.5939 0.00882225
-18.5112 0.00890825
-18.4285 0.00899516
-18.3459 0.00908301
-18.2632 0.00917179
-18.1805 0.00926154
-18.0979 0.00935224
-18.0152 0.00944393
-17.9325 0.0095366
-17.8499 0.00963028
-17.7672 0.00972497
-17.6845 0.00982069
-17.6019 0.00991745
-17.5192 0.0100153
-17.4365 0.0101141
-17.3539 0.0102141
-17.2712 0.0103152
-17.1885 0.0104173
-17.1058 0.0105206
-17.0232 0.010625
-16.9405 0.0107306
-16.8578 0.0108373
-16.7752 0.0109452
-16.6925 0.0110543
-16.6098 0.0111647
-16.5272 0.0112762
-16.4445 0.011389
-16.3618 0.011503
-16.2792 0.0116184
-16.1965 0.011735
-16.1138 0.0118529
-16.0312 0.0119721
-15.9485 0.0120927
-15.8658 0.0122147
-15.7832 0.012338
-15.7005 0.0124627
-15.6178 0.0125889
-15.5352 0.0127165
-15.4525 0.0128455
-15.3698 0.012976
-15.2872 0.013108
-15.2045 0.0132416
-15.1218 0.0133766
-15.0392 0.0135132
-14.9565 0.0136514
-14.8738 0.0137912
-14.7912 0.0139326
-14.7085 0.0140757
-14.6258 0.0142204
-14.5432 0.0143669
-14.4605 0.014515
-14.3778 0.0146649
-14.2952 0.0148165
-14.2125 0.0149699
-14.1298 0.0151252
-14.0472 0.0152823
-13.9645 0.0154412
-13.8818 0.015602
-13.7991 0.0157648
-13.7165 0.0159295
-13.6338 0.0160962
-13.5511 0.0162649
-13.4685 0.0164356
-13.3858 0.0166084
-13.3031 0.0167833
-13.2205 0.0169604
-13.1378 0.0171395
-13.0551 0.0173209
-12.9725 0.0175045
-12.8898 0.0176904
-12.8071 0.0178785
-12.7245 0.018069
-12.6418 0.0182618
-12.5591 0.0184571
-12.4765 0.0186547
-12.3938 0.0188549
-12.3111 0.0190576
-12.2285 0.0192628
-12.1458 0.0194706
-12.0631 0.019681
-11.9805 0.0198942
-11.8978 0.02011
-11.8151 0.0203286
-11.7325 0.02055
-11.6498 0.0207743
-11.5671 0.0210014
-11.4845 0.0212316
-11.4018 0.0214647
-11.3191 0.0217008
-11.2365 0.0219401
-11.1538 0.0221825
-11.0711 0.022428
-10.9885 0.0226769
-10.9058 0.0229291
-10.8231 0.0231846
-10.7405 0.0234435
-10.6578 0.023706
-10.5751 0.0239719
-10.4924 0.0242415
-10.4098 0.0245148
-10.3271 0.0247918
-10.2444 0.0250726
-10.1618 0.0253572
-10.0791 0.0256458
-9.99644 0.0259384
-9.91378 0.0262351
-9.83111 0.026536
-9.74844 0.0268411
-9.66577 0.0271505
-9.58311 0.0274642
-9.50044 0.0277825
-9.41777 0.0281053
-9.3351 0.0284328
-9.25244 0.028765
-9.16977 0.0291021
-9.0871 0.0294441
-9.00443 0.0297911
-8.92177 0.0301432
-8.8391 0.0305005
-8.75643 0.0308632
-8.67376 0.0312313
-8.5911 0.0316049
-8.50843 0.0319842
-8.42576 0.0323693
-8.34309 0.0327602
-8.26043 0.0331572
-8.17776 0.0335603
-8.09509 0.0339697
-8.01242 0.0343855
-7.92976 0.0348079
-7.84709 0.0352369
-7.76442 0.0356728
-7.68175 0.0361157
-7.59909 0.0365657
-7.51642 0.037023
-7.43375 0.0374878
-7.35108 0.0379602
-7.26842 0.0384405
-7.18575 0.0389287
-7.10308 0.0394252
-7.02041 0.03993
-6.93775 0.0404434
-6.85508 0.0409656
-6.77241 0.0414968
-6.68974 0.0420372
-6.60708 0.0425871
-6.52441 0.0431467
-6.44174 0.0437162
-6.35907 0.0442959
-6.27641 0.0448861
-6.19374 0.0454869
-6.11107 0.0460988
-6.0284 0.046722
-5.94574 0.0473568
-5.86307 0.0480036
-5.7804 0.0486625
-5.69773 0.0493341
-5.61507 0.0500186
-5.5324 0.0507164
-5.44973 0.0514279
-5.36706 0.0521534
-5.2844 0.0528935
-5.20173 0.0536484
-5.11906 0.0544187
-5.03639 0.0552049
-4.95373 0.0560073
-4.87106 0.0568266
-4.78839 0.0576632
-4.70572 0.0585176
-4.62306 0.0593905
-4.54039 0.0602825
-4.45772 0.0611941
-4.37505 0.0621259
-4.29238 0.0630788
-4.20972 0.0640533
-4.12705 0.0650502
-4.04438 0.0660703
-3.96171 0.0671144
-3.87905 0.0681832
-3.79638 0.0692777
-3.71371 0.0703988
-3.63104 0.0715474
-3.54838 0.0727245
-3.46571 0.0739311
-3.38304 0.0751683
-3.30037 0.0764371
-3.21771 0.0777389
-3.13504 0.0790746
-3.05237 0.0804457
-2.9697 0.0818532
-2.88704 0.0832986
-2.80437 0.0847832
-2.7217 0.0863082
-2.63903 0.0878752
-2.55637 0.0894853
-2.4737 0.09114
-2.39103 0.0928405
-2.30836 0.094588
-2.2257 0.0963837
-2.14303 0.0982284
-2.06036 0.100123
-1.97769 0.102067
-1.89503 0.104062
-1.81236 0.106105
-1.72969 0.108197
-1.64702 0.110334
-1.56436 0.112513
-1.48169 0.114727
-1.39902 0.11697
-1.31635 0.119231
-1.23369 0.121495
-1.15102 0.123744
-1.06835 0.125953
-0.985685 0.128089
-0.903017 0.130112
-0.82035 0.131969
-0.737682 0.133595
-0.655015 0.13491
-0.572347 0.135819
-0.48968 0.136214
-0.407012 0.135978
-0.324345 0.134991
-0.241677 0.133147
-0.15901 0.130368
-0.0763421 0.126623
0.00632543 0.121943
0.0889929 0.116423
0.17166 0.110215
0.254328 0.103512
0.336995 0.0965178
0.419663 0.089428
0.50233 0.0824122
0.584998 0.0756051
0.667665 0.0691047
0.750333 0.0629757
0.833001 0.0572548
0.915668 0.0519572
0.998336 0.0470818
1.081 0.0426168
1.16367 0.0385431
1.24634 0.0348371
1.32901 0.0314735
1.41167 0.0284257
1.49434 0.0256679
1.57701 0.0231748
1.65968 0.0209229
1.74234 0.0188898
1.82501 0.017055
1.90768 0.0153995
1.99035 0.0139062
2.07301 0.0125592
2.15568 0.0113442
2.23835 0.0102482
2.32102 0.00925951
2.40368 0.00836754
2.48635 0.00756272
2.56902 0.00683644
2.65169 0.00618092
2.73435 0.00558918
2.81702 0.00505492
2.89969 0.00457248
2.98236 0.00413674
3.06502 0.00374312
3.14769 0.00338747
3.23036 0.00306609
3.31303 0.00277561
3.39569 0.00251302
3.47836 0.0022756
3.56103 0.0020609
3.6437 0.00186671
3.72636 0.00169105
3.80903 0.00153211
3.8917 0.00138829
3.97437 0.00125813
4.05703 0.00114031
4.1397 0.00103364
4.22237 0.000937062
