-0.592585 0.00386064
-0.558803 0.00424369
-0.525021 0.00465831
-0.491239 0.00510623
-0.457457 0.00558913
-0.423675 0.00610867
-0.389893 0.00666646
-0.356112 0.00726403
-0.32233 0.00790281
-0.288548 0.00858412
-0.254766 0.00930917
-0.220984 0.010079
-0.187202 0.0108945
-0.153421 0.0117563
-0.119639 0.012665
-0.0858568 0.0136208
-0.052075 0.0146238
-0.0182931 0.0156739
0.0154887 0.0167707
0.0492706 0.0179135
0.0830524 0.0191016
0.116834 0.0203337
0.150616 0.0216087
0.184398 0.022925
0.21818 0.024281
0.251962 0.0256747
0.285744 0.027104
0.319525 0.0285668
0.353307 0.0300607
0.387089 0.0315834
0.420871 0.0331322
0.454653 0.0347045
0.488435 0.0362978
0.522216 0.0379092
0.555998 0.0395362
0.58978 0.0411761
0.623562 0.0428262
0.657344 0.0444838
0.691126 0.0461464
0.724908 0.0478116
0.758689 0.0494768
0.792471 0.0511398
0.826253 0.0527982
0.860035 0.05445
0.893817 0.056093
0.927599 0.0577253
0.96138 0.0593452
0.995162 0.0609508
1.02894 0.0625405
1.06273 0.0641128
1.09651 0.0656663
1.13029 0.0671998
1.16407 0.068712
1.19785 0.0702018
1.23164 0.0716682
1.26542 0.0731103
1.2992 0.0745274
1.33298 0.0759187
1.36676 0.0772835
1.40054 0.0786213
1.43433 0.0799316
1.46811 0.081214
1.50189 0.0824681
1.53567 0.0836937
1.56945 0.0848904
1.60324 0.0860583
1.63702 0.087197
1.6708 0.0883066
1.70458 0.089387
1.73836 0.0904383
1.77214 0.0914605
1.80593 0.0924536
1.83971 0.0934178
1.87349 0.0943533
1.90727 0.0952602
1.94105 0.0961387
1.97484 0.0969891
2.00862 0.0978116
2.0424 0.0986065
2.07618 0.0993741
2.10996 0.100115
2.14375 0.100828
2.17753 0.101516
2.21131 0.102177
2.24509 0.102813
2.27887 0.103423
2.31265 0.104008
2.34644 0.104569
2.38022 0.105105
2.414 0.105618
2.44778 0.106107
2.48156 0.106573
2.51535 0.107016
2.54913 0.107437
2.58291 0.107836
2.61669 0.108213
2.65047 0.108569
2.68425 0.108905
2.71804 0.10922
2.75182 0.109515
2.7856 0.10979
2.81938 0.110047
2.85316 0.110284
2.88695 0.110503
2.92073 0.110704
2.95451 0.110887
2.98829 0.111052
3.02207 0.111201
3.05586 0.111333
3.08964 0.111448
3.12342 0.111548
3.1572 0.111632
3.19098 0.111701
3.22476 0.111755
3.25855 0.111794
3.29233 0.111819
3.32611 0.11183
3.35989 0.111827
3.39367 0.111811
3.42746 0.111782
3.46124 0.111741
3.49502 0.111686
3.5288 0.11162
3.56258 0.111542
3.59636 0.111452
3.63015 0.111351
3.66393 0.111239
3.69771 0.111116
3.73149 0.110983
3.76527 0.11084
3.79906 0.110686
3.83284 0.110523
3.86662 0.110351
3.9004 0.110169
3.93418 0.109978
3.96796 0.109779
4.00175 0.109571
4.03553 0.109355
4.06931 0.10913
4.10309 0.108898
4.13687 0.108658
4.17066 0.108411
4.20444 0.108157
4.23822 0.107895
4.272 0.107627
4.30578 0.107352
4.33957 0.10707
4.37335 0.106783
4.40713 0.106489
4.44091 0.106189
4.47469 0.105884
4.50847 0.105573
4.54226 0.105257
4.57604 0.104935
4.60982 0.104609
4.6436 0.104278
4.67738 0.103941
4.71117 0.103601
4.74495 0.103256
4.77873 0.102906
4.81251 0.102552
4.84629 0.102195
4.88007 0.101833
4.91386 0.101468
4.94764 0.101099
4.98142 0.100727
5.0152 0.100352
5.04898 0.0999727
5.08277 0.0995908
5.11655 0.0992059
5.15033 0.0988182
5.18411 0.0984276
5.21789 0.0980345
5.25168 0.0976388
5.28546 0.0972407
5.31924 0.0968403
5.35302 0.0964377
5.3868 0.0960329
5.42058 0.0956261
5.45437 0.0952175
5.48815 0.0948069
5.52193 0.0943947
5.55571 0.0939808
5.58949 0.0935654
5.62328 0.0931484
5.65706 0.0927301
5.69084 0.0923105
5.72462 0.0918897
5.7584 0.0914677
5.79218 0.0910447
5.82597 0.0906206
5.85975 0.0901957
5.89353 0.0897698
5.92731 0.0893433
5.96109 0.088916
5.99488 0.088488
6.02866 0.0880595
6.06244 0.0876305
6.09622 0.087201
6.13 0.0867712
6.16379 0.086341
6.19757 0.0859105
6.23135 0.0854798
6.26513 0.085049
6.29891 0.0846181
6.33269 0.0841871
6.36648 0.0837561
6.40026 0.0833252
6.43404 0.0828944
6.46782 0.0824637
6.5016 0.0820332
6.53539 0.081603
6.56917 0.0811731
6.60295 0.0807434
6.63673 0.0803142
6.67051 0.0798854
6.70429 0.0794571
6.73808 0.0790292
6.77186 0.0786019
6.80564 0.0781751
6.83942 0.077749
6.8732 0.0773235
6.90699 0.0768987
6.94077 0.0764746
6.97455 0.0760513
7.00833 0.0756287
7.04211 0.0752069
7.07589 0.074786
7.10968 0.074366
7.14346 0.0739469
7.17724 0.0735286
7.21102 0.0731114
7.2448 0.0726951
7.27859 0.0722799
7.31237 0.0718656
7.34615 0.0714525
7.37993 0.0710404
7.41371 0.0706294
7.4475 0.0702196
7.48128 0.0698109
7.51506 0.0694033
7.54884 0.068997
7.58262 0.0685919
7.6164 0.068188
7.65019 0.0677853
7.68397 0.0673839
7.71775 0.0669838
7.75153 0.066585
7.78531 0.0661875
7.8191 0.0657914
7.85288 0.0653966
7.88666 0.0650032
7.92044 0.0646111
7.95422 0.0642204
7.988 0.0638312
8.02179 0.0634433
8.05557 0.0630569
8.08935 0.062672
8.12313 0.0622884
8.15691 0.0619064
8.1907 0.0615258
8.22448 0.0611467
8.25826 0.0607692
8.29204 0.0603931
8.32582 0.0600185
8.35961 0.0596455
8.39339 0.0592739
8.42717 0.058904
8.46095 0.0585355
8.49473 0.0581687
8.52851 0.0578034
8.5623 0.0574396
8.59608 0.0570775
8.62986 0.0567169
8.66364 0.0563579
8.69742 0.0560005
8.73121 0.0556446
8.76499 0.0552904
8.79877 0.0549378
8.83255 0.0545868
8.86633 0.0542374
8.90011 0.0538897
8.9339 0.0535435
8.96768 0.053199
9.00146 0.0528561
9.03524 0.0525148
9.06902 0.0521751
9.10281 0.0518371
9.13659 0.0515008
9.17037 0.051166
9.20415 0.0508329
9.23793 0.0505014
9.27172 0.0501716
9.3055 0.0498434
9.33928 0.0495169
9.37306 0.049192
9.40684 0.0488687
9.44062 0.0485471
9.47441 0.0482271
9.50819 0.0479087
9.54197 0.047592
9.57575 0.047277
9.60953 0.0469635
9.64332 0.0466517
9.6771 0.0463416
9.71088 0.046033
9.74466 0.0457262
9.77844 0.0454209
9.81222 0.0451173
9.84601 0.0448153
9.87979 0.0445149
9.91357 0.0442161
9.94735 0.043919
9.98113 0.0436235
10.0149 0.0433295
10.0487 0.0430372
10.0825 0.0427466
10.1163 0.0424575
10.15 0.04217
10.1838 0.0418841
10.2176 0.0415998
10.2514 0.0413171
10.2852 0.041036
10.319 0.0407565
10.3527 0.0404786
10.3865 0.0402022
10.4203 0.0399275
10.4541 0.0396542
10.4879 0.0393826
10.5216 0.0391125
10.5554 0.038844
10.5892 0.038577
10.623 0.0383116
10.6568 0.0380477
10.6906 0.0377853
10.7243 0.0375245
10.7581 0.0372653
10.7919 0.0370075
10.8257 0.0367513
10.8595 0.0364965
10.8932 0.0362433
10.927 0.0359916
10.9608 0.0357414
10.9946 0.0354927
11.0284 0.0352455
11.0622 0.0349998
11.0959 0.0347555
11.1297 0.0345127
11.1635 0.0342714
11.1973 0.0340316
11.2311 0.0337932
11.2648 0.0335562
11.2986 0.0333207
11.3324 0.0330867
11.3662 0.0328541
11.4 0.0326229
11.4338 0.0323931
11.4675 0.0321648
11.5013 0.0319378
11.5351 0.0317123
11.5689 0.0314882
11.6027 0.0312655
11.6364 0.0310441
11.6702 0.0308241
11.704 0.0306056
11.7378 0.0303884
11.7716 0.0301725
11.8054 0.029958
11.8391 0.0297449
11.8729 0.0295331
11.9067 0.0293227
11.9405 0.0291136
11.9743 0.0289058
12.008 0.0286993
12.0418 0.0284942
12.0756 0.0282904
12.1094 0.0280878
12.1432 0.0278866
12.177 0.0276867
12.2107 0.027488
12.2445 0.0272907
12.2783 0.0270946
12.3121 0.0268997
12.3459 0.0267062
12.3796 0.0265139
12.4134 0.0263228
12.4472 0.026133
12.481 0.0259444
12.5148 0.0257571
12.5486 0.025571
12.5823 0.0253861
12.6161 0.0252024
12.6499 0.0250199
12.6837 0.0248386
12.7175 0.0246585
12.7512 0.0244796
12.785 0.0243019
12.8188 0.0241254
12.8526 0.02395
12.8864 0.0237758
12.9202 0.0236027
12.9539 0.0234308
12.9877 0.02326
13.0215 0.0230904
13.0553 0.0229219
13.0891 0.0227546
13.1228 0.0225883
13.1566 0.0224232
13.1904 0.0222592
13.2242 0.0220963
13.258 0.0219344
13.2918 0.0217737
13.3255 0.0216141
13.3593 0.0214555
13.3931 0.021298
13.4269 0.0211416
13.4607 0.0209862
13.4944 0.0208319
13.5282 0.0206786
13.562 0.0205264
13.5958 0.0203752
13.6296 0.020225
13.6634 0.0200759
13.6971 0.0199278
13.7309 0.0197807
13.7647 0.0196346
13.7985 0.0194895
13.8323 0.0193454
13.866 0.0192022
13.8998 0.0190601
13.9336 0.018919
13.9674 0.0187788
14.0012 0.0186396
14.035 0.0185013
14.0687 0.018364
14.1025 0.0182277
14.1363 0.0180923
14.1701 0.0179578
14.2039 0.0178243
14.2376 0.0176917
14.2714 0.01756
14.3052 0.0174293
14.339 0.0172994
14.3728 0.0171705
14.4066 0.0170424
14.4403 0.0169153
14.4741 0.016789
14.5079 0.0166636
14.5417 0.0165391
14.5755 0.0164155
14.6092 0.0162927
14.643 0.0161708
14.6768 0.0160498
14.7106 0.0159296
14.7444 0.0158102
14.7782 0.0156917
14.8119 0.015574
14.8457 0.0154572
14.8795 0.0153412
14.9133 0.015226
14.9471 0.0151116
14.9808 0.014998
15.0146 0.0148853
15.0484 0.0147733
15.0822 0.0146621
15.116 0.0145518
15.1498 0.0144422
15.1835 0.0143333
15.2173 0.0142253
15.2511 0.014118
15.2849 0.0140115
15.3187 0.0139058
15.3524 0.0138008
15.3862 0.0136966
15.42 0.0135931
15.4538 0.0134903
15.4876 0.0133883
15.5214 0.013287
15.5551 0.0131864
15.5889 0.0130866
15.6227 0.0129875
15.6565 0.0128891
15.6903 0.0127914
15.724 0.0126944
15.7578 0.0125981
15.7916 0.0125025
15.8254 0.0124075
15.8592 0.0123133
15.893 0.0122198
15.9267 0.0121269
15.9605 0.0120347
15.9943 0.0119432
16.0281 0.0118523
16.0619 0.0117621
16.0956 0.0116725
16.1294 0.0115836
16.1632 0.0114954
16.197 0.0114077
16.2308 0.0113207
16.2646 0.0112344
16.2983 0.0111487
16.3321 0.0110636
16.3659 0.0109791
16.3997 0.0108952
16.4335 0.010812
16.4672 0.0107293
16.501 0.0106473
16.5348 0.0105659
16.5686 0.010485
16.6024 0.0104048
16.6362 0.0103251
16.6699 0.010246
16.7037 0.0101675
16.7375 0.0100896
16.7713 0.0100123
16.8051 0.00993547
16.8388 0.00985925
16.8726 0.00978359
16.9064 0.00970849
16.9402 0.00963394
16.974 0.00955993
17.0078 0.00948648
17.0415 0.00941356
17.0753 0.00934119
17.1091 0.00926935
17.1429 0.00919803
17.1767 0.00912725
17.2104 0.00905699
17.2442 0.00898725
17.278 0.00891802
17.3118 0.00884931
17.3456 0.0087811
17.3794 0.0087134
17.4131 0.00864621
17.4469 0.00857951
17.4807 0.00851331
17.5145 0.00844759
17.5483 0.00838237
17.582 0.00831763
17.6158 0.00825337
17.6496 0.00818959
17.6834 0.00812629
17.7172 0.00806346
17.751 0.00800109
17.7847 0.00793919
17.8185 0.00787775
17.8523 0.00781677
17.8861 0.00775625
17.9199 0.00769618
17.9536 0.00763655
17.9874 0.00757737
18.0212 0.00751864
18.055 0.00746034
18.0888 0.00740248
18.1226 0.00734506
18.1563 0.00728806
18.1901 0.00723149
18.2239 0.00717535
18.2577 0.00711962
18.2915 0.00706432
18.3253 0.00700943
18.359 0.00695495
18.3928 0.00690088
18.4266 0.00684722
18.4604 0.00679396
18.4942 0.0067411
18.5279 0.00668864
18.5617 0.00663658
18.5955 0.0065849
18.6293 0.00653362
18.6631 0.00648272
18.6969 0.00643221
18.7306 0.00638208
18.7644 0.00633233
18.7982 0.00628295
18.832 0.00623394
18.8658 0.00618531
18.8995 0.00613704
18.9333 0.00608914
18.9671 0.0060416
19.0009 0.00599442
19.0347 0.0059476
19.0685 0.00590114
19.1022 0.00585502
19.136 0.00580926
19.1698 0.00576384
19.2036 0.00571876
19.2374 0.00567403
19.2711 0.00562964
19.3049 0.00558559
19.3387 0.00554187
19.3725 0.00549848
19.4063 0.00545542
19.4401 0.00541269
19.4738 0.00537028
19.5076 0.0053282
19.5414 0.00528644
19.5752 0.005245
19.609 0.00520387
19.6427 0.00516305
19.6765 0.00512255
19.7103 0.00508235
19.7441 0.00504247
19.7779 0.00500288
19.8117 0.0049636
19.8454 0.00492462
19.8792 0.00488594
19.913 0.00484755
19.9468 0.00480946
19.9806 0.00477165
20.0143 0.00473414
20.0481 0.00469691
20.0819 0.00465997
20.1157 0.00462331
20.1495 0.00458694
20.1833 0.00455084
20.217 0.00451501
20.2508 0.00447947
20.2846 0.00444419
20.3184 0.00440919
20.3522 0.00437445
20.3859 0.00433998
20.4197 0.00430578
20.4535 0.00427184
20.4873 0.00423816
20.5211 0.00420474
20.5549 0.00417157
20.5886 0.00413866
20.6224 0.004106
20.6562 0.0040736
20.69 0.00404144
20.7238 0.00400954
20.7575 0.00397787
20.7913 0.00394646
20.8251 0.00391528
20.8589 0.00388435
20.8927 0.00385365
20.9265 0.00382319
20.9602 0.00379296
20.994 0.00376297
21.0278 0.00373321
21.0616 0.00370368
21.0954 0.00367438
21.1291 0.0036453
21.1629 0.00361645
21.1967 0.00358782
21.2305 0.00355942
21.2643 0.00353123
21.2981 0.00350326
21.3318 0.00347551
21.3656 0.00344797
21.3994 0.00342065
21.4332 0.00339354
21.467 0.00336664
21.5007 0.00333994
21.5345 0.00331346
21.5683 0.00328717
21.6021 0.0032611
21.6359 0.00323522
21.6697 0.00320955
21.7034 0.00318407
21.7372 0.0031588
21.771 0.00313372
21.8048 0.00310883
21.8386 0.00308414
21.8723 0.00305964
21.9061 0.00303533
21.9399 0.00301121
21.9737 0.00298727
22.0075 0.00296353
22.0413 0.00293996
22.075 0.00291659
22.1088 0.00289339
22.1426 0.00287037
22.1764 0.00284754
22.2102 0.00282488
22.2439 0.0028024
22.2777 0.00278009
22.3115 0.00275796
22.3453 0.002736
22.3791 0.00271421
22.4129 0.00269259
22.4466 0.00267114
22.4804 0.00264986
22.5142 0.00262874
22.548 0.00260779
22.5818 0.002587
22.6155 0.00256638
22.6493 0.00254591
22.6831 0.00252561
22.7169 0.00250546
22.7507 0.00248548
22.7845 0.00246565
22.8182 0.00244597
22.852 0.00242645
22.8858 0.00240708
22.9196 0.00238786
22.9534 0.0023688
22.9871 0.00234988
23.0209 0.00233111
23.0547 0.00231249
23.0885 0.00229401
23.1223 0.00227568
23.1561 0.00225749
23.1898 0.00223945
23.2236 0.00222154
23.2574 0.00220378
23.2912 0.00218616
23.325 0.00216867
23.3587 0.00215133
23.3925 0.00213412
23.4263 0.00211704
23.4601 0.0021001
23.4939 0.00208329
23.5277 0.00206661
23.5614 0.00205007
23.5952 0.00203365
23.629 0.00201737
23.6628 0.00200121
23.6966 0.00198518
23.7303 0.00196927
23.7641 0.00195349
23.7979 0.00193784
23.8317 0.00192231
23.8655 0.0019069
23.8993 0.00189161
23.933 0.00187644
23.9668 0.00186139
24.0006 0.00184647
24.0344 0.00183165
24.0682 0.00181696
24.1019 0.00180238
24.1357 0.00178792
24.1695 0.00177357
24.2033 0.00175933
24.2371 0.00174521
24.2709 0.00173119
24.3046 0.00171729
24.3384 0.0017035
24.3722 0.00168982
24.406 0.00167624
24.4398 0.00166277
24.4735 0.00164941
24.5073 0.00163616
24.5411 0.00162301
24.5749 0.00160996
24.6087 0.00159702
24.6425 0.00158418
24.6762 0.00157144
24.71 0.0015588
24.7438 0.00154626
24.7776 0.00153382
24.8114 0.00152148
24.8451 0.00150924
24.8789 0.00149709
24.9127 0.00148504
24.9465 0.00147309
24.9803 0.00146123
25.0141 0.00144946
25.0478 0.00143779
25.0816 0.00142621
25.1154 0.00141472
25.1492 0.00140333
25.183 0.00139202
25.2167 0.0013808
25.2505 0.00136968
25.2843 0.00135864
25.3181 0.00134768
25.3519 0.00133682
25.3857 0.00132604
25.4194 0.00131535
25.4532 0.00130474
25.487 0.00129422
25.5208 0.00128378
25.5546 0.00127342
25.5883 0.00126315
25.6221 0.00125296
25.6559 0.00124284
25.6897 0.00123281
25.7235 0.00122286
25.7573 0.00121299
25.791 0.0012032
25.8248 0.00119348
25.8586 0.00118384
25.8924 0.00117428
25.9262 0.0011648
25.9599 0.00115539
25.9937 0.00114605
26.0275 0.00113679
26.0613 0.0011276
26.0951 0.00111849
26.1289 0.00110945
26.1626 0.00110048
26.1964 0.00109158
26.2302 0.00108276
26.264 0.001074
26.2978 0.00106532
26.3315 0.0010567
26.3653 0.00104815
26.3991 0.00103967
26.4329 0.00103126
26.4667 0.00102292
26.5005 0.00101464
26.5342 0.00100643
26.568 0.000998279
26.6018 0.000990197
26.6356 0.00098218
26.6694 0.000974227
26.7031 0.000966338
26.7369 0.000958512
26.7707 0.000950748
26.8045 0.000943047
26.8383 0.000935407
26.8721 0.000927828
26.9058 0.00092031
26.9396 0.000912852
26.9734 0.000905453
27.0072 0.000898114
27.041 0.000890834
27.0747 0.000883611
27.1085 0.000876447
27.1423 0.00086934
27.1761 0.00086229
27.2099 0.000855296
27.2437 0.000848359
27.2774 0.000841477
27.3112 0.00083465
27.345 0.000827878
27.3788 0.00082116
27.4126 0.000814496
27.4463 0.000807885
27.4801 0.000801327
27.5139 0.000794822
27.5477 0.000788369
27.5815 0.000781968
27.6153 0.000775618
27.649 0.00076932
27.6828 0.000763071
27.7166 0.000756873
27.7504 0.000750725
27.7842 0.000744626
27.8179 0.000738576
27.8517 0.000732574
27.8855 0.000726621
27.9193 0.000720715
27.9531 0.000714857
27.9869 0.000709046
28.0206 0.000703282
28.0544 0.000697564
28.0882 0.000691892
28.122 0.000686266
28.1558 0.000680684
28.1895 0.000675148
28.2233 0.000669656
28.2571 0.000664209
28.2909 0.000658805
28.3247 0.000653444
28.3585 0.000648127
28.3922 0.000642853
28.426 0.000637621
28.4598 0.000632431
28.4936 0.000627283
28.5274 0.000622176
28.5612 0.000617111
28.5949 0.000612086
28.6287 0.000607101
28.6625 0.000602157
28.6963 0.000597253
28.7301 0.000592388
28.7638 0.000587562
28.7976 0.000582776
28.8314 0.000578027
28.8652 0.000573318
28.899 0.000568646
28.9328 0.000564011
28.9665 0.000559414
29.0003 0.000554855
29.0341 0.000550331
29.0679 0.000545845
29.1017 0.000541394
29.1354 0.00053698
29.1692 0.000532601
29.203 0.000528258
29.2368 0.000523949
29.2706 0.000519675
29.3044 0.000515436
29.3381 0.000511231
29.3719 0.00050706
29.4057 0.000502923
29.4395 0.000498819
29.4733 0.000494748
29.507 0.00049071
29.5408 0.000486705
29.5746 0.000482732
29.6084 0.000478791
29.6422 0.000474882
29.676 0.000471004
29.7097 0.000467158
29.7435 0.000463343
29.7773 0.000459559
29.8111 0.000455806
29.8449 0.000452082
29.8786 0.000448389
29.9124 0.000444726
29.9462 0.000441093
29.98 0.000437488
30.0138 0.000433913
30.0476 0.000430367
30.0813 0.00042685
30.1151 0.000423361
30.1489 0.0004199
30.1827 0.000416468
30.2165 0.000413063
30.2502 0.000409685
30.284 0.000406335
30.3178 0.000403013
30.3516 0.000399717
30.3854 0.000396447
30.4192 0.000393205
30.4529 0.000389988
30.4867 0.000386798
30.5205 0.000383633
30.5543 0.000380494
30.5881 0.000377381
30.6218 0.000374293
30.6556 0.000371229
30.6894 0.000368191
30.7232 0.000365177
30.757 0.000362188
30.7908 0.000359223
30.8245 0.000356282
30.8583 0.000353365
30.8921 0.000350471
30.9259 0.000347601
30.9597 0.000344755
30.9934 0.000341931
31.0272 0.000339131
31.061 0.000336353
31.0948 0.000333597
31.1286 0.000330864
31.1624 0.000328153
31.1961 0.000325464
31.2299 0.000322797
31.2637 0.000320152
31.2975 0.000317528
31.3313 0.000314926
31.365 0.000312344
31.3988 0.000309784
31.4326 0.000307244
31.4664 0.000304725
31.5002 0.000302227
31.534 0.000299749
31.5677 0.000297291
31.6015 0.000294852
31.6353 0.000292434
31.6691 0.000290036
31.7029 0.000287657
31.7366 0.000285297
31.7704 0.000282956
31.8042 0.000280635
31.838 0.000278332
31.8718 0.000276048
31.9056 0.000273783
31.9393 0.000271536
31.9731 0.000269307
32.0069 0.000267097
32.0407 0.000264905
32.0745 0.00026273
32.1082 0.000260573
32.142 0.000258434
32.1758 0.000256312
32.2096 0.000254207
32.2434 0.000252119
32.2772 0.000250049
32.3109 0.000247995
32.3447 0.000245958
32.3785 0.000243938
32.4123 0.000241934
32.4461 0.000239947
32.4798 0.000237975
32.5136 0.00023602
32.5474 0.000234081
32.5812 0.000232157
32.615 0.000230249
32.6488 0.000228357
32.6825 0.00022648
32.7163 0.000224618
32.7501 0.000222772
32.7839 0.000220941
32.8177 0.000219124
32.8514 0.000217323
32.8852 0.000215536
32.919 0.000213763
32.9528 0.000212005
32.9866 0.000210262
33.0204 0.000208533
33.0541 0.000206817
33.0879 0.000205116
33.1217 0.000203429
33.1555 0.000201755
