-4.30084 0.00431949
-4.29306 0.00436816
-4.28528 0.00441737
-4.2775 0.00446712
-4.26972 0.00451743
-4.26194 0.00456829
-4.25416 0.00461971
-4.24638 0.00467171
-4.2386 0.00472427
-4.23082 0.00477742
-4.22304 0.00483116
-4.21526 0.00488549
-4.20748 0.00494042
-4.1997 0.00499596
-4.19192 0.00505211
-4.18414 0.00510889
-4.17636 0.00516629
-4.16858 0.00522432
-4.1608 0.00528299
-4.15302 0.00534231
-4.14524 0.00540228
-4.13746 0.00546292
-4.12968 0.00552422
-4.1219 0.0055862
-4.11412 0.00564886
-4.10634 0.00571221
-4.09856 0.00577626
-4.09078 0.00584101
-4.083 0.00590648
-4.07522 0.00597266
-4.06744 0.00603957
-4.05966 0.00610722
-4.05188 0.00617561
-4.0441 0.00624476
-4.03632 0.00631466
-4.02854 0.00638533
-4.02076 0.00645677
-4.01298 0.006529
-4.0052 0.00660202
-3.99742 0.00667584
-3.98964 0.00675048
-3.98186 0.00682592
-3.97408 0.0069022
-3.9663 0.00697931
-3.95852 0.00705726
-3.95074 0.00713607
-3.94296 0.00721574
-3.93518 0.00729628
-3.9274 0.0073777
-3.91963 0.00746001
-3.91185 0.00754322
-3.90407 0.00762734
-3.89629 0.00771238
-3.88851 0.00779834
-3.88073 0.00788524
-3.87295 0.00797309
-3.86517 0.0080619
-3.85739 0.00815168
-3.84961 0.00824243
-3.84183 0.00833418
-3.83405 0.00842692
-3.82627 0.00852067
-3.81849 0.00861544
-3.81071 0.00871124
-3.80293 0.00880809
-3.79515 0.00890598
-3.78737 0.00900494
-3.77959 0.00910498
-3.77181 0.0092061
-3.76403 0.00930831
-3.75625 0.00941164
-3.74847 0.00951609
-3.74069 0.00962167
-3.73291 0.00972839
-3.72513 0.00983627
-3.71735 0.00994531
-3.70957 0.0100555
-3.70179 0.010167
-3.69401 0.0102796
-3.68623 0.0103934
-3.67845 0.0105085
-3.67067 0.0106248
-3.66289 0.0107424
-3.65511 0.0108612
-3.64733 0.0109813
-3.63955 0.0111028
-3.63177 0.0112255
-3.62399 0.0113495
-3.61621 0.0114749
-3.60843 0.0116017
-3.60065 0.0117298
-3.59287 0.0118592
-3.58509 0.0119901
-3.57731 0.0121224
-3.56953 0.0122561
-3.56175 0.0123912
-3.55397 0.0125278
-3.54619 0.0126658
-3.53841 0.0128054
-3.53063 0.0129464
-3.52285 0.0130889
-3.51507 0.013233
-3.50729 0.0133786
-3.49951 0.0135258
-3.49173 0.0136745
-3.48395 0.0138248
-3.47617 0.0139768
-3.46839 0.0141303
-3.46061 0.0142855
-3.45283 0.0144424
-3.44505 0.0146009
-3.43727 0.0147611
-3.42949 0.014923
-3.42171 0.0150867
-3.41393 0.0152521
-3.40615 0.0154192
-3.39837 0.0155881
-3.39059 0.0157589
-3.38281 0.0159314
-3.37503 0.0161058
-3.36725 0.016282
-3.35947 0.0164601
-3.35169 0.0166401
-3.34391 0.0168219
-3.33613 0.0170057
-3.32835 0.0171915
-3.32057 0.0173792
-3.31279 0.0175689
-3.30501 0.0177606
-3.29723 0.0179544
-3.28945 0.0181502
-3.28167 0.018348
-3.27389 0.0185479
-3.26611 0.01875
-3.25833 0.0189541
-3.25055 0.0191605
-3.24277 0.019369
-3.23499 0.0195796
-3.22721 0.0197925
-3.21943 0.0200077
-3.21165 0.0202251
-3.20387 0.0204447
-3.19609 0.0206667
-3.18831 0.020891
-3.18053 0.0211176
-3.17275 0.0213467
-3.16497 0.0215781
-3.15719 0.0218119
-3.14941 0.0220482
-3.14163 0.022287
-3.13385 0.0225282
-3.12607 0.0227719
-3.11829 0.0230182
-3.11051 0.0232671
-3.10273 0.0235185
-3.09495 0.0237726
-3.08718 0.0240293
-3.0794 0.0242887
-3.07162 0.0245508
-3.06384 0.0248155
-3.05606 0.0250831
-3.04828 0.0253534
-3.0405 0.0256265
-3.03272 0.0259024
-3.02494 0.0261812
-3.01716 0.0264628
-3.00938 0.0267474
-3.0016 0.0270349
-2.99382 0.0273253
-2.98604 0.0276188
-2.97826 0.0279153
-2.97048 0.0282148
-2.9627 0.0285174
-2.95492 0.0288231
-2.94714 0.029132
-2.93936 0.029444
-2.93158 0.0297592
-2.9238 0.0300776
-2.91602 0.0303993
-2.90824 0.0307243
-2.90046 0.0310526
-2.89268 0.0313843
-2.8849 0.0317193
-2.87712 0.0320578
-2.86934 0.0323997
-2.86156 0.0327451
-2.85378 0.033094
-2.846 0.0334464
-2.83822 0.0338024
-2.83044 0.0341621
-2.82266 0.0345253
-2.81488 0.0348923
-2.8071 0.0352629
-2.79932 0.0356374
-2.79154 0.0360155
-2.78376 0.0363975
-2.77598 0.0367834
-2.7682 0.0371731
-2.76042 0.0375668
-2.75264 0.0379644
-2.74486 0.038366
-2.73708 0.0387717
-2.7293 0.0391814
-2.72152 0.0395952
-2.71374 0.0400131
-2.70596 0.0404353
-2.69818 0.0408616
-2.6904 0.0412922
-2.68262 0.0417271
-2.67484 0.0421663
-2.66706 0.0426099
-2.65928 0.0430579
-2.6515 0.0435103
-2.64372 0.0439672
-2.63594 0.0444287
-2.62816 0.0448947
-2.62038 0.0453653
-2.6126 0.0458406
-2.60482 0.0463205
-2.59704 0.0468052
-2.58926 0.0472946
-2.58148 0.0477889
-2.5737 0.048288
-2.56592 0.048792
-2.55814 0.0493009
-2.55036 0.0498149
-2.54258 0.0503338
-2.5348 0.0508578
-2.52702 0.0513869
-2.51924 0.0519212
-2.51146 0.0524607
-2.50368 0.0530054
-2.4959 0.0535554
-2.48812 0.0541107
-2.48034 0.0546714
-2.47256 0.0552375
-2.46478 0.0558091
-2.457 0.0563862
-2.44922 0.0569688
-2.44144 0.0575571
-2.43366 0.058151
-2.42588 0.0587506
-2.4181 0.0593559
-2.41032 0.059967
-2.40254 0.060584
-2.39476 0.0612068
-2.38698 0.0618356
-2.3792 0.0624704
-2.37142 0.0631112
-2.36364 0.063758
-2.35586 0.064411
-2.34808 0.0650701
-2.3403 0.0657355
-2.33252 0.0664071
-2.32474 0.0670851
-2.31696 0.0677694
-2.30918 0.0684602
-2.3014 0.0691574
-2.29362 0.0698612
-2.28584 0.0705715
-2.27806 0.0712884
-2.27028 0.072012
-2.2625 0.0727423
-2.25473 0.0734794
-2.24695 0.0742233
-2.23917 0.0749741
-2.23139 0.0757318
-2.22361 0.0764965
-2.21583 0.0772682
-2.20805 0.078047
-2.20027 0.0788329
-2.19249 0.079626
-2.18471 0.0804264
-2.17693 0.081234
-2.16915 0.082049
-2.16137 0.0828713
-2.15359 0.0837011
-2.14581 0.0845384
-2.13803 0.0853833
-2.13025 0.0862357
-2.12247 0.0870959
-2.11469 0.0879637
-2.10691 0.0888392
-2.09913 0.0897226
-2.09135 0.0906139
-2.08357 0.091513
-2.07579 0.0924202
-2.06801 0.0933353
-2.06023 0.0942586
-2.05245 0.0951899
-2.04467 0.0961295
-2.03689 0.0970772
-2.02911 0.0980333
-2.02133 0.0989977
-2.01355 0.0999704
-2.00577 0.100952
-1.99799 0.101941
-1.99021 0.10294
-1.98243 0.103946
-1.97465 0.104962
-1.96687 0.105986
-1.95909 0.107019
-1.95131 0.108061
-1.94353 0.109111
-1.93575 0.110171
-1.92797 0.111239
-1.92019 0.112317
-1.91241 0.113403
-1.90463 0.114499
-1.89685 0.115603
-1.88907 0.116717
-1.88129 0.11784
-1.87351 0.118973
-1.86573 0.120115
-1.85795 0.121266
-1.85017 0.122426
-1.84239 0.123596
-1.83461 0.124776
-1.82683 0.125965
-1.81905 0.127164
-1.81127 0.128372
-1.80349 0.12959
-1.79571 0.130818
-1.78793 0.132055
-1.78015 0.133303
-1.77237 0.13456
-1.76459 0.135827
-1.75681 0.137104
-1.74903 0.138391
-1.74125 0.139688
-1.73347 0.140995
-1.72569 0.142312
-1.71791 0.14364
-1.71013 0.144977
-1.70235 0.146325
-1.69457 0.147682
-1.68679 0.14905
-1.67901 0.150429
-1.67123 0.151817
-1.66345 0.153216
-1.65567 0.154626
-1.64789 0.156045
-1.64011 0.157475
-1.63233 0.158916
-1.62455 0.160367
-1.61677 0.161828
-1.60899 0.1633
-1.60121 0.164783
-1.59343 0.166275
-1.58565 0.167779
-1.57787 0.169293
-1.57009 0.170817
-1.56231 0.172352
-1.55453 0.173898
-1.54675 0.175454
-1.53897 0.177021
-1.53119 0.178598
-1.52341 0.180186
-1.51563 0.181785
-1.50785 0.183394
-1.50007 0.185013
-1.49229 0.186644
-1.48451 0.188284
-1.47673 0.189936
-1.46895 0.191597
-1.46117 0.19327
-1.45339 0.194952
-1.44561 0.196646
-1.43783 0.198349
-1.43005 0.200063
-1.42228 0.201788
-1.4145 0.203522
-1.40672 0.205267
-1.39894 0.207023
-1.39116 0.208788
-1.38338 0.210564
-1.3756 0.21235
-1.36782 0.214146
-1.36004 0.215952
-1.35226 0.217768
-1.34448 0.219594
-1.3367 0.22143
-1.32892 0.223275
-1.32114 0.22513
-1.31336 0.226995
-1.30558 0.22887
-1.2978 0.230754
-1.29002 0.232647
-1.28224 0.23455
-1.27446 0.236462
-1.26668 0.238383
-1.2589 0.240313
-1.25112 0.242252
-1.24334 0.2442
-1.23556 0.246156
-1.22778 0.248121
-1.22 0.250095
-1.21222 0.252077
-1.20444 0.254067
-1.19666 0.256065
-1.18888 0.258071
-1.1811 0.260085
-1.17332 0.262106
-1.16554 0.264135
-1.15776 0.266171
-1.14998 0.268214
-1.1422 0.270265
-1.13442 0.272322
-1.12664 0.274385
-1.11886 0.276455
-1.11108 0.278532
-1.1033 0.280614
-1.09552 0.282702
-1.08774 0.284796
-1.07996 0.286895
-1.07218 0.288999
-1.0644 0.291108
-1.05662 0.293222
-1.04884 0.29534
-1.04106 0.297462
-1.03328 0.299589
-1.0255 0.301719
-1.01772 0.303852
-1.00994 0.305988
-1.00216 0.308128
-0.99438 0.310269
-0.9866 0.312413
-0.97882 0.314559
-0.97104 0.316707
-0.963261 0.318856
-0.955481 0.321005
-0.947701 0.323156
-0.939921 0.325306
-0.932141 0.327457
-0.924361 0.329607
-0.916581 0.331756
-0.908801 0.333904
-0.901021 0.336051
-0.893241 0.338195
-0.885461 0.340338
-0.877682 0.342477
-0.869902 0.344613
-0.862122 0.346746
-0.854342 0.348874
-0.846562 0.350998
-0.838782 0.353117
-0.831002 0.355231
-0.823222 0.357339
-0.815442 0.35944
-0.807662 0.361535
-0.799882 0.363622
-0.792103 0.365702
-0.784323 0.367773
-0.776543 0.369835
-0.768763 0.371888
-0.760983 0.373931
-0.753203 0.375964
-0.745423 0.377986
-0.737643 0.379996
-0.729863 0.381994
-0.722083 0.383979
-0.714304 0.385951
-0.706524 0.387909
-0.698744 0.389853
-0.690964 0.391782
-0.683184 0.393695
-0.675404 0.395592
-0.667624 0.397472
-0.659844 0.399334
-0.652064 0.401178
-0.644284 0.403004
-0.636504 0.40481
-0.628725 0.406596
-0.620945 0.408361
-0.613165 0.410104
-0.605385 0.411826
-0.597605 0.413525
-0.589825 0.4152
-0.582045 0.416851
-0.574265 0.418478
-0.566485 0.420079
-0.558705 0.421653
-0.550925 0.423201
-0.543146 0.424721
-0.535366 0.426213
-0.527586 0.427676
-0.519806 0.429109
-0.512026 0.430512
-0.504246 0.431883
-0.496466 0.433223
-0.488686 0.43453
-0.480906 0.435804
-0.473126 0.437045
-0.465347 0.43825
-0.457567 0.43942
-0.449787 0.440554
-0.442007 0.441652
-0.434227 0.442712
-0.426447 0.443734
-0.418667 0.444717
-0.410887 0.445661
-0.403107 0.446565
-0.395327 0.447429
-0.387547 0.448251
-0.379768 0.449031
-0.371988 0.449768
-0.364208 0.450462
-0.356428 0.451113
-0.348648 0.451719
-0.340868 0.452281
-0.333088 0.452797
-0.325308 0.453267
-0.317528 0.453691
-0.309748 0.454067
-0.301968 0.454396
-0.294189 0.454677
-0.286409 0.45491
-0.278629 0.455094
-0.270849 0.455229
-0.263069 0.455314
-0.255289 0.455349
-0.247509 0.455333
-0.239729 0.455267
-0.231949 0.45515
-0.224169 0.454982
-0.216389 0.454763
-0.20861 0.454491
-0.20083 0.454168
-0.19305 0.453792
-0.18527 0.453365
-0.17749 0.452885
-0.16971 0.452352
-0.16193 0.451767
-0.15415 0.45113
-0.14637 0.45044
-0.13859 0.449697
-0.130811 0.448902
-0.123031 0.448054
-0.115251 0.447155
-0.107471 0.446203
-0.0996909 0.445199
-0.091911 0.444143
-0.0841311 0.443036
-0.0763512 0.441878
-0.0685713 0.440668
-0.0607914 0.439408
-0.0530114 0.438098
-0.0452315 0.436738
-0.0374516 0.435328
-0.0296717 0.43387
-0.0218918 0.432363
-0.0141119 0.430807
-0.00633201 0.429205
0.0014479 0.427555
0.00922781 0.425859
0.0170077 0.424117
0.0247876 0.42233
0.0325675 0.420498
0.0403474 0.418623
0.0481273 0.416705
0.0559072 0.414744
0.0636872 0.412742
0.0714671 0.410699
0.079247 0.408616
0.0870269 0.406493
0.0948068 0.404333
0.102587 0.402135
0.110367 0.3999
0.118146 0.397629
0.125926 0.395324
0.133706 0.392985
0.141486 0.390612
0.149266 0.388208
0.157046 0.385773
0.164826 0.383307
0.172606 0.380812
0.180386 0.37829
0.188166 0.375739
0.195946 0.373163
0.203725 0.370562
0.211505 0.367936
0.219285 0.365287
0.227065 0.362616
0.234845 0.359924
0.242625 0.357211
0.250405 0.354479
0.258185 0.35173
0.265965 0.348963
0.273745 0.34618
0.281525 0.343381
0.289304 0.340569
0.297084 0.337743
0.304864 0.334905
0.312644 0.332056
0.320424 0.329197
0.328204 0.326328
0.335984 0.323451
0.343764 0.320566
0.351544 0.317675
0.359324 0.314778
0.367104 0.311877
0.374883 0.308972
0.382663 0.306063
0.390443 0.303153
0.398223 0.300241
0.406003 0.297329
0.413783 0.294417
0.421563 0.291507
0.429343 0.288598
0.437123 0.285692
0.444903 0.28279
0.452682 0.279892
0.460462 0.276998
0.468242 0.274111
0.476022 0.27123
0.483802 0.268355
0.491582 0.265489
0.499362 0.26263
0.507142 0.259781
0.514922 0.256941
0.522702 0.254112
0.530482 0.251293
0.538261 0.248485
0.546041 0.245689
0.553821 0.242905
0.561601 0.240134
0.569381 0.237377
0.577161 0.234633
0.584941 0.231903
0.592721 0.229188
0.600501 0.226488
0.608281 0.223804
0.616061 0.221135
0.62384 0.218483
0.63162 0.215847
0.6394 0.213228
0.64718 0.210626
0.65496 0.208042
0.66274 0.205475
0.67052 0.202927
0.6783 0.200397
0.68608 0.197886
0.69386 0.195394
0.70164 0.19292
0.709419 0.190466
0.717199 0.188032
0.724979 0.185617
0.732759 0.183222
0.740539 0.180847
0.748319 0.178493
0.756099 0.176158
0.763879 0.173844
0.771659 0.171551
0.779439 0.169278
0.787218 0.167026
0.794998 0.164795
0.802778 0.162585
0.810558 0.160396
0.818338 0.158227
0.826118 0.15608
0.833898 0.153954
0.841678 0.151849
0.849458 0.149765
0.857238 0.147703
0.865018 0.145661
0.872797 0.143641
0.880577 0.141642
0.888357 0.139664
0.896137 0.137706
0.903917 0.13577
0.911697 0.133855
0.919477 0.131961
0.927257 0.130088
0.935037 0.128236
0.942817 0.126404
0.950597 0.124594
0.958376 0.122803
0.966156 0.121034
0.973936 0.119285
0.981716 0.117556
0.989496 0.115847
0.997276 0.114159
1.00506 0.112491
1.01284 0.110842
1.02062 0.109214
1.0284 0.107605
1.03618 0.106016
1.04396 0.104446
1.05174 0.102896
1.05952 0.101365
1.0673 0.0998528
1.07508 0.0983598
1.08285 0.0968856
1.09063 0.0954301
1.09841 0.0939932
1.10619 0.0925748
1.11397 0.0911745
1.12175 0.0897925
1.12953 0.0884283
1.13731 0.0870821
1.14509 0.0857535
1.15287 0.0844424
1.16065 0.0831487
1.16843 0.0818722
1.17621 0.0806127
1.18399 0.0793702
1.19177 0.0781444
1.19955 0.0769353
1.20733 0.0757425
1.21511 0.074566
1.22289 0.0734057
1.23067 0.0722612
1.23845 0.0711326
1.24623 0.0700196
1.25401 0.0689221
1.26179 0.0678399
1.26957 0.0667729
1.27735 0.0657208
1.28513 0.0646836
1.29291 0.063661
1.30069 0.062653
1.30847 0.0616593
1.31625 0.0606797
1.32403 0.0597143
1.33181 0.0587627
1.33959 0.0578248
1.34737 0.0569004
1.35515 0.0559895
1.36293 0.0550918
1.37071 0.0542072
1.37849 0.0533356
1.38627 0.0524767
1.39405 0.0516305
1.40183 0.0507967
1.40961 0.0499752
1.41739 0.049166
1.42517 0.0483687
1.43295 0.0475833
1.44073 0.0468097
1.44851 0.0460476
1.45629 0.045297
1.46407 0.0445576
1.47185 0.0438294
1.47963 0.0431122
1.48741 0.0424059
1.49519 0.0417103
1.50297 0.0410253
1.51075 0.0403507
1.51853 0.0396864
1.52631 0.0390323
1.53409 0.0383882
1.54187 0.037754
1.54965 0.0371296
1.55743 0.0365148
1.56521 0.0359096
1.57299 0.0353137
1.58077 0.0347271
1.58855 0.0341496
1.59633 0.033581
1.60411 0.0330214
1.61189 0.0324705
1.61967 0.0319283
1.62745 0.0313946
1.63523 0.0308692
1.64301 0.0303522
1.65079 0.0298432
1.65857 0.0293424
1.66635 0.0288495
1.67413 0.0283643
1.68191 0.0278869
1.68969 0.0274171
1.69747 0.0269548
1.70525 0.0264998
1.71303 0.0260521
1.72081 0.0256116
1.72859 0.0251782
1.73637 0.0247517
1.74415 0.0243321
1.75193 0.0239192
1.75971 0.023513
1.76749 0.0231133
1.77527 0.0227201
1.78305 0.0223333
1.79083 0.0219527
1.79861 0.0215784
1.80639 0.0212101
1.81417 0.0208478
1.82195 0.0204914
1.82973 0.0201408
1.83751 0.019796
1.84529 0.0194568
1.85307 0.0191231
1.86085 0.018795
1.86863 0.0184722
1.87641 0.0181547
1.88419 0.0178425
1.89197 0.0175354
1.89975 0.0172334
1.90753 0.0169363
1.9153 0.0166442
1.92308 0.0163569
1.93086 0.0160744
1.93864 0.0157966
1.94642 0.0155233
1.9542 0.0152547
1.96198 0.0149905
1.96976 0.0147307
1.97754 0.0144752
1.98532 0.014224
1.9931 0.013977
2.00088 0.0137341
2.00866 0.0134953
2.01644 0.0132605
2.02422 0.0130297
2.032 0.0128027
2.03978 0.0125796
2.04756 0.0123602
2.05534 0.0121445
2.06312 0.0119324
2.0709 0.0117239
2.07868 0.0115189
2.08646 0.0113174
2.09424 0.0111193
2.10202 0.0109246
2.1098 0.0107332
2.11758 0.010545
2.12536 0.01036
2.13314 0.0101782
2.14092 0.00999943
2.1487 0.00982373
2.15648 0.00965102
2.16426 0.00948125
2.17204 0.00931438
2.17982 0.00915037
2.1876 0.00898916
2.19538 0.0088307
2.20316 0.00867496
2.21094 0.00852189
2.21872 0.00837144
2.2265 0.00822358
2.23428 0.00807825
2.24206 0.00793542
2.24984 0.00779505
2.25762 0.00765709
2.2654 0.00752151
2.27318 0.00738827
2.28096 0.00725733
2.28874 0.00712864
2.29652 0.00700218
2.3043 0.00687791
2.31208 0.00675578
2.31986 0.00663577
2.32764 0.00651784
2.33542 0.00640195
2.3432 0.00628807
2.35098 0.00617616
2.35876 0.0060662
2.36654 0.00595815
2.37432 0.00585198
2.3821 0.00574766
2.38988 0.00564515
2.39766 0.00554443
2.40544 0.00544546
2.41322 0.00534822
2.421 0.00525268
2.42878 0.0051588
2.43656 0.00506657
2.44434 0.00497595
2.45212 0.00488691
2.4599 0.00479943
2.46768 0.00471349
2.47546 0.00462905
2.48324 0.00454609
2.49102 0.00446458
2.4988 0.00438451
2.50658 0.00430584
2.51436 0.00422855
2.52214 0.00415262
2.52992 0.00407803
2.5377 0.00400475
2.54548 0.00393277
2.55326 0.00386205
2.56104 0.00379257
2.56882 0.00372432
2.5766 0.00365728
2.58438 0.00359142
2.59216 0.00352672
2.59994 0.00346317
2.60772 0.00340074
2.6155 0.00333941
2.62328 0.00327917
2.63106 0.00321999
2.63884 0.00316187
2.64662 0.00310477
2.6544 0.00304869
2.66218 0.0029936
2.66996 0.00293949
2.67774 0.00288634
2.68552 0.00283413
2.6933 0.00278285
2.70108 0.00273249
2.70886 0.00268301
2.71664 0.00263442
2.72442 0.0025867
2.7322 0.00253982
2.73998 0.00249378
2.74775 0.00244856
2.75553 0.00240415
2.76331 0.00236053
2.77109 0.00231769
2.77887 0.00227561
2.78665 0.00223428
2.79443 0.0021937
2.80221 0.00215383
2.80999 0.00211469
2.81777 0.00207624
2.82555 0.00203848
2.83333 0.00200139
2.84111 0.00196497
2.84889 0.00192921
2.85667 0.00189408
2.86445 0.00185958
2.87223 0.00182571
2.88001 0.00179244
2.88779 0.00175977
2.89557 0.00172768
2.90335 0.00169617
2.91113 0.00166523
2.91891 0.00163485
2.92669 0.00160501
2.93447 0.0015757
2.94225 0.00154693
2.95003 0.00151867
2.95781 0.00149092
2.96559 0.00146368
2.97337 0.00143692
2.98115 0.00141065
2.98893 0.00138485
2.99671 0.00135951
3.00449 0.00133463
3.01227 0.00131021
3.02005 0.00128622
3.02783 0.00126266
3.03561 0.00123954
3.04339 0.00121683
3.05117 0.00119453
3.05895 0.00117263
3.06673 0.00115113
3.07451 0.00113002
3.08229 0.00110929
3.09007 0.00108894
3.09785 0.00106896
3.10563 0.00104934
3.11341 0.00103007
3.12119 0.00101115
3.12897 0.000992581
3.13675 0.000974345
3.14453 0.00095644
3.15231 0.00093886
3.16009 0.000921599
3.16787 0.000904652
3.17565 0.000888013
3.18343 0.000871677
3.19121 0.000855637
3.19899 0.000839889
3.20677 0.000824428
3.21455 0.000809248
3.22233 0.000794345
3.23011 0.000779713
3.23789 0.000765347
3.24567 0.000751243
3.25345 0.000737397
3.26123 0.000723802
3.26901 0.000710456
3.27679 0.000697353
3.28457 0.000684489
3.29235 0.00067186
3.30013 0.000659461
3.30791 0.000647289
3.31569 0.000635339
3.32347 0.000623607
3.33125 0.00061209
3.33903 0.000600783
3.34681 0.000589683
3.35459 0.000578786
3.36237 0.000568088
3.37015 0.000557586
3.37793 0.000547277
3.38571 0.000537156
3.39349 0.00052722
3.40127 0.000517466
3.40905 0.000507891
3.41683 0.000498491
3.42461 0.000489264
3.43239 0.000480206
3.44017 0.000471313
3.44795 0.000462584
3.45573 0.000454015
3.46351 0.000445604
3.47129 0.000437346
