-4.16069 0.000503242
-4.15236 0.000511956
-4.14402 0.00052082
-4.13569 0.000529836
-4.12736 0.000539007
-4.11902 0.000548337
-4.11069 0.000557827
-4.10236 0.00056748
-4.09402 0.000577299
-4.08569 0.000587287
-4.07736 0.000597447
-4.06902 0.000607782
-4.06069 0.000618294
-4.05236 0.000628987
-4.04402 0.000639864
-4.03569 0.000650928
-4.02736 0.000662182
-4.01902 0.000673629
-4.01069 0.000685273
-4.00236 0.000697117
-3.99402 0.000709164
-3.98569 0.000721419
-3.97736 0.000733883
-3.96902 0.000746562
-3.96069 0.000759458
-3.95236 0.000772575
-3.94402 0.000785917
-3.93569 0.000799489
-3.92736 0.000813292
-3.91903 0.000827333
-3.91069 0.000841614
-3.90236 0.000856141
-3.89403 0.000870916
-3.88569 0.000885944
-3.87736 0.00090123
-3.86903 0.000916777
-3.86069 0.000932591
-3.85236 0.000948675
-3.84403 0.000965035
-3.83569 0.000981675
-3.82736 0.0009986
-3.81903 0.00101581
-3.81069 0.00103332
-3.80236 0.00105113
-3.79403 0.00106924
-3.78569 0.00108767
-3.77736 0.0011064
-3.76903 0.00112546
-3.76069 0.00114484
-3.75236 0.00116456
-3.74403 0.00118461
-3.73569 0.001205
-3.72736 0.00122574
-3.71903 0.00124684
-3.71069 0.00126829
-3.70236 0.00129011
-3.69403 0.00131231
-3.68569 0.00133488
-3.67736 0.00135784
-3.66903 0.00138118
-3.66069 0.00140493
-3.65236 0.00142908
-3.64403 0.00145364
-3.63569 0.00147862
-3.62736 0.00150403
-3.61903 0.00152986
-3.61069 0.00155614
-3.60236 0.00158287
-3.59403 0.00161005
-3.58569 0.00163769
-3.57736 0.0016658
-3.56903 0.00169439
-3.56069 0.00172346
-3.55236 0.00175303
-3.54403 0.0017831
-3.53569 0.00181368
-3.52736 0.00184478
-3.51903 0.00187641
-3.51069 0.00190858
-3.50236 0.00194129
-3.49403 0.00197455
-3.48569 0.00200838
-3.47736 0.00204278
-3.46903 0.00207777
-3.46069 0.00211335
-3.45236 0.00214953
-3.44403 0.00218632
-3.4357 0.00222373
-3.42736 0.00226178
-3.41903 0.00230047
-3.4107 0.00233982
-3.40236 0.00237983
-3.39403 0.00242052
-3.3857 0.00246189
-3.37736 0.00250397
-3.36903 0.00254675
-3.3607 0.00259026
-3.35236 0.0026345
-3.34403 0.00267948
-3.3357 0.00272523
-3.32736 0.00277174
-3.31903 0.00281904
-3.3107 0.00286714
-3.30236 0.00291604
-3.29403 0.00296577
-3.2857 0.00301634
-3.27736 0.00306776
-3.26903 0.00312004
-3.2607 0.0031732
-3.25236 0.00322725
-3.24403 0.00328222
-3.2357 0.0033381
-3.22736 0.00339492
-3.21903 0.0034527
-3.2107 0.00351145
-3.20236 0.00357118
-3.19403 0.00363191
-3.1857 0.00369366
-3.17736 0.00375644
-3.16903 0.00382028
-3.1607 0.00388518
-3.15236 0.00395117
-3.14403 0.00401826
-3.1357 0.00408647
-3.12736 0.00415583
-3.11903 0.00422634
-3.1107 0.00429803
-3.10236 0.00437092
-3.09403 0.00444502
-3.0857 0.00452036
-3.07736 0.00459695
-3.06903 0.00467482
-3.0607 0.00475398
-3.05236 0.00483447
-3.04403 0.00491629
-3.0357 0.00499947
-3.02736 0.00508404
-3.01903 0.00517001
-3.0107 0.00525741
-3.00236 0.00534626
-2.99403 0.00543658
-2.9857 0.0055284
-2.97736 0.00562174
-2.96903 0.00571663
-2.9607 0.00581309
-2.95237 0.00591115
-2.94403 0.00601083
-2.9357 0.00611216
-2.92737 0.00621516
-2.91903 0.00631987
-2.9107 0.0064263
-2.90237 0.00653449
-2.89403 0.00664446
-2.8857 0.00675624
-2.87737 0.00686987
-2.86903 0.00698537
-2.8607 0.00710276
-2.85237 0.00722209
-2.84403 0.00734338
-2.8357 0.00746666
-2.82737 0.00759197
-2.81903 0.00771933
-2.8107 0.00784878
-2.80237 0.00798035
-2.79403 0.00811408
-2.7857 0.00824999
-2.77737 0.00838813
-2.76903 0.00852853
-2.7607 0.00867122
-2.75237 0.00881624
-2.74403 0.00896362
-2.7357 0.00911341
-2.72737 0.00926564
-2.71903 0.00942035
-2.7107 0.00957758
-2.70237 0.00973736
-2.69403 0.00989974
-2.6857 0.0100648
-2.67737 0.0102325
-2.66903 0.0104029
-2.6607 0.010576
-2.65237 0.010752
-2.64403 0.0109308
-2.6357 0.0111126
-2.62737 0.0112972
-2.61903 0.0114849
-2.6107 0.0116755
-2.60237 0.0118693
-2.59403 0.0120661
-2.5857 0.0122661
-2.57737 0.0124694
-2.56903 0.0126759
-2.5607 0.0128857
-2.55237 0.0130989
-2.54403 0.0133155
-2.5357 0.0135356
-2.52737 0.0137592
-2.51903 0.0139864
-2.5107 0.0142172
-2.50237 0.0144516
-2.49404 0.0146899
-2.4857 0.0149319
-2.47737 0.0151778
-2.46904 0.0154275
-2.4607 0.0156813
-2.45237 0.0159391
-2.44404 0.0162009
-2.4357 0.0164669
-2.42737 0.0167372
-2.41904 0.0170117
-2.4107 0.0172905
-2.40237 0.0175737
-2.39404 0.0178614
-2.3857 0.0181536
-2.37737 0.0184504
-2.36904 0.0187519
-2.3607 0.0190581
-2.35237 0.0193692
-2.34404 0.019685
-2.3357 0.0200059
-2.32737 0.0203317
-2.31904 0.0206626
-2.3107 0.0209987
-2.30237 0.0213401
-2.29404 0.0216867
-2.2857 0.0220387
-2.27737 0.0223962
-2.26904 0.0227592
-2.2607 0.0231278
-2.25237 0.0235022
-2.24404 0.0238823
-2.2357 0.0242682
-2.22737 0.0246602
-2.21904 0.0250581
-2.2107 0.0254622
-2.20237 0.0258724
-2.19404 0.026289
-2.1857 0.0267119
-2.17737 0.0271412
-2.16904 0.0275772
-2.1607 0.0280197
-2.15237 0.028469
-2.14404 0.0289251
-2.1357 0.0293881
-2.12737 0.0298582
-2.11904 0.0303353
-2.1107 0.0308196
-2.10237 0.0313113
-2.09404 0.0318103
-2.0857 0.0323169
-2.07737 0.032831
-2.06904 0.0333528
-2.0607 0.0338824
-2.05237 0.03442
-2.04404 0.0349655
-2.0357 0.0355192
-2.02737 0.036081
-2.01904 0.0366512
-2.01071 0.0372298
-2.00237 0.037817
-1.99404 0.0384128
-1.98571 0.0390174
-1.97737 0.0396309
-1.96904 0.0402533
-1.96071 0.0408848
-1.95237 0.0415256
-1.94404 0.0421757
-1.93571 0.0428352
-1.92737 0.0435044
-1.91904 0.0441831
-1.91071 0.0448717
-1.90237 0.0455703
-1.89404 0.0462788
-1.88571 0.0469975
-1.87737 0.0477266
-1.86904 0.048466
-1.86071 0.0492159
-1.85237 0.0499766
-1.84404 0.050748
-1.83571 0.0515303
-1.82737 0.0523237
-1.81904 0.0531282
-1.81071 0.053944
-1.80237 0.0547713
-1.79404 0.0556101
-1.78571 0.0564606
-1.77737 0.0573229
-1.76904 0.0581971
-1.76071 0.0590835
-1.75237 0.059982
-1.74404 0.0608929
-1.73571 0.0618163
-1.72737 0.0627523
-1.71904 0.063701
-1.71071 0.0646626
-1.70237 0.0656372
-1.69404 0.066625
-1.68571 0.0676261
-1.67737 0.0686406
-1.66904 0.0696686
-1.66071 0.0707104
-1.65237 0.071766
-1.64404 0.0728355
-1.63571 0.0739191
-1.62737 0.075017
-1.61904 0.0761292
-1.61071 0.077256
-1.60237 0.0783974
-1.59404 0.0795535
-1.58571 0.0807246
-1.57737 0.0819107
-1.56904 0.083112
-1.56071 0.0843286
-1.55237 0.0855606
-1.54404 0.0868082
-1.53571 0.0880715
-1.52738 0.0893506
-1.51904 0.0906457
-1.51071 0.0919568
-1.50238 0.0932842
-1.49404 0.0946279
-1.48571 0.095988
-1.47738 0.0973647
-1.46904 0.0987582
-1.46071 0.100168
-1.45238 0.101596
-1.44404 0.10304
-1.43571 0.104501
-1.42738 0.10598
-1.41904 0.107476
-1.41071 0.108989
-1.40238 0.11052
-1.39404 0.112069
-1.38571 0.113636
-1.37738 0.11522
-1.36904 0.116823
-1.36071 0.118443
-1.35238 0.120082
-1.34404 0.121739
-1.33571 0.123414
-1.32738 0.125108
-1.31904 0.12682
-1.31071 0.128551
-1.30238 0.130301
-1.29404 0.132069
-1.28571 0.133855
-1.27738 0.135661
-1.26904 0.137486
-1.26071 0.139329
-1.25238 0.141191
-1.24404 0.143073
-1.23571 0.144973
-1.22738 0.146892
-1.21904 0.148831
-1.21071 0.150788
-1.20238 0.152765
-1.19404 0.15476
-1.18571 0.156775
-1.17738 0.158809
-1.16904 0.160862
-1.16071 0.162934
-1.15238 0.165025
-1.14404 0.167135
-1.13571 0.169264
-1.12738 0.171411
-1.11904 0.173578
-1.11071 0.175763
-1.10238 0.177967
-1.09404 0.18019
-1.08571 0.182431
-1.07738 0.184691
-1.06904 0.186969
-1.06071 0.189265
-1.05238 0.191579
-1.04405 0.193911
-1.03571 0.196261
-1.02738 0.198629
-1.01905 0.201014
-1.01071 0.203416
-1.00238 0.205836
-0.994045 0.208272
-0.985712 0.210726
-0.977379 0.213196
-0.969046 0.215682
-0.960712 0.218184
-0.952379 0.220702
-0.944046 0.223236
-0.935713 0.225785
-0.927379 0.228349
-0.919046 0.230928
-0.910713 0.233522
-0.902379 0.236129
-0.894046 0.23875
-0.885713 0.241385
-0.87738 0.244033
-0.869046 0.246694
-0.860713 0.249367
-0.85238 0.252052
-0.844047 0.254749
-0.835713 0.257456
-0.82738 0.260175
-0.819047 0.262904
-0.810713 0.265643
-0.80238 0.268391
-0.794047 0.271148
-0.785714 0.273914
-0.77738 0.276687
-0.769047 0.279468
-0.760714 0.282256
-0.75238 0.28505
-0.744047 0.28785
-0.735714 0.290655
-0.727381 0.293465
-0.719047 0.296278
-0.710714 0.299095
-0.702381 0.301915
-0.694048 0.304737
-0.685714 0.307561
-0.677381 0.310385
-0.669048 0.313209
-0.660714 0.316033
-0.652381 0.318856
-0.644048 0.321676
-0.635715 0.324494
-0.627381 0.327309
-0.619048 0.330119
-0.610715 0.332925
-0.602382 0.335724
-0.594048 0.338517
-0.585715 0.341303
-0.577382 0.344081
-0.569048 0.34685
-0.560715 0.349609
-0.552382 0.352358
-0.544049 0.355095
-0.535715 0.35782
-0.527382 0.360532
-0.519049 0.36323
-0.510715 0.365913
-0.502382 0.36858
-0.494049 0.371231
-0.485716 0.373864
-0.477382 0.376479
-0.469049 0.379075
-0.460716 0.381651
-0.452383 0.384205
-0.444049 0.386737
-0.435716 0.389247
-0.427383 0.391733
-0.419049 0.394194
-0.410716 0.396629
-0.402383 0.399038
-0.39405 0.401419
-0.385716 0.403772
-0.377383 0.406096
-0.36905 0.408389
-0.360717 0.410652
-0.352383 0.412882
-0.34405 0.41508
-0.335717 0.417244
-0.327383 0.419373
-0.31905 0.421466
-0.310717 0.423524
-0.302384 0.425544
-0.29405 0.427525
-0.285717 0.429468
-0.277384 0.431372
-0.269051 0.433234
-0.260717 0.435056
-0.252384 0.436835
-0.244051 0.438571
-0.235717 0.440263
-0.227384 0.441912
-0.219051 0.443514
-0.210718 0.445071
-0.202384 0.446582
-0.194051 0.448045
-0.185718 0.44946
-0.177384 0.450827
-0.169051 0.452145
-0.160718 0.453412
-0.152385 0.45463
-0.144051 0.455796
-0.135718 0.456911
-0.127385 0.457975
-0.119052 0.458985
-0.110718 0.459943
-0.102385 0.460847
-0.0940517 0.461698
-0.0857184 0.462495
-0.0773852 0.463237
-0.0690519 0.463924
-0.0607186 0.464556
-0.0523853 0.465132
-0.0440521 0.465653
-0.0357188 0.466118
-0.0273855 0.466527
-0.0190522 0.466879
-0.010719 0.467175
-0.0023857 0.467414
0.00594758 0.467597
0.0142809 0.467723
0.0226141 0.467792
0.0309474 0.467804
0.0392807 0.46776
0.047614 0.467659
0.0559472 0.467501
0.0642805 0.467286
0.0726138 0.467016
0.0809471 0.466689
0.0892803 0.466305
0.0976136 0.465866
0.105947 0.465372
0.11428 0.464822
0.122613 0.464217
0.130947 0.463557
0.13928 0.462843
0.147613 0.462075
0.155947 0.461253
0.16428 0.460378
0.172613 0.45945
0.180946 0.45847
0.18928 0.457438
0.197613 0.456355
0.205946 0.455221
0.214279 0.454037
0.222613 0.452804
0.230946 0.451521
0.239279 0.45019
0.247613 0.448811
0.255946 0.447385
0.264279 0.445912
0.272612 0.444394
0.280946 0.442831
0.289279 0.441224
0.297612 0.439573
0.305945 0.437879
0.314279 0.436143
0.322612 0.434365
0.330945 0.432548
0.339279 0.43069
0.347612 0.428794
0.355945 0.426859
0.364278 0.424888
0.372612 0.42288
0.380945 0.420836
0.389278 0.418758
0.397612 0.416646
0.405945 0.414501
0.414278 0.412324
0.422611 0.410116
0.430945 0.407877
0.439278 0.405609
0.447611 0.403312
0.455944 0.400988
0.464278 0.398637
0.472611 0.39626
0.480944 0.393858
0.489278 0.391432
0.497611 0.388983
0.505944 0.386511
0.514277 0.384018
0.522611 0.381504
0.530944 0.378971
0.539277 0.376419
0.54761 0.373848
0.555944 0.371261
0.564277 0.368658
0.57261 0.366039
0.580944 0.363405
0.589277 0.360758
0.59761 0.358098
0.605943 0.355426
0.614277 0.352742
0.62261 0.350048
0.630943 0.347345
0.639277 0.344632
0.64761 0.341912
0.655943 0.339184
0.664276 0.33645
0.67261 0.33371
0.680943 0.330964
0.689276 0.328215
0.697609 0.325462
0.705943 0.322705
0.714276 0.319947
0.722609 0.317187
0.730943 0.314426
0.739276 0.311665
0.747609 0.308904
0.755942 0.306145
0.764276 0.303387
0.772609 0.300631
0.780942 0.297878
0.789275 0.295129
0.797609 0.292384
0.805942 0.289643
0.814275 0.286907
0.822609 0.284177
0.830942 0.281454
0.839275 0.278737
0.847608 0.276027
0.855942 0.273324
0.864275 0.27063
0.872608 0.267945
0.880941 0.265269
0.889275 0.262602
0.897608 0.259945
0.905941 0.257298
0.914275 0.254662
0.922608 0.252037
0.930941 0.249423
0.939274 0.246822
0.947608 0.244232
0.955941 0.241655
0.964274 0.239091
0.972608 0.23654
0.980941 0.234002
0.989274 0.231478
0.997607 0.228969
1.00594 0.226473
1.01427 0.223992
1.02261 0.221526
1.03094 0.219075
1.03927 0.216639
1.04761 0.214218
1.05594 0.211813
1.06427 0.209424
1.07261 0.207052
1.08094 0.204695
1.08927 0.202355
1.09761 0.200031
1.10594 0.197724
1.11427 0.195434
1.12261 0.193161
1.13094 0.190905
1.13927 0.188666
1.14761 0.186445
1.15594 0.184241
1.16427 0.182055
1.17261 0.179886
1.18094 0.177735
1.18927 0.175602
1.19761 0.173486
1.20594 0.171388
1.21427 0.169309
1.22261 0.167247
1.23094 0.165203
1.23927 0.163178
1.24761 0.16117
1.25594 0.159181
1.26427 0.157209
1.27261 0.155256
1.28094 0.153321
1.28927 0.151404
1.29761 0.149504
1.30594 0.147623
1.31427 0.14576
1.32261 0.143916
1.33094 0.142089
1.33927 0.14028
1.3476 0.138489
1.35594 0.136715
1.36427 0.13496
1.3726 0.133222
1.38094 0.131503
1.38927 0.1298
1.3976 0.128116
1.40594 0.126449
1.41427 0.124799
1.4226 0.123167
1.43094 0.121552
1.43927 0.119954
1.4476 0.118374
1.45594 0.11681
1.46427 0.115264
1.4726 0.113734
1.48094 0.112222
1.48927 0.110725
1.4976 0.109246
1.50594 0.107783
1.51427 0.106337
1.5226 0.104907
1.53094 0.103493
1.53927 0.102095
1.5476 0.100713
1.55594 0.0993474
1.56427 0.0979973
1.5726 0.0966629
1.58094 0.0953441
1.58927 0.0940407
1.5976 0.0927526
1.60594 0.0914798
1.61427 0.0902221
1.6226 0.0889794
1.63094 0.0877516
1.63927 0.0865385
1.6476 0.08534
1.65594 0.0841561
1.66427 0.0829865
1.6726 0.0818313
1.68094 0.0806901
1.68927 0.079563
1.6976 0.0784498
1.70594 0.0773504
1.71427 0.0762646
1.7226 0.0751923
1.73094 0.0741335
1.73927 0.0730879
1.7476 0.0720555
1.75594 0.0710362
1.76427 0.0700297
1.7726 0.0690361
1.78094 0.068055
1.78927 0.0670866
1.7976 0.0661305
1.80594 0.0651868
1.81427 0.0642552
1.8226 0.0633356
1.83093 0.062428
1.83927 0.0615322
1.8476 0.060648
1.85593 0.0597754
1.86427 0.0589143
1.8726 0.0580644
1.88093 0.0572258
1.88927 0.0563982
1.8976 0.0555816
1.90593 0.0547758
1.91427 0.0539807
1.9226 0.0531963
1.93093 0.0524223
1.93927 0.0516587
1.9476 0.0509053
1.95593 0.0501621
1.96427 0.0494289
1.9726 0.0487056
1.98093 0.0479921
1.98927 0.0472882
1.9976 0.046594
2.00593 0.0459092
2.01427 0.0452338
2.0226 0.0445676
2.03093 0.0439105
2.03927 0.0432625
2.0476 0.0426234
2.05593 0.0419931
2.06427 0.0413715
2.0726 0.0407585
2.08093 0.040154
2.08927 0.0395579
2.0976 0.0389701
2.10593 0.0383905
2.11427 0.0378189
2.1226 0.0372554
2.13093 0.0366998
2.13927 0.036152
2.1476 0.0356118
2.15593 0.0350793
2.16427 0.0345543
2.1726 0.0340367
2.18093 0.0335264
2.18927 0.0330233
2.1976 0.0325274
2.20593 0.0320386
2.21427 0.0315567
2.2226 0.0310816
2.23093 0.0306134
2.23927 0.0301518
2.2476 0.0296968
2.25593 0.0292484
2.26427 0.0288064
2.2726 0.0283707
2.28093 0.0279413
2.28927 0.0275181
2.2976 0.0271011
2.30593 0.02669
2.31426 0.0262849
2.3226 0.0258856
2.33093 0.0254922
2.33926 0.0251044
2.3476 0.0247223
2.35593 0.0243458
2.36426 0.0239747
2.3726 0.023609
2.38093 0.0232487
2.38926 0.0228937
2.3976 0.0225439
2.40593 0.0221991
2.41426 0.0218595
2.4226 0.0215248
2.43093 0.0211951
2.43926 0.0208702
2.4476 0.0205501
2.45593 0.0202347
2.46426 0.0199239
2.4726 0.0196178
2.48093 0.0193162
2.48926 0.0190191
2.4976 0.0187263
2.50593 0.0184379
2.51426 0.0181538
2.5226 0.0178739
2.53093 0.0175982
2.53926 0.0173266
2.5476 0.017059
2.55593 0.0167955
2.56426 0.0165358
2.5726 0.0162801
2.58093 0.0160281
2.58926 0.01578
2.5976 0.0155355
2.60593 0.0152948
2.61426 0.0150576
2.6226 0.014824
2.63093 0.0145939
2.63926 0.0143673
2.6476 0.0141441
2.65593 0.0139243
2.66426 0.0137078
2.6726 0.0134945
2.68093 0.0132845
2.68926 0.0130776
2.6976 0.0128739
2.70593 0.0126732
2.71426 0.0124756
2.7226 0.012281
2.73093 0.0120894
2.73926 0.0119006
2.7476 0.0117147
2.75593 0.0115317
2.76426 0.0113514
2.77259 0.0111739
2.78093 0.0109991
2.78926 0.010827
2.79759 0.0106574
2.80593 0.0104905
2.81426 0.0103261
2.82259 0.0101643
2.83093 0.0100049
2.83926 0.00984791
2.84759 0.00969336
2.85593 0.00954118
2.86426 0.00939133
2.87259 0.00924379
2.88093 0.0090985
2.88926 0.00895545
2.89759 0.0088146
2.90593 0.00867592
2.91426 0.00853937
2.92259 0.00840492
2.93093 0.00827255
2.93926 0.00814221
2.94759 0.00801388
2.95593 0.00788754
2.96426 0.00776315
2.97259 0.00764067
2.98093 0.00752009
2.98926 0.00740138
2.99759 0.0072845
3.00593 0.00716943
3.01426 0.00705615
3.02259 0.00694462
3.03093 0.00683482
3.03926 0.00672672
3.04759 0.0066203
3.05593 0.00651553
3.06426 0.00641239
3.07259 0.00631085
3.08093 0.00621089
3.08926 0.00611248
3.09759 0.00601561
3.10593 0.00592025
3.11426 0.00582637
3.12259 0.00573395
3.13093 0.00564298
3.13926 0.00555342
3.14759 0.00546526
3.15593 0.00537848
3.16426 0.00529305
3.17259 0.00520896
3.18093 0.00512618
3.18926 0.0050447
3.19759 0.00496449
3.20593 0.00488553
3.21426 0.00480782
3.22259 0.00473131
3.23093 0.00465601
3.23926 0.00458189
3.24759 0.00450893
3.25592 0.00443712
3.26426 0.00436643
3.27259 0.00429685
3.28092 0.00422836
3.28926 0.00416095
3.29759 0.0040946
3.30592 0.0040293
3.31426 0.00396502
3.32259 0.00390175
3.33092 0.00383947
3.33926 0.00377818
3.34759 0.00371785
3.35592 0.00365847
3.36426 0.00360003
3.37259 0.00354251
3.38092 0.0034859
3.38926 0.00343018
3.39759 0.00337534
3.40592 0.00332136
3.41426 0.00326824
3.42259 0.00321596
3.43092 0.0031645
3.43926 0.00311385
3.44759 0.00306401
3.45592 0.00301495
3.46426 0.00296667
3.47259 0.00291916
3.48092 0.00287239
3.48926 0.00282637
3.49759 0.00278108
3.50592 0.0027365
3.51426 0.00269263
3.52259 0.00264946
3.53092 0.00260697
3.53926 0.00256515
3.54759 0.002524
3.55592 0.0024835
3.56426 0.00244364
3.57259 0.00240441
3.58092 0.00236581
3.58926 0.00232783
3.59759 0.00229044
3.60592 0.00225365
3.61426 0.00221745
3.62259 0.00218182
3.63092 0.00214675
3.63926 0.00211225
3.64759 0.00207829
3.65592 0.00204488
3.66426 0.00201199
3.67259 0.00197964
3.68092 0.00194779
3.68926 0.00191645
3.69759 0.00188562
3.70592 0.00185527
3.71426 0.00182541
3.72259 0.00179602
3.73092 0.00176711
3.73925 0.00173865
3.74759 0.00171065
3.75592 0.0016831
3.76425 0.00165598
3.77259 0.0016293
3.78092 0.00160305
3.78925 0.00157721
3.79759 0.00155179
3.80592 0.00152677
3.81425 0.00150216
3.82259 0.00147793
3.83092 0.0014541
3.83925 0.00143064
3.84759 0.00140756
3.85592 0.00138485
3.86425 0.00136251
3.87259 0.00134052
3.88092 0.00131888
3.88925 0.00129759
3.89759 0.00127664
3.90592 0.00125603
3.91425 0.00123575
3.92259 0.00121579
3.93092 0.00119615
3.93925 0.00117683
3.94759 0.00115782
3.95592 0.00113911
3.96425 0.0011207
3.97259 0.00110259
3.98092 0.00108477
3.98925 0.00106723
3.99759 0.00104998
4.00592 0.001033
4.01425 0.00101629
4.02259 0.000999858
4.03092 0.000983685
4.03925 0.000967773
4.04759 0.000952116
4.05592 0.000936711
4.06425 0.000921553
4.07259 0.000906639
4.08092 0.000891965
4.08925 0.000877527
4.09759 0.000863321
4.10592 0.000849344
4.11425 0.000835591
4.12259 0.00082206
4.13092 0.000808747
4.13925 0.000795648
4.14759 0.00078276
4.15592 0.000770079
4.16425 0.000757602
