-10.1825 0.00104917
-10.1566 0.00106151
-10.1306 0.001074
-10.1047 0.00108664
-10.0788 0.00109943
-10.0528 0.00111238
-10.0269 0.00112549
-10.0009 0.00113876
-9.97498 0.00115219
-9.94904 0.00116579
-9.92309 0.00117955
-9.89715 0.00119349
-9.87121 0.00120759
-9.84526 0.00122187
-9.81932 0.00123632
-9.79338 0.00125095
-9.76743 0.00126576
-9.74149 0.00128075
-9.71555 0.00129593
-9.6896 0.00131129
-9.66366 0.00132685
-9.63772 0.00134259
-9.61177 0.00135854
-9.58583 0.00137467
-9.55989 0.00139101
-9.53394 0.00140755
-9.508 0.00142429
-9.48206 0.00144125
-9.45611 0.00145841
-9.43017 0.00147578
-9.40423 0.00149338
-9.37828 0.00151118
-9.35234 0.00152922
-9.3264 0.00154747
-9.30045 0.00156595
-9.27451 0.00158467
-9.24857 0.00160361
-9.22262 0.0016228
-9.19668 0.00164222
-9.17074 0.00166189
-9.14479 0.0016818
-9.11885 0.00170196
-9.09291 0.00172237
-9.06696 0.00174304
-9.04102 0.00176397
-9.01508 0.00178516
-8.98913 0.00180662
-8.96319 0.00182834
-8.93725 0.00185034
-8.9113 0.00187262
-8.88536 0.00189518
-8.85941 0.00191802
-8.83347 0.00194115
-8.80753 0.00196457
-8.78158 0.00198829
-8.75564 0.00201231
-8.7297 0.00203663
-8.70375 0.00206126
-8.67781 0.0020862
-8.65187 0.00211146
-8.62592 0.00213704
-8.59998 0.00216294
-8.57404 0.00218917
-8.54809 0.00221574
-8.52215 0.00224264
-8.49621 0.00226989
-8.47026 0.00229749
-8.44432 0.00232544
-8.41838 0.00235374
-8.39243 0.00238241
-8.36649 0.00241144
-8.34055 0.00244085
-8.3146 0.00247063
-8.28866 0.00250079
-8.26272 0.00253135
-8.23677 0.00256229
-8.21083 0.00259363
-8.18489 0.00262538
-8.15894 0.00265753
-8.133 0.0026901
-8.10706 0.00272309
-8.08111 0.00275651
-8.05517 0.00279036
-8.02923 0.00282464
-8.00328 0.00285937
-7.97734 0.00289455
-7.9514 0.00293019
-7.92545 0.00296629
-7.89951 0.00300286
-7.87357 0.0030399
-7.84762 0.00307743
-7.82168 0.00311545
-7.79574 0.00315396
-7.76979 0.00319298
-7.74385 0.0032325
-7.71791 0.00327254
-7.69196 0.00331311
-7.66602 0.00335421
-7.64007 0.00339585
-7.61413 0.00343803
-7.58819 0.00348077
-7.56224 0.00352408
-7.5363 0.00356795
-7.51036 0.0036124
-7.48441 0.00365744
-7.45847 0.00370307
-7.43253 0.00374931
-7.40658 0.00379616
-7.38064 0.00384363
-7.3547 0.00389173
-7.32875 0.00394047
-7.30281 0.00398986
-7.27687 0.0040399
-7.25092 0.00409062
-7.22498 0.004142
-7.19904 0.00419408
-7.17309 0.00424685
-7.14715 0.00430033
-7.12121 0.00435452
-7.09526 0.00440944
-7.06932 0.0044651
-7.04338 0.0045215
-7.01743 0.00457867
-6.99149 0.0046366
-6.96555 0.00469532
-6.9396 0.00475483
-6.91366 0.00481515
-6.88772 0.00487628
-6.86177 0.00493823
-6.83583 0.00500103
-6.80989 0.00506469
-6.78394 0.00512921
-6.758 0.0051946
-6.73206 0.00526089
-6.70611 0.00532808
-6.68017 0.0053962
-6.65423 0.00546524
-6.62828 0.00553523
-6.60234 0.00560618
-6.5764 0.0056781
-6.55045 0.00575101
-6.52451 0.00582493
-6.49857 0.00589986
-6.47262 0.00597583
-6.44668 0.00605285
-6.42073 0.00613094
-6.39479 0.00621011
-6.36885 0.00629038
-6.3429 0.00637176
-6.31696 0.00645427
-6.29102 0.00653794
-6.26507 0.00662277
-6.23913 0.00670878
-6.21319 0.006796
-6.18724 0.00688445
-6.1613 0.00697413
-6.13536 0.00706507
-6.10941 0.00715729
-6.08347 0.00725082
-6.05753 0.00734566
-6.03158 0.00744184
-6.00564 0.00753938
-5.9797 0.0076383
-5.95375 0.00773863
-5.92781 0.00784039
-5.90187 0.00794359
-5.87592 0.00804827
-5.84998 0.00815443
-5.82404 0.00826212
-5.79809 0.00837135
-5.77215 0.00848215
-5.74621 0.00859454
-5.72026 0.00870854
-5.69432 0.00882419
-5.66838 0.00894151
-5.64243 0.00906052
-5.61649 0.00918126
-5.59055 0.00930375
-5.5646 0.00942802
-5.53866 0.0095541
-5.51272 0.00968201
-5.48677 0.0098118
-5.46083 0.00994348
-5.43489 0.0100771
-5.40894 0.0102127
-5.383 0.0103502
-5.35706 0.0104898
-5.33111 0.0106315
-5.30517 0.0107752
-5.27923 0.0109211
-5.25328 0.0110691
-5.22734 0.0112194
-5.20139 0.0113719
-5.17545 0.0115266
-5.14951 0.0116837
-5.12356 0.0118431
-5.09762 0.0120049
-5.07168 0.0121691
-5.04573 0.0123358
-5.01979 0.0125051
-4.99385 0.0126769
-4.9679 0.0128512
-4.94196 0.0130283
-4.91602 0.013208
-4.89007 0.0133905
-4.86413 0.0135757
-4.83819 0.0137638
-4.81224 0.0139548
-4.7863 0.0141487
-4.76036 0.0143455
-4.73441 0.0145455
-4.70847 0.0147485
-4.68253 0.0149546
-4.65658 0.015164
-4.63064 0.0153766
-4.6047 0.0155925
-4.57875 0.0158118
-4.55281 0.0160346
-4.52687 0.0162608
-4.50092 0.0164906
-4.47498 0.016724
-4.44904 0.0169611
-4.42309 0.017202
-4.39715 0.0174467
-4.37121 0.0176952
-4.34526 0.0179478
-4.31932 0.0182044
-4.29338 0.0184651
-4.26743 0.01873
-4.24149 0.0189991
-4.21555 0.0192726
-4.1896 0.0195505
-4.16366 0.019833
-4.13772 0.02012
-4.11177 0.0204117
-4.08583 0.0207082
-4.05989 0.0210095
-4.03394 0.0213158
-4.008 0.0216272
-3.98205 0.0219437
-3.95611 0.0222654
-3.93017 0.0225925
-3.90422 0.022925
-3.87828 0.0232631
-3.85234 0.0236068
-3.82639 0.0239563
-3.80045 0.0243117
-3.77451 0.0246732
-3.74856 0.0250407
-3.72262 0.0254145
-3.69668 0.0257946
-3.67073 0.0261812
-3.64479 0.0265745
-3.61885 0.0269745
-3.5929 0.0273814
-3.56696 0.0277954
-3.54102 0.0282165
-3.51507 0.028645
-3.48913 0.029081
-3.46319 0.0295245
-3.43724 0.0299759
-3.4113 0.0304352
-3.38536 0.0309026
-3.35941 0.0313784
-3.33347 0.0318626
-3.30753 0.0323554
-3.28158 0.032857
-3.25564 0.0333677
-3.2297 0.0338876
-3.20375 0.0344168
-3.17781 0.0349557
-3.15187 0.0355044
-3.12592 0.0360631
-3.09998 0.0366321
-3.07404 0.0372115
-3.04809 0.0378016
-3.02215 0.0384027
-2.99621 0.0390149
-2.97026 0.0396386
-2.94432 0.0402739
-2.91838 0.0409212
-2.89243 0.0415807
-2.86649 0.0422527
-2.84055 0.0429375
-2.8146 0.0436353
-2.78866 0.0443465
-2.76271 0.0450713
-2.73677 0.0458102
-2.71083 0.0465633
-2.68488 0.0473311
-2.65894 0.0481139
-2.633 0.0489121
-2.60705 0.0497259
-2.58111 0.0505558
-2.55517 0.0514021
-2.52922 0.0522653
-2.50328 0.0531458
-2.47734 0.0540439
-2.45139 0.0549601
-2.42545 0.0558948
-2.39951 0.0568485
-2.37356 0.0578216
-2.34762 0.0588146
-2.32168 0.0598281
-2.29573 0.0608624
-2.26979 0.0619182
-2.24385 0.0629959
-2.2179 0.0640961
-2.19196 0.0652194
-2.16602 0.0663663
-2.14007 0.0675374
-2.11413 0.0687333
-2.08819 0.0699547
-2.06224 0.0712022
-2.0363 0.0724764
-2.01036 0.0737781
-1.98441 0.0751078
-1.95847 0.0764664
-1.93253 0.0778546
-1.90658 0.079273
-1.88064 0.0807225
-1.8547 0.0822039
-1.82875 0.0837179
-1.80281 0.0852654
-1.77687 0.0868473
-1.75092 0.0884642
-1.72498 0.0901173
-1.69904 0.0918073
-1.67309 0.0935351
-1.64715 0.0953017
-1.62121 0.097108
-1.59526 0.098955
-1.56932 0.100844
-1.54337 0.102775
-1.51743 0.10475
-1.49149 0.106769
-1.46554 0.108834
-1.4396 0.110946
-1.41366 0.113105
-1.38771 0.115313
-1.36177 0.117571
-1.33583 0.119879
-1.30988 0.122239
-1.28394 0.124651
-1.258 0.127116
-1.23205 0.129636
-1.20611 0.132211
-1.18017 0.134841
-1.15422 0.137528
-1.12828 0.140271
-1.10234 0.143072
-1.07639 0.145931
-1.05045 0.148848
-1.02451 0.151822
-0.998564 0.154855
-0.97262 0.157945
-0.946677 0.161092
-0.920733 0.164295
-0.89479 0.167553
-0.868846 0.170864
-0.842903 0.174228
-0.81696 0.177641
-0.791016 0.181101
-0.765073 0.184604
-0.739129 0.188148
-0.713186 0.191728
-0.687243 0.195339
-0.661299 0.198975
-0.635356 0.202631
-0.609412 0.2063
-0.583469 0.209973
-0.557526 0.213642
-0.531582 0.217299
-0.505639 0.220932
-0.479695 0.22453
-0.453752 0.228082
-0.427809 0.231575
-0.401865 0.234996
-0.375922 0.23833
-0.349978 0.241562
-0.324035 0.244678
-0.298092 0.247662
-0.272148 0.250497
-0.246205 0.25317
-0.220261 0.255663
-0.194318 0.257963
-0.168375 0.260054
-0.142431 0.261924
-0.116488 0.26356
-0.0905444 0.264953
-0.064601 0.266092
-0.0386576 0.266971
-0.0127142 0.267584
0.0132292 0.267929
0.0391727 0.268004
0.0651161 0.26781
0.0910595 0.267351
0.117003 0.266632
0.142946 0.26566
0.16889 0.264443
0.194833 0.262993
0.220776 0.261322
0.24672 0.259441
0.272663 0.257365
0.298607 0.255109
0.32455 0.252687
0.350493 0.250113
0.376437 0.247404
0.40238 0.244574
0.428324 0.241638
0.454267 0.238609
0.480211 0.235501
0.506154 0.232326
0.532097 0.229098
0.558041 0.225826
0.583984 0.222523
0.609928 0.219197
0.635871 0.215857
0.661814 0.212512
0.687758 0.209169
0.713701 0.205835
0.739645 0.202516
0.765588 0.199217
0.791531 0.195943
0.817475 0.192699
0.843418 0.189487
0.869362 0.186311
0.895305 0.183175
0.921248 0.180079
0.947192 0.177027
0.973135 0.174019
0.999079 0.171058
1.02502 0.168144
1.05097 0.165278
1.07691 0.16246
1.10285 0.159691
1.1288 0.156972
1.15474 0.154301
1.18068 0.15168
1.20663 0.149108
1.23257 0.146584
1.25851 0.144108
1.28446 0.14168
1.3104 0.1393
1.33634 0.136966
1.36229 0.134678
1.38823 0.132435
1.41417 0.130237
1.44012 0.128082
1.46606 0.125971
1.492 0.123902
1.51795 0.121874
1.54389 0.119887
1.56983 0.11794
1.59578 0.116032
1.62172 0.114162
1.64766 0.11233
1.67361 0.110534
1.69955 0.108774
1.72549 0.10705
1.75144 0.105359
1.77738 0.103702
1.80332 0.102078
1.82927 0.100486
1.85521 0.098925
1.88115 0.0973948
1.9071 0.0958945
1.93304 0.0944234
1.95898 0.0929809
1.98493 0.0915662
2.01087 0.0901788
2.03681 0.088818
2.06276 0.0874833
2.0887 0.0861739
2.11464 0.0848894
2.14059 0.0836291
2.16653 0.0823926
2.19248 0.0811792
2.21842 0.0799884
2.24436 0.0788197
2.27031 0.0776726
2.29625 0.0765466
2.32219 0.0754413
2.34814 0.0743561
2.37408 0.0732906
2.40002 0.0722444
2.42597 0.071217
2.45191 0.0702081
2.47785 0.0692171
2.5038 0.0682438
2.52974 0.0672876
2.55568 0.0663483
2.58163 0.0654254
2.60757 0.0645187
2.63351 0.0636277
2.65946 0.0627521
2.6854 0.0618915
2.71134 0.0610458
2.73729 0.0602144
2.76323 0.0593972
2.78917 0.0585938
2.81512 0.057804
2.84106 0.0570274
2.867 0.0562637
2.89295 0.0555128
2.91889 0.0547743
2.94483 0.0540479
2.97078 0.0533335
2.99672 0.0526308
3.02266 0.0519395
3.04861 0.0512594
3.07455 0.0505903
3.10049 0.049932
3.12644 0.0492842
3.15238 0.0486467
3.17832 0.0480194
3.20427 0.047402
3.23021 0.0467943
3.25615 0.0461962
3.2821 0.0456074
3.30804 0.0450278
3.33398 0.0444571
3.35993 0.0438953
3.38587 0.0433422
3.41182 0.0427975
3.43776 0.0422611
3.4637 0.0417329
3.48965 0.0412127
3.51559 0.0407004
3.54153 0.0401958
3.56748 0.0396988
3.59342 0.0392091
3.61936 0.0387268
3.64531 0.0382516
3.67125 0.0377835
3.69719 0.0373222
3.72314 0.0368678
3.74908 0.0364199
3.77502 0.0359786
3.80097 0.0355437
3.82691 0.0351151
3.85285 0.0346927
3.8788 0.0342764
3.90474 0.033866
3.93068 0.0334615
3.95663 0.0330627
3.98257 0.0326697
4.00851 0.0322821
4.03446 0.0319001
4.0604 0.0315234
4.08634 0.031152
4.11229 0.0307857
4.13823 0.0304246
4.16417 0.0300685
4.19012 0.0297173
4.21606 0.029371
4.242 0.0290294
4.26795 0.0286925
4.29389 0.0283602
4.31983 0.0280325
4.34578 0.0277092
4.37172 0.0273902
4.39766 0.0270756
4.42361 0.0267653
4.44955 0.0264591
4.47549 0.026157
4.50144 0.0258589
4.52738 0.0255648
4.55332 0.0252746
4.57927 0.0249883
4.60521 0.0247057
4.63116 0.0244269
4.6571 0.0241517
4.68304 0.0238802
4.70899 0.0236122
4.73493 0.0233477
4.76087 0.0230866
4.78682 0.0228289
4.81276 0.0225745
4.8387 0.0223235
4.86465 0.0220756
4.89059 0.0218309
4.91653 0.0215894
4.94248 0.021351
4.96842 0.0211156
4.99436 0.0208832
5.02031 0.0206537
5.04625 0.0204271
5.07219 0.0202034
5.09814 0.0199825
5.12408 0.0197644
5.15002 0.019549
5.17597 0.0193363
5.20191 0.0191263
5.22785 0.0189189
5.2538 0.018714
5.27974 0.0185117
5.30568 0.0183119
5.33163 0.0181146
5.35757 0.0179196
5.38351 0.0177271
5.40946 0.0175369
5.4354 0.0173491
5.46134 0.0171635
5.48729 0.0169802
5.51323 0.0167992
5.53917 0.0166203
5.56512 0.0164436
5.59106 0.016269
5.617 0.0160965
5.64295 0.0159261
5.66889 0.0157577
5.69483 0.0155914
5.72078 0.015427
5.74672 0.0152646
5.77266 0.0151041
5.79861 0.0149456
5.82455 0.0147889
5.8505 0.0146341
5.87644 0.014481
5.90238 0.0143298
5.92833 0.0141804
5.95427 0.0140327
5.98021 0.0138868
6.00616 0.0137425
6.0321 0.0136
6.05804 0.0134591
6.08399 0.0133198
6.10993 0.0131822
6.13587 0.0130461
6.16182 0.0129117
6.18776 0.0127788
6.2137 0.0126474
6.23965 0.0125175
6.26559 0.0123891
6.29153 0.0122622
6.31748 0.0121367
6.34342 0.0120127
6.36936 0.0118901
6.39531 0.0117688
6.42125 0.011649
6.44719 0.0115305
6.47314 0.0114133
6.49908 0.0112975
6.52502 0.011183
6.55097 0.0110698
6.57691 0.0109578
6.60285 0.0108471
6.6288 0.0107377
6.65474 0.0106295
6.68068 0.0105224
6.70663 0.0104166
6.73257 0.010312
6.75851 0.0102085
6.78446 0.0101062
6.8104 0.010005
6.83634 0.00990489
6.86229 0.00980592
6.88823 0.00970804
6.91417 0.00961124
6.94012 0.00951551
6.96606 0.00942083
6.992 0.00932718
7.01795 0.00923457
7.04389 0.00914296
7.06984 0.00905236
7.09578 0.00896275
7.12172 0.00887411
7.14767 0.00878643
7.17361 0.00869971
7.19955 0.00861393
7.2255 0.00852908
7.25144 0.00844514
7.27738 0.00836212
7.30333 0.00827998
7.32927 0.00819874
7.35521 0.00811836
7.38116 0.00803885
7.4071 0.00796019
7.43304 0.00788238
7.45899 0.0078054
7.48493 0.00772924
7.51087 0.00765389
7.53682 0.00757935
7.56276 0.0075056
7.5887 0.00743263
7.61465 0.00736044
7.64059 0.00728901
7.66653 0.00721834
7.69248 0.00714842
7.71842 0.00707923
7.74436 0.00701078
7.77031 0.00694304
7.79625 0.00687602
7.82219 0.0068097
7.84814 0.00674408
7.87408 0.00667915
7.90002 0.0066149
7.92597 0.00655131
7.95191 0.0064884
7.97785 0.00642614
8.0038 0.00636453
8.02974 0.00630355
8.05568 0.00624322
8.08163 0.00618351
8.10757 0.00612442
8.13351 0.00606594
8.15946 0.00600806
8.1854 0.00595079
8.21134 0.0058941
8.23729 0.00583801
8.26323 0.00578248
8.28918 0.00572753
8.31512 0.00567315
8.34106 0.00561932
8.36701 0.00556605
8.39295 0.00551332
8.41889 0.00546113
8.44484 0.00540947
8.47078 0.00535834
8.49672 0.00530773
8.52267 0.00525764
8.54861 0.00520806
8.57455 0.00515898
8.6005 0.0051104
8.62644 0.00506232
8.65238 0.00501472
8.67833 0.0049676
8.70427 0.00492096
8.73021 0.00487479
8.75616 0.00482909
8.7821 0.00478385
8.80804 0.00473906
8.83399 0.00469473
8.85993 0.00465084
8.88587 0.00460739
8.91182 0.00456438
8.93776 0.00452179
8.9637 0.00447964
8.98965 0.00443791
9.01559 0.00439659
9.04153 0.00435569
9.06748 0.00431519
9.09342 0.0042751
9.11936 0.00423541
9.14531 0.00419611
9.17125 0.0041572
9.19719 0.00411868
9.22314 0.00408054
9.24908 0.00404278
9.27502 0.00400539
9.30097 0.00396838
9.32691 0.00393172
9.35285 0.00389543
9.3788 0.0038595
9.40474 0.00382393
9.43068 0.0037887
9.45663 0.00375382
9.48257 0.00371928
9.50852 0.00368508
9.53446 0.00365122
9.5604 0.00361769
9.58635 0.00358449
9.61229 0.00355161
9.63823 0.00351906
9.66418 0.00348682
9.69012 0.0034549
9.71606 0.00342329
9.74201 0.00339198
9.76795 0.00336099
9.79389 0.00333029
9.81984 0.00329989
9.84578 0.00326979
9.87172 0.00323998
9.89767 0.00321046
9.92361 0.00318122
9.94955 0.00315227
9.9755 0.0031236
10.0014 0.0030952
10.0274 0.00306708
10.0533 0.00303923
10.0793 0.00301165
10.1052 0.00298434
10.1312 0.00295728
10.1571 0.00293049
10.183 0.00290396
10.209 0.00287768
10.2349 0.00285165
10.2609 0.00282587
10.2868 0.00280034
10.3128 0.00277506
10.3387 0.00275002
10.3646 0.00272521
10.3906 0.00270064
10.4165 0.00267631
10.4425 0.00265221
10.4684 0.00262834
10.4944 0.0026047
10.5203 0.00258128
10.5463 0.00255808
10.5722 0.00253511
10.5981 0.00251235
10.6241 0.00248981
10.65 0.00246748
10.676 0.00244537
10.7019 0.00242346
10.7279 0.00240176
10.7538 0.00238027
10.7797 0.00235898
10.8057 0.00233789
10.8316 0.002317
10.8576 0.00229631
10.8835 0.00227581
10.9095 0.00225551
10.9354 0.00223539
10.9613 0.00221547
10.9873 0.00219573
11.0132 0.00217618
11.0392 0.00215681
11.0651 0.00213763
11.0911 0.00211862
11.117 0.00209979
11.1429 0.00208114
11.1689 0.00206266
11.1948 0.00204436
11.2208 0.00202622
11.2467 0.00200826
11.2727 0.00199046
11.2986 0.00197283
11.3246 0.00195536
11.3505 0.00193806
11.3764 0.00192092
11.4024 0.00190393
11.4283 0.00188711
11.4543 0.00187044
11.4802 0.00185393
11.5062 0.00183756
11.5321 0.00182136
11.558 0.0018053
11.584 0.00178939
11.6099 0.00177362
11.6359 0.00175801
11.6618 0.00174253
11.6878 0.0017272
11.7137 0.00171201
11.7396 0.00169697
11.7656 0.00168206
11.7915 0.00166728
11.8175 0.00165265
11.8434 0.00163815
11.8694 0.00162378
11.8953 0.00160954
11.9213 0.00159544
11.9472 0.00158146
11.9731 0.00156762
11.9991 0.0015539
12.025 0.0015403
12.051 0.00152683
12.0769 0.00151349
12.1029 0.00150026
12.1288 0.00148716
12.1547 0.00147418
12.1807 0.00146131
12.2066 0.00144857
12.2326 0.00143594
12.2585 0.00142342
12.2845 0.00141102
12.3104 0.00139873
12.3363 0.00138655
12.3623 0.00137449
12.3882 0.00136253
12.4142 0.00135069
12.4401 0.00133895
12.4661 0.00132731
12.492 0.00131579
12.5179 0.00130436
12.5439 0.00129304
12.5698 0.00128183
12.5958 0.00127071
12.6217 0.0012597
12.6477 0.00124878
12.6736 0.00123797
12.6996 0.00122725
12.7255 0.00121663
12.7514 0.0012061
12.7774 0.00119567
12.8033 0.00118534
12.8293 0.0011751
12.8552 0.00116495
12.8812 0.00115489
12.9071 0.00114492
12.933 0.00113504
12.959 0.00112525
12.9849 0.00111555
13.0109 0.00110593
13.0368 0.0010964
13.0628 0.00108696
13.0887 0.0010776
13.1146 0.00106833
13.1406 0.00105914
13.1665 0.00105003
13.1925 0.001041
13.2184 0.00103205
13.2444 0.00102319
13.2703 0.0010144
13.2963 0.00100569
13.3222 0.000997062
13.3481 0.000988509
13.3741 0.000980031
13.4 0.00097163
13.426 0.000963303
13.4519 0.00095505
13.4779 0.000946871
13.5038 0.000938765
13.5297 0.000930731
13.5557 0.000922769
13.5816 0.000914877
13.6076 0.000907055
13.6335 0.000899303
13.6595 0.00089162
13.6854 0.000884005
13.7113 0.000876457
13.7373 0.000868977
13.7632 0.000861563
13.7892 0.000854214
13.8151 0.000846931
13.8411 0.000839712
13.867 0.000832557
13.893 0.000825465
13.9189 0.000818436
13.9448 0.000811469
13.9708 0.000804563
13.9967 0.000797719
14.0227 0.000790935
14.0486 0.00078421
14.0746 0.000777546
14.1005 0.000770939
14.1264 0.000764391
14.1524 0.000757901
14.1783 0.000751468
14.2043 0.000745091
14.2302 0.000738771
14.2562 0.000732506
14.2821 0.000726296
14.308 0.000720141
14.334 0.00071404
14.3599 0.000707992
14.3859 0.000701998
14.4118 0.000696056
14.4378 0.000690166
14.4637 0.000684327
14.4896 0.00067854
14.5156 0.000672804
14.5415 0.000667117
14.5675 0.000661481
14.5934 0.000655894
14.6194 0.000650355
14.6453 0.000644865
14.6713 0.000639423
14.6972 0.000634029
14.7231 0.000628682
14.7491 0.000623381
14.775 0.000618126
14.801 0.000612918
14.8269 0.000607754
14.8529 0.000602636
14.8788 0.000597562
14.9047 0.000592533
14.9307 0.000587547
14.9566 0.000582605
14.9826 0.000577705
15.0085 0.000572848
15.0345 0.000568034
15.0604 0.000563261
15.0863 0.00055853
15.1123 0.000553839
15.1382 0.00054919
15.1642 0.00054458
15.1901 0.000540011
15.2161 0.000535481
15.242 0.000530991
15.268 0.000526539
15.2939 0.000522126
15.3198 0.000517751
15.3458 0.000513414
15.3717 0.000509115
15.3977 0.000504852
15.4236 0.000500627
15.4496 0.000496438
15.4755 0.000492285
15.5014 0.000488168
15.5274 0.000484086
15.5533 0.00048004
15.5793 0.000476029
15.6052 0.000472052
15.6312 0.000468109
15.6571 0.000464201
15.683 0.000460326
15.709 0.000456484
15.7349 0.000452676
