-14.8739 0.000343201
-14.8348 0.000348622
-14.7957 0.000354129
-14.7566 0.000359724
-14.7175 0.000365408
-14.6784 0.000371184
-14.6393 0.000377051
-14.6002 0.000383013
-14.5611 0.00038907
-14.522 0.000395224
-14.4829 0.000401477
-14.4438 0.000407829
-14.4047 0.000414284
-14.3656 0.000420842
-14.3265 0.000427505
-14.2874 0.000434274
-14.2483 0.000441153
-14.2092 0.000448141
-14.1701 0.000455242
-14.131 0.000462457
-14.0919 0.000469787
-14.0528 0.000477235
-14.0137 0.000484803
-13.9746 0.000492492
-13.9355 0.000500305
-13.8964 0.000508243
-13.8573 0.000516309
-13.8182 0.000524505
-13.7791 0.000532832
-13.74 0.000541294
-13.7009 0.000549892
-13.6618 0.000558628
-13.6227 0.000567504
-13.5836 0.000576524
-13.5445 0.000585689
-13.5054 0.000595001
-13.4663 0.000604464
-13.4272 0.000614079
-13.3881 0.00062385
-13.349 0.000633778
-13.3099 0.000643866
-13.2708 0.000654117
-13.2317 0.000664533
-13.1926 0.000675118
-13.1535 0.000685874
-13.1144 0.000696803
-13.0753 0.000707909
-13.0362 0.000719195
-12.9971 0.000730663
-12.958 0.000742317
-12.9189 0.00075416
-12.8798 0.000766194
-12.8407 0.000778423
-12.8016 0.00079085
-12.7625 0.000803478
-12.7234 0.000816311
-12.6843 0.000829353
-12.6452 0.000842605
-12.6061 0.000856073
-12.567 0.000869759
-12.5279 0.000883667
-12.4888 0.000897802
-12.4497 0.000912166
-12.4106 0.000926763
-12.3715 0.000941597
-12.3324 0.000956673
-12.2933 0.000971994
-12.2542 0.000987564
-12.2151 0.00100339
-12.176 0.00101947
-12.1369 0.00103581
-12.0978 0.00105242
-12.0587 0.0010693
-12.0196 0.00108646
-11.9805 0.00110389
-11.9414 0.00112161
-11.9023 0.00113962
-11.8632 0.00115792
-11.8241 0.00117652
-11.785 0.00119543
-11.7459 0.00121464
-11.7068 0.00123417
-11.6677 0.00125402
-11.6286 0.00127419
-11.5895 0.00129469
-11.5504 0.00131553
-11.5113 0.00133671
-11.4722 0.00135824
-11.4331 0.00138011
-11.394 0.00140235
-11.3549 0.00142496
-11.3158 0.00144793
-11.2767 0.00147128
-11.2376 0.00149501
-11.1985 0.00151914
-11.1594 0.00154366
-11.1203 0.00156858
-11.0812 0.00159391
-11.0421 0.00161966
-11.003 0.00164584
-10.9639 0.00167244
-10.9248 0.00169948
-10.8857 0.00172697
-10.8466 0.00175491
-10.8075 0.00178332
-10.7684 0.00181219
-10.7293 0.00184154
-10.6902 0.00187137
-10.6511 0.00190169
-10.612 0.00193252
-10.573 0.00196385
-10.5339 0.00199571
-10.4948 0.00202809
-10.4557 0.00206101
-10.4166 0.00209447
-10.3775 0.00212848
-10.3384 0.00216306
-10.2993 0.00219822
-10.2602 0.00223396
-10.2211 0.00227029
-10.182 0.00230722
-10.1429 0.00234477
-10.1038 0.00238294
-10.0647 0.00242174
-10.0256 0.00246119
-9.98646 0.0025013
-9.94736 0.00254208
-9.90826 0.00258353
-9.86916 0.00262568
-9.83006 0.00266853
-9.79096 0.00271209
-9.75186 0.00275638
-9.71276 0.00280141
-9.67366 0.00284719
-9.63456 0.00289374
-9.59546 0.00294107
-9.55636 0.00298919
-9.51726 0.00303811
-9.47816 0.00308785
-9.43906 0.00313843
-9.39996 0.00318985
-9.36086 0.00324214
-9.32176 0.00329531
-9.28266 0.00334936
-9.24356 0.00340433
-9.20446 0.00346022
-9.16536 0.00351705
-9.12626 0.00357483
-9.08716 0.00363359
-9.04806 0.00369334
-9.00896 0.0037541
-8.96987 0.00381588
-8.93077 0.0038787
-8.89167 0.00394258
-8.85257 0.00400755
-8.81347 0.00407361
-8.77437 0.00414078
-8.73527 0.0042091
-8.69617 0.00427857
-8.65707 0.00434922
-8.61797 0.00442106
-8.57887 0.00449413
-8.53977 0.00456843
-8.50067 0.004644
-8.46157 0.00472085
-8.42247 0.00479901
-8.38337 0.00487849
-8.34427 0.00495933
-8.30517 0.00504155
-8.26607 0.00512517
-8.22697 0.00521021
-8.18787 0.00529671
-8.14877 0.00538468
-8.10967 0.00547415
-8.07057 0.00556516
-8.03147 0.00565772
-7.99237 0.00575187
-7.95327 0.00584763
-7.91418 0.00594503
-7.87508 0.0060441
-7.83598 0.00614488
-7.79688 0.00624738
-7.75778 0.00635165
-7.71868 0.00645771
-7.67958 0.0065656
-7.64048 0.00667534
-7.60138 0.00678698
-7.56228 0.00690054
-7.52318 0.00701606
-7.48408 0.00713358
-7.44498 0.00725313
-7.40588 0.00737475
-7.36678 0.00749848
-7.32768 0.00762434
-7.28858 0.00775239
-7.24948 0.00788267
-7.21038 0.0080152
-7.17128 0.00815004
-7.13218 0.00828722
-7.09308 0.00842679
-7.05398 0.00856879
-7.01488 0.00871326
-6.97578 0.00886026
-6.93668 0.00900982
-6.89758 0.009162
-6.85849 0.00931684
-6.81939 0.00947439
-6.78029 0.00963469
-6.74119 0.00979781
-6.70209 0.00996379
-6.66299 0.0101327
-6.62389 0.0103045
-6.58479 0.0104794
-6.54569 0.0106574
-6.50659 0.0108385
-6.46749 0.0110228
-6.42839 0.0112103
-6.38929 0.0114012
-6.35019 0.0115954
-6.31109 0.0117931
-6.27199 0.0119942
-6.23289 0.012199
-6.19379 0.0124073
-6.15469 0.0126194
-6.11559 0.0128353
-6.07649 0.0130549
-6.03739 0.0132785
-5.99829 0.0135061
-5.95919 0.0137377
-5.92009 0.0139735
-5.88099 0.0142135
-5.84189 0.0144578
-5.8028 0.0147064
-5.7637 0.0149595
-5.7246 0.0152172
-5.6855 0.0154795
-5.6464 0.0157464
-5.6073 0.0160182
-5.5682 0.0162949
-5.5291 0.0165766
-5.49 0.0168634
-5.4509 0.0171553
-5.4118 0.0174526
-5.3727 0.0177552
-5.3336 0.0180633
-5.2945 0.0183769
-5.2554 0.0186963
-5.2163 0.0190215
-5.1772 0.0193526
-5.1381 0.0196897
-5.099 0.020033
-5.0599 0.0203825
-5.0208 0.0207384
-4.9817 0.0211009
-4.9426 0.0214699
-4.9035 0.0218458
-4.8644 0.0222285
-4.8253 0.0226182
-4.7862 0.0230151
-4.7471 0.0234194
-4.70801 0.023831
-4.66891 0.0242503
-4.62981 0.0246773
-4.59071 0.0251122
-4.55161 0.0255551
-4.51251 0.0260062
-4.47341 0.0264657
-4.43431 0.0269337
-4.39521 0.0274104
-4.35611 0.027896
-4.31701 0.0283905
-4.27791 0.0288944
-4.23881 0.0294075
-4.19971 0.0299303
-4.16061 0.0304629
-4.12151 0.0310053
-4.08241 0.031558
-4.04331 0.032121
-4.00421 0.0326945
-3.96511 0.0332788
-3.92601 0.0338741
-3.88691 0.0344805
-3.84781 0.0350984
-3.80871 0.0357279
-3.76961 0.0363692
-3.73051 0.0370226
-3.69141 0.0376883
-3.65232 0.0383666
-3.61322 0.0390577
-3.57412 0.0397619
-3.53502 0.0404793
-3.49592 0.0412103
-3.45682 0.0419551
-3.41772 0.0427141
-3.37862 0.0434873
-3.33952 0.0442752
-3.30042 0.045078
-3.26132 0.045896
-3.22222 0.0467295
-3.18312 0.0475787
-3.14402 0.048444
-3.10492 0.0493256
-3.06582 0.0502239
-3.02672 0.0511392
-2.98762 0.0520717
-2.94852 0.0530218
-2.90942 0.0539897
-2.87032 0.0549759
-2.83122 0.0559805
-2.79212 0.057004
-2.75302 0.0580466
-2.71392 0.0591087
-2.67482 0.0601906
-2.63572 0.0612925
-2.59663 0.0624149
-2.55753 0.063558
-2.51843 0.0647221
-2.47933 0.0659075
-2.44023 0.0671145
-2.40113 0.0683435
-2.36203 0.0695946
-2.32293 0.0708682
-2.28383 0.0721645
-2.24473 0.0734838
-2.20563 0.0748263
-2.16653 0.0761922
-2.12743 0.0775817
-2.08833 0.078995
-2.04923 0.0804322
-2.01013 0.0818934
-1.97103 0.0833788
-1.93193 0.0848883
-1.89283 0.086422
-1.85373 0.0879798
-1.81463 0.0895617
-1.77553 0.0911676
-1.73643 0.0927971
-1.69733 0.0944501
-1.65823 0.0961263
-1.61913 0.0978251
-1.58003 0.0995462
-1.54094 0.101289
-1.50184 0.103052
-1.46274 0.104836
-1.42364 0.106639
-1.38454 0.10846
-1.34544 0.110298
-1.30634 0.112151
-1.26724 0.114019
-1.22814 0.115899
-1.18904 0.11779
-1.14994 0.119689
-1.11084 0.121594
-1.07174 0.123503
-1.03264 0.125413
-0.99354 0.127321
-0.954441 0.129224
-0.915341 0.131119
-0.876241 0.133002
-0.837142 0.134869
-0.798042 0.136715
-0.758942 0.138538
-0.719843 0.140331
-0.680743 0.14209
-0.641644 0.143811
-0.602544 0.145488
-0.563444 0.147115
-0.524345 0.148688
-0.485245 0.1502
-0.446145 0.151647
-0.407046 0.153023
-0.367946 0.154323
-0.328847 0.155541
-0.289747 0.156673
-0.250647 0.157713
-0.211548 0.158658
-0.172448 0.159504
-0.133348 0.160247
-0.0942487 0.160883
-0.0551491 0.161411
-0.0160494 0.161829
0.0230502 0.162136
0.0621498 0.162331
0.101249 0.162413
0.140349 0.162384
0.179449 0.162246
0.218548 0.161998
0.257648 0.161646
0.296748 0.16119
0.335847 0.160635
0.374947 0.159984
0.414047 0.159241
0.453146 0.158411
0.492246 0.157499
0.531345 0.156509
0.570445 0.155447
0.609545 0.154316
0.648644 0.153123
0.687744 0.151872
0.726844 0.150568
0.765943 0.149216
0.805043 0.14782
0.844142 0.146386
0.883242 0.144916
0.922342 0.143417
0.961441 0.141891
1.00054 0.140342
1.03964 0.138774
1.07874 0.13719
1.11784 0.135593
1.15694 0.133986
1.19604 0.132372
1.23514 0.130754
1.27424 0.129133
1.31334 0.127512
1.35244 0.125893
1.39154 0.124277
1.43064 0.122666
1.46974 0.121063
1.50884 0.119467
1.54794 0.11788
1.58704 0.116304
1.62614 0.114739
1.66523 0.113187
1.70433 0.111648
1.74343 0.110122
1.78253 0.108611
1.82163 0.107115
1.86073 0.105635
1.89983 0.10417
1.93893 0.102721
1.97803 0.101289
2.01713 0.099874
2.05623 0.0984758
2.09533 0.0970947
2.13443 0.0957308
2.17353 0.0943842
2.21263 0.0930551
2.25173 0.0917433
2.29083 0.090449
2.32993 0.0891721
2.36903 0.0879125
2.40813 0.0866702
2.44723 0.0854451
2.48633 0.0842371
2.52543 0.083046
2.56453 0.0818719
2.60363 0.0807144
2.64273 0.0795736
2.68183 0.0784491
2.72092 0.077341
2.76002 0.0762489
2.79912 0.0751728
2.83822 0.0741124
2.87732 0.0730676
2.91642 0.0720381
2.95552 0.0710239
2.99462 0.0700246
3.03372 0.0690402
3.07282 0.0680703
3.11192 0.0671149
3.15102 0.0661737
3.19012 0.0652465
3.22922 0.0643331
3.26832 0.0634333
3.30742 0.062547
3.34652 0.0616739
3.38562 0.0608139
3.42472 0.0599667
3.46382 0.0591321
3.50292 0.0583101
3.54202 0.0575003
3.58112 0.0567026
3.62022 0.0559168
3.65932 0.0551427
3.69842 0.0543802
3.73752 0.053629
3.77661 0.0528891
3.81571 0.0521601
3.85481 0.051442
3.89391 0.0507346
3.93301 0.0500377
3.97211 0.0493511
4.01121 0.0486747
4.05031 0.0480083
4.08941 0.0473517
4.12851 0.0467049
4.16761 0.0460676
4.20671 0.0454397
4.24581 0.0448211
4.28491 0.0442116
4.32401 0.043611
4.36311 0.0430192
4.40221 0.0424362
4.44131 0.0418616
4.48041 0.0412955
4.51951 0.0407376
4.55861 0.0401879
4.59771 0.0396462
4.63681 0.0391123
4.67591 0.0385862
4.71501 0.0380678
4.75411 0.0375568
4.79321 0.0370533
4.8323 0.036557
4.8714 0.0360679
4.9105 0.0355859
4.9496 0.0351108
4.9887 0.0346425
5.0278 0.034181
5.0669 0.033726
5.106 0.0332776
5.1451 0.0328356
5.1842 0.0323999
5.2233 0.0319704
5.2624 0.0315471
5.3015 0.0311297
5.3406 0.0307183
5.3797 0.0303127
5.4188 0.0299129
5.4579 0.0295187
5.497 0.0291301
5.5361 0.028747
5.5752 0.0283693
5.6143 0.0279969
5.6534 0.0276297
5.6925 0.0272677
5.7316 0.0269108
5.7707 0.0265588
5.8098 0.0262118
5.8489 0.0258696
5.888 0.0255322
5.92709 0.0251995
5.96619 0.0248714
6.00529 0.0245479
6.04439 0.0242289
6.08349 0.0239143
6.12259 0.023604
6.16169 0.0232981
6.20079 0.0229963
6.23989 0.0226988
6.27899 0.0224053
6.31809 0.0221158
6.35719 0.0218304
6.39629 0.0215488
6.43539 0.0212712
6.47449 0.0209973
6.51359 0.0207272
6.55269 0.0204607
6.59179 0.0201979
6.63089 0.0199387
6.66999 0.019683
6.70909 0.0194308
6.74819 0.019182
6.78729 0.0189366
6.82639 0.0186945
6.86549 0.0184556
6.90459 0.0182201
6.94369 0.0179877
6.98278 0.0177584
7.02188 0.0175322
7.06098 0.0173091
7.10008 0.017089
7.13918 0.0168718
7.17828 0.0166575
7.21738 0.0164462
7.25648 0.0162376
7.29558 0.0160318
7.33468 0.0158288
7.37378 0.0156285
7.41288 0.0154309
7.45198 0.0152359
7.49108 0.0150435
7.53018 0.0148537
7.56928 0.0146664
7.60838 0.0144815
7.64748 0.0142991
7.68658 0.0141192
7.72568 0.0139416
7.76478 0.0137664
7.80388 0.0135934
7.84298 0.0134228
7.88208 0.0132544
7.92118 0.0130883
7.96028 0.0129243
7.99938 0.0127624
8.03847 0.0126027
8.07757 0.0124451
8.11667 0.0122896
8.15577 0.0121361
8.19487 0.0119846
8.23397 0.0118351
8.27307 0.0116876
8.31217 0.0115419
8.35127 0.0113982
8.39037 0.0112563
8.42947 0.0111163
8.46857 0.0109781
8.50767 0.0108418
8.54677 0.0107071
8.58587 0.0105743
8.62497 0.0104431
8.66407 0.0103137
8.70317 0.0101859
8.74227 0.0100598
8.78137 0.00993529
8.82047 0.0098124
8.85957 0.00969111
8.89867 0.00957138
8.93777 0.00945319
8.97687 0.00933652
9.01597 0.00922136
9.05507 0.00910767
9.09416 0.00899545
9.13326 0.00888466
9.17236 0.0087753
9.21146 0.00866734
9.25056 0.00856076
9.28966 0.00845555
9.32876 0.00835168
9.36786 0.00824914
9.40696 0.0081479
9.44606 0.00804796
9.48516 0.0079493
9.52426 0.00785189
9.56336 0.00775572
9.60246 0.00766078
9.64156 0.00756704
9.68066 0.0074745
9.71976 0.00738313
9.75886 0.00729292
9.79796 0.00720385
9.83706 0.00711591
9.87616 0.00702909
9.91526 0.00694337
9.95436 0.00685873
9.99346 0.00677516
10.0326 0.00669264
10.0717 0.00661117
10.1108 0.00653072
10.1499 0.00645129
10.189 0.00637286
10.2281 0.00629542
10.2672 0.00621895
10.3063 0.00614345
10.3454 0.00606889
10.3845 0.00599527
10.4236 0.00592257
10.4627 0.00585079
10.5018 0.0057799
10.5409 0.00570991
10.58 0.00564079
10.6191 0.00557253
10.6582 0.00550513
10.6972 0.00543857
10.7363 0.00537285
10.7754 0.00530794
10.8145 0.00524384
10.8536 0.00518055
10.8927 0.00511804
10.9318 0.00505631
10.9709 0.00499535
11.01 0.00493515
11.0491 0.0048757
11.0882 0.00481698
11.1273 0.004759
11.1664 0.00470173
11.2055 0.00464518
11.2446 0.00458933
11.2837 0.00453417
11.3228 0.00447969
11.3619 0.00442589
11.401 0.00437276
11.4401 0.00432028
11.4792 0.00426845
11.5183 0.00421726
11.5574 0.0041667
11.5965 0.00411677
11.6356 0.00406745
11.6747 0.00401874
11.7138 0.00397064
11.7529 0.00392312
11.792 0.00387619
11.8311 0.00382984
11.8702 0.00378406
11.9093 0.00373884
11.9484 0.00369418
11.9875 0.00365006
12.0266 0.00360649
12.0657 0.00356345
12.1048 0.00352094
12.1439 0.00347895
12.183 0.00343748
12.2221 0.00339651
12.2612 0.00335605
12.3003 0.00331608
12.3394 0.0032766
12.3785 0.0032376
12.4176 0.00319908
12.4567 0.00316103
12.4958 0.00312344
12.5349 0.00308632
12.574 0.00304964
12.6131 0.00301341
12.6522 0.00297763
12.6913 0.00294228
12.7304 0.00290736
12.7695 0.00287287
12.8086 0.0028388
12.8477 0.00280514
12.8868 0.00277189
12.9259 0.00273904
12.965 0.00270659
13.0041 0.00267454
13.0432 0.00264288
13.0823 0.0026116
13.1214 0.0025807
13.1605 0.00255017
13.1996 0.00252002
13.2387 0.00249023
13.2778 0.0024608
13.3169 0.00243172
13.356 0.002403
13.3951 0.00237463
13.4342 0.00234659
13.4733 0.0023189
13.5124 0.00229154
13.5515 0.00226452
13.5906 0.00223782
13.6297 0.00221144
13.6688 0.00218538
13.7079 0.00215963
13.747 0.00213419
13.7861 0.00210906
13.8252 0.00208423
13.8643 0.00205971
13.9034 0.00203547
13.9425 0.00201153
13.9816 0.00198788
14.0207 0.00196451
14.0598 0.00194142
14.0989 0.00191861
14.138 0.00189607
14.1771 0.0018738
14.2162 0.0018518
14.2553 0.00183007
14.2944 0.00180859
14.3335 0.00178738
14.3726 0.00176641
14.4117 0.0017457
14.4508 0.00172524
14.4899 0.00170502
14.529 0.00168504
14.5681 0.0016653
14.6072 0.0016458
14.6463 0.00162653
14.6854 0.00160749
14.7245 0.00158868
14.7636 0.00157009
14.8027 0.00155173
14.8418 0.00153358
14.8809 0.00151565
14.92 0.00149794
14.9591 0.00148043
14.9982 0.00146314
15.0373 0.00144605
15.0764 0.00142916
15.1155 0.00141248
15.1546 0.00139599
15.1937 0.0013797
15.2328 0.00136361
15.2719 0.0013477
15.311 0.00133199
15.3501 0.00131646
15.3892 0.00130112
15.4283 0.00128595
15.4674 0.00127097
15.5065 0.00125617
15.5456 0.00124154
15.5847 0.00122709
15.6238 0.0012128
15.6629 0.00119869
15.702 0.00118474
15.7411 0.00117096
15.7802 0.00115734
15.8193 0.00114389
15.8584 0.00113059
15.8975 0.00111745
15.9366 0.00110446
15.9757 0.00109163
16.0148 0.00107895
16.0539 0.00106642
16.093 0.00105404
16.1321 0.00104181
16.1712 0.00102972
16.2103 0.00101777
16.2494 0.00100596
16.2885 0.000994297
16.3276 0.000982768
16.3667 0.000971375
16.4058 0.000960116
16.4449 0.000948989
16.484 0.000937994
16.5231 0.000927129
16.5622 0.000916391
16.6013 0.00090578
16.6404 0.000895294
16.6795 0.000884932
16.7186 0.000874691
16.7577 0.000864571
16.7968 0.00085457
16.8359 0.000844686
16.875 0.000834919
16.9141 0.000825266
16.9532 0.000815727
16.9923 0.0008063
17.0314 0.000796984
17.0705 0.000787777
17.1096 0.000778678
17.1487 0.000769686
17.1878 0.0007608
17.2269 0.000752017
17.266 0.000743338
17.3051 0.000734761
17.3442 0.000726284
17.3833 0.000717906
17.4224 0.000709627
17.4615 0.000701444
17.5006 0.000693357
17.5397 0.000685365
17.5788 0.000677467
17.6179 0.000669661
17.657 0.000661946
17.6961 0.000654322
17.7352 0.000646786
17.7743 0.000639339
17.8134 0.000631979
17.8525 0.000624705
17.8916 0.000617516
17.9307 0.000610411
17.9698 0.000603388
18.0089 0.000596448
18.048 0.000589589
18.0871 0.00058281
18.1262 0.00057611
18.1653 0.000569488
18.2044 0.000562943
18.2435 0.000556475
18.2826 0.000550082
18.3217 0.000543763
18.3608 0.000537518
18.3999 0.000531346
18.439 0.000525246
18.4781 0.000519217
18.5172 0.000513258
18.5563 0.000507368
18.5954 0.000501547
18.6345 0.000495794
18.6736 0.000490107
18.7127 0.000484487
18.7518 0.000478932
18.7909 0.000473441
18.83 0.000468015
18.8691 0.000462651
18.9082 0.00045735
18.9473 0.00045211
18.9864 0.000446932
19.0255 0.000441813
19.0646 0.000436754
19.1037 0.000431753
19.1428 0.000426811
19.1819 0.000421925
19.221 0.000417097
19.2601 0.000412324
19.2992 0.000407607
19.3383 0.000402945
19.3774 0.000398336
19.4165 0.000393781
19.4556 0.000389279
19.4947 0.000384828
19.5338 0.00038043
19.5729 0.000376082
19.612 0.000371785
19.6511 0.000367537
19.6902 0.000363338
19.7293 0.000359189
19.7684 0.000355087
19.8075 0.000351032
19.8466 0.000347024
19.8857 0.000343063
19.9248 0.000339148
19.9639 0.000335277
20.003 0.000331452
20.0421 0.000327671
20.0812 0.000323933
20.1203 0.000320238
20.1594 0.000316587
20.1985 0.000312977
20.2376 0.000309409
20.2767 0.000305882
20.3158 0.000302396
20.3549 0.00029895
20.394 0.000295544
20.4331 0.000292177
20.4722 0.000288849
20.5113 0.000285559
20.5504 0.000282307
20.5895 0.000279093
20.6286 0.000275915
20.6677 0.000272774
20.7068 0.00026967
20.7459 0.000266601
20.785 0.000263568
20.8241 0.000260569
20.8632 0.000257605
20.9023 0.000254675
20.9414 0.000251779
20.9805 0.000248916
21.0196 0.000246086
21.0587 0.000243288
21.0978 0.000240523
21.1369 0.000237789
21.176 0.000235087
21.2151 0.000232416
21.2542 0.000229776
21.2933 0.000227166
21.3323 0.000224586
21.3714 0.000222035
21.4105 0.000219514
21.4496 0.000217022
21.4887 0.000214558
21.5278 0.000212123
21.5669 0.000209716
21.606 0.000207336
21.6451 0.000204984
21.6842 0.000202658
21.7233 0.000200359
21.7624 0.000198087
21.8015 0.00019584
21.8406 0.00019362
21.8797 0.000191425
21.9188 0.000189255
21.9579 0.000187109
21.997 0.000184989
22.0361 0.000182892
22.0752 0.00018082
22.1143 0.000178772
22.1534 0.000176746
22.1925 0.000174744
22.2316 0.000172765
22.2707 0.000170809
22.3098 0.000168875
22.3489 0.000166963
22.388 0.000165073
22.4271 0.000163205
22.4662 0.000161358
22.5053 0.000159532
22.5444 0.000157727
22.5835 0.000155942
22.6226 0.000154178
22.6617 0.000152434
22.7008 0.00015071
22.7399 0.000149006
22.779 0.000147321
22.8181 0.000145656
22.8572 0.000144009
22.8963 0.000142381
22.9354 0.000140772
22.9745 0.000139181
23.0136 0.000137609
23.0527 0.000136054
23.0918 0.000134517
23.1309 0.000132998
23.17 0.000131496
23.2091 0.000130011
23.2482 0.000128543
23.2873 0.000127091
23.3264 0.000125656
23.3655 0.000124238
23.4046 0.000122836
23.4437 0.00012145
23.4828 0.000120079
23.5219 0.000118724
23.561 0.000117385
23.6001 0.000116061
23.6392 0.000114751
23.6783 0.000113457
23.7174 0.000112178
23.7565 0.000110913
23.7956 0.000109662
23.8347 0.000108426
23.8738 0.000107204
23.9129 0.000105995
23.952 0.000104801
23.9911 0.00010362
24.0302 0.000102452
24.0693 0.000101298
24.1084 0.000100157
24.1475 9.90287e-05
24.1866 9.79133e-05
