-0.0595683 0.00484041
0.00255629 0.00668338
0.0646809 0.00898985
0.126805 0.0117832
0.18893 0.0150601
0.251055 0.0187899
0.313179 0.022917
0.375304 0.0273669
0.437428 0.032054
0.499553 0.0368888
0.561677 0.0417845
0.623802 0.0466623
0.685927 0.0514539
0.748051 0.0561032
0.810176 0.0605663
0.8723 0.0648106
0.934425 0.0688139
0.996549 0.0725625
1.05867 0.0760499
1.1208 0.0792751
1.18292 0.0822417
1.24505 0.0849563
1.30717 0.0874282
1.3693 0.0896681
1.43142 0.0916875
1.49355 0.0934988
1.55567 0.0951145
1.6178 0.0965469
1.67992 0.0978081
1.74204 0.0989098
1.80417 0.0998633
1.86629 0.100679
1.92842 0.101368
1.99054 0.101939
2.05267 0.1024
2.11479 0.102761
2.17692 0.103029
2.23904 0.103212
2.30117 0.103315
2.36329 0.103346
2.42541 0.103311
2.48754 0.103213
2.54966 0.10306
2.61179 0.102854
2.67391 0.102601
2.73604 0.102304
2.79816 0.101967
2.86029 0.101594
2.92241 0.101187
2.98454 0.10075
3.04666 0.100284
3.10878 0.0997933
3.17091 0.0992793
3.23303 0.0987443
3.29516 0.0981902
3.35728 0.0976188
3.41941 0.0970319
3.48153 0.0964309
3.54366 0.0958173
3.60578 0.0951925
3.66791 0.0945577
3.73003 0.093914
3.79215 0.0932626
3.85428 0.0926043
3.9164 0.0919401
3.97853 0.0912708
4.04065 0.0905972
4.10278 0.0899201
4.1649 0.0892401
4.22703 0.0885579
4.28915 0.0878739
4.35128 0.0871889
4.4134 0.0865031
4.47553 0.0858172
4.53765 0.0851314
4.59977 0.0844464
4.6619 0.0837622
4.72402 0.0830794
4.78615 0.0823983
4.84827 0.081719
4.9104 0.0810419
4.97252 0.0803673
5.03465 0.0796952
5.09677 0.0790261
5.1589 0.0783599
5.22102 0.077697
5.28314 0.0770375
5.34527 0.0763815
5.40739 0.0757291
5.46952 0.0750806
5.53164 0.0744359
5.59377 0.0737952
5.65589 0.0731586
5.71802 0.0725261
5.78014 0.0718979
5.84227 0.071274
5.90439 0.0706545
5.96651 0.0700394
6.02864 0.0694288
6.09076 0.0688226
6.15289 0.068221
6.21501 0.067624
6.27714 0.0670316
6.33926 0.0664438
6.40139 0.0658606
6.46351 0.0652821
6.52564 0.0647082
6.58776 0.064139
6.64988 0.0635745
6.71201 0.0630146
6.77413 0.0624594
6.83626 0.0619089
6.89838 0.061363
6.96051 0.0608217
7.02263 0.0602851
7.08476 0.059753
7.14688 0.0592256
7.20901 0.0587028
7.27113 0.0581845
7.33326 0.0576708
7.39538 0.0571615
7.4575 0.0566568
7.51963 0.0561566
7.58175 0.0556608
7.64388 0.0551694
7.706 0.0546825
7.76813 0.0541999
7.83025 0.0537216
7.89238 0.0532477
7.9545 0.052778
8.01663 0.0523127
8.07875 0.0518515
8.14087 0.0513945
8.203 0.0509417
8.26512 0.050493
8.32725 0.0500485
8.38937 0.049608
8.4515 0.0491715
8.51362 0.048739
8.57575 0.0483106
8.63787 0.047886
8.7 0.0474654
8.76212 0.0470486
8.82424 0.0466357
8.88637 0.0462266
8.94849 0.0458213
9.01062 0.0454197
9.07274 0.0450219
9.13487 0.0446277
9.19699 0.0442371
9.25912 0.0438502
9.32124 0.0434669
9.38337 0.0430871
9.44549 0.0427108
9.50762 0.042338
9.56974 0.0419687
9.63186 0.0416028
9.69399 0.0412403
9.75611 0.0408811
9.81824 0.0405253
9.88036 0.0401727
9.94249 0.0398235
10.0046 0.0394774
10.0667 0.0391346
10.1289 0.038795
10.191 0.0384585
10.2531 0.0381251
10.3152 0.0377948
10.3774 0.0374675
10.4395 0.0371433
10.5016 0.036822
10.5637 0.0365038
10.6259 0.0361885
10.688 0.035876
10.7501 0.0355665
10.8122 0.0352598
10.8744 0.034956
10.9365 0.0346549
10.9986 0.0343567
11.0607 0.0340612
11.1229 0.0337683
11.185 0.0334782
11.2471 0.0331908
11.3092 0.032906
11.3714 0.0326238
11.4335 0.0323442
11.4956 0.0320672
11.5577 0.0317927
11.6199 0.0315207
11.682 0.0312512
11.7441 0.0309842
11.8062 0.0307196
11.8683 0.0304574
11.9305 0.0301976
11.9926 0.0299402
12.0547 0.0296852
12.1168 0.0294325
12.179 0.029182
12.2411 0.0289339
12.3032 0.028688
12.3653 0.0284443
12.4275 0.0282029
12.4896 0.0279636
12.5517 0.0277266
12.6138 0.0274916
12.676 0.0272588
12.7381 0.0270281
12.8002 0.0267995
12.8623 0.026573
12.9245 0.0263485
12.9866 0.026126
13.0487 0.0259056
13.1108 0.0256871
13.173 0.0254706
13.2351 0.025256
13.2972 0.0250434
13.3593 0.0248327
13.4215 0.0246239
13.4836 0.0244169
13.5457 0.0242118
13.6078 0.0240085
13.67 0.0238071
13.7321 0.0236075
13.7942 0.0234096
13.8563 0.0232135
13.9185 0.0230192
13.9806 0.0228266
14.0427 0.0226357
14.1048 0.0224466
14.167 0.0222591
14.2291 0.0220732
14.2912 0.0218891
14.3533 0.0217065
14.4155 0.0215256
14.4776 0.0213463
14.5397 0.0211686
14.6018 0.0209924
14.664 0.0208179
14.7261 0.0206448
14.7882 0.0204733
14.8503 0.0203033
14.9125 0.0201348
14.9746 0.0199678
15.0367 0.0198022
15.0988 0.0196382
15.161 0.0194755
15.2231 0.0193143
15.2852 0.0191545
15.3473 0.0189961
15.4094 0.0188391
15.4716 0.0186835
15.5337 0.0185293
15.5958 0.0183764
15.6579 0.0182248
15.7201 0.0180745
15.7822 0.0179256
15.8443 0.017778
15.9064 0.0176316
15.9686 0.0174866
16.0307 0.0173428
16.0928 0.0172002
16.1549 0.0170589
16.2171 0.0169189
16.2792 0.01678
16.3413 0.0166423
16.4034 0.0165059
16.4656 0.0163706
16.5277 0.0162365
16.5898 0.0161036
16.6519 0.0159718
16.7141 0.0158411
16.7762 0.0157116
16.8383 0.0155832
16.9004 0.0154559
16.9626 0.0153297
17.0247 0.0152046
17.0868 0.0150806
17.1489 0.0149576
17.2111 0.0148357
17.2732 0.0147149
17.3353 0.0145951
17.3974 0.0144763
17.4596 0.0143585
17.5217 0.0142418
17.5838 0.014126
17.6459 0.0140112
17.7081 0.0138975
17.7702 0.0137847
17.8323 0.0136728
17.8944 0.0135619
17.9566 0.013452
18.0187 0.013343
18.0808 0.0132349
18.1429 0.0131278
18.2051 0.0130215
18.2672 0.0129162
18.3293 0.0128118
18.3914 0.0127082
18.4536 0.0126056
18.5157 0.0125038
18.5778 0.0124028
18.6399 0.0123028
18.7021 0.0122035
18.7642 0.0121052
18.8263 0.0120076
18.8884 0.0119109
18.9505 0.011815
19.0127 0.0117199
19.0748 0.0116256
19.1369 0.0115321
19.199 0.0114394
19.2612 0.0113474
19.3233 0.0112563
19.3854 0.0111659
19.4475 0.0110763
19.5097 0.0109874
19.5718 0.0108993
19.6339 0.0108119
19.696 0.0107253
19.7582 0.0106394
19.8203 0.0105542
19.8824 0.0104697
19.9445 0.0103859
20.0067 0.0103028
20.0688 0.0102205
20.1309 0.0101388
20.193 0.0100578
20.2552 0.00997745
20.3173 0.0098978
20.3794 0.00981881
20.4415 0.00974048
20.5037 0.0096628
20.5658 0.00958577
20.6279 0.00950938
20.69 0.00943363
20.7522 0.00935851
20.8143 0.00928402
20.8764 0.00921014
20.9385 0.00913688
21.0007 0.00906423
21.0628 0.00899218
21.1249 0.00892073
21.187 0.00884987
21.2492 0.0087796
21.3113 0.00870991
21.3734 0.0086408
21.4355 0.00857226
21.4977 0.00850429
21.5598 0.00843688
21.6219 0.00837003
21.684 0.00830373
21.7462 0.00823797
21.8083 0.00817276
21.8704 0.00810809
21.9325 0.00804395
21.9947 0.00798034
22.0568 0.00791726
22.1189 0.00785469
22.181 0.00779264
22.2432 0.0077311
22.3053 0.00767006
22.3674 0.00760953
22.4295 0.0075495
22.4916 0.00748995
22.5538 0.0074309
22.6159 0.00737233
22.678 0.00731424
22.7401 0.00725663
22.8023 0.00719949
22.8644 0.00714281
22.9265 0.0070866
22.9886 0.00703085
23.0508 0.00697556
23.1129 0.00692072
23.175 0.00686633
23.2371 0.00681238
23.2993 0.00675887
23.3614 0.0067058
23.4235 0.00665316
23.4856 0.00660095
23.5478 0.00654916
23.6099 0.0064978
23.672 0.00644686
23.7341 0.00639633
23.7963 0.00634621
23.8584 0.0062965
23.9205 0.00624719
23.9826 0.00619828
24.0448 0.00614977
24.1069 0.00610166
24.169 0.00605393
24.2311 0.0060066
24.2933 0.00595964
24.3554 0.00591307
24.4175 0.00586687
24.4796 0.00582105
24.5418 0.0057756
24.6039 0.00573051
24.666 0.0056858
24.7281 0.00564144
24.7903 0.00559744
24.8524 0.0055538
24.9145 0.00551051
24.9766 0.00546756
25.0388 0.00542497
25.1009 0.00538272
25.163 0.00534081
25.2251 0.00529923
25.2873 0.005258
25.3494 0.00521709
25.4115 0.00517651
25.4736 0.00513626
25.5358 0.00509634
25.5979 0.00505673
25.66 0.00501745
25.7221 0.00497847
25.7843 0.00493982
25.8464 0.00490147
25.9085 0.00486343
25.9706 0.00482569
26.0327 0.00478826
26.0949 0.00475113
26.157 0.00471429
26.2191 0.00467775
26.2812 0.00464151
26.3434 0.00460555
26.4055 0.00456988
26.4676 0.0045345
26.5297 0.0044994
26.5919 0.00446458
26.654 0.00443003
26.7161 0.00439577
26.7782 0.00436178
26.8404 0.00432805
26.9025 0.0042946
26.9646 0.00426142
27.0267 0.0042285
27.0889 0.00419584
27.151 0.00416344
27.2131 0.0041313
27.2752 0.00409942
27.3374 0.00406778
27.3995 0.00403641
27.4616 0.00400528
27.5237 0.0039744
27.5859 0.00394376
27.648 0.00391337
27.7101 0.00388322
27.7722 0.0038533
27.8344 0.00382363
27.8965 0.00379419
27.9586 0.00376499
28.0207 0.00373601
28.0829 0.00370727
28.145 0.00367875
28.2071 0.00365046
28.2692 0.0036224
28.3314 0.00359455
28.3935 0.00356693
28.4556 0.00353952
28.5177 0.00351234
28.5799 0.00348536
28.642 0.0034586
28.7041 0.00343205
28.7662 0.00340572
28.8284 0.00337958
28.8905 0.00335366
28.9526 0.00332794
29.0147 0.00330242
29.0769 0.00327711
29.139 0.00325199
29.2011 0.00322707
29.2632 0.00320235
29.3254 0.00317783
29.3875 0.00315349
29.4496 0.00312935
29.5117 0.0031054
29.5739 0.00308163
29.636 0.00305806
29.6981 0.00303467
29.7602 0.00301146
29.8223 0.00298843
29.8845 0.00296559
29.9466 0.00294292
30.0087 0.00292044
30.0708 0.00289813
30.133 0.00287599
30.1951 0.00285403
30.2572 0.00283224
30.3193 0.00281062
30.3815 0.00278917
30.4436 0.00276789
30.5057 0.00274678
30.5678 0.00272583
30.63 0.00270505
30.6921 0.00268442
30.7542 0.00266396
30.8163 0.00264366
30.8785 0.00262352
30.9406 0.00260354
31.0027 0.00258371
31.0648 0.00256403
31.127 0.00254451
31.1891 0.00252515
31.2512 0.00250593
31.3133 0.00248687
31.3755 0.00246795
31.4376 0.00244918
31.4997 0.00243056
31.5618 0.00241208
31.624 0.00239374
31.6861 0.00237555
31.7482 0.0023575
31.8103 0.00233959
31.8725 0.00232183
31.9346 0.00230419
31.9967 0.0022867
32.0588 0.00226934
32.121 0.00225212
32.1831 0.00223503
32.2452 0.00221808
32.3073 0.00220125
32.3695 0.00218456
32.4316 0.002168
32.4937 0.00215156
32.5558 0.00213525
32.618 0.00211907
32.6801 0.00210302
32.7422 0.00208709
32.8043 0.00207128
32.8665 0.0020556
32.9286 0.00204003
32.9907 0.00202459
33.0528 0.00200927
33.115 0.00199406
33.1771 0.00197898
33.2392 0.00196401
33.3013 0.00194916
33.3634 0.00193442
33.4256 0.00191979
33.4877 0.00190528
33.5498 0.00189088
33.6119 0.00187659
33.6741 0.00186242
33.7362 0.00184835
33.7983 0.00183439
33.8604 0.00182054
33.9226 0.0018068
33.9847 0.00179316
34.0468 0.00177963
34.1089 0.0017662
34.1711 0.00175287
34.2332 0.00173965
34.2953 0.00172653
34.3574 0.00171351
34.4196 0.00170059
34.4817 0.00168777
34.5438 0.00167505
34.6059 0.00166243
34.6681 0.00164991
34.7302 0.00163748
34.7923 0.00162515
34.8544 0.00161291
34.9166 0.00160076
34.9787 0.00158871
35.0408 0.00157676
35.1029 0.00156489
35.1651 0.00155312
35.2272 0.00154143
35.2893 0.00152984
35.3514 0.00151833
35.4136 0.00150692
35.4757 0.00149559
35.5378 0.00148435
35.5999 0.00147319
35.6621 0.00146212
35.7242 0.00145113
35.7863 0.00144023
35.8484 0.00142942
35.9106 0.00141868
35.9727 0.00140803
36.0348 0.00139746
36.0969 0.00138697
36.1591 0.00137656
36.2212 0.00136623
36.2833 0.00135598
36.3454 0.00134581
36.4076 0.00133572
36.4697 0.0013257
36.5318 0.00131576
36.5939 0.00130589
36.6561 0.00129611
36.7182 0.00128639
36.7803 0.00127675
36.8424 0.00126719
36.9045 0.00125769
36.9667 0.00124827
37.0288 0.00123893
37.0909 0.00122965
37.153 0.00122044
37.2152 0.00121131
37.2773 0.00120224
37.3394 0.00119324
37.4015 0.00118432
37.4637 0.00117546
37.5258 0.00116666
37.5879 0.00115794
37.65 0.00114928
37.7122 0.00114069
37.7743 0.00113216
37.8364 0.0011237
37.8985 0.0011153
37.9607 0.00110697
38.0228 0.0010987
38.0849 0.00109049
38.147 0.00108234
38.2092 0.00107426
38.2713 0.00106624
38.3334 0.00105828
38.3955 0.00105038
38.4577 0.00104254
38.5198 0.00103476
38.5819 0.00102704
38.644 0.00101937
38.7062 0.00101177
38.7683 0.00100422
38.8304 0.000996734
38.8925 0.000989302
38.9547 0.000981926
39.0168 0.000974606
39.0789 0.000967342
39.141 0.000960133
39.2032 0.000952978
39.2653 0.000945878
39.3274 0.000938832
39.3895 0.000931839
39.4517 0.000924899
39.5138 0.000918012
39.5759 0.000911177
39.638 0.000904394
39.7002 0.000897662
39.7623 0.000890981
39.8244 0.000884351
39.8865 0.000877771
39.9487 0.000871241
40.0108 0.00086476
40.0729 0.000858328
40.135 0.000851945
40.1972 0.00084561
40.2593 0.000839324
40.3214 0.000833084
40.3835 0.000826892
40.4456 0.000820747
40.5078 0.000814648
40.5699 0.000808595
40.632 0.000802589
40.6941 0.000796627
40.7563 0.00079071
40.8184 0.000784839
40.8805 0.000779011
40.9426 0.000773228
41.0048 0.000767488
41.0669 0.000761791
41.129 0.000756138
41.1911 0.000750527
41.2533 0.000744959
41.3154 0.000739432
41.3775 0.000733947
41.4396 0.000728504
41.5018 0.000723101
41.5639 0.00071774
41.626 0.000712418
41.6881 0.000707137
41.7503 0.000701896
41.8124 0.000696694
41.8745 0.000691531
41.9366 0.000686407
41.9988 0.000681322
42.0609 0.000676275
42.123 0.000671266
42.1851 0.000666295
42.2473 0.000661361
42.3094 0.000656464
42.3715 0.000651604
42.4336 0.000646781
42.4958 0.000641994
42.5579 0.000637243
42.62 0.000632527
42.6821 0.000627848
42.7443 0.000623203
42.8064 0.000618593
42.8685 0.000614018
42.9306 0.000609477
42.9928 0.00060497
43.0549 0.000600497
43.117 0.000596058
43.1791 0.000591652
43.2413 0.000587279
43.3034 0.000582939
43.3655 0.000578632
43.4276 0.000574356
43.4898 0.000570113
43.5519 0.000565902
43.614 0.000561722
43.6761 0.000557574
43.7383 0.000553457
43.8004 0.00054937
43.8625 0.000545314
43.9246 0.000541289
43.9867 0.000537294
44.0489 0.000533329
44.111 0.000529393
44.1731 0.000525487
44.2352 0.00052161
44.2974 0.000517762
44.3595 0.000513943
44.4216 0.000510153
44.4837 0.000506391
44.5459 0.000502657
44.608 0.000498951
44.6701 0.000495273
44.7322 0.000491622
44.7944 0.000487998
44.8565 0.000484402
44.9186 0.000480833
44.9807 0.00047729
45.0429 0.000473774
45.105 0.000470284
45.1671 0.00046682
45.2292 0.000463382
45.2914 0.000459969
45.3535 0.000456582
45.4156 0.000453221
45.4777 0.000449884
45.5399 0.000446573
45.602 0.000443286
45.6641 0.000440024
45.7262 0.000436786
45.7884 0.000433572
45.8505 0.000430382
45.9126 0.000427216
45.9747 0.000424074
46.0369 0.000420955
46.099 0.000417859
46.1611 0.000414787
46.2232 0.000411737
46.2854 0.00040871
46.3475 0.000405706
46.4096 0.000402724
46.4717 0.000399764
46.5339 0.000396826
46.596 0.00039391
46.6581 0.000391016
46.7202 0.000388143
46.7824 0.000385292
46.8445 0.000382462
46.9066 0.000379653
46.9687 0.000376865
47.0309 0.000374098
47.093 0.000371351
47.1551 0.000368625
47.2172 0.000365919
47.2794 0.000363234
47.3415 0.000360568
47.4036 0.000357922
47.4657 0.000355295
47.5279 0.000352689
47.59 0.000350101
47.6521 0.000347533
47.7142 0.000344984
47.7763 0.000342454
47.8385 0.000339942
47.9006 0.00033745
47.9627 0.000334976
48.0248 0.00033252
48.087 0.000330082
48.1491 0.000327663
48.2112 0.000325261
48.2733 0.000322878
48.3355 0.000320512
48.3976 0.000318163
48.4597 0.000315832
48.5218 0.000313518
48.584 0.000311222
48.6461 0.000308942
48.7082 0.00030668
48.7703 0.000304434
48.8325 0.000302205
48.8946 0.000299992
48.9567 0.000297796
49.0188 0.000295616
49.081 0.000293452
49.1431 0.000291305
49.2052 0.000289173
49.2673 0.000287057
49.3295 0.000284957
49.3916 0.000282872
49.4537 0.000280802
49.5158 0.000278748
49.578 0.00027671
49.6401 0.000274686
49.7022 0.000272677
49.7643 0.000270683
49.8265 0.000268704
49.8886 0.00026674
49.9507 0.00026479
50.0128 0.000262854
50.075 0.000260933
50.1371 0.000259026
50.1992 0.000257133
50.2613 0.000255254
50.3235 0.000253389
50.3856 0.000251538
50.4477 0.000249701
50.5098 0.000247877
50.572 0.000246067
50.6341 0.000244269
50.6962 0.000242486
50.7583 0.000240715
50.8205 0.000238958
50.8826 0.000237213
50.9447 0.000235482
51.0068 0.000233763
51.069 0.000232057
51.1311 0.000230363
51.1932 0.000228682
51.2553 0.000227013
51.3174 0.000225357
51.3796 0.000223713
51.4417 0.000222081
51.5038 0.000220461
51.5659 0.000218853
51.6281 0.000217257
51.6902 0.000215673
51.7523 0.0002141
51.8144 0.000212539
51.8766 0.00021099
51.9387 0.000209451
52.0008 0.000207925
52.0629 0.000206409
52.1251 0.000204905
52.1872 0.000203412
52.2493 0.000201929
52.3114 0.000200458
52.3736 0.000198998
52.4357 0.000197548
52.4978 0.000196109
52.5599 0.00019468
52.6221 0.000193262
52.6842 0.000191855
52.7463 0.000190458
52.8084 0.000189071
52.8706 0.000187694
52.9327 0.000186328
52.9948 0.000184972
53.0569 0.000183625
53.1191 0.000182289
53.1812 0.000180962
53.2433 0.000179645
53.3054 0.000178338
53.3676 0.00017704
53.4297 0.000175752
53.4918 0.000174473
53.5539 0.000173204
53.6161 0.000171944
53.6782 0.000170694
53.7403 0.000169452
53.8024 0.00016822
53.8646 0.000166997
53.9267 0.000165783
53.9888 0.000164577
54.0509 0.000163381
54.1131 0.000162193
54.1752 0.000161014
54.2373 0.000159844
54.2994 0.000158682
54.3616 0.000157529
54.4237 0.000156384
54.4858 0.000155248
54.5479 0.00015412
54.6101 0.000153001
54.6722 0.000151889
54.7343 0.000150786
54.7964 0.000149691
54.8585 0.000148604
54.9207 0.000147524
54.9828 0.000146453
55.0449 0.00014539
55.107 0.000144334
55.1692 0.000143286
55.2313 0.000142246
55.2934 0.000141214
55.3555 0.000140189
55.4177 0.000139171
55.4798 0.000138161
55.5419 0.000137159
55.604 0.000136163
55.6662 0.000135175
55.7283 0.000134195
55.7904 0.000133221
55.8525 0.000132255
55.9147 0.000131296
55.9768 0.000130343
56.0389 0.000129398
56.101 0.00012846
56.1632 0.000127528
56.2253 0.000126604
56.2874 0.000125686
56.3495 0.000124774
56.4117 0.00012387
56.4738 0.000122972
56.5359 0.000122081
56.598 0.000121196
56.6602 0.000120318
56.7223 0.000119446
56.7844 0.00011858
56.8465 0.000117721
56.9087 0.000116868
56.9708 0.000116022
57.0329 0.000115181
57.095 0.000114347
57.1572 0.000113519
57.2193 0.000112696
57.2814 0.00011188
57.3435 0.00011107
57.4057 0.000110266
57.4678 0.000109468
57.5299 0.000108675
57.592 0.000107888
57.6542 0.000107107
57.7163 0.000106332
57.7784 0.000105562
57.8405 0.000104798
57.9027 0.00010404
57.9648 0.000103287
58.0269 0.00010254
58.089 0.000101798
58.1512 0.000101061
58.2133 0.00010033
58.2754 9.96044e-05
58.3375 9.88839e-05
58.3996 9.81687e-05
58.4618 9.74587e-05
58.5239 9.67539e-05
58.586 9.60543e-05
58.6481 9.53597e-05
58.7103 9.46702e-05
58.7724 9.39857e-05
58.8345 9.33063e-05
58.8966 9.26318e-05
58.9588 9.19622e-05
59.0209 9.12975e-05
59.083 9.06376e-05
59.1451 8.99826e-05
59.2073 8.93323e-05
59.2694 8.86868e-05
59.3315 8.8046e-05
59.3936 8.74098e-05
59.4558 8.67783e-05
59.5179 8.61514e-05
59.58 8.55291e-05
59.6421 8.49113e-05
59.7043 8.4298e-05
59.7664 8.36892e-05
59.8285 8.30848e-05
59.8906 8.24848e-05
59.9528 8.18892e-05
60.0149 8.12979e-05
60.077 8.0711e-05
60.1391 8.01283e-05
60.2013 7.95498e-05
60.2634 7.89756e-05
60.3255 7.84055e-05
60.3876 7.78396e-05
60.4498 7.72779e-05
60.5119 7.67202e-05
60.574 7.61665e-05
60.6361 7.56169e-05
60.6983 7.50713e-05
60.7604 7.45297e-05
60.8225 7.3992e-05
60.8846 7.34583e-05
60.9468 7.29284e-05
61.0089 7.24023e-05
61.071 7.18801e-05
61.1331 7.13617e-05
61.1953 7.08471e-05
61.2574 7.03362e-05
61.3195 6.9829e-05
61.3816 6.93255e-05
61.4438 6.88257e-05
61.5059 6.83295e-05
61.568 6.78369e-05
61.6301 6.73479e-05
61.6923 6.68625e-05
61.7544 6.63805e-05
61.8165 6.59021e-05
61.8786 6.54272e-05
61.9407 6.49557e-05
62.0029 6.44876e-05
