-7.42382 0.000136248
-7.40136 0.000139529
-7.37889 0.000142889
-7.35642 0.000146331
-7.33396 0.000149856
-7.31149 0.000153466
-7.28903 0.000157164
-7.26656 0.000160952
-7.2441 0.000164832
-7.22163 0.000168806
-7.19916 0.000172876
-7.1767 0.000177045
-7.15423 0.000181315
-7.13177 0.000185689
-7.1093 0.000190169
-7.08684 0.000194758
-7.06437 0.000199459
-7.04191 0.000204273
-7.01944 0.000209205
-6.99697 0.000214256
-6.97451 0.00021943
-6.95204 0.00022473
-6.92958 0.000230159
-6.90711 0.00023572
-6.88465 0.000241417
-6.86218 0.000247252
-6.83972 0.000253228
-6.81725 0.000259351
-6.79478 0.000265622
-6.77232 0.000272047
-6.74985 0.000278627
-6.72739 0.000285368
-6.70492 0.000292274
-6.68246 0.000299347
-6.65999 0.000306593
-6.63753 0.000314016
-6.61506 0.00032162
-6.59259 0.000329409
-6.57013 0.000337388
-6.54766 0.000345562
-6.5252 0.000353936
-6.50273 0.000362514
-6.48027 0.000371301
-6.4578 0.000380303
-6.43533 0.000389525
-6.41287 0.000398973
-6.3904 0.000408651
-6.36794 0.000418566
-6.34547 0.000428723
-6.32301 0.000439129
-6.30054 0.000449789
-6.27808 0.00046071
-6.25561 0.000471898
-6.23314 0.000483361
-6.21068 0.000495103
-6.18821 0.000507134
-6.16575 0.000519459
-6.14328 0.000532086
-6.12082 0.000545023
-6.09835 0.000558277
-6.07589 0.000571856
-6.05342 0.000585768
-6.03095 0.000600021
-6.00849 0.000614624
-5.98602 0.000629585
-5.96356 0.000644914
-5.94109 0.000660619
-5.91863 0.00067671
-5.89616 0.000693196
-5.8737 0.000710087
-5.85123 0.000727393
-5.82876 0.000745125
-5.8063 0.000763293
-5.78383 0.000781908
-5.76137 0.000800981
-5.7389 0.000820524
-5.71644 0.000840548
-5.69397 0.000861064
-5.6715 0.000882086
-5.64904 0.000903626
-5.62657 0.000925697
-5.60411 0.000948312
-5.58164 0.000971485
-5.55918 0.000995229
-5.53671 0.00101956
-5.51425 0.00104449
-5.49178 0.00107004
-5.46931 0.00109621
-5.44685 0.00112304
-5.42438 0.00115052
-5.40192 0.00117869
-5.37945 0.00120755
-5.35699 0.00123712
-5.33452 0.00126743
-5.31206 0.00129849
-5.28959 0.00133031
-5.26712 0.00136293
-5.24466 0.00139635
-5.22219 0.00143059
-5.19973 0.00146569
-5.17726 0.00150166
-5.1548 0.00153852
-5.13233 0.00157629
-5.10987 0.001615
-5.0874 0.00165467
-5.06493 0.00169533
-5.04247 0.001737
-5.02 0.0017797
-4.99754 0.00182346
-4.97507 0.00186831
-4.95261 0.00191427
-4.93014 0.00196138
-4.90768 0.00200966
-4.88521 0.00205914
-4.86274 0.00210985
-4.84028 0.00216183
-4.81781 0.0022151
-4.79535 0.0022697
-4.77288 0.00232566
-4.75042 0.00238301
-4.72795 0.0024418
-4.70548 0.00250205
-4.68302 0.00256381
-4.66055 0.00262711
-4.63809 0.00269199
-4.61562 0.00275849
-4.59316 0.00282666
-4.57069 0.00289653
-4.54823 0.00296814
-4.52576 0.00304155
-4.50329 0.0031168
-4.48083 0.00319393
-4.45836 0.003273
-4.4359 0.00335404
-4.41343 0.00343712
-4.39097 0.00352228
-4.3685 0.00360958
-4.34604 0.00369906
-4.32357 0.0037908
-4.3011 0.00388484
-4.27864 0.00398124
-4.25617 0.00408006
-4.23371 0.00418137
-4.21124 0.00428523
-4.18878 0.00439171
-4.16631 0.00450086
-4.14385 0.00461276
-4.12138 0.00472748
-4.09891 0.00484509
-4.07645 0.00496567
-4.05398 0.00508929
-4.03152 0.00521603
-4.00905 0.00534597
-3.98659 0.00547919
-3.96412 0.00561578
-3.94165 0.00575582
-3.91919 0.0058994
-3.89672 0.00604661
-3.87426 0.00619754
-3.85179 0.0063523
-3.82933 0.00651098
-3.80686 0.00667368
-3.7844 0.0068405
-3.76193 0.00701156
-3.73946 0.00718695
-3.717 0.00736679
-3.69453 0.00755121
-3.67207 0.0077403
-3.6496 0.0079342
-3.62714 0.00813303
-3.60467 0.00833692
-3.58221 0.008546
-3.55974 0.0087604
-3.53727 0.00898026
-3.51481 0.00920572
-3.49234 0.00943693
-3.46988 0.00967403
-3.44741 0.00991718
-3.42495 0.0101665
-3.40248 0.0104223
-3.38002 0.0106845
-3.35755 0.0109535
-3.33508 0.0112293
-3.31262 0.0115122
-3.29015 0.0118023
-3.26769 0.0120999
-3.24522 0.0124051
-3.22276 0.0127181
-3.20029 0.0130391
-3.17783 0.0133684
-3.15536 0.0137061
-3.13289 0.0140524
-3.11043 0.0144077
-3.08796 0.0147721
-3.0655 0.0151459
-3.04303 0.0155292
-3.02057 0.0159224
-2.9981 0.0163258
-2.97563 0.0167395
-2.95317 0.0171639
-2.9307 0.0175992
-2.90824 0.0180457
-2.88577 0.0185038
-2.86331 0.0189736
-2.84084 0.0194556
-2.81838 0.01995
-2.79591 0.0204572
-2.77344 0.0209775
-2.75098 0.0215112
-2.72851 0.0220588
-2.70605 0.0226205
-2.68358 0.0231967
-2.66112 0.0237878
-2.63865 0.0243942
-2.61619 0.0250163
-2.59372 0.0256545
-2.57125 0.0263093
-2.54879 0.026981
-2.52632 0.0276701
-2.50386 0.0283771
-2.48139 0.0291025
-2.45893 0.0298466
-2.43646 0.03061
-2.414 0.0313932
-2.39153 0.0321968
-2.36906 0.0330211
-2.3466 0.0338669
-2.32413 0.0347346
-2.30167 0.0356249
-2.2792 0.0365382
-2.25674 0.0374752
-2.23427 0.0384366
-2.2118 0.0394228
-2.18934 0.0404347
-2.16687 0.0414728
-2.14441 0.0425378
-2.12194 0.0436304
-2.09948 0.0447513
-2.07701 0.0459012
-2.05455 0.0470809
-2.03208 0.0482912
-2.00961 0.0495327
-1.98715 0.0508063
-1.96468 0.0521129
-1.94222 0.0534531
-1.91975 0.0548279
-1.89729 0.0562381
-1.87482 0.0576846
-1.85236 0.0591684
-1.82989 0.0606902
-1.80742 0.062251
-1.78496 0.0638518
-1.76249 0.0654935
-1.74003 0.0671772
-1.71756 0.0689037
-1.6951 0.0706742
-1.67263 0.0724896
-1.65017 0.0743509
-1.6277 0.0762593
-1.60523 0.0782158
-1.58277 0.0802214
-1.5603 0.0822772
-1.53784 0.0843844
-1.51537 0.0865439
-1.49291 0.088757
-1.47044 0.0910247
-1.44798 0.0933482
-1.42551 0.0957284
-1.40304 0.0981666
-1.38058 0.100664
-1.35811 0.103221
-1.33565 0.105839
-1.31318 0.10852
-1.29072 0.111264
-1.26825 0.114072
-1.24578 0.116945
-1.22332 0.119884
-1.20085 0.12289
-1.17839 0.125964
-1.15592 0.129106
-1.13346 0.132317
-1.11099 0.135597
-1.08853 0.138948
-1.06606 0.14237
-1.04359 0.145862
-1.02113 0.149425
-0.998663 0.153058
-0.976198 0.156763
-0.953732 0.160538
-0.931267 0.164382
-0.908801 0.168296
-0.886335 0.172277
-0.86387 0.176326
-0.841404 0.180439
-0.818939 0.184616
-0.796473 0.188854
-0.774007 0.193151
-0.751542 0.197504
-0.729076 0.201909
-0.706611 0.206364
-0.684145 0.210863
-0.66168 0.215403
-0.639214 0.219978
-0.616748 0.224582
-0.594283 0.22921
-0.571817 0.233855
-0.549352 0.23851
-0.526886 0.243167
-0.50442 0.247817
-0.481955 0.252452
-0.459489 0.257062
-0.437024 0.261637
-0.414558 0.266166
-0.392093 0.270639
-0.369627 0.275044
-0.347161 0.279369
-0.324696 0.283602
-0.30223 0.28773
-0.279765 0.291741
-0.257299 0.295621
-0.234833 0.299359
-0.212368 0.302941
-0.189902 0.306356
-0.167437 0.309591
-0.144971 0.312636
-0.122506 0.315478
-0.10004 0.318109
-0.0775743 0.32052
-0.0551088 0.322701
-0.0326432 0.324647
-0.0101776 0.326351
0.012288 0.327809
0.0347536 0.329017
0.0572192 0.329973
0.0796848 0.330677
0.10215 0.331129
0.124616 0.331331
0.147082 0.331286
0.169547 0.330999
0.192013 0.330475
0.214478 0.329719
0.236944 0.328741
0.259409 0.327546
0.281875 0.326145
0.304341 0.324546
0.326806 0.322759
0.349272 0.320795
0.371737 0.318663
0.394203 0.316374
0.416669 0.313939
0.439134 0.311368
0.4616 0.308671
0.484065 0.305859
0.506531 0.302942
0.528996 0.299929
0.551462 0.29683
0.573928 0.293655
0.596393 0.29041
0.618859 0.287106
0.641324 0.28375
0.66379 0.280349
0.686256 0.276911
0.708721 0.273442
0.731187 0.269948
0.753652 0.266436
0.776118 0.262911
0.798583 0.259377
0.821049 0.255841
0.843515 0.252305
0.86598 0.248775
0.888446 0.245254
0.910911 0.241745
0.933377 0.238252
0.955843 0.234777
0.978308 0.231323
1.00077 0.227893
1.02324 0.224489
1.0457 0.221112
1.06817 0.217764
1.09064 0.214448
1.1131 0.211164
1.13557 0.207913
1.15803 0.204697
1.1805 0.201517
1.20296 0.198373
1.22543 0.195267
1.2479 0.192198
1.27036 0.189168
1.29283 0.186176
1.31529 0.183223
1.33776 0.18031
1.36022 0.177436
1.38269 0.174601
1.40515 0.171806
1.42762 0.169051
1.45009 0.166335
1.47255 0.163659
1.49502 0.161022
1.51748 0.158424
1.53995 0.155864
1.56241 0.153344
1.58488 0.150862
1.60734 0.148418
1.62981 0.146011
1.65228 0.143642
1.67474 0.14131
1.69721 0.139015
1.71967 0.136756
1.74214 0.134532
1.7646 0.132344
1.78707 0.130192
1.80953 0.128073
1.832 0.125989
1.85447 0.123939
1.87693 0.121922
1.8994 0.119937
1.92186 0.117985
1.94433 0.116065
1.96679 0.114176
1.98926 0.112319
2.01173 0.110492
2.03419 0.108694
2.05666 0.106927
2.07912 0.105189
2.10159 0.103479
2.12405 0.101798
2.14652 0.100145
2.16898 0.098519
2.19145 0.0969201
2.21392 0.0953478
2.23638 0.0938016
2.25885 0.0922811
2.28131 0.090786
2.30378 0.0893157
2.32624 0.0878699
2.34871 0.0864483
2.37117 0.0850503
2.39364 0.0836756
2.41611 0.0823238
2.43857 0.0809946
2.46104 0.0796875
2.4835 0.0784022
2.50597 0.0771383
2.52843 0.0758955
2.5509 0.0746734
2.57336 0.0734717
2.59583 0.07229
2.6183 0.071128
2.64076 0.0699853
2.66323 0.0688616
2.68569 0.0677566
2.70816 0.06667
2.73062 0.0656015
2.75309 0.0645507
2.77555 0.0635174
2.79802 0.0625012
2.82049 0.0615019
2.84295 0.0605191
2.86542 0.0595527
2.88788 0.0586022
2.91035 0.0576676
2.93281 0.0567483
2.95528 0.0558443
2.97775 0.0549552
3.00021 0.0540808
3.02268 0.0532209
3.04514 0.0523751
3.06761 0.0515433
3.09007 0.0507252
3.11254 0.0499206
3.135 0.0491292
3.15747 0.0483508
3.17994 0.0475852
3.2024 0.0468322
3.22487 0.0460916
3.24733 0.0453631
3.2698 0.0446466
3.29226 0.0439418
3.31473 0.0432485
3.33719 0.0425666
3.35966 0.0418958
3.38213 0.041236
3.40459 0.040587
3.42706 0.0399485
3.44952 0.0393205
3.47199 0.0387027
3.49445 0.0380949
3.51692 0.0374971
3.53938 0.0369089
3.56185 0.0363303
3.58432 0.0357612
3.60678 0.0352012
3.62925 0.0346503
3.65171 0.0341084
3.67418 0.0335752
3.69664 0.0330507
3.71911 0.0325346
3.74158 0.0320269
3.76404 0.0315273
3.78651 0.0310359
3.80897 0.0305523
3.83144 0.0300766
3.8539 0.0296085
3.87637 0.0291479
3.89883 0.0286948
3.9213 0.0282489
3.94377 0.0278102
3.96623 0.0273785
3.9887 0.0269538
4.01116 0.0265358
4.03363 0.0261246
4.05609 0.0257199
4.07856 0.0253217
4.10102 0.0249299
4.12349 0.0245443
4.14596 0.0241649
4.16842 0.0237915
4.19089 0.0234241
4.21335 0.0230626
4.23582 0.0227068
4.25828 0.0223566
4.28075 0.022012
4.30321 0.0216729
4.32568 0.0213392
4.34815 0.0210108
4.37061 0.0206876
4.39308 0.0203695
4.41554 0.0200565
4.43801 0.0197484
4.46047 0.0194452
4.48294 0.0191467
4.5054 0.018853
4.52787 0.0185639
4.55034 0.0182794
4.5728 0.0179994
4.59527 0.0177238
4.61773 0.0174525
4.6402 0.0171855
4.66266 0.0169227
4.68513 0.0166641
4.7076 0.0164095
4.73006 0.0161589
4.75253 0.0159122
4.77499 0.0156694
4.79746 0.0154304
4.81992 0.0151952
4.84239 0.0149636
4.86485 0.0147357
4.88732 0.0145113
4.90979 0.0142905
4.93225 0.0140731
4.95472 0.0138591
4.97718 0.0136484
4.99965 0.013441
5.02211 0.0132369
5.04458 0.0130359
5.06704 0.0128381
5.08951 0.0126433
5.11198 0.0124516
5.13444 0.0122628
5.15691 0.012077
5.17937 0.0118941
5.20184 0.011714
5.2243 0.0115367
5.24677 0.0113622
5.26923 0.0111904
5.2917 0.0110212
5.31417 0.0108546
5.33663 0.0106907
5.3591 0.0105292
5.38156 0.0103703
5.40403 0.0102138
5.42649 0.0100597
5.44896 0.00990805
5.47143 0.00975871
5.49389 0.00961167
5.51636 0.0094669
5.53882 0.00932436
5.56129 0.00918401
5.58375 0.00904583
5.60622 0.00890977
5.62868 0.0087758
5.65115 0.0086439
5.67362 0.00851402
5.69608 0.00838614
5.71855 0.00826022
5.74101 0.00813624
5.76348 0.00801416
5.78594 0.00789394
5.80841 0.00777558
5.83087 0.00765902
5.85334 0.00754425
5.87581 0.00743124
5.89827 0.00731995
5.92074 0.00721037
5.9432 0.00710247
5.96567 0.00699621
5.98813 0.00689157
6.0106 0.00678854
6.03306 0.00668707
6.05553 0.00658716
6.078 0.00648877
6.10046 0.00639187
6.12293 0.00629646
6.14539 0.00620249
6.16786 0.00610996
6.19032 0.00601884
6.21279 0.0059291
6.23526 0.00584072
6.25772 0.00575369
6.28019 0.00566799
6.30265 0.00558358
6.32512 0.00550046
6.34758 0.00541859
6.37005 0.00533797
6.39251 0.00525857
6.41498 0.00518038
6.43745 0.00510337
6.45991 0.00502752
6.48238 0.00495283
6.50484 0.00487926
6.52731 0.00480681
6.54977 0.00473545
6.57224 0.00466518
6.5947 0.00459596
6.61717 0.00452779
6.63964 0.00446065
6.6621 0.00439453
6.68457 0.0043294
6.70703 0.00426525
6.7295 0.00420208
6.75196 0.00413985
6.77443 0.00407856
6.79689 0.0040182
6.81936 0.00395874
6.84183 0.00390018
6.86429 0.0038425
6.88676 0.00378569
6.90922 0.00372973
6.93169 0.00367462
6.95415 0.00362033
6.97662 0.00356686
6.99908 0.00351419
7.02155 0.00346231
7.04402 0.00341121
7.06648 0.00336088
7.08895 0.0033113
7.11141 0.00326247
7.13388 0.00321437
7.15634 0.00316699
7.17881 0.00312031
7.20128 0.00307434
7.22374 0.00302906
7.24621 0.00298445
7.26867 0.00294051
7.29114 0.00289723
7.3136 0.0028546
7.33607 0.0028126
7.35853 0.00277123
7.381 0.00273048
7.40347 0.00269033
7.42593 0.00265079
7.4484 0.00261183
7.47086 0.00257346
7.49333 0.00253566
7.51579 0.00249842
7.53826 0.00246174
7.56072 0.00242561
7.58319 0.00239001
7.60566 0.00235495
7.62812 0.0023204
7.65059 0.00228637
7.67305 0.00225285
7.69552 0.00221982
7.71798 0.00218729
7.74045 0.00215524
7.76291 0.00212367
7.78538 0.00209256
7.80785 0.00206192
7.83031 0.00203173
7.85278 0.00200199
7.87524 0.0019727
7.89771 0.00194383
7.92017 0.0019154
7.94264 0.00188739
7.96511 0.00185979
7.98757 0.0018326
8.01004 0.00180582
8.0325 0.00177943
8.05497 0.00175343
8.07743 0.00172782
8.0999 0.00170258
8.12236 0.00167772
8.14483 0.00165323
8.1673 0.0016291
8.18976 0.00160533
8.21223 0.00158191
8.23469 0.00155883
8.25716 0.0015361
8.27962 0.0015137
8.30209 0.00149164
8.32455 0.00146989
8.34702 0.00144847
8.36949 0.00142737
8.39195 0.00140658
8.41442 0.00138609
8.43688 0.00136591
8.45935 0.00134602
8.48181 0.00132643
8.50428 0.00130712
8.52674 0.0012881
8.54921 0.00126936
8.57168 0.0012509
8.59414 0.00123271
8.61661 0.00121479
8.63907 0.00119713
8.66154 0.00117973
8.684 0.00116258
8.70647 0.00114569
8.72893 0.00112905
8.7514 0.00111265
8.77387 0.00109649
8.79633 0.00108057
8.8188 0.00106488
8.84126 0.00104943
8.86373 0.0010342
8.88619 0.00101919
8.90866 0.00100441
8.93113 0.000989837
8.95359 0.000975483
8.97606 0.000961339
8.99852 0.000947402
9.02099 0.00093367
9.04345 0.000920139
9.06592 0.000906807
9.08838 0.000893669
9.11085 0.000880725
9.13332 0.00086797
9.15578 0.000855401
9.17825 0.000843017
9.20071 0.000830814
9.22318 0.00081879
9.24564 0.000806941
9.26811 0.000795266
9.29057 0.000783762
9.31304 0.000772425
9.33551 0.000761255
9.35797 0.000750248
9.38044 0.000739402
9.4029 0.000728714
9.42537 0.000718182
9.44783 0.000707804
9.4703 0.000697578
9.49276 0.000687501
9.51523 0.000677571
9.5377 0.000667786
9.56016 0.000658144
9.58263 0.000648643
9.60509 0.00063928
9.62756 0.000630054
9.65002 0.000620962
9.67249 0.000612002
9.69496 0.000603174
9.71742 0.000594474
9.73989 0.0005859
9.76235 0.000577452
9.78482 0.000569127
9.80728 0.000560922
9.82975 0.000552838
9.85221 0.000544871
9.87468 0.00053702
9.89715 0.000529283
9.91961 0.000521659
9.94208 0.000514145
9.96454 0.000506741
9.98701 0.000499445
10.0095 0.000492254
10.0319 0.000485169
10.0544 0.000478186
10.0769 0.000471304
10.0993 0.000464523
10.1218 0.00045784
10.1443 0.000451254
10.1667 0.000444764
10.1892 0.000438368
10.2117 0.000432065
10.2341 0.000425853
10.2566 0.000419731
10.2791 0.000413699
10.3015 0.000407753
10.324 0.000401894
10.3465 0.00039612
10.3689 0.00039043
10.3914 0.000384822
10.4139 0.000379296
10.4363 0.000373849
10.4588 0.000368482
10.4813 0.000363192
10.5037 0.000357979
10.5262 0.000352841
10.5486 0.000347777
10.5711 0.000342787
10.5936 0.00033787
10.616 0.000333023
10.6385 0.000328247
10.661 0.000323539
10.6834 0.0003189
10.7059 0.000314328
10.7284 0.000309822
10.7508 0.000305381
10.7733 0.000301004
10.7958 0.000296691
10.8182 0.000292439
10.8407 0.00028825
10.8632 0.000284121
10.8856 0.000280051
10.9081 0.00027604
10.9306 0.000272088
10.953 0.000268192
10.9755 0.000264352
10.998 0.000260568
11.0204 0.000256839
11.0429 0.000253163
11.0654 0.000249541
11.0878 0.00024597
11.1103 0.000242451
11.1328 0.000238983
11.1552 0.000235565
11.1777 0.000232196
11.2001 0.000228876
11.2226 0.000225604
11.2451 0.000222379
11.2675 0.0002192
11.29 0.000216067
11.3125 0.000212979
11.3349 0.000209936
11.3574 0.000206936
11.3799 0.00020398
11.4023 0.000201066
11.4248 0.000198194
11.4473 0.000195364
11.4697 0.000192574
11.4922 0.000189824
11.5147 0.000187114
11.5371 0.000184443
11.5596 0.000181811
11.5821 0.000179216
11.6045 0.000176658
11.627 0.000174138
11.6495 0.000171653
11.6719 0.000169205
11.6944 0.000166791
11.7169 0.000164412
11.7393 0.000162067
11.7618 0.000159756
11.7843 0.000157479
11.8067 0.000155234
11.8292 0.000153021
11.8517 0.00015084
11.8741 0.00014869
11.8966 0.000146571
11.919 0.000144482
11.9415 0.000142424
11.964 0.000140395
11.9864 0.000138395
12.0089 0.000136424
12.0314 0.000134481
12.0538 0.000132566
12.0763 0.000130678
12.0988 0.000128818
12.1212 0.000126984
12.1437 0.000125177
12.1662 0.000123395
12.1886 0.000121639
12.2111 0.000119908
12.2336 0.000118202
12.256 0.00011652
12.2785 0.000114862
12.301 0.000113229
12.3234 0.000111618
12.3459 0.000110031
12.3684 0.000108466
12.3908 0.000106924
12.4133 0.000105404
12.4358 0.000103905
12.4582 0.000102428
12.4807 0.000100972
12.5032 9.95374e-05
12.5256 9.81229e-05
12.5481 9.67286e-05
12.5706 9.53543e-05
12.593 9.39996e-05
12.6155 9.26644e-05
12.6379 9.13482e-05
12.6604 9.00508e-05
12.6829 8.87719e-05
12.7053 8.75114e-05
12.7278 8.62689e-05
12.7503 8.50441e-05
12.7727 8.38368e-05
12.7952 8.26468e-05
12.8177 8.14737e-05
12.8401 8.03174e-05
12.8626 7.91777e-05
12.8851 7.80542e-05
12.9075 7.69467e-05
12.93 7.58551e-05
12.9525 7.4779e-05
12.9749 7.37184e-05
12.9974 7.26728e-05
13.0199 7.16422e-05
13.0423 7.06262e-05
13.0648 6.96248e-05
13.0873 6.86377e-05
13.1097 6.76646e-05
13.1322 6.67054e-05
13.1547 6.57599e-05
13.1771 6.48279e-05
13.1996 6.39092e-05
13.2221 6.30035e-05
13.2445 6.21108e-05
13.267 6.12308e-05
13.2894 6.03634e-05
13.3119 5.95083e-05
13.3344 5.86654e-05
13.3568 5.78345e-05
13.3793 5.70154e-05
13.4018 5.6208e-05
13.4242 5.54122e-05
13.4467 5.46276e-05
13.4692 5.38542e-05
13.4916 5.30919e-05
13.5141 5.23403e-05
13.5366 5.15995e-05
13.559 5.08693e-05
13.5815 5.01494e-05
13.604 4.94398e-05
13.6264 4.87402e-05
13.6489 4.80507e-05
13.6714 4.73709e-05
13.6938 4.67008e-05
13.7163 4.60403e-05
13.7388 4.53891e-05
13.7612 4.47472e-05
13.7837 4.41144e-05
13.8062 4.34907e-05
13.8286 4.28758e-05
13.8511 4.22696e-05
13.8736 4.16721e-05
13.896 4.1083e-05
13.9185 4.05023e-05
13.941 3.99299e-05
13.9634 3.93656e-05
13.9859 3.88093e-05
14.0083 3.8261e-05
14.0308 3.77204e-05
14.0533 3.71875e-05
14.0757 3.66622e-05
14.0982 3.61443e-05
14.1207 3.56338e-05
14.1431 3.51305e-05
14.1656 3.46344e-05
14.1881 3.41453e-05
14.2105 3.36632e-05
14.233 3.31879e-05
14.2555 3.27194e-05
14.2779 3.22575e-05
14.3004 3.18021e-05
14.3229 3.13533e-05
14.3453 3.09108e-05
14.3678 3.04745e-05
14.3903 3.00445e-05
14.4127 2.96206e-05
14.4352 2.92026e-05
14.4577 2.87906e-05
14.4801 2.83845e-05
14.5026 2.79841e-05
14.5251 2.75894e-05
14.5475 2.72002e-05
14.57 2.68166e-05
14.5925 2.64385e-05
14.6149 2.60656e-05
14.6374 2.56981e-05
14.6598 2.53358e-05
14.6823 2.49786e-05
14.7048 2.46265e-05
14.7272 2.42794e-05
14.7497 2.39371e-05
14.7722 2.35998e-05
14.7946 2.32672e-05
14.8171 2.29393e-05
14.8396 2.26161e-05
14.862 2.22974e-05
14.8845 2.19832e-05
14.907 2.16735e-05
14.9294 2.13682e-05
14.9519 2.10672e-05
14.9744 2.07705e-05
14.9968 2.0478e-05
15.0193 2.01896e-05
