-2.1209 0.0034155
-2.11438 0.00347989
-2.10787 0.00354547
-2.10135 0.00361229
-2.09484 0.00368035
-2.08832 0.00374968
-2.0818 0.00382031
-2.07529 0.00389226
-2.06877 0.00396556
-2.06226 0.00404022
-2.05574 0.00411627
-2.04923 0.00419375
-2.04271 0.00427267
-2.03619 0.00435306
-2.02968 0.00443495
-2.02316 0.00451837
-2.01665 0.00460334
-2.01013 0.0046899
-2.00362 0.00477807
-1.9971 0.00486788
-1.99058 0.00495936
-1.98407 0.00505254
-1.97755 0.00514746
-1.97104 0.00524414
-1.96452 0.00534262
-1.95801 0.00544292
-1.95149 0.0055451
-1.94497 0.00564917
-1.93846 0.00575517
-1.93194 0.00586314
-1.92543 0.00597311
-1.91891 0.00608512
-1.9124 0.0061992
-1.90588 0.00631541
-1.89936 0.00643376
-1.89285 0.0065543
-1.88633 0.00667708
-1.87982 0.00680213
-1.8733 0.00692949
-1.86678 0.0070592
-1.86027 0.00719132
-1.85375 0.00732587
-1.84724 0.00746291
-1.84072 0.00760248
-1.83421 0.00774462
-1.82769 0.00788938
-1.82117 0.00803681
-1.81466 0.00818696
-1.80814 0.00833987
-1.80163 0.0084956
-1.79511 0.0086542
-1.7886 0.00881571
-1.78208 0.00898019
-1.77556 0.00914769
-1.76905 0.00931826
-1.76253 0.00949197
-1.75602 0.00966887
-1.7495 0.00984901
-1.74299 0.0100324
-1.73647 0.0102192
-1.72995 0.0104095
-1.72344 0.0106032
-1.71692 0.0108004
-1.71041 0.0110013
-1.70389 0.0112058
-1.69737 0.011414
-1.69086 0.0116261
-1.68434 0.011842
-1.67783 0.0120618
-1.67131 0.0122857
-1.6648 0.0125136
-1.65828 0.0127457
-1.65176 0.012982
-1.64525 0.0132226
-1.63873 0.0134675
-1.63222 0.0137169
-1.6257 0.0139709
-1.61919 0.0142294
-1.61267 0.0144926
-1.60615 0.0147605
-1.59964 0.0150334
-1.59312 0.0153111
-1.58661 0.0155938
-1.58009 0.0158817
-1.57358 0.0161747
-1.56706 0.0164731
-1.56054 0.0167767
-1.55403 0.0170859
-1.54751 0.0174006
-1.541 0.0177209
-1.53448 0.0180471
-1.52796 0.018379
-1.52145 0.0187169
-1.51493 0.0190608
-1.50842 0.0194109
-1.5019 0.0197673
-1.49539 0.02013
-1.48887 0.0204991
-1.48235 0.0208749
-1.47584 0.0212573
-1.46932 0.0216465
-1.46281 0.0220427
-1.45629 0.0224458
-1.44978 0.0228561
-1.44326 0.0232737
-1.43674 0.0236987
-1.43023 0.0241312
-1.42371 0.0245713
-1.4172 0.0250191
-1.41068 0.0254749
-1.40417 0.0259387
-1.39765 0.0264106
-1.39113 0.0268908
-1.38462 0.0273794
-1.3781 0.0278766
-1.37159 0.0283825
-1.36507 0.0288972
-1.35856 0.0294209
-1.35204 0.0299537
-1.34552 0.0304957
-1.33901 0.0310472
-1.33249 0.0316083
-1.32598 0.0321791
-1.31946 0.0327598
-1.31294 0.0333505
-1.30643 0.0339514
-1.29991 0.0345626
-1.2934 0.0351844
-1.28688 0.0358168
-1.28037 0.0364601
-1.27385 0.0371144
-1.26733 0.0377799
-1.26082 0.0384568
-1.2543 0.0391451
-1.24779 0.0398452
-1.24127 0.0405572
-1.23476 0.0412813
-1.22824 0.0420176
-1.22172 0.0427664
-1.21521 0.0435278
-1.20869 0.044302
-1.20218 0.0450892
-1.19566 0.0458896
-1.18915 0.0467034
-1.18263 0.0475308
-1.17611 0.048372
-1.1696 0.0492272
-1.16308 0.0500966
-1.15657 0.0509803
-1.15005 0.0518787
-1.14353 0.0527919
-1.13702 0.0537202
-1.1305 0.0546637
-1.12399 0.0556226
-1.11747 0.0565972
-1.11096 0.0575877
-1.10444 0.0585943
-1.09792 0.0596172
-1.09141 0.0606567
-1.08489 0.0617129
-1.07838 0.0627862
-1.07186 0.0638767
-1.06535 0.0649846
-1.05883 0.0661102
-1.05231 0.0672538
-1.0458 0.0684155
-1.03928 0.0695955
-1.03277 0.0707942
-1.02625 0.0720118
-1.01974 0.0732484
-1.01322 0.0745044
-1.0067 0.0757799
-1.00019 0.0770752
-0.993672 0.0783906
-0.987156 0.0797263
-0.980641 0.0810825
-0.974125 0.0824595
-0.967609 0.0838574
-0.961093 0.0852767
-0.954578 0.0867174
-0.948062 0.0881798
-0.941546 0.0896642
-0.93503 0.0911708
-0.928515 0.0926999
-0.921999 0.0942517
-0.915483 0.0958264
-0.908967 0.0974242
-0.902452 0.0990455
-0.895936 0.10069
-0.88942 0.102359
-0.882904 0.104052
-0.876388 0.105769
-0.869873 0.107511
-0.863357 0.109277
-0.856841 0.111069
-0.850325 0.112886
-0.84381 0.114728
-0.837294 0.116596
-0.830778 0.118489
-0.824262 0.120409
-0.817747 0.122355
-0.811231 0.124328
-0.804715 0.126327
-0.798199 0.128353
-0.791684 0.130406
-0.785168 0.132486
-0.778652 0.134594
-0.772136 0.136729
-0.76562 0.138892
-0.759105 0.141082
-0.752589 0.143301
-0.746073 0.145548
-0.739557 0.147823
-0.733042 0.150127
-0.726526 0.152459
-0.72001 0.15482
-0.713494 0.15721
-0.706979 0.159628
-0.700463 0.162075
-0.693947 0.164552
-0.687431 0.167057
-0.680916 0.169592
-0.6744 0.172155
-0.667884 0.174748
-0.661368 0.17737
-0.654852 0.180022
-0.648337 0.182702
-0.641821 0.185412
-0.635305 0.188151
-0.628789 0.190919
-0.622274 0.193716
-0.615758 0.196541
-0.609242 0.199396
-0.602726 0.20228
-0.596211 0.205192
-0.589695 0.208133
-0.583179 0.211102
-0.576663 0.214099
-0.570148 0.217124
-0.563632 0.220177
-0.557116 0.223257
-0.5506 0.226365
-0.544084 0.2295
-0.537569 0.232661
-0.531053 0.235849
-0.524537 0.239063
-0.518021 0.242303
-0.511506 0.245568
-0.50499 0.248858
-0.498474 0.252173
-0.491958 0.255512
-0.485443 0.258875
-0.478927 0.262261
-0.472411 0.265669
-0.465895 0.2691
-0.45938 0.272552
-0.452864 0.276025
-0.446348 0.279519
-0.439832 0.283033
-0.433316 0.286566
-0.426801 0.290117
-0.420285 0.293686
-0.413769 0.297273
-0.407253 0.300875
-0.400738 0.304493
-0.394222 0.308126
-0.387706 0.311773
-0.38119 0.315433
-0.374675 0.319105
-0.368159 0.322789
-0.361643 0.326483
-0.355127 0.330186
-0.348612 0.333898
-0.342096 0.337618
-0.33558 0.341344
-0.329064 0.345075
-0.322548 0.348811
-0.316033 0.35255
-0.309517 0.356291
-0.303001 0.360033
-0.296485 0.363775
-0.28997 0.367516
-0.283454 0.371255
-0.276938 0.37499
-0.270422 0.37872
-0.263907 0.382444
-0.257391 0.38616
-0.250875 0.389868
-0.244359 0.393566
-0.237844 0.397252
-0.231328 0.400927
-0.224812 0.404587
-0.218296 0.408232
-0.21178 0.41186
-0.205265 0.41547
-0.198749 0.419061
-0.192233 0.422632
-0.185717 0.42618
-0.179202 0.429705
-0.172686 0.433205
-0.16617 0.436679
-0.159654 0.440126
-0.153139 0.443543
-0.146623 0.44693
-0.140107 0.450286
-0.133591 0.453608
-0.127076 0.456896
-0.12056 0.460148
-0.114044 0.463363
-0.107528 0.466539
-0.101012 0.469676
-0.0944967 0.472771
-0.0879809 0.475825
-0.0814652 0.478834
-0.0749494 0.481799
-0.0684336 0.484717
-0.0619179 0.487589
-0.0554021 0.490411
-0.0488863 0.493184
-0.0423706 0.495906
-0.0358548 0.498577
-0.029339 0.501194
-0.0228233 0.503757
-0.0163075 0.506265
-0.00979174 0.508716
-0.00327598 0.511111
0.00323979 0.513448
0.00975555 0.515726
0.0162713 0.517944
0.0227871 0.520101
0.0293028 0.522197
0.0358186 0.524231
0.0423344 0.526202
0.0488501 0.52811
0.0553659 0.529953
0.0618817 0.531732
0.0683974 0.533445
0.0749132 0.535092
0.081429 0.536673
0.0879447 0.538188
0.0944605 0.539635
0.100976 0.541015
0.107492 0.542327
0.114008 0.54357
0.120524 0.544746
0.127039 0.545853
0.133555 0.546892
0.140071 0.547861
0.146587 0.548762
0.153102 0.549595
0.159618 0.550358
0.166134 0.551053
0.17265 0.551679
0.179165 0.552237
0.185681 0.552726
0.192197 0.553147
0.198713 0.553501
0.205228 0.553787
0.211744 0.554005
0.21826 0.554157
0.224776 0.554242
0.231292 0.554262
0.237807 0.554216
0.244323 0.554104
0.250839 0.553928
0.257355 0.553688
0.26387 0.553385
0.270386 0.553019
0.276902 0.55259
0.283418 0.5521
0.289933 0.551549
0.296449 0.550938
0.302965 0.550268
0.309481 0.549539
0.315997 0.548751
0.322512 0.547907
0.329028 0.547007
0.335544 0.546051
0.34206 0.54504
0.348575 0.543975
0.355091 0.542858
0.361607 0.541688
0.368123 0.540467
0.374638 0.539196
0.381154 0.537875
0.38767 0.536507
0.394186 0.53509
0.400701 0.533627
0.407217 0.532118
0.413733 0.530565
0.420249 0.528968
0.426765 0.527328
0.43328 0.525647
0.439796 0.523924
0.446312 0.522162
0.452828 0.52036
0.459343 0.518521
0.465859 0.516645
0.472375 0.514733
0.478891 0.512785
0.485406 0.510804
0.491922 0.508789
0.498438 0.506742
0.504954 0.504664
0.511469 0.502556
0.517985 0.500418
0.524501 0.498251
0.531017 0.496057
0.537533 0.493837
0.544048 0.49159
0.550564 0.489319
0.55708 0.487024
0.563596 0.484706
0.570111 0.482365
0.576627 0.480004
0.583143 0.477621
0.589659 0.475219
0.596174 0.472798
0.60269 0.47036
0.609206 0.467903
0.615722 0.465431
0.622237 0.462943
0.628753 0.46044
0.635269 0.457923
0.641785 0.455393
0.648301 0.45285
0.654816 0.450295
0.661332 0.447729
0.667848 0.445152
0.674364 0.442566
0.680879 0.439971
0.687395 0.437367
0.693911 0.434756
0.700427 0.432137
0.706942 0.429512
0.713458 0.426881
0.719974 0.424245
0.72649 0.421605
0.733005 0.41896
0.739521 0.416311
0.746037 0.41366
0.752553 0.411006
0.759069 0.408351
0.765584 0.405694
0.7721 0.403036
0.778616 0.400378
0.785132 0.39772
0.791647 0.395063
0.798163 0.392406
0.804679 0.389752
0.811195 0.387099
0.81771 0.384449
0.824226 0.381801
0.830742 0.379157
0.837258 0.376517
0.843773 0.37388
0.850289 0.371248
0.856805 0.368621
0.863321 0.365998
0.869837 0.363382
0.876352 0.360771
0.882868 0.358166
0.889384 0.355568
0.8959 0.352976
0.902415 0.350392
0.908931 0.347815
0.915447 0.345245
0.921963 0.342684
0.928478 0.340131
0.934994 0.337586
0.94151 0.33505
0.948026 0.332522
0.954541 0.330004
0.961057 0.327495
0.967573 0.324996
0.974089 0.322507
0.980605 0.320028
0.98712 0.317558
0.993636 0.3151
1.00015 0.312651
1.00667 0.310214
1.01318 0.307787
1.0197 0.305372
1.02621 0.302967
1.03273 0.300574
1.03925 0.298193
1.04576 0.295823
1.05228 0.293465
1.05879 0.291118
1.06531 0.288784
1.07183 0.286462
1.07834 0.284152
1.08486 0.281854
1.09137 0.279568
1.09789 0.277295
1.1044 0.275035
1.11092 0.272787
1.11744 0.270552
1.12395 0.26833
1.13047 0.266121
1.13698 0.263924
1.1435 0.26174
1.15001 0.25957
1.15653 0.257412
1.16305 0.255268
1.16956 0.253137
1.17608 0.251018
1.18259 0.248914
1.18911 0.246822
1.19562 0.244743
1.20214 0.242678
1.20866 0.240626
1.21517 0.238588
1.22169 0.236563
1.2282 0.234551
1.23472 0.232552
1.24124 0.230567
1.24775 0.228595
1.25427 0.226637
1.26078 0.224692
1.2673 0.22276
1.27381 0.220841
1.28033 0.218936
1.28685 0.217044
1.29336 0.215165
1.29988 0.2133
1.30639 0.211448
1.31291 0.209609
1.31942 0.207783
1.32594 0.20597
1.33246 0.204171
1.33897 0.202385
1.34549 0.200611
1.352 0.198851
1.35852 0.197104
1.36503 0.195369
1.37155 0.193648
1.37807 0.191939
1.38458 0.190244
1.3911 0.188561
1.39761 0.186891
1.40413 0.185233
1.41065 0.183588
1.41716 0.181956
1.42368 0.180337
1.43019 0.17873
1.43671 0.177135
1.44322 0.175553
1.44974 0.173983
1.45626 0.172425
1.46277 0.17088
1.46929 0.169347
1.4758 0.167825
1.48232 0.166316
1.48883 0.164819
1.49535 0.163334
1.50187 0.161861
1.50838 0.1604
1.5149 0.15895
1.52141 0.157513
1.52793 0.156086
1.53444 0.154672
1.54096 0.153269
1.54748 0.151877
1.55399 0.150497
1.56051 0.149128
1.56702 0.14777
1.57354 0.146424
1.58005 0.145089
1.58657 0.143765
1.59309 0.142451
1.5996 0.141149
1.60612 0.139858
1.61263 0.138577
1.61915 0.137307
1.62567 0.136048
1.63218 0.134799
1.6387 0.133561
1.64521 0.132334
1.65173 0.131116
1.65824 0.129909
1.66476 0.128713
1.67128 0.127526
1.67779 0.12635
1.68431 0.125184
1.69082 0.124028
1.69734 0.122881
1.70385 0.121745
1.71037 0.120618
1.71689 0.119501
1.7234 0.118394
1.72992 0.117296
1.73643 0.116208
1.74295 0.115129
1.74946 0.11406
1.75598 0.113
1.7625 0.111949
1.76901 0.110907
1.77553 0.109875
1.78204 0.108851
1.78856 0.107837
1.79508 0.106831
1.80159 0.105835
1.80811 0.104847
1.81462 0.103868
1.82114 0.102897
1.82765 0.101935
1.83417 0.100982
1.84069 0.100037
1.8472 0.0991
1.85372 0.0981718
1.86023 0.0972518
1.86675 0.09634
1.87326 0.0954363
1.87978 0.0945407
1.8863 0.0936532
1.89281 0.0927735
1.89933 0.0919018
1.90584 0.0910379
1.91236 0.0901817
1.91887 0.0893332
1.92539 0.0884924
1.93191 0.0876592
1.93842 0.0868335
1.94494 0.0860152
1.95145 0.0852043
1.95797 0.0844008
1.96449 0.0836045
1.971 0.0828155
1.97752 0.0820336
1.98403 0.0812589
1.99055 0.0804911
1.99706 0.0797304
2.00358 0.0789766
2.0101 0.0782296
2.01661 0.0774895
2.02313 0.0767561
2.02964 0.0760294
2.03616 0.0753094
2.04267 0.0745959
2.04919 0.073889
2.05571 0.0731886
2.06222 0.0724946
2.06874 0.071807
2.07525 0.0711257
2.08177 0.0704506
2.08828 0.0697818
2.0948 0.0691191
2.10132 0.0684625
2.10783 0.067812
2.11435 0.0671675
2.12086 0.066529
2.12738 0.0658963
2.13389 0.0652695
2.14041 0.0646485
2.14693 0.0640332
2.15344 0.0634236
2.15996 0.0628197
2.16647 0.0622214
2.17299 0.0616286
2.17951 0.0610414
2.18602 0.0604596
2.19254 0.0598832
2.19905 0.0593122
2.20557 0.0587465
2.21208 0.058186
2.2186 0.0576308
2.22512 0.0570808
2.23163 0.0565358
2.23815 0.055996
2.24466 0.0554612
2.25118 0.0549314
2.25769 0.0544066
2.26421 0.0538867
2.27073 0.0533716
2.27724 0.0528614
2.28376 0.0523559
2.29027 0.0518552
2.29679 0.0513591
2.3033 0.0508678
2.30982 0.050381
2.31634 0.0498988
2.32285 0.0494211
2.32937 0.0489479
2.33588 0.0484792
2.3424 0.0480149
2.34892 0.0475549
2.35543 0.0470993
2.36195 0.046648
2.36846 0.0462009
2.37498 0.045758
2.38149 0.0453193
2.38801 0.0448848
2.39453 0.0444543
2.40104 0.0440279
2.40756 0.0436056
2.41407 0.0431872
2.42059 0.0427728
2.4271 0.0423622
2.43362 0.0419556
2.44014 0.0415528
2.44665 0.0411539
2.45317 0.0407587
2.45968 0.0403672
2.4662 0.0399795
2.47271 0.0395954
2.47923 0.039215
2.48575 0.0388382
2.49226 0.0384649
2.49878 0.0380952
2.50529 0.037729
2.51181 0.0373663
2.51833 0.037007
2.52484 0.0366512
2.53136 0.0362987
2.53787 0.0359496
2.54439 0.0356038
2.5509 0.0352612
2.55742 0.034922
2.56394 0.0345859
2.57045 0.0342531
2.57697 0.0339234
2.58348 0.0335969
2.59 0.0332735
2.59651 0.0329531
2.60303 0.0326358
2.60955 0.0323216
2.61606 0.0320103
2.62258 0.031702
2.62909 0.0313967
2.63561 0.0310942
2.64212 0.0307947
2.64864 0.030498
2.65516 0.0302041
2.66167 0.0299131
2.66819 0.0296248
2.6747 0.0293393
2.68122 0.0290565
2.68773 0.0287764
2.69425 0.028499
2.70077 0.0282242
2.70728 0.0279521
2.7138 0.0276825
2.72031 0.0274156
2.72683 0.0271512
2.73335 0.0268893
2.73986 0.02663
2.74638 0.0263731
2.75289 0.0261187
2.75941 0.0258667
2.76592 0.0256172
2.77244 0.02537
2.77896 0.0251252
2.78547 0.0248827
2.79199 0.0246426
2.7985 0.0244048
2.80502 0.0241692
2.81153 0.023936
2.81805 0.0237049
2.82457 0.0234761
2.83108 0.0232494
2.8376 0.023025
2.84411 0.0228027
2.85063 0.0225825
2.85714 0.0223644
2.86366 0.0221485
2.87018 0.0219346
2.87669 0.0217228
2.88321 0.021513
2.88972 0.0213052
2.89624 0.0210994
2.90276 0.0208956
2.90927 0.0206938
2.91579 0.0204938
2.9223 0.0202959
2.92882 0.0200998
2.93533 0.0199056
2.94185 0.0197133
2.94837 0.0195228
2.95488 0.0193342
2.9614 0.0191473
2.96791 0.0189623
2.97443 0.0187791
2.98094 0.0185976
2.98746 0.0184178
2.99398 0.0182398
3.00049 0.0180635
3.00701 0.017889
3.01352 0.017716
3.02004 0.0175448
3.02655 0.0173752
3.03307 0.0172072
3.03959 0.0170409
3.0461 0.0168762
3.05262 0.016713
3.05913 0.0165514
3.06565 0.0163914
3.07217 0.0162329
3.07868 0.016076
3.0852 0.0159205
3.09171 0.0157666
3.09823 0.0156142
3.10474 0.0154632
3.11126 0.0153136
3.11778 0.0151656
3.12429 0.0150189
3.13081 0.0148737
3.13732 0.0147298
3.14384 0.0145874
3.15035 0.0144463
3.15687 0.0143066
3.16339 0.0141682
3.1699 0.0140312
3.17642 0.0138955
3.18293 0.0137611
3.18945 0.013628
3.19596 0.0134962
3.20248 0.0133656
3.209 0.0132363
3.21551 0.0131083
3.22203 0.0129815
3.22854 0.0128559
3.23506 0.0127316
3.24157 0.0126084
3.24809 0.0124865
3.25461 0.0123657
3.26112 0.0122461
3.26764 0.0121276
3.27415 0.0120103
3.28067 0.0118941
3.28719 0.011779
3.2937 0.0116651
3.30022 0.0115522
3.30673 0.0114405
3.31325 0.0113298
3.31976 0.0112202
3.32628 0.0111116
3.3328 0.0110041
3.33931 0.0108977
3.34583 0.0107922
3.35234 0.0106878
3.35886 0.0105844
3.36537 0.010482
3.37189 0.0103806
3.37841 0.0102802
3.38492 0.0101807
3.39144 0.0100822
3.39795 0.00998467
3.40447 0.00988806
3.41098 0.0097924
3.4175 0.00969765
3.42402 0.00960383
3.43053 0.00951091
3.43705 0.00941889
3.44356 0.00932776
3.45008 0.00923751
3.4566 0.00914814
3.46311 0.00905963
3.46963 0.00897198
3.47614 0.00888517
3.48266 0.00879921
3.48917 0.00871408
3.49569 0.00862977
3.50221 0.00854628
3.50872 0.00846359
3.51524 0.00838171
3.52175 0.00830061
3.52827 0.00822031
3.53478 0.00814078
3.5413 0.00806202
3.54782 0.00798402
3.55433 0.00790678
3.56085 0.00783028
3.56736 0.00775453
3.57388 0.0076795
3.58039 0.00760521
3.58691 0.00753163
3.59343 0.00745877
3.59994 0.00738661
3.60646 0.00731515
3.61297 0.00724438
3.61949 0.0071743
3.62601 0.0071049
3.63252 0.00703616
3.63904 0.0069681
3.64555 0.00690069
3.65207 0.00683394
3.65858 0.00676783
3.6651 0.00670236
3.67162 0.00663752
3.67813 0.00657332
3.68465 0.00650973
3.69116 0.00644676
3.69768 0.0063844
3.70419 0.00632265
3.71071 0.00626149
3.71723 0.00620093
3.72374 0.00614095
3.73026 0.00608155
3.73677 0.00602273
3.74329 0.00596447
3.7498 0.00590678
3.75632 0.00584965
3.76284 0.00579308
3.76935 0.00573705
3.77587 0.00568156
3.78238 0.00562661
3.7889 0.0055722
3.79541 0.00551831
3.80193 0.00546494
3.80845 0.00541209
3.81496 0.00535975
3.82148 0.00530791
3.82799 0.00525658
3.83451 0.00520575
3.84103 0.00515541
3.84754 0.00510556
3.85406 0.00505619
3.86057 0.00500729
3.86709 0.00495888
3.8736 0.00491093
3.88012 0.00486344
3.88664 0.00481641
3.89315 0.00476984
3.89967 0.00472373
3.90618 0.00467805
3.9127 0.00463282
3.91921 0.00458803
3.92573 0.00454367
3.93225 0.00449974
3.93876 0.00445624
3.94528 0.00441316
3.95179 0.0043705
3.95831 0.00432824
3.96482 0.0042864
3.97134 0.00424497
3.97786 0.00420393
3.98437 0.00416329
3.99089 0.00412305
3.9974 0.00408319
4.00392 0.00404372
4.01044 0.00400464
4.01695 0.00396593
4.02347 0.0039276
4.02998 0.00388963
4.0365 0.00385204
4.04301 0.00381481
4.04953 0.00377794
4.05605 0.00374143
4.06256 0.00370527
4.06908 0.00366946
4.07559 0.003634
4.08211 0.00359888
4.08862 0.0035641
4.09514 0.00352966
4.10166 0.00349555
4.10817 0.00346177
4.11469 0.00342832
4.1212 0.0033952
4.12772 0.00336239
4.13423 0.0033299
4.14075 0.00329773
4.14727 0.00326587
4.15378 0.00323431
4.1603 0.00320306
4.16681 0.00317212
4.17333 0.00314147
4.17985 0.00311112
4.18636 0.00308107
4.19288 0.0030513
4.19939 0.00302183
4.20591 0.00299264
4.21242 0.00296373
4.21894 0.0029351
4.22546 0.00290675
4.23197 0.00287867
4.23849 0.00285087
4.245 0.00282333
4.25152 0.00279606
4.25803 0.00276906
4.26455 0.00274231
4.27107 0.00271583
4.27758 0.0026896
4.2841 0.00266363
4.29061 0.0026379
4.29713 0.00261243
4.30364 0.0025872
4.31016 0.00256222
4.31668 0.00253748
4.32319 0.00251297
4.32971 0.00248871
4.33622 0.00246468
4.34274 0.00244088
4.34925 0.00241732
4.35577 0.00239398
4.36229 0.00237086
4.3688 0.00234797
4.37532 0.00232531
4.38183 0.00230286
4.38835 0.00228063
