-3.85186 0.000672247
-3.84437 0.000683077
-3.83689 0.000694081
-3.8294 0.000705262
-3.82191 0.000716622
-3.81442 0.000728164
-3.80694 0.000739892
-3.79945 0.000751808
-3.79196 0.000763916
-3.78447 0.000776217
-3.77699 0.000788716
-3.7695 0.000801416
-3.76201 0.00081432
-3.75452 0.00082743
-3.74704 0.000840751
-3.73955 0.000854285
-3.73206 0.000868037
-3.72457 0.000882009
-3.71709 0.000896205
-3.7096 0.000910628
-3.70211 0.000925283
-3.69462 0.000940173
-3.68713 0.000955302
-3.67965 0.000970673
-3.67216 0.00098629
-3.66467 0.00100216
-3.65718 0.00101828
-3.6497 0.00103466
-3.64221 0.0010513
-3.63472 0.00106821
-3.62723 0.00108539
-3.61975 0.00110284
-3.61226 0.00112058
-3.60477 0.0011386
-3.59728 0.0011569
-3.5898 0.0011755
-3.58231 0.0011944
-3.57482 0.0012136
-3.56733 0.0012331
-3.55985 0.00125292
-3.55236 0.00127306
-3.54487 0.00129352
-3.53738 0.0013143
-3.5299 0.00133542
-3.52241 0.00135687
-3.51492 0.00137867
-3.50743 0.00140081
-3.49995 0.00142331
-3.49246 0.00144617
-3.48497 0.00146939
-3.47748 0.00149299
-3.46999 0.00151696
-3.46251 0.00154131
-3.45502 0.00156606
-3.44753 0.00159119
-3.44004 0.00161673
-3.43256 0.00164268
-3.42507 0.00166904
-3.41758 0.00169582
-3.41009 0.00172303
-3.40261 0.00175067
-3.39512 0.00177875
-3.38763 0.00180728
-3.38014 0.00183626
-3.37266 0.00186571
-3.36517 0.00189562
-3.35768 0.00192601
-3.35019 0.00195689
-3.34271 0.00198826
-3.33522 0.00202012
-3.32773 0.0020525
-3.32024 0.00208538
-3.31276 0.0021188
-3.30527 0.00215274
-3.29778 0.00218722
-3.29029 0.00222225
-3.28281 0.00225784
-3.27532 0.00229399
-3.26783 0.00233072
-3.26034 0.00236803
-3.25286 0.00240594
-3.24537 0.00244445
-3.23788 0.00248356
-3.23039 0.0025233
-3.2229 0.00256367
-3.21542 0.00260468
-3.20793 0.00264634
-3.20044 0.00268866
-3.19295 0.00273165
-3.18547 0.00277533
-3.17798 0.00281969
-3.17049 0.00286476
-3.163 0.00291055
-3.15552 0.00295705
-3.14803 0.0030043
-3.14054 0.00305229
-3.13305 0.00310104
-3.12557 0.00315056
-3.11808 0.00320087
-3.11059 0.00325197
-3.1031 0.00330388
-3.09562 0.00335661
-3.08813 0.00341018
-3.08064 0.00346459
-3.07315 0.00351985
-3.06567 0.003576
-3.05818 0.00363302
-3.05069 0.00369095
-3.0432 0.00374979
-3.03572 0.00380956
-3.02823 0.00387027
-3.02074 0.00393194
-3.01325 0.00399458
-3.00577 0.00405821
-2.99828 0.00412284
-2.99079 0.00418849
-2.9833 0.00425517
-2.97581 0.00432289
-2.96833 0.00439169
-2.96084 0.00446156
-2.95335 0.00453254
-2.94586 0.00460463
-2.93838 0.00467785
-2.93089 0.00475222
-2.9234 0.00482776
-2.91591 0.00490448
-2.90843 0.00498241
-2.90094 0.00506156
-2.89345 0.00514195
-2.88596 0.0052236
-2.87848 0.00530653
-2.87099 0.00539076
-2.8635 0.00547631
-2.85601 0.00556319
-2.84853 0.00565144
-2.84104 0.00574106
-2.83355 0.00583209
-2.82606 0.00592453
-2.81858 0.00601843
-2.81109 0.00611378
-2.8036 0.00621063
-2.79611 0.00630898
-2.78863 0.00640887
-2.78114 0.00651032
-2.77365 0.00661335
-2.76616 0.00671798
-2.75867 0.00682424
-2.75119 0.00693215
-2.7437 0.00704174
-2.73621 0.00715304
-2.72872 0.00726607
-2.72124 0.00738085
-2.71375 0.00749741
-2.70626 0.00761578
-2.69877 0.00773599
-2.69129 0.00785806
-2.6838 0.00798203
-2.67631 0.00810791
-2.66882 0.00823574
-2.66134 0.00836555
-2.65385 0.00849737
-2.64636 0.00863123
-2.63887 0.00876715
-2.63139 0.00890518
-2.6239 0.00904533
-2.61641 0.00918765
-2.60892 0.00933216
-2.60144 0.0094789
-2.59395 0.00962789
-2.58646 0.00977919
-2.57897 0.00993281
-2.57149 0.0100888
-2.564 0.0102472
-2.55651 0.010408
-2.54902 0.0105713
-2.54154 0.010737
-2.53405 0.0109054
-2.52656 0.0110763
-2.51907 0.0112498
-2.51158 0.011426
-2.5041 0.0116048
-2.49661 0.0117864
-2.48912 0.0119708
-2.48163 0.012158
-2.47415 0.0123481
-2.46666 0.012541
-2.45917 0.0127369
-2.45168 0.0129358
-2.4442 0.0131377
-2.43671 0.0133426
-2.42922 0.0135507
-2.42173 0.013762
-2.41425 0.0139764
-2.40676 0.0141941
-2.39927 0.0144151
-2.39178 0.0146394
-2.3843 0.0148672
-2.37681 0.0150983
-2.36932 0.015333
-2.36183 0.0155712
-2.35435 0.015813
-2.34686 0.0160584
-2.33937 0.0163076
-2.33188 0.0165605
-2.3244 0.0168172
-2.31691 0.0170777
-2.30942 0.0173421
-2.30193 0.0176106
-2.29444 0.017883
-2.28696 0.0181595
-2.27947 0.0184402
-2.27198 0.018725
-2.26449 0.0190141
-2.25701 0.0193075
-2.24952 0.0196053
-2.24203 0.0199075
-2.23454 0.0202142
-2.22706 0.0205255
-2.21957 0.0208414
-2.21208 0.0211619
-2.20459 0.0214873
-2.19711 0.0218174
-2.18962 0.0221524
-2.18213 0.0224924
-2.17464 0.0228374
-2.16716 0.0231874
-2.15967 0.0235426
-2.15218 0.0239031
-2.14469 0.0242688
-2.13721 0.0246399
-2.12972 0.0250164
-2.12223 0.0253985
-2.11474 0.0257861
-2.10726 0.0261794
-2.09977 0.0265785
-2.09228 0.0269833
-2.08479 0.0273941
-2.07731 0.0278108
-2.06982 0.0282336
-2.06233 0.0286624
-2.05484 0.0290976
-2.04735 0.029539
-2.03987 0.0299867
-2.03238 0.030441
-2.02489 0.0309017
-2.0174 0.0313691
-2.00992 0.0318433
-2.00243 0.0323242
-1.99494 0.032812
-1.98745 0.0333068
-1.97997 0.0338086
-1.97248 0.0343176
-1.96499 0.0348339
-1.9575 0.0353575
-1.95002 0.0358885
-1.94253 0.0364271
-1.93504 0.0369733
-1.92755 0.0375272
-1.92007 0.0380889
-1.91258 0.0386585
-1.90509 0.0392362
-1.8976 0.0398219
-1.89012 0.0404159
-1.88263 0.0410182
-1.87514 0.0416288
-1.86765 0.042248
-1.86017 0.0428758
-1.85268 0.0435124
-1.84519 0.0441577
-1.8377 0.044812
-1.83021 0.0454753
-1.82273 0.0461478
-1.81524 0.0468295
-1.80775 0.0475206
-1.80026 0.0482212
-1.79278 0.0489313
-1.78529 0.0496512
-1.7778 0.0503808
-1.77031 0.0511203
-1.76283 0.0518699
-1.75534 0.0526297
-1.74785 0.0533997
-1.74036 0.05418
-1.73288 0.0549709
-1.72539 0.0557723
-1.7179 0.0565845
-1.71041 0.0574075
-1.70293 0.0582415
-1.69544 0.0590866
-1.68795 0.0599428
-1.68046 0.0608104
-1.67298 0.0616894
-1.66549 0.06258
-1.658 0.0634823
-1.65051 0.0643963
-1.64303 0.0653223
-1.63554 0.0662604
-1.62805 0.0672106
-1.62056 0.068173
-1.61308 0.069148
-1.60559 0.0701354
-1.5981 0.0711355
-1.59061 0.0721484
-1.58312 0.0731742
-1.57564 0.0742131
-1.56815 0.0752651
-1.56066 0.0763304
-1.55317 0.077409
-1.54569 0.0785013
-1.5382 0.0796072
-1.53071 0.0807268
-1.52322 0.0818604
-1.51574 0.083008
-1.50825 0.0841697
-1.50076 0.0853457
-1.49327 0.0865361
-1.48579 0.087741
-1.4783 0.0889606
-1.47081 0.0901949
-1.46332 0.0914441
-1.45584 0.0927083
-1.44835 0.0939876
-1.44086 0.0952821
-1.43337 0.096592
-1.42589 0.0979174
-1.4184 0.0992583
-1.41091 0.100615
-1.40342 0.101987
-1.39594 0.103376
-1.38845 0.10478
-1.38096 0.106201
-1.37347 0.107637
-1.36599 0.10909
-1.3585 0.11056
-1.35101 0.112046
-1.34352 0.113549
-1.33603 0.115068
-1.32855 0.116605
-1.32106 0.118158
-1.31357 0.119729
-1.30608 0.121316
-1.2986 0.122921
-1.29111 0.124543
-1.28362 0.126182
-1.27613 0.127839
-1.26865 0.129513
-1.26116 0.131205
-1.25367 0.132915
-1.24618 0.134642
-1.2387 0.136387
-1.23121 0.138151
-1.22372 0.139932
-1.21623 0.141731
-1.20875 0.143548
-1.20126 0.145383
-1.19377 0.147236
-1.18628 0.149107
-1.1788 0.150997
-1.17131 0.152905
-1.16382 0.154831
-1.15633 0.156775
-1.14885 0.158738
-1.14136 0.160719
-1.13387 0.162718
-1.12638 0.164736
-1.11889 0.166771
-1.11141 0.168825
-1.10392 0.170898
-1.09643 0.172988
-1.08894 0.175097
-1.08146 0.177224
-1.07397 0.17937
-1.06648 0.181533
-1.05899 0.183714
-1.05151 0.185913
-1.04402 0.188131
-1.03653 0.190366
-1.02904 0.192619
-1.02156 0.194889
-1.01407 0.197177
-1.00658 0.199483
-0.999094 0.201806
-0.991606 0.204146
-0.984118 0.206503
-0.976631 0.208877
-0.969143 0.211269
-0.961656 0.213676
-0.954168 0.216101
-0.946681 0.218541
-0.939193 0.220998
-0.931705 0.223471
-0.924218 0.22596
-0.91673 0.228464
-0.909243 0.230984
-0.901755 0.233519
-0.894267 0.236068
-0.88678 0.238633
-0.879292 0.241212
-0.871805 0.243805
-0.864317 0.246411
-0.85683 0.249032
-0.849342 0.251666
-0.841854 0.254312
-0.834367 0.256972
-0.826879 0.259644
-0.819392 0.262327
-0.811904 0.265023
-0.804417 0.26773
-0.796929 0.270447
-0.789441 0.273175
-0.781954 0.275914
-0.774466 0.278662
-0.766979 0.281419
-0.759491 0.284185
-0.752003 0.28696
-0.744516 0.289743
-0.737028 0.292533
-0.729541 0.295331
-0.722053 0.298135
-0.714566 0.300945
-0.707078 0.30376
-0.69959 0.306581
-0.692103 0.309406
-0.684615 0.312235
-0.677128 0.315068
-0.66964 0.317903
-0.662153 0.320741
-0.654665 0.32358
-0.647177 0.326421
-0.63969 0.329262
-0.632202 0.332103
-0.624715 0.334943
-0.617227 0.337781
-0.609739 0.340618
-0.602252 0.343452
-0.594764 0.346282
-0.587277 0.349109
-0.579789 0.35193
-0.572302 0.354747
-0.564814 0.357557
-0.557326 0.36036
-0.549839 0.363155
-0.542351 0.365942
-0.534864 0.36872
-0.527376 0.371488
-0.519888 0.374246
-0.512401 0.376992
-0.504913 0.379726
-0.497426 0.382447
-0.489938 0.385154
-0.482451 0.387847
-0.474963 0.390525
-0.467475 0.393186
-0.459988 0.39583
-0.4525 0.398457
-0.445013 0.401065
-0.437525 0.403654
-0.430038 0.406223
-0.42255 0.40877
-0.415062 0.411296
-0.407575 0.413799
-0.400087 0.416279
-0.3926 0.418734
-0.385112 0.421164
-0.377624 0.423569
-0.370137 0.425946
-0.362649 0.428296
-0.355162 0.430617
-0.347674 0.43291
-0.340187 0.435172
-0.332699 0.437403
-0.325211 0.439603
-0.317724 0.44177
-0.310236 0.443904
-0.302749 0.446003
-0.295261 0.448068
-0.287774 0.450098
-0.280286 0.452091
-0.272798 0.454047
-0.265311 0.455965
-0.257823 0.457844
-0.250336 0.459684
-0.242848 0.461484
-0.23536 0.463244
-0.227873 0.464961
-0.220385 0.466637
-0.212898 0.46827
-0.20541 0.46986
-0.197923 0.471405
-0.190435 0.472906
-0.182947 0.474361
-0.17546 0.475771
-0.167972 0.477134
-0.160485 0.47845
-0.152997 0.479719
-0.14551 0.480939
-0.138022 0.482111
-0.130534 0.483234
-0.123047 0.484307
-0.115559 0.485331
-0.108072 0.486304
-0.100584 0.487226
-0.0930964 0.488097
-0.0856089 0.488917
-0.0781213 0.489684
-0.0706337 0.4904
-0.0631461 0.491063
-0.0556585 0.491673
-0.048171 0.492231
-0.0406834 0.492735
-0.0331958 0.493186
-0.0257082 0.493583
-0.0182206 0.493926
-0.0107331 0.494216
-0.00324549 0.494452
0.00424209 0.494633
0.0117297 0.494761
0.0192173 0.494834
0.0267048 0.494853
0.0341924 0.494818
0.04168 0.494729
0.0491676 0.494586
0.0566552 0.494388
0.0641427 0.494137
0.0716303 0.493833
0.0791179 0.493474
0.0866055 0.493062
0.0940931 0.492597
0.101581 0.492079
0.109068 0.491509
0.116556 0.490886
0.124043 0.49021
0.131531 0.489483
0.139019 0.488705
0.146506 0.487875
0.153994 0.486994
0.161481 0.486064
0.168969 0.485083
0.176456 0.484052
0.183944 0.482973
0.191432 0.481845
0.198919 0.480669
0.206407 0.479445
0.213894 0.478174
0.221382 0.476857
0.228869 0.475494
0.236357 0.474086
0.243845 0.472633
0.251332 0.471135
0.25882 0.469594
0.266307 0.468011
0.273795 0.466385
0.281283 0.464717
0.28877 0.463009
0.296258 0.46126
0.303745 0.459472
0.311233 0.457646
0.31872 0.455781
0.326208 0.453879
0.333696 0.45194
0.341183 0.449966
0.348671 0.447956
0.356158 0.445912
0.363646 0.443835
0.371134 0.441725
0.378621 0.439583
0.386109 0.437409
0.393596 0.435206
0.401084 0.432972
0.408571 0.43071
0.416059 0.42842
0.423547 0.426103
0.431034 0.423759
0.438522 0.42139
0.446009 0.418996
0.453497 0.416578
0.460984 0.414137
0.468472 0.411674
0.47596 0.409189
0.483447 0.406683
0.490935 0.404157
0.498422 0.401612
0.50591 0.399049
0.513398 0.396468
0.520885 0.39387
0.528373 0.391257
0.53586 0.388628
0.543348 0.385985
0.550835 0.383328
0.558323 0.380658
0.565811 0.377975
0.573298 0.375282
0.580786 0.372578
0.588273 0.369863
0.595761 0.36714
0.603248 0.364408
0.610736 0.361668
0.618224 0.358921
0.625711 0.356168
0.633199 0.353409
0.640686 0.350644
0.648174 0.347876
0.655662 0.345104
0.663149 0.342328
0.670637 0.33955
0.678124 0.336771
0.685612 0.33399
0.693099 0.331208
0.700587 0.328427
0.708075 0.325646
0.715562 0.322866
0.72305 0.320088
0.730537 0.317312
0.738025 0.314539
0.745513 0.31177
0.753 0.309004
0.760488 0.306243
0.767975 0.303486
0.775463 0.300735
0.78295 0.29799
0.790438 0.295251
0.797926 0.292519
0.805413 0.289794
0.812901 0.287077
0.820388 0.284367
0.827876 0.281667
0.835363 0.278975
0.842851 0.276292
0.850339 0.27362
0.857826 0.270957
0.865314 0.268304
0.872801 0.265663
0.880289 0.263032
0.887777 0.260413
0.895264 0.257806
0.902752 0.25521
0.910239 0.252627
0.917727 0.250057
0.925214 0.247499
0.932702 0.244955
0.94019 0.242424
0.947677 0.239907
0.955165 0.237404
0.962652 0.234915
0.97014 0.23244
0.977627 0.22998
0.985115 0.227534
0.992603 0.225104
1.00009 0.222689
1.00758 0.220289
1.01507 0.217905
1.02255 0.215536
1.03004 0.213183
1.03753 0.210847
1.04502 0.208526
1.0525 0.206221
1.05999 0.203933
1.06748 0.201662
1.07497 0.199407
1.08245 0.197168
1.08994 0.194947
1.09743 0.192742
1.10492 0.190554
1.1124 0.188383
1.11989 0.18623
1.12738 0.184093
1.13487 0.181974
1.14235 0.179872
1.14984 0.177787
1.15733 0.175719
1.16482 0.173669
1.1723 0.171636
1.17979 0.169621
1.18728 0.167623
1.19477 0.165642
1.20225 0.163679
1.20974 0.161733
1.21723 0.159805
1.22472 0.157894
1.23221 0.156
1.23969 0.154124
1.24718 0.152265
1.25467 0.150423
1.26216 0.148599
1.26964 0.146792
1.27713 0.145002
1.28462 0.14323
1.29211 0.141474
1.29959 0.139736
1.30708 0.138014
1.31457 0.13631
1.32206 0.134622
1.32954 0.132951
1.33703 0.131297
1.34452 0.12966
1.35201 0.128039
1.35949 0.126435
1.36698 0.124847
1.37447 0.123276
1.38196 0.121721
1.38944 0.120183
1.39693 0.11866
1.40442 0.117154
1.41191 0.115664
1.41939 0.114189
1.42688 0.11273
1.43437 0.111288
1.44186 0.10986
1.44935 0.108448
1.45683 0.107052
1.46432 0.105671
1.47181 0.104305
1.4793 0.102954
1.48678 0.101619
1.49427 0.100298
1.50176 0.0989921
1.50925 0.0977009
1.51673 0.0964243
1.52422 0.0951622
1.53171 0.0939144
1.5392 0.0926809
1.54668 0.0914616
1.55417 0.0902564
1.56166 0.0890651
1.56915 0.0878876
1.57663 0.0867238
1.58412 0.0855736
1.59161 0.084437
1.5991 0.0833137
1.60658 0.0822037
1.61407 0.0811068
1.62156 0.080023
1.62905 0.0789521
1.63653 0.077894
1.64402 0.0768486
1.65151 0.0758157
1.659 0.0747954
1.66648 0.0737874
1.67397 0.0727916
1.68146 0.071808
1.68895 0.0708364
1.69644 0.0698766
1.70392 0.0689287
1.71141 0.0679924
1.7189 0.0670676
1.72639 0.0661544
1.73387 0.0652524
1.74136 0.0643617
1.74885 0.063482
1.75634 0.0626134
1.76382 0.0617556
1.77131 0.0609086
1.7788 0.0600723
1.78629 0.0592465
1.79377 0.0584312
1.80126 0.0576262
1.80875 0.0568314
1.81624 0.0560468
1.82372 0.0552721
1.83121 0.0545074
1.8387 0.0537525
1.84619 0.0530072
1.85367 0.0522715
1.86116 0.0515454
1.86865 0.0508285
1.87614 0.050121
1.88362 0.0494227
1.89111 0.0487334
1.8986 0.0480531
1.90609 0.0473816
1.91357 0.046719
1.92106 0.046065
1.92855 0.0454195
1.93604 0.0447826
1.94353 0.044154
1.95101 0.0435337
1.9585 0.0429216
1.96599 0.0423176
1.97348 0.0417216
1.98096 0.0411335
1.98845 0.0405532
1.99594 0.0399806
2.00343 0.0394157
2.01091 0.0388583
2.0184 0.0383083
2.02589 0.0377657
2.03338 0.0372304
2.04086 0.0367023
2.04835 0.0361813
2.05584 0.0356673
2.06333 0.0351602
2.07081 0.03466
2.0783 0.0341665
2.08579 0.0336797
2.09328 0.0331995
2.10076 0.0327258
2.10825 0.0322586
2.11574 0.0317977
2.12323 0.0313432
2.13071 0.0308948
2.1382 0.0304525
2.14569 0.0300163
2.15318 0.029586
2.16067 0.0291617
2.16815 0.0287432
2.17564 0.0283304
2.18313 0.0279233
2.19062 0.0275219
2.1981 0.0271259
2.20559 0.0267354
2.21308 0.0263503
2.22057 0.0259706
2.22805 0.0255961
2.23554 0.0252268
2.24303 0.0248626
2.25052 0.0245035
2.258 0.0241494
2.26549 0.0238002
2.27298 0.0234558
2.28047 0.0231163
2.28795 0.0227815
2.29544 0.0224514
2.30293 0.0221259
2.31042 0.0218049
2.3179 0.0214885
2.32539 0.0211765
2.33288 0.0208689
2.34037 0.0205656
2.34785 0.0202665
2.35534 0.0199717
2.36283 0.019681
2.37032 0.0193944
2.3778 0.0191119
2.38529 0.0188334
2.39278 0.0185587
2.40027 0.018288
2.40776 0.0180211
2.41524 0.017758
2.42273 0.0174986
2.43022 0.0172429
2.43771 0.0169909
2.44519 0.0167424
2.45268 0.0164974
2.46017 0.0162559
2.46766 0.0160179
2.47514 0.0157833
2.48263 0.015552
2.49012 0.015324
2.49761 0.0150992
2.50509 0.0148777
2.51258 0.0146594
2.52007 0.0144441
2.52756 0.014232
2.53504 0.0140229
2.54253 0.0138167
2.55002 0.0136136
2.55751 0.0134134
2.56499 0.013216
2.57248 0.0130215
2.57997 0.0128297
2.58746 0.0126408
2.59494 0.0124545
2.60243 0.012271
2.60992 0.01209
2.61741 0.0119117
2.6249 0.011736
2.63238 0.0115628
2.63987 0.0113921
2.64736 0.0112239
2.65485 0.0110581
2.66233 0.0108947
2.66982 0.0107337
2.67731 0.010575
2.6848 0.0104186
2.69228 0.0102644
2.69977 0.0101125
2.70726 0.00996286
2.71475 0.00981535
2.72223 0.00966998
2.72972 0.00952672
2.73721 0.00938555
2.7447 0.00924644
2.75218 0.00910934
2.75967 0.00897425
2.76716 0.00884112
2.77465 0.00870994
2.78213 0.00858067
2.78962 0.00845328
2.79711 0.00832776
2.8046 0.00820407
2.81208 0.00808218
2.81957 0.00796208
2.82706 0.00784373
2.83455 0.00772712
2.84203 0.00761221
2.84952 0.00749899
2.85701 0.00738742
2.8645 0.00727749
2.87199 0.00716917
2.87947 0.00706243
2.88696 0.00695727
2.89445 0.00685364
2.90194 0.00675154
2.90942 0.00665094
2.91691 0.00655182
2.9244 0.00645415
2.93189 0.00635792
2.93937 0.00626311
2.94686 0.00616969
2.95435 0.00607764
2.96184 0.00598695
2.96932 0.0058976
2.97681 0.00580956
2.9843 0.00572282
2.99179 0.00563736
2.99927 0.00555316
3.00676 0.0054702
3.01425 0.00538846
3.02174 0.00530794
3.02922 0.0052286
3.03671 0.00515043
3.0442 0.00507342
3.05169 0.00499755
3.05917 0.0049228
3.06666 0.00484915
3.07415 0.0047766
3.08164 0.00470511
3.08913 0.00463469
3.09661 0.00456531
3.1041 0.00449696
3.11159 0.00442961
3.11908 0.00436327
3.12656 0.00429791
3.13405 0.00423352
3.14154 0.00417009
3.14903 0.00410759
3.15651 0.00404602
3.164 0.00398537
3.17149 0.00392562
3.17898 0.00386675
3.18646 0.00380876
3.19395 0.00375163
3.20144 0.00369535
3.20893 0.00363991
3.21641 0.00358529
3.2239 0.00353148
3.23139 0.00347848
3.23888 0.00342626
3.24636 0.00337482
3.25385 0.00332414
3.26134 0.00327422
3.26883 0.00322505
3.27631 0.0031766
3.2838 0.00312888
3.29129 0.00308187
3.29878 0.00303556
3.30626 0.00298994
3.31375 0.002945
3.32124 0.00290073
3.32873 0.00285712
3.33622 0.00281416
3.3437 0.00277184
3.35119 0.00273015
3.35868 0.00268909
3.36617 0.00264864
3.37365 0.00260879
3.38114 0.00256954
3.38863 0.00253088
3.39612 0.00249279
3.4036 0.00245527
3.41109 0.00241832
3.41858 0.00238191
3.42607 0.00234605
3.43355 0.00231073
3.44104 0.00227594
3.44853 0.00224166
3.45602 0.0022079
3.4635 0.00217464
3.47099 0.00214189
3.47848 0.00210962
3.48597 0.00207783
3.49345 0.00204653
3.50094 0.00201569
3.50843 0.00198531
3.51592 0.00195539
3.5234 0.00192591
3.53089 0.00189688
3.53838 0.00186828
3.54587 0.00184012
3.55335 0.00181237
3.56084 0.00178504
3.56833 0.00175812
3.57582 0.00173161
3.58331 0.00170549
3.59079 0.00167976
3.59828 0.00165442
3.60577 0.00162946
3.61326 0.00160488
3.62074 0.00158066
3.62823 0.00155681
