0.198413 0.00256661
0.218357 0.0027917
0.238301 0.00303209
0.258245 0.00328841
0.278189 0.00356127
0.298133 0.00385127
0.318077 0.004159
0.338022 0.00448502
0.357966 0.00482989
0.37791 0.00519414
0.397854 0.00557827
0.417798 0.00598276
0.437742 0.00640806
0.457686 0.0068546
0.477631 0.00732276
0.497575 0.00781291
0.517519 0.00832536
0.537463 0.00886039
0.557407 0.00941826
0.577351 0.00999916
0.597295 0.0106033
0.61724 0.0112307
0.637184 0.0118816
0.657128 0.012556
0.677072 0.0132539
0.697016 0.0139752
0.71696 0.0147199
0.736904 0.0154878
0.756848 0.0162789
0.776793 0.017093
0.796737 0.0179297
0.816681 0.0187889
0.836625 0.0196702
0.856569 0.0205733
0.876513 0.021498
0.896457 0.0224436
0.916402 0.0234099
0.936346 0.0243965
0.95629 0.0254027
0.976234 0.0264281
0.996178 0.0274722
1.01612 0.0285345
1.03607 0.0296143
1.05601 0.0307111
1.07595 0.0318243
1.0959 0.0329532
1.11584 0.0340973
1.13579 0.0352558
1.15573 0.0364282
1.17568 0.0376138
1.19562 0.0388119
1.21556 0.0400218
1.23551 0.0412428
1.25545 0.0424743
1.2754 0.0437156
1.29534 0.0449659
1.31528 0.0462247
1.33523 0.0474912
1.35517 0.0487647
1.37512 0.0500446
1.39506 0.0513302
1.415 0.0526208
1.43495 0.0539158
1.45489 0.0552144
1.47484 0.0565161
1.49478 0.0578202
1.51473 0.0591262
1.53467 0.0604332
1.55461 0.0617409
1.57456 0.0630485
1.5945 0.0643554
1.61445 0.0656612
1.63439 0.0669652
1.65433 0.0682668
1.67428 0.0695656
1.69422 0.0708611
1.71417 0.0721526
1.73411 0.0734397
1.75406 0.0747219
1.774 0.0759988
1.79394 0.0772698
1.81389 0.0785346
1.83383 0.0797927
1.85378 0.0810436
1.87372 0.082287
1.89366 0.0835225
1.91361 0.0847497
1.93355 0.0859682
1.9535 0.0871777
1.97344 0.0883778
1.99338 0.0895682
2.01333 0.0907486
2.03327 0.0919187
2.05322 0.0930783
2.07316 0.0942269
2.09311 0.0953644
2.11305 0.0964905
2.13299 0.097605
2.15294 0.0987077
2.17288 0.0997982
2.19283 0.100877
2.21277 0.101942
2.23271 0.102995
2.25266 0.104036
2.2726 0.105063
2.29255 0.106077
2.31249 0.107078
2.33244 0.108066
2.35238 0.10904
2.37232 0.11
2.39227 0.110946
2.41221 0.111879
2.43216 0.112797
2.4521 0.113702
2.47204 0.114592
2.49199 0.115469
2.51193 0.116331
2.53188 0.117179
2.55182 0.118012
2.57176 0.118831
2.59171 0.119636
2.61165 0.120426
2.6316 0.121202
2.65154 0.121964
2.67149 0.122711
2.69143 0.123443
2.71137 0.124161
2.73132 0.124865
2.75126 0.125555
2.77121 0.12623
2.79115 0.12689
2.81109 0.127537
2.83104 0.128169
2.85098 0.128787
2.87093 0.12939
2.89087 0.12998
2.91081 0.130555
2.93076 0.131117
2.9507 0.131664
2.97065 0.132198
2.99059 0.132718
3.01054 0.133224
3.03048 0.133716
3.05042 0.134195
3.07037 0.13466
3.09031 0.135112
3.11026 0.135551
3.1302 0.135976
3.15014 0.136388
3.17009 0.136787
3.19003 0.137173
3.20998 0.137546
3.22992 0.137906
3.24987 0.138254
3.26981 0.138589
3.28975 0.138912
3.3097 0.139222
3.32964 0.13952
3.34959 0.139805
3.36953 0.140079
3.38947 0.140341
3.40942 0.140591
3.42936 0.140829
3.44931 0.141055
3.46925 0.14127
3.48919 0.141474
3.50914 0.141667
3.52908 0.141848
3.54903 0.142018
3.56897 0.142177
3.58892 0.142326
3.60886 0.142463
3.6288 0.14259
3.64875 0.142707
3.66869 0.142813
3.68864 0.14291
3.70858 0.142996
3.72852 0.143072
3.74847 0.143138
3.76841 0.143194
3.78836 0.143241
3.8083 0.143278
3.82825 0.143306
3.84819 0.143324
3.86813 0.143334
3.88808 0.143334
3.90802 0.143325
3.92797 0.143308
3.94791 0.143282
3.96785 0.143247
3.9878 0.143204
4.00774 0.143152
4.02769 0.143092
4.04763 0.143024
4.06757 0.142948
4.08752 0.142864
4.10746 0.142773
4.12741 0.142673
4.14735 0.142566
4.1673 0.142452
4.18724 0.14233
4.20718 0.142201
4.22713 0.142065
4.24707 0.141922
4.26702 0.141772
4.28696 0.141615
4.3069 0.141451
4.32685 0.141281
4.34679 0.141105
4.36674 0.140921
4.38668 0.140732
4.40663 0.140537
4.42657 0.140335
4.44651 0.140127
4.46646 0.139914
4.4864 0.139694
4.50635 0.139469
4.52629 0.139239
4.54623 0.139003
4.56618 0.138761
4.58612 0.138514
4.60607 0.138262
4.62601 0.138005
4.64595 0.137743
4.6659 0.137476
4.68584 0.137204
4.70579 0.136927
4.72573 0.136646
4.74568 0.13636
4.76562 0.136069
4.78556 0.135774
4.80551 0.135475
4.82545 0.135171
4.8454 0.134864
4.86534 0.134552
4.88528 0.134236
4.90523 0.133917
4.92517 0.133593
4.94512 0.133266
4.96506 0.132935
4.985 0.132601
5.00495 0.132263
5.02489 0.131922
5.04484 0.131577
5.06478 0.131229
5.08473 0.130878
5.10467 0.130523
5.12461 0.130166
5.14456 0.129805
5.1645 0.129442
5.18445 0.129076
5.20439 0.128707
5.22433 0.128335
5.24428 0.127961
5.26422 0.127584
5.28417 0.127204
5.30411 0.126822
5.32406 0.126438
5.344 0.126051
5.36394 0.125662
5.38389 0.125271
5.40383 0.124878
5.42378 0.124482
5.44372 0.124085
5.46366 0.123685
5.48361 0.123284
5.50355 0.122881
5.5235 0.122476
5.54344 0.122069
5.56338 0.121661
5.58333 0.121251
5.60327 0.12084
5.62322 0.120426
5.64316 0.120012
5.66311 0.119596
5.68305 0.119179
5.70299 0.11876
5.72294 0.11834
5.74288 0.117919
5.76283 0.117496
5.78277 0.117073
5.80271 0.116648
5.82266 0.116223
5.8426 0.115796
5.86255 0.115369
5.88249 0.114941
5.90244 0.114511
5.92238 0.114081
5.94232 0.11365
5.96227 0.113219
5.98221 0.112787
6.00216 0.112354
6.0221 0.11192
6.04204 0.111486
6.06199 0.111052
6.08193 0.110617
6.10188 0.110181
6.12182 0.109746
6.14176 0.109309
6.16171 0.108873
6.18165 0.108436
6.2016 0.107999
6.22154 0.107561
6.24149 0.107124
6.26143 0.106686
6.28137 0.106248
6.30132 0.10581
6.32126 0.105372
6.34121 0.104934
6.36115 0.104496
6.38109 0.104058
6.40104 0.10362
6.42098 0.103182
6.44093 0.102744
6.46087 0.102306
6.48082 0.101869
6.50076 0.101431
6.5207 0.100994
6.54065 0.100557
6.56059 0.100121
6.58054 0.0996846
6.60048 0.0992487
6.62042 0.0988131
6.64037 0.0983779
6.66031 0.0979431
6.68026 0.0975087
6.7002 0.0970748
6.72014 0.0966413
6.74009 0.0962084
6.76003 0.0957759
6.77998 0.095344
6.79992 0.0949126
6.81987 0.0944819
6.83981 0.0940517
6.85975 0.0936221
6.8797 0.0931932
6.89964 0.0927649
6.91959 0.0923373
6.93953 0.0919104
6.95947 0.0914843
6.97942 0.0910588
6.99936 0.0906341
7.01931 0.0902102
7.03925 0.089787
7.05919 0.0893647
7.07914 0.0889432
7.09908 0.0885225
7.11903 0.0881026
7.13897 0.0876836
7.15892 0.0872655
7.17886 0.0868483
7.1988 0.086432
7.21875 0.0860166
7.23869 0.0856021
7.25864 0.0851886
7.27858 0.0847761
7.29852 0.0843645
7.31847 0.0839539
7.33841 0.0835444
7.35836 0.0831358
7.3783 0.0827282
7.39825 0.0823217
7.41819 0.0819163
7.43813 0.0815118
7.45808 0.0811085
7.47802 0.0807062
7.49797 0.0803051
7.51791 0.079905
7.53785 0.079506
7.5578 0.0791082
7.57774 0.0787114
7.59769 0.0783159
7.61763 0.0779214
7.63757 0.0775281
7.65752 0.077136
7.67746 0.076745
7.69741 0.0763552
7.71735 0.0759666
7.7373 0.0755792
7.75724 0.075193
7.77718 0.074808
7.79713 0.0744243
7.81707 0.0740417
7.83702 0.0736604
7.85696 0.0732803
7.8769 0.0729014
7.89685 0.0725238
7.91679 0.0721474
7.93674 0.0717723
7.95668 0.0713985
7.97663 0.0710259
7.99657 0.0706546
8.01651 0.0702846
8.03646 0.0699158
8.0564 0.0695483
8.07635 0.0691822
8.09629 0.0688173
8.11623 0.0684537
8.13618 0.0680914
8.15612 0.0677305
8.17607 0.0673708
8.19601 0.0670125
8.21595 0.0666554
8.2359 0.0662997
8.25584 0.0659453
8.27579 0.0655923
8.29573 0.0652405
8.31568 0.0648901
8.33562 0.0645411
8.35556 0.0641933
8.37551 0.0638469
8.39545 0.0635018
8.4154 0.0631581
8.43534 0.0628157
8.45528 0.0624747
8.47523 0.062135
8.49517 0.0617967
8.51512 0.0614597
8.53506 0.061124
8.55501 0.0607897
8.57495 0.0604568
8.59489 0.0601252
8.61484 0.0597949
8.63478 0.059466
8.65473 0.0591385
8.67467 0.0588123
8.69461 0.0584875
8.71456 0.058164
8.7345 0.0578419
8.75445 0.0575211
8.77439 0.0572017
8.79433 0.0568836
8.81428 0.0565669
8.83422 0.0562516
8.85417 0.0559376
8.87411 0.0556249
8.89406 0.0553136
8.914 0.0550037
8.93394 0.0546951
8.95389 0.0543878
8.97383 0.0540819
8.99378 0.0537774
9.01372 0.0534741
9.03366 0.0531723
9.05361 0.0528718
9.07355 0.0525726
9.0935 0.0522747
9.11344 0.0519782
9.13339 0.051683
9.15333 0.0513892
9.17327 0.0510967
9.19322 0.0508055
9.21316 0.0505157
9.23311 0.0502272
9.25305 0.04994
9.27299 0.0496541
9.29294 0.0493696
9.31288 0.0490864
9.33283 0.0488045
9.35277 0.0485239
9.37271 0.0482446
9.39266 0.0479666
9.4126 0.04769
9.43255 0.0474146
9.45249 0.0471406
9.47244 0.0468678
9.49238 0.0465963
9.51232 0.0463262
9.53227 0.0460573
9.55221 0.0457897
9.57216 0.0455234
9.5921 0.0452584
9.61204 0.0449947
9.63199 0.0447322
9.65193 0.0444711
9.67188 0.0442111
9.69182 0.0439525
9.71176 0.0436951
9.73171 0.043439
9.75165 0.0431842
9.7716 0.0429306
9.79154 0.0426782
9.81149 0.0424271
9.83143 0.0421773
9.85137 0.0419287
9.87132 0.0416813
9.89126 0.0414351
9.91121 0.0411902
9.93115 0.0409466
9.95109 0.0407041
9.97104 0.0404629
9.99098 0.0402229
10.0109 0.0399841
10.0309 0.0397465
10.0508 0.0395101
10.0708 0.0392749
10.0907 0.039041
10.1106 0.0388082
10.1306 0.0385766
10.1505 0.0383462
10.1705 0.038117
10.1904 0.037889
10.2104 0.0376621
10.2303 0.0374364
10.2503 0.0372119
10.2702 0.0369886
10.2901 0.0367664
10.3101 0.0365453
10.33 0.0363255
10.35 0.0361067
10.3699 0.0358892
10.3899 0.0356727
10.4098 0.0354574
10.4298 0.0352433
10.4497 0.0350302
10.4696 0.0348183
10.4896 0.0346075
10.5095 0.0343978
10.5295 0.0341893
10.5494 0.0339818
10.5694 0.0337755
10.5893 0.0335703
10.6093 0.0333661
10.6292 0.0331631
10.6491 0.0329611
10.6691 0.0327602
10.689 0.0325604
10.709 0.0323617
10.7289 0.0321641
10.7489 0.0319675
10.7688 0.031772
10.7887 0.0315775
10.8087 0.0313841
10.8286 0.0311918
10.8486 0.0310005
10.8685 0.0308102
10.8885 0.030621
10.9084 0.0304328
10.9284 0.0302457
10.9483 0.0300596
10.9682 0.0298745
10.9882 0.0296904
11.0081 0.0295073
11.0281 0.0293253
11.048 0.0291442
11.068 0.0289642
11.0879 0.0287851
11.1079 0.028607
11.1278 0.02843
11.1477 0.0282539
11.1677 0.0280788
11.1876 0.0279046
11.2076 0.0277315
11.2275 0.0275593
11.2475 0.0273881
11.2674 0.0272178
11.2874 0.0270485
11.3073 0.0268801
11.3272 0.0267127
11.3472 0.0265463
11.3671 0.0263807
11.3871 0.0262161
11.407 0.0260525
11.427 0.0258897
11.4469 0.0257279
11.4668 0.025567
11.4868 0.025407
11.5067 0.0252479
11.5267 0.0250898
11.5466 0.0249325
11.5666 0.0247761
11.5865 0.0246206
11.6065 0.0244661
11.6264 0.0243123
11.6463 0.0241595
11.6663 0.0240076
11.6862 0.0238565
11.7062 0.0237063
11.7261 0.0235569
11.7461 0.0234085
11.766 0.0232608
11.786 0.0231141
11.8059 0.0229681
11.8258 0.0228231
11.8458 0.0226788
11.8657 0.0225354
11.8857 0.0223928
11.9056 0.0222511
11.9256 0.0221102
11.9455 0.0219701
11.9655 0.0218308
11.9854 0.0216923
12.0053 0.0215547
12.0253 0.0214178
12.0452 0.0212817
12.0652 0.0211465
12.0851 0.021012
12.1051 0.0208783
12.125 0.0207454
12.1449 0.0206133
12.1649 0.020482
12.1848 0.0203514
12.2048 0.0202216
12.2247 0.0200926
12.2447 0.0199643
12.2646 0.0198368
12.2846 0.0197101
12.3045 0.0195841
12.3244 0.0194588
12.3444 0.0193343
12.3643 0.0192105
12.3843 0.0190875
12.4042 0.0189652
12.4242 0.0188436
12.4441 0.0187228
12.4641 0.0186026
12.484 0.0184832
12.5039 0.0183645
12.5239 0.0182465
12.5438 0.0181292
12.5638 0.0180126
12.5837 0.0178967
12.6037 0.0177815
12.6236 0.017667
12.6436 0.0175532
12.6635 0.0174401
12.6834 0.0173276
12.7034 0.0172159
12.7233 0.0171048
12.7433 0.0169943
12.7632 0.0168846
12.7832 0.0167755
12.8031 0.016667
12.823 0.0165592
12.843 0.0164521
12.8629 0.0163456
12.8829 0.0162398
12.9028 0.0161346
12.9228 0.01603
12.9427 0.0159261
12.9627 0.0158228
12.9826 0.0157201
13.0025 0.0156181
13.0225 0.0155167
13.0424 0.0154159
13.0624 0.0153157
13.0823 0.0152161
13.1023 0.0151172
13.1222 0.0150188
13.1422 0.014921
13.1621 0.0148239
13.182 0.0147273
13.202 0.0146314
13.2219 0.014536
13.2419 0.0144412
13.2618 0.014347
13.2818 0.0142533
13.3017 0.0141603
13.3217 0.0140678
13.3416 0.0139759
13.3615 0.0138845
13.3815 0.0137937
13.4014 0.0137035
13.4214 0.0136138
13.4413 0.0135247
13.4613 0.0134362
13.4812 0.0133481
13.5012 0.0132607
13.5211 0.0131737
13.541 0.0130873
13.561 0.0130015
13.5809 0.0129162
13.6009 0.0128314
13.6208 0.0127471
13.6408 0.0126634
13.6607 0.0125802
13.6806 0.0124975
13.7006 0.0124153
13.7205 0.0123336
13.7405 0.0122524
13.7604 0.0121718
13.7804 0.0120916
13.8003 0.012012
13.8203 0.0119328
13.8402 0.0118541
13.8601 0.011776
13.8801 0.0116983
13.9 0.0116211
13.92 0.0115444
13.9399 0.0114682
13.9599 0.0113924
13.9798 0.0113171
13.9998 0.0112423
14.0197 0.011168
14.0396 0.0110942
14.0596 0.0110208
14.0795 0.0109478
14.0995 0.0108754
14.1194 0.0108033
14.1394 0.0107318
14.1593 0.0106607
14.1793 0.01059
14.1992 0.0105198
14.2191 0.01045
14.2391 0.0103807
14.259 0.0103118
14.279 0.0102433
14.2989 0.0101753
14.3189 0.0101077
14.3388 0.0100405
14.3587 0.0099738
14.3787 0.00990748
14.3986 0.00984159
14.4186 0.00977611
14.4385 0.00971105
14.4585 0.00964641
14.4784 0.00958217
14.4984 0.00951835
14.5183 0.00945493
14.5382 0.00939191
14.5582 0.0093293
14.5781 0.00926709
14.5981 0.00920527
14.618 0.00914385
14.638 0.00908282
14.6579 0.00902218
14.6779 0.00896193
14.6978 0.00890206
14.7177 0.00884258
14.7377 0.00878347
14.7576 0.00872475
14.7776 0.0086664
14.7975 0.00860843
14.8175 0.00855083
14.8374 0.00849359
14.8574 0.00843673
14.8773 0.00838023
14.8972 0.00832409
14.9172 0.00826831
14.9371 0.0082129
14.9571 0.00815784
14.977 0.00810313
14.997 0.00804877
15.0169 0.00799477
15.0368 0.00794111
15.0568 0.0078878
15.0767 0.00783484
15.0967 0.00778221
15.1166 0.00772993
15.1366 0.00767798
15.1565 0.00762637
15.1765 0.00757509
15.1964 0.00752414
15.2163 0.00747353
15.2363 0.00742324
15.2562 0.00737328
15.2762 0.00732364
15.2961 0.00727432
15.3161 0.00722532
15.336 0.00717664
15.356 0.00712827
15.3759 0.00708022
15.3958 0.00703248
15.4158 0.00698505
15.4357 0.00693793
15.4557 0.00689112
15.4756 0.00684461
15.4956 0.0067984
15.5155 0.00675249
15.5355 0.00670688
15.5554 0.00666157
15.5753 0.00661656
15.5953 0.00657184
15.6152 0.0065274
15.6352 0.00648326
15.6551 0.00643941
15.6751 0.00639584
15.695 0.00635256
15.7149 0.00630956
15.7349 0.00626684
15.7548 0.00622441
15.7748 0.00618224
15.7947 0.00614036
15.8147 0.00609875
15.8346 0.00605741
15.8546 0.00601634
15.8745 0.00597554
15.8944 0.00593501
15.9144 0.00589474
15.9343 0.00585474
15.9543 0.005815
15.9742 0.00577552
15.9942 0.0057363
16.0141 0.00569734
16.0341 0.00565864
16.054 0.00562018
16.0739 0.00558199
16.0939 0.00554404
16.1138 0.00550634
16.1338 0.00546889
16.1537 0.00543169
16.1737 0.00539473
16.1936 0.00535801
16.2136 0.00532154
16.2335 0.00528531
16.2534 0.00524932
16.2734 0.00521356
16.2933 0.00517804
16.3133 0.00514276
16.3332 0.0051077
16.3532 0.00507288
16.3731 0.00503829
16.3931 0.00500393
16.413 0.0049698
16.4329 0.00493589
16.4529 0.0049022
16.4728 0.00486874
16.4928 0.0048355
16.5127 0.00480248
16.5327 0.00476968
16.5526 0.0047371
16.5725 0.00470473
16.5925 0.00467257
16.6124 0.00464063
16.6324 0.00460891
16.6523 0.00457739
16.6723 0.00454608
16.6922 0.00451498
16.7122 0.00448409
16.7321 0.0044534
16.752 0.00442291
16.772 0.00439263
16.7919 0.00436255
16.8119 0.00433267
16.8318 0.00430299
16.8518 0.00427351
16.8717 0.00424422
16.8917 0.00421513
16.9116 0.00418623
16.9315 0.00415752
16.9515 0.00412901
16.9714 0.00410068
16.9914 0.00407255
17.0113 0.0040446
17.0313 0.00401684
17.0512 0.00398926
17.0712 0.00396187
17.0911 0.00393466
17.111 0.00390764
17.131 0.00388079
17.1509 0.00385412
17.1709 0.00382764
17.1908 0.00380132
17.2108 0.00377519
17.2307 0.00374923
17.2506 0.00372344
17.2706 0.00369783
17.2905 0.00367239
17.3105 0.00364712
17.3304 0.00362201
17.3504 0.00359708
17.3703 0.00357231
17.3903 0.00354771
17.4102 0.00352328
17.4301 0.003499
17.4501 0.0034749
17.47 0.00345095
17.49 0.00342716
17.5099 0.00340354
17.5299 0.00338007
17.5498 0.00335676
17.5698 0.00333361
17.5897 0.00331061
17.6096 0.00328777
17.6296 0.00326508
17.6495 0.00324254
17.6695 0.00322016
17.6894 0.00319793
17.7094 0.00317584
17.7293 0.00315391
17.7493 0.00313212
17.7692 0.00311048
17.7891 0.00308898
17.8091 0.00306763
17.829 0.00304643
17.849 0.00302537
17.8689 0.00300445
17.8889 0.00298367
17.9088 0.00296303
17.9287 0.00294253
17.9487 0.00292217
17.9686 0.00290195
17.9886 0.00288186
18.0085 0.00286191
18.0285 0.00284209
18.0484 0.00282241
18.0684 0.00280286
18.0883 0.00278344
18.1082 0.00276416
18.1282 0.00274501
18.1481 0.00272598
18.1681 0.00270708
18.188 0.00268832
18.208 0.00266968
18.2279 0.00265116
18.2479 0.00263277
18.2678 0.00261451
18.2877 0.00259637
18.3077 0.00257835
18.3276 0.00256046
18.3476 0.00254268
18.3675 0.00252503
18.3875 0.0025075
18.4074 0.00249008
18.4274 0.00247279
18.4473 0.00245561
18.4672 0.00243855
18.4872 0.0024216
18.5071 0.00240477
18.5271 0.00238806
18.547 0.00237145
18.567 0.00235496
18.5869 0.00233859
18.6068 0.00232232
18.6268 0.00230617
18.6467 0.00229012
18.6667 0.00227419
18.6866 0.00225836
18.7066 0.00224264
18.7265 0.00222703
18.7465 0.00221152
18.7664 0.00219612
18.7863 0.00218083
18.8063 0.00216564
18.8262 0.00215055
18.8462 0.00213557
18.8661 0.00212069
18.8861 0.00210591
18.906 0.00209123
18.926 0.00207665
18.9459 0.00206217
18.9658 0.00204779
18.9858 0.00203351
19.0057 0.00201932
19.0257 0.00200523
19.0456 0.00199124
19.0656 0.00197735
19.0855 0.00196355
19.1055 0.00194984
19.1254 0.00193623
19.1453 0.00192271
19.1653 0.00190928
19.1852 0.00189595
19.2052 0.0018827
19.2251 0.00186955
19.2451 0.00185649
19.265 0.00184352
19.2849 0.00183063
19.3049 0.00181784
19.3248 0.00180513
19.3448 0.00179251
19.3647 0.00177997
19.3847 0.00176753
19.4046 0.00175516
19.4246 0.00174288
19.4445 0.00173069
19.4644 0.00171858
19.4844 0.00170655
19.5043 0.00169461
19.5243 0.00168275
19.5442 0.00167097
19.5642 0.00165927
19.5841 0.00164765
19.6041 0.00163611
19.624 0.00162465
19.6439 0.00161327
19.6639 0.00160196
19.6838 0.00159074
19.7038 0.00157959
19.7237 0.00156852
19.7437 0.00155752
19.7636 0.0015466
19.7836 0.00153576
19.8035 0.00152499
19.8234 0.00151429
19.8434 0.00150367
19.8633 0.00149312
19.8833 0.00148265
19.9032 0.00147224
19.9232 0.00146191
19.9431 0.00145165
19.9631 0.00144146
19.983 0.00143134
20.0029 0.00142129
20.0229 0.00141131
20.0428 0.0014014
20.0628 0.00139156
20.0827 0.00138178
20.1027 0.00137207
20.1226 0.00136243
