-3.57594 0.000682796
-3.5683 0.00069483
-3.56067 0.000707074
-3.55304 0.000719533
-3.5454 0.000732211
-3.53777 0.000745111
-3.53013 0.000758238
-3.5225 0.000771595
-3.51486 0.000785185
-3.50723 0.000799014
-3.4996 0.000813086
-3.49196 0.000827404
-3.48433 0.000841973
-3.47669 0.000856798
-3.46906 0.000871882
-3.46142 0.00088723
-3.45379 0.000902847
-3.44616 0.000918738
-3.43852 0.000934907
-3.43089 0.000951359
-3.42325 0.000968099
-3.41562 0.000985132
-3.40798 0.00100246
-3.40035 0.0010201
-3.39272 0.00103804
-3.38508 0.0010563
-3.37745 0.00107487
-3.36981 0.00109377
-3.36218 0.001113
-3.35454 0.00113257
-3.34691 0.00115248
-3.33928 0.00117274
-3.33164 0.00119335
-3.32401 0.00121432
-3.31637 0.00123565
-3.30874 0.00125736
-3.3011 0.00127945
-3.29347 0.00130193
-3.28584 0.00132479
-3.2782 0.00134806
-3.27057 0.00137173
-3.26293 0.00139581
-3.2553 0.00142032
-3.24766 0.00144525
-3.24003 0.00147061
-3.2324 0.00149642
-3.22476 0.00152268
-3.21713 0.00154939
-3.20949 0.00157657
-3.20186 0.00160423
-3.19422 0.00163236
-3.18659 0.00166099
-3.17896 0.00169011
-3.17132 0.00171974
-3.16369 0.00174988
-3.15605 0.00178055
-3.14842 0.00181176
-3.14078 0.0018435
-3.13315 0.0018758
-3.12552 0.00190865
-3.11788 0.00194208
-3.11025 0.00197609
-3.10261 0.00201069
-3.09498 0.00204589
-3.08734 0.0020817
-3.07971 0.00211813
-3.07208 0.0021552
-3.06444 0.0021929
-3.05681 0.00223126
-3.04917 0.00227029
-3.04154 0.00230999
-3.0339 0.00235038
-3.02627 0.00239147
-3.01863 0.00243327
-3.011 0.00247579
-3.00337 0.00251905
-2.99573 0.00256306
-2.9881 0.00260783
-2.98046 0.00265337
-2.97283 0.0026997
-2.96519 0.00274683
-2.95756 0.00279478
-2.94993 0.00284355
-2.94229 0.00289316
-2.93466 0.00294363
-2.92702 0.00299497
-2.91939 0.0030472
-2.91175 0.00310033
-2.90412 0.00315437
-2.89649 0.00320935
-2.88885 0.00326527
-2.88122 0.00332215
-2.87358 0.00338002
-2.86595 0.00343888
-2.85831 0.00349875
-2.85068 0.00355965
-2.84305 0.0036216
-2.83541 0.00368461
-2.82778 0.00374871
-2.82014 0.00381391
-2.81251 0.00388022
-2.80487 0.00394767
-2.79724 0.00401629
-2.78961 0.00408607
-2.78197 0.00415706
-2.77434 0.00422926
-2.7667 0.00430269
-2.75907 0.00437738
-2.75143 0.00445336
-2.7438 0.00453063
-2.73617 0.00460922
-2.72853 0.00468916
-2.7209 0.00477046
-2.71326 0.00485315
-2.70563 0.00493725
-2.69799 0.00502279
-2.69036 0.00510978
-2.68273 0.00519826
-2.67509 0.00528825
-2.66746 0.00537977
-2.65982 0.00547285
-2.65219 0.00556751
-2.64455 0.00566378
-2.63692 0.00576169
-2.62929 0.00586126
-2.62165 0.00596253
-2.61402 0.00606551
-2.60638 0.00617024
-2.59875 0.00627675
-2.59111 0.00638506
-2.58348 0.00649521
-2.57585 0.00660722
-2.56821 0.00672113
-2.56058 0.00683697
-2.55294 0.00695477
-2.54531 0.00707455
-2.53767 0.00719636
-2.53004 0.00732023
-2.52241 0.00744618
-2.51477 0.00757426
-2.50714 0.0077045
-2.4995 0.00783693
-2.49187 0.00797159
-2.48423 0.00810851
-2.4766 0.00824774
-2.46897 0.00838931
-2.46133 0.00853325
-2.4537 0.00867961
-2.44606 0.00882842
-2.43843 0.00897973
-2.43079 0.00913357
-2.42316 0.00928999
-2.41553 0.00944902
-2.40789 0.00961072
-2.40026 0.00977511
-2.39262 0.00994225
-2.38499 0.0101122
-2.37735 0.0102849
-2.36972 0.0104606
-2.36209 0.0106391
-2.35445 0.0108207
-2.34682 0.0110052
-2.33918 0.0111928
-2.33155 0.0113836
-2.32391 0.0115774
-2.31628 0.0117746
-2.30864 0.0119749
-2.30101 0.0121786
-2.29338 0.0123857
-2.28574 0.0125961
-2.27811 0.0128101
-2.27047 0.0130276
-2.26284 0.0132486
-2.2552 0.0134733
-2.24757 0.0137017
-2.23994 0.0139339
-2.2323 0.0141698
-2.22467 0.0144097
-2.21703 0.0146534
-2.2094 0.0149012
-2.20176 0.015153
-2.19413 0.015409
-2.1865 0.0156691
-2.17886 0.0159334
-2.17123 0.0162021
-2.16359 0.0164751
-2.15596 0.0167526
-2.14832 0.0170346
-2.14069 0.0173212
-2.13306 0.0176124
-2.12542 0.0179084
-2.11779 0.0182091
-2.11015 0.0185147
-2.10252 0.0188252
-2.09488 0.0191408
-2.08725 0.0194614
-2.07962 0.0197872
-2.07198 0.0201182
-2.06435 0.0204546
-2.05671 0.0207963
-2.04908 0.0211435
-2.04144 0.0214963
-2.03381 0.0218547
-2.02618 0.0222188
-2.01854 0.0225888
-2.01091 0.0229646
-2.00327 0.0233464
-1.99564 0.0237343
-1.988 0.0241284
-1.98037 0.0245286
-1.97274 0.0249353
-1.9651 0.0253483
-1.95747 0.0257678
-1.94983 0.026194
-1.9422 0.0266269
-1.93456 0.0270666
-1.92693 0.0275131
-1.9193 0.0279667
-1.91166 0.0284274
-1.90403 0.0288952
-1.89639 0.0293704
-1.88876 0.0298529
-1.88112 0.030343
-1.87349 0.0308407
-1.86586 0.031346
-1.85822 0.0318592
-1.85059 0.0323804
-1.84295 0.0329095
-1.83532 0.0334468
-1.82768 0.0339924
-1.82005 0.0345463
-1.81242 0.0351088
-1.80478 0.0356798
-1.79715 0.0362595
-1.78951 0.0368481
-1.78188 0.0374456
-1.77424 0.0380522
-1.76661 0.0386679
-1.75898 0.039293
-1.75134 0.0399275
-1.74371 0.0405715
-1.73607 0.0412252
-1.72844 0.0418888
-1.7208 0.0425622
-1.71317 0.0432457
-1.70554 0.0439394
-1.6979 0.0446434
-1.69027 0.0453579
-1.68263 0.0460829
-1.675 0.0468186
-1.66736 0.0475652
-1.65973 0.0483227
-1.6521 0.0490913
-1.64446 0.0498712
-1.63683 0.0506624
-1.62919 0.0514652
-1.62156 0.0522796
-1.61392 0.0531058
-1.60629 0.053944
-1.59865 0.0547942
-1.59102 0.0556566
-1.58339 0.0565314
-1.57575 0.0574187
-1.56812 0.0583186
-1.56048 0.0592313
-1.55285 0.060157
-1.54521 0.0610957
-1.53758 0.0620476
-1.52995 0.0630129
-1.52231 0.0639917
-1.51468 0.0649841
-1.50704 0.0659904
-1.49941 0.0670106
-1.49177 0.0680449
-1.48414 0.0690934
-1.47651 0.0701563
-1.46887 0.0712338
-1.46124 0.072326
-1.4536 0.0734329
-1.44597 0.0745549
-1.43833 0.075692
-1.4307 0.0768444
-1.42307 0.0780121
-1.41543 0.0791955
-1.4078 0.0803945
-1.40016 0.0816095
-1.39253 0.0828404
-1.38489 0.0840875
-1.37726 0.0853508
-1.36963 0.0866306
-1.36199 0.087927
-1.35436 0.0892401
-1.34672 0.09057
-1.33909 0.091917
-1.33145 0.093281
-1.32382 0.0946624
-1.31619 0.0960611
-1.30855 0.0974774
-1.30092 0.0989113
-1.29328 0.100363
-1.28565 0.101833
-1.27801 0.10332
-1.27038 0.104826
-1.26275 0.106351
-1.25511 0.107893
-1.24748 0.109454
-1.23984 0.111034
-1.23221 0.112633
-1.22457 0.11425
-1.21694 0.115887
-1.20931 0.117542
-1.20167 0.119217
-1.19404 0.120911
-1.1864 0.122624
-1.17877 0.124357
-1.17113 0.12611
-1.1635 0.127882
-1.15587 0.129674
-1.14823 0.131485
-1.1406 0.133317
-1.13296 0.135168
-1.12533 0.137039
-1.11769 0.138931
-1.11006 0.140842
-1.10243 0.142774
-1.09479 0.144726
-1.08716 0.146698
-1.07952 0.148691
-1.07189 0.150703
-1.06425 0.152736
-1.05662 0.15479
-1.04899 0.156864
-1.04135 0.158958
-1.03372 0.161072
-1.02608 0.163207
-1.01845 0.165362
-1.01081 0.167537
-1.00318 0.169732
-0.995545 0.171948
-0.987911 0.174184
-0.980276 0.17644
-0.972642 0.178716
-0.965008 0.181012
-0.957374 0.183328
-0.949739 0.185663
-0.942105 0.188019
-0.934471 0.190393
-0.926836 0.192788
-0.919202 0.195201
-0.911568 0.197634
-0.903933 0.200086
-0.896299 0.202557
-0.888665 0.205047
-0.881031 0.207555
-0.873396 0.210081
-0.865762 0.212626
-0.858128 0.215188
-0.850493 0.217769
-0.842859 0.220367
-0.835225 0.222982
-0.82759 0.225614
-0.819956 0.228263
-0.812322 0.230929
-0.804688 0.23361
-0.797053 0.236308
-0.789419 0.239021
-0.781785 0.241749
-0.77415 0.244493
-0.766516 0.24725
-0.758882 0.250022
-0.751247 0.252808
-0.743613 0.255608
-0.735979 0.25842
-0.728345 0.261245
-0.72071 0.264083
-0.713076 0.266932
-0.705442 0.269792
-0.697807 0.272663
-0.690173 0.275545
-0.682539 0.278436
-0.674904 0.281337
-0.66727 0.284247
-0.659636 0.287165
-0.652002 0.290091
-0.644367 0.293024
-0.636733 0.295964
-0.629099 0.298909
-0.621464 0.301861
-0.61383 0.304817
-0.606196 0.307777
-0.598561 0.310741
-0.590927 0.313708
-0.583293 0.316677
-0.575658 0.319648
-0.568024 0.322619
-0.56039 0.325591
-0.552756 0.328563
-0.545121 0.331533
-0.537487 0.334501
-0.529853 0.337467
-0.522218 0.340429
-0.514584 0.343387
-0.50695 0.34634
-0.499315 0.349287
-0.491681 0.352227
-0.484047 0.355161
-0.476413 0.358086
-0.468778 0.361002
-0.461144 0.363908
-0.45351 0.366803
-0.445875 0.369687
-0.438241 0.372559
-0.430607 0.375417
-0.422972 0.378261
-0.415338 0.38109
-0.407704 0.383904
-0.40007 0.3867
-0.392435 0.389479
-0.384801 0.392239
-0.377167 0.39498
-0.369532 0.397701
-0.361898 0.4004
-0.354264 0.403078
-0.346629 0.405732
-0.338995 0.408362
-0.331361 0.410968
-0.323727 0.413548
-0.316092 0.416101
-0.308458 0.418626
-0.300824 0.421124
-0.293189 0.423592
-0.285555 0.426029
-0.277921 0.428436
-0.270286 0.430811
-0.262652 0.433152
-0.255018 0.435461
-0.247384 0.437734
-0.239749 0.439973
-0.232115 0.442175
-0.224481 0.44434
-0.216846 0.446467
-0.209212 0.448555
-0.201578 0.450604
-0.193943 0.452613
-0.186309 0.45458
-0.178675 0.456506
-0.171041 0.458389
-0.163406 0.460229
-0.155772 0.462025
-0.148138 0.463777
-0.140503 0.465483
-0.132869 0.467142
-0.125235 0.468756
-0.1176 0.470322
-0.109966 0.47184
-0.102332 0.473309
-0.0946975 0.474729
-0.0870632 0.4761
-0.0794289 0.477421
-0.0717946 0.47869
-0.0641603 0.479909
-0.056526 0.481076
-0.0488917 0.482191
-0.0412574 0.483254
-0.0336231 0.484263
-0.0259888 0.48522
-0.0183545 0.486122
-0.0107202 0.486971
-0.00308587 0.487765
0.00454843 0.488505
0.0121827 0.489191
0.019817 0.489821
0.0274513 0.490396
0.0350856 0.490915
0.0427199 0.49138
0.0503542 0.491788
0.0579885 0.492141
0.0656228 0.492438
0.0732571 0.492679
0.0808914 0.492864
0.0885257 0.492993
0.09616 0.493066
0.103794 0.493084
0.111429 0.493046
0.119063 0.492952
0.126697 0.492803
0.134332 0.492598
0.141966 0.492338
0.1496 0.492024
0.157234 0.491654
0.164869 0.49123
0.172503 0.490752
0.180137 0.490221
0.187772 0.489635
0.195406 0.488997
0.20304 0.488305
0.210675 0.487561
0.218309 0.486765
0.225943 0.485918
0.233577 0.485019
0.241212 0.484069
0.248846 0.48307
0.25648 0.482021
0.264115 0.480922
0.271749 0.479775
0.279383 0.47858
0.287018 0.477338
0.294652 0.476048
0.302286 0.474713
0.30992 0.473331
0.317555 0.471905
0.325189 0.470435
0.332823 0.468921
0.340458 0.467364
0.348092 0.465764
0.355726 0.464124
0.363361 0.462442
0.370995 0.46072
0.378629 0.458959
0.386264 0.45716
0.393898 0.455322
0.401532 0.453447
0.409166 0.451537
0.416801 0.44959
0.424435 0.447609
0.432069 0.445594
0.439704 0.443546
0.447338 0.441465
0.454972 0.439353
0.462607 0.43721
0.470241 0.435037
0.477875 0.432836
0.485509 0.430605
0.493144 0.428348
0.500778 0.426063
0.508412 0.423753
0.516047 0.421418
0.523681 0.419059
0.531315 0.416676
0.53895 0.414271
0.546584 0.411843
0.554218 0.409395
0.561852 0.406927
0.569487 0.404439
0.577121 0.401933
0.584755 0.399409
0.59239 0.396868
0.600024 0.394311
0.607658 0.391738
0.615293 0.389151
0.622927 0.38655
0.630561 0.383935
0.638195 0.381308
0.64583 0.37867
0.653464 0.376021
0.661098 0.373361
0.668733 0.370692
0.676367 0.368014
0.684001 0.365328
0.691636 0.362635
0.69927 0.359935
0.706904 0.357229
0.714538 0.354518
0.722173 0.351802
0.729807 0.349081
0.737441 0.346358
0.745076 0.343632
0.75271 0.340903
0.760344 0.338173
0.767979 0.335442
0.775613 0.332711
0.783247 0.329979
0.790881 0.327249
0.798516 0.32452
0.80615 0.321793
0.813784 0.319068
0.821419 0.316346
0.829053 0.313627
0.836687 0.310912
0.844322 0.308202
0.851956 0.305496
0.85959 0.302796
0.867225 0.300102
0.874859 0.297414
0.882493 0.294732
0.890127 0.292058
0.897762 0.289391
0.905396 0.286732
0.91303 0.284082
0.920665 0.28144
0.928299 0.278807
0.935933 0.276184
0.943568 0.27357
0.951202 0.270966
0.958836 0.268373
0.96647 0.265791
0.974105 0.263219
0.981739 0.260659
0.989373 0.258111
0.997008 0.255575
1.00464 0.253051
1.01228 0.250539
1.01991 0.24804
1.02754 0.245554
1.03518 0.243081
1.04281 0.240622
1.05045 0.238176
1.05808 0.235744
1.06572 0.233326
1.07335 0.230922
1.08098 0.228533
1.08862 0.226159
1.09625 0.223799
1.10389 0.221454
1.11152 0.219124
1.11916 0.216809
1.12679 0.21451
1.13443 0.212226
1.14206 0.209957
1.14969 0.207705
1.15733 0.205468
1.16496 0.203247
1.1726 0.201042
1.18023 0.198853
1.18787 0.19668
1.1955 0.194524
1.20313 0.192384
1.21077 0.19026
1.2184 0.188152
1.22604 0.186062
1.23367 0.183987
1.24131 0.181929
1.24894 0.179888
1.25657 0.177863
1.26421 0.175855
1.27184 0.173864
1.27948 0.171889
1.28711 0.169931
1.29475 0.16799
1.30238 0.166065
1.31001 0.164157
1.31765 0.162266
1.32528 0.160391
1.33292 0.158533
1.34055 0.156692
1.34819 0.154867
1.35582 0.153059
1.36345 0.151267
1.37109 0.149492
1.37872 0.147733
1.38636 0.14599
1.39399 0.144264
1.40163 0.142554
1.40926 0.140861
1.41689 0.139184
1.42453 0.137523
1.43216 0.135878
1.4398 0.134249
1.44743 0.132636
1.45507 0.131038
1.4627 0.129457
1.47033 0.127892
1.47797 0.126342
1.4856 0.124808
1.49324 0.123289
1.50087 0.121786
1.50851 0.120298
1.51614 0.118825
1.52377 0.117368
1.53141 0.115925
1.53904 0.114498
1.54668 0.113086
1.55431 0.111688
1.56195 0.110306
1.56958 0.108938
1.57721 0.107584
1.58485 0.106245
1.59248 0.104921
1.60012 0.10361
1.60775 0.102314
1.61539 0.101032
1.62302 0.0997641
1.63065 0.09851
1.63829 0.0972696
1.64592 0.0960429
1.65356 0.0948298
1.66119 0.0936301
1.66883 0.0924439
1.67646 0.0912709
1.68409 0.0901111
1.69173 0.0889643
1.69936 0.0878305
1.707 0.0867095
1.71463 0.0856013
1.72227 0.0845057
1.7299 0.0834227
1.73753 0.0823521
1.74517 0.0812938
1.7528 0.0802477
1.76044 0.0792138
1.76807 0.0781918
1.77571 0.0771817
1.78334 0.0761835
1.79097 0.0751969
1.79861 0.0742219
1.80624 0.0732583
1.81388 0.0723062
1.82151 0.0713652
1.82915 0.0704355
1.83678 0.0695168
1.84442 0.068609
1.85205 0.0677121
1.85968 0.0668259
1.86732 0.0659504
1.87495 0.0650853
1.88259 0.0642307
1.89022 0.0633865
1.89786 0.0625524
1.90549 0.0617285
1.91312 0.0609146
1.92076 0.0601106
1.92839 0.0593164
1.93603 0.058532
1.94366 0.0577571
1.9513 0.0569918
1.95893 0.0562359
1.96656 0.0554893
1.9742 0.054752
1.98183 0.0540237
1.98947 0.0533045
1.9971 0.0525943
2.00474 0.0518928
2.01237 0.0512002
2.02 0.0505161
2.02764 0.0498407
2.03527 0.0491737
2.04291 0.0485151
2.05054 0.0478647
2.05818 0.0472226
2.06581 0.0465885
2.07344 0.0459625
2.08108 0.0453444
2.08871 0.0447341
2.09635 0.0441316
2.10398 0.0435367
2.11162 0.0429494
2.11925 0.0423696
2.12688 0.0417972
2.13452 0.0412321
2.14215 0.0406743
2.14979 0.0401236
2.15742 0.03958
2.16506 0.0390434
2.17269 0.0385137
2.18032 0.0379908
2.18796 0.0374747
2.19559 0.0369652
2.20323 0.0364624
2.21086 0.035966
2.2185 0.0354761
2.22613 0.0349926
2.23376 0.0345154
2.2414 0.0340443
2.24903 0.0335795
2.25667 0.0331207
2.2643 0.0326678
2.27194 0.032221
2.27957 0.0317799
2.2872 0.0313447
2.29484 0.0309151
2.30247 0.0304912
2.31011 0.0300729
2.31774 0.0296601
2.32538 0.0292528
2.33301 0.0288508
2.34064 0.0284541
2.34828 0.0280627
2.35591 0.0276765
2.36355 0.0272953
2.37118 0.0269193
2.37882 0.0265482
2.38645 0.0261821
2.39408 0.0258208
2.40172 0.0254643
2.40935 0.0251126
2.41699 0.0247656
2.42462 0.0244232
2.43226 0.0240854
2.43989 0.0237521
2.44752 0.0234233
2.45516 0.0230988
2.46279 0.0227788
2.47043 0.022463
2.47806 0.0221514
2.4857 0.0218441
2.49333 0.0215409
2.50097 0.0212417
2.5086 0.0209466
2.51623 0.0206555
2.52387 0.0203683
2.5315 0.020085
2.53914 0.0198055
2.54677 0.0195298
2.55441 0.0192578
2.56204 0.0189895
2.56967 0.0187249
2.57731 0.0184638
2.58494 0.0182063
2.59258 0.0179522
2.60021 0.0177017
2.60785 0.0174545
2.61548 0.0172107
2.62311 0.0169702
2.63075 0.016733
2.63838 0.016499
2.64602 0.0162682
2.65365 0.0160406
2.66129 0.0158161
2.66892 0.0155946
2.67655 0.0153762
2.68419 0.0151608
2.69182 0.0149483
2.69946 0.0147387
2.70709 0.014532
2.71473 0.0143281
2.72236 0.0141271
2.72999 0.0139288
2.73763 0.0137332
2.74526 0.0135403
2.7529 0.0133501
2.76053 0.0131624
2.76817 0.0129774
2.7758 0.0127949
2.78343 0.0126149
2.79107 0.0124374
2.7987 0.0122624
2.80634 0.0120898
2.81397 0.0119195
2.82161 0.0117516
2.82924 0.0115861
2.83687 0.0114228
2.84451 0.0112618
2.85214 0.011103
2.85978 0.0109464
2.86741 0.010792
2.87505 0.0106397
2.88268 0.0104895
2.89031 0.0103414
2.89795 0.0101954
2.90558 0.0100514
2.91322 0.0099094
2.92085 0.00976938
2.92849 0.0096313
2.93612 0.00949514
2.94375 0.00936087
2.95139 0.00922847
2.95902 0.00909792
2.96666 0.00896919
2.97429 0.00884225
2.98193 0.00871708
2.98956 0.00859366
2.99719 0.00847196
3.00483 0.00835195
3.01246 0.00823363
3.0201 0.00811695
3.02773 0.00800191
3.03537 0.00788848
3.043 0.00777663
3.05063 0.00766634
3.05827 0.0075576
3.0659 0.00745038
3.07354 0.00734466
3.08117 0.00724043
3.08881 0.00713765
3.09644 0.00703632
3.10407 0.0069364
3.11171 0.00683789
3.11934 0.00674076
3.12698 0.00664499
3.13461 0.00655057
3.14225 0.00645747
3.14988 0.00636568
3.15751 0.00627518
3.16515 0.00618595
3.17278 0.00609798
3.18042 0.00601124
3.18805 0.00592573
3.19569 0.00584141
3.20332 0.00575829
3.21096 0.00567633
3.21859 0.00559553
3.22622 0.00551587
3.23386 0.00543733
3.24149 0.00535989
3.24913 0.00528355
3.25676 0.00520829
3.2644 0.00513408
3.27203 0.00506093
3.27966 0.0049888
3.2873 0.0049177
3.29493 0.00484759
3.30257 0.00477848
3.3102 0.00471035
3.31784 0.00464317
3.32547 0.00457695
3.3331 0.00451166
3.34074 0.0044473
3.34837 0.00438384
3.35601 0.00432129
3.36364 0.00425962
3.37128 0.00419882
3.37891 0.00413888
3.38654 0.00407979
3.39418 0.00402154
3.40181 0.00396411
3.40945 0.0039075
3.41708 0.00385169
3.42472 0.00379667
3.43235 0.00374243
3.43998 0.00368895
3.44762 0.00363624
3.45525 0.00358428
3.46289 0.00353305
3.47052 0.00348255
3.47816 0.00343276
3.48579 0.00338368
3.49342 0.0033353
3.50106 0.00328761
3.50869 0.00324059
3.51633 0.00319424
3.52396 0.00314855
3.5316 0.00310351
3.53923 0.00305911
3.54686 0.00301534
3.5545 0.0029722
3.56213 0.00292966
3.56977 0.00288773
3.5774 0.0028464
3.58504 0.00280566
3.59267 0.00276549
3.6003 0.0027259
3.60794 0.00268687
3.61557 0.00264839
3.62321 0.00261047
3.63084 0.00257308
3.63848 0.00253623
3.64611 0.0024999
3.65374 0.00246409
3.66138 0.00242879
3.66901 0.00239399
3.67665 0.00235969
3.68428 0.00232588
3.69192 0.00229255
3.69955 0.00225969
3.70718 0.0022273
3.71482 0.00219538
3.72245 0.00216391
3.73009 0.00213289
3.73772 0.00210231
3.74536 0.00207217
3.75299 0.00204246
3.76062 0.00201317
3.76826 0.0019843
3.77589 0.00195584
3.78353 0.00192779
3.79116 0.00190014
3.7988 0.00187289
3.80643 0.00184602
3.81406 0.00181954
3.8217 0.00179343
3.82933 0.0017677
3.83697 0.00174234
3.8446 0.00171734
3.85224 0.0016927
3.85987 0.0016684
3.86751 0.00164446
3.87514 0.00162086
3.88277 0.00159759
3.89041 0.00157466
3.89804 0.00155206
3.90568 0.00152978
3.91331 0.00150782
3.92095 0.00148617
3.92858 0.00146483
3.93621 0.0014438
3.94385 0.00142307
3.95148 0.00140264
3.95912 0.00138249
3.96675 0.00136264
3.97439 0.00134307
3.98202 0.00132378
3.98965 0.00130477
3.99729 0.00128603
4.00492 0.00126755
4.01256 0.00124935
4.02019 0.0012314
4.02783 0.00121371
4.03546 0.00119627
4.04309 0.00117909
4.05073 0.00116215
