-10.724 0.000412877
-10.6672 0.000425718
-10.6104 0.000438953
-10.5537 0.000452596
-10.4969 0.000466658
-10.4402 0.000481152
-10.3834 0.000496091
-10.3267 0.000511489
-10.2699 0.000527359
-10.2132 0.000543716
-10.1564 0.000560575
-10.0997 0.00057795
-10.0429 0.000595857
-9.98614 0.000614312
-9.92939 0.000633331
-9.87263 0.000652933
-9.81588 0.000673133
-9.75912 0.000693951
-9.70237 0.000715403
-9.64561 0.000737511
-9.58886 0.000760293
-9.5321 0.000783769
-9.47535 0.00080796
-9.41859 0.000832888
-9.36184 0.000858575
-9.30508 0.000885042
-9.24833 0.000912314
-9.19157 0.000940415
-9.13482 0.000969368
-9.07806 0.0009992
-9.02131 0.00102994
-8.96455 0.0010616
-8.90779 0.00109423
-8.85104 0.00112784
-8.79428 0.00116247
-8.73753 0.00119815
-8.68077 0.00123491
-8.62402 0.00127277
-8.56726 0.00131178
-8.51051 0.00135196
-8.45375 0.00139335
-8.397 0.00143598
-8.34024 0.0014799
-8.28349 0.00152514
-8.22673 0.00157174
-8.16998 0.00161973
-8.11322 0.00166917
-8.05647 0.00172008
-7.99971 0.00177252
-7.94296 0.00182652
-7.8862 0.00188214
-7.82945 0.00193943
-7.77269 0.00199841
-7.71594 0.00205916
-7.65918 0.00212172
-7.60243 0.00218613
-7.54567 0.00225246
-7.48892 0.00232076
-7.43216 0.00239109
-7.37541 0.0024635
-7.31865 0.00253806
-7.26189 0.00261481
-7.20514 0.00269384
-7.14838 0.0027752
-7.09163 0.00285896
-7.03487 0.00294518
-6.97812 0.00303394
-6.92136 0.00312531
-6.86461 0.00321936
-6.80785 0.00331617
-6.7511 0.00341581
-6.69434 0.00351836
-6.63759 0.00362391
-6.58083 0.00373254
-6.52408 0.00384433
-6.46732 0.00395938
-6.41057 0.00407777
-6.35381 0.00419959
-6.29706 0.00432494
-6.2403 0.00445392
-6.18355 0.00458662
-6.12679 0.00472315
-6.07004 0.00486361
-6.01328 0.00500811
-5.95653 0.00515676
-5.89977 0.00530967
-5.84302 0.00546695
-5.78626 0.00562873
-5.72951 0.00579512
-5.67275 0.00596624
-5.61599 0.00614223
-5.55924 0.0063232
-5.50248 0.0065093
-5.44573 0.00670065
-5.38897 0.00689739
-5.33222 0.00709967
-5.27546 0.00730762
-5.21871 0.0075214
-5.16195 0.00774114
-5.1052 0.00796702
-5.04844 0.00819917
-4.99169 0.00843777
-4.93493 0.00868296
-4.87818 0.00893493
-4.82142 0.00919382
-4.76467 0.00945983
-4.70791 0.00973311
-4.65116 0.0100139
-4.5944 0.0103022
-4.53765 0.0105984
-4.48089 0.0109026
-4.42414 0.0112151
-4.36738 0.0115359
-4.31063 0.0118652
-4.25387 0.0122034
-4.19712 0.0125506
-4.14036 0.0129069
-4.08361 0.0132726
-4.02685 0.013648
-3.97009 0.0140331
-3.91334 0.0144282
-3.85658 0.0148336
-3.79983 0.0152495
-3.74307 0.015676
-3.68632 0.0161134
-3.62956 0.0165619
-3.57281 0.0170217
-3.51605 0.017493
-3.4593 0.0179761
-3.40254 0.0184712
-3.34579 0.0189784
-3.28903 0.0194981
-3.23228 0.0200303
-3.17552 0.0205754
-3.11877 0.0211335
-3.06201 0.0217048
-3.00526 0.0222896
-2.9485 0.0228879
-2.89175 0.0235001
-2.83499 0.0241262
-2.77824 0.0247665
-2.72148 0.025421
-2.66473 0.02609
-2.60797 0.0267736
-2.55122 0.0274718
-2.49446 0.0281848
-2.43771 0.0289128
-2.38095 0.0296557
-2.32419 0.0304135
-2.26744 0.0311864
-2.21068 0.0319743
-2.15393 0.0327773
-2.09717 0.0335951
-2.04042 0.0344278
-1.98366 0.0352752
-1.92691 0.0361372
-1.87015 0.0370135
-1.8134 0.0379039
-1.75664 0.0388081
-1.69989 0.0397258
-1.64313 0.0406565
-1.58638 0.0415998
-1.52962 0.0425551
-1.47287 0.0435219
-1.41611 0.0444994
-1.35936 0.045487
-1.3026 0.0464837
-1.24585 0.0474888
-1.18909 0.0485011
-1.13234 0.0495195
-1.07558 0.050543
-1.01883 0.0515702
-0.962071 0.0525997
-0.905315 0.05363
-0.84856 0.0546596
-0.791805 0.0556868
-0.73505 0.0567098
-0.678295 0.0577269
-0.62154 0.0587361
-0.564784 0.0597354
-0.508029 0.0607229
-0.451274 0.0616965
-0.394519 0.0626542
-0.337764 0.0635939
-0.281009 0.0645137
-0.224253 0.0654116
-0.167498 0.0662858
-0.110743 0.0671346
-0.0539879 0.0679563
0.00276726 0.0687495
0.0595224 0.0695129
0.116278 0.0702454
0.173033 0.070946
0.229788 0.071614
0.286543 0.072249
0.343298 0.0728504
0.400053 0.0734182
0.456809 0.0739524
0.513564 0.0744531
0.570319 0.0749206
0.627074 0.0753553
0.683829 0.0757578
0.740584 0.0761287
0.79734 0.0764687
0.854095 0.0767786
0.91085 0.0770591
0.967605 0.0773113
1.02436 0.0775359
1.08112 0.0777338
1.13787 0.077906
1.19463 0.0780533
1.25138 0.0781767
1.30814 0.0782771
1.36489 0.0783553
1.42165 0.0784122
1.4784 0.0784487
1.53516 0.0784655
1.59191 0.0784635
1.64867 0.0784434
1.70542 0.0784059
1.76218 0.0783519
1.81893 0.078282
1.87569 0.0781968
1.93244 0.0780971
1.9892 0.0779834
2.04595 0.0778563
2.10271 0.0777165
2.15946 0.0775644
2.21622 0.0774006
2.27297 0.0772257
2.32973 0.07704
2.38648 0.0768441
2.44324 0.0766384
2.49999 0.0764234
2.55675 0.0761995
2.61351 0.075967
2.67026 0.0757265
2.72702 0.0754781
2.78377 0.0752224
2.84053 0.0749596
2.89728 0.07469
2.95404 0.0744141
3.01079 0.074132
3.06755 0.0738441
3.1243 0.0735506
3.18106 0.0732519
3.23781 0.0729482
3.29457 0.0726397
3.35132 0.0723266
3.40808 0.0720093
3.46483 0.071688
3.52159 0.0713628
3.57834 0.0710339
3.6351 0.0707016
3.69185 0.070366
3.74861 0.0700274
3.80536 0.0696859
3.86212 0.0693417
3.91887 0.0689949
3.97563 0.0686457
4.03238 0.0682943
4.08914 0.0679408
4.14589 0.0675854
4.20265 0.0672281
4.25941 0.0668692
4.31616 0.0665088
4.37292 0.0661469
4.42967 0.0657837
4.48643 0.0654193
4.54318 0.0650539
4.59994 0.0646875
4.65669 0.0643203
4.71345 0.0639523
4.7702 0.0635836
4.82696 0.0632143
4.88371 0.0628446
4.94047 0.0624745
4.99722 0.062104
5.05398 0.0617334
5.11073 0.0613626
5.16749 0.0609917
5.22424 0.0606208
5.281 0.06025
5.33775 0.0598794
5.39451 0.0595089
5.45126 0.0591387
5.50802 0.0587688
5.56477 0.0583994
5.62153 0.0580303
5.67828 0.0576618
5.73504 0.0572938
5.79179 0.0569264
5.84855 0.0565597
5.90531 0.0561936
5.96206 0.0558283
6.01882 0.0554638
6.07557 0.0551002
6.13233 0.0547374
6.18908 0.0543755
6.24584 0.0540146
6.30259 0.0536546
6.35935 0.0532957
6.4161 0.0529378
6.47286 0.052581
6.52961 0.0522254
6.58637 0.0518708
6.64312 0.0515175
6.69988 0.0511654
6.75663 0.0508145
6.81339 0.0504648
6.87014 0.0501165
6.9269 0.0497694
6.98365 0.0494237
7.04041 0.0490793
7.09716 0.0487363
7.15392 0.0483947
7.21067 0.0480545
7.26743 0.0477157
7.32418 0.0473784
7.38094 0.0470425
7.43769 0.0467081
7.49445 0.0463752
7.55121 0.0460438
7.60796 0.0457139
7.66472 0.0453856
7.72147 0.0450588
7.77823 0.0447335
7.83498 0.0444098
7.89174 0.0440877
7.94849 0.0437672
8.00525 0.0434483
8.062 0.043131
8.11876 0.0428153
8.17551 0.0425012
8.23227 0.0421888
8.28902 0.041878
8.34578 0.0415688
8.40253 0.0412613
8.45929 0.0409554
8.51604 0.0406512
8.5728 0.0403486
8.62955 0.0400477
8.68631 0.0397485
8.74306 0.039451
8.79982 0.0391551
8.85657 0.0388609
8.91333 0.0385683
8.97008 0.0382775
9.02684 0.0379883
9.08359 0.0377008
9.14035 0.037415
9.19711 0.0371309
9.25386 0.0368485
9.31062 0.0365677
9.36737 0.0362887
9.42413 0.0360113
9.48088 0.0357356
9.53764 0.0354615
9.59439 0.0351892
9.65115 0.0349185
9.7079 0.0346495
9.76466 0.0343822
9.82141 0.0341165
9.87817 0.0338525
9.93492 0.0335902
9.99168 0.0333295
10.0484 0.0330705
10.1052 0.0328132
10.1619 0.0325575
10.2187 0.0323034
10.2755 0.032051
10.3322 0.0318003
10.389 0.0315511
10.4457 0.0313036
10.5025 0.0310577
10.5592 0.0308135
10.616 0.0305708
10.6727 0.0303298
10.7295 0.0300904
10.7862 0.0298526
10.843 0.0296164
10.8998 0.0293817
10.9565 0.0291487
11.0133 0.0289172
11.07 0.0286873
11.1268 0.028459
11.1835 0.0282323
11.2403 0.0280071
11.297 0.0277834
11.3538 0.0275613
11.4106 0.0273407
11.4673 0.0271217
11.5241 0.0269042
11.5808 0.0266882
11.6376 0.0264737
11.6943 0.0262608
11.7511 0.0260493
11.8078 0.0258393
11.8646 0.0256308
11.9214 0.0254238
11.9781 0.0252183
12.0349 0.0250142
12.0916 0.0248116
12.1484 0.0246104
12.2051 0.0244107
12.2619 0.0242124
12.3186 0.0240156
12.3754 0.0238201
12.4321 0.0236261
12.4889 0.0234335
12.5457 0.0232423
12.6024 0.0230525
12.6592 0.0228641
12.7159 0.0226771
12.7727 0.0224914
12.8294 0.0223071
12.8862 0.0221242
12.9429 0.0219426
12.9997 0.0217623
13.0565 0.0215834
13.1132 0.0214058
13.17 0.0212295
13.2267 0.0210546
13.2835 0.0208809
13.3402 0.0207086
13.397 0.0205375
13.4537 0.0203678
13.5105 0.0201993
13.5673 0.0200321
13.624 0.0198661
13.6808 0.0197014
13.7375 0.0195379
13.7943 0.0193757
13.851 0.0192147
13.9078 0.0190549
13.9645 0.0188964
14.0213 0.018739
14.078 0.0185829
14.1348 0.0184279
14.1916 0.0182742
14.2483 0.0181216
14.3051 0.0179702
14.3618 0.01782
14.4186 0.0176709
14.4753 0.0175229
14.5321 0.0173761
14.5888 0.0172305
14.6456 0.017086
14.7024 0.0169426
14.7591 0.0168003
14.8159 0.0166591
14.8726 0.016519
14.9294 0.01638
14.9861 0.0162421
15.0429 0.0161053
15.0996 0.0159695
15.1564 0.0158349
15.2132 0.0157012
15.2699 0.0155686
15.3267 0.0154371
15.3834 0.0153066
15.4402 0.0151771
15.4969 0.0150487
15.5537 0.0149212
15.6104 0.0147948
15.6672 0.0146694
15.7239 0.014545
15.7807 0.0144215
15.8375 0.014299
15.8942 0.0141776
15.951 0.014057
16.0077 0.0139375
16.0645 0.0138189
16.1212 0.0137012
16.178 0.0135845
16.2347 0.0134687
16.2915 0.0133539
16.3483 0.0132399
16.405 0.0131269
16.4618 0.0130148
16.5185 0.0129036
16.5753 0.0127933
16.632 0.0126839
16.6888 0.0125754
16.7455 0.0124677
16.8023 0.0123609
16.8591 0.012255
16.9158 0.0121499
16.9726 0.0120457
17.0293 0.0119423
17.0861 0.0118398
17.1428 0.0117381
17.1996 0.0116372
17.2563 0.0115372
17.3131 0.0114379
17.3698 0.0113395
17.4266 0.0112419
17.4834 0.0111451
17.5401 0.011049
17.5969 0.0109538
17.6536 0.0108593
17.7104 0.0107656
17.7671 0.0106727
17.8239 0.0105806
17.8806 0.0104892
17.9374 0.0103985
17.9942 0.0103086
18.0509 0.0102194
18.1077 0.010131
18.1644 0.0100433
18.2212 0.00995634
18.2779 0.00987009
18.3347 0.00978454
18.3914 0.0096997
18.4482 0.00961557
18.505 0.00953213
18.5617 0.00944939
18.6185 0.00936733
18.6752 0.00928595
18.732 0.00920525
18.7887 0.00912521
18.8455 0.00904585
18.9022 0.00896714
18.959 0.00888909
19.0157 0.00881169
19.0725 0.00873494
19.1293 0.00865883
19.186 0.00858335
19.2428 0.0085085
19.2995 0.00843428
19.3563 0.00836068
19.413 0.0082877
19.4698 0.00821533
19.5265 0.00814356
19.5833 0.0080724
19.6401 0.00800183
19.6968 0.00793186
19.7536 0.00786247
19.8103 0.00779367
19.8671 0.00772545
19.9238 0.0076578
19.9806 0.00759072
20.0373 0.00752421
20.0941 0.00745825
20.1509 0.00739286
20.2076 0.00732801
20.2644 0.00726372
20.3211 0.00719996
20.3779 0.00713675
20.4346 0.00707407
20.4914 0.00701192
20.5481 0.0069503
20.6049 0.0068892
20.6616 0.00682862
20.7184 0.00676855
20.7752 0.006709
20.8319 0.00664994
20.8887 0.00659139
20.9454 0.00653334
21.0022 0.00647578
21.0589 0.00641871
21.1157 0.00636213
21.1724 0.00630603
21.2292 0.00625041
21.286 0.00619526
21.3427 0.00614058
21.3995 0.00608637
21.4562 0.00603262
21.513 0.00597934
21.5697 0.0059265
21.6265 0.00587412
21.6832 0.00582219
21.74 0.0057707
21.7968 0.00571965
21.8535 0.00566904
21.9103 0.00561887
21.967 0.00556912
22.0238 0.0055198
22.0805 0.0054709
22.1373 0.00542243
22.194 0.00537437
22.2508 0.00532672
22.3075 0.00527949
22.3643 0.00523266
22.4211 0.00518623
22.4778 0.0051402
22.5346 0.00509457
22.5913 0.00504933
22.6481 0.00500449
22.7048 0.00496003
22.7616 0.00491595
22.8183 0.00487225
22.8751 0.00482893
22.9319 0.00478599
22.9886 0.00474341
23.0454 0.00470121
23.1021 0.00465937
23.1589 0.00461789
23.2156 0.00457677
23.2724 0.00453601
23.3291 0.0044956
23.3859 0.00445554
23.4427 0.00441582
23.4994 0.00437645
23.5562 0.00433743
23.6129 0.00429874
23.6697 0.00426039
23.7264 0.00422237
23.7832 0.00418468
23.8399 0.00414732
23.8967 0.00411028
23.9534 0.00407357
24.0102 0.00403718
24.067 0.0040011
24.1237 0.00396534
24.1805 0.00392989
24.2372 0.00389474
24.294 0.00385991
24.3507 0.00382537
24.4075 0.00379114
24.4642 0.00375721
24.521 0.00372358
24.5778 0.00369023
24.6345 0.00365718
24.6913 0.00362442
24.748 0.00359195
24.8048 0.00355975
24.8615 0.00352784
24.9183 0.00349621
24.975 0.00346486
25.0318 0.00343378
25.0886 0.00340297
25.1453 0.00337244
25.2021 0.00334217
25.2588 0.00331216
25.3156 0.00328242
25.3723 0.00325294
25.4291 0.00322372
25.4858 0.00319476
25.5426 0.00316605
25.5993 0.00313759
25.6561 0.00310938
25.7129 0.00308142
25.7696 0.00305371
25.8264 0.00302624
25.8831 0.00299901
25.9399 0.00297202
25.9966 0.00294527
26.0534 0.00291876
26.1101 0.00289248
26.1669 0.00286643
26.2237 0.00284061
26.2804 0.00281501
26.3372 0.00278965
26.3939 0.0027645
26.4507 0.00273958
26.5074 0.00271488
26.5642 0.0026904
26.6209 0.00266613
26.6777 0.00264208
26.7345 0.00261824
26.7912 0.00259461
26.848 0.00257119
26.9047 0.00254797
26.9615 0.00252497
27.0182 0.00250216
27.075 0.00247956
27.1317 0.00245716
27.1885 0.00243495
27.2452 0.00241295
27.302 0.00239113
27.3588 0.00236951
27.4155 0.00234809
27.4723 0.00232685
27.529 0.0023058
27.5858 0.00228494
27.6425 0.00226426
27.6993 0.00224377
27.756 0.00222346
27.8128 0.00220333
27.8696 0.00218338
27.9263 0.0021636
27.9831 0.002144
28.0398 0.00212458
28.0966 0.00210533
28.1533 0.00208624
28.2101 0.00206733
28.2668 0.00204859
28.3236 0.00203002
28.3804 0.00201161
28.4371 0.00199336
28.4939 0.00197528
28.5506 0.00195735
28.6074 0.00193959
28.6641 0.00192199
28.7209 0.00190454
28.7776 0.00188725
28.8344 0.00187011
28.8911 0.00185312
28.9479 0.00183629
29.0047 0.00181961
29.0614 0.00180307
29.1182 0.00178669
29.1749 0.00177045
29.2317 0.00175435
29.2884 0.0017384
29.3452 0.0017226
29.4019 0.00170693
29.4587 0.0016914
29.5155 0.00167601
29.5722 0.00166076
29.629 0.00164565
29.6857 0.00163067
29.7425 0.00161583
29.7992 0.00160112
29.856 0.00158654
29.9127 0.00157209
29.9695 0.00155777
30.0263 0.00154358
30.083 0.00152951
30.1398 0.00151558
30.1965 0.00150176
30.2533 0.00148807
30.31 0.00147451
30.3668 0.00146106
30.4235 0.00144774
30.4803 0.00143454
30.537 0.00142145
30.5938 0.00140848
30.6506 0.00139563
30.7073 0.0013829
30.7641 0.00137027
30.8208 0.00135777
30.8776 0.00134537
30.9343 0.00133309
30.9911 0.00132091
31.0478 0.00130885
31.1046 0.00129689
31.1614 0.00128505
31.2181 0.0012733
31.2749 0.00126167
31.3316 0.00125014
31.3884 0.00123871
31.4451 0.00122739
31.5019 0.00121616
31.5586 0.00120504
31.6154 0.00119402
31.6722 0.0011831
31.7289 0.00117228
31.7857 0.00116155
31.8424 0.00115093
31.8992 0.00114039
31.9559 0.00112996
32.0127 0.00111961
32.0694 0.00110936
32.1262 0.00109921
32.1829 0.00108914
32.2397 0.00107916
32.2965 0.00106928
32.3532 0.00105948
32.41 0.00104978
32.4667 0.00104016
32.5235 0.00103063
32.5802 0.00102118
32.637 0.00101182
32.6937 0.00100254
32.7505 0.000993352
32.8073 0.000984243
32.864 0.000975216
32.9208 0.000966271
32.9775 0.000957408
33.0343 0.000948624
33.091 0.00093992
33.1478 0.000931295
33.2045 0.000922748
33.2613 0.000914278
33.3181 0.000905885
33.3748 0.000897568
33.4316 0.000889327
33.4883 0.00088116
33.5451 0.000873068
33.6018 0.000865048
33.6586 0.000857102
33.7153 0.000849227
33.7721 0.000841424
33.8288 0.000833692
33.8856 0.00082603
33.9424 0.000818437
33.9991 0.000810914
34.0559 0.000803459
34.1126 0.000796071
34.1694 0.000788751
34.2261 0.000781497
34.2829 0.000774309
34.3396 0.000767186
34.3964 0.000760128
34.4532 0.000753134
34.5099 0.000746204
34.5667 0.000739336
34.6234 0.000732532
34.6802 0.000725789
34.7369 0.000719107
34.7937 0.000712486
34.8504 0.000705926
34.9072 0.000699425
34.964 0.000692983
35.0207 0.0006866
35.0775 0.000680276
35.1342 0.000674008
35.191 0.000667798
35.2477 0.000661644
35.3045 0.000655547
35.3612 0.000649505
35.418 0.000643518
35.4747 0.000637585
35.5315 0.000631707
35.5883 0.000625882
35.645 0.000620111
35.7018 0.000614392
35.7585 0.000608725
35.8153 0.00060311
35.872 0.000597546
35.9288 0.000592032
35.9855 0.00058657
36.0423 0.000581157
36.0991 0.000575793
36.1558 0.000570478
36.2126 0.000565212
36.2693 0.000559994
36.3261 0.000554824
36.3828 0.000549701
36.4396 0.000544625
36.4963 0.000539595
36.5531 0.000534611
36.6099 0.000529672
36.6666 0.000524779
36.7234 0.00051993
36.7801 0.000515126
36.8369 0.000510366
36.8936 0.000505649
36.9504 0.000500975
37.0071 0.000496345
37.0639 0.000491756
37.1206 0.00048721
37.1774 0.000482705
37.2342 0.000478241
37.2909 0.000473818
37.3477 0.000469436
37.4044 0.000465094
37.4612 0.000460791
37.5179 0.000456528
37.5747 0.000452304
37.6314 0.000448119
37.6882 0.000443972
37.745 0.000439863
37.8017 0.000435792
37.8585 0.000431758
37.9152 0.000427761
37.972 0.0004238
38.0287 0.000419876
38.0855 0.000415988
38.1422 0.000412136
38.199 0.000408319
38.2558 0.000404536
38.3125 0.000400789
38.3693 0.000397076
38.426 0.000393397
38.4828 0.000389752
38.5395 0.00038614
38.5963 0.000382562
38.653 0.000379016
38.7098 0.000375503
38.7665 0.000372022
38.8233 0.000368573
38.8801 0.000365156
38.9368 0.00036177
38.9936 0.000358415
39.0503 0.000355091
39.1071 0.000351798
39.1638 0.000348535
39.2206 0.000345301
39.2773 0.000342098
39.3341 0.000338924
39.3909 0.000335779
39.4476 0.000332663
39.5044 0.000329576
39.5611 0.000326517
39.6179 0.000323487
39.6746 0.000320484
39.7314 0.000317509
39.7881 0.000314561
39.8449 0.00031164
39.9017 0.000308746
39.9584 0.000305879
40.0152 0.000303038
40.0719 0.000300224
40.1287 0.000297435
40.1854 0.000294672
40.2422 0.000291934
40.2989 0.000289222
40.3557 0.000286535
40.4124 0.000283872
40.4692 0.000281234
40.526 0.00027862
40.5827 0.00027603
40.6395 0.000273465
40.6962 0.000270922
40.753 0.000268404
40.8097 0.000265908
40.8665 0.000263436
40.9232 0.000260986
40.98 0.000258559
41.0368 0.000256154
41.0935 0.000253771
41.1503 0.000251411
41.207 0.000249072
41.2638 0.000246755
41.3205 0.000244459
41.3773 0.000242184
41.434 0.00023993
41.4908 0.000237698
41.5476 0.000235485
41.6043 0.000233293
41.6611 0.000231122
41.7178 0.00022897
41.7746 0.000226839
41.8313 0.000224727
41.8881 0.000222634
41.9448 0.000220561
42.0016 0.000218507
42.0583 0.000216472
42.1151 0.000214456
42.1719 0.000212458
42.2286 0.000210479
42.2854 0.000208518
42.3421 0.000206575
42.3989 0.000204651
42.4556 0.000202744
42.5124 0.000200854
42.5691 0.000198982
42.6259 0.000197128
42.6827 0.00019529
42.7394 0.00019347
42.7962 0.000191667
42.8529 0.00018988
42.9097 0.000188109
42.9664 0.000186355
43.0232 0.000184618
43.0799 0.000182896
43.1367 0.00018119
43.1935 0.0001795
43.2502 0.000177826
43.307 0.000176167
43.3637 0.000174524
43.4205 0.000172896
43.4772 0.000171282
43.534 0.000169684
43.5907 0.000168101
43.6475 0.000166532
43.7042 0.000164978
43.761 0.000163438
43.8178 0.000161913
43.8745 0.000160401
43.9313 0.000158904
43.988 0.00015742
44.0448 0.000155951
44.1015 0.000154495
44.1583 0.000153052
44.215 0.000151623
44.2718 0.000150207
44.3286 0.000148804
44.3853 0.000147414
44.4421 0.000146037
44.4988 0.000144673
44.5556 0.000143321
44.6123 0.000141982
44.6691 0.000140656
44.7258 0.000139341
44.7826 0.000138039
44.8394 0.000136749
44.8961 0.000135471
44.9529 0.000134205
45.0096 0.000132951
45.0664 0.000131708
45.1231 0.000130477
45.1799 0.000129257
45.2366 0.000128048
45.2934 0.000126851
45.3501 0.000125665
45.4069 0.00012449
45.4637 0.000123326
45.5204 0.000122172
45.5772 0.00012103
45.6339 0.000119898
45.6907 0.000118776
45.7474 0.000117665
45.8042 0.000116564
45.8609 0.000115474
45.9177 0.000114393
45.9745 0.000113323
