-3.18077 0.00145109
-3.15178 0.0015187
-3.12279 0.00158938
-3.0938 0.00166325
-3.0648 0.00174046
-3.03581 0.00182116
-3.00682 0.00190548
-2.97783 0.0019936
-2.94884 0.00208566
-2.91985 0.00218185
-2.89086 0.00228233
-2.86186 0.00238728
-2.83287 0.0024969
-2.80388 0.00261138
-2.77489 0.00273093
-2.7459 0.00285576
-2.71691 0.00298608
-2.68791 0.00312213
-2.65892 0.00326414
-2.62993 0.00341236
-2.60094 0.00356703
-2.57195 0.00372843
-2.54296 0.00389682
-2.51396 0.00407249
-2.48497 0.00425572
-2.45598 0.00444682
-2.42699 0.0046461
-2.398 0.00485389
-2.36901 0.00507051
-2.34001 0.0052963
-2.31102 0.00553163
-2.28203 0.00577686
-2.25304 0.00603236
-2.22405 0.00629852
-2.19506 0.00657575
-2.16606 0.00686445
-2.13707 0.00716505
-2.10808 0.00747799
-2.07909 0.0078037
-2.0501 0.00814265
-2.02111 0.00849531
-1.99211 0.00886215
-1.96312 0.00924368
-1.93413 0.0096404
-1.90514 0.0100528
-1.87615 0.0104815
-1.84716 0.0109269
-1.81816 0.0113896
-1.78917 0.0118702
-1.76018 0.0123692
-1.73119 0.0128873
-1.7022 0.0134249
-1.67321 0.0139827
-1.64421 0.0145613
-1.61522 0.0151612
-1.58623 0.0157831
-1.55724 0.0164276
-1.52825 0.0170953
-1.49926 0.0177868
-1.47026 0.0185026
-1.44127 0.0192434
-1.41228 0.0200099
-1.38329 0.0208025
-1.3543 0.0216218
-1.32531 0.0224684
-1.29631 0.023343
-1.26732 0.0242459
-1.23833 0.0251777
-1.20934 0.0261389
-1.18035 0.02713
-1.15136 0.0281513
-1.12236 0.0292034
-1.09337 0.0302865
-1.06438 0.031401
-1.03539 0.0325472
-1.0064 0.0337252
-0.977406 0.0349353
-0.948414 0.0361777
-0.919423 0.0374522
-0.890431 0.0387591
-0.86144 0.0400981
-0.832448 0.0414692
-0.803456 0.0428721
-0.774465 0.0443065
-0.745473 0.0457721
-0.716481 0.0472684
-0.68749 0.0487948
-0.658498 0.0503507
-0.629506 0.0519353
-0.600515 0.0535478
-0.571523 0.0551873
-0.542531 0.0568527
-0.51354 0.0585429
-0.484548 0.0602566
-0.455556 0.0619925
-0.426565 0.0637492
-0.397573 0.0655252
-0.368581 0.0673188
-0.33959 0.0691283
-0.310598 0.070952
-0.281607 0.072788
-0.252615 0.0746344
-0.223623 0.0764892
-0.194632 0.0783503
-0.16564 0.0802157
-0.136648 0.0820833
-0.107657 0.0839508
-0.078665 0.0858162
-0.0496733 0.0876772
-0.0206817 0.0895316
0.00830999 0.0913774
0.0373016 0.0932123
0.0662933 0.0950342
0.0952849 0.0968411
0.124277 0.098631
0.153268 0.100402
0.18226 0.102152
0.211252 0.103879
0.240243 0.105581
0.269235 0.107257
0.298226 0.108906
0.327218 0.110525
0.35621 0.112113
0.385201 0.11367
0.414193 0.115193
0.443185 0.116682
0.472176 0.118136
0.501168 0.119553
0.53016 0.120934
0.559151 0.122277
0.588143 0.123581
0.617135 0.124847
0.646126 0.126073
0.675118 0.12726
0.70411 0.128407
0.733101 0.129514
0.762093 0.130581
0.791085 0.131608
0.820076 0.132595
0.849068 0.133542
0.87806 0.134449
0.907051 0.135316
0.936043 0.136144
0.965034 0.136934
0.994026 0.137684
1.02302 0.138397
1.05201 0.139071
1.081 0.139709
1.10999 0.140309
1.13898 0.140874
1.16798 0.141402
1.19697 0.141896
1.22596 0.142354
1.25495 0.142779
1.28394 0.143171
1.31293 0.14353
1.34193 0.143857
1.37092 0.144152
1.39991 0.144416
1.4289 0.144651
1.45789 0.144856
1.48688 0.145032
1.51588 0.14518
1.54487 0.1453
1.57386 0.145394
1.60285 0.145461
1.63184 0.145503
1.66083 0.14552
1.68983 0.145512
1.71882 0.145481
1.74781 0.145427
1.7768 0.14535
1.80579 0.145251
1.83478 0.145132
1.86378 0.144991
1.89277 0.14483
1.92176 0.14465
1.95075 0.144451
1.97974 0.144233
2.00873 0.143998
2.03773 0.143745
2.06672 0.143475
2.09571 0.143189
2.1247 0.142887
2.15369 0.142569
2.18268 0.142237
2.21168 0.14189
2.24067 0.14153
2.26966 0.141156
2.29865 0.140768
2.32764 0.140368
2.35663 0.139956
2.38563 0.139533
2.41462 0.139097
2.44361 0.138651
2.4726 0.138194
2.50159 0.137727
2.53058 0.13725
2.55958 0.136763
2.58857 0.136268
2.61756 0.135763
2.64655 0.13525
2.67554 0.134729
2.70453 0.1342
2.73353 0.133663
2.76252 0.13312
2.79151 0.132569
2.8205 0.132012
2.84949 0.131448
2.87848 0.130878
2.90748 0.130302
2.93647 0.129721
2.96546 0.129135
2.99445 0.128543
3.02344 0.127947
3.05243 0.127346
3.08142 0.12674
3.11042 0.126131
3.13941 0.125518
3.1684 0.1249
3.19739 0.12428
3.22638 0.123656
3.25537 0.123029
3.28437 0.122399
3.31336 0.121767
3.34235 0.121132
3.37134 0.120494
3.40033 0.119855
3.42932 0.119213
3.45832 0.118569
3.48731 0.117924
3.5163 0.117278
3.54529 0.116629
3.57428 0.11598
3.60327 0.11533
3.63227 0.114678
3.66126 0.114026
3.69025 0.113373
3.71924 0.112719
3.74823 0.112065
3.77722 0.111411
3.80622 0.110756
3.83521 0.110102
3.8642 0.109447
3.89319 0.108793
3.92218 0.108138
3.95117 0.107484
3.98017 0.106831
4.00916 0.106178
4.03815 0.105525
4.06714 0.104873
4.09613 0.104222
4.12512 0.103572
4.15412 0.102923
4.18311 0.102275
4.2121 0.101628
4.24109 0.100982
4.27008 0.100337
4.29907 0.0996937
4.32807 0.0990518
4.35706 0.0984113
4.38605 0.0977723
4.41504 0.0971349
4.44403 0.0964991
4.47302 0.095865
4.50202 0.0952326
4.53101 0.0946021
4.56 0.0939734
4.58899 0.0933466
4.61798 0.0927218
4.64697 0.092099
4.67597 0.0914782
4.70496 0.0908595
4.73395 0.0902429
4.76294 0.0896285
4.79193 0.0890163
4.82092 0.0884064
4.84992 0.0877987
4.87891 0.0871934
4.9079 0.0865904
4.93689 0.0859898
4.96588 0.0853916
4.99487 0.0847959
5.02387 0.0842026
5.05286 0.0836118
5.08185 0.0830236
5.11084 0.0824379
5.13983 0.0818548
5.16882 0.0812742
5.19782 0.0806963
5.22681 0.0801211
5.2558 0.0795485
5.28479 0.0789786
5.31378 0.0784113
5.34277 0.0778468
5.37177 0.0772851
5.40076 0.076726
5.42975 0.0761698
5.45874 0.0756163
5.48773 0.0750656
5.51672 0.0745176
5.54572 0.0739725
5.57471 0.0734303
5.6037 0.0728908
5.63269 0.0723542
5.66168 0.0718204
5.69067 0.0712895
5.71967 0.0707615
5.74866 0.0702363
5.77765 0.069714
5.80664 0.0691945
5.83563 0.068678
5.86462 0.0681643
5.89362 0.0676535
5.92261 0.0671457
5.9516 0.0666407
5.98059 0.0661386
6.00958 0.0656394
6.03857 0.0651431
6.06756 0.0646497
6.09656 0.0641592
6.12555 0.0636716
6.15454 0.0631869
6.18353 0.0627051
6.21252 0.0622262
6.24151 0.0617502
6.27051 0.0612771
6.2995 0.0608069
6.32849 0.0603395
6.35748 0.0598751
6.38647 0.0594135
6.41546 0.0589547
6.44446 0.0584989
6.47345 0.0580459
6.50244 0.0575957
6.53143 0.0571485
6.56042 0.056704
6.58941 0.0562624
6.61841 0.0558236
6.6474 0.0553877
6.67639 0.0549545
6.70538 0.0545242
6.73437 0.0540967
6.76336 0.053672
6.79236 0.05325
6.82135 0.0528309
6.85034 0.0524145
6.87933 0.0520009
6.90832 0.05159
6.93731 0.0511819
6.96631 0.0507765
6.9953 0.0503738
7.02429 0.0499739
7.05328 0.0495766
7.08227 0.0491821
7.11126 0.0487902
7.14026 0.0484011
7.16925 0.0480145
7.19824 0.0476307
7.22723 0.0472495
7.25622 0.0468709
7.28521 0.0464949
7.31421 0.0461216
7.3432 0.0457509
7.37219 0.0453827
7.40118 0.0450171
7.43017 0.0446541
7.45916 0.0442937
7.48816 0.0439358
7.51715 0.0435804
7.54614 0.0432276
7.57513 0.0428773
7.60412 0.0425294
7.63311 0.0421841
7.66211 0.0418412
7.6911 0.0415008
7.72009 0.0411629
7.74908 0.0408273
7.77807 0.0404942
7.80706 0.0401636
7.83606 0.0398353
7.86505 0.0395094
7.89404 0.0391859
7.92303 0.0388648
7.95202 0.038546
7.98101 0.0382295
8.01001 0.0379154
8.039 0.0376036
8.06799 0.0372941
8.09698 0.0369869
8.12597 0.0366819
8.15496 0.0363792
8.18396 0.0360788
8.21295 0.0357806
8.24194 0.0354847
8.27093 0.0351909
8.29992 0.0348994
8.32891 0.03461
8.35791 0.0343229
8.3869 0.0340379
8.41589 0.033755
8.44488 0.0334743
8.47387 0.0331957
8.50286 0.0329192
8.53186 0.0326448
8.56085 0.0323725
8.58984 0.0321023
8.61883 0.0318341
8.64782 0.031568
8.67681 0.0313039
8.70581 0.0310419
8.7348 0.0307818
8.76379 0.0305238
8.79278 0.0302678
8.82177 0.0300137
8.85076 0.0297616
8.87976 0.0295114
8.90875 0.0292632
8.93774 0.0290169
8.96673 0.0287725
8.99572 0.02853
9.02471 0.0282894
9.0537 0.0280507
9.0827 0.0278138
9.11169 0.0275788
9.14068 0.0273457
9.16967 0.0271143
9.19866 0.0268848
9.22765 0.0266571
9.25665 0.0264311
9.28564 0.026207
9.31463 0.0259846
9.34362 0.025764
9.37261 0.0255451
9.4016 0.025328
9.4306 0.0251125
9.45959 0.0248988
9.48858 0.0246868
9.51757 0.0244765
9.54656 0.0242678
9.57555 0.0240608
9.60455 0.0238555
9.63354 0.0236518
9.66253 0.0234497
9.69152 0.0232492
9.72051 0.0230504
9.7495 0.0228531
9.7785 0.0226575
9.80749 0.0224634
9.83648 0.0222708
9.86547 0.0220798
9.89446 0.0218904
9.92345 0.0217025
9.95245 0.0215161
9.98144 0.0213312
10.0104 0.0211478
10.0394 0.0209659
10.0684 0.0207854
10.0974 0.0206065
10.1264 0.0204289
10.1554 0.0202529
10.1844 0.0200782
10.2134 0.019905
10.2424 0.0197332
10.2714 0.0195628
10.3003 0.0193938
10.3293 0.0192262
10.3583 0.0190599
10.3873 0.018895
10.4163 0.0187315
10.4453 0.0185693
10.4743 0.0184084
10.5033 0.0182488
10.5323 0.0180906
10.5613 0.0179337
10.5903 0.017778
10.6193 0.0176237
10.6482 0.0174706
10.6772 0.0173188
10.7062 0.0171682
10.7352 0.0170189
10.7642 0.0168708
10.7932 0.0167239
10.8222 0.0165783
10.8512 0.0164339
10.8802 0.0162906
10.9092 0.0161486
10.9382 0.0160077
10.9672 0.015868
10.9961 0.0157295
11.0251 0.0155921
11.0541 0.0154559
11.0831 0.0153208
11.1121 0.0151869
11.1411 0.015054
11.1701 0.0149223
11.1991 0.0147916
11.2281 0.0146621
11.2571 0.0145337
11.2861 0.0144063
11.3151 0.01428
11.344 0.0141547
11.373 0.0140305
11.402 0.0139074
11.431 0.0137853
11.46 0.0136642
11.489 0.0135441
11.518 0.0134251
11.547 0.013307
11.576 0.01319
11.605 0.0130739
11.634 0.0129588
11.663 0.0128447
11.6919 0.0127316
11.7209 0.0126194
11.7499 0.0125081
11.7789 0.0123978
11.8079 0.0122885
11.8369 0.01218
11.8659 0.0120725
11.8949 0.0119659
11.9239 0.0118602
11.9529 0.0117554
11.9819 0.0116515
12.0109 0.0115485
12.0398 0.0114464
12.0688 0.0113451
12.0978 0.0112447
12.1268 0.0111451
12.1558 0.0110464
12.1848 0.0109486
12.2138 0.0108516
12.2428 0.0107554
12.2718 0.01066
12.3008 0.0105654
12.3298 0.0104717
12.3588 0.0103788
12.3877 0.0102866
12.4167 0.0101953
12.4457 0.0101047
12.4747 0.0100149
12.5037 0.00992589
12.5327 0.00983763
12.5617 0.00975014
12.5907 0.00966339
12.6197 0.00957739
12.6487 0.00949214
12.6777 0.00940761
12.7067 0.00932382
12.7356 0.00924075
12.7646 0.00915839
12.7936 0.00907675
12.8226 0.00899581
12.8516 0.00891557
12.8806 0.00883602
12.9096 0.00875717
12.9386 0.00867899
12.9676 0.00860149
12.9966 0.00852466
13.0256 0.0084485
13.0546 0.00837299
13.0835 0.00829814
13.1125 0.00822394
13.1415 0.00815039
13.1705 0.00807747
13.1995 0.00800519
13.2285 0.00793353
13.2575 0.0078625
13.2865 0.00779208
13.3155 0.00772228
13.3445 0.00765308
13.3735 0.00758449
13.4025 0.00751649
13.4314 0.00744909
13.4604 0.00738228
13.4894 0.00731604
13.5184 0.00725039
13.5474 0.0071853
13.5764 0.00712079
13.6054 0.00705684
13.6344 0.00699345
13.6634 0.00693061
13.6924 0.00686832
13.7214 0.00680658
13.7504 0.00674538
13.7793 0.00668471
13.8083 0.00662457
13.8373 0.00656496
13.8663 0.00650588
13.8953 0.00644731
13.9243 0.00638925
13.9533 0.00633171
13.9823 0.00627467
14.0113 0.00621813
14.0403 0.00616208
14.0693 0.00610653
14.0983 0.00605147
14.1272 0.00599689
14.1562 0.00594279
14.1852 0.00588917
14.2142 0.00583602
14.2432 0.00578334
14.2722 0.00573112
14.3012 0.00567936
14.3302 0.00562806
14.3592 0.00557721
14.3882 0.00552681
14.4172 0.00547685
14.4462 0.00542734
14.4751 0.00537826
14.5041 0.00532961
14.5331 0.0052814
14.5621 0.00523361
14.5911 0.00518624
14.6201 0.0051393
14.6491 0.00509276
14.6781 0.00504664
14.7071 0.00500093
14.7361 0.00495562
14.7651 0.00491072
14.7941 0.00486621
14.823 0.00482209
14.852 0.00477837
14.881 0.00473503
14.91 0.00469208
14.939 0.00464951
14.968 0.00460732
14.997 0.0045655
15.026 0.00452406
15.055 0.00448298
15.084 0.00444227
15.113 0.00440192
15.142 0.00436192
15.1709 0.00432229
15.1999 0.004283
15.2289 0.00424407
15.2579 0.00420548
15.2869 0.00416724
15.3159 0.00412933
15.3449 0.00409177
15.3739 0.00405454
15.4029 0.00401764
15.4319 0.00398107
15.4609 0.00394483
15.4899 0.0039089
15.5188 0.0038733
15.5478 0.00383802
15.5768 0.00380306
15.6058 0.0037684
15.6348 0.00373406
15.6638 0.00370002
15.6928 0.00366628
15.7218 0.00363285
15.7508 0.00359972
15.7798 0.00356688
15.8088 0.00353434
15.8378 0.00350209
15.8667 0.00347012
15.8957 0.00343845
15.9247 0.00340705
15.9537 0.00337594
15.9827 0.00334511
16.0117 0.00331455
16.0407 0.00328427
16.0697 0.00325426
16.0987 0.00322452
16.1277 0.00319504
16.1567 0.00316583
16.1857 0.00313688
16.2146 0.0031082
16.2436 0.00307977
16.2726 0.00305159
16.3016 0.00302367
16.3306 0.002996
16.3596 0.00296858
16.3886 0.0029414
16.4176 0.00291447
16.4466 0.00288778
16.4756 0.00286133
16.5046 0.00283512
16.5336 0.00280915
16.5625 0.00278341
16.5915 0.0027579
16.6205 0.00273262
16.6495 0.00270757
16.6785 0.00268274
16.7075 0.00265814
16.7365 0.00263376
16.7655 0.0026096
16.7945 0.00258566
16.8235 0.00256193
16.8525 0.00253842
16.8815 0.00251512
16.9104 0.00249203
16.9394 0.00246915
16.9684 0.00244648
16.9974 0.00242401
17.0264 0.00240174
17.0554 0.00237968
17.0844 0.00235781
17.1134 0.00233614
17.1424 0.00231467
17.1714 0.00229339
17.2004 0.00227231
17.2294 0.00225142
17.2583 0.00223071
17.2873 0.00221019
17.3163 0.00218986
17.3453 0.00216971
17.3743 0.00214975
17.4033 0.00212997
17.4323 0.00211036
17.4613 0.00209093
17.4903 0.00207168
17.5193 0.00205261
17.5483 0.0020337
17.5773 0.00201497
17.6062 0.00199641
17.6352 0.00197802
17.6642 0.00195979
17.6932 0.00194173
17.7222 0.00192383
17.7512 0.0019061
17.7802 0.00188852
17.8092 0.00187111
17.8382 0.00185386
17.8672 0.00183676
17.8962 0.00181981
17.9252 0.00180303
17.9541 0.00178639
17.9831 0.0017699
18.0121 0.00175357
18.0411 0.00173738
18.0701 0.00172134
18.0991 0.00170545
18.1281 0.0016897
18.1571 0.0016741
18.1861 0.00165864
18.2151 0.00164331
18.2441 0.00162813
18.273 0.00161309
18.302 0.00159818
18.331 0.00158341
18.36 0.00156877
18.389 0.00155427
18.418 0.0015399
18.447 0.00152566
18.476 0.00151155
18.505 0.00149757
18.534 0.00148372
18.563 0.00146999
18.592 0.00145639
18.6209 0.00144291
18.6499 0.00142956
18.6789 0.00141633
18.7079 0.00140322
18.7369 0.00139023
18.7659 0.00137735
18.7949 0.0013646
18.8239 0.00135196
18.8529 0.00133944
18.8819 0.00132703
18.9109 0.00131473
18.9399 0.00130255
18.9688 0.00129048
18.9978 0.00127852
19.0268 0.00126667
19.0558 0.00125493
19.0848 0.00124329
19.1138 0.00123177
19.1428 0.00122034
19.1718 0.00120902
19.2008 0.00119781
19.2298 0.0011867
19.2588 0.00117569
19.2878 0.00116478
19.3167 0.00115397
19.3457 0.00114326
19.3747 0.00113265
19.4037 0.00112214
19.4327 0.00111172
19.4617 0.0011014
19.4907 0.00109117
19.5197 0.00108104
19.5487 0.00107099
19.5777 0.00106105
19.6067 0.00105119
19.6357 0.00104142
19.6646 0.00103175
19.6936 0.00102216
19.7226 0.00101266
19.7516 0.00100325
19.7806 0.000993919
19.8096 0.000984679
19.8386 0.000975524
19.8676 0.000966452
19.8966 0.000957464
19.9256 0.000948559
19.9546 0.000939736
19.9836 0.000930994
20.0125 0.000922332
20.0415 0.00091375
20.0705 0.000905247
20.0995 0.000896822
20.1285 0.000888475
20.1575 0.000880205
20.1865 0.00087201
20.2155 0.000863892
20.2445 0.000855848
20.2735 0.000847878
20.3025 0.000839981
20.3315 0.000832157
20.3604 0.000824406
20.3894 0.000816726
20.4184 0.000809116
20.4474 0.000801577
20.4764 0.000794107
20.5054 0.000786706
20.5344 0.000779374
20.5634 0.000772109
20.5924 0.000764911
20.6214 0.000757779
20.6504 0.000750714
20.6794 0.000743713
20.7083 0.000736777
20.7373 0.000729905
20.7663 0.000723097
20.7953 0.000716351
20.8243 0.000709668
20.8533 0.000703046
20.8823 0.000696486
20.9113 0.000689986
20.9403 0.000683547
20.9693 0.000677166
20.9983 0.000670845
21.0273 0.000664582
21.0562 0.000658377
21.0852 0.00065223
21.1142 0.000646139
21.1432 0.000640104
21.1722 0.000634126
21.2012 0.000628203
21.2302 0.000622334
21.2592 0.00061652
21.2882 0.000610759
21.3172 0.000605052
21.3462 0.000599398
21.3752 0.000593796
21.4041 0.000588246
21.4331 0.000582747
21.4621 0.000577299
21.4911 0.000571902
21.5201 0.000566555
21.5491 0.000561257
21.5781 0.000556008
21.6071 0.000550808
21.6361 0.000545656
21.6651 0.000540552
21.6941 0.000535495
21.7231 0.000530485
21.752 0.000525521
21.781 0.000520604
21.81 0.000515732
21.839 0.000510905
21.868 0.000506123
21.897 0.000501385
21.926 0.000496691
21.955 0.000492041
21.984 0.000487434
22.013 0.00048287
22.042 0.000478348
22.071 0.000473868
22.0999 0.00046943
22.1289 0.000465032
22.1579 0.000460676
22.1869 0.00045636
22.2159 0.000452084
22.2449 0.000447848
22.2739 0.000443652
22.3029 0.000439494
22.3319 0.000435375
22.3609 0.000431294
22.3899 0.000427251
22.4189 0.000423246
22.4478 0.000419278
22.4768 0.000415346
22.5058 0.000411452
22.5348 0.000407593
22.5638 0.000403771
22.5928 0.000399984
22.6218 0.000396232
22.6508 0.000392515
22.6798 0.000388832
22.7088 0.000385184
22.7378 0.00038157
22.7668 0.00037799
22.7957 0.000374442
22.8247 0.000370928
22.8537 0.000367447
22.8827 0.000363998
22.9117 0.000360581
22.9407 0.000357196
22.9697 0.000353842
22.9987 0.00035052
23.0277 0.000347228
23.0567 0.000343967
23.0857 0.000340737
23.1147 0.000337537
23.1436 0.000334366
23.1726 0.000331225
23.2016 0.000328114
23.2306 0.000325031
23.2596 0.000321977
23.2886 0.000318952
23.3176 0.000315954
23.3466 0.000312985
23.3756 0.000310043
23.4046 0.000307129
23.4336 0.000304242
23.4626 0.000301382
23.4915 0.000298549
23.5205 0.000295742
23.5495 0.000292961
23.5785 0.000290206
23.6075 0.000287477
23.6365 0.000284773
23.6655 0.000282095
23.6945 0.000279441
23.7235 0.000276813
23.7525 0.000274209
23.7815 0.000271629
23.8105 0.000269073
23.8394 0.000266541
23.8684 0.000264033
23.8974 0.000261548
23.9264 0.000259087
23.9554 0.000256648
23.9844 0.000254232
24.0134 0.000251839
24.0424 0.000249468
24.0714 0.00024712
24.1004 0.000244793
24.1294 0.000242488
24.1584 0.000240204
24.1873 0.000237942
24.2163 0.000235701
24.2453 0.000233481
24.2743 0.000231282
24.3033 0.000229104
24.3323 0.000226945
24.3613 0.000224807
24.3903 0.000222689
24.4193 0.000220591
24.4483 0.000218512
24.4773 0.000216453
24.5063 0.000214413
24.5352 0.000212392
24.5642 0.00021039
24.5932 0.000208407
24.6222 0.000206442
24.6512 0.000204496
24.6802 0.000202568
24.7092 0.000200658
24.7382 0.000198766
24.7672 0.000196892
24.7962 0.000195035
24.8252 0.000193196
24.8542 0.000191373
24.8831 0.000189568
24.9121 0.00018778
24.9411 0.000186009
24.9701 0.000184254
24.9991 0.000182515
25.0281 0.000180793
25.0571 0.000179087
25.0861 0.000177397
25.1151 0.000175723
25.1441 0.000174065
25.1731 0.000172422
25.2021 0.000170794
25.231 0.000169182
25.26 0.000167585
25.289 0.000166003
25.318 0.000164436
25.347 0.000162883
25.376 0.000161345
25.405 0.000159821
25.434 0.000158312
25.463 0.000156817
25.492 0.000155336
25.521 0.000153869
25.55 0.000152415
25.5789 0.000150975
25.6079 0.000149549
25.6369 0.000148136
25.6659 0.000146737
25.6949 0.00014535
25.7239 0.000143977
25.7529 0.000142616
25.7819 0.000141268
