-5.82024 0.000725423
-5.804 0.000739646
-5.78777 0.000754146
-5.77153 0.000768928
-5.75529 0.000783997
-5.73906 0.000799358
-5.72282 0.000815017
-5.70658 0.000830981
-5.69035 0.000847254
-5.67411 0.000863842
-5.65787 0.000880753
-5.64164 0.000897991
-5.6254 0.000915563
-5.60916 0.000933476
-5.59293 0.000951736
-5.57669 0.000970349
-5.56045 0.000989323
-5.54422 0.00100866
-5.52798 0.00102838
-5.51174 0.00104848
-5.49551 0.00106896
-5.47927 0.00108984
-5.46303 0.00111113
-5.4468 0.00113283
-5.43056 0.00115494
-5.41432 0.00117749
-5.39809 0.00120046
-5.38185 0.00122389
-5.36561 0.00124776
-5.34938 0.00127209
-5.33314 0.0012969
-5.3169 0.00132218
-5.30067 0.00134795
-5.28443 0.00137422
-5.26819 0.00140099
-5.25196 0.00142828
-5.23572 0.00145609
-5.21948 0.00148444
-5.20325 0.00151334
-5.18701 0.00154279
-5.17078 0.00157281
-5.15454 0.0016034
-5.1383 0.00163458
-5.12207 0.00166637
-5.10583 0.00169876
-5.08959 0.00173177
-5.07336 0.00176542
-5.05712 0.00179972
-5.04088 0.00183467
-5.02465 0.00187029
-5.00841 0.0019066
-4.99217 0.0019436
-4.97594 0.00198131
-4.9597 0.00201974
-4.94346 0.00205891
-4.92723 0.00209883
-4.91099 0.00213951
-4.89475 0.00218097
-4.87852 0.00222322
-4.86228 0.00226628
-4.84604 0.00231017
-4.82981 0.00235489
-4.81357 0.00240046
-4.79733 0.00244691
-4.7811 0.00249424
-4.76486 0.00254247
-4.74862 0.00259163
-4.73239 0.00264172
-4.71615 0.00269276
-4.69991 0.00274478
-4.68368 0.00279779
-4.66744 0.00285181
-4.6512 0.00290685
-4.63497 0.00296294
-4.61873 0.0030201
-4.60249 0.00307834
-4.58626 0.00313769
-4.57002 0.00319816
-4.55378 0.00325979
-4.53755 0.00332258
-4.52131 0.00338656
-4.50507 0.00345175
-4.48884 0.00351819
-4.4726 0.00358587
-4.45636 0.00365484
-4.44013 0.00372512
-4.42389 0.00379672
-4.40766 0.00386968
-4.39142 0.00394401
-4.37518 0.00401975
-4.35895 0.00409692
-4.34271 0.00417554
-4.32647 0.00425565
-4.31024 0.00433727
-4.294 0.00442043
-4.27776 0.00450515
-4.26153 0.00459146
-4.24529 0.0046794
-4.22905 0.004769
-4.21282 0.00486028
-4.19658 0.00495327
-4.18034 0.00504801
-4.16411 0.00514453
-4.14787 0.00524285
-4.13163 0.00534302
-4.1154 0.00544507
-4.09916 0.00554903
-4.08292 0.00565493
-4.06669 0.00576282
-4.05045 0.00587272
-4.03421 0.00598468
-4.01798 0.00609873
-4.00174 0.0062149
-3.9855 0.00633325
-3.96927 0.0064538
-3.95303 0.00657659
-3.93679 0.00670168
-3.92056 0.00682909
-3.90432 0.00695887
-3.88808 0.00709106
-3.87185 0.00722571
-3.85561 0.00736286
-3.83937 0.00750255
-3.82314 0.00764483
-3.8069 0.00778975
-3.79066 0.00793735
-3.77443 0.00808769
-3.75819 0.0082408
-3.74195 0.00839675
-3.72572 0.00855557
-3.70948 0.00871733
-3.69324 0.00888206
-3.67701 0.00904984
-3.66077 0.0092207
-3.64454 0.00939471
-3.6283 0.00957192
-3.61206 0.00975238
-3.59583 0.00993616
-3.57959 0.0101233
-3.56335 0.0103139
-3.54712 0.010508
-3.53088 0.0107056
-3.51464 0.0109068
-3.49841 0.0111118
-3.48217 0.0113204
-3.46593 0.0115329
-3.4497 0.0117492
-3.43346 0.0119695
-3.41722 0.0121938
-3.40099 0.0124222
-3.38475 0.0126547
-3.36851 0.0128914
-3.35228 0.0131325
-3.33604 0.0133779
-3.3198 0.0136277
-3.30357 0.0138821
-3.28733 0.0141411
-3.27109 0.0144047
-3.25486 0.0146731
-3.23862 0.0149463
-3.22238 0.0152245
-3.20615 0.0155076
-3.18991 0.0157959
-3.17367 0.0160893
-3.15744 0.016388
-3.1412 0.016692
-3.12496 0.0170014
-3.10873 0.0173164
-3.09249 0.0176371
-3.07625 0.0179634
-3.06002 0.0182955
-3.04378 0.0186336
-3.02754 0.0189776
-3.01131 0.0193278
-2.99507 0.0196842
-2.97883 0.0200469
-2.9626 0.0204159
-2.94636 0.0207916
-2.93012 0.0211738
-2.91389 0.0215628
-2.89765 0.0219586
-2.88142 0.0223614
-2.86518 0.0227712
-2.84894 0.0231882
-2.83271 0.0236125
-2.81647 0.0240443
-2.80023 0.0244835
-2.784 0.0249305
-2.76776 0.0253852
-2.75152 0.0258478
-2.73529 0.0263184
-2.71905 0.0267971
-2.70281 0.0272842
-2.68658 0.0277796
-2.67034 0.0282836
-2.6541 0.0287963
-2.63787 0.0293178
-2.62163 0.0298482
-2.60539 0.0303877
-2.58916 0.0309364
-2.57292 0.0314945
-2.55668 0.0320621
-2.54045 0.0326393
-2.52421 0.0332263
-2.50797 0.0338233
-2.49174 0.0344303
-2.4755 0.0350476
-2.45926 0.0356753
-2.44303 0.0363135
-2.42679 0.0369624
-2.41055 0.0376222
-2.39432 0.038293
-2.37808 0.0389749
-2.36184 0.0396682
-2.34561 0.0403729
-2.32937 0.0410893
-2.31313 0.0418176
-2.2969 0.0425578
-2.28066 0.0433102
-2.26442 0.0440749
-2.24819 0.044852
-2.23195 0.0456419
-2.21571 0.0464445
-2.19948 0.0472602
-2.18324 0.048089
-2.167 0.0489312
-2.15077 0.0497869
-2.13453 0.0506564
-2.1183 0.0515397
-2.10206 0.052437
-2.08582 0.0533486
-2.06959 0.0542746
-2.05335 0.0552152
-2.03711 0.0561705
-2.02088 0.0571408
-2.00464 0.0581263
-1.9884 0.059127
-1.97217 0.0601432
-1.95593 0.0611751
-1.93969 0.0622229
-1.92346 0.0632867
-1.90722 0.0643667
-1.89098 0.065463
-1.87475 0.0665759
-1.85851 0.0677056
-1.84227 0.0688522
-1.82604 0.0700158
-1.8098 0.0711967
-1.79356 0.072395
-1.77733 0.0736109
-1.76109 0.0748446
-1.74485 0.0760962
-1.72862 0.0773659
-1.71238 0.0786538
-1.69614 0.0799601
-1.67991 0.0812849
-1.66367 0.0826285
-1.64743 0.0839909
-1.6312 0.0853722
-1.61496 0.0867727
-1.59872 0.0881924
-1.58249 0.0896315
-1.56625 0.0910901
-1.55001 0.0925684
-1.53378 0.0940663
-1.51754 0.095584
-1.5013 0.0971217
-1.48507 0.0986794
-1.46883 0.100257
-1.45259 0.101855
-1.43636 0.103473
-1.42012 0.105112
-1.40388 0.10677
-1.38765 0.108449
-1.37141 0.110149
-1.35518 0.111869
-1.33894 0.113609
-1.3227 0.11537
-1.30647 0.117151
-1.29023 0.118952
-1.27399 0.120773
-1.25776 0.122615
-1.24152 0.124477
-1.22528 0.126359
-1.20905 0.128261
-1.19281 0.130182
-1.17657 0.132124
-1.16034 0.134084
-1.1441 0.136064
-1.12786 0.138063
-1.11163 0.140081
-1.09539 0.142117
-1.07915 0.144171
-1.06292 0.146244
-1.04668 0.148334
-1.03044 0.150441
-1.01421 0.152565
-0.99797 0.154705
-0.981733 0.156862
-0.965497 0.159034
-0.94926 0.161221
-0.933024 0.163422
-0.916787 0.165638
-0.90055 0.167866
-0.884314 0.170108
-0.868077 0.172361
-0.851841 0.174625
-0.835604 0.1769
-0.819367 0.179185
-0.803131 0.181478
-0.786894 0.183779
-0.770658 0.186087
-0.754421 0.188402
-0.738185 0.190721
-0.721948 0.193044
-0.705711 0.195371
-0.689475 0.197699
-0.673238 0.200027
-0.657002 0.202355
-0.640765 0.204681
-0.624528 0.207004
-0.608292 0.209322
-0.592055 0.211634
-0.575819 0.213938
-0.559582 0.216234
-0.543345 0.218519
-0.527109 0.220791
-0.510872 0.22305
-0.494636 0.225294
-0.478399 0.22752
-0.462162 0.229728
-0.445926 0.231915
-0.429689 0.234079
-0.413453 0.23622
-0.397216 0.238334
-0.380979 0.24042
-0.364743 0.242477
-0.348506 0.244501
-0.33227 0.246493
-0.316033 0.248448
-0.299796 0.250367
-0.28356 0.252246
-0.267323 0.254084
-0.251087 0.255879
-0.23485 0.25763
-0.218613 0.259334
-0.202377 0.260989
-0.18614 0.262595
-0.169904 0.264149
-0.153667 0.26565
-0.13743 0.267096
-0.121194 0.268486
-0.104957 0.269818
-0.0887207 0.271091
-0.0724841 0.272304
-0.0562475 0.273456
-0.0400109 0.274545
-0.0237743 0.275571
-0.0075377 0.276533
0.00869889 0.27743
0.0249355 0.278262
0.0411721 0.279027
0.0574087 0.279726
0.0736453 0.280358
0.0898819 0.280922
0.106118 0.28142
0.122355 0.28185
0.138592 0.282213
0.154828 0.28251
0.171065 0.282739
0.187301 0.282902
0.203538 0.283
0.219775 0.283032
0.236011 0.283
0.252248 0.282904
0.268484 0.282745
0.284721 0.282525
0.300958 0.282243
0.317194 0.281901
0.333431 0.2815
0.349667 0.281041
0.365904 0.280525
0.382141 0.279955
0.398377 0.27933
0.414614 0.278652
0.43085 0.277922
0.447087 0.277143
0.463324 0.276315
0.47956 0.275439
0.495797 0.274517
0.512033 0.273551
0.52827 0.272542
0.544507 0.271491
0.560743 0.270399
0.57698 0.269269
0.593216 0.268101
0.609453 0.266897
0.62569 0.265658
0.641926 0.264386
0.658163 0.263082
0.674399 0.261748
0.690636 0.260384
0.706872 0.258992
0.723109 0.257573
0.739346 0.256129
0.755582 0.25466
0.771819 0.253169
0.788055 0.251655
0.804292 0.250121
0.820529 0.248567
0.836765 0.246995
0.853002 0.245406
0.869238 0.2438
0.885475 0.242179
0.901712 0.240543
0.917948 0.238895
0.934185 0.237234
0.950421 0.235561
0.966658 0.233878
0.982895 0.232186
0.999131 0.230484
1.01537 0.228775
1.0316 0.227058
1.04784 0.225335
1.06408 0.223606
1.08031 0.221873
1.09655 0.220135
1.11279 0.218393
1.12902 0.216649
1.14526 0.214902
1.1615 0.213154
1.17773 0.211405
1.19397 0.209655
1.21021 0.207905
1.22644 0.206156
1.24268 0.204408
1.25892 0.202662
1.27515 0.200917
1.29139 0.199175
1.30763 0.197437
1.32386 0.195701
1.3401 0.193969
1.35634 0.192242
1.37257 0.190519
1.38881 0.188801
1.40505 0.187088
1.42128 0.185381
1.43752 0.18368
1.45376 0.181985
1.46999 0.180296
1.48623 0.178615
1.50247 0.17694
1.5187 0.175273
1.53494 0.173613
1.55118 0.171961
1.56741 0.170317
1.58365 0.168681
1.59989 0.167054
1.61612 0.165435
1.63236 0.163825
1.6486 0.162224
1.66483 0.160632
1.68107 0.159049
1.6973 0.157476
1.71354 0.155912
1.72978 0.154358
1.74601 0.152814
1.76225 0.151279
1.77849 0.149755
1.79472 0.14824
1.81096 0.146736
1.8272 0.145242
1.84343 0.143759
1.85967 0.142285
1.87591 0.140823
1.89214 0.139371
1.90838 0.137929
1.92462 0.136498
1.94085 0.135078
1.95709 0.133668
1.97333 0.13227
1.98956 0.130882
2.0058 0.129505
2.02204 0.128138
2.03827 0.126783
2.05451 0.125438
2.07075 0.124105
2.08698 0.122782
2.10322 0.12147
2.11946 0.120169
2.13569 0.118879
2.15193 0.1176
2.16817 0.116331
2.1844 0.115074
2.20064 0.113827
2.21688 0.112591
2.23311 0.111366
2.24935 0.110152
2.26559 0.108948
2.28182 0.107755
2.29806 0.106573
2.3143 0.105402
2.33053 0.104241
2.34677 0.103091
2.36301 0.101951
2.37924 0.100822
2.39548 0.0997028
2.41172 0.0985945
2.42795 0.0974965
2.44419 0.0964088
2.46042 0.0953314
2.47666 0.0942642
2.4929 0.0932073
2.50913 0.0921604
2.52537 0.0911236
2.54161 0.0900968
2.55784 0.08908
2.57408 0.0880731
2.59032 0.087076
2.60655 0.0860888
2.62279 0.0851112
2.63903 0.0841434
2.65526 0.0831851
2.6715 0.0822364
2.68774 0.0812972
2.70397 0.0803674
2.72021 0.079447
2.73645 0.0785359
2.75268 0.077634
2.76892 0.0767413
2.78516 0.0758578
2.80139 0.0749832
2.81763 0.0741176
2.83387 0.073261
2.8501 0.0724132
2.86634 0.0715742
2.88258 0.0707439
2.89881 0.0699222
2.91505 0.0691091
2.93129 0.0683046
2.94752 0.0675085
2.96376 0.0667207
2.98 0.0659413
2.99623 0.0651701
3.01247 0.0644072
3.02871 0.0636523
3.04494 0.0629055
3.06118 0.0621666
3.07742 0.0614357
3.09365 0.0607126
3.10989 0.0599973
3.12613 0.0592897
3.14236 0.0585897
3.1586 0.0578974
3.17484 0.0572125
3.19107 0.0565351
3.20731 0.055865
3.22354 0.0552023
3.23978 0.0545469
3.25602 0.0538986
3.27225 0.0532574
3.28849 0.0526233
3.30473 0.0519962
3.32096 0.051376
3.3372 0.0507626
3.35344 0.0501561
3.36967 0.0495563
3.38591 0.0489631
3.40215 0.0483766
3.41838 0.0477966
3.43462 0.0472231
3.45086 0.046656
3.46709 0.0460953
3.48333 0.0455409
3.49957 0.0449927
3.5158 0.0444507
3.53204 0.0439148
3.54828 0.0433849
3.56451 0.0428611
3.58075 0.0423432
3.59699 0.0418311
3.61322 0.0413249
3.62946 0.0408245
3.6457 0.0403297
3.66193 0.0398406
3.67817 0.0393571
3.69441 0.0388791
3.71064 0.0384066
3.72688 0.0379396
3.74312 0.0374779
3.75935 0.0370215
3.77559 0.0365703
3.79183 0.0361244
3.80806 0.0356836
3.8243 0.0352479
3.84054 0.0348173
3.85677 0.0343916
3.87301 0.0339709
3.88925 0.033555
3.90548 0.0331441
3.92172 0.0327378
3.93796 0.0323364
3.95419 0.0319396
3.97043 0.0315474
3.98666 0.0311598
4.0029 0.0307768
4.01914 0.0303983
4.03537 0.0300242
4.05161 0.0296544
4.06785 0.0292891
4.08408 0.028928
4.10032 0.0285712
4.11656 0.0282186
4.13279 0.0278701
4.14903 0.0275258
4.16527 0.0271856
4.1815 0.0268493
4.19774 0.0265171
4.21398 0.0261888
4.23021 0.0258644
4.24645 0.0255438
4.26269 0.025227
4.27892 0.0249141
4.29516 0.0246048
4.3114 0.0242992
4.32763 0.0239973
4.34387 0.023699
4.36011 0.0234043
4.37634 0.023113
4.39258 0.0228253
4.40882 0.022541
4.42505 0.0222601
4.44129 0.0219826
4.45753 0.0217084
4.47376 0.0214376
4.49 0.0211699
4.50624 0.0209055
4.52247 0.0206443
4.53871 0.0203862
4.55495 0.0201313
4.57118 0.0198794
4.58742 0.0196306
4.60366 0.0193847
4.61989 0.0191419
4.63613 0.018902
4.65237 0.018665
4.6686 0.0184308
4.68484 0.0181996
4.70107 0.0179711
4.71731 0.0177454
4.73355 0.0175224
4.74978 0.0173022
4.76602 0.0170846
4.78226 0.0168697
4.79849 0.0166574
4.81473 0.0164477
4.83097 0.0162405
4.8472 0.0160359
4.86344 0.0158338
4.87968 0.0156341
4.89591 0.0154369
4.91215 0.0152421
4.92839 0.0150497
4.94462 0.0148597
4.96086 0.014672
4.9771 0.0144866
4.99333 0.0143034
5.00957 0.0141225
5.02581 0.0139439
5.04204 0.0137674
5.05828 0.0135931
5.07452 0.013421
5.09075 0.013251
5.10699 0.013083
5.12323 0.0129172
5.13946 0.0127534
5.1557 0.0125916
5.17194 0.0124318
5.18817 0.012274
5.20441 0.0121181
5.22065 0.0119642
5.23688 0.0118122
5.25312 0.011662
5.26936 0.0115138
5.28559 0.0113673
5.30183 0.0112227
5.31807 0.0110799
5.3343 0.0109388
5.35054 0.0107995
5.36678 0.0106619
5.38301 0.0105261
5.39925 0.0103919
5.41549 0.0102594
5.43172 0.0101285
5.44796 0.00999931
5.46419 0.00987169
5.48043 0.00974567
5.49667 0.00962122
5.5129 0.00949833
5.52914 0.00937697
5.54538 0.00925712
5.56161 0.00913878
5.57785 0.00902191
5.59409 0.00890651
5.61032 0.00879254
5.62656 0.00868001
5.6428 0.00856889
5.65903 0.00845915
5.67527 0.0083508
5.69151 0.0082438
5.70774 0.00813814
5.72398 0.00803381
5.74022 0.00793079
5.75645 0.00782907
5.77269 0.00772862
5.78893 0.00762943
5.80516 0.0075315
5.8214 0.00743479
5.83764 0.0073393
5.85387 0.00724502
5.87011 0.00715192
5.88635 0.00705999
5.90258 0.00696922
5.91882 0.0068796
5.93506 0.00679111
5.95129 0.00670373
5.96753 0.00661746
5.98377 0.00653228
6 0.00644817
6.01624 0.00636513
6.03248 0.00628313
6.04871 0.00620217
6.06495 0.00612224
6.08119 0.00604332
6.09742 0.0059654
6.11366 0.00588846
6.1299 0.0058125
6.14613 0.0057375
6.16237 0.00566345
6.17861 0.00559034
6.19484 0.00551816
6.21108 0.00544689
6.22731 0.00537653
6.24355 0.00530706
6.25979 0.00523848
6.27602 0.00517076
6.29226 0.00510391
6.3085 0.00503791
6.32473 0.00497274
6.34097 0.00490841
6.35721 0.00484489
6.37344 0.00478218
6.38968 0.00472027
6.40592 0.00465915
6.42215 0.00459881
6.43839 0.00453924
6.45463 0.00448042
6.47086 0.00442236
6.4871 0.00436503
6.50334 0.00430844
6.51957 0.00425257
6.53581 0.00419742
6.55205 0.00414297
6.56828 0.00408921
6.58452 0.00403614
6.60076 0.00398375
6.61699 0.00393203
6.63323 0.00388097
6.64947 0.00383056
6.6657 0.0037808
6.68194 0.00373168
6.69818 0.00368318
6.71441 0.00363531
6.73065 0.00358805
6.74689 0.00354139
6.76312 0.00349533
6.77936 0.00344987
6.7956 0.00340498
6.81183 0.00336067
6.82807 0.00331693
6.84431 0.00327376
6.86054 0.00323113
6.87678 0.00318906
6.89302 0.00314752
6.90925 0.00310652
6.92549 0.00306604
6.94173 0.00302609
6.95796 0.00298664
6.9742 0.00294771
6.99043 0.00290927
7.00667 0.00287134
7.02291 0.00283388
7.03914 0.00279692
7.05538 0.00276042
7.07162 0.0027244
7.08785 0.00268884
7.10409 0.00265374
7.12033 0.00261909
7.13656 0.00258489
7.1528 0.00255113
7.16904 0.0025178
7.18527 0.00248491
7.20151 0.00245244
7.21775 0.00242038
7.23398 0.00238875
7.25022 0.00235752
7.26646 0.00232669
7.28269 0.00229626
7.29893 0.00226623
7.31517 0.00223658
7.3314 0.00220732
7.34764 0.00217843
7.36388 0.00214992
7.38011 0.00212178
7.39635 0.002094
7.41259 0.00206658
7.42882 0.00203951
7.44506 0.0020128
7.4613 0.00198643
7.47753 0.0019604
7.49377 0.00193471
7.51001 0.00190935
7.52624 0.00188433
7.54248 0.00185962
7.55872 0.00183524
7.57495 0.00181117
7.59119 0.00178741
7.60743 0.00176397
7.62366 0.00174082
7.6399 0.00171798
7.65614 0.00169544
7.67237 0.00167318
7.68861 0.00165122
7.70485 0.00162954
7.72108 0.00160814
7.73732 0.00158702
7.75355 0.00156617
7.76979 0.0015456
7.78603 0.00152529
7.80226 0.00150525
7.8185 0.00148547
7.83474 0.00146594
7.85097 0.00144667
7.86721 0.00142765
7.88345 0.00140888
7.89968 0.00139035
7.91592 0.00137206
7.93216 0.00135401
7.94839 0.0013362
7.96463 0.00131862
7.98087 0.00130126
7.9971 0.00128414
8.01334 0.00126723
8.02958 0.00125055
8.04581 0.00123408
8.06205 0.00121783
8.07829 0.00120179
8.09452 0.00118596
8.11076 0.00117034
8.127 0.00115492
8.14323 0.0011397
8.15947 0.00112468
8.17571 0.00110986
8.19194 0.00109523
8.20818 0.00108079
8.22442 0.00106654
8.24065 0.00105247
8.25689 0.00103859
8.27313 0.00102489
8.28936 0.00101137
8.3056 0.000998028
8.32184 0.000984859
8.33807 0.000971863
8.35431 0.000959036
8.37055 0.000946377
8.38678 0.000933883
8.40302 0.000921553
8.41926 0.000909384
8.43549 0.000897375
8.45173 0.000885523
8.46797 0.000873826
8.4842 0.000862282
8.50044 0.000850889
8.51667 0.000839646
8.53291 0.00082855
8.54915 0.000817599
8.56538 0.000806792
8.58162 0.000796126
8.59786 0.0007856
8.61409 0.000775212
8.63033 0.000764961
8.64657 0.000754844
8.6628 0.000744859
8.67904 0.000735006
8.69528 0.000725281
8.71151 0.000715685
8.72775 0.000706214
8.74399 0.000696868
8.76022 0.000687644
8.77646 0.000678541
8.7927 0.000669558
8.80893 0.000660693
8.82517 0.000651945
8.84141 0.000643311
8.85764 0.000634791
8.87388 0.000626382
8.89012 0.000618084
8.90635 0.000609896
8.92259 0.000601814
8.93883 0.00059384
8.95506 0.00058597
8.9713 0.000578203
8.98754 0.000570539
9.00377 0.000562975
9.02001 0.000555511
9.03625 0.000548145
9.05248 0.000540876
9.06872 0.000533703
9.08496 0.000526624
9.10119 0.000519639
9.11743 0.000512745
9.13367 0.000505942
9.1499 0.000499229
9.16614 0.000492604
9.18238 0.000486066
9.19861 0.000479615
9.21485 0.000473248
9.23109 0.000466966
9.24732 0.000460766
9.26356 0.000454648
9.27979 0.00044861
9.29603 0.000442653
9.31227 0.000436773
9.3285 0.000430972
9.34474 0.000425247
9.36098 0.000419597
9.37721 0.000414022
9.39345 0.00040852
9.40969 0.000403091
9.42592 0.000397734
9.44216 0.000392447
9.4584 0.000387231
9.47463 0.000382083
9.49087 0.000377003
9.50711 0.00037199
9.52334 0.000367043
9.53958 0.000362162
9.55582 0.000357345
9.57205 0.000352592
9.58829 0.000347901
9.60453 0.000343273
9.62076 0.000338705
9.637 0.000334199
9.65324 0.000329751
9.66947 0.000325363
9.68571 0.000321032
9.70195 0.000316759
9.71818 0.000312542
9.73442 0.000308381
9.75066 0.000304275
9.76689 0.000300224
9.78313 0.000296226
9.79937 0.000292281
9.8156 0.000288388
9.83184 0.000284546
9.84808 0.000280756
9.86431 0.000277015
9.88055 0.000273325
9.89679 0.000269683
9.91302 0.000266089
9.92926 0.000262543
9.9455 0.000259044
9.96173 0.000255591
9.97797 0.000252184
9.99421 0.000248822
10.0104 0.000245504
10.0267 0.000242231
10.0429 0.000239001
10.0592 0.000235814
10.0754 0.000232669
10.0916 0.000229565
10.1079 0.000226503
10.1241 0.000223482
10.1403 0.0002205
10.1566 0.000217558
10.1728 0.000214655
10.189 0.000211791
10.2053 0.000208964
10.2215 0.000206175
10.2378 0.000203424
10.254 0.000200708
10.2702 0.000198029
10.2865 0.000195385
10.3027 0.000192776
10.3189 0.000190202
10.3352 0.000187662
10.3514 0.000185156
10.3676 0.000182683
10.3839 0.000180243
10.4001 0.000177836
