-8.95263 0.0012384
-8.94074 0.00124879
-8.92884 0.00125927
-8.91694 0.00126984
-8.90505 0.0012805
-8.89315 0.00129125
-8.88125 0.00130209
-8.86936 0.00131302
-8.85746 0.00132404
-8.84556 0.00133516
-8.83367 0.00134637
-8.82177 0.00135767
-8.80987 0.00136907
-8.79798 0.00138057
-8.78608 0.00139216
-8.77418 0.00140386
-8.76229 0.00141565
-8.75039 0.00142754
-8.73849 0.00143953
-8.7266 0.00145162
-8.7147 0.00146381
-8.7028 0.00147611
-8.69091 0.00148851
-8.67901 0.00150102
-8.66711 0.00151363
-8.65521 0.00152634
-8.64332 0.00153917
-8.63142 0.0015521
-8.61952 0.00156515
-8.60763 0.0015783
-8.59573 0.00159156
-8.58383 0.00160494
-8.57194 0.00161843
-8.56004 0.00163203
-8.54814 0.00164575
-8.53625 0.00165959
-8.52435 0.00167354
-8.51245 0.00168761
-8.50056 0.0017018
-8.48866 0.00171611
-8.47676 0.00173054
-8.46487 0.00174509
-8.45297 0.00175976
-8.44107 0.00177456
-8.42918 0.00178948
-8.41728 0.00180453
-8.40538 0.00181971
-8.39349 0.00183502
-8.38159 0.00185045
-8.36969 0.00186602
-8.3578 0.00188172
-8.3459 0.00189755
-8.334 0.00191351
-8.32211 0.00192961
-8.31021 0.00194585
-8.29831 0.00196222
-8.28642 0.00197873
-8.27452 0.00199539
-8.26262 0.00201218
-8.25072 0.00202911
-8.23883 0.00204619
-8.22693 0.00206341
-8.21503 0.00208078
-8.20314 0.0020983
-8.19124 0.00211596
-8.17934 0.00213377
-8.16745 0.00215174
-8.15555 0.00216986
-8.14365 0.00218813
-8.13176 0.00220655
-8.11986 0.00222513
-8.10796 0.00224387
-8.09607 0.00226277
-8.08417 0.00228182
-8.07227 0.00230104
-8.06038 0.00232042
-8.04848 0.00233997
-8.03658 0.00235968
-8.02469 0.00237956
-8.01279 0.0023996
-8.00089 0.00241982
-7.989 0.00244021
-7.9771 0.00246077
-7.9652 0.0024815
-7.95331 0.00250241
-7.94141 0.0025235
-7.92951 0.00254477
-7.91762 0.00256621
-7.90572 0.00258784
-7.89382 0.00260965
-7.88192 0.00263165
-7.87003 0.00265383
-7.85813 0.00267621
-7.84623 0.00269877
-7.83434 0.00272152
-7.82244 0.00274447
-7.81054 0.00276761
-7.79865 0.00279094
-7.78675 0.00281448
-7.77485 0.00283821
-7.76296 0.00286215
-7.75106 0.00288628
-7.73916 0.00291063
-7.72727 0.00293518
-7.71537 0.00295994
-7.70347 0.0029849
-7.69158 0.00301008
-7.67968 0.00303548
-7.66778 0.00306109
-7.65589 0.00308691
-7.64399 0.00311296
-7.63209 0.00313923
-7.6202 0.00316572
-7.6083 0.00319243
-7.5964 0.00321937
-7.58451 0.00324654
-7.57261 0.00327394
-7.56071 0.00330158
-7.54882 0.00332944
-7.53692 0.00335755
-7.52502 0.00338589
-7.51313 0.00341448
-7.50123 0.0034433
-7.48933 0.00347237
-7.47743 0.00350169
-7.46554 0.00353126
-7.45364 0.00356108
-7.44174 0.00359115
-7.42985 0.00362148
-7.41795 0.00365206
-7.40605 0.00368291
-7.39416 0.00371402
-7.38226 0.00374539
-7.37036 0.00377702
-7.35847 0.00380893
-7.34657 0.00384111
-7.33467 0.00387356
-7.32278 0.00390629
-7.31088 0.00393929
-7.29898 0.00397258
-7.28709 0.00400615
-7.27519 0.00404
-7.26329 0.00407414
-7.2514 0.00410858
-7.2395 0.0041433
-7.2276 0.00417832
-7.21571 0.00421364
-7.20381 0.00424926
-7.19191 0.00428518
-7.18002 0.0043214
-7.16812 0.00435794
-7.15622 0.00439478
-7.14433 0.00443194
-7.13243 0.00446941
-7.12053 0.00450721
-7.10864 0.00454532
-7.09674 0.00458376
-7.08484 0.00462253
-7.07294 0.00466162
-7.06105 0.00470105
-7.04915 0.00474081
-7.03725 0.00478092
-7.02536 0.00482136
-7.01346 0.00486215
-7.00156 0.00490328
-6.98967 0.00494476
-6.97777 0.0049866
-6.96587 0.00502879
-6.95398 0.00507135
-6.94208 0.00511426
-6.93018 0.00515754
-6.91829 0.00520119
-6.90639 0.00524521
-6.89449 0.0052896
-6.8826 0.00533438
-6.8707 0.00537953
-6.8588 0.00542507
-6.84691 0.00547099
-6.83501 0.00551731
-6.82311 0.00556402
-6.81122 0.00561113
-6.79932 0.00565864
-6.78742 0.00570655
-6.77553 0.00575487
-6.76363 0.00580361
-6.75173 0.00585276
-6.73984 0.00590232
-6.72794 0.00595231
-6.71604 0.00600273
-6.70414 0.00605357
-6.69225 0.00610485
-6.68035 0.00615656
-6.66845 0.00620872
-6.65656 0.00626132
-6.64466 0.00631437
-6.63276 0.00636787
-6.62087 0.00642182
-6.60897 0.00647623
-6.59707 0.00653111
-6.58518 0.00658646
-6.57328 0.00664228
-6.56138 0.00669857
-6.54949 0.00675534
-6.53759 0.0068126
-6.52569 0.00687034
-6.5138 0.00692858
-6.5019 0.00698731
-6.49 0.00704655
-6.47811 0.00710628
-6.46621 0.00716653
-6.45431 0.00722729
-6.44242 0.00728857
-6.43052 0.00735037
-6.41862 0.0074127
-6.40673 0.00747556
-6.39483 0.00753896
-6.38293 0.00760289
-6.37104 0.00766737
-6.35914 0.0077324
-6.34724 0.00779799
-6.33535 0.00786413
-6.32345 0.00793084
-6.31155 0.00799812
-6.29965 0.00806597
-6.28776 0.00813439
-6.27586 0.00820341
-6.26396 0.00827301
-6.25207 0.0083432
-6.24017 0.00841399
-6.22827 0.00848539
-6.21638 0.0085574
-6.20448 0.00863001
-6.19258 0.00870325
-6.18069 0.00877712
-6.16879 0.00885161
-6.15689 0.00892674
-6.145 0.00900251
-6.1331 0.00907892
-6.1212 0.00915599
-6.10931 0.00923371
-6.09741 0.0093121
-6.08551 0.00939116
-6.07362 0.00947089
-6.06172 0.0095513
-6.04982 0.00963239
-6.03793 0.00971418
-6.02603 0.00979667
-6.01413 0.00987986
-6.00224 0.00996375
-5.99034 0.0100484
-5.97844 0.0101337
-5.96655 0.0102198
-5.95465 0.0103066
-5.94275 0.0103941
-5.93085 0.0104824
-5.91896 0.0105714
-5.90706 0.0106612
-5.89516 0.0107518
-5.88327 0.0108431
-5.87137 0.0109352
-5.85947 0.0110281
-5.84758 0.0111218
-5.83568 0.0112163
-5.82378 0.0113116
-5.81189 0.0114077
-5.79999 0.0115047
-5.78809 0.0116024
-5.7762 0.011701
-5.7643 0.0118005
-5.7524 0.0119007
-5.74051 0.0120019
-5.72861 0.0121039
-5.71671 0.0122068
-5.70482 0.0123105
-5.69292 0.0124151
-5.68102 0.0125207
-5.66913 0.0126271
-5.65723 0.0127344
-5.64533 0.0128427
-5.63344 0.0129518
-5.62154 0.0130619
-5.60964 0.013173
-5.59775 0.013285
-5.58585 0.0133979
-5.57395 0.0135118
-5.56206 0.0136267
-5.55016 0.0137426
-5.53826 0.0138594
-5.52636 0.0139773
-5.51447 0.0140961
-5.50257 0.014216
-5.49067 0.0143369
-5.47878 0.0144588
-5.46688 0.0145817
-5.45498 0.0147057
-5.44309 0.0148308
-5.43119 0.0149569
-5.41929 0.0150841
-5.4074 0.0152124
-5.3955 0.0153418
-5.3836 0.0154723
-5.37171 0.0156039
-5.35981 0.0157366
-5.34791 0.0158704
-5.33602 0.0160054
-5.32412 0.0161416
-5.31222 0.0162789
-5.30033 0.0164174
-5.28843 0.016557
-5.27653 0.0166978
-5.26464 0.0168399
-5.25274 0.0169831
-5.24084 0.0171276
-5.22895 0.0172733
-5.21705 0.0174203
-5.20515 0.0175685
-5.19326 0.0177179
-5.18136 0.0178686
-5.16946 0.0180207
-5.15757 0.018174
-5.14567 0.0183286
-5.13377 0.0184845
-5.12187 0.0186418
-5.10998 0.0188004
-5.09808 0.0189603
-5.08618 0.0191216
-5.07429 0.0192843
-5.06239 0.0194484
-5.05049 0.0196139
-5.0386 0.0197807
-5.0267 0.019949
-5.0148 0.0201187
-5.00291 0.0202899
-4.99101 0.0204625
-4.97911 0.0206366
-4.96722 0.0208122
-4.95532 0.0209893
-4.94342 0.0211679
-4.93153 0.0213479
-4.91963 0.0215296
-4.90773 0.0217127
-4.89584 0.0218975
-4.88394 0.0220838
-4.87204 0.0222716
-4.86015 0.0224611
-4.84825 0.0226522
-4.83635 0.0228449
-4.82446 0.0230392
-4.81256 0.0232352
-4.80066 0.0234329
-4.78877 0.0236322
-4.77687 0.0238333
-4.76497 0.024036
-4.75307 0.0242405
-4.74118 0.0244466
-4.72928 0.0246546
-4.71738 0.0248643
-4.70549 0.0250758
-4.69359 0.0252891
-4.68169 0.0255042
-4.6698 0.0257211
-4.6579 0.0259398
-4.646 0.0261604
-4.63411 0.0263829
-4.62221 0.0266073
-4.61031 0.0268335
-4.59842 0.0270617
-4.58652 0.0272918
-4.57462 0.0275239
-4.56273 0.0277579
-4.55083 0.0279939
-4.53893 0.0282319
-4.52704 0.0284719
-4.51514 0.0287139
-4.50324 0.028958
-4.49135 0.0292042
-4.47945 0.0294524
-4.46755 0.0297028
-4.45566 0.0299552
-4.44376 0.0302098
-4.43186 0.0304665
-4.41997 0.0307254
-4.40807 0.0309865
-4.39617 0.0312498
-4.38428 0.0315153
-4.37238 0.0317831
-4.36048 0.0320531
-4.34858 0.0323254
-4.33669 0.0326
-4.32479 0.0328768
-4.31289 0.0331561
-4.301 0.0334377
-4.2891 0.0337216
-4.2772 0.034008
-4.26531 0.0342967
-4.25341 0.0345879
-4.24151 0.0348815
-4.22962 0.0351776
-4.21772 0.0354762
-4.20582 0.0357773
-4.19393 0.036081
-4.18203 0.0363871
-4.17013 0.0366959
-4.15824 0.0370072
-4.14634 0.0373212
-4.13444 0.0376378
-4.12255 0.037957
-4.11065 0.0382789
-4.09875 0.0386036
-4.08686 0.0389309
-4.07496 0.039261
-4.06306 0.0395938
-4.05117 0.0399294
-4.03927 0.0402679
-4.02737 0.0406091
-4.01548 0.0409532
-4.00358 0.0413002
-3.99168 0.0416501
-3.97978 0.0420029
-3.96789 0.0423586
-3.95599 0.0427173
-3.94409 0.043079
-3.9322 0.0434438
-3.9203 0.0438115
-3.9084 0.0441823
-3.89651 0.0445562
-3.88461 0.0449332
-3.87271 0.0453133
-3.86082 0.0456966
-3.84892 0.0460831
-3.83702 0.0464728
-3.82513 0.0468657
-3.81323 0.0472619
-3.80133 0.0476613
-3.78944 0.0480641
-3.77754 0.0484702
-3.76564 0.0488797
-3.75375 0.0492925
-3.74185 0.0497087
-3.72995 0.0501284
-3.71806 0.0505516
-3.70616 0.0509782
-3.69426 0.0514084
-3.68237 0.0518421
-3.67047 0.0522793
-3.65857 0.0527202
-3.64668 0.0531647
-3.63478 0.0536128
-3.62288 0.0540646
-3.61099 0.0545202
-3.59909 0.0549794
-3.58719 0.0554424
-3.57529 0.0559092
-3.5634 0.0563799
-3.5515 0.0568543
-3.5396 0.0573327
-3.52771 0.0578149
-3.51581 0.0583011
-3.50391 0.0587912
-3.49202 0.0592854
-3.48012 0.0597835
-3.46822 0.0602857
-3.45633 0.060792
-3.44443 0.0613024
-3.43253 0.0618169
-3.42064 0.0623355
-3.40874 0.0628584
-3.39684 0.0633855
-3.38495 0.0639169
-3.37305 0.0644525
-3.36115 0.0649925
-3.34926 0.0655368
-3.33736 0.0660855
-3.32546 0.0666385
-3.31357 0.0671961
-3.30167 0.067758
-3.28977 0.0683245
-3.27788 0.0688956
-3.26598 0.0694711
-3.25408 0.0700513
-3.24219 0.0706361
-3.23029 0.0712256
-3.21839 0.0718197
-3.2065 0.0724185
-3.1946 0.0730221
-3.1827 0.0736305
-3.1708 0.0742437
-3.15891 0.0748618
-3.14701 0.0754847
-3.13511 0.0761125
-3.12322 0.0767452
-3.11132 0.077383
-3.09942 0.0780257
-3.08753 0.0786734
-3.07563 0.0793263
-3.06373 0.0799842
-3.05184 0.0806472
-3.03994 0.0813154
-3.02804 0.0819888
-3.01615 0.0826675
-3.00425 0.0833513
-2.99235 0.0840405
-2.98046 0.084735
-2.96856 0.0854348
-2.95666 0.08614
-2.94477 0.0868506
-2.93287 0.0875667
-2.92097 0.0882883
-2.90908 0.0890153
-2.89718 0.0897479
-2.88528 0.090486
-2.87339 0.0912298
-2.86149 0.0919792
-2.84959 0.0927342
-2.8377 0.0934949
-2.8258 0.0942614
-2.8139 0.0950335
-2.802 0.0958115
-2.79011 0.0965953
-2.77821 0.0973849
-2.76631 0.0981804
-2.75442 0.0989818
-2.74252 0.0997891
-2.73062 0.100602
-2.71873 0.101422
-2.70683 0.102247
-2.69493 0.103078
-2.68304 0.103915
-2.67114 0.104759
-2.65924 0.105608
-2.64735 0.106464
-2.63545 0.107326
-2.62355 0.108194
-2.61166 0.109068
-2.59976 0.109949
-2.58786 0.110836
-2.57597 0.111729
-2.56407 0.112628
-2.55217 0.113534
-2.54028 0.114446
-2.52838 0.115364
-2.51648 0.116289
-2.50459 0.11722
-2.49269 0.118158
-2.48079 0.119102
-2.4689 0.120052
-2.457 0.12101
-2.4451 0.121973
-2.43321 0.122943
-2.42131 0.12392
-2.40941 0.124903
-2.39751 0.125893
-2.38562 0.126889
-2.37372 0.127892
-2.36182 0.128901
-2.34993 0.129917
-2.33803 0.13094
-2.32613 0.131969
-2.31424 0.133005
-2.30234 0.134048
-2.29044 0.135097
-2.27855 0.136153
-2.26665 0.137215
-2.25475 0.138284
-2.24286 0.13936
-2.23096 0.140442
-2.21906 0.141531
-2.20717 0.142627
-2.19527 0.143729
-2.18337 0.144838
-2.17148 0.145953
-2.15958 0.147075
-2.14768 0.148204
-2.13579 0.149339
-2.12389 0.15048
-2.11199 0.151629
-2.1001 0.152783
-2.0882 0.153944
-2.0763 0.155112
-2.06441 0.156286
-2.05251 0.157466
-2.04061 0.158653
-2.02871 0.159846
-2.01682 0.161045
-2.00492 0.162251
-1.99302 0.163463
-1.98113 0.164681
-1.96923 0.165905
-1.95733 0.167135
-1.94544 0.168371
-1.93354 0.169613
-1.92164 0.170861
-1.90975 0.172115
-1.89785 0.173375
-1.88595 0.17464
-1.87406 0.175911
-1.86216 0.177188
-1.85026 0.17847
-1.83837 0.179758
-1.82647 0.181051
-1.81457 0.182349
-1.80268 0.183653
-1.79078 0.184961
-1.77888 0.186275
-1.76699 0.187593
-1.75509 0.188916
-1.74319 0.190244
-1.7313 0.191577
-1.7194 0.192914
-1.7075 0.194255
-1.69561 0.195601
-1.68371 0.19695
-1.67181 0.198304
-1.65992 0.199661
-1.64802 0.201022
-1.63612 0.202387
-1.62422 0.203754
-1.61233 0.205126
-1.60043 0.2065
-1.58853 0.207877
-1.57664 0.209256
-1.56474 0.210639
-1.55284 0.212023
-1.54095 0.21341
-1.52905 0.214799
-1.51715 0.216189
-1.50526 0.217581
-1.49336 0.218975
-1.48146 0.220369
-1.46957 0.221764
-1.45767 0.22316
-1.44577 0.224557
-1.43388 0.225953
-1.42198 0.22735
-1.41008 0.228746
-1.39819 0.230141
-1.38629 0.231536
-1.37439 0.23293
-1.3625 0.234322
-1.3506 0.235712
-1.3387 0.2371
-1.32681 0.238486
-1.31491 0.23987
-1.30301 0.24125
-1.29112 0.242627
-1.27922 0.244
-1.26732 0.24537
-1.25543 0.246735
-1.24353 0.248095
-1.23163 0.24945
-1.21973 0.2508
-1.20784 0.252144
-1.19594 0.253481
-1.18404 0.254812
-1.17215 0.256136
-1.16025 0.257453
-1.14835 0.258762
-1.13646 0.260062
-1.12456 0.261353
-1.11266 0.262636
-1.10077 0.263908
-1.08887 0.265171
-1.07697 0.266423
-1.06508 0.267664
-1.05318 0.268893
-1.04128 0.270111
-1.02939 0.271315
-1.01749 0.272507
-1.00559 0.273685
-0.993696 0.274849
-0.981799 0.275998
-0.969903 0.277133
-0.958006 0.278251
-0.946109 0.279353
-0.934212 0.280439
-0.922316 0.281507
-0.910419 0.282557
-0.898522 0.283589
-0.886625 0.284601
-0.874728 0.285594
-0.862832 0.286567
-0.850935 0.287519
-0.839038 0.288449
-0.827141 0.289358
-0.815245 0.290244
-0.803348 0.291106
-0.791451 0.291945
-0.779554 0.292759
-0.767658 0.293549
-0.755761 0.294313
-0.743864 0.29505
-0.731967 0.295761
-0.72007 0.296445
-0.708174 0.2971
-0.696277 0.297727
-0.68438 0.298324
-0.672483 0.298892
-0.660587 0.29943
-0.64869 0.299936
-0.636793 0.300411
-0.624896 0.300854
-0.613 0.301265
-0.601103 0.301642
-0.589206 0.301985
-0.577309 0.302295
-0.565413 0.302569
-0.553516 0.302808
-0.541619 0.303012
-0.529722 0.303179
-0.517825 0.303309
-0.505929 0.303403
-0.494032 0.303459
-0.482135 0.303476
-0.470238 0.303456
-0.458342 0.303396
-0.446445 0.303297
-0.434548 0.303159
-0.422651 0.302981
-0.410755 0.302763
-0.398858 0.302505
-0.386961 0.302205
-0.375064 0.301865
-0.363167 0.301484
-0.351271 0.301061
-0.339374 0.300597
-0.327477 0.300092
-0.31558 0.299544
-0.303684 0.298955
-0.291787 0.298324
-0.27989 0.297651
-0.267993 0.296937
-0.256097 0.29618
-0.2442 0.295382
-0.232303 0.294542
-0.220406 0.293661
-0.208509 0.292738
-0.196613 0.291774
-0.184716 0.290769
-0.172819 0.289723
-0.160922 0.288637
-0.149026 0.287511
-0.137129 0.286345
-0.125232 0.285139
-0.113335 0.283895
-0.101439 0.282611
-0.0895418 0.28129
-0.077645 0.279931
-0.0657482 0.278535
-0.0538515 0.277103
-0.0419547 0.275634
-0.0300579 0.27413
-0.0181612 0.272592
-0.0062644 0.271019
0.00563237 0.269413
0.0175291 0.267774
0.0294259 0.266103
0.0413227 0.264401
0.0532194 0.262668
0.0651162 0.260906
0.077013 0.259114
0.0889097 0.257295
0.100807 0.255449
0.112703 0.253576
0.1246 0.251678
0.136497 0.249755
0.148394 0.247808
0.16029 0.245839
0.172187 0.243847
0.184084 0.241835
0.195981 0.239803
0.207877 0.237752
0.219774 0.235683
0.231671 0.233597
0.243568 0.231494
0.255465 0.229376
0.267361 0.227244
0.279258 0.225099
0.291155 0.222942
0.303052 0.220773
0.314948 0.218593
0.326845 0.216405
0.338742 0.214207
0.350639 0.212002
0.362535 0.209791
0.374432 0.207573
0.386329 0.205351
0.398226 0.203125
0.410122 0.200896
0.422019 0.198664
0.433916 0.196432
0.445813 0.194198
0.45771 0.191966
0.469606 0.189734
0.481503 0.187504
0.4934 0.185277
0.505297 0.183053
0.517193 0.180834
0.52909 0.17862
0.540987 0.176411
0.552884 0.174209
0.56478 0.172014
0.576677 0.169826
0.588574 0.167647
0.600471 0.165477
0.612368 0.163317
0.624264 0.161166
0.636161 0.159027
0.648058 0.156899
0.659955 0.154782
0.671851 0.152678
0.683748 0.150586
0.695645 0.148508
0.707542 0.146444
0.719438 0.144393
0.731335 0.142358
0.743232 0.140337
0.755129 0.138331
0.767026 0.136341
0.778922 0.134367
0.790819 0.132409
0.802716 0.130468
0.814613 0.128544
0.826509 0.126636
0.838406 0.124746
0.850303 0.122874
0.8622 0.121019
0.874096 0.119183
0.885993 0.117364
0.89789 0.115564
0.909787 0.113783
0.921684 0.11202
0.93358 0.110275
0.945477 0.10855
0.957374 0.106843
0.969271 0.105156
0.981167 0.103487
0.993064 0.101838
1.00496 0.100208
1.01686 0.0985967
1.02875 0.0970049
1.04065 0.0954324
1.05255 0.0938791
1.06444 0.0923451
1.07634 0.0908302
1.08824 0.0893346
1.10014 0.087858
1.11203 0.0864006
1.12393 0.0849622
1.13583 0.0835428
1.14772 0.0821423
1.15962 0.0807606
1.17152 0.0793976
1.18341 0.0780533
1.19531 0.0767275
1.20721 0.0754202
1.2191 0.0741313
1.231 0.0728606
1.2429 0.0716079
1.25479 0.0703733
1.26669 0.0691565
1.27859 0.0679574
1.29048 0.0667759
1.30238 0.0656119
1.31428 0.0644651
1.32617 0.0633356
1.33807 0.062223
1.34997 0.0611272
1.36186 0.0600481
1.37376 0.0589856
1.38566 0.0579394
1.39755 0.0569095
1.40945 0.0558956
1.42135 0.0548975
1.43324 0.0539152
1.44514 0.0529484
1.45704 0.0519969
1.46893 0.0510607
1.48083 0.0501394
1.49273 0.049233
1.50463 0.0483413
1.51652 0.0474641
1.52842 0.0466012
1.54032 0.0457524
1.55221 0.0449177
1.56411 0.0440967
1.57601 0.0432893
1.5879 0.0424954
1.5998 0.0417147
1.6117 0.0409471
1.62359 0.0401925
1.63549 0.0394506
1.64739 0.0387212
1.65928 0.0380043
1.67118 0.0372996
1.68308 0.036607
1.69497 0.0359262
1.70687 0.0352572
1.71877 0.0345997
1.73066 0.0339536
1.74256 0.0333188
1.75446 0.0326949
1.76635 0.032082
1.77825 0.0314798
1.79015 0.0308882
1.80204 0.030307
1.81394 0.0297361
1.82584 0.0291753
1.83773 0.0286244
1.84963 0.0280833
1.86153 0.0275518
1.87342 0.0270298
1.88532 0.0265172
1.89722 0.0260137
1.90912 0.0255193
1.92101 0.0250338
1.93291 0.0245571
1.94481 0.024089
1.9567 0.0236294
1.9686 0.0231781
1.9805 0.022735
1.99239 0.0223
2.00429 0.0218729
2.01619 0.0214537
2.02808 0.0210421
2.03998 0.0206381
2.05188 0.0202415
2.06377 0.0198522
2.07567 0.01947
2.08757 0.019095
2.09946 0.0187269
2.11136 0.0183656
2.12326 0.018011
2.13515 0.0176629
2.14705 0.0173214
2.15895 0.0169862
2.17084 0.0166573
2.18274 0.0163345
2.19464 0.0160178
2.20653 0.015707
2.21843 0.015402
2.23033 0.0151028
2.24222 0.0148092
2.25412 0.0145211
2.26602 0.0142384
2.27792 0.0139611
2.28981 0.013689
2.30171 0.0134221
2.31361 0.0131602
2.3255 0.0129033
2.3374 0.0126513
2.3493 0.012404
2.36119 0.0121615
2.37309 0.0119235
2.38499 0.0116901
2.39688 0.0114612
2.40878 0.0112366
2.42068 0.0110163
2.43257 0.0108003
2.44447 0.0105883
2.45637 0.0103804
2.46826 0.0101766
2.48016 0.00997659
2.49206 0.00978046
2.50395 0.0095881
2.51585 0.00939945
2.52775 0.00921442
2.53964 0.00903297
2.55154 0.00885501
2.56344 0.00868049
2.57533 0.00850934
2.58723 0.0083415
2.59913 0.0081769
2.61102 0.0080155
2.62292 0.00785721
2.63482 0.007702
2.64671 0.0075498
2.65861 0.00740056
2.67051 0.00725421
2.68241 0.00711071
2.6943 0.00697
2.7062 0.00683203
2.7181 0.00669674
2.72999 0.00656409
2.74189 0.00643403
2.75379 0.00630651
2.76568 0.00618147
2.77758 0.00605888
2.78948 0.00593868
2.80137 0.00582083
2.81327 0.00570529
2.82517 0.00559201
2.83706 0.00548095
2.84896 0.00537206
2.86086 0.00526531
2.87275 0.00516065
2.88465 0.00505805
2.89655 0.00495746
2.90844 0.00485884
2.92034 0.00476216
2.93224 0.00466739
