-0.321875 0.00060785
0.114897 0.00158928
0.551669 0.00291159
0.988442 0.00417668
1.42521 0.00525318
1.86199 0.00615421
2.29876 0.00691584
2.73553 0.00756876
3.1723 0.00813573
3.60908 0.00863338
4.04585 0.00907399
4.48262 0.00946683
4.91939 0.00981903
5.35616 0.0101362
5.79294 0.0104229
6.22971 0.0106827
6.66648 0.0109186
7.10325 0.0111331
7.54003 0.0113285
7.9768 0.0115064
8.41357 0.0116686
8.85034 0.0118162
9.28711 0.0119506
9.72389 0.0120727
10.1607 0.0121835
10.5974 0.0122839
11.0342 0.0123746
11.471 0.0124562
11.9077 0.0125293
12.3445 0.0125946
12.7813 0.0126525
13.2181 0.0127034
13.6548 0.0127478
14.0916 0.0127861
14.5284 0.0128186
14.9652 0.0128457
15.4019 0.0128677
15.8387 0.0128848
16.2755 0.0128973
16.7122 0.0129055
17.149 0.0129096
17.5858 0.0129098
18.0226 0.0129063
18.4593 0.0128993
18.8961 0.012889
19.3329 0.0128756
19.7696 0.0128591
20.2064 0.0128399
20.6432 0.0128179
21.08 0.0127934
21.5167 0.0127664
21.9535 0.0127372
22.3903 0.0127057
22.8271 0.0126721
23.2638 0.0126366
23.7006 0.0125991
24.1374 0.0125599
24.5741 0.0125189
25.0109 0.0124764
25.4477 0.0124323
25.8845 0.0123867
26.3212 0.0123397
26.758 0.0122915
27.1948 0.0122419
27.6315 0.0121912
28.0683 0.0121394
28.5051 0.0120864
28.9419 0.0120325
29.3786 0.0119776
29.8154 0.0119219
30.2522 0.0118652
30.689 0.0118078
31.1257 0.0117496
31.5625 0.0116907
31.9993 0.0116311
32.436 0.0115708
32.8728 0.01151
33.3096 0.0114486
33.7464 0.0113867
34.1831 0.0113243
34.6199 0.0112615
35.0567 0.0111982
35.4934 0.0111345
35.9302 0.0110705
36.367 0.0110062
36.8038 0.0109415
37.2405 0.0108766
37.6773 0.0108114
38.1141 0.0107459
38.5509 0.0106803
38.9876 0.0106145
39.4244 0.0105485
39.8612 0.0104824
40.2979 0.0104162
40.7347 0.0103498
41.1715 0.0102834
41.6083 0.0102169
42.045 0.0101504
42.4818 0.0100838
42.9186 0.0100172
43.3553 0.00995064
43.7921 0.00988407
44.2289 0.00981753
44.6657 0.00975104
45.1024 0.0096846
45.5392 0.00961823
45.976 0.00955194
46.4128 0.00948575
46.8495 0.00941966
47.2863 0.00935368
47.7231 0.00928784
48.1598 0.00922212
48.5966 0.00915656
49.0334 0.00909115
49.4702 0.0090259
49.9069 0.00896083
50.3437 0.00889594
50.7805 0.00883124
51.2172 0.00876673
51.654 0.00870243
52.0908 0.00863834
52.5276 0.00857447
52.9643 0.00851082
53.4011 0.0084474
53.8379 0.00838422
54.2747 0.00832128
54.7114 0.00825859
55.1482 0.00819615
55.585 0.00813397
56.0217 0.00807205
56.4585 0.00801039
56.8953 0.00794901
57.3321 0.0078879
57.7688 0.00782708
58.2056 0.00776653
58.6424 0.00770627
59.0791 0.0076463
59.5159 0.00758663
59.9527 0.00752725
60.3895 0.00746817
60.8262 0.00740939
61.263 0.00735091
61.6998 0.00729274
62.1366 0.00723488
62.5733 0.00717733
63.0101 0.00712009
63.4469 0.00706317
63.8836 0.00700656
64.3204 0.00695027
64.7572 0.0068943
65.194 0.00683866
65.6307 0.00678333
66.0675 0.00672833
66.5043 0.00667365
66.941 0.0066193
67.3778 0.00656527
67.8146 0.00651157
68.2514 0.0064582
68.6881 0.00640515
69.1249 0.00635244
69.5617 0.00630005
69.9985 0.00624799
70.4352 0.00619626
70.872 0.00614487
71.3088 0.0060938
71.7455 0.00604306
72.1823 0.00599266
72.6191 0.00594258
73.0559 0.00589283
73.4926 0.00584341
73.9294 0.00579433
74.3662 0.00574557
74.8029 0.00569714
75.2397 0.00564903
75.6765 0.00560126
76.1133 0.00555381
76.55 0.00550669
76.9868 0.0054599
77.4236 0.00541343
77.8604 0.00536728
78.2971 0.00532146
78.7339 0.00527597
79.1707 0.00523079
79.6074 0.00518594
80.0442 0.0051414
80.481 0.00509719
80.9178 0.0050533
81.3545 0.00500972
81.7913 0.00496646
82.2281 0.00492351
82.6648 0.00488088
83.1016 0.00483856
83.5384 0.00479656
83.9752 0.00475486
84.4119 0.00471348
84.8487 0.0046724
85.2855 0.00463163
85.7223 0.00459117
86.159 0.00455101
86.5958 0.00451116
87.0326 0.0044716
87.4693 0.00443235
87.9061 0.0043934
88.3429 0.00435474
88.7797 0.00431638
89.2164 0.00427832
89.6532 0.00424055
90.09 0.00420307
90.5267 0.00416589
90.9635 0.00412899
91.4003 0.00409238
91.8371 0.00405605
92.2738 0.00402002
92.7106 0.00398426
93.1474 0.00394879
93.5842 0.0039136
94.0209 0.00387868
94.4577 0.00384405
94.8945 0.00380969
95.3312 0.0037756
95.768 0.00374178
96.2048 0.00370824
96.6416 0.00367497
97.0783 0.00364196
97.5151 0.00360922
97.9519 0.00357675
98.3886 0.00354454
98.8254 0.00351259
99.2622 0.0034809
99.699 0.00344947
100.136 0.00341829
100.573 0.00338738
101.009 0.00335671
101.446 0.0033263
101.883 0.00329613
102.32 0.00326622
102.756 0.00323655
103.193 0.00320713
103.63 0.00317795
104.067 0.00314902
104.503 0.00312033
104.94 0.00309187
105.377 0.00306365
105.814 0.00303567
106.251 0.00300793
106.687 0.00298041
107.124 0.00295313
107.561 0.00292608
107.998 0.00289925
108.434 0.00287266
108.871 0.00284628
109.308 0.00282014
109.745 0.00279421
110.182 0.0027685
110.618 0.00274301
111.055 0.00271774
111.492 0.00269269
111.929 0.00266785
112.365 0.00264322
112.802 0.0026188
113.239 0.0025946
113.676 0.0025706
114.112 0.0025468
114.549 0.00252322
114.986 0.00249983
115.423 0.00247665
115.86 0.00245367
116.296 0.00243089
116.733 0.0024083
117.17 0.00238591
117.607 0.00236372
118.043 0.00234172
118.48 0.00231991
118.917 0.00229829
119.354 0.00227686
119.79 0.00225562
120.227 0.00223456
120.664 0.00221369
121.101 0.002193
121.538 0.0021725
121.974 0.00215217
122.411 0.00213202
122.848 0.00211205
123.285 0.00209226
123.721 0.00207264
124.158 0.0020532
124.595 0.00203392
125.032 0.00201482
125.469 0.00199589
125.905 0.00197712
126.342 0.00195853
126.779 0.00194009
127.216 0.00192182
127.652 0.00190372
128.089 0.00188578
128.526 0.00186799
128.963 0.00185037
129.399 0.0018329
129.836 0.00181559
130.273 0.00179843
130.71 0.00178143
131.147 0.00176458
131.583 0.00174789
132.02 0.00173134
132.457 0.00171494
132.894 0.00169869
133.33 0.00168259
133.767 0.00166663
134.204 0.00165081
134.641 0.00163514
135.078 0.00161961
135.514 0.00160422
135.951 0.00158897
136.388 0.00157386
136.825 0.00155889
137.261 0.00154405
137.698 0.00152935
138.135 0.00151478
138.572 0.00150034
139.008 0.00148604
139.445 0.00147186
139.882 0.00145782
140.319 0.0014439
140.756 0.00143011
141.192 0.00141645
141.629 0.00140291
142.066 0.0013895
142.503 0.0013762
142.939 0.00136303
143.376 0.00134999
143.813 0.00133706
144.25 0.00132425
144.687 0.00131155
145.123 0.00129898
145.56 0.00128652
145.997 0.00127418
146.434 0.00126194
146.87 0.00124983
147.307 0.00123782
147.744 0.00122593
148.181 0.00121414
148.617 0.00120246
149.054 0.0011909
149.491 0.00117944
149.928 0.00116808
150.365 0.00115683
150.801 0.00114569
151.238 0.00113464
151.675 0.00112371
152.112 0.00111287
152.548 0.00110213
152.985 0.0010915
153.422 0.00108096
153.859 0.00107052
154.295 0.00106018
154.732 0.00104993
155.169 0.00103978
155.606 0.00102973
156.043 0.00101977
156.479 0.0010099
156.916 0.00100012
157.353 0.00099044
157.79 0.000980846
158.226 0.000971343
158.663 0.000961928
159.1 0.000952602
159.537 0.000943364
159.974 0.000934212
160.41 0.000925146
160.847 0.000916166
161.284 0.00090727
161.721 0.000898457
162.157 0.000889728
162.594 0.000881081
163.031 0.000872515
163.468 0.00086403
163.904 0.000855625
164.341 0.000847299
164.778 0.000839052
165.215 0.000830883
165.652 0.000822791
166.088 0.000814775
166.525 0.000806836
166.962 0.000798971
167.399 0.000791181
167.835 0.000783465
168.272 0.000775822
168.709 0.000768251
169.146 0.000760752
169.583 0.000753324
170.019 0.000745967
170.456 0.00073868
170.893 0.000731462
171.33 0.000724312
171.766 0.000717231
172.203 0.000710216
172.64 0.000703269
173.077 0.000696388
173.513 0.000689572
173.95 0.000682821
174.387 0.000676135
174.824 0.000669512
175.261 0.000662953
175.697 0.000656456
176.134 0.000650021
176.571 0.000643648
177.008 0.000637335
177.444 0.000631083
177.881 0.000624891
178.318 0.000618758
178.755 0.000612683
179.192 0.000606667
179.628 0.000600709
180.065 0.000594807
180.502 0.000588962
180.939 0.000583173
181.375 0.00057744
181.812 0.000571762
182.249 0.000566138
182.686 0.000560568
183.122 0.000555052
183.559 0.000549588
183.996 0.000544178
184.433 0.000538819
184.87 0.000533512
185.306 0.000528256
185.743 0.00052305
186.18 0.000517895
186.617 0.000512789
187.053 0.000507733
187.49 0.000502725
187.927 0.000497766
188.364 0.000492854
188.801 0.00048799
189.237 0.000483173
189.674 0.000478402
190.111 0.000473677
190.548 0.000468998
190.984 0.000464364
191.421 0.000459775
191.858 0.000455231
192.295 0.00045073
192.731 0.000446273
193.168 0.000441859
193.605 0.000437488
194.042 0.00043316
194.479 0.000428873
194.915 0.000424627
195.352 0.000420423
195.789 0.00041626
196.226 0.000412137
196.662 0.000408054
197.099 0.000404011
197.536 0.000400007
197.973 0.000396042
198.409 0.000392115
198.846 0.000388227
199.283 0.000384376
199.72 0.000380563
200.157 0.000376787
200.593 0.000373048
201.03 0.000369345
201.467 0.000365678
201.904 0.000362047
202.34 0.000358451
202.777 0.00035489
203.214 0.000351364
203.651 0.000347872
204.088 0.000344415
204.524 0.000340991
204.961 0.000337601
205.398 0.000334243
205.835 0.000330919
206.271 0.000327627
206.708 0.000324367
207.145 0.000321139
207.582 0.000317942
208.018 0.000314777
208.455 0.000311642
208.892 0.000308539
209.329 0.000305466
209.766 0.000302422
210.202 0.000299409
210.639 0.000296425
211.076 0.00029347
211.513 0.000290545
211.949 0.000287648
212.386 0.000284779
212.823 0.000281938
213.26 0.000279126
213.697 0.000276341
214.133 0.000273583
214.57 0.000270852
215.007 0.000268148
215.444 0.000265471
215.88 0.00026282
216.317 0.000260195
216.754 0.000257595
217.191 0.000255022
217.627 0.000252473
218.064 0.00024995
218.501 0.000247452
218.938 0.000244978
219.375 0.000242528
219.811 0.000240103
220.248 0.000237701
220.685 0.000235323
221.122 0.000232969
221.558 0.000230637
221.995 0.000228329
222.432 0.000226043
222.869 0.00022378
223.306 0.000221539
223.742 0.000219321
224.179 0.000217124
224.616 0.000214949
225.053 0.000212795
225.489 0.000210663
225.926 0.000208551
226.363 0.000206461
226.8 0.000204391
227.236 0.000202342
227.673 0.000200312
228.11 0.000198303
228.547 0.000196314
228.984 0.000194345
229.42 0.000192394
229.857 0.000190464
230.294 0.000188552
230.731 0.000186659
231.167 0.000184785
231.604 0.00018293
232.041 0.000181092
232.478 0.000179273
232.914 0.000177473
233.351 0.000175689
233.788 0.000173924
234.225 0.000172176
234.662 0.000170446
235.098 0.000168732
235.535 0.000167036
235.972 0.000165356
236.409 0.000163693
236.845 0.000162047
237.282 0.000160416
237.719 0.000158803
238.156 0.000157205
238.593 0.000155623
239.029 0.000154056
239.466 0.000152505
239.903 0.00015097
240.34 0.00014945
240.776 0.000147945
241.213 0.000146455
241.65 0.00014498
242.087 0.000143519
242.523 0.000142073
242.96 0.000140641
243.397 0.000139224
243.834 0.000137821
244.271 0.000136431
244.707 0.000135056
245.144 0.000133694
245.581 0.000132346
246.018 0.000131011
246.454 0.00012969
246.891 0.000128381
247.328 0.000127086
247.765 0.000125804
248.202 0.000124534
248.638 0.000123277
249.075 0.000122033
249.512 0.0001208
249.949 0.000119581
250.385 0.000118373
250.822 0.000117178
251.259 0.000115994
251.696 0.000114822
252.132 0.000113662
252.569 0.000112514
253.006 0.000111377
253.443 0.000110251
253.88 0.000109137
254.316 0.000108034
254.753 0.000106941
255.19 0.00010586
255.627 0.000104789
256.063 0.00010373
256.5 0.00010268
256.937 0.000101642
257.374 0.000100613
257.811 9.95953e-05
258.247 9.85875e-05
258.684 9.75897e-05
259.121 9.66019e-05
259.558 9.5624e-05
259.994 9.46559e-05
260.431 9.36975e-05
260.868 9.27487e-05
261.305 9.18094e-05
261.741 9.08795e-05
262.178 8.99589e-05
262.615 8.90475e-05
263.052 8.81453e-05
263.489 8.72521e-05
263.925 8.63679e-05
264.362 8.54926e-05
264.799 8.4626e-05
265.236 8.37681e-05
265.672 8.29188e-05
266.109 8.20781e-05
266.546 8.12457e-05
266.983 8.04218e-05
267.42 7.96061e-05
267.856 7.87985e-05
268.293 7.79991e-05
268.73 7.72078e-05
269.167 7.64243e-05
269.603 7.56488e-05
270.04 7.4881e-05
270.477 7.4121e-05
270.914 7.33685e-05
271.35 7.26237e-05
271.787 7.18863e-05
272.224 7.11563e-05
272.661 7.04337e-05
273.098 6.97184e-05
273.534 6.90102e-05
273.971 6.83092e-05
274.408 6.76152e-05
274.845 6.69282e-05
275.281 6.62481e-05
275.718 6.55749e-05
276.155 6.49084e-05
276.592 6.42486e-05
277.028 6.35955e-05
277.465 6.2949e-05
277.902 6.23089e-05
278.339 6.16754e-05
278.776 6.10482e-05
279.212 6.04273e-05
279.649 5.98126e-05
280.086 5.92042e-05
280.523 5.86019e-05
280.959 5.80057e-05
281.396 5.74154e-05
281.833 5.68312e-05
282.27 5.62528e-05
282.707 5.56802e-05
283.143 5.51135e-05
283.58 5.45524e-05
284.017 5.3997e-05
284.454 5.34472e-05
284.89 5.2903e-05
285.327 5.23642e-05
285.764 5.18309e-05
286.201 5.13029e-05
286.637 5.07803e-05
287.074 5.0263e-05
287.511 4.97509e-05
287.948 4.9244e-05
288.385 4.87422e-05
288.821 4.82454e-05
289.258 4.77537e-05
289.695 4.72669e-05
290.132 4.67851e-05
290.568 4.63081e-05
291.005 4.5836e-05
291.442 4.53686e-05
291.879 4.49059e-05
292.316 4.4448e-05
292.752 4.39946e-05
293.189 4.35459e-05
293.626 4.31017e-05
294.063 4.26619e-05
294.499 4.22267e-05
294.936 4.17958e-05
295.373 4.13693e-05
295.81 4.09471e-05
296.246 4.05291e-05
296.683 4.01155e-05
297.12 3.97059e-05
297.557 3.93006e-05
297.994 3.88993e-05
298.43 3.85021e-05
298.867 3.8109e-05
299.304 3.77198e-05
299.741 3.73345e-05
300.177 3.69532e-05
300.614 3.65757e-05
301.051 3.62021e-05
301.488 3.58322e-05
301.925 3.54661e-05
302.361 3.51037e-05
302.798 3.47449e-05
303.235 3.43899e-05
303.672 3.40384e-05
304.108 3.36904e-05
304.545 3.3346e-05
304.982 3.30051e-05
305.419 3.26677e-05
305.855 3.23336e-05
306.292 3.2003e-05
306.729 3.16757e-05
307.166 3.13518e-05
307.603 3.10311e-05
308.039 3.07137e-05
308.476 3.03995e-05
308.913 3.00885e-05
309.35 2.97806e-05
309.786 2.94759e-05
310.223 2.91743e-05
310.66 2.88757e-05
311.097 2.85802e-05
311.534 2.82876e-05
311.97 2.79981e-05
312.407 2.77115e-05
312.844 2.74278e-05
313.281 2.7147e-05
313.717 2.6869e-05
314.154 2.65938e-05
314.591 2.63215e-05
315.028 2.60519e-05
315.464 2.57851e-05
315.901 2.5521e-05
316.338 2.52595e-05
316.775 2.50008e-05
317.212 2.47446e-05
317.648 2.44911e-05
318.085 2.42401e-05
318.522 2.39917e-05
318.959 2.37458e-05
319.395 2.35025e-05
319.832 2.32616e-05
320.269 2.30231e-05
320.706 2.27871e-05
321.142 2.25535e-05
321.579 2.23222e-05
322.016 2.20934e-05
322.453 2.18668e-05
322.89 2.16426e-05
323.326 2.14206e-05
323.763 2.12009e-05
324.2 2.09834e-05
324.637 2.07682e-05
325.073 2.05551e-05
325.51 2.03442e-05
325.947 2.01355e-05
326.384 1.99289e-05
326.821 1.97244e-05
327.257 1.9522e-05
327.694 1.93216e-05
328.131 1.91233e-05
328.568 1.8927e-05
329.004 1.87327e-05
329.441 1.85404e-05
329.878 1.83501e-05
330.315 1.81617e-05
330.751 1.79752e-05
331.188 1.77906e-05
331.625 1.76079e-05
332.062 1.74271e-05
332.499 1.72481e-05
332.935 1.70709e-05
333.372 1.68956e-05
333.809 1.6722e-05
334.246 1.65502e-05
334.682 1.63802e-05
335.119 1.62119e-05
335.556 1.60453e-05
335.993 1.58804e-05
336.43 1.57172e-05
336.866 1.55557e-05
337.303 1.53958e-05
337.74 1.52375e-05
338.177 1.50809e-05
338.613 1.49258e-05
339.05 1.47724e-05
339.487 1.46205e-05
339.924 1.44702e-05
340.36 1.43214e-05
340.797 1.41741e-05
341.234 1.40283e-05
341.671 1.38841e-05
342.108 1.37413e-05
342.544 1.35999e-05
342.981 1.346e-05
343.418 1.33215e-05
343.855 1.31845e-05
344.291 1.30488e-05
344.728 1.29146e-05
345.165 1.27817e-05
345.602 1.26502e-05
346.039 1.252e-05
346.475 1.23911e-05
346.912 1.22636e-05
347.349 1.21373e-05
347.786 1.20124e-05
348.222 1.18887e-05
348.659 1.17663e-05
349.096 1.16452e-05
349.533 1.15253e-05
349.969 1.14066e-05
350.406 1.12892e-05
350.843 1.11729e-05
351.28 1.10578e-05
351.717 1.0944e-05
352.153 1.08312e-05
352.59 1.07197e-05
353.027 1.06092e-05
353.464 1.04999e-05
353.9 1.03918e-05
354.337 1.02847e-05
354.774 1.01787e-05
355.211 1.00738e-05
355.647 9.97003e-06
356.084 9.86728e-06
356.521 9.76559e-06
356.958 9.66494e-06
357.395 9.56532e-06
357.831 9.46672e-06
358.268 9.36913e-06
358.705 9.27254e-06
359.142 9.17695e-06
359.578 9.08233e-06
360.015 8.98868e-06
360.452 8.896e-06
360.889 8.80426e-06
361.326 8.71347e-06
361.762 8.6236e-06
362.199 8.53466e-06
362.636 8.44663e-06
363.073 8.3595e-06
363.509 8.27327e-06
363.946 8.18792e-06
364.383 8.10345e-06
364.82 8.01985e-06
365.256 7.9371e-06
365.693 7.8552e-06
366.13 7.77414e-06
366.567 7.69392e-06
367.004 7.61451e-06
367.44 7.53593e-06
367.877 7.45815e-06
368.314 7.38117e-06
368.751 7.30498e-06
369.187 7.22957e-06
369.624 7.15493e-06
370.061 7.08106e-06
370.498 7.00796e-06
370.935 6.9356e-06
371.371 6.86398e-06
371.808 6.7931e-06
372.245 6.72295e-06
372.682 6.65352e-06
373.118 6.58481e-06
373.555 6.51679e-06
373.992 6.44948e-06
374.429 6.38286e-06
374.865 6.31693e-06
375.302 6.25167e-06
375.739 6.18708e-06
376.176 6.12316e-06
376.613 6.05989e-06
377.049 5.99728e-06
377.486 5.93531e-06
377.923 5.87397e-06
378.36 5.81327e-06
378.796 5.75319e-06
379.233 5.69373e-06
379.67 5.63488e-06
380.107 5.57663e-06
380.544 5.51899e-06
380.98 5.46193e-06
381.417 5.40547e-06
381.854 5.34958e-06
382.291 5.29427e-06
382.727 5.23953e-06
383.164 5.18535e-06
383.601 5.13173e-06
384.038 5.07867e-06
384.474 5.02614e-06
384.911 4.97416e-06
385.348 4.92272e-06
385.785 4.8718e-06
386.222 4.82141e-06
386.658 4.77153e-06
387.095 4.72217e-06
387.532 4.67332e-06
387.969 4.62497e-06
388.405 4.57712e-06
388.842 4.52976e-06
389.279 4.48289e-06
389.716 4.4365e-06
390.153 4.39059e-06
390.589 4.34515e-06
391.026 4.30019e-06
391.463 4.25568e-06
391.9 4.21163e-06
392.336 4.16804e-06
392.773 4.12489e-06
393.21 4.08219e-06
393.647 4.03993e-06
394.083 3.99811e-06
394.52 3.95672e-06
394.957 3.91575e-06
395.394 3.8752e-06
395.831 3.83508e-06
396.267 3.79536e-06
396.704 3.75606e-06
397.141 3.71716e-06
397.578 3.67867e-06
398.014 3.64057e-06
398.451 3.60286e-06
398.888 3.56554e-06
399.325 3.52861e-06
399.761 3.49205e-06
400.198 3.45588e-06
400.635 3.42007e-06
401.072 3.38464e-06
401.509 3.34957e-06
401.945 3.31487e-06
402.382 3.28052e-06
402.819 3.24652e-06
403.256 3.21288e-06
403.692 3.17958e-06
404.129 3.14663e-06
404.566 3.11402e-06
405.003 3.08174e-06
405.44 3.0498e-06
405.876 3.01819e-06
406.313 2.9869e-06
406.75 2.95594e-06
407.187 2.92529e-06
407.623 2.89497e-06
408.06 2.86495e-06
408.497 2.83525e-06
408.934 2.80585e-06
409.37 2.77675e-06
409.807 2.74796e-06
410.244 2.71946e-06
410.681 2.69126e-06
411.118 2.66335e-06
411.554 2.63573e-06
411.991 2.60839e-06
412.428 2.58133e-06
412.865 2.55456e-06
413.301 2.52806e-06
413.738 2.50183e-06
414.175 2.47588e-06
414.612 2.45019e-06
415.049 2.42477e-06
415.485 2.39961e-06
415.922 2.37471e-06
416.359 2.35007e-06
416.796 2.32569e-06
417.232 2.30155e-06
417.669 2.27767e-06
418.106 2.25403e-06
418.543 2.23063e-06
418.979 2.20748e-06
419.416 2.18457e-06
419.853 2.16189e-06
420.29 2.13945e-06
420.727 2.11724e-06
421.163 2.09526e-06
421.6 2.07351e-06
422.037 2.05199e-06
422.474 2.03068e-06
422.91 2.0096e-06
423.347 1.98873e-06
423.784 1.96808e-06
424.221 1.94764e-06
424.658 1.92742e-06
425.094 1.9074e-06
425.531 1.88759e-06
425.968 1.86799e-06
426.405 1.84859e-06
426.841 1.82939e-06
427.278 1.81038e-06
427.715 1.79158e-06
428.152 1.77297e-06
428.588 1.75455e-06
429.025 1.73632e-06
429.462 1.71828e-06
429.899 1.70043e-06
430.336 1.68276e-06
430.772 1.66528e-06
431.209 1.64797e-06
431.646 1.63085e-06
432.083 1.6139e-06
432.519 1.59713e-06
432.956 1.58053e-06
433.393 1.56411e-06
433.83 1.54785e-06
434.266 1.53176e-06
434.703 1.51584e-06
435.14 1.50008e-06
435.577 1.48449e-06
436.014 1.46906e-06
