-8.19313 0.00134953
-8.18168 0.00136063
-8.17023 0.00137181
-8.15878 0.00138309
-8.14733 0.00139446
-8.13588 0.00140592
-8.12442 0.00141749
-8.11297 0.00142914
-8.10152 0.0014409
-8.09007 0.00145275
-8.07862 0.0014647
-8.06717 0.00147675
-8.05572 0.0014889
-8.04427 0.00150115
-8.03282 0.0015135
-8.02137 0.00152596
-8.00992 0.00153852
-7.99846 0.00155118
-7.98701 0.00156395
-7.97556 0.00157683
-7.96411 0.00158981
-7.95266 0.0016029
-7.94121 0.0016161
-7.92976 0.00162941
-7.91831 0.00164283
-7.90686 0.00165637
-7.89541 0.00167001
-7.88396 0.00168377
-7.8725 0.00169764
-7.86105 0.00171163
-7.8496 0.00172574
-7.83815 0.00173996
-7.8267 0.0017543
-7.81525 0.00176876
-7.8038 0.00178335
-7.79235 0.00179805
-7.7809 0.00181288
-7.76945 0.00182783
-7.758 0.0018429
-7.74655 0.0018581
-7.73509 0.00187343
-7.72364 0.00188888
-7.71219 0.00190447
-7.70074 0.00192018
-7.68929 0.00193603
-7.67784 0.00195201
-7.66639 0.00196812
-7.65494 0.00198436
-7.64349 0.00200074
-7.63204 0.00201726
-7.62059 0.00203392
-7.60913 0.00205071
-7.59768 0.00206765
-7.58623 0.00208473
-7.57478 0.00210195
-7.56333 0.00211931
-7.55188 0.00213682
-7.54043 0.00215448
-7.52898 0.00217228
-7.51753 0.00219023
-7.50608 0.00220833
-7.49463 0.00222659
-7.48317 0.00224499
-7.47172 0.00226355
-7.46027 0.00228227
-7.44882 0.00230114
-7.43737 0.00232017
-7.42592 0.00233936
-7.41447 0.00235871
-7.40302 0.00237823
-7.39157 0.0023979
-7.38012 0.00241774
-7.36867 0.00243775
-7.35721 0.00245792
-7.34576 0.00247827
-7.33431 0.00249878
-7.32286 0.00251947
-7.31141 0.00254033
-7.29996 0.00256136
-7.28851 0.00258257
-7.27706 0.00260396
-7.26561 0.00262553
-7.25416 0.00264728
-7.24271 0.00266921
-7.23126 0.00269132
-7.2198 0.00271362
-7.20835 0.00273611
-7.1969 0.00275879
-7.18545 0.00278166
-7.174 0.00280472
-7.16255 0.00282797
-7.1511 0.00285142
-7.13965 0.00287506
-7.1282 0.00289891
-7.11675 0.00292295
-7.1053 0.0029472
-7.09384 0.00297165
-7.08239 0.0029963
-7.07094 0.00302116
-7.05949 0.00304624
-7.04804 0.00307152
-7.03659 0.00309701
-7.02514 0.00312272
-7.01369 0.00314865
-7.00224 0.00317479
-6.99079 0.00320116
-6.97934 0.00322774
-6.96788 0.00325455
-6.95643 0.00328159
-6.94498 0.00330885
-6.93353 0.00333634
-6.92208 0.00336407
-6.91063 0.00339202
-6.89918 0.00342022
-6.88773 0.00344865
-6.87628 0.00347732
-6.86483 0.00350623
-6.85338 0.00353539
-6.84192 0.00356479
-6.83047 0.00359444
-6.81902 0.00362434
-6.80757 0.00365449
-6.79612 0.00368489
-6.78467 0.00371556
-6.77322 0.00374648
-6.76177 0.00377766
-6.75032 0.0038091
-6.73887 0.00384081
-6.72742 0.00387279
-6.71596 0.00390504
-6.70451 0.00393756
-6.69306 0.00397036
-6.68161 0.00400343
-6.67016 0.00403678
-6.65871 0.00407041
-6.64726 0.00410433
-6.63581 0.00413854
-6.62436 0.00417303
-6.61291 0.00420782
-6.60146 0.00424289
-6.59001 0.00427827
-6.57855 0.00431395
-6.5671 0.00434992
-6.55565 0.00438621
-6.5442 0.00442279
-6.53275 0.00445969
-6.5213 0.0044969
-6.50985 0.00453443
-6.4984 0.00457227
-6.48695 0.00461044
-6.4755 0.00464892
-6.46405 0.00468774
-6.45259 0.00472688
-6.44114 0.00476635
-6.42969 0.00480616
-6.41824 0.00484631
-6.40679 0.0048868
-6.39534 0.00492763
-6.38389 0.0049688
-6.37244 0.00501033
-6.36099 0.00505221
-6.34954 0.00509444
-6.33809 0.00513703
-6.32663 0.00517998
-6.31518 0.0052233
-6.30373 0.00526699
-6.29228 0.00531104
-6.28083 0.00535548
-6.26938 0.00540028
-6.25793 0.00544547
-6.24648 0.00549105
-6.23503 0.00553701
-6.22358 0.00558336
-6.21213 0.0056301
-6.20067 0.00567725
-6.18922 0.00572479
-6.17777 0.00577274
-6.16632 0.00582109
-6.15487 0.00586986
-6.14342 0.00591904
-6.13197 0.00596865
-6.12052 0.00601867
-6.10907 0.00606912
-6.09762 0.00612
-6.08617 0.00617131
-6.07471 0.00622306
-6.06326 0.00627525
-6.05181 0.00632789
-6.04036 0.00638097
-6.02891 0.00643451
-6.01746 0.0064885
-6.00601 0.00654296
-5.99456 0.00659787
-5.98311 0.00665326
-5.97166 0.00670912
-5.96021 0.00676546
-5.94876 0.00682227
-5.9373 0.00687958
-5.92585 0.00693737
-5.9144 0.00699565
-5.90295 0.00705443
-5.8915 0.00711372
-5.88005 0.00717351
-5.8686 0.00723381
-5.85715 0.00729463
-5.8457 0.00735597
-5.83425 0.00741783
-5.8228 0.00748022
-5.81134 0.00754315
-5.79989 0.00760661
-5.78844 0.00767062
-5.77699 0.00773517
-5.76554 0.00780028
-5.75409 0.00786594
-5.74264 0.00793217
-5.73119 0.00799896
-5.71974 0.00806633
-5.70829 0.00813427
-5.69684 0.0082028
-5.68538 0.00827191
-5.67393 0.00834162
-5.66248 0.00841192
-5.65103 0.00848283
-5.63958 0.00855434
-5.62813 0.00862647
-5.61668 0.00869922
-5.60523 0.00877259
-5.59378 0.00884659
-5.58233 0.00892122
-5.57088 0.0089965
-5.55942 0.00907243
-5.54797 0.009149
-5.53652 0.00922624
-5.52507 0.00930413
-5.51362 0.0093827
-5.50217 0.00946194
-5.49072 0.00954187
-5.47927 0.00962248
-5.46782 0.00970378
-5.45637 0.00978579
-5.44492 0.0098685
-5.43346 0.00995192
-5.42201 0.0100361
-5.41056 0.0101209
-5.39911 0.0102065
-5.38766 0.0102929
-5.37621 0.0103799
-5.36476 0.0104678
-5.35331 0.0105563
-5.34186 0.0106457
-5.33041 0.0107358
-5.31896 0.0108267
-5.30751 0.0109184
-5.29605 0.0110109
-5.2846 0.0111041
-5.27315 0.0111982
-5.2617 0.0112931
-5.25025 0.0113888
-5.2388 0.0114853
-5.22735 0.0115827
-5.2159 0.0116809
-5.20445 0.0117799
-5.193 0.0118799
-5.18155 0.0119806
-5.17009 0.0120823
-5.15864 0.0121848
-5.14719 0.0122882
-5.13574 0.0123925
-5.12429 0.0124977
-5.11284 0.0126038
-5.10139 0.0127109
-5.08994 0.0128189
-5.07849 0.0129278
-5.06704 0.0130376
-5.05559 0.0131484
-5.04413 0.0132602
-5.03268 0.0133729
-5.02123 0.0134866
-5.00978 0.0136013
-4.99833 0.013717
-4.98688 0.0138336
-4.97543 0.0139513
-4.96398 0.0140701
-4.95253 0.0141898
-4.94108 0.0143106
-4.92963 0.0144324
-4.91817 0.0145553
-4.90672 0.0146793
-4.89527 0.0148044
-4.88382 0.0149305
-4.87237 0.0150577
-4.86092 0.0151861
-4.84947 0.0153155
-4.83802 0.0154461
-4.82657 0.0155778
-4.81512 0.0157107
-4.80367 0.0158447
-4.79222 0.0159799
-4.78076 0.0161162
-4.76931 0.0162538
-4.75786 0.0163925
-4.74641 0.0165325
-4.73496 0.0166736
-4.72351 0.0168161
-4.71206 0.0169597
-4.70061 0.0171046
-4.68916 0.0172508
-4.67771 0.0173982
-4.66626 0.0175469
-4.6548 0.017697
-4.64335 0.0178483
-4.6319 0.018001
-4.62045 0.018155
-4.609 0.0183103
-4.59755 0.018467
-4.5861 0.0186251
-4.57465 0.0187845
-4.5632 0.0189454
-4.55175 0.0191076
-4.5403 0.0192713
-4.52884 0.0194364
-4.51739 0.0196029
-4.50594 0.019771
-4.49449 0.0199404
-4.48304 0.0201114
-4.47159 0.0202839
-4.46014 0.0204578
-4.44869 0.0206333
-4.43724 0.0208104
-4.42579 0.020989
-4.41434 0.0211691
-4.40288 0.0213509
-4.39143 0.0215342
-4.37998 0.0217191
-4.36853 0.0219057
-4.35708 0.0220939
-4.34563 0.0222838
-4.33418 0.0224753
-4.32273 0.0226685
-4.31128 0.0228634
-4.29983 0.02306
-4.28838 0.0232584
-4.27692 0.0234585
-4.26547 0.0236603
-4.25402 0.023864
-4.24257 0.0240694
-4.23112 0.0242766
-4.21967 0.0244857
-4.20822 0.0246966
-4.19677 0.0249094
-4.18532 0.025124
-4.17387 0.0253405
-4.16242 0.025559
-4.15097 0.0257793
-4.13951 0.0260016
-4.12806 0.0262259
-4.11661 0.0264522
-4.10516 0.0266804
-4.09371 0.0269107
-4.08226 0.027143
-4.07081 0.0273773
-4.05936 0.0276137
-4.04791 0.0278522
-4.03646 0.0280929
-4.02501 0.0283356
-4.01355 0.0285805
-4.0021 0.0288275
-3.99065 0.0290768
-3.9792 0.0293282
-3.96775 0.0295819
-3.9563 0.0298378
-3.94485 0.030096
-3.9334 0.0303565
-3.92195 0.0306193
-3.9105 0.0308844
-3.89905 0.0311518
-3.88759 0.0314217
-3.87614 0.0316939
-3.86469 0.0319685
-3.85324 0.0322456
-3.84179 0.0325252
-3.83034 0.0328072
-3.81889 0.0330917
-3.80744 0.0333787
-3.79599 0.0336683
-3.78454 0.0339605
-3.77309 0.0342553
-3.76163 0.0345527
-3.75018 0.0348527
-3.73873 0.0351554
-3.72728 0.0354608
-3.71583 0.0357689
-3.70438 0.0360798
-3.69293 0.0363934
-3.68148 0.0367098
-3.67003 0.037029
-3.65858 0.0373511
-3.64713 0.037676
-3.63567 0.0380039
-3.62422 0.0383346
-3.61277 0.0386683
-3.60132 0.039005
-3.58987 0.0393447
-3.57842 0.0396874
-3.56697 0.0400332
-3.55552 0.040382
-3.54407 0.040734
-3.53262 0.0410891
-3.52117 0.0414474
-3.50972 0.0418089
-3.49826 0.0421736
-3.48681 0.0425415
-3.47536 0.0429128
-3.46391 0.0432874
-3.45246 0.0436653
-3.44101 0.0440466
-3.42956 0.0444313
-3.41811 0.0448195
-3.40666 0.0452111
-3.39521 0.0456062
-3.38376 0.0460049
-3.3723 0.0464071
-3.36085 0.0468129
-3.3494 0.0472224
-3.33795 0.0476356
-3.3265 0.0480524
-3.31505 0.048473
-3.3036 0.0488973
-3.29215 0.0493254
-3.2807 0.0497574
-3.26925 0.0501933
-3.2578 0.050633
-3.24634 0.0510768
-3.23489 0.0515244
-3.22344 0.0519761
-3.21199 0.0524319
-3.20054 0.0528917
-3.18909 0.0533557
-3.17764 0.0538238
-3.16619 0.0542962
-3.15474 0.0547728
-3.14329 0.0552536
-3.13184 0.0557388
-3.12038 0.0562283
-3.10893 0.0567223
-3.09748 0.0572206
-3.08603 0.0577235
-3.07458 0.0582308
-3.06313 0.0587428
-3.05168 0.0592593
-3.04023 0.0597804
-3.02878 0.0603063
-3.01733 0.0608369
-3.00588 0.0613722
-2.99442 0.0619124
-2.98297 0.0624574
-2.97152 0.0630073
-2.96007 0.0635622
-2.94862 0.064122
-2.93717 0.0646869
-2.92572 0.0652569
-2.91427 0.065832
-2.90282 0.0664123
-2.89137 0.0669978
-2.87992 0.0675885
-2.86847 0.0681846
-2.85701 0.068786
-2.84556 0.0693928
-2.83411 0.0700051
-2.82266 0.070623
-2.81121 0.0712463
-2.79976 0.0718753
-2.78831 0.0725099
-2.77686 0.0731502
-2.76541 0.0737963
-2.75396 0.0744482
-2.74251 0.075106
-2.73105 0.0757697
-2.7196 0.0764393
-2.70815 0.077115
-2.6967 0.0777967
-2.68525 0.0784846
-2.6738 0.0791786
-2.66235 0.0798789
-2.6509 0.0805855
-2.63945 0.0812984
-2.628 0.0820177
-2.61655 0.0827435
-2.60509 0.0834758
-2.59364 0.0842147
-2.58219 0.0849602
-2.57074 0.0857123
-2.55929 0.0864713
-2.54784 0.087237
-2.53639 0.0880096
-2.52494 0.0887891
-2.51349 0.0895756
-2.50204 0.0903692
-2.49059 0.0911698
-2.47913 0.0919776
-2.46768 0.0927927
-2.45623 0.093615
-2.44478 0.0944447
-2.43333 0.0952818
-2.42188 0.0961264
-2.41043 0.0969785
-2.39898 0.0978382
-2.38753 0.0987056
-2.37608 0.0995807
-2.36463 0.100464
-2.35317 0.101354
-2.34172 0.102253
-2.33027 0.10316
-2.31882 0.104074
-2.30737 0.104997
-2.29592 0.105928
-2.28447 0.106868
-2.27302 0.107815
-2.26157 0.108771
-2.25012 0.109736
-2.23867 0.110709
-2.22722 0.111691
-2.21576 0.112681
-2.20431 0.11368
-2.19286 0.114688
-2.18141 0.115704
-2.16996 0.11673
-2.15851 0.117765
-2.14706 0.118808
-2.13561 0.119861
-2.12416 0.120923
-2.11271 0.121995
-2.10126 0.123075
-2.0898 0.124166
-2.07835 0.125265
-2.0669 0.126375
-2.05545 0.127493
-2.044 0.128622
-2.03255 0.12976
-2.0211 0.130908
-2.00965 0.132067
-1.9982 0.133235
-1.98675 0.134413
-1.9753 0.135601
-1.96384 0.136799
-1.95239 0.138008
-1.94094 0.139227
-1.92949 0.140457
-1.91804 0.141696
-1.90659 0.142947
-1.89514 0.144208
-1.88369 0.145479
-1.87224 0.146762
-1.86079 0.148055
-1.84934 0.149359
-1.83788 0.150674
-1.82643 0.151999
-1.81498 0.153336
-1.80353 0.154684
-1.79208 0.156043
-1.78063 0.157414
-1.76918 0.158795
-1.75773 0.160188
-1.74628 0.161592
-1.73483 0.163008
-1.72338 0.164435
-1.71193 0.165874
-1.70047 0.167324
-1.68902 0.168786
-1.67757 0.170259
-1.66612 0.171744
-1.65467 0.173241
-1.64322 0.17475
-1.63177 0.17627
-1.62032 0.177802
-1.60887 0.179347
-1.59742 0.180903
-1.58597 0.182471
-1.57451 0.18405
-1.56306 0.185642
-1.55161 0.187246
-1.54016 0.188862
-1.52871 0.19049
-1.51726 0.192129
-1.50581 0.193781
-1.49436 0.195445
-1.48291 0.197121
-1.47146 0.198808
-1.46001 0.200508
-1.44855 0.20222
-1.4371 0.203943
-1.42565 0.205679
-1.4142 0.207426
-1.40275 0.209185
-1.3913 0.210956
-1.37985 0.212738
-1.3684 0.214532
-1.35695 0.216338
-1.3455 0.218155
-1.33405 0.219983
-1.32259 0.221823
-1.31114 0.223674
-1.29969 0.225536
-1.28824 0.227409
-1.27679 0.229293
-1.26534 0.231187
-1.25389 0.233092
-1.24244 0.235008
-1.23099 0.236934
-1.21954 0.238869
-1.20809 0.240815
-1.19663 0.242771
-1.18518 0.244735
-1.17373 0.246709
-1.16228 0.248693
-1.15083 0.250684
-1.13938 0.252685
-1.12793 0.254693
-1.11648 0.25671
-1.10503 0.258734
-1.09358 0.260765
-1.08213 0.262803
-1.07068 0.264848
-1.05922 0.266899
-1.04777 0.268956
-1.03632 0.271018
-1.02487 0.273085
-1.01342 0.275157
-1.00197 0.277232
-0.990519 0.279311
-0.979068 0.281394
-0.967617 0.283478
-0.956166 0.285564
-0.944715 0.287652
-0.933264 0.289741
-0.921813 0.291829
-0.910363 0.293917
-0.898912 0.296003
-0.887461 0.298087
-0.87601 0.300169
-0.864559 0.302247
-0.853108 0.30432
-0.841657 0.306389
-0.830206 0.308451
-0.818755 0.310506
-0.807305 0.312553
-0.795854 0.314592
-0.784403 0.31662
-0.772952 0.318638
-0.761501 0.320643
-0.75005 0.322635
-0.738599 0.324614
-0.727148 0.326576
-0.715697 0.328522
-0.704247 0.330451
-0.692796 0.33236
-0.681345 0.334249
-0.669894 0.336116
-0.658443 0.337959
-0.646992 0.339779
-0.635541 0.341572
-0.62409 0.343338
-0.612639 0.345074
-0.601189 0.34678
-0.589738 0.348454
-0.578287 0.350094
-0.566836 0.351699
-0.555385 0.353267
-0.543934 0.354796
-0.532483 0.356284
-0.521032 0.35773
-0.509581 0.359132
-0.49813 0.360489
-0.48668 0.361798
-0.475229 0.363057
-0.463778 0.364265
-0.452327 0.36542
-0.440876 0.36652
-0.429425 0.367564
-0.417974 0.368548
-0.406523 0.369473
-0.395072 0.370335
-0.383622 0.371133
-0.372171 0.371866
-0.36072 0.37253
-0.349269 0.373126
-0.337818 0.37365
-0.326367 0.374102
-0.314916 0.374479
-0.303465 0.374781
-0.292014 0.375005
-0.280564 0.375151
-0.269113 0.375216
-0.257662 0.3752
-0.246211 0.375101
-0.23476 0.374918
-0.223309 0.374651
-0.211858 0.374297
-0.200407 0.373857
-0.188956 0.373329
-0.177506 0.372714
-0.166055 0.372009
-0.154604 0.371215
-0.143153 0.370332
-0.131702 0.36936
-0.120251 0.368297
-0.1088 0.367145
-0.0973493 0.365904
-0.0858984 0.364574
-0.0744475 0.363155
-0.0629966 0.361648
-0.0515457 0.360054
-0.0400948 0.358374
-0.0286439 0.356608
-0.017193 0.354758
-0.00574212 0.352826
0.00570877 0.350811
0.0171597 0.348717
0.0286106 0.346545
0.0400614 0.344296
0.0515123 0.341972
0.0629632 0.339575
0.0744141 0.337108
0.085865 0.334572
0.0973159 0.33197
0.108767 0.329304
0.120218 0.326576
0.131669 0.32379
0.143119 0.320946
0.15457 0.318049
0.166021 0.3151
0.177472 0.312103
0.188923 0.309059
0.200374 0.305973
0.211825 0.302845
0.223276 0.29968
0.234727 0.29648
0.246178 0.293248
0.257628 0.289985
0.269079 0.286696
0.28053 0.283383
0.291981 0.280048
0.303432 0.276694
0.314883 0.273324
0.326334 0.269939
0.337785 0.266544
0.349236 0.263139
0.360686 0.259728
0.372137 0.256313
0.383588 0.252896
0.395039 0.249479
0.40649 0.246065
0.417941 0.242655
0.429392 0.239251
0.440843 0.235856
0.452294 0.23247
0.463744 0.229097
0.475195 0.225738
0.486646 0.222394
0.498097 0.219066
0.509548 0.215757
0.520999 0.212468
0.53245 0.2092
0.543901 0.205954
0.555352 0.202732
0.566802 0.199534
0.578253 0.196363
0.589704 0.193217
0.601155 0.1901
0.612606 0.187011
0.624057 0.183951
0.635508 0.180922
0.646959 0.177923
0.65841 0.174956
0.669861 0.17202
0.681311 0.169117
0.692762 0.166247
0.704213 0.16341
0.715664 0.160607
0.727115 0.157838
0.738566 0.155103
0.750017 0.152402
0.761468 0.149737
0.772919 0.147106
0.784369 0.14451
0.79582 0.14195
0.807271 0.139424
0.818722 0.136934
0.830173 0.134479
0.841624 0.132059
0.853075 0.129674
0.864526 0.127324
0.875977 0.125009
0.887427 0.122729
0.898878 0.120483
0.910329 0.118272
0.92178 0.116095
0.933231 0.113952
0.944682 0.111842
0.956133 0.109767
0.967584 0.107724
0.979035 0.105714
0.990485 0.103738
1.00194 0.101793
1.01339 0.0998806
1.02484 0.098
1.03629 0.0961509
1.04774 0.0943329
1.05919 0.0925457
1.07064 0.0907889
1.08209 0.0890623
1.09354 0.0873654
1.10499 0.0856979
1.11645 0.0840594
1.1279 0.0824496
1.13935 0.080868
1.1508 0.0793144
1.16225 0.0777884
1.1737 0.0762895
1.18515 0.0748174
1.1966 0.0733717
1.20805 0.0719521
1.2195 0.0705582
1.23095 0.0691895
1.24241 0.0678458
1.25386 0.0665266
1.26531 0.0652317
1.27676 0.0639605
1.28821 0.0627127
1.29966 0.0614881
1.31111 0.0602862
1.32256 0.0591066
1.33401 0.057949
1.34546 0.056813
1.35691 0.0556984
1.36836 0.0546046
1.37982 0.0535315
1.39127 0.0524786
1.40272 0.0514456
1.41417 0.0504322
1.42562 0.049438
1.43707 0.0484628
1.44852 0.0475061
1.45997 0.0465677
1.47142 0.0456473
1.48287 0.0447445
1.49432 0.043859
1.50578 0.0429905
1.51723 0.0421388
1.52868 0.0413034
1.54013 0.0404842
1.55158 0.0396809
1.56303 0.0388931
1.57448 0.0381206
1.58593 0.037363
1.59738 0.0366202
1.60883 0.0358919
1.62028 0.0351777
1.63174 0.0344775
1.64319 0.033791
1.65464 0.0331178
1.66609 0.0324579
1.67754 0.0318108
1.68899 0.0311765
1.70044 0.0305546
1.71189 0.0299449
1.72334 0.0293472
1.73479 0.0287613
1.74624 0.0281869
1.7577 0.0276238
1.76915 0.0270718
1.7806 0.0265308
1.79205 0.0260004
1.8035 0.0254805
1.81495 0.0249709
1.8264 0.0244713
1.83785 0.0239817
1.8493 0.0235017
1.86075 0.0230313
1.8722 0.0225702
1.88366 0.0221183
1.89511 0.0216753
1.90656 0.0212412
1.91801 0.0208156
1.92946 0.0203986
1.94091 0.0199898
1.95236 0.0195892
1.96381 0.0191965
1.97526 0.0188117
1.98671 0.0184346
1.99816 0.0180649
2.00961 0.0177027
2.02107 0.0173477
2.03252 0.0169997
2.04397 0.0166587
2.05542 0.0163246
2.06687 0.0159971
2.07832 0.0156761
2.08977 0.0153616
2.10122 0.0150534
2.11267 0.0147513
2.12412 0.0144553
2.13557 0.0141652
2.14703 0.0138809
2.15848 0.0136023
2.16993 0.0133293
2.18138 0.0130617
2.19283 0.0127995
2.20428 0.0125426
2.21573 0.0122908
2.22718 0.0120441
2.23863 0.0118023
2.25008 0.0115654
2.26153 0.0113332
2.27299 0.0111057
2.28444 0.0108828
2.29589 0.0106643
2.30734 0.0104502
2.31879 0.0102404
2.33024 0.0100349
2.34169 0.00983341
2.35314 0.00963601
2.36459 0.00944257
2.37604 0.00925302
2.38749 0.00906728
2.39895 0.00888527
2.4104 0.00870692
2.42185 0.00853216
2.4333 0.0083609
2.44475 0.00819309
2.4562 0.00802865
2.46765 0.00786752
2.4791 0.00770963
2.49055 0.00755491
2.502 0.0074033
2.51345 0.00725474
2.52491 0.00710916
2.53636 0.00696652
2.54781 0.00682674
2.55926 0.00668977
2.57071 0.00655556
2.58216 0.00642405
2.59361 0.00629518
2.60506 0.0061689
2.61651 0.00604517
2.62796 0.00592392
2.63941 0.00580511
2.65086 0.00568869
2.66232 0.00557461
2.67377 0.00546282
2.68522 0.00535329
2.69667 0.00524595
2.70812 0.00514078
2.71957 0.00503772
2.73102 0.00493673
2.74247 0.00483777
2.75392 0.0047408
2.76537 0.00464579
2.77682 0.00455268
2.78828 0.00446145
2.79973 0.00437205
2.81118 0.00428445
2.82263 0.00419861
2.83408 0.00411449
2.84553 0.00403207
2.85698 0.0039513
2.86843 0.00387216
2.87988 0.00379461
2.89133 0.00371861
2.90278 0.00364415
2.91424 0.00357118
2.92569 0.00349968
2.93714 0.00342961
2.94859 0.00336096
2.96004 0.00329368
2.97149 0.00322775
2.98294 0.00316315
2.99439 0.00309985
3.00584 0.00303782
3.01729 0.00297704
3.02874 0.00291747
3.0402 0.00285911
3.05165 0.00280191
3.0631 0.00274587
3.07455 0.00269095
3.086 0.00263713
3.09745 0.00258439
3.1089 0.00253271
3.12035 0.00248207
3.1318 0.00243245
3.14325 0.00238382
3.1547 0.00233617
3.16615 0.00228948
3.17761 0.00224372
3.18906 0.00219888
3.20051 0.00215494
3.21196 0.00211189
3.22341 0.00206969
3.23486 0.00202835
3.24631 0.00198783
