-5.24443 0.000500818
-5.2321 0.000509444
-5.21977 0.000518219
-5.20744 0.000527146
-5.19511 0.000536228
-5.18278 0.000545467
-5.17045 0.000554867
-5.15812 0.00056443
-5.14579 0.000574159
-5.13346 0.000584057
-5.12113 0.000594126
-5.1088 0.000604371
-5.09647 0.000614793
-5.08414 0.000625396
-5.07181 0.000636183
-5.05948 0.000647157
-5.04715 0.000658323
-5.03482 0.000669682
-5.02249 0.000681238
-5.01016 0.000692995
-4.99783 0.000704957
-4.9855 0.000717126
-4.97317 0.000729507
-4.96084 0.000742103
-4.94851 0.000754918
-4.93618 0.000767956
-4.92385 0.000781221
-4.91152 0.000794716
-4.89919 0.000808446
-4.88686 0.000822415
-4.87453 0.000836627
-4.8622 0.000851087
-4.84987 0.000865797
-4.83754 0.000880764
-4.82521 0.000895992
-4.81287 0.000911484
-4.80054 0.000927246
-4.78821 0.000943283
-4.77588 0.000959599
-4.76355 0.000976199
-4.75122 0.000993088
-4.73889 0.00101027
-4.72656 0.00102775
-4.71423 0.00104554
-4.7019 0.00106364
-4.68957 0.00108205
-4.67724 0.00110078
-4.66491 0.00111984
-4.65258 0.00113924
-4.64025 0.00115897
-4.62792 0.00117904
-4.61559 0.00119947
-4.60326 0.00122025
-4.59093 0.00124139
-4.5786 0.0012629
-4.56627 0.00128479
-4.55394 0.00130706
-4.54161 0.00132972
-4.52928 0.00135277
-4.51695 0.00137623
-4.50462 0.00140009
-4.49229 0.00142438
-4.47996 0.00144908
-4.46763 0.00147422
-4.4553 0.0014998
-4.44297 0.00152582
-4.43064 0.0015523
-4.41831 0.00157924
-4.40598 0.00160665
-4.39365 0.00163454
-4.38132 0.00166291
-4.36899 0.00169179
-4.35666 0.00172117
-4.34433 0.00175106
-4.332 0.00178147
-4.31967 0.00181242
-4.30734 0.0018439
-4.295 0.00187594
-4.28267 0.00190854
-4.27034 0.00194171
-4.25801 0.00197545
-4.24568 0.00200979
-4.23335 0.00204473
-4.22102 0.00208028
-4.20869 0.00211645
-4.19636 0.00215326
-4.18403 0.00219071
-4.1717 0.00222881
-4.15937 0.00226759
-4.14704 0.00230704
-4.13471 0.00234718
-4.12238 0.00238802
-4.11005 0.00242958
-4.09772 0.00247187
-4.08539 0.0025149
-4.07306 0.00255868
-4.06073 0.00260322
-4.0484 0.00264855
-4.03607 0.00269468
-4.02374 0.00274161
-4.01141 0.00278936
-3.99908 0.00283795
-3.98675 0.00288739
-3.97442 0.0029377
-3.96209 0.00298889
-3.94976 0.00304097
-3.93743 0.00309397
-3.9251 0.0031479
-3.91277 0.00320277
-3.90044 0.00325861
-3.88811 0.00331542
-3.87578 0.00337323
-3.86345 0.00343206
-3.85112 0.00349191
-3.83879 0.00355282
-3.82646 0.00361479
-3.81413 0.00367785
-3.8018 0.00374202
-3.78947 0.00380731
-3.77714 0.00387375
-3.7648 0.00394135
-3.75247 0.00401014
-3.74014 0.00408013
-3.72781 0.00415136
-3.71548 0.00422383
-3.70315 0.00429757
-3.69082 0.00437261
-3.67849 0.00444896
-3.66616 0.00452666
-3.65383 0.00460571
-3.6415 0.00468616
-3.62917 0.00476801
-3.61684 0.0048513
-3.60451 0.00493605
-3.59218 0.00502229
-3.57985 0.00511005
-3.56752 0.00519934
-3.55519 0.0052902
-3.54286 0.00538265
-3.53053 0.00547673
-3.5182 0.00557245
-3.50587 0.00566986
-3.49354 0.00576897
-3.48121 0.00586983
-3.46888 0.00597245
-3.45655 0.00607687
-3.44422 0.00618313
-3.43189 0.00629125
-3.41956 0.00640126
-3.40723 0.00651321
-3.3949 0.00662712
-3.38257 0.00674302
-3.37024 0.00686096
-3.35791 0.00698097
-3.34558 0.00710308
-3.33325 0.00722734
-3.32092 0.00735377
-3.30859 0.00748242
-3.29626 0.00761333
-3.28393 0.00774652
-3.2716 0.00788206
-3.25927 0.00801997
-3.24693 0.0081603
-3.2346 0.00830308
-3.22227 0.00844837
-3.20994 0.0085962
-3.19761 0.00874662
-3.18528 0.00889968
-3.17295 0.00905542
-3.16062 0.00921388
-3.14829 0.00937512
-3.13596 0.00953918
-3.12363 0.00970611
-3.1113 0.00987597
-3.09897 0.0100488
-3.08664 0.0102246
-3.07431 0.0104036
-3.06198 0.0105856
-3.04965 0.0107709
-3.03732 0.0109593
-3.02499 0.0111511
-3.01266 0.0113462
-3.00033 0.0115448
-2.988 0.0117468
-2.97567 0.0119523
-2.96334 0.0121614
-2.95101 0.0123742
-2.93868 0.0125906
-2.92635 0.0128109
-2.91402 0.013035
-2.90169 0.013263
-2.88936 0.0134949
-2.87703 0.013731
-2.8647 0.0139711
-2.85237 0.0142154
-2.84004 0.014464
-2.82771 0.0147168
-2.81538 0.0149741
-2.80305 0.0152359
-2.79072 0.0155022
-2.77839 0.0157731
-2.76606 0.0160488
-2.75373 0.0163292
-2.7414 0.0166145
-2.72906 0.0169048
-2.71673 0.0172
-2.7044 0.0175004
-2.69207 0.017806
-2.67974 0.0181169
-2.66741 0.0184332
-2.65508 0.0187549
-2.64275 0.0190822
-2.63042 0.0194152
-2.61809 0.0197539
-2.60576 0.0200985
-2.59343 0.020449
-2.5811 0.0208056
-2.56877 0.0211682
-2.55644 0.0215372
-2.54411 0.0219125
-2.53178 0.0222942
-2.51945 0.0226825
-2.50712 0.0230775
-2.49479 0.0234793
-2.48246 0.0238879
-2.47013 0.0243036
-2.4578 0.0247263
-2.44547 0.0251563
-2.43314 0.0255937
-2.42081 0.0260385
-2.40848 0.0264909
-2.39615 0.0269511
-2.38382 0.027419
-2.37149 0.027895
-2.35916 0.028379
-2.34683 0.0288713
-2.3345 0.0293719
-2.32217 0.029881
-2.30984 0.0303987
-2.29751 0.0309252
-2.28518 0.0314606
-2.27285 0.0320051
-2.26052 0.0325587
-2.24819 0.0331216
-2.23586 0.0336941
-2.22353 0.0342761
-2.2112 0.0348679
-2.19886 0.0354696
-2.18653 0.0360814
-2.1742 0.0367035
-2.16187 0.0373359
-2.14954 0.0379789
-2.13721 0.0386325
-2.12488 0.0392971
-2.11255 0.0399726
-2.10022 0.0406594
-2.08789 0.0413575
-2.07556 0.0420672
-2.06323 0.0427885
-2.0509 0.0435217
-2.03857 0.044267
-2.02624 0.0450245
-2.01391 0.0457944
-2.00158 0.0465769
-1.98925 0.0473721
-1.97692 0.0481803
-1.96459 0.0490016
-1.95226 0.0498362
-1.93993 0.0506844
-1.9276 0.0515462
-1.91527 0.0524218
-1.90294 0.0533116
-1.89061 0.0542156
-1.87828 0.055134
-1.86595 0.0560671
-1.85362 0.057015
-1.84129 0.057978
-1.82896 0.0589562
-1.81663 0.0599498
-1.8043 0.0609591
-1.79197 0.0619841
-1.77964 0.0630252
-1.76731 0.0640825
-1.75498 0.0651563
-1.74265 0.0662467
-1.73032 0.0673538
-1.71799 0.0684781
-1.70566 0.0696195
-1.69333 0.0707784
-1.68099 0.0719549
-1.66866 0.0731492
-1.65633 0.0743616
-1.644 0.0755922
-1.63167 0.0768412
-1.61934 0.0781088
-1.60701 0.0793953
-1.59468 0.0807007
-1.58235 0.0820254
-1.57002 0.0833694
-1.55769 0.084733
-1.54536 0.0861164
-1.53303 0.0875197
-1.5207 0.0889431
-1.50837 0.0903868
-1.49604 0.0918511
-1.48371 0.0933359
-1.47138 0.0948416
-1.45905 0.0963682
-1.44672 0.097916
-1.43439 0.099485
-1.42206 0.101075
-1.40973 0.102688
-1.3974 0.104321
-1.38507 0.105977
-1.37274 0.107654
-1.36041 0.109354
-1.34808 0.111076
-1.33575 0.11282
-1.32342 0.114587
-1.31109 0.116376
-1.29876 0.118187
-1.28643 0.120022
-1.2741 0.121878
-1.26177 0.123758
-1.24944 0.125661
-1.23711 0.127586
-1.22478 0.129534
-1.21245 0.131505
-1.20012 0.133499
-1.18779 0.135515
-1.17546 0.137554
-1.16313 0.139617
-1.15079 0.141701
-1.13846 0.143809
-1.12613 0.145938
-1.1138 0.148091
-1.10147 0.150265
-1.08914 0.152462
-1.07681 0.15468
-1.06448 0.15692
-1.05215 0.159182
-1.03982 0.161466
-1.02749 0.16377
-1.01516 0.166095
-1.00283 0.168441
-0.990502 0.170807
-0.978171 0.173193
-0.965841 0.175599
-0.953511 0.178024
-0.941181 0.180468
-0.928851 0.18293
-0.91652 0.18541
-0.90419 0.187908
-0.89186 0.190423
-0.87953 0.192954
-0.867199 0.195502
-0.854869 0.198064
-0.842539 0.200642
-0.830209 0.203233
-0.817878 0.205838
-0.805548 0.208456
-0.793218 0.211086
-0.780888 0.213727
-0.768557 0.216378
-0.756227 0.21904
-0.743897 0.22171
-0.731567 0.224388
-0.719237 0.227074
-0.706906 0.229765
-0.694576 0.232462
-0.682246 0.235163
-0.669916 0.237867
-0.657585 0.240573
-0.645255 0.24328
-0.632925 0.245988
-0.620595 0.248694
-0.608264 0.251397
-0.595934 0.254097
-0.583604 0.256793
-0.571274 0.259482
-0.558943 0.262164
-0.546613 0.264838
-0.534283 0.267501
-0.521953 0.270154
-0.509623 0.272793
-0.497292 0.275419
-0.484962 0.278029
-0.472632 0.280623
-0.460302 0.283198
-0.447971 0.285754
-0.435641 0.288288
-0.423311 0.2908
-0.410981 0.293287
-0.39865 0.29575
-0.38632 0.298184
-0.37399 0.300591
-0.36166 0.302967
-0.349329 0.305312
-0.336999 0.307623
-0.324669 0.3099
-0.312339 0.312141
-0.300009 0.314345
-0.287678 0.316509
-0.275348 0.318633
-0.263018 0.320715
-0.250688 0.322754
-0.238357 0.324748
-0.226027 0.326696
-0.213697 0.328596
-0.201367 0.330448
-0.189036 0.33225
-0.176706 0.334001
-0.164376 0.335699
-0.152046 0.337343
-0.139715 0.338933
-0.127385 0.340466
-0.115055 0.341943
-0.102725 0.343361
-0.0903945 0.344721
-0.0780643 0.346021
-0.065734 0.347259
-0.0534038 0.348437
-0.0410735 0.349552
-0.0287433 0.350604
-0.0164131 0.351592
-0.00408284 0.352516
0.00824739 0.353375
0.0205776 0.354169
0.0329079 0.354897
0.0452381 0.355558
0.0575683 0.356154
0.0698986 0.356682
0.0822288 0.357144
0.094559 0.357539
0.106889 0.357867
0.11922 0.358128
0.13155 0.358322
0.14388 0.358449
0.15621 0.358509
0.16854 0.358503
0.180871 0.358431
0.193201 0.358293
0.205531 0.35809
0.217861 0.357822
0.230192 0.35749
0.242522 0.357094
0.254852 0.356634
0.267182 0.356112
0.279513 0.355529
0.291843 0.354884
0.304173 0.354179
0.316503 0.353415
0.328834 0.352592
0.341164 0.351712
0.353494 0.350775
0.365824 0.349783
0.378154 0.348736
0.390485 0.347636
0.402815 0.346483
0.415145 0.345279
0.427475 0.344024
0.439806 0.342721
0.452136 0.34137
0.464466 0.339972
0.476796 0.338529
0.489127 0.337042
0.501457 0.335512
0.513787 0.33394
0.526117 0.332328
0.538448 0.330676
0.550778 0.328987
0.563108 0.327261
0.575438 0.325499
0.587768 0.323704
0.600099 0.321875
0.612429 0.320015
0.624759 0.318125
0.637089 0.316206
0.64942 0.314259
0.66175 0.312285
0.67408 0.310286
0.68641 0.308263
0.698741 0.306217
0.711071 0.304149
0.723401 0.302061
0.735731 0.299953
0.748062 0.297828
0.760392 0.295685
0.772722 0.293526
0.785052 0.291352
0.797382 0.289164
0.809713 0.286964
0.822043 0.284751
0.834373 0.282528
0.846703 0.280296
0.859034 0.278054
0.871364 0.275805
0.883694 0.273549
0.896024 0.271287
0.908355 0.26902
0.920685 0.266749
0.933015 0.264474
0.945345 0.262197
0.957676 0.259918
0.970006 0.257638
0.982336 0.255358
0.994666 0.253078
1.007 0.2508
1.01933 0.248524
1.03166 0.24625
1.04399 0.24398
1.05632 0.241713
1.06865 0.239451
1.08098 0.237194
1.09331 0.234943
1.10564 0.232698
1.11797 0.230459
1.1303 0.228228
1.14263 0.226005
1.15496 0.223789
1.16729 0.221583
1.17962 0.219385
1.19195 0.217197
1.20428 0.215019
1.21661 0.212851
1.22894 0.210694
1.24127 0.208548
1.2536 0.206413
1.26593 0.204289
1.27826 0.202178
1.29059 0.200079
1.30292 0.197992
1.31525 0.195918
1.32758 0.193857
1.33991 0.191809
1.35224 0.189775
1.36457 0.187754
1.3769 0.185747
1.38923 0.183755
1.40156 0.181776
1.41389 0.179811
1.42622 0.177861
1.43855 0.175926
1.45088 0.174005
1.46322 0.1721
1.47555 0.170209
1.48788 0.168333
1.50021 0.166472
1.51254 0.164626
1.52487 0.162796
1.5372 0.160981
1.54953 0.159181
1.56186 0.157397
1.57419 0.155628
1.58652 0.153875
1.59885 0.152137
1.61118 0.150415
1.62351 0.148708
1.63584 0.147016
1.64817 0.145341
1.6605 0.14368
1.67283 0.142035
1.68516 0.140406
1.69749 0.138792
1.70982 0.137193
1.72215 0.13561
1.73448 0.134042
1.74681 0.13249
1.75914 0.130953
1.77147 0.12943
1.7838 0.127923
1.79613 0.126432
1.80846 0.124955
1.82079 0.123493
1.83312 0.122046
1.84545 0.120613
1.85778 0.119196
1.87011 0.117793
1.88244 0.116405
1.89477 0.115031
1.9071 0.113671
1.91943 0.112326
1.93176 0.110996
1.94409 0.109679
1.95642 0.108376
1.96875 0.107088
1.98109 0.105813
1.99342 0.104552
2.00575 0.103305
2.01808 0.102071
2.03041 0.100851
2.04274 0.0996437
2.05507 0.0984501
2.0674 0.0972696
2.07973 0.0961023
2.09206 0.0949479
2.10439 0.0938063
2.11672 0.0926775
2.12905 0.0915614
2.14138 0.0904578
2.15371 0.0893666
2.16604 0.0882878
2.17837 0.0872212
2.1907 0.0861666
2.20303 0.0851241
2.21536 0.0840935
2.22769 0.0830747
2.24002 0.0820676
2.25235 0.081072
2.26468 0.0800879
2.27701 0.0791152
2.28934 0.0781537
2.30167 0.0772033
2.314 0.076264
2.32633 0.0753356
2.33866 0.074418
2.35099 0.0735111
2.36332 0.0726148
2.37565 0.0717291
2.38798 0.0708537
2.40031 0.0699886
2.41264 0.0691337
2.42497 0.0682889
2.4373 0.067454
2.44963 0.066629
2.46196 0.0658138
2.47429 0.0650083
2.48662 0.0642123
2.49896 0.0634258
2.51129 0.0626487
2.52362 0.0618808
2.53595 0.0611221
2.54828 0.0603724
2.56061 0.0596317
2.57294 0.0588999
2.58527 0.0581769
2.5976 0.0574626
2.60993 0.0567568
2.62226 0.0560595
2.63459 0.0553707
2.64692 0.0546901
2.65925 0.0540177
2.67158 0.0533535
2.68391 0.0526973
2.69624 0.052049
2.70857 0.0514086
2.7209 0.0507759
2.73323 0.050151
2.74556 0.0495336
2.75789 0.0489237
2.77022 0.0483212
2.78255 0.047726
2.79488 0.0471381
2.80721 0.0465574
2.81954 0.0459837
2.83187 0.045417
2.8442 0.0448573
2.85653 0.0443044
2.86886 0.0437582
2.88119 0.0432188
2.89352 0.0426859
2.90585 0.0421595
2.91818 0.0416396
2.93051 0.0411261
2.94284 0.0406189
2.95517 0.0401179
2.9675 0.039623
2.97983 0.0391342
2.99216 0.0386515
3.00449 0.0381746
3.01682 0.0377036
3.02916 0.0372385
3.04149 0.036779
3.05382 0.0363252
3.06615 0.035877
3.07848 0.0354343
3.09081 0.0349971
3.10314 0.0345652
3.11547 0.0341387
3.1278 0.0337174
3.14013 0.0333014
3.15246 0.0328905
3.16479 0.0324846
3.17712 0.0320838
3.18945 0.0316879
3.20178 0.0312969
3.21411 0.0309108
3.22644 0.0305294
3.23877 0.0301527
3.2511 0.0297807
3.26343 0.0294133
3.27576 0.0290505
3.28809 0.0286921
3.30042 0.0283382
3.31275 0.0279886
3.32508 0.0276434
3.33741 0.0273025
3.34974 0.0269658
3.36207 0.0266332
3.3744 0.0263048
3.38673 0.0259805
3.39906 0.0256601
3.41139 0.0253438
3.42372 0.0250313
3.43605 0.0247228
3.44838 0.0244181
3.46071 0.0241171
3.47304 0.0238199
3.48537 0.0235263
3.4977 0.0232365
3.51003 0.0229502
3.52236 0.0226674
3.53469 0.0223882
3.54703 0.0221124
3.55936 0.0218401
3.57169 0.0215711
3.58402 0.0213055
3.59635 0.0210431
3.60868 0.0207841
3.62101 0.0205282
3.63334 0.0202755
3.64567 0.020026
3.658 0.0197795
3.67033 0.0195362
3.68266 0.0192958
3.69499 0.0190584
3.70732 0.018824
3.71965 0.0185925
3.73198 0.0183638
3.74431 0.018138
3.75664 0.017915
3.76897 0.0176947
3.7813 0.0174772
3.79363 0.0172624
3.80596 0.0170503
3.81829 0.0168408
3.83062 0.0166339
3.84295 0.0164296
3.85528 0.0162277
3.86761 0.0160285
3.87994 0.0158316
3.89227 0.0156373
3.9046 0.0154453
3.91693 0.0152557
3.92926 0.0150685
3.94159 0.0148836
3.95392 0.0147009
3.96625 0.0145206
3.97858 0.0143425
3.99091 0.0141666
4.00324 0.0139928
4.01557 0.0138213
4.0279 0.0136518
4.04023 0.0134845
4.05256 0.0133192
4.06489 0.013156
4.07723 0.0129948
4.08956 0.0128356
4.10189 0.0126784
4.11422 0.0125231
4.12655 0.0123698
4.13888 0.0122183
4.15121 0.0120688
4.16354 0.011921
4.17587 0.0117752
4.1882 0.0116311
4.20053 0.0114888
4.21286 0.0113482
4.22519 0.0112094
4.23752 0.0110724
4.24985 0.010937
4.26218 0.0108033
4.27451 0.0106712
4.28684 0.0105408
4.29917 0.010412
4.3115 0.0102848
4.32383 0.0101592
4.33616 0.0100351
4.34849 0.00991254
4.36082 0.00979151
4.37315 0.00967197
4.38548 0.00955391
4.39781 0.00943732
4.41014 0.00932216
4.42247 0.00920843
4.4348 0.0090961
4.44713 0.00898516
4.45946 0.00887559
4.47179 0.00876737
4.48412 0.00866049
4.49645 0.00855493
4.50878 0.00845067
4.52111 0.0083477
4.53344 0.008246
4.54577 0.00814555
4.5581 0.00804635
4.57043 0.00794837
4.58276 0.00785159
4.5951 0.00775601
4.60743 0.00766161
4.61976 0.00756838
4.63209 0.00747629
4.64442 0.00738534
4.65675 0.00729551
4.66908 0.00720678
4.68141 0.00711915
4.69374 0.0070326
4.70607 0.00694711
4.7184 0.00686268
4.73073 0.00677929
4.74306 0.00669692
4.75539 0.00661557
4.76772 0.00653522
4.78005 0.00645585
4.79238 0.00637747
4.80471 0.00630004
4.81704 0.00622357
4.82937 0.00614804
4.8417 0.00607344
4.85403 0.00599976
4.86636 0.00592698
4.87869 0.0058551
4.89102 0.0057841
4.90335 0.00571397
4.91568 0.0056447
4.92801 0.00557629
4.94034 0.00550871
4.95267 0.00544197
4.965 0.00537604
4.97733 0.00531092
4.98966 0.0052466
5.00199 0.00518307
5.01432 0.00512032
5.02665 0.00505834
5.03898 0.00499712
5.05131 0.00493665
5.06364 0.00487693
5.07597 0.00481793
5.0883 0.00475966
5.10063 0.0047021
5.11297 0.00464524
5.1253 0.00458909
5.13763 0.00453362
5.14996 0.00447883
5.16229 0.00442471
5.17462 0.00437125
5.18695 0.00431845
5.19928 0.00426629
5.21161 0.00421477
5.22394 0.00416389
5.23627 0.00411362
5.2486 0.00406397
5.26093 0.00401492
5.27326 0.00396648
5.28559 0.00391863
5.29792 0.00387136
5.31025 0.00382467
5.32258 0.00377855
5.33491 0.00373299
5.34724 0.003688
5.35957 0.00364354
5.3719 0.00359964
5.38423 0.00355627
5.39656 0.00351342
5.40889 0.0034711
5.42122 0.0034293
5.43355 0.00338801
5.44588 0.00334722
5.45821 0.00330692
5.47054 0.00326712
5.48287 0.00322781
5.4952 0.00318897
5.50753 0.00315061
5.51986 0.00311271
5.53219 0.00307528
5.54452 0.0030383
5.55685 0.00300177
5.56918 0.00296569
5.58151 0.00293004
5.59384 0.00289483
5.60617 0.00286005
5.6185 0.00282569
5.63083 0.00279175
5.64317 0.00275822
5.6555 0.0027251
5.66783 0.00269238
5.68016 0.00266006
5.69249 0.00262814
5.70482 0.0025966
5.71715 0.00256544
5.72948 0.00253467
5.74181 0.00250426
5.75414 0.00247423
5.76647 0.00244456
5.7788 0.00241525
5.79113 0.0023863
5.80346 0.00235769
5.81579 0.00232944
5.82812 0.00230153
5.84045 0.00227395
5.85278 0.00224671
5.86511 0.00221981
5.87744 0.00219322
5.88977 0.00216696
5.9021 0.00214102
5.91443 0.00211539
5.92676 0.00209008
5.93909 0.00206507
5.95142 0.00204036
5.96375 0.00201595
5.97608 0.00199184
5.98841 0.00196802
6.00074 0.00194448
6.01307 0.00192124
6.0254 0.00189827
6.03773 0.00187558
6.05006 0.00185317
6.06239 0.00183102
6.07472 0.00180915
6.08705 0.00178754
6.09938 0.00176619
6.11171 0.0017451
6.12404 0.00172426
6.13637 0.00170368
6.1487 0.00168334
6.16104 0.00166325
6.17337 0.0016434
6.1857 0.00162379
6.19803 0.00160442
6.21036 0.00158528
6.22269 0.00156638
6.23502 0.0015477
6.24735 0.00152925
6.25968 0.00151102
6.27201 0.00149301
6.28434 0.00147521
6.29667 0.00145763
6.309 0.00144027
6.32133 0.00142311
6.33366 0.00140616
6.34599 0.00138941
6.35832 0.00137287
6.37065 0.00135652
6.38298 0.00134037
6.39531 0.00132442
6.40764 0.00130865
6.41997 0.00129308
6.4323 0.0012777
6.44463 0.0012625
6.45696 0.00124748
6.46929 0.00123264
6.48162 0.00121799
6.49395 0.00120351
6.50628 0.0011892
6.51861 0.00117506
6.53094 0.0011611
6.54327 0.0011473
6.5556 0.00113367
6.56793 0.0011202
6.58026 0.00110689
6.59259 0.00109375
6.60492 0.00108076
6.61725 0.00106793
6.62958 0.00105525
6.64191 0.00104272
6.65424 0.00103035
6.66657 0.00101812
6.67891 0.00100604
6.69124 0.000994102
6.70357 0.00098231
6.7159 0.000970659
6.72823 0.000959147
6.74056 0.000947774
6.75289 0.000936537
6.76522 0.000925435
6.77755 0.000914465
6.78988 0.000903628
6.80221 0.00089292
6.81454 0.00088234
6.82687 0.000871887
6.8392 0.000861559
6.85153 0.000851355
6.86386 0.000841273
6.87619 0.000831312
6.88852 0.00082147
6.90085 0.000811745
6.91318 0.000802137
6.92551 0.000792644
6.93784 0.000783265
6.95017 0.000773998
6.9625 0.000764841
6.97483 0.000755794
6.98716 0.000746855
6.99949 0.000738023
7.01182 0.000729297
7.02415 0.000720675
7.03648 0.000712156
7.04881 0.000703738
7.06114 0.000695421
7.07347 0.000687204
