-0.369659 0.00306545
-0.27917 0.0038256
-0.18868 0.00472224
-0.0981904 0.00576357
-0.00770077 0.00695401
0.0827889 0.00829362
0.173279 0.00977785
0.263768 0.0113977
0.354258 0.0131403
0.444748 0.0149897
0.535237 0.0169277
0.625727 0.0189353
0.716217 0.0209931
0.806706 0.0230824
0.897196 0.0251857
0.987685 0.0272871
1.07818 0.0293725
1.16866 0.0314299
1.25915 0.0334488
1.34964 0.0354209
1.44013 0.0373393
1.53062 0.0391985
1.62111 0.0409946
1.7116 0.0427244
1.80209 0.0443862
1.89258 0.0459785
1.98307 0.0475009
2.07356 0.0489534
2.16405 0.0503365
2.25454 0.0516509
2.34503 0.052898
2.43552 0.0540789
2.52601 0.0551952
2.6165 0.0562486
2.70699 0.0572408
2.79748 0.0581737
2.88797 0.0590491
2.97846 0.0598689
3.06895 0.060635
3.15944 0.0613492
3.24993 0.0620134
3.34042 0.0626295
3.43091 0.0631992
3.5214 0.0637244
3.61189 0.0642065
3.70238 0.0646475
3.79286 0.0650488
3.88335 0.0654121
3.97384 0.0657388
4.06433 0.0660305
4.15482 0.0662885
4.24531 0.0665143
4.3358 0.0667091
4.42629 0.0668742
4.51678 0.0670108
4.60727 0.0671202
4.69776 0.0672035
4.78825 0.0672617
4.87874 0.067296
4.96923 0.0673074
5.05972 0.0672968
5.15021 0.0672651
5.2407 0.0672134
5.33119 0.0671424
5.42168 0.0670531
5.51217 0.0669461
5.60266 0.0668223
5.69315 0.0666825
5.78364 0.0665274
5.87413 0.0663576
5.96462 0.0661738
6.05511 0.0659768
6.1456 0.0657669
6.23609 0.065545
6.32658 0.0653115
6.41707 0.0650671
6.50755 0.0648121
6.59804 0.0645472
6.68853 0.0642729
6.77902 0.0639895
6.86951 0.0636976
6.96 0.0633976
7.05049 0.0630899
7.14098 0.062775
7.23147 0.0624531
7.32196 0.0621248
7.41245 0.0617903
7.50294 0.06145
7.59343 0.0611042
7.68392 0.0607533
7.77441 0.0603976
7.8649 0.0600373
7.95539 0.0596728
8.04588 0.0593044
8.13637 0.0589322
8.22686 0.0585566
8.31735 0.0581778
8.40784 0.057796
8.49833 0.0574116
8.58882 0.0570246
8.67931 0.0566353
8.7698 0.056244
8.86029 0.0558507
8.95078 0.0554558
9.04127 0.0550593
9.13175 0.0546615
9.22224 0.0542626
9.31273 0.0538626
9.40322 0.0534617
9.49371 0.0530602
9.5842 0.0526581
9.67469 0.0522556
9.76518 0.0518528
9.85567 0.0514498
9.94616 0.0510468
10.0367 0.0506438
10.1271 0.0502411
10.2176 0.0498387
10.3081 0.0494367
10.3986 0.0490352
10.4891 0.0486343
10.5796 0.0482341
10.6701 0.0478347
10.7606 0.0474362
10.8511 0.0470386
10.9415 0.046642
11.032 0.0462466
11.1225 0.0458524
11.213 0.0454594
11.3035 0.0450677
11.394 0.0446774
11.4845 0.0442885
11.575 0.0439011
11.6655 0.0435153
11.756 0.0431311
11.8464 0.0427486
11.9369 0.0423677
12.0274 0.0419886
12.1179 0.0416113
12.2084 0.0412358
12.2989 0.0408621
12.3894 0.0404904
12.4799 0.0401206
12.5704 0.0397528
12.6609 0.039387
12.7513 0.0390233
12.8418 0.0386616
12.9323 0.038302
13.0228 0.0379445
13.1133 0.0375891
13.2038 0.0372359
13.2943 0.0368849
13.3848 0.036536
13.4753 0.0361894
13.5657 0.0358451
13.6562 0.0355029
13.7467 0.0351631
13.8372 0.0348255
13.9277 0.0344902
14.0182 0.0341572
14.1087 0.0338265
14.1992 0.0334981
14.2897 0.0331721
14.3802 0.0328483
14.4706 0.032527
14.5611 0.0322079
14.6516 0.0318912
14.7421 0.0315769
14.8326 0.0312649
14.9231 0.0309553
15.0136 0.030648
15.1041 0.0303431
15.1946 0.0300405
15.2851 0.0297403
15.3755 0.0294424
15.466 0.0291469
15.5565 0.0288538
15.647 0.028563
15.7375 0.0282746
15.828 0.0279884
15.9185 0.0277047
16.009 0.0274232
16.0995 0.0271441
16.1899 0.0268673
16.2804 0.0265928
16.3709 0.0263206
16.4614 0.0260508
16.5519 0.0257832
16.6424 0.0255179
16.7329 0.0252549
16.8234 0.0249941
16.9139 0.0247356
17.0044 0.0244794
17.0948 0.0242253
17.1853 0.0239736
17.2758 0.023724
17.3663 0.0234767
17.4568 0.0232315
17.5473 0.0229886
17.6378 0.0227478
17.7283 0.0225092
17.8188 0.0222728
17.9093 0.0220385
17.9997 0.0218063
18.0902 0.0215763
18.1807 0.0213483
18.2712 0.0211225
18.3617 0.0208987
18.4522 0.0206771
18.5427 0.0204575
18.6332 0.0202399
18.7237 0.0200244
18.8141 0.0198109
18.9046 0.0195994
18.9951 0.0193899
19.0856 0.0191824
19.1761 0.0189769
19.2666 0.0187733
19.3571 0.0185717
19.4476 0.018372
19.5381 0.0181742
19.6286 0.0179783
19.719 0.0177844
19.8095 0.0175923
19.9 0.017402
19.9905 0.0172137
20.081 0.0170271
20.1715 0.0168424
20.262 0.0166595
20.3525 0.0164784
20.443 0.0162991
20.5335 0.0161215
20.6239 0.0159457
20.7144 0.0157717
20.8049 0.0155994
20.8954 0.0154288
20.9859 0.0152599
21.0764 0.0150927
21.1669 0.0149272
21.2574 0.0147633
21.3479 0.0146011
21.4383 0.0144405
21.5288 0.0142816
21.6193 0.0141242
21.7098 0.0139685
21.8003 0.0138143
21.8908 0.0136617
21.9813 0.0135106
22.0718 0.0133612
22.1623 0.0132132
22.2528 0.0130667
22.3432 0.0129218
22.4337 0.0127783
22.5242 0.0126364
22.6147 0.0124958
22.7052 0.0123568
22.7957 0.0122192
22.8862 0.012083
22.9767 0.0119482
23.0672 0.0118148
23.1577 0.0116828
23.2481 0.0115522
23.3386 0.011423
23.4291 0.0112951
23.5196 0.0111686
23.6101 0.0110433
23.7006 0.0109194
23.7911 0.0107968
23.8816 0.0106755
23.9721 0.0105555
24.0625 0.0104367
24.153 0.0103192
24.2435 0.010203
24.334 0.0100879
24.4245 0.00997413
24.515 0.00986153
24.6055 0.00975014
24.696 0.00963993
24.7865 0.0095309
24.877 0.00942303
24.9674 0.00931632
25.0579 0.00921075
25.1484 0.00910632
25.2389 0.009003
25.3294 0.0089008
25.4199 0.00879969
25.5104 0.00869968
25.6009 0.00860074
25.6914 0.00850287
25.7819 0.00840606
25.8723 0.00831029
25.9628 0.00821557
26.0533 0.00812187
26.1438 0.00802918
26.2343 0.00793751
26.3248 0.00784683
26.4153 0.00775713
26.5058 0.00766842
26.5963 0.00758067
26.6867 0.00749388
26.7772 0.00740804
26.8677 0.00732314
26.9582 0.00723916
27.0487 0.00715611
27.1392 0.00707397
27.2297 0.00699273
27.3202 0.00691238
27.4107 0.00683292
27.5012 0.00675433
27.5916 0.0066766
27.6821 0.00659974
27.7726 0.00652372
27.8631 0.00644854
27.9536 0.00637419
28.0441 0.00630067
28.1346 0.00622796
28.2251 0.00615605
28.3156 0.00608494
28.4061 0.00601462
28.4965 0.00594508
28.587 0.00587632
28.6775 0.00580832
28.768 0.00574107
28.8585 0.00567458
28.949 0.00560883
29.0395 0.00554381
29.13 0.00547952
29.2205 0.00541594
29.3109 0.00535308
29.4014 0.00529092
29.4919 0.00522945
29.5824 0.00516868
29.6729 0.00510858
29.7634 0.00504916
29.8539 0.00499041
29.9444 0.00493232
30.0349 0.00487488
30.1254 0.00481809
30.2158 0.00476193
30.3063 0.00470641
30.3968 0.00465152
30.4873 0.00459724
30.5778 0.00454358
30.6683 0.00449052
30.7588 0.00443806
30.8493 0.0043862
30.9398 0.00433492
31.0303 0.00428423
31.1207 0.0042341
31.2112 0.00418455
31.3017 0.00413556
31.3922 0.00408712
31.4827 0.00403924
31.5732 0.0039919
31.6637 0.00394509
31.7542 0.00389882
31.8447 0.00385308
31.9351 0.00380786
32.0256 0.00376315
32.1161 0.00371895
32.2066 0.00367526
32.2971 0.00363206
32.3876 0.00358936
32.4781 0.00354715
32.5686 0.00350542
32.6591 0.00346416
32.7496 0.00342338
32.84 0.00338307
32.9305 0.00334321
33.021 0.00330382
33.1115 0.00326487
33.202 0.00322638
33.2925 0.00318832
33.383 0.0031507
33.4735 0.00311352
33.564 0.00307676
33.6545 0.00304042
33.7449 0.00300451
33.8354 0.002969
33.9259 0.00293391
34.0164 0.00289922
34.1069 0.00286493
34.1974 0.00283103
34.2879 0.00279753
34.3784 0.00276441
34.4689 0.00273168
34.5593 0.00269932
34.6498 0.00266734
34.7403 0.00263573
34.8308 0.00260448
34.9213 0.00257359
35.0118 0.00254307
35.1023 0.00251289
35.1928 0.00248307
35.2833 0.00245359
35.3738 0.00242446
35.4642 0.00239566
35.5547 0.0023672
35.6452 0.00233906
35.7357 0.00231126
35.8262 0.00228377
35.9167 0.00225661
36.0072 0.00222976
36.0977 0.00220323
36.1882 0.002177
36.2787 0.00215108
36.3691 0.00212547
36.4596 0.00210015
36.5501 0.00207512
36.6406 0.00205039
36.7311 0.00202595
36.8216 0.00200179
36.9121 0.00197791
37.0026 0.00195432
37.0931 0.00193099
37.1835 0.00190795
37.274 0.00188517
37.3645 0.00186265
37.455 0.00184041
37.5455 0.00181842
37.636 0.00179669
37.7265 0.00177521
37.817 0.00175399
37.9075 0.00173301
37.998 0.00171228
38.0884 0.00169179
38.1789 0.00167155
38.2694 0.00165154
38.3599 0.00163177
38.4504 0.00161222
38.5409 0.00159291
38.6314 0.00157383
38.7219 0.00155497
38.8124 0.00153633
38.9029 0.00151791
38.9933 0.00149971
39.0838 0.00148172
39.1743 0.00146395
39.2648 0.00144638
39.3553 0.00142902
39.4458 0.00141187
39.5363 0.00139492
39.6268 0.00137816
39.7173 0.00136161
39.8077 0.00134525
39.8982 0.00132909
39.9887 0.00131311
40.0792 0.00129733
40.1697 0.00128173
40.2602 0.00126631
40.3507 0.00125108
40.4412 0.00123603
40.5317 0.00122115
40.6222 0.00120645
40.7126 0.00119193
40.8031 0.00117758
40.8936 0.00116339
40.9841 0.00114938
41.0746 0.00113553
41.1651 0.00112185
41.2556 0.00110833
41.3461 0.00109497
41.4366 0.00108176
41.5271 0.00106872
41.6175 0.00105583
41.708 0.00104309
41.7985 0.0010305
41.889 0.00101807
41.9795 0.00100578
42.07 0.000993634
42.1605 0.000981635
42.251 0.000969779
42.3415 0.000958064
42.4319 0.000946489
42.5224 0.000935051
42.6129 0.00092375
42.7034 0.000912583
42.7939 0.000901549
42.8844 0.000890647
42.9749 0.000879875
43.0654 0.000869231
43.1559 0.000858714
43.2464 0.000848322
43.3368 0.000838055
43.4273 0.00082791
43.5178 0.000817886
43.6083 0.000807982
43.6988 0.000798196
43.7893 0.000788527
43.8798 0.000778973
43.9703 0.000769534
44.0608 0.000760207
44.1513 0.000750992
44.2417 0.000741888
44.3322 0.000732892
44.4227 0.000724003
44.5132 0.000715222
44.6037 0.000706545
44.6942 0.000697972
44.7847 0.000689502
44.8752 0.000681133
44.9657 0.000672865
45.0561 0.000664695
45.1466 0.000656624
45.2371 0.000648649
45.3276 0.00064077
45.4181 0.000632985
45.5086 0.000625294
45.5991 0.000617695
45.6896 0.000610187
45.7801 0.00060277
45.8706 0.000595441
45.961 0.000588201
46.0515 0.000581047
46.142 0.000573979
46.2325 0.000566997
46.323 0.000560098
46.4135 0.000553282
46.504 0.000546548
46.5945 0.000539895
46.685 0.000533323
46.7755 0.000526829
46.8659 0.000520413
46.9564 0.000514075
47.0469 0.000507812
47.1374 0.000501626
47.2279 0.000495514
47.3184 0.000489475
47.4089 0.000483509
47.4994 0.000477615
47.5899 0.000471792
47.6803 0.000466039
47.7708 0.000460356
47.8613 0.000454741
47.9518 0.000449194
48.0423 0.000443714
48.1328 0.0004383
48.2233 0.000432951
48.3138 0.000427667
48.4043 0.000422446
48.4948 0.000417289
48.5852 0.000412194
48.6757 0.00040716
48.7662 0.000402188
48.8567 0.000397275
48.9472 0.000392422
49.0377 0.000387627
49.1282 0.00038289
49.2187 0.000378211
49.3092 0.000373588
49.3997 0.000369021
49.4901 0.00036451
49.5806 0.000360053
49.6711 0.00035565
49.7616 0.0003513
49.8521 0.000347003
49.9426 0.000342758
50.0331 0.000338564
50.1236 0.000334421
50.2141 0.000330328
50.3046 0.000326285
50.395 0.000322291
50.4855 0.000318345
50.576 0.000314448
50.6665 0.000310597
50.757 0.000306793
50.8475 0.000303035
50.938 0.000299323
51.0285 0.000295656
51.119 0.000292033
51.2094 0.000288454
51.2999 0.000284919
51.3904 0.000281427
51.4809 0.000277977
51.5714 0.000274569
51.6619 0.000271202
51.7524 0.000267876
51.8429 0.000264591
51.9334 0.000261345
52.0239 0.000258139
52.1143 0.000254972
52.2048 0.000251844
52.2953 0.000248753
52.3858 0.0002457
52.4763 0.000242685
52.5668 0.000239705
52.6573 0.000236763
52.7478 0.000233856
52.8383 0.000230984
52.9288 0.000228147
53.0192 0.000225345
53.1097 0.000222577
53.2002 0.000219842
53.2907 0.000217141
53.3812 0.000214473
53.4717 0.000211838
53.5622 0.000209234
53.6527 0.000206662
53.7432 0.000204122
53.8336 0.000201612
53.9241 0.000199133
54.0146 0.000196684
54.1051 0.000194265
54.1956 0.000191876
54.2861 0.000189516
54.3766 0.000187184
54.4671 0.000184881
54.5576 0.000182607
54.6481 0.000180359
54.7385 0.00017814
54.829 0.000175947
54.9195 0.000173781
55.01 0.000171642
55.1005 0.000169529
55.191 0.000167441
55.2815 0.000165379
55.372 0.000163342
55.4625 0.00016133
55.553 0.000159343
55.6434 0.00015738
55.7339 0.000155441
55.8244 0.000153526
55.9149 0.000151634
56.0054 0.000149765
56.0959 0.000147919
56.1864 0.000146096
56.2769 0.000144295
56.3674 0.000142516
56.4578 0.000140758
56.5483 0.000139023
56.6388 0.000137308
56.7293 0.000135615
56.8198 0.000133942
56.9103 0.000132289
57.0008 0.000130657
57.0913 0.000129045
57.1818 0.000127453
57.2723 0.00012588
57.3627 0.000124326
57.4532 0.000122792
57.5437 0.000121276
57.6342 0.000119779
57.7247 0.0001183
57.8152 0.000116839
57.9057 0.000115397
57.9962 0.000113971
58.0867 0.000112564
58.1772 0.000111173
58.2676 0.0001098
58.3581 0.000108444
58.4486 0.000107104
58.5391 0.00010578
58.6296 0.000104473
58.7201 0.000103182
58.8106 0.000101907
58.9011 0.000100647
58.9916 9.94029e-05
59.082 9.8174e-05
59.1725 9.69602e-05
59.263 9.57613e-05
59.3535 9.45771e-05
59.444 9.34075e-05
59.5345 9.22522e-05
59.625 9.11112e-05
59.7155 8.99841e-05
59.806 8.88709e-05
59.8965 8.77713e-05
59.9869 8.66853e-05
60.0774 8.56126e-05
60.1679 8.45532e-05
60.2584 8.35067e-05
60.3489 8.24731e-05
60.4394 8.14522e-05
60.5299 8.04439e-05
60.6204 7.94479e-05
60.7109 7.84643e-05
60.8014 7.74927e-05
60.8918 7.6533e-05
60.9823 7.55852e-05
61.0728 7.46491e-05
61.1633 7.37244e-05
61.2538 7.28112e-05
61.3443 7.19091e-05
61.4348 7.10182e-05
61.5253 7.01383e-05
61.6158 6.92692e-05
61.7062 6.84108e-05
61.7967 6.75629e-05
61.8872 6.67255e-05
61.9777 6.58985e-05
62.0682 6.50816e-05
62.1587 6.42747e-05
62.2492 6.34778e-05
62.3397 6.26908e-05
62.4302 6.19134e-05
62.5207 6.11456e-05
62.6111 6.03873e-05
62.7016 5.96383e-05
62.7921 5.88986e-05
62.8826 5.81679e-05
62.9731 5.74463e-05
63.0636 5.67336e-05
63.1541 5.60297e-05
63.2446 5.53344e-05
63.3351 5.46478e-05
63.4256 5.39696e-05
63.516 5.32997e-05
63.6065 5.26382e-05
63.697 5.19848e-05
63.7875 5.13394e-05
63.878 5.07021e-05
63.9685 5.00726e-05
64.059 4.94508e-05
64.1495 4.88368e-05
64.24 4.82303e-05
64.3304 4.76313e-05
64.4209 4.70397e-05
64.5114 4.64554e-05
64.6019 4.58783e-05
64.6924 4.53084e-05
64.7829 4.47455e-05
64.8734 4.41895e-05
64.9639 4.36405e-05
65.0544 4.30982e-05
65.1449 4.25626e-05
65.2353 4.20336e-05
65.3258 4.15112e-05
65.4163 4.09952e-05
65.5068 4.04856e-05
65.5973 3.99823e-05
65.6878 3.94852e-05
65.7783 3.89943e-05
65.8688 3.85094e-05
65.9593 3.80305e-05
66.0498 3.75576e-05
66.1402 3.70905e-05
66.2307 3.66292e-05
66.3212 3.61736e-05
66.4117 3.57236e-05
66.5022 3.52792e-05
66.5927 3.48403e-05
66.6832 3.44068e-05
66.7737 3.39787e-05
66.8642 3.35559e-05
66.9546 3.31383e-05
67.0451 3.27259e-05
67.1356 3.23186e-05
67.2261 3.19164e-05
67.3166 3.15191e-05
67.4071 3.11267e-05
67.4976 3.07392e-05
67.5881 3.03565e-05
67.6786 2.99786e-05
67.7691 2.96053e-05
67.8595 2.92367e-05
67.95 2.88726e-05
68.0405 2.8513e-05
68.131 2.81579e-05
68.2215 2.78072e-05
68.312 2.74608e-05
68.4025 2.71187e-05
68.493 2.67809e-05
68.5835 2.64472e-05
68.674 2.61177e-05
68.7644 2.57923e-05
68.8549 2.54709e-05
68.9454 2.51535e-05
69.0359 2.484e-05
69.1264 2.45304e-05
69.2169 2.42247e-05
69.3074 2.39227e-05
69.3979 2.36245e-05
69.4884 2.333e-05
69.5788 2.30392e-05
69.6693 2.27519e-05
69.7598 2.24682e-05
69.8503 2.21881e-05
69.9408 2.19114e-05
70.0313 2.16381e-05
70.1218 2.13683e-05
70.2123 2.11018e-05
70.3028 2.08386e-05
70.3933 2.05786e-05
70.4837 2.03219e-05
70.5742 2.00684e-05
70.6647 1.9818e-05
70.7552 1.95708e-05
70.8457 1.93266e-05
70.9362 1.90854e-05
71.0267 1.88473e-05
71.1172 1.86121e-05
71.2077 1.83798e-05
71.2982 1.81504e-05
71.3886 1.79238e-05
71.4791 1.77001e-05
71.5696 1.74791e-05
71.6601 1.72609e-05
71.7506 1.70454e-05
71.8411 1.68326e-05
71.9316 1.66225e-05
72.0221 1.64149e-05
72.1126 1.62099e-05
72.203 1.60075e-05
72.2935 1.58076e-05
72.384 1.56101e-05
72.4745 1.54152e-05
72.565 1.52226e-05
72.6555 1.50325e-05
72.746 1.48447e-05
72.8365 1.46592e-05
72.927 1.44761e-05
73.0175 1.42952e-05
73.1079 1.41166e-05
73.1984 1.39402e-05
73.2889 1.3766e-05
73.3794 1.3594e-05
73.4699 1.34241e-05
73.5604 1.32563e-05
73.6509 1.30906e-05
73.7414 1.2927e-05
73.8319 1.27654e-05
73.9224 1.26058e-05
74.0128 1.24482e-05
74.1033 1.22926e-05
74.1938 1.21389e-05
74.2843 1.19871e-05
74.3748 1.18372e-05
74.4653 1.16892e-05
74.5558 1.1543e-05
74.6463 1.13987e-05
74.7368 1.12561e-05
74.8272 1.11153e-05
74.9177 1.09763e-05
75.0082 1.0839e-05
75.0987 1.07034e-05
75.1892 1.05695e-05
75.2797 1.04373e-05
75.3702 1.03067e-05
75.4607 1.01777e-05
75.5512 1.00504e-05
75.6417 9.92461e-06
75.7321 9.80041e-06
75.8226 9.67777e-06
75.9131 9.55665e-06
76.0036 9.43704e-06
76.0941 9.31892e-06
76.1846 9.20228e-06
76.2751 9.08708e-06
76.3656 8.97333e-06
76.4561 8.86099e-06
76.5466 8.75006e-06
76.637 8.64051e-06
76.7275 8.53232e-06
76.818 8.42548e-06
76.9085 8.31998e-06
76.999 8.21579e-06
77.0895 8.1129e-06
77.18 8.0113e-06
77.2705 7.91096e-06
77.361 7.81188e-06
77.4514 7.71403e-06
77.5419 7.6174e-06
77.6324 7.52198e-06
77.7229 7.42775e-06
77.8134 7.33469e-06
77.9039 7.2428e-06
77.9944 7.15205e-06
78.0849 7.06244e-06
78.1754 6.97395e-06
78.2659 6.88656e-06
78.3563 6.80026e-06
78.4468 6.71503e-06
78.5373 6.63088e-06
78.6278 6.54777e-06
78.7183 6.4657e-06
78.8088 6.38466e-06
78.8993 6.30462e-06
78.9898 6.22559e-06
79.0803 6.14755e-06
79.1708 6.07048e-06
79.2612 5.99437e-06
79.3517 5.91921e-06
79.4422 5.84499e-06
79.5327 5.7717e-06
79.6232 5.69933e-06
79.7137 5.62786e-06
79.8042 5.55728e-06
79.8947 5.48758e-06
79.9852 5.41876e-06
80.0756 5.35079e-06
80.1661 5.28368e-06
80.2566 5.2174e-06
80.3471 5.15195e-06
80.4376 5.08732e-06
80.5281 5.0235e-06
80.6186 4.96048e-06
80.7091 4.89824e-06
80.7996 4.83678e-06
80.8901 4.77609e-06
80.9805 4.71616e-06
81.071 4.65698e-06
81.1615 4.59854e-06
81.252 4.54083e-06
81.3425 4.48384e-06
81.433 4.42757e-06
81.5235 4.372e-06
81.614 4.31712e-06
81.7045 4.26293e-06
81.795 4.20942e-06
81.8854 4.15657e-06
81.9759 4.10439e-06
82.0664 4.05286e-06
82.1569 4.00198e-06
82.2474 3.95173e-06
82.3379 3.90212e-06
82.4284 3.85312e-06
82.5189 3.80473e-06
82.6094 3.75695e-06
82.6998 3.70977e-06
82.7903 3.66318e-06
82.8808 3.61718e-06
82.9713 3.57175e-06
83.0618 3.52688e-06
83.1523 3.48258e-06
83.2428 3.43884e-06
83.3333 3.39564e-06
83.4238 3.35298e-06
83.5143 3.31086e-06
83.6047 3.26926e-06
83.6952 3.22819e-06
83.7857 3.18763e-06
83.8762 3.14758e-06
83.9667 3.10803e-06
84.0572 3.06897e-06
84.1477 3.0304e-06
84.2382 2.99232e-06
84.3287 2.95472e-06
84.4192 2.91758e-06
84.5096 2.88091e-06
84.6001 2.8447e-06
84.6906 2.80894e-06
84.7811 2.77364e-06
84.8716 2.73877e-06
84.9621 2.70434e-06
85.0526 2.67034e-06
85.1431 2.63677e-06
85.2336 2.60362e-06
85.324 2.57089e-06
85.4145 2.53856e-06
85.505 2.50664e-06
85.5955 2.47512e-06
85.686 2.444e-06
85.7765 2.41326e-06
85.867 2.38291e-06
85.9575 2.35295e-06
86.048 2.32335e-06
86.1385 2.29413e-06
86.2289 2.26528e-06
86.3194 2.23678e-06
86.4099 2.20865e-06
86.5004 2.18086e-06
86.5909 2.15343e-06
86.6814 2.12634e-06
86.7719 2.09959e-06
86.8624 2.07317e-06
86.9529 2.04709e-06
87.0434 2.02133e-06
87.1338 1.9959e-06
87.2243 1.97079e-06
87.3148 1.94599e-06
87.4053 1.9215e-06
87.4958 1.89732e-06
87.5863 1.87344e-06
87.6768 1.84986e-06
87.7673 1.82658e-06
87.8578 1.80359e-06
87.9482 1.78089e-06
88.0387 1.75847e-06
88.1292 1.73634e-06
88.2197 1.71448e-06
88.3102 1.6929e-06
88.4007 1.67158e-06
88.4912 1.65054e-06
88.5817 1.62976e-06
88.6722 1.60924e-06
88.7627 1.58898e-06
88.8531 1.56897e-06
88.9436 1.54922e-06
89.0341 1.52971e-06
89.1246 1.51044e-06
89.2151 1.49142e-06
89.3056 1.47264e-06
89.3961 1.45409e-06
89.4866 1.43578e-06
89.5771 1.4177e-06
89.6676 1.39984e-06
89.758 1.38221e-06
89.8485 1.3648e-06
89.939 1.34761e-06
90.0295 1.33063e-06
