-3.73572 0.00252612
-3.72502 0.00256575
-3.71432 0.00260602
-3.70363 0.00264694
-3.69293 0.0026885
-3.68223 0.00273074
-3.67154 0.00277365
-3.66084 0.00281724
-3.65014 0.00286153
-3.63945 0.00290654
-3.62875 0.00295226
-3.61805 0.00299871
-3.60736 0.00304591
-3.59666 0.00309387
-3.58596 0.0031426
-3.57527 0.00319211
-3.56457 0.00324241
-3.55387 0.00329352
-3.54318 0.00334545
-3.53248 0.00339822
-3.52178 0.00345183
-3.51109 0.00350631
-3.50039 0.00356166
-3.48969 0.00361791
-3.479 0.00367505
-3.4683 0.00373312
-3.4576 0.00379213
-3.44691 0.00385208
-3.43621 0.00391301
-3.42551 0.00397491
-3.41482 0.00403781
-3.40412 0.00410173
-3.39342 0.00416668
-3.38273 0.00423268
-3.37203 0.00429975
-3.36133 0.00436789
-3.35064 0.00443715
-3.33994 0.00450752
-3.32924 0.00457903
-3.31855 0.00465169
-3.30785 0.00472554
-3.29715 0.00480058
-3.28646 0.00487683
-3.27576 0.00495432
-3.26506 0.00503307
-3.25437 0.0051131
-3.24367 0.00519442
-3.23297 0.00527706
-3.22228 0.00536105
-3.21158 0.0054464
-3.20088 0.00553314
-3.19019 0.00562129
-3.17949 0.00571087
-3.16879 0.00580191
-3.1581 0.00589443
-3.1474 0.00598846
-3.1367 0.00608402
-3.12601 0.00618114
-3.11531 0.00627984
-3.10461 0.00638015
-3.09392 0.0064821
-3.08322 0.00658571
-3.07252 0.00669101
-3.06183 0.00679804
-3.05113 0.00690681
-3.04043 0.00701736
-3.02974 0.00712972
-3.01904 0.00724392
-3.00834 0.00735998
-2.99765 0.00747795
-2.98695 0.00759785
-2.97625 0.00771971
-2.96556 0.00784357
-2.95486 0.00796946
-2.94416 0.00809742
-2.93347 0.00822748
-2.92277 0.00835967
-2.91207 0.00849404
-2.90138 0.00863061
-2.89068 0.00876943
-2.87998 0.00891053
-2.86929 0.00905395
-2.85859 0.00919973
-2.84789 0.00934791
-2.8372 0.00949854
-2.8265 0.00965165
-2.8158 0.00980728
-2.80511 0.00996547
-2.79441 0.0101263
-2.78371 0.0102897
-2.77302 0.0104559
-2.76232 0.0106248
-2.75162 0.0107965
-2.74093 0.010971
-2.73023 0.0111485
-2.71953 0.0113288
-2.70884 0.0115122
-2.69814 0.0116985
-2.68744 0.011888
-2.67675 0.0120806
-2.66605 0.0122764
-2.65535 0.0124755
-2.64466 0.0126778
-2.63396 0.0128835
-2.62326 0.0130926
-2.61257 0.0133052
-2.60187 0.0135214
-2.59117 0.0137411
-2.58048 0.0139645
-2.56978 0.0141916
-2.55908 0.0144224
-2.54839 0.0146572
-2.53769 0.0148958
-2.52699 0.0151384
-2.5163 0.015385
-2.5056 0.0156358
-2.4949 0.0158908
-2.48421 0.01615
-2.47351 0.0164135
-2.46281 0.0166814
-2.45212 0.0169538
-2.44142 0.0172308
-2.43072 0.0175124
-2.42003 0.0177987
-2.40933 0.0180898
-2.39863 0.0183858
-2.38794 0.0186867
-2.37724 0.0189927
-2.36654 0.0193038
-2.35585 0.0196201
-2.34515 0.0199417
-2.33445 0.0202687
-2.32376 0.0206012
-2.31306 0.0209393
-2.30236 0.0212831
-2.29167 0.0216326
-2.28097 0.021988
-2.27027 0.0223494
-2.25958 0.0227169
-2.24888 0.0230905
-2.23818 0.0234705
-2.22749 0.0238568
-2.21679 0.0242497
-2.20609 0.0246491
-2.19539 0.0250553
-2.1847 0.0254683
-2.174 0.0258884
-2.1633 0.0263154
-2.15261 0.0267497
-2.14191 0.0271913
-2.13121 0.0276404
-2.12052 0.0280971
-2.10982 0.0285614
-2.09912 0.0290336
-2.08843 0.0295138
-2.07773 0.0300021
-2.06703 0.0304987
-2.05634 0.0310036
-2.04564 0.0315171
-2.03494 0.0320393
-2.02425 0.0325703
-2.01355 0.0331103
-2.00285 0.0336595
-1.99216 0.0342179
-1.98146 0.0347858
-1.97076 0.0353633
-1.96007 0.0359506
-1.94937 0.0365478
-1.93867 0.0371552
-1.92798 0.0377728
-1.91728 0.0384009
-1.90658 0.0390396
-1.89589 0.0396892
-1.88519 0.0403498
-1.87449 0.0410215
-1.8638 0.0417047
-1.8531 0.0423994
-1.8424 0.0431059
-1.83171 0.0438244
-1.82101 0.044555
-1.81031 0.0452981
-1.79962 0.0460537
-1.78892 0.0468221
-1.77822 0.0476035
-1.76753 0.0483982
-1.75683 0.0492063
-1.74613 0.0500281
-1.73544 0.0508638
-1.72474 0.0517137
-1.71404 0.0525779
-1.70335 0.0534568
-1.69265 0.0543505
-1.68195 0.0552594
-1.67126 0.0561835
-1.66056 0.0571233
-1.64986 0.058079
-1.63917 0.0590508
-1.62847 0.060039
-1.61777 0.0610439
-1.60708 0.0620657
-1.59638 0.0631047
-1.58568 0.0641611
-1.57499 0.0652354
-1.56429 0.0663277
-1.55359 0.0674384
-1.5429 0.0685677
-1.5322 0.069716
-1.5215 0.0708835
-1.51081 0.0720706
-1.50011 0.0732775
-1.48941 0.0745046
-1.47872 0.0757521
-1.46802 0.0770205
-1.45732 0.07831
-1.44663 0.079621
-1.43593 0.0809537
-1.42523 0.0823086
-1.41454 0.0836859
-1.40384 0.0850861
-1.39314 0.0865093
-1.38245 0.0879561
-1.37175 0.0894266
-1.36105 0.0909214
-1.35036 0.0924407
-1.33966 0.0939849
-1.32896 0.0955543
-1.31827 0.0971494
-1.30757 0.0987704
-1.29687 0.100418
-1.28618 0.102092
-1.27548 0.103793
-1.26478 0.105522
-1.25409 0.107278
-1.24339 0.109062
-1.23269 0.110876
-1.222 0.112718
-1.2113 0.114589
-1.2006 0.11649
-1.18991 0.118421
-1.17921 0.120382
-1.16851 0.122375
-1.15782 0.124398
-1.14712 0.126453
-1.13642 0.128539
-1.12573 0.130658
-1.11503 0.13281
-1.10433 0.134994
-1.09364 0.137212
-1.08294 0.139463
-1.07224 0.141748
-1.06155 0.144067
-1.05085 0.146421
-1.04015 0.148809
-1.02946 0.151233
-1.01876 0.153692
-1.00806 0.156187
-0.997367 0.158717
-0.986671 0.161284
-0.975974 0.163888
-0.965277 0.166528
-0.954581 0.169204
-0.943884 0.171918
-0.933187 0.174669
-0.922491 0.177458
-0.911794 0.180283
-0.901097 0.183147
-0.890401 0.186048
-0.879704 0.188986
-0.869007 0.191963
-0.858311 0.194977
-0.847614 0.198028
-0.836917 0.201117
-0.826221 0.204244
-0.815524 0.207408
-0.804827 0.210609
-0.794131 0.213848
-0.783434 0.217123
-0.772737 0.220434
-0.762041 0.223781
-0.751344 0.227165
-0.740647 0.230583
-0.729951 0.234036
-0.719254 0.237524
-0.708557 0.241045
-0.697861 0.244599
-0.687164 0.248185
-0.676467 0.251803
-0.665771 0.255451
-0.655074 0.259129
-0.644377 0.262836
-0.633681 0.266571
-0.622984 0.270332
-0.612287 0.274119
-0.601591 0.27793
-0.590894 0.281764
-0.580197 0.28562
-0.569501 0.289495
-0.558804 0.293389
-0.548107 0.297299
-0.537411 0.301224
-0.526714 0.305162
-0.516017 0.309112
-0.50532 0.31307
-0.494624 0.317036
-0.483927 0.321006
-0.47323 0.324979
-0.462534 0.328953
-0.451837 0.332923
-0.44114 0.336889
-0.430444 0.340848
-0.419747 0.344796
-0.40905 0.348732
-0.398354 0.352651
-0.387657 0.356552
-0.37696 0.360431
-0.366264 0.364284
-0.355567 0.36811
-0.34487 0.371904
-0.334174 0.375664
-0.323477 0.379385
-0.31278 0.383065
-0.302084 0.3867
-0.291387 0.390286
-0.28069 0.393821
-0.269994 0.3973
-0.259297 0.400721
-0.2486 0.404078
-0.237904 0.40737
-0.227207 0.410592
-0.21651 0.413742
-0.205814 0.416814
-0.195117 0.419807
-0.18442 0.422716
-0.173724 0.425539
-0.163027 0.428271
-0.15233 0.430911
-0.141634 0.433454
-0.130937 0.435899
-0.12024 0.438241
-0.109544 0.440478
-0.0988469 0.442608
-0.0881502 0.444628
-0.0774535 0.446536
-0.0667569 0.448329
-0.0560602 0.450006
-0.0453635 0.451564
-0.0346668 0.453003
-0.0239702 0.454319
-0.0132735 0.455513
-0.00257681 0.456583
0.00811987 0.457528
0.0188165 0.458347
0.0295132 0.45904
0.0402099 0.459605
0.0509066 0.460045
0.0616032 0.460357
0.0722999 0.460542
0.0829966 0.460602
0.0936933 0.460535
0.10439 0.460344
0.115087 0.460029
0.125783 0.459591
0.13648 0.459032
0.147177 0.458353
0.157873 0.457556
0.16857 0.456642
0.179267 0.455614
0.189963 0.454473
0.20066 0.453222
0.211357 0.451863
0.222053 0.450399
0.23275 0.448832
0.243447 0.447164
0.254143 0.445399
0.26484 0.443539
0.275537 0.441588
0.286233 0.439547
0.29693 0.437421
0.307627 0.435211
0.318323 0.432922
0.32902 0.430556
0.339717 0.428116
0.350413 0.425605
0.36111 0.423027
0.371807 0.420384
0.382503 0.417681
0.3932 0.414918
0.403897 0.412101
0.414593 0.409231
0.42529 0.406313
0.435987 0.403347
0.446684 0.400339
0.45738 0.39729
0.468077 0.394203
0.478774 0.391081
0.48947 0.387927
0.500167 0.384743
0.510864 0.381533
0.52156 0.378297
0.532257 0.37504
0.542954 0.371762
0.55365 0.368467
0.564347 0.365157
0.575044 0.361834
0.58574 0.3585
0.596437 0.355157
0.607134 0.351807
0.61783 0.348452
0.628527 0.345093
0.639224 0.341733
0.64992 0.338374
0.660617 0.335016
0.671314 0.331661
0.68201 0.328311
0.692707 0.324967
0.703404 0.321631
0.7141 0.318304
0.724797 0.314987
0.735494 0.311681
0.74619 0.308387
0.756887 0.305107
0.767584 0.301841
0.77828 0.298591
0.788977 0.295357
0.799674 0.29214
0.81037 0.288941
0.821067 0.285761
0.831764 0.2826
0.84246 0.27946
0.853157 0.27634
0.863854 0.273241
0.87455 0.270164
0.885247 0.267109
0.895944 0.264077
0.90664 0.261069
0.917337 0.258083
0.928034 0.255122
0.938731 0.252185
0.949427 0.249273
0.960124 0.246386
0.970821 0.243523
0.981517 0.240686
0.992214 0.237875
1.00291 0.235089
1.01361 0.232329
1.0243 0.229595
1.035 0.226887
1.0457 0.224205
1.05639 0.221549
1.06709 0.21892
1.07779 0.216317
1.08848 0.21374
1.09918 0.211189
1.10988 0.208665
1.12057 0.206167
1.13127 0.203695
1.14197 0.201249
1.15266 0.198829
1.16336 0.196436
1.17406 0.194068
1.18475 0.191725
1.19545 0.189409
1.20615 0.187118
1.21684 0.184853
1.22754 0.182612
1.23824 0.180397
1.24893 0.178207
1.25963 0.176042
1.27033 0.173901
1.28102 0.171785
1.29172 0.169694
1.30242 0.167626
1.31311 0.165582
1.32381 0.163563
1.33451 0.161566
1.3452 0.159594
1.3559 0.157644
1.3666 0.155718
1.37729 0.153814
1.38799 0.151933
1.39869 0.150074
1.40938 0.148238
1.42008 0.146424
1.43078 0.144631
1.44147 0.14286
1.45217 0.14111
1.46287 0.139382
1.47356 0.137675
1.48426 0.135988
1.49496 0.134322
1.50565 0.132676
1.51635 0.13105
1.52705 0.129444
1.53774 0.127858
1.54844 0.126291
1.55914 0.124744
1.56983 0.123216
1.58053 0.121706
1.59123 0.120215
1.60192 0.118743
1.61262 0.117289
1.62332 0.115853
1.63401 0.114434
1.64471 0.113033
1.65541 0.11165
1.6661 0.110284
1.6768 0.108935
1.6875 0.107602
1.69819 0.106287
1.70889 0.104987
1.71959 0.103704
1.73028 0.102437
1.74098 0.101186
1.75168 0.0999503
1.76237 0.0987301
1.77307 0.0975252
1.78377 0.0963354
1.79446 0.0951605
1.80516 0.0940004
1.81586 0.0928547
1.82655 0.0917234
1.83725 0.0906064
1.84795 0.0895033
1.85864 0.088414
1.86934 0.0873384
1.88004 0.0862763
1.89073 0.0852276
1.90143 0.084192
1.91213 0.0831694
1.92282 0.0821596
1.93352 0.0811625
1.94422 0.0801779
1.95491 0.0792057
1.96561 0.0782457
1.97631 0.0772977
1.987 0.0763616
1.9977 0.0754373
2.0084 0.0745246
2.01909 0.0736233
2.02979 0.0727333
2.04049 0.0718545
2.05118 0.0709867
2.06188 0.0701298
2.07258 0.0692836
2.08327 0.068448
2.09397 0.0676229
2.10467 0.0668081
2.11536 0.0660035
2.12606 0.065209
2.13676 0.0644244
2.14745 0.0636497
2.15815 0.0628846
2.16885 0.0621291
2.17954 0.0613831
2.19024 0.0606463
2.20094 0.0599188
2.21163 0.0592004
2.22233 0.0584909
2.23303 0.0577903
2.24372 0.0570984
2.25442 0.0564151
2.26512 0.0557404
2.27581 0.055074
2.28651 0.054416
2.29721 0.0537661
2.3079 0.0531243
2.3186 0.0524905
2.3293 0.0518646
2.33999 0.0512465
2.35069 0.050636
2.36139 0.0500331
2.37208 0.0494377
2.38278 0.0488497
2.39348 0.048269
2.40417 0.0476955
2.41487 0.047129
2.42557 0.0465696
2.43626 0.0460171
2.44696 0.0454715
2.45766 0.0449325
2.46835 0.0444003
2.47905 0.0438746
2.48975 0.0433554
2.50044 0.0428426
2.51114 0.0423361
2.52184 0.0418359
2.53253 0.0413418
2.54323 0.0408539
2.55393 0.0403719
2.56462 0.0398958
2.57532 0.0394256
2.58602 0.0389612
2.59672 0.0385025
2.60741 0.0380494
2.61811 0.0376018
2.62881 0.0371598
2.6395 0.0367231
2.6502 0.0362919
2.6609 0.0358658
2.67159 0.035445
2.68229 0.0350294
2.69299 0.0346188
2.70368 0.0342133
2.71438 0.0338126
2.72508 0.0334169
2.73577 0.033026
2.74647 0.0326399
2.75717 0.0322585
2.76786 0.0318817
2.77856 0.0315095
2.78926 0.0311418
2.79995 0.0307786
2.81065 0.0304198
2.82135 0.0300653
2.83204 0.0297152
2.84274 0.0293693
2.85344 0.0290276
2.86413 0.02869
2.87483 0.0283565
2.88553 0.0280271
2.89622 0.0277016
2.90692 0.0273801
2.91762 0.0270624
2.92831 0.0267486
2.93901 0.0264386
2.94971 0.0261323
2.9604 0.0258297
2.9711 0.0255308
2.9818 0.0252354
2.99249 0.0249436
3.00319 0.0246553
3.01389 0.0243705
3.02458 0.0240891
3.03528 0.0238111
3.04598 0.0235364
3.05667 0.023265
3.06737 0.0229969
3.07807 0.0227319
3.08876 0.0224702
3.09946 0.0222116
3.11016 0.021956
3.12085 0.0217035
3.13155 0.0214541
3.14225 0.0212076
3.15294 0.0209641
3.16364 0.0207234
3.17434 0.0204857
3.18503 0.0202507
3.19573 0.0200186
3.20643 0.0197892
3.21712 0.0195626
3.22782 0.0193386
3.23852 0.0191173
3.24921 0.0188987
3.25991 0.0186826
3.27061 0.0184691
3.2813 0.0182581
3.292 0.0180497
3.3027 0.0178437
3.31339 0.0176401
3.32409 0.017439
3.33479 0.0172402
3.34548 0.0170438
3.35618 0.0168497
3.36688 0.0166579
3.37757 0.0164683
3.38827 0.016281
3.39897 0.0160959
3.40966 0.015913
3.42036 0.0157322
3.43106 0.0155536
3.44175 0.015377
3.45245 0.0152026
3.46315 0.0150302
3.47384 0.0148598
3.48454 0.0146914
3.49524 0.014525
3.50593 0.0143605
3.51663 0.014198
3.52733 0.0140374
3.53802 0.0138786
3.54872 0.0137217
3.55942 0.0135667
3.57011 0.0134135
3.58081 0.013262
3.59151 0.0131123
3.6022 0.0129644
3.6129 0.0128182
3.6236 0.0126737
3.63429 0.0125309
3.64499 0.0123898
3.65569 0.0122503
3.66638 0.0121124
3.67708 0.0119761
3.68778 0.0118414
3.69847 0.0117083
3.70917 0.0115767
3.71987 0.0114467
3.73056 0.0113182
3.74126 0.0111911
3.75196 0.0110655
3.76265 0.0109414
3.77335 0.0108188
3.78405 0.0106975
3.79474 0.0105776
3.80544 0.0104592
3.81614 0.0103421
3.82683 0.0102263
3.83753 0.0101119
3.84823 0.00999887
3.85892 0.00988709
3.86962 0.0097766
3.88032 0.00966739
3.89101 0.00955944
3.90171 0.00945273
3.91241 0.00934726
3.9231 0.00924299
3.9338 0.00913993
3.9445 0.00903805
3.95519 0.00893734
3.96589 0.00883779
3.97659 0.00873939
3.98728 0.00864211
3.99798 0.00854595
4.00868 0.00845089
4.01937 0.00835693
4.03007 0.00826404
4.04077 0.00817222
4.05146 0.00808144
4.06216 0.00799171
4.07286 0.007903
4.08355 0.00781531
4.09425 0.00772862
4.10495 0.00764292
4.11564 0.0075582
4.12634 0.00747445
4.13704 0.00739166
4.14773 0.0073098
4.15843 0.00722889
4.16913 0.00714889
4.17982 0.00706981
4.19052 0.00699162
4.20122 0.00691433
4.21191 0.00683792
4.22261 0.00676237
4.23331 0.00668769
4.244 0.00661385
4.2547 0.00654085
4.2654 0.00646869
4.27609 0.00639734
4.28679 0.0063268
4.29749 0.00625706
4.30818 0.00618811
4.31888 0.00611994
4.32958 0.00605255
4.34027 0.00598592
4.35097 0.00592004
4.36167 0.00585491
4.37236 0.00579052
4.38306 0.00572685
4.39376 0.0056639
4.40445 0.00560167
4.41515 0.00554014
4.42585 0.0054793
4.43654 0.00541915
4.44724 0.00535967
4.45794 0.00530087
4.46863 0.00524273
4.47933 0.00518525
4.49003 0.00512841
4.50072 0.00507222
4.51142 0.00501665
4.52212 0.00496171
4.53281 0.00490739
4.54351 0.00485368
4.55421 0.00480057
4.5649 0.00474806
4.5756 0.00469614
4.5863 0.00464481
4.59699 0.00459405
4.60769 0.00454385
4.61839 0.00449422
4.62908 0.00444515
4.63978 0.00439663
4.65048 0.00434865
4.66117 0.00430121
4.67187 0.0042543
4.68257 0.00420791
4.69326 0.00416204
4.70396 0.00411669
4.71466 0.00407184
4.72535 0.0040275
4.73605 0.00398364
4.74675 0.00394028
4.75744 0.00389741
4.76814 0.00385501
4.77884 0.00381308
4.78953 0.00377162
4.80023 0.00373063
4.81093 0.00369009
4.82162 0.00365
4.83232 0.00361036
4.84302 0.00357116
4.85371 0.00353239
4.86441 0.00349406
4.87511 0.00345615
4.8858 0.00341866
4.8965 0.0033816
4.9072 0.00334494
4.91789 0.00330869
4.92859 0.00327284
4.93929 0.00323739
4.94998 0.00320233
4.96068 0.00316767
4.97138 0.00313338
4.98207 0.00309948
4.99277 0.00306595
5.00347 0.00303279
5.01416 0.003
5.02486 0.00296758
5.03556 0.00293551
5.04625 0.00290379
5.05695 0.00287243
5.06765 0.00284142
5.07834 0.00281074
5.08904 0.00278041
5.09974 0.00275041
5.11043 0.00272074
5.12113 0.0026914
5.13183 0.00266238
5.14252 0.00263368
5.15322 0.0026053
5.16392 0.00257724
5.17461 0.00254948
5.18531 0.00252202
5.19601 0.00249487
5.2067 0.00246802
5.2174 0.00244147
5.2281 0.0024152
5.23879 0.00238923
5.24949 0.00236354
5.26019 0.00233813
5.27088 0.002313
5.28158 0.00228815
5.29228 0.00226357
5.30297 0.00223926
5.31367 0.00221522
5.32437 0.00219144
5.33506 0.00216792
5.34576 0.00214466
5.35646 0.00212166
5.36715 0.00209891
5.37785 0.0020764
5.38855 0.00205414
5.39924 0.00203213
5.40994 0.00201036
5.42064 0.00198882
5.43133 0.00196753
5.44203 0.00194646
5.45273 0.00192563
5.46342 0.00190502
5.47412 0.00188464
5.48482 0.00186448
5.49551 0.00184454
5.50621 0.00182481
5.51691 0.00180531
5.5276 0.00178601
5.5383 0.00176693
5.549 0.00174806
5.55969 0.00172939
5.57039 0.00171092
5.58109 0.00169266
5.59178 0.00167459
5.60248 0.00165672
5.61318 0.00163905
5.62387 0.00162156
5.63457 0.00160427
5.64527 0.00158717
5.65596 0.00157025
5.66666 0.00155352
5.67736 0.00153697
5.68805 0.00152059
5.69875 0.0015044
5.70945 0.00148838
5.72014 0.00147254
5.73084 0.00145687
5.74154 0.00144136
5.75223 0.00142603
5.76293 0.00141086
5.77363 0.00139586
5.78432 0.00138102
5.79502 0.00136634
5.80572 0.00135182
5.81641 0.00133746
5.82711 0.00132325
5.83781 0.0013092
5.8485 0.00129529
5.8592 0.00128154
5.8699 0.00126794
5.88059 0.00125448
5.89129 0.00124117
5.90199 0.00122801
5.91268 0.00121499
5.92338 0.0012021
5.93408 0.00118936
5.94477 0.00117675
5.95547 0.00116428
5.96617 0.00115195
5.97686 0.00113974
5.98756 0.00112767
5.99826 0.00111573
6.00895 0.00110392
6.01965 0.00109224
6.03035 0.00108068
6.04104 0.00106925
6.05174 0.00105794
6.06244 0.00104675
6.07313 0.00103568
6.08383 0.00102473
6.09453 0.0010139
6.10522 0.00100318
6.11592 0.000992584
6.12662 0.000982099
6.13731 0.000971726
6.14801 0.000961465
6.15871 0.000951314
6.1694 0.000941272
6.1801 0.000931338
6.1908 0.000921511
6.20149 0.000911789
6.21219 0.000902172
6.22289 0.000892658
6.23358 0.000883246
6.24428 0.000873935
6.25498 0.000864723
6.26567 0.000855611
6.27637 0.000846596
6.28707 0.000837678
6.29776 0.000828856
6.30846 0.000820128
6.31916 0.000811493
6.32985 0.000802951
6.34055 0.0007945
6.35125 0.00078614
6.36194 0.000777869
6.37264 0.000769687
6.38334 0.000761593
6.39403 0.000753584
6.40473 0.000745662
6.41543 0.000737824
6.42612 0.00073007
6.43682 0.000722399
6.44752 0.00071481
6.45821 0.000707301
6.46891 0.000699873
6.47961 0.000692525
6.4903 0.000685254
6.501 0.000678062
6.5117 0.000670946
6.52239 0.000663906
6.53309 0.000656941
6.54379 0.00065005
6.55448 0.000643233
6.56518 0.000636488
6.57588 0.000629815
6.58657 0.000623214
6.59727 0.000616682
6.60797 0.00061022
6.61866 0.000603827
6.62936 0.000597502
6.64006 0.000591245
6.65075 0.000585054
6.66145 0.000578928
6.67215 0.000572868
6.68284 0.000566873
6.69354 0.000560941
6.70424 0.000555072
6.71493 0.000549265
6.72563 0.000543521
6.73633 0.000537837
6.74702 0.000532213
6.75772 0.00052665
6.76842 0.000521145
6.77911 0.000515699
6.78981 0.00051031
6.80051 0.000504979
6.8112 0.000499704
6.8219 0.000494486
6.8326 0.000489322
6.84329 0.000484213
6.85399 0.000479159
6.86469 0.000474158
6.87538 0.00046921
6.88608 0.000464314
6.89678 0.00045947
6.90747 0.000454678
6.91817 0.000449936
6.92887 0.000445245
6.93956 0.000440603
6.95026 0.00043601
