-21.5844 0.000123661
-21.558 0.000124984
-21.5315 0.00012632
-21.5051 0.000127671
-21.4786 0.000129037
-21.4522 0.000130417
-21.4257 0.000131811
-21.3993 0.000133221
-21.3728 0.000134645
-21.3464 0.000136085
-21.3199 0.000137539
-21.2935 0.00013901
-21.2671 0.000140495
-21.2406 0.000141997
-21.2142 0.000143515
-21.1877 0.000145048
-21.1613 0.000146598
-21.1348 0.000148165
-21.1084 0.000149748
-21.0819 0.000151348
-21.0555 0.000152965
-21.029 0.000154599
-21.0026 0.00015625
-20.9761 0.000157919
-20.9497 0.000159606
-20.9233 0.000161311
-20.8968 0.000163033
-20.8704 0.000164774
-20.8439 0.000166534
-20.8175 0.000168312
-20.791 0.000170109
-20.7646 0.000171925
-20.7381 0.00017376
-20.7117 0.000175615
-20.6852 0.000177489
-20.6588 0.000179383
-20.6324 0.000181297
-20.6059 0.000183232
-20.5795 0.000185187
-20.553 0.000187163
-20.5266 0.00018916
-20.5001 0.000191178
-20.4737 0.000193217
-20.4472 0.000195278
-20.4208 0.000197361
-20.3943 0.000199466
-20.3679 0.000201593
-20.3414 0.000203743
-20.315 0.000205915
-20.2886 0.000208111
-20.2621 0.000210329
-20.2357 0.000212571
-20.2092 0.000214837
-20.1828 0.000217127
-20.1563 0.000219441
-20.1299 0.00022178
-20.1034 0.000224144
-20.077 0.000226532
-20.0505 0.000228946
-20.0241 0.000231385
-19.9976 0.00023385
-19.9712 0.000236341
-19.9448 0.000238858
-19.9183 0.000241402
-19.8919 0.000243973
-19.8654 0.000246572
-19.839 0.000249197
-19.8125 0.000251851
-19.7861 0.000254532
-19.7596 0.000257242
-19.7332 0.00025998
-19.7067 0.000262748
-19.6803 0.000265544
-19.6539 0.00026837
-19.6274 0.000271226
-19.601 0.000274113
-19.5745 0.000277029
-19.5481 0.000279977
-19.5216 0.000282955
-19.4952 0.000285965
-19.4687 0.000289007
-19.4423 0.000292081
-19.4158 0.000295187
-19.3894 0.000298327
-19.3629 0.000301499
-19.3365 0.000304705
-19.3101 0.000307944
-19.2836 0.000311218
-19.2572 0.000314526
-19.2307 0.00031787
-19.2043 0.000321248
-19.1778 0.000324662
-19.1514 0.000328112
-19.1249 0.000331599
-19.0985 0.000335122
-19.072 0.000338683
-19.0456 0.00034228
-19.0192 0.000345916
-18.9927 0.00034959
-18.9663 0.000353303
-18.9398 0.000357055
-18.9134 0.000360847
-18.8869 0.000364678
-18.8605 0.00036855
-18.834 0.000372463
-18.8076 0.000376417
-18.7811 0.000380412
-18.7547 0.000384449
-18.7282 0.000388529
-18.7018 0.000392652
-18.6754 0.000396819
-18.6489 0.000401029
-18.6225 0.000405283
-18.596 0.000409583
-18.5696 0.000413927
-18.5431 0.000418317
-18.5167 0.000422754
-18.4902 0.000427237
-18.4638 0.000431767
-18.4373 0.000436344
-18.4109 0.00044097
-18.3844 0.000445645
-18.358 0.000450368
-18.3316 0.000455142
-18.3051 0.000459965
-18.2787 0.000464839
-18.2522 0.000469765
-18.2258 0.000474742
-18.1993 0.000479771
-18.1729 0.000484853
-18.1464 0.000489989
-18.12 0.000495178
-18.0935 0.000500422
-18.0671 0.000505721
-18.0407 0.000511075
-18.0142 0.000516486
-17.9878 0.000521954
-17.9613 0.000527478
-17.9349 0.000533061
-17.9084 0.000538703
-17.882 0.000544403
-17.8555 0.000550164
-17.8291 0.000555984
-17.8026 0.000561866
-17.7762 0.000567809
-17.7497 0.000573815
-17.7233 0.000579884
-17.6969 0.000586016
-17.6704 0.000592212
-17.644 0.000598474
-17.6175 0.000604801
-17.5911 0.000611194
-17.5646 0.000617654
-17.5382 0.000624182
-17.5117 0.000630778
-17.4853 0.000637443
-17.4588 0.000644178
-17.4324 0.000650983
-17.406 0.00065786
-17.3795 0.000664808
-17.3531 0.00067183
-17.3266 0.000678924
-17.3002 0.000686093
-17.2737 0.000693337
-17.2473 0.000700656
-17.2208 0.000708053
-17.1944 0.000715526
-17.1679 0.000723077
-17.1415 0.000730708
-17.115 0.000738418
-17.0886 0.000746208
-17.0622 0.00075408
-17.0357 0.000762034
-17.0093 0.000770072
-16.9828 0.000778193
-16.9564 0.000786399
-16.9299 0.00079469
-16.9035 0.000803068
-16.877 0.000811534
-16.8506 0.000820088
-16.8241 0.000828731
-16.7977 0.000837464
-16.7712 0.000846288
-16.7448 0.000855205
-16.7184 0.000864214
-16.6919 0.000873317
-16.6655 0.000882515
-16.639 0.000891809
-16.6126 0.000901199
-16.5861 0.000910688
-16.5597 0.000920275
-16.5332 0.000929962
-16.5068 0.00093975
-16.4803 0.00094964
-16.4539 0.000959633
-16.4275 0.00096973
-16.401 0.000979932
-16.3746 0.00099024
-16.3481 0.00100066
-16.3217 0.00101118
-16.2952 0.00102181
-16.2688 0.00103256
-16.2423 0.00104341
-16.2159 0.00105438
-16.1894 0.00106546
-16.163 0.00107666
-16.1365 0.00108797
-16.1101 0.0010994
-16.0837 0.00111095
-16.0572 0.00112262
-16.0308 0.00113442
-16.0043 0.00114633
-15.9779 0.00115837
-15.9514 0.00117053
-15.925 0.00118282
-15.8985 0.00119523
-15.8721 0.00120778
-15.8456 0.00122045
-15.8192 0.00123326
-15.7928 0.0012462
-15.7663 0.00125927
-15.7399 0.00127248
-15.7134 0.00128582
-15.687 0.00129931
-15.6605 0.00131293
-15.6341 0.00132669
-15.6076 0.0013406
-15.5812 0.00135465
-15.5547 0.00136885
-15.5283 0.00138319
-15.5018 0.00139768
-15.4754 0.00141232
-15.449 0.00142712
-15.4225 0.00144206
-15.3961 0.00145716
-15.3696 0.00147242
-15.3432 0.00148783
-15.3167 0.00150341
-15.2903 0.00151914
-15.2638 0.00153504
-15.2374 0.0015511
-15.2109 0.00156733
-15.1845 0.00158372
-15.158 0.00160029
-15.1316 0.00161702
-15.1052 0.00163393
-15.0787 0.00165101
-15.0523 0.00166827
-15.0258 0.00168571
-14.9994 0.00170332
-14.9729 0.00172112
-14.9465 0.0017391
-14.92 0.00175727
-14.8936 0.00177562
-14.8671 0.00179416
-14.8407 0.0018129
-14.8143 0.00183182
-14.7878 0.00185095
-14.7614 0.00187026
-14.7349 0.00188978
-14.7085 0.0019095
-14.682 0.00192942
-14.6556 0.00194955
-14.6291 0.00196988
-14.6027 0.00199042
-14.5762 0.00201117
-14.5498 0.00203214
-14.5233 0.00205332
-14.4969 0.00207472
-14.4705 0.00209634
-14.444 0.00211818
-14.4176 0.00214024
-14.3911 0.00216253
-14.3647 0.00218505
-14.3382 0.0022078
-14.3118 0.00223079
-14.2853 0.00225401
-14.2589 0.00227747
-14.2324 0.00230116
-14.206 0.00232511
-14.1796 0.00234929
-14.1531 0.00237373
-14.1267 0.00239841
-14.1002 0.00242335
-14.0738 0.00244854
-14.0473 0.00247399
-14.0209 0.0024997
-13.9944 0.00252568
-13.968 0.00255192
-13.9415 0.00257842
-13.9151 0.0026052
-13.8886 0.00263225
-13.8622 0.00265958
-13.8358 0.00268719
-13.8093 0.00271508
-13.7829 0.00274326
-13.7564 0.00277172
-13.73 0.00280047
-13.7035 0.00282952
-13.6771 0.00285886
-13.6506 0.0028885
-13.6242 0.00291844
-13.5977 0.00294869
-13.5713 0.00297925
-13.5448 0.00301012
-13.5184 0.0030413
-13.492 0.0030728
-13.4655 0.00310462
-13.4391 0.00313676
-13.4126 0.00316924
-13.3862 0.00320204
-13.3597 0.00323517
-13.3333 0.00326865
-13.3068 0.00330246
-13.2804 0.00333661
-13.2539 0.00337112
-13.2275 0.00340597
-13.2011 0.00344118
-13.1746 0.00347674
-13.1482 0.00351267
-13.1217 0.00354896
-13.0953 0.00358562
-13.0688 0.00362264
-13.0424 0.00366005
-13.0159 0.00369783
-12.9895 0.003736
-12.963 0.00377455
-12.9366 0.0038135
-12.9101 0.00385284
-12.8837 0.00389257
-12.8573 0.00393271
-12.8308 0.00397325
-12.8044 0.00401421
-12.7779 0.00405557
-12.7515 0.00409736
-12.725 0.00413957
-12.6986 0.0041822
-12.6721 0.00422527
-12.6457 0.00426876
-12.6192 0.0043127
-12.5928 0.00435708
-12.5664 0.00440191
-12.5399 0.00444719
-12.5135 0.00449293
-12.487 0.00453913
-12.4606 0.00458579
-12.4341 0.00463292
-12.4077 0.00468053
-12.3812 0.00472861
-12.3548 0.00477718
-12.3283 0.00482624
-12.3019 0.00487579
-12.2754 0.00492584
-12.249 0.00497639
-12.2226 0.00502745
-12.1961 0.00507902
-12.1697 0.00513111
-12.1432 0.00518372
-12.1168 0.00523686
-12.0903 0.00529053
-12.0639 0.00534474
-12.0374 0.0053995
-12.011 0.0054548
-11.9845 0.00551065
-11.9581 0.00556706
-11.9316 0.00562404
-11.9052 0.00568159
-11.8788 0.00573971
-11.8523 0.00579842
-11.8259 0.00585771
-11.7994 0.00591759
-11.773 0.00597807
-11.7465 0.00603916
-11.7201 0.00610085
-11.6936 0.00616316
-11.6672 0.00622609
-11.6407 0.00628964
-11.6143 0.00635383
-11.5879 0.00641866
-11.5614 0.00648414
-11.535 0.00655026
-11.5085 0.00661704
-11.4821 0.00668449
-11.4556 0.00675261
-11.4292 0.0068214
-11.4027 0.00689088
-11.3763 0.00696104
-11.3498 0.00703191
-11.3234 0.00710347
-11.2969 0.00717575
-11.2705 0.00724874
-11.2441 0.00732245
-11.2176 0.0073969
-11.1912 0.00747208
-11.1647 0.007548
-11.1383 0.00762468
-11.1118 0.00770211
-11.0854 0.00778031
-11.0589 0.00785928
-11.0325 0.00793903
-11.006 0.00801957
-10.9796 0.0081009
-10.9532 0.00818303
-10.9267 0.00826598
-10.9003 0.00834974
-10.8738 0.00843432
-10.8474 0.00851974
-10.8209 0.00860599
-10.7945 0.0086931
-10.768 0.00878106
-10.7416 0.00886989
-10.7151 0.00895958
-10.6887 0.00905016
-10.6622 0.00914163
-10.6358 0.00923399
-10.6094 0.00932726
-10.5829 0.00942144
-10.5565 0.00951655
-10.53 0.00961258
-10.5036 0.00970956
-10.4771 0.00980748
-10.4507 0.00990636
-10.4242 0.0100062
-10.3978 0.010107
-10.3713 0.0102088
-10.3449 0.0103116
-10.3184 0.0104154
-10.292 0.0105202
-10.2656 0.0106261
-10.2391 0.0107329
-10.2127 0.0108408
-10.1862 0.0109498
-10.1598 0.0110598
-10.1333 0.0111708
-10.1069 0.011283
-10.0804 0.0113962
-10.054 0.0115106
-10.0275 0.011626
-10.0011 0.0117426
-9.97465 0.0118603
-9.94821 0.0119791
-9.92176 0.0120991
-9.89532 0.0122202
-9.86887 0.0123425
-9.84242 0.012466
-9.81598 0.0125907
-9.78953 0.0127165
-9.76309 0.0128436
-9.73664 0.0129719
-9.71019 0.0131015
-9.68375 0.0132323
-9.6573 0.0133643
-9.63086 0.0134976
-9.60441 0.0136322
-9.57796 0.0137681
-9.55152 0.0139053
-9.52507 0.0140438
-9.49863 0.0141836
-9.47218 0.0143248
-9.44574 0.0144673
-9.41929 0.0146112
-9.39284 0.0147564
-9.3664 0.0149031
-9.33995 0.0150511
-9.31351 0.0152005
-9.28706 0.0153514
-9.26061 0.0155037
-9.23417 0.0156574
-9.20772 0.0158126
-9.18128 0.0159693
-9.15483 0.0161275
-9.12838 0.0162872
-9.10194 0.0164483
-9.07549 0.016611
-9.04905 0.0167753
-9.0226 0.0169411
-8.99615 0.0171084
-8.96971 0.0172774
-8.94326 0.0174479
-8.91682 0.01762
-8.89037 0.0177938
-8.86393 0.0179692
-8.83748 0.0181462
-8.81103 0.0183249
-8.78459 0.0185053
-8.75814 0.0186873
-8.7317 0.0188711
-8.70525 0.0190566
-8.6788 0.0192438
-8.65236 0.0194328
-8.62591 0.0196235
-8.59947 0.019816
-8.57302 0.0200103
-8.54657 0.0202064
-8.52013 0.0204044
-8.49368 0.0206042
-8.46724 0.0208058
-8.44079 0.0210093
-8.41434 0.0212147
-8.3879 0.021422
-8.36145 0.0216312
-8.33501 0.0218423
-8.30856 0.0220554
-8.28212 0.0222705
-8.25567 0.0224875
-8.22922 0.0227065
-8.20278 0.0229276
-8.17633 0.0231507
-8.14989 0.0233758
-8.12344 0.023603
-8.09699 0.0238322
-8.07055 0.0240636
-8.0441 0.0242971
-8.01766 0.0245327
-7.99121 0.0247704
-7.96476 0.0250103
-7.93832 0.0252524
-7.91187 0.0254967
-7.88543 0.0257433
-7.85898 0.025992
-7.83254 0.026243
-7.80609 0.0264963
-7.77964 0.0267518
-7.7532 0.0270097
-7.72675 0.0272699
-7.70031 0.0275324
-7.67386 0.0277973
-7.64741 0.0280646
-7.62097 0.0283343
-7.59452 0.0286063
-7.56808 0.0288809
-7.54163 0.0291578
-7.51518 0.0294373
-7.48874 0.0297192
-7.46229 0.0300036
-7.43585 0.0302906
-7.4094 0.0305801
-7.38295 0.0308721
-7.35651 0.0311668
-7.33006 0.031464
-7.30362 0.0317639
-7.27717 0.0320664
-7.25073 0.0323716
-7.22428 0.0326795
-7.19783 0.03299
-7.17139 0.0333033
-7.14494 0.0336193
-7.1185 0.0339381
-7.09205 0.0342597
-7.0656 0.034584
-7.03916 0.0349112
-7.01271 0.0352412
-6.98627 0.035574
-6.95982 0.0359098
-6.93337 0.0362484
-6.90693 0.0365899
-6.88048 0.0369344
-6.85404 0.0372819
-6.82759 0.0376323
-6.80115 0.0379857
-6.7747 0.0383421
-6.74825 0.0387016
-6.72181 0.0390641
-6.69536 0.0394297
-6.66892 0.0397984
-6.64247 0.0401702
-6.61602 0.0405452
-6.58958 0.0409233
-6.56313 0.0413046
-6.53669 0.0416891
-6.51024 0.0420768
-6.48379 0.0424677
-6.45735 0.0428619
-6.4309 0.0432594
-6.40446 0.0436601
-6.37801 0.0440642
-6.35156 0.0444717
-6.32512 0.0448824
-6.29867 0.0452966
-6.27223 0.0457141
-6.24578 0.0461351
-6.21934 0.0465595
-6.19289 0.0469874
-6.16644 0.0474187
-6.14 0.0478535
-6.11355 0.0482919
-6.08711 0.0487337
-6.06066 0.0491791
-6.03421 0.0496281
-6.00777 0.0500807
-5.98132 0.0505369
-5.95488 0.0509967
-5.92843 0.0514601
-5.90198 0.0519272
-5.87554 0.052398
-5.84909 0.0528725
-5.82265 0.0533507
-5.7962 0.0538326
-5.76975 0.0543183
-5.74331 0.0548077
-5.71686 0.055301
-5.69042 0.055798
-5.66397 0.0562988
-5.63753 0.0568035
-5.61108 0.057312
-5.58463 0.0578244
-5.55819 0.0583406
-5.53174 0.0588608
-5.5053 0.0593848
-5.47885 0.0599128
-5.4524 0.0604447
-5.42596 0.0609805
-5.39951 0.0615204
-5.37307 0.0620641
-5.34662 0.0626119
-5.32017 0.0631637
-5.29373 0.0637195
-5.26728 0.0642792
-5.24084 0.0648431
-5.21439 0.0654109
-5.18795 0.0659829
-5.1615 0.0665588
-5.13505 0.0671389
-5.10861 0.067723
-5.08216 0.0683112
-5.05572 0.0689035
-5.02927 0.0694999
-5.00282 0.0701004
-4.97638 0.070705
-4.94993 0.0713138
-4.92349 0.0719266
-4.89704 0.0725436
-4.87059 0.0731646
-4.84415 0.0737898
-4.8177 0.0744192
-4.79126 0.0750526
-4.76481 0.0756902
-4.73836 0.0763319
-4.71192 0.0769777
-4.68547 0.0776277
-4.65903 0.0782817
-4.63258 0.0789399
-4.60614 0.0796022
-4.57969 0.0802685
-4.55324 0.080939
-4.5268 0.0816135
-4.50035 0.0822921
-4.47391 0.0829747
-4.44746 0.0836614
-4.42101 0.0843521
-4.39457 0.0850468
-4.36812 0.0857455
-4.34168 0.0864482
-4.31523 0.0871549
-4.28878 0.0878655
-4.26234 0.08858
-4.23589 0.0892984
-4.20945 0.0900207
-4.183 0.0907469
-4.15655 0.0914768
-4.13011 0.0922105
-4.10366 0.092948
-4.07722 0.0936892
-4.05077 0.0944341
-4.02433 0.0951827
-3.99788 0.0959348
-3.97143 0.0966905
-3.94499 0.0974498
-3.91854 0.0982125
-3.8921 0.0989787
-3.86565 0.0997483
-3.8392 0.100521
-3.81276 0.101297
-3.78631 0.102077
-3.75987 0.102859
-3.73342 0.103645
-3.70697 0.104434
-3.68053 0.105226
-3.65408 0.10602
-3.62764 0.106818
-3.60119 0.107618
-3.57475 0.108421
-3.5483 0.109227
-3.52185 0.110035
-3.49541 0.110845
-3.46896 0.111658
-3.44252 0.112473
-3.41607 0.113291
-3.38962 0.11411
-3.36318 0.114932
-3.33673 0.115755
-3.31029 0.11658
-3.28384 0.117406
-3.25739 0.118235
-3.23095 0.119064
-3.2045 0.119895
-3.17806 0.120727
-3.15161 0.12156
-3.12516 0.122394
-3.09872 0.123228
-3.07227 0.124064
-3.04583 0.124899
-3.01938 0.125735
-2.99294 0.126571
-2.96649 0.127407
-2.94004 0.128242
-2.9136 0.129078
-2.88715 0.129912
-2.86071 0.130746
-2.83426 0.131579
-2.80781 0.132411
-2.78137 0.133241
-2.75492 0.134069
-2.72848 0.134896
-2.70203 0.135721
-2.67558 0.136543
-2.64914 0.137363
-2.62269 0.13818
-2.59625 0.138994
-2.5698 0.139805
-2.54336 0.140612
-2.51691 0.141415
-2.49046 0.142215
-2.46402 0.143009
-2.43757 0.143799
-2.41113 0.144584
-2.38468 0.145364
-2.35823 0.146137
-2.33179 0.146905
-2.30534 0.147667
-2.2789 0.148421
-2.25245 0.149169
-2.226 0.149909
-2.19956 0.150641
-2.17311 0.151365
-2.14667 0.15208
-2.12022 0.152786
-2.09377 0.153483
-2.06733 0.15417
-2.04088 0.154846
-2.01444 0.155512
-1.98799 0.156166
-1.96155 0.156808
-1.9351 0.157438
-1.90865 0.158056
-1.88221 0.158659
-1.85576 0.15925
-1.82932 0.159825
-1.80287 0.160386
-1.77642 0.160931
-1.74998 0.161461
-1.72353 0.161973
-1.69709 0.162469
-1.67064 0.162946
-1.64419 0.163405
-1.61775 0.163845
-1.5913 0.164266
-1.56486 0.164666
-1.53841 0.165044
-1.51196 0.165402
-1.48552 0.165736
-1.45907 0.166048
-1.43263 0.166336
-1.40618 0.166599
-1.37974 0.166837
-1.35329 0.167049
-1.32684 0.167234
-1.3004 0.167392
-1.27395 0.167522
-1.24751 0.167623
-1.22106 0.167694
-1.19461 0.167735
-1.16817 0.167745
-1.14172 0.167722
-1.11528 0.167667
-1.08883 0.167579
-1.06238 0.167456
-1.03594 0.167299
-1.00949 0.167106
-0.983047 0.166877
-0.956601 0.16661
-0.930155 0.166306
-0.903709 0.165964
-0.877263 0.165583
-0.850817 0.165162
-0.824372 0.164701
-0.797926 0.1642
-0.77148 0.163657
-0.745034 0.163073
-0.718588 0.162446
-0.692142 0.161777
-0.665696 0.161065
-0.63925 0.16031
-0.612804 0.159512
-0.586358 0.15867
-0.559913 0.157784
-0.533467 0.156855
-0.507021 0.155882
-0.480575 0.154866
-0.454129 0.153806
-0.427683 0.152702
-0.401237 0.151556
-0.374791 0.150368
-0.348345 0.149137
-0.321899 0.147865
-0.295454 0.146553
-0.269008 0.1452
-0.242562 0.143808
-0.216116 0.142378
-0.18967 0.140911
-0.163224 0.139408
-0.136778 0.137869
-0.110332 0.136297
-0.0838863 0.134692
-0.0574404 0.133057
-0.0309945 0.131392
-0.00454861 0.129699
0.0218973 0.127979
0.0483432 0.126235
0.0747891 0.124467
0.101235 0.122679
0.127681 0.120871
0.154127 0.119045
0.180573 0.117203
0.207019 0.115347
0.233464 0.113479
0.25991 0.111601
0.286356 0.109714
0.312802 0.107821
0.339248 0.105923
0.365694 0.104022
0.39214 0.10212
0.418586 0.100218
0.445032 0.0983191
0.471478 0.0964239
0.497924 0.0945342
0.524369 0.0926518
0.550815 0.090778
0.577261 0.0889144
0.603707 0.0870623
0.630153 0.0852231
0.656599 0.0833982
0.683045 0.0815886
0.709491 0.0797955
0.735937 0.07802
0.762383 0.0762632
0.788828 0.0745259
0.815274 0.072809
0.84172 0.0711134
0.868166 0.0694397
0.894612 0.0677888
0.921058 0.0661611
0.947504 0.0645573
0.97395 0.0629778
1.0004 0.0614231
1.02684 0.0598935
1.05329 0.0583895
1.07973 0.0569112
1.10618 0.055459
1.13263 0.0540329
1.15907 0.0526332
1.18552 0.0512599
1.21196 0.0499131
1.23841 0.0485928
1.26485 0.0472989
1.2913 0.0460315
1.31775 0.0447904
1.34419 0.0435755
1.37064 0.0423866
1.39708 0.0412237
1.42353 0.0400865
1.44998 0.0389747
1.47642 0.0378881
1.50287 0.0368266
1.52931 0.0357897
1.55576 0.0347772
1.58221 0.0337889
1.60865 0.0328243
1.6351 0.0318831
1.66154 0.0309651
1.68799 0.0300698
1.71443 0.0291969
1.74088 0.028346
1.76733 0.0275167
1.79377 0.0267088
1.82022 0.0259217
1.84666 0.0251551
1.87311 0.0244087
1.89956 0.023682
1.926 0.0229746
1.95245 0.0222862
1.97889 0.0216163
2.00534 0.0209646
2.03179 0.0203307
2.05823 0.0197142
2.08468 0.0191147
2.11112 0.0185319
2.13757 0.0179653
2.16402 0.0174146
2.19046 0.0168795
2.21691 0.0163594
2.24335 0.0158542
2.2698 0.0153635
2.29624 0.0148868
2.32269 0.0144239
2.34914 0.0139743
2.37558 0.0135379
2.40203 0.0131141
2.42847 0.0127028
2.45492 0.0123036
2.48137 0.0119162
2.50781 0.0115402
2.53426 0.0111754
2.5607 0.0108215
2.58715 0.0104781
2.6136 0.0101451
2.64004 0.00982209
2.66649 0.00950882
2.69293 0.00920505
2.71938 0.00891049
2.74583 0.0086249
2.77227 0.00834803
2.79872 0.00807963
2.82516 0.00781947
2.85161 0.00756732
2.87805 0.00732293
2.9045 0.00708611
2.93095 0.00685662
2.95739 0.00663426
2.98384 0.00641882
3.01028 0.0062101
3.03673 0.0060079
3.06318 0.00581204
3.08962 0.00562233
3.11607 0.00543858
3.14251 0.00526063
3.16896 0.00508829
3.19541 0.00492141
3.22185 0.00475981
3.2483 0.00460334
3.27474 0.00445186
3.30119 0.00430519
3.32763 0.00416321
3.35408 0.00402577
3.38053 0.00389272
3.40697 0.00376395
3.43342 0.00363931
3.45986 0.00351867
3.48631 0.00340193
3.51276 0.00328895
3.5392 0.00317962
3.56565 0.00307383
3.59209 0.00297147
3.61854 0.00287242
3.64499 0.0027766
3.67143 0.00268389
3.69788 0.0025942
3.72432 0.00250744
3.75077 0.0024235
3.77722 0.00234232
3.80366 0.00226379
3.83011 0.00218783
3.85655 0.00211437
3.883 0.00204331
3.90944 0.0019746
3.93589 0.00190815
3.96234 0.00184388
3.98878 0.00178174
4.01523 0.00172164
4.04167 0.00166354
4.06812 0.00160735
4.09457 0.00155303
4.12101 0.00150051
4.14746 0.00144973
4.1739 0.00140064
4.20035 0.00135318
4.2268 0.0013073
4.25324 0.00126294
4.27969 0.00122007
4.30613 0.00117863
4.33258 0.00113857
4.35902 0.00109984
4.38547 0.00106242
4.41192 0.00102625
4.43836 0.000991284
4.46481 0.000957494
4.49125 0.000924839
4.5177 0.00089328
4.54415 0.000862781
4.57059 0.000833308
4.59704 0.000804828
4.62348 0.000777306
4.64993 0.000750712
4.67638 0.000725015
4.70282 0.000700185
4.72927 0.000676193
4.75571 0.000653013
4.78216 0.000630616
4.80861 0.000608977
4.83505 0.000588071
