-3.29533 0.000581902
-3.28912 0.000590595
-3.28291 0.000599419
-3.2767 0.000608375
-3.27049 0.000617466
-3.26428 0.000626694
-3.25807 0.000636059
-3.25186 0.000645566
-3.24565 0.000655215
-3.23944 0.00066501
-3.23323 0.000674951
-3.22703 0.000685042
-3.22082 0.000695284
-3.21461 0.00070568
-3.2084 0.000716233
-3.20219 0.000726944
-3.19598 0.000737816
-3.18977 0.000748851
-3.18356 0.000760052
-3.17735 0.000771422
-3.17114 0.000782962
-3.16493 0.000794676
-3.15872 0.000806566
-3.15252 0.000818635
-3.14631 0.000830886
-3.1401 0.00084332
-3.13389 0.000855942
-3.12768 0.000868753
-3.12147 0.000881757
-3.11526 0.000894957
-3.10905 0.000908355
-3.10284 0.000921955
-3.09663 0.000935759
-3.09042 0.000949771
-3.08421 0.000963994
-3.078 0.000978431
-3.0718 0.000993085
-3.06559 0.00100796
-3.05938 0.00102306
-3.05317 0.00103838
-3.04696 0.00105394
-3.04075 0.00106973
-3.03454 0.00108576
-3.02833 0.00110203
-3.02212 0.00111854
-3.01591 0.00113531
-3.0097 0.00115232
-3.00349 0.0011696
-2.99729 0.00118713
-2.99108 0.00120492
-2.98487 0.00122299
-2.97866 0.00124132
-2.97245 0.00125994
-2.96624 0.00127883
-2.96003 0.00129801
-2.95382 0.00131747
-2.94761 0.00133723
-2.9414 0.00135729
-2.93519 0.00137765
-2.92898 0.00139832
-2.92277 0.0014193
-2.91657 0.00144059
-2.91036 0.00146221
-2.90415 0.00148415
-2.89794 0.00150642
-2.89173 0.00152903
-2.88552 0.00155197
-2.87931 0.00157527
-2.8731 0.00159891
-2.86689 0.00162292
-2.86068 0.00164728
-2.85447 0.00167201
-2.84826 0.00169712
-2.84206 0.0017226
-2.83585 0.00174847
-2.82964 0.00177473
-2.82343 0.00180138
-2.81722 0.00182844
-2.81101 0.0018559
-2.8048 0.00188378
-2.79859 0.00191208
-2.79238 0.0019408
-2.78617 0.00196996
-2.77996 0.00199956
-2.77375 0.00202961
-2.76754 0.00206011
-2.76134 0.00209107
-2.75513 0.0021225
-2.74892 0.0021544
-2.74271 0.00218678
-2.7365 0.00221966
-2.73029 0.00225302
-2.72408 0.0022869
-2.71787 0.00232128
-2.71166 0.00235618
-2.70545 0.00239161
-2.69924 0.00242758
-2.69303 0.00246408
-2.68682 0.00250114
-2.68062 0.00253876
-2.67441 0.00257695
-2.6682 0.00261571
-2.66199 0.00265506
-2.65578 0.002695
-2.64957 0.00273555
-2.64336 0.00277671
-2.63715 0.00281849
-2.63094 0.0028609
-2.62473 0.00290395
-2.61852 0.00294766
-2.61231 0.00299202
-2.60611 0.00303705
-2.5999 0.00308277
-2.59369 0.00312917
-2.58748 0.00317628
-2.58127 0.00322409
-2.57506 0.00327263
-2.56885 0.00332191
-2.56264 0.00337192
-2.55643 0.0034227
-2.55022 0.00347424
-2.54401 0.00352656
-2.5378 0.00357967
-2.53159 0.00363358
-2.52539 0.00368831
-2.51918 0.00374386
-2.51297 0.00380025
-2.50676 0.0038575
-2.50055 0.00391561
-2.49434 0.0039746
-2.48813 0.00403448
-2.48192 0.00409527
-2.47571 0.00415698
-2.4695 0.00421961
-2.46329 0.0042832
-2.45708 0.00434774
-2.45088 0.00441326
-2.44467 0.00447978
-2.43846 0.00454729
-2.43225 0.00461583
-2.42604 0.0046854
-2.41983 0.00475603
-2.41362 0.00482772
-2.40741 0.00490049
-2.4012 0.00497437
-2.39499 0.00504936
-2.38878 0.00512549
-2.38257 0.00520276
-2.37636 0.00528121
-2.37016 0.00536084
-2.36395 0.00544167
-2.35774 0.00552373
-2.35153 0.00560702
-2.34532 0.00569158
-2.33911 0.00577741
-2.3329 0.00586454
-2.32669 0.00595298
-2.32048 0.00604276
-2.31427 0.0061339
-2.30806 0.00622642
-2.30185 0.00632033
-2.29565 0.00641567
-2.28944 0.00651244
-2.28323 0.00661067
-2.27702 0.00671039
-2.27081 0.00681162
-2.2646 0.00691437
-2.25839 0.00701868
-2.25218 0.00712457
-2.24597 0.00723205
-2.23976 0.00734115
-2.23355 0.00745191
-2.22734 0.00756433
-2.22113 0.00767846
-2.21493 0.00779431
-2.20872 0.0079119
-2.20251 0.00803128
-2.1963 0.00815245
-2.19009 0.00827545
-2.18388 0.00840032
-2.17767 0.00852706
-2.17146 0.00865572
-2.16525 0.00878632
-2.15904 0.00891889
-2.15283 0.00905346
-2.14662 0.00919007
-2.14042 0.00932873
-2.13421 0.00946949
-2.128 0.00961237
-2.12179 0.0097574
-2.11558 0.00990462
-2.10937 0.0100541
-2.10316 0.0102058
-2.09695 0.0103597
-2.09074 0.010516
-2.08453 0.0106747
-2.07832 0.0108358
-2.07211 0.0109992
-2.0659 0.0111652
-2.0597 0.0113336
-2.05349 0.0115046
-2.04728 0.0116781
-2.04107 0.0118543
-2.03486 0.0120331
-2.02865 0.0122146
-2.02244 0.0123989
-2.01623 0.0125859
-2.01002 0.0127757
-2.00381 0.0129684
-1.9976 0.013164
-1.99139 0.0133626
-1.98518 0.0135641
-1.97898 0.0137686
-1.97277 0.0139762
-1.96656 0.014187
-1.96035 0.0144009
-1.95414 0.014618
-1.94793 0.0148384
-1.94172 0.0150621
-1.93551 0.0152892
-1.9293 0.0155196
-1.92309 0.0157536
-1.91688 0.015991
-1.91067 0.016232
-1.90447 0.0164766
-1.89826 0.0167249
-1.89205 0.0169769
-1.88584 0.0172327
-1.87963 0.0174923
-1.87342 0.0177558
-1.86721 0.0180233
-1.861 0.0182947
-1.85479 0.0185702
-1.84858 0.0188499
-1.84237 0.0191337
-1.83616 0.0194218
-1.82995 0.0197142
-1.82375 0.0200109
-1.81754 0.0203121
-1.81133 0.0206178
-1.80512 0.0209281
-1.79891 0.021243
-1.7927 0.0215625
-1.78649 0.0218869
-1.78028 0.0222161
-1.77407 0.0225502
-1.76786 0.0228893
-1.76165 0.0232334
-1.75544 0.0235827
-1.74924 0.0239371
-1.74303 0.0242969
-1.73682 0.024662
-1.73061 0.0250325
-1.7244 0.0254085
-1.71819 0.0257901
-1.71198 0.0261774
-1.70577 0.0265705
-1.69956 0.0269693
-1.69335 0.0273741
-1.68714 0.0277849
-1.68093 0.0282018
-1.67472 0.0286248
-1.66852 0.0290541
-1.66231 0.0294898
-1.6561 0.0299319
-1.64989 0.0303805
-1.64368 0.0308358
-1.63747 0.0312978
-1.63126 0.0317666
-1.62505 0.0322424
-1.61884 0.0327251
-1.61263 0.033215
-1.60642 0.033712
-1.60021 0.0342164
-1.59401 0.0347282
-1.5878 0.0352476
-1.58159 0.0357745
-1.57538 0.0363092
-1.56917 0.0368518
-1.56296 0.0374022
-1.55675 0.0379608
-1.55054 0.0385275
-1.54433 0.0391026
-1.53812 0.039686
-1.53191 0.040278
-1.5257 0.0408786
-1.51949 0.0414879
-1.51329 0.0421062
-1.50708 0.0427334
-1.50087 0.0433698
-1.49466 0.0440154
-1.48845 0.0446704
-1.48224 0.0453349
-1.47603 0.0460091
-1.46982 0.046693
-1.46361 0.0473868
-1.4574 0.0480907
-1.45119 0.0488047
-1.44498 0.0495291
-1.43877 0.0502639
-1.43257 0.0510092
-1.42636 0.0517653
-1.42015 0.0525323
-1.41394 0.0533103
-1.40773 0.0540995
-1.40152 0.0548999
-1.39531 0.0557119
-1.3891 0.0565354
-1.38289 0.0573707
-1.37668 0.058218
-1.37047 0.0590773
-1.36426 0.0599488
-1.35806 0.0608327
-1.35185 0.0617292
-1.34564 0.0626384
-1.33943 0.0635604
-1.33322 0.0644955
-1.32701 0.0654438
-1.3208 0.0664055
-1.31459 0.0673808
-1.30838 0.0683697
-1.30217 0.0693725
-1.29596 0.0703894
-1.28975 0.0714206
-1.28354 0.0724661
-1.27734 0.0735263
-1.27113 0.0746012
-1.26492 0.075691
-1.25871 0.076796
-1.2525 0.0779164
-1.24629 0.0790522
-1.24008 0.0802037
-1.23387 0.0813711
-1.22766 0.0825546
-1.22145 0.0837543
-1.21524 0.0849705
-1.20903 0.0862033
-1.20283 0.087453
-1.19662 0.0887197
-1.19041 0.0900036
-1.1842 0.091305
-1.17799 0.092624
-1.17178 0.0939608
-1.16557 0.0953156
-1.15936 0.0966887
-1.15315 0.0980802
-1.14694 0.0994903
-1.14073 0.100919
-1.13452 0.102367
-1.12831 0.103834
-1.12211 0.105321
-1.1159 0.106828
-1.10969 0.108354
-1.10348 0.1099
-1.09727 0.111467
-1.09106 0.113054
-1.08485 0.114661
-1.07864 0.11629
-1.07243 0.11794
-1.06622 0.119611
-1.06001 0.121303
-1.0538 0.123017
-1.0476 0.124753
-1.04139 0.126512
-1.03518 0.128292
-1.02897 0.130096
-1.02276 0.131922
-1.01655 0.13377
-1.01034 0.135642
-1.00413 0.137538
-0.997921 0.139457
-0.991712 0.141399
-0.985503 0.143366
-0.979294 0.145357
-0.973085 0.147372
-0.966875 0.149411
-0.960666 0.151475
-0.954457 0.153564
-0.948248 0.155679
-0.942039 0.157818
-0.935829 0.159983
-0.92962 0.162173
-0.923411 0.164389
-0.917202 0.166631
-0.910993 0.168899
-0.904783 0.171194
-0.898574 0.173515
-0.892365 0.175862
-0.886156 0.178236
-0.879947 0.180637
-0.873737 0.183064
-0.867528 0.185519
-0.861319 0.188001
-0.85511 0.19051
-0.848901 0.193047
-0.842691 0.195612
-0.836482 0.198204
-0.830273 0.200823
-0.824064 0.203471
-0.817855 0.206146
-0.811645 0.208849
-0.805436 0.211581
-0.799227 0.21434
-0.793018 0.217128
-0.786809 0.219943
-0.780599 0.222787
-0.77439 0.225659
-0.768181 0.228559
-0.761972 0.231487
-0.755762 0.234444
-0.749553 0.237428
-0.743344 0.240441
-0.737135 0.243482
-0.730926 0.24655
-0.724716 0.249647
-0.718507 0.252771
-0.712298 0.255923
-0.706089 0.259102
-0.69988 0.262309
-0.69367 0.265543
-0.687461 0.268805
-0.681252 0.272093
-0.675043 0.275408
-0.668834 0.278749
-0.662624 0.282117
-0.656415 0.285511
-0.650206 0.288931
-0.643997 0.292376
-0.637788 0.295846
-0.631578 0.299342
-0.625369 0.302862
-0.61916 0.306406
-0.612951 0.309973
-0.606742 0.313565
-0.600532 0.317179
-0.594323 0.320816
-0.588114 0.324475
-0.581905 0.328156
-0.575696 0.331857
-0.569486 0.33558
-0.563277 0.339322
-0.557068 0.343084
-0.550859 0.346865
-0.54465 0.350664
-0.53844 0.354481
-0.532231 0.358314
-0.526022 0.362164
-0.519813 0.36603
-0.513604 0.36991
-0.507394 0.373804
-0.501185 0.377712
-0.494976 0.381632
-0.488767 0.385563
-0.482558 0.389505
-0.476348 0.393457
-0.470139 0.397418
-0.46393 0.401387
-0.457721 0.405363
-0.451511 0.409345
-0.445302 0.413332
-0.439093 0.417322
-0.432884 0.421316
-0.426675 0.425311
-0.420465 0.429307
-0.414256 0.433302
-0.408047 0.437296
-0.401838 0.441286
-0.395629 0.445273
-0.389419 0.449254
-0.38321 0.453228
-0.377001 0.457195
-0.370792 0.461152
-0.364583 0.465099
-0.358373 0.469033
-0.352164 0.472954
-0.345955 0.476861
-0.339746 0.480751
-0.333537 0.484624
-0.327327 0.488478
-0.321118 0.492311
-0.314909 0.496122
-0.3087 0.49991
-0.302491 0.503673
-0.296281 0.507409
-0.290072 0.511117
-0.283863 0.514796
-0.277654 0.518443
-0.271445 0.522058
-0.265235 0.525639
-0.259026 0.529183
-0.252817 0.532691
-0.246608 0.536159
-0.240399 0.539587
-0.234189 0.542973
-0.22798 0.546315
-0.221771 0.549612
-0.215562 0.552862
-0.209353 0.556064
-0.203143 0.559216
-0.196934 0.562316
-0.190725 0.565364
-0.184516 0.568357
-0.178307 0.571294
-0.172097 0.574174
-0.165888 0.576995
-0.159679 0.579755
-0.15347 0.582454
-0.14726 0.58509
-0.141051 0.587662
-0.134842 0.590167
-0.128633 0.592606
-0.122424 0.594976
-0.116214 0.597277
-0.110005 0.599507
-0.103796 0.601665
-0.0975869 0.60375
-0.0913777 0.605761
-0.0851684 0.607696
-0.0789592 0.609556
-0.07275 0.611338
-0.0665408 0.613041
-0.0603316 0.614666
-0.0541224 0.616211
-0.0479132 0.617675
-0.041704 0.619058
-0.0354948 0.620359
-0.0292856 0.621576
-0.0230764 0.622711
-0.0168672 0.623762
-0.010658 0.624728
-0.0044488 0.625609
0.00176041 0.626405
0.00796961 0.627116
0.0141788 0.62774
0.020388 0.628279
0.0265972 0.628731
0.0328064 0.629098
0.0390156 0.629377
0.0452248 0.62957
0.051434 0.629677
0.0576432 0.629698
0.0638524 0.629632
0.0700617 0.629481
0.0762709 0.629244
0.0824801 0.628922
0.0886893 0.628514
0.0948985 0.628022
0.101108 0.627447
0.107317 0.626787
0.113526 0.626045
0.119735 0.62522
0.125944 0.624313
0.132154 0.623326
0.138363 0.622258
0.144572 0.621111
0.150781 0.619885
0.156991 0.618582
0.1632 0.617201
0.169409 0.615745
0.175618 0.614214
0.181827 0.612609
0.188037 0.610932
0.194246 0.609182
0.200455 0.607363
0.206664 0.605473
0.212873 0.603516
0.219083 0.601492
0.225292 0.599402
0.231501 0.597247
0.23771 0.595029
0.243919 0.59275
0.250129 0.59041
0.256338 0.58801
0.262547 0.585553
0.268756 0.583039
0.274965 0.58047
0.281175 0.577848
0.287384 0.575173
0.293593 0.572447
0.299802 0.569672
0.306011 0.566849
0.312221 0.563979
0.31843 0.561064
0.324639 0.558105
0.330848 0.555104
0.337057 0.552062
0.343267 0.54898
0.349476 0.54586
0.355685 0.542704
0.361894 0.539513
0.368103 0.536288
0.374313 0.53303
0.380522 0.529742
0.386731 0.526423
0.39294 0.523077
0.399149 0.519704
0.405359 0.516305
0.411568 0.512882
0.417777 0.509436
0.423986 0.505969
0.430195 0.502481
0.436405 0.498975
0.442614 0.49545
0.448823 0.491909
0.455032 0.488353
0.461242 0.484783
0.467451 0.4812
0.47366 0.477605
0.479869 0.473999
0.486078 0.470384
0.492288 0.466761
0.498497 0.463131
0.504706 0.459494
0.510915 0.455852
0.517124 0.452206
0.523334 0.448557
0.529543 0.444906
0.535752 0.441254
0.541961 0.437601
0.54817 0.433949
0.55438 0.430299
0.560589 0.426651
0.566798 0.423007
0.573007 0.419367
0.579216 0.415731
0.585426 0.412102
0.591635 0.408478
0.597844 0.404863
0.604053 0.401255
0.610262 0.397656
0.616472 0.394066
0.622681 0.390486
0.62889 0.386917
0.635099 0.383359
0.641308 0.379813
0.647518 0.37628
0.653727 0.372759
0.659936 0.369253
0.666145 0.36576
0.672354 0.362282
0.678564 0.358819
0.684773 0.355372
0.690982 0.35194
0.697191 0.348526
0.7034 0.345128
0.70961 0.341747
0.715819 0.338384
0.722028 0.335039
0.728237 0.331713
0.734446 0.328405
0.740656 0.325116
0.746865 0.321847
0.753074 0.318597
0.759283 0.315367
0.765493 0.312158
0.771702 0.308968
0.777911 0.3058
0.78412 0.302652
0.790329 0.299526
0.796539 0.29642
0.802748 0.293336
0.808957 0.290274
0.815166 0.287234
0.821375 0.284215
0.827585 0.281219
0.833794 0.278245
0.840003 0.275293
0.846212 0.272363
0.852421 0.269456
0.858631 0.266572
0.86484 0.26371
0.871049 0.260872
0.877258 0.258055
0.883467 0.255262
0.889677 0.252492
0.895886 0.249744
0.902095 0.24702
0.908304 0.244318
0.914513 0.241639
0.920723 0.238984
0.926932 0.236351
0.933141 0.233741
0.93935 0.231154
0.945559 0.22859
0.951769 0.226049
0.957978 0.22353
0.964187 0.221035
0.970396 0.218562
0.976605 0.216112
0.982815 0.213684
0.989024 0.211279
0.995233 0.208897
1.00144 0.206536
1.00765 0.204199
1.01386 0.201883
1.02007 0.19959
1.02628 0.197318
1.03249 0.195069
1.0387 0.192841
1.04491 0.190636
1.05112 0.188452
1.05733 0.186289
1.06353 0.184148
1.06974 0.182028
1.07595 0.17993
1.08216 0.177853
1.08837 0.175796
1.09458 0.173761
1.10079 0.171746
1.107 0.169752
1.11321 0.167778
1.11942 0.165825
1.12563 0.163892
1.13184 0.161979
1.13804 0.160086
1.14425 0.158212
1.15046 0.156359
1.15667 0.154525
1.16288 0.15271
1.16909 0.150915
1.1753 0.149138
1.18151 0.147381
1.18772 0.145642
1.19393 0.143923
1.20014 0.142221
1.20635 0.140538
1.21256 0.138874
1.21876 0.137227
1.22497 0.135598
1.23118 0.133988
1.23739 0.132394
1.2436 0.130819
1.24981 0.12926
1.25602 0.127719
1.26223 0.126195
1.26844 0.124688
1.27465 0.123197
1.28086 0.121723
1.28707 0.120266
1.29327 0.118825
1.29948 0.1174
1.30569 0.115991
1.3119 0.114598
1.31811 0.113221
1.32432 0.111859
1.33053 0.110513
1.33674 0.109181
1.34295 0.107866
1.34916 0.106565
1.35537 0.105279
1.36158 0.104007
1.36779 0.10275
1.37399 0.101508
1.3802 0.10028
1.38641 0.0990657
1.39262 0.0978657
1.39883 0.0966796
1.40504 0.0955071
1.41125 0.0943483
1.41746 0.0932028
1.42367 0.0920707
1.42988 0.0909517
1.43609 0.0898458
1.4423 0.0887528
1.4485 0.0876725
1.45471 0.0866049
1.46092 0.0855498
1.46713 0.084507
1.47334 0.0834765
1.47955 0.0824581
1.48576 0.0814516
1.49197 0.0804571
1.49818 0.0794742
1.50439 0.078503
1.5106 0.0775432
1.51681 0.0765948
1.52302 0.0756577
1.52922 0.0747316
1.53543 0.0738166
1.54164 0.0729124
1.54785 0.0720189
1.55406 0.0711361
1.56027 0.0702639
1.56648 0.069402
1.57269 0.0685504
1.5789 0.067709
1.58511 0.0668777
1.59132 0.0660563
1.59753 0.0652447
1.60374 0.0644429
1.60994 0.0636507
1.61615 0.062868
1.62236 0.0620947
1.62857 0.0613308
1.63478 0.060576
1.64099 0.0598303
1.6472 0.0590936
1.65341 0.0583658
1.65962 0.0576468
1.66583 0.0569365
1.67204 0.0562347
1.67825 0.0555415
1.68445 0.0548566
1.69066 0.05418
1.69687 0.0535117
1.70308 0.0528514
1.70929 0.0521992
1.7155 0.0515549
1.72171 0.0509184
1.72792 0.0502896
1.73413 0.0496685
1.74034 0.0490549
1.74655 0.0484489
1.75276 0.0478502
1.75897 0.0472588
1.76517 0.0466746
1.77138 0.0460975
1.77759 0.0455275
1.7838 0.0449645
1.79001 0.0444083
1.79622 0.043859
1.80243 0.0433163
1.80864 0.0427803
1.81485 0.0422509
1.82106 0.0417279
1.82727 0.0412113
1.83348 0.0407011
1.83968 0.0401971
1.84589 0.0396994
1.8521 0.0392077
1.85831 0.038722
1.86452 0.0382424
1.87073 0.0377686
1.87694 0.0373006
1.88315 0.0368384
1.88936 0.0363819
1.89557 0.035931
1.90178 0.0354856
1.90799 0.0350458
1.9142 0.0346113
1.9204 0.0341822
1.92661 0.0337584
1.93282 0.0333398
1.93903 0.0329264
1.94524 0.032518
1.95145 0.0321147
1.95766 0.0317164
1.96387 0.031323
1.97008 0.0309344
1.97629 0.0305507
1.9825 0.0301717
1.98871 0.0297974
1.99491 0.0294277
2.00112 0.0290625
2.00733 0.0287019
2.01354 0.0283457
2.01975 0.027994
2.02596 0.0276466
2.03217 0.0273035
2.03838 0.0269646
2.04459 0.02663
2.0508 0.0262995
2.05701 0.025973
2.06322 0.0256506
2.06943 0.0253323
2.07563 0.0250178
2.08184 0.0247073
2.08805 0.0244006
2.09426 0.0240977
2.10047 0.0237985
2.10668 0.0235031
2.11289 0.0232113
2.1191 0.0229232
2.12531 0.0226386
2.13152 0.0223576
2.13773 0.02208
2.14394 0.0218059
2.15015 0.0215352
2.15635 0.0212679
2.16256 0.0210038
2.16877 0.0207431
2.17498 0.0204856
2.18119 0.0202313
2.1874 0.0199801
2.19361 0.0197321
2.19982 0.0194871
2.20603 0.0192452
2.21224 0.0190063
2.21845 0.0187704
2.22466 0.0185374
2.23086 0.0183073
2.23707 0.01808
2.24328 0.0178556
2.24949 0.017634
2.2557 0.0174151
2.26191 0.017199
2.26812 0.0169855
2.27433 0.0167747
2.28054 0.0165665
2.28675 0.0163609
2.29296 0.0161579
2.29917 0.0159574
2.30538 0.0157593
2.31158 0.0155638
2.31779 0.0153707
2.324 0.0151799
2.33021 0.0149916
2.33642 0.0148056
2.34263 0.0146219
2.34884 0.0144405
2.35505 0.0142613
2.36126 0.0140844
2.36747 0.0139097
2.37368 0.0137372
2.37989 0.0135668
2.38609 0.0133985
2.3923 0.0132323
2.39851 0.0130682
2.40472 0.0129061
2.41093 0.0127461
2.41714 0.012588
2.42335 0.0124319
2.42956 0.0122778
2.43577 0.0121256
2.44198 0.0119752
2.44819 0.0118268
2.4544 0.0116802
2.46061 0.0115354
2.46681 0.0113924
2.47302 0.0112512
2.47923 0.0111117
2.48544 0.010974
2.49165 0.010838
2.49786 0.0107037
2.50407 0.0105711
2.51028 0.0104401
2.51649 0.0103107
2.5227 0.010183
2.52891 0.0100568
2.53512 0.00993226
2.54132 0.00980923
2.54753 0.00968773
2.55374 0.00956774
2.55995 0.00944925
2.56616 0.00933223
2.57237 0.00921666
2.57858 0.00910254
2.58479 0.00898984
2.591 0.00887853
2.59721 0.00876862
2.60342 0.00866007
2.60963 0.00855287
2.61584 0.00844701
2.62204 0.00834246
2.62825 0.00823922
2.63446 0.00813726
2.64067 0.00803656
2.64688 0.00793712
2.65309 0.00783892
2.6593 0.00774194
2.66551 0.00764617
2.67172 0.00755159
2.67793 0.00745818
2.68414 0.00736594
2.69035 0.00727484
2.69656 0.00718488
2.70276 0.00709603
2.70897 0.00700829
2.71518 0.00692164
2.72139 0.00683607
2.7276 0.00675157
2.73381 0.00666811
2.74002 0.00658569
2.74623 0.0065043
2.75244 0.00642392
2.75865 0.00634453
2.76486 0.00626614
2.77107 0.00618872
2.77727 0.00611226
2.78348 0.00603675
2.78969 0.00596218
2.7959 0.00588854
2.80211 0.00581581
2.80832 0.00574399
2.81453 0.00567306
2.82074 0.00560301
2.82695 0.00553383
2.83316 0.00546551
2.83937 0.00539804
2.84558 0.0053314
2.85179 0.0052656
2.85799 0.00520061
2.8642 0.00513643
2.87041 0.00507304
2.87662 0.00501045
2.88283 0.00494863
2.88904 0.00488758
2.89525 0.00482728
2.90146 0.00476774
2.90767 0.00470893
