0.00945953 0.00482355
0.0279949 0.00528372
0.0465303 0.0057789
0.0650657 0.00631079
0.0836011 0.00688106
0.102136 0.0074914
0.120672 0.00814344
0.139207 0.0088388
0.157743 0.00957904
0.176278 0.0103657
0.194813 0.0112001
0.213349 0.0120837
0.231884 0.0130178
0.25042 0.0140036
0.268955 0.015042
0.28749 0.0161343
0.306026 0.0172811
0.324561 0.0184832
0.343096 0.0197413
0.361632 0.0210557
0.380167 0.022427
0.398703 0.0238552
0.417238 0.0253404
0.435773 0.0268825
0.454309 0.0284813
0.472844 0.0301365
0.49138 0.0318473
0.509915 0.0336133
0.52845 0.0354335
0.546986 0.037307
0.565521 0.0392327
0.584056 0.0412094
0.602592 0.0432357
0.621127 0.0453101
0.639663 0.0474311
0.658198 0.0495969
0.676733 0.0518058
0.695269 0.0540558
0.713804 0.056345
0.73234 0.0586713
0.750875 0.0610327
0.76941 0.0634268
0.787946 0.0658515
0.806481 0.0683045
0.825016 0.0707834
0.843552 0.0732859
0.862087 0.0758096
0.880623 0.0783521
0.899158 0.0809111
0.917693 0.083484
0.936229 0.0860686
0.954764 0.0886623
0.9733 0.091263
0.991835 0.0938681
1.01037 0.0964754
1.02891 0.0990826
1.04744 0.101687
1.06598 0.104288
1.08451 0.106882
1.10305 0.109466
1.12158 0.11204
1.14012 0.114602
1.15865 0.117148
1.17719 0.119678
1.19572 0.122189
1.21426 0.124681
1.23279 0.12715
1.25133 0.129596
1.26987 0.132017
1.2884 0.134411
1.30694 0.136778
1.32547 0.139115
1.34401 0.141422
1.36254 0.143698
1.38108 0.14594
1.39961 0.148149
1.41815 0.150323
1.43668 0.152461
1.45522 0.154562
1.47375 0.156626
1.49229 0.158652
1.51083 0.160639
1.52936 0.162587
1.5479 0.164495
1.56643 0.166362
1.58497 0.168188
1.6035 0.169973
1.62204 0.171716
1.64057 0.173417
1.65911 0.175076
1.67764 0.176693
1.69618 0.178267
1.71471 0.179799
1.73325 0.181287
1.75179 0.182733
1.77032 0.184137
1.78886 0.185497
1.80739 0.186815
1.82593 0.188091
1.84446 0.189324
1.863 0.190515
1.88153 0.191664
1.90007 0.192771
1.9186 0.193837
1.93714 0.194862
1.95567 0.195845
1.97421 0.196789
1.99275 0.197692
2.01128 0.198555
2.02982 0.199379
2.04835 0.200163
2.06689 0.200909
2.08542 0.201617
2.10396 0.202287
2.12249 0.20292
2.14103 0.203516
2.15956 0.204076
2.1781 0.2046
2.19663 0.205088
2.21517 0.205541
2.23371 0.20596
2.25224 0.206345
2.27078 0.206697
2.28931 0.207016
2.30785 0.207303
2.32638 0.207558
2.34492 0.207781
2.36345 0.207974
2.38199 0.208137
2.40052 0.20827
2.41906 0.208374
2.43759 0.208449
2.45613 0.208496
2.47467 0.208516
2.4932 0.208509
2.51174 0.208475
2.53027 0.208416
2.54881 0.208331
2.56734 0.208221
2.58588 0.208087
2.60441 0.207929
2.62295 0.207747
2.64148 0.207543
2.66002 0.207317
2.67855 0.207068
2.69709 0.206798
2.71563 0.206508
2.73416 0.206197
2.7527 0.205866
2.77123 0.205516
2.78977 0.205147
2.8083 0.204759
2.82684 0.204354
2.84537 0.203931
2.86391 0.20349
2.88244 0.203033
2.90098 0.20256
2.91951 0.202071
2.93805 0.201567
2.95659 0.201048
2.97512 0.200514
2.99366 0.199966
3.01219 0.199404
3.03073 0.198829
3.04926 0.198241
3.0678 0.197641
3.08633 0.197028
3.10487 0.196403
3.1234 0.195767
3.14194 0.19512
3.16047 0.194462
3.17901 0.193793
3.19755 0.193115
3.21608 0.192426
3.23462 0.191729
3.25315 0.191022
3.27169 0.190306
3.29022 0.189582
3.30876 0.18885
3.32729 0.18811
3.34583 0.187363
3.36436 0.186608
3.3829 0.185846
3.40143 0.185077
3.41997 0.184302
3.43851 0.183521
3.45704 0.182733
3.47558 0.18194
3.49411 0.181142
3.51265 0.180339
3.53118 0.17953
3.54972 0.178717
3.56825 0.177899
3.58679 0.177077
3.60532 0.176251
3.62386 0.175422
3.64239 0.174588
3.66093 0.173752
3.67947 0.172912
3.698 0.172069
3.71654 0.171223
3.73507 0.170375
3.75361 0.169524
3.77214 0.168671
3.79068 0.167816
3.80921 0.166959
3.82775 0.166101
3.84628 0.165241
3.86482 0.164379
3.88335 0.163516
3.90189 0.162652
3.92043 0.161787
3.93896 0.160922
3.9575 0.160056
3.97603 0.159189
3.99457 0.158322
4.0131 0.157454
4.03164 0.156587
4.05017 0.155719
4.06871 0.154852
4.08724 0.153985
4.10578 0.153118
4.12431 0.152252
4.14285 0.151387
4.16139 0.150522
4.17992 0.149658
4.19846 0.148795
4.21699 0.147933
4.23553 0.147072
4.25406 0.146212
4.2726 0.145354
4.29113 0.144497
4.30967 0.143641
4.3282 0.142787
4.34674 0.141935
4.36527 0.141084
4.38381 0.140236
4.40235 0.139389
4.42088 0.138544
4.43942 0.137701
4.45795 0.13686
4.47649 0.136021
4.49502 0.135185
4.51356 0.134351
4.53209 0.133519
4.55063 0.13269
4.56916 0.131863
4.5877 0.131038
4.60623 0.130217
4.62477 0.129397
4.64331 0.128581
4.66184 0.127767
4.68038 0.126956
4.69891 0.126148
4.71745 0.125343
4.73598 0.12454
4.75452 0.123741
4.77305 0.122944
4.79159 0.122151
4.81012 0.121361
4.82866 0.120573
4.84719 0.119789
4.86573 0.119008
4.88427 0.11823
4.9028 0.117456
4.92134 0.116684
4.93987 0.115916
4.95841 0.115151
4.97694 0.11439
4.99548 0.113632
5.01401 0.112877
5.03255 0.112126
5.05108 0.111378
5.06962 0.110633
5.08816 0.109892
5.10669 0.109154
5.12523 0.10842
5.14376 0.10769
5.1623 0.106962
5.18083 0.106239
5.19937 0.105519
5.2179 0.104802
5.23644 0.104089
5.25497 0.10338
5.27351 0.102674
5.29204 0.101972
5.31058 0.101273
5.32912 0.100578
5.34765 0.099887
5.36619 0.0991992
5.38472 0.098515
5.40326 0.0978345
5.42179 0.0971576
5.44033 0.0964843
5.45886 0.0958147
5.4774 0.0951487
5.49593 0.0944864
5.51447 0.0938277
5.533 0.0931726
5.55154 0.0925212
5.57008 0.0918734
5.58861 0.0912293
5.60715 0.0905888
5.62568 0.0899519
5.64422 0.0893186
5.66275 0.088689
5.68129 0.0880631
5.69982 0.0874407
5.71836 0.0868219
5.73689 0.0862068
5.75543 0.0855953
5.77396 0.0849874
5.7925 0.084383
5.81104 0.0837823
5.82957 0.0831851
5.84811 0.0825915
5.86664 0.0820015
5.88518 0.0814151
5.90371 0.0808322
5.92225 0.0802528
5.94078 0.079677
5.95932 0.0791047
5.97785 0.0785359
5.99639 0.0779706
6.01492 0.0774088
6.03346 0.0768505
6.052 0.0762957
6.07053 0.0757443
6.08907 0.0751964
6.1076 0.074652
6.12614 0.074111
6.14467 0.0735734
6.16321 0.0730392
6.18174 0.0725084
6.20028 0.071981
6.21881 0.0714569
6.23735 0.0709363
6.25588 0.0704189
6.27442 0.069905
6.29296 0.0693943
6.31149 0.0688869
6.33003 0.0683829
6.34856 0.0678821
6.3671 0.0673846
6.38563 0.0668904
6.40417 0.0663994
6.4227 0.0659116
6.44124 0.0654271
6.45977 0.0649458
6.47831 0.0644676
6.49684 0.0639926
6.51538 0.0635208
6.53392 0.0630521
6.55245 0.0625866
6.57099 0.0621242
6.58952 0.0616648
6.60806 0.0612086
6.62659 0.0607554
6.64513 0.0603053
6.66366 0.0598583
6.6822 0.0594143
6.70073 0.0589732
6.71927 0.0585352
6.7378 0.0581002
6.75634 0.0576681
6.77488 0.057239
6.79341 0.0568128
6.81195 0.0563896
6.83048 0.0559693
6.84902 0.0555518
6.86755 0.0551373
6.88609 0.0547256
6.90462 0.0543167
6.92316 0.0539107
6.94169 0.0535075
6.96023 0.0531071
6.97876 0.0527095
6.9973 0.0523146
7.01584 0.0519225
7.03437 0.0515332
7.05291 0.0511466
7.07144 0.0507626
7.08998 0.0503814
7.10851 0.0500029
7.12705 0.049627
7.14558 0.0492538
7.16412 0.0488832
7.18265 0.0485152
7.20119 0.0481499
7.21972 0.0477871
7.23826 0.0474269
7.2568 0.0470692
7.27533 0.0467141
7.29387 0.0463616
7.3124 0.0460115
7.33094 0.0456639
7.34947 0.0453188
7.36801 0.0449762
7.38654 0.0446361
7.40508 0.0442983
7.42361 0.043963
7.44215 0.0436301
7.46068 0.0432997
7.47922 0.0429715
7.49776 0.0426458
7.51629 0.0423224
7.53483 0.0420013
7.55336 0.0416826
7.5719 0.0413661
7.59043 0.041052
7.60897 0.0407401
7.6275 0.0404305
7.64604 0.0401231
7.66457 0.039818
7.68311 0.0395151
7.70164 0.0392144
7.72018 0.0389158
7.73872 0.0386195
7.75725 0.0383253
7.77579 0.0380333
7.79432 0.0377434
7.81286 0.0374557
7.83139 0.03717
7.84993 0.0368864
7.86846 0.0366049
7.887 0.0363255
7.90553 0.0360482
7.92407 0.0357728
7.9426 0.0354995
7.96114 0.0352283
7.97968 0.034959
7.99821 0.0346917
8.01675 0.0344263
8.03528 0.034163
8.05382 0.0339015
8.07235 0.0336421
8.09089 0.0333845
8.10942 0.0331288
8.12796 0.0328751
8.14649 0.0326232
8.16503 0.0323732
8.18356 0.032125
8.2021 0.0318787
8.22064 0.0316342
8.23917 0.0313916
8.25771 0.0311507
8.27624 0.0309116
8.29478 0.0306744
8.31331 0.0304388
8.33185 0.0302051
8.35038 0.0299731
8.36892 0.0297428
8.38745 0.0295143
8.40599 0.0292874
8.42452 0.0290623
8.44306 0.0288388
8.4616 0.028617
8.48013 0.0283969
8.49867 0.0281784
8.5172 0.0279616
8.53574 0.0277464
8.55427 0.0275328
8.57281 0.0273208
8.59134 0.0271104
8.60988 0.0269016
8.62841 0.0266944
8.64695 0.0264887
8.66548 0.0262846
8.68402 0.026082
8.70256 0.0258809
8.72109 0.0256814
8.73963 0.0254833
8.75816 0.0252868
8.7767 0.0250917
8.79523 0.0248981
8.81377 0.024706
8.8323 0.0245153
8.85084 0.0243261
8.86937 0.0241383
8.88791 0.023952
8.90644 0.023767
8.92498 0.0235834
8.94352 0.0234013
8.96205 0.0232205
8.98059 0.0230411
8.99912 0.022863
9.01766 0.0226863
9.03619 0.022511
9.05473 0.0223369
9.07326 0.0221642
9.0918 0.0219928
9.11033 0.0218228
9.12887 0.021654
9.1474 0.0214865
9.16594 0.0213202
9.18448 0.0211553
9.20301 0.0209915
9.22155 0.0208291
9.24008 0.0206679
9.25862 0.0205079
9.27715 0.0203491
9.29569 0.0201915
9.31422 0.0200352
9.33276 0.01988
9.35129 0.019726
9.36983 0.0195732
9.38836 0.0194216
9.4069 0.0192711
9.42544 0.0191218
9.44397 0.0189736
9.46251 0.0188266
9.48104 0.0186807
9.49958 0.0185359
9.51811 0.0183922
9.53665 0.0182496
9.55518 0.0181081
9.57372 0.0179677
9.59225 0.0178283
9.61079 0.01769
9.62932 0.0175528
9.64786 0.0174167
9.6664 0.0172816
9.68493 0.0171475
9.70347 0.0170144
9.722 0.0168824
9.74054 0.0167514
9.75907 0.0166214
9.77761 0.0164924
9.79614 0.0163644
9.81468 0.0162374
9.83321 0.0161113
9.85175 0.0159862
9.87028 0.0158621
9.88882 0.0157389
9.90736 0.0156167
9.92589 0.0154954
9.94443 0.0153751
9.96296 0.0152557
9.9815 0.0151372
10 0.0150196
10.0186 0.0149029
10.0371 0.0147872
10.0556 0.0146723
10.0742 0.0145583
10.0927 0.0144452
10.1112 0.0143329
10.1298 0.0142215
10.1483 0.014111
10.1669 0.0140013
10.1854 0.0138925
10.2039 0.0137845
10.2225 0.0136774
10.241 0.0135711
10.2595 0.0134656
10.2781 0.0133609
10.2966 0.013257
10.3151 0.0131539
10.3337 0.0130517
10.3522 0.0129502
10.3707 0.0128495
10.3893 0.0127496
10.4078 0.0126504
10.4263 0.012552
10.4449 0.0124544
10.4634 0.0123575
10.482 0.0122614
10.5005 0.0121661
10.519 0.0120714
10.5376 0.0119775
10.5561 0.0118844
10.5746 0.0117919
10.5932 0.0117002
10.6117 0.0116091
10.6302 0.0115188
10.6488 0.0114292
10.6673 0.0113403
10.6858 0.011252
10.7044 0.0111645
10.7229 0.0110776
10.7414 0.0109914
10.76 0.0109059
10.7785 0.010821
10.7971 0.0107368
10.8156 0.0106533
10.8341 0.0105703
10.8527 0.0104881
10.8712 0.0104065
10.8897 0.0103255
10.9083 0.0102451
10.9268 0.0101654
10.9453 0.0100862
10.9639 0.0100077
10.9824 0.00992983
11.0009 0.00985254
11.0195 0.00977584
11.038 0.00969975
11.0565 0.00962424
11.0751 0.00954932
11.0936 0.00947498
11.1122 0.00940122
11.1307 0.00932803
11.1492 0.00925542
11.1678 0.00918336
11.1863 0.00911187
11.2048 0.00904093
11.2234 0.00897054
11.2419 0.0089007
11.2604 0.00883141
11.279 0.00876265
11.2975 0.00869442
11.316 0.00862673
11.3346 0.00855957
11.3531 0.00849292
11.3717 0.0084268
11.3902 0.00836118
11.4087 0.00829608
11.4273 0.00823149
11.4458 0.0081674
11.4643 0.00810381
11.4829 0.00804071
11.5014 0.0079781
11.5199 0.00791598
11.5385 0.00785434
11.557 0.00779319
11.5755 0.00773251
11.5941 0.0076723
11.6126 0.00761256
11.6311 0.00755328
11.6497 0.00749447
11.6682 0.00743611
11.6868 0.00737821
11.7053 0.00732076
11.7238 0.00726376
11.7424 0.0072072
11.7609 0.00715109
11.7794 0.0070954
11.798 0.00704016
11.8165 0.00698534
11.835 0.00693095
11.8536 0.00687698
11.8721 0.00682344
11.8906 0.00677031
11.9092 0.00671759
11.9277 0.00666529
11.9462 0.00661339
11.9648 0.0065619
11.9833 0.00651081
12.0019 0.00646012
12.0204 0.00640982
12.0389 0.00635992
12.0575 0.0063104
12.076 0.00626127
12.0945 0.00621252
12.1131 0.00616415
12.1316 0.00611616
12.1501 0.00606855
12.1687 0.0060213
12.1872 0.00597442
12.2057 0.00592791
12.2243 0.00588176
12.2428 0.00583597
12.2613 0.00579054
12.2799 0.00574546
12.2984 0.00570074
12.317 0.00565636
12.3355 0.00561233
12.354 0.00556864
12.3726 0.00552529
12.3911 0.00548228
12.4096 0.00543961
12.4282 0.00539727
12.4467 0.00535525
12.4652 0.00531357
12.4838 0.00527221
12.5023 0.00523118
12.5208 0.00519046
12.5394 0.00515006
12.5579 0.00510998
12.5765 0.00507021
12.595 0.00503075
12.6135 0.00499159
12.6321 0.00495275
12.6506 0.0049142
12.6691 0.00487596
12.6877 0.00483801
12.7062 0.00480037
12.7247 0.00476301
12.7433 0.00472595
12.7618 0.00468917
12.7803 0.00465268
12.7989 0.00461648
12.8174 0.00458056
12.8359 0.00454492
12.8545 0.00450955
12.873 0.00447447
12.8916 0.00443965
12.9101 0.00440511
12.9286 0.00437084
12.9472 0.00433684
12.9657 0.0043031
12.9842 0.00426962
13.0028 0.00423641
13.0213 0.00420345
13.0398 0.00417075
13.0584 0.00413831
13.0769 0.00410612
13.0954 0.00407418
13.114 0.00404249
13.1325 0.00401105
13.151 0.00397985
13.1696 0.00394889
13.1881 0.00391818
13.2067 0.00388771
13.2252 0.00385747
13.2437 0.00382747
13.2623 0.00379771
13.2808 0.00376818
13.2993 0.00373887
13.3179 0.0037098
13.3364 0.00368095
13.3549 0.00365233
13.3735 0.00362393
13.392 0.00359575
13.4105 0.0035678
13.4291 0.00354006
13.4476 0.00351253
13.4661 0.00348523
13.4847 0.00345813
13.5032 0.00343125
13.5218 0.00340457
13.5403 0.00337811
13.5588 0.00335185
13.5774 0.00332579
13.5959 0.00329994
13.6144 0.00327429
13.633 0.00324884
13.6515 0.00322359
13.67 0.00319854
13.6886 0.00317368
13.7071 0.00314902
13.7256 0.00312454
13.7442 0.00310026
13.7627 0.00307617
13.7813 0.00305227
13.7998 0.00302855
13.8183 0.00300502
13.8369 0.00298167
13.8554 0.0029585
13.8739 0.00293552
13.8925 0.00291271
13.911 0.00289008
13.9295 0.00286763
13.9481 0.00284535
13.9666 0.00282325
13.9851 0.00280132
14.0037 0.00277956
14.0222 0.00275797
14.0407 0.00273655
14.0593 0.00271529
14.0778 0.0026942
14.0964 0.00267328
14.1149 0.00265252
14.1334 0.00263192
14.152 0.00261148
14.1705 0.0025912
14.189 0.00257108
14.2076 0.00255111
14.2261 0.0025313
14.2446 0.00251165
14.2632 0.00249215
14.2817 0.0024728
14.3002 0.0024536
14.3188 0.00243455
14.3373 0.00241565
14.3558 0.0023969
14.3744 0.00237829
14.3929 0.00235983
14.4115 0.00234152
14.43 0.00232334
14.4485 0.00230531
14.4671 0.00228742
14.4856 0.00226966
14.5041 0.00225205
14.5227 0.00223457
14.5412 0.00221723
14.5597 0.00220003
14.5783 0.00218296
14.5968 0.00216602
14.6153 0.00214921
14.6339 0.00213254
14.6524 0.00211599
14.6709 0.00209957
14.6895 0.00208328
14.708 0.00206712
14.7266 0.00205109
14.7451 0.00203518
14.7636 0.00201939
14.7822 0.00200373
14.8007 0.00198819
14.8192 0.00197276
14.8378 0.00195746
14.8563 0.00194228
14.8748 0.00192722
14.8934 0.00191228
14.9119 0.00189745
14.9304 0.00188273
14.949 0.00186813
14.9675 0.00185365
14.9861 0.00183928
15.0046 0.00182502
15.0231 0.00181087
15.0417 0.00179683
15.0602 0.0017829
15.0787 0.00176908
15.0973 0.00175536
15.1158 0.00174176
15.1343 0.00172826
15.1529 0.00171486
15.1714 0.00170157
15.1899 0.00168838
15.2085 0.0016753
15.227 0.00166231
15.2455 0.00164943
15.2641 0.00163665
15.2826 0.00162397
15.3012 0.00161138
15.3197 0.0015989
15.3382 0.00158651
15.3568 0.00157422
15.3753 0.00156202
15.3938 0.00154992
15.4124 0.00153792
15.4309 0.001526
15.4494 0.00151418
15.468 0.00150245
15.4865 0.00149082
15.505 0.00147927
15.5236 0.00146781
15.5421 0.00145644
15.5606 0.00144516
15.5792 0.00143397
15.5977 0.00142287
15.6163 0.00141185
15.6348 0.00140092
15.6533 0.00139007
15.6719 0.00137931
15.6904 0.00136863
15.7089 0.00135803
15.7275 0.00134752
15.746 0.00133709
15.7645 0.00132674
15.7831 0.00131647
15.8016 0.00130628
15.8201 0.00129617
15.8387 0.00128614
15.8572 0.00127618
15.8757 0.00126631
15.8943 0.00125651
15.9128 0.00124678
15.9314 0.00123713
15.9499 0.00122756
15.9684 0.00121806
15.987 0.00120864
16.0055 0.00119929
16.024 0.00119001
16.0426 0.0011808
16.0611 0.00117167
16.0796 0.0011626
16.0982 0.00115361
16.1167 0.00114469
16.1352 0.00113583
16.1538 0.00112705
16.1723 0.00111833
16.1909 0.00110968
16.2094 0.0011011
16.2279 0.00109258
16.2465 0.00108413
16.265 0.00107575
16.2835 0.00106743
16.3021 0.00105918
16.3206 0.00105099
16.3391 0.00104286
16.3577 0.0010348
16.3762 0.0010268
16.3947 0.00101886
16.4133 0.00101099
16.4318 0.00100317
16.4503 0.00099542
16.4689 0.000987726
16.4874 0.000980092
16.506 0.000972517
16.5245 0.000965001
16.543 0.000957543
16.5616 0.000950144
16.5801 0.000942802
16.5986 0.000935516
16.6172 0.000928288
16.6357 0.000921116
16.6542 0.000913999
16.6728 0.000906937
16.6913 0.000899931
16.7098 0.000892979
16.7284 0.000886081
16.7469 0.000879236
16.7654 0.000872444
16.784 0.000865706
16.8025 0.000859019
16.8211 0.000852385
16.8396 0.000845802
16.8581 0.00083927
16.8767 0.000832789
16.8952 0.000826358
16.9137 0.000819977
16.9323 0.000813646
16.9508 0.000807364
16.9693 0.00080113
16.9879 0.000794945
17.0064 0.000788808
17.0249 0.000782718
17.0435 0.000776676
17.062 0.000770681
17.0805 0.000764732
17.0991 0.000758829
17.1176 0.000752973
17.1362 0.000747161
17.1547 0.000741395
17.1732 0.000735673
17.1918 0.000729996
17.2103 0.000724363
17.2288 0.000718773
17.2474 0.000713227
17.2659 0.000707724
17.2844 0.000702264
17.303 0.000696846
17.3215 0.00069147
17.34 0.000686136
17.3586 0.000680843
17.3771 0.000675591
17.3957 0.00067038
17.4142 0.000665209
17.4327 0.000660078
17.4513 0.000654987
17.4698 0.000649936
17.4883 0.000644924
17.5069 0.00063995
17.5254 0.000635015
17.5439 0.000630119
17.5625 0.00062526
17.581 0.000620439
17.5995 0.000615656
17.6181 0.000610909
17.6366 0.000606199
17.6551 0.000601526
17.6737 0.000596889
17.6922 0.000592288
17.7108 0.000587722
17.7293 0.000583192
17.7478 0.000578697
17.7664 0.000574237
17.7849 0.000569812
17.8034 0.000565421
17.822 0.000561063
17.8405 0.00055674
17.859 0.00055245
17.8776 0.000548193
17.8961 0.000543969
17.9146 0.000539778
17.9332 0.000535619
17.9517 0.000531493
17.9702 0.000527399
17.9888 0.000523336
18.0073 0.000519305
18.0259 0.000515305
18.0444 0.000511335
18.0629 0.000507397
18.0815 0.000503489
18.1 0.000499612
18.1185 0.000495764
18.1371 0.000491946
18.1556 0.000488158
18.1741 0.000484399
18.1927 0.000480669
18.2112 0.000476968
18.2297 0.000473296
18.2483 0.000469652
18.2668 0.000466036
18.2853 0.000462449
18.3039 0.000458889
18.3224 0.000455356
18.341 0.000451851
18.3595 0.000448373
18.378 0.000444922
18.3966 0.000441498
18.4151 0.0004381
18.4336 0.000434729
18.4522 0.000431383
18.4707 0.000428064
18.4892 0.00042477
18.5078 0.000421501
18.5263 0.000418258
