0.609307 0.00693971
0.677145 0.00830694
0.744984 0.0098145
0.812822 0.0114548
0.880661 0.0132179
0.948499 0.0150915
1.01634 0.0170622
1.08418 0.0191156
1.15201 0.0212366
1.21985 0.0234103
1.28769 0.025622
1.35553 0.0278577
1.42337 0.0301041
1.49121 0.0323491
1.55904 0.0345814
1.62688 0.036791
1.69472 0.038969
1.76256 0.0411074
1.8304 0.0431997
1.89824 0.04524
1.96608 0.0472235
2.03391 0.0491464
2.10175 0.0510055
2.16959 0.0527984
2.23743 0.0545232
2.30527 0.0561789
2.37311 0.0577647
2.44094 0.0592804
2.50878 0.060726
2.57662 0.062102
2.64446 0.0634092
2.7123 0.0646485
2.78014 0.0658211
2.84797 0.0669283
2.91581 0.0679716
2.98365 0.0689525
3.05149 0.0698727
3.11933 0.0707339
3.18717 0.0715378
3.25501 0.0722863
3.32284 0.0729812
3.39068 0.0736242
3.45852 0.0742172
3.52636 0.0747619
3.5942 0.0752601
3.66204 0.0757136
3.72987 0.0761241
3.79771 0.0764932
3.86555 0.0768225
3.93339 0.0771138
4.00123 0.0773685
4.06907 0.0775882
4.1369 0.0777742
4.20474 0.0779281
4.27258 0.0780513
4.34042 0.078145
4.40826 0.0782105
4.4761 0.0782492
4.54394 0.0782621
4.61177 0.0782505
4.67961 0.0782154
4.74745 0.078158
4.81529 0.0780793
4.88313 0.0779802
4.95097 0.0778618
5.0188 0.077725
5.08664 0.0775706
5.15448 0.0773995
5.22232 0.0772125
5.29016 0.0770104
5.358 0.076794
5.42584 0.0765639
5.49367 0.076321
5.56151 0.0760657
5.62935 0.0757989
5.69719 0.0755211
5.76503 0.0752328
5.83287 0.0749347
5.9007 0.0746273
5.96854 0.074311
6.03638 0.0739865
6.10422 0.0736542
6.17206 0.0733146
6.2399 0.072968
6.30773 0.0726149
6.37557 0.0722557
6.44341 0.0718908
6.51125 0.0715205
6.57909 0.0711453
6.64693 0.0707654
6.71477 0.0703812
6.7826 0.069993
6.85044 0.069601
6.91828 0.0692057
6.98612 0.0688071
7.05396 0.0684057
7.1218 0.0680017
7.18963 0.0675952
7.25747 0.0671865
7.32531 0.0667759
7.39315 0.0663635
7.46099 0.0659496
7.52883 0.0655343
7.59666 0.0651179
7.6645 0.0647005
7.73234 0.0642822
7.80018 0.0638632
7.86802 0.0634438
7.93586 0.063024
8.0037 0.0626039
8.07153 0.0621838
8.13937 0.0617636
8.20721 0.0613437
8.27505 0.060924
8.34289 0.0605047
8.41073 0.0600859
8.47856 0.0596676
8.5464 0.0592501
8.61424 0.0588333
8.68208 0.0584175
8.74992 0.0580025
8.81776 0.0575886
8.88559 0.0571758
8.95343 0.0567642
9.02127 0.0563538
9.08911 0.0559447
9.15695 0.055537
9.22479 0.0551307
9.29263 0.0547259
9.36046 0.0543227
9.4283 0.053921
9.49614 0.053521
9.56398 0.0531227
9.63182 0.0527261
9.69966 0.0523313
9.76749 0.0519382
9.83533 0.051547
9.90317 0.0511577
9.97101 0.0507703
10.0388 0.0503848
10.1067 0.0500013
10.1745 0.0496197
10.2424 0.0492402
10.3102 0.0488627
10.378 0.0484873
10.4459 0.0481139
10.5137 0.0477427
10.5816 0.0473735
10.6494 0.0470065
10.7172 0.0466416
10.7851 0.0462789
10.8529 0.0459183
10.9207 0.04556
10.9886 0.0452038
11.0564 0.0448498
11.1243 0.044498
11.1921 0.0441484
11.2599 0.043801
11.3278 0.0434559
11.3956 0.043113
11.4635 0.0427723
11.5313 0.0424338
11.5991 0.0420976
11.667 0.0417636
11.7348 0.0414318
11.8026 0.0411023
11.8705 0.040775
11.9383 0.04045
12.0062 0.0401272
12.074 0.0398066
12.1418 0.0394882
12.2097 0.039172
12.2775 0.0388581
12.3454 0.0385464
12.4132 0.0382369
12.481 0.0379296
12.5489 0.0376245
12.6167 0.0373215
12.6845 0.0370208
12.7524 0.0367223
12.8202 0.0364259
12.8881 0.0361316
12.9559 0.0358396
13.0237 0.0355497
13.0916 0.0352619
13.1594 0.0349763
13.2273 0.0346927
13.2951 0.0344113
13.3629 0.034132
13.4308 0.0338548
13.4986 0.0335797
13.5664 0.0333067
13.6343 0.0330357
13.7021 0.0327668
13.77 0.0324999
13.8378 0.0322351
13.9056 0.0319723
13.9735 0.0317115
14.0413 0.0314527
14.1092 0.0311959
14.177 0.0309411
14.2448 0.0306882
14.3127 0.0304373
14.3805 0.0301884
14.4483 0.0299414
14.5162 0.0296963
14.584 0.0294532
14.6519 0.0292119
14.7197 0.0289726
14.7875 0.0287351
14.8554 0.0284995
14.9232 0.0282657
14.9911 0.0280338
15.0589 0.0278037
15.1267 0.0275755
15.1946 0.027349
15.2624 0.0271244
15.3302 0.0269015
15.3981 0.0266805
15.4659 0.0264611
15.5338 0.0262436
15.6016 0.0260277
15.6694 0.0258136
15.7373 0.0256013
15.8051 0.0253906
15.873 0.0251816
15.9408 0.0249743
16.0086 0.0247686
16.0765 0.0245647
16.1443 0.0243623
16.2121 0.0241616
16.28 0.0239625
16.3478 0.0237651
16.4157 0.0235692
16.4835 0.0233749
16.5513 0.0231822
16.6192 0.0229911
16.687 0.0228015
16.7549 0.0226134
16.8227 0.0224269
16.8905 0.0222419
16.9584 0.0220584
17.0262 0.0218764
17.094 0.0216959
17.1619 0.0215169
17.2297 0.0213393
17.2976 0.0211632
17.3654 0.0209885
17.4332 0.0208153
17.5011 0.0206434
17.5689 0.020473
17.6368 0.020304
17.7046 0.0201363
17.7724 0.0199701
17.8403 0.0198052
17.9081 0.0196417
17.9759 0.0194795
18.0438 0.0193186
18.1116 0.0191591
18.1795 0.0190008
18.2473 0.0188439
18.3151 0.0186883
18.383 0.018534
18.4508 0.0183809
18.5187 0.0182291
18.5865 0.0180785
18.6543 0.0179292
18.7222 0.0177811
18.79 0.0176343
18.8578 0.0174887
18.9257 0.0173442
18.9935 0.017201
19.0614 0.0170589
19.1292 0.016918
19.197 0.0167783
19.2649 0.0166398
19.3327 0.0165024
19.4006 0.0163661
19.4684 0.0162309
19.5362 0.0160969
19.6041 0.015964
19.6719 0.0158322
19.7397 0.0157015
19.8076 0.0155719
19.8754 0.0154433
19.9433 0.0153158
20.0111 0.0151894
20.0789 0.015064
20.1468 0.0149397
20.2146 0.0148164
20.2824 0.0146941
20.3503 0.0145728
20.4181 0.0144525
20.486 0.0143333
20.5538 0.014215
20.6216 0.0140977
20.6895 0.0139814
20.7573 0.0138661
20.8252 0.0137517
20.893 0.0136383
20.9608 0.0135258
21.0287 0.0134142
21.0965 0.0133036
21.1643 0.0131939
21.2322 0.0130851
21.3 0.0129772
21.3679 0.0128702
21.4357 0.0127641
21.5035 0.0126589
21.5714 0.0125546
21.6392 0.0124511
21.7071 0.0123485
21.7749 0.0122467
21.8427 0.0121458
21.9106 0.0120457
21.9784 0.0119465
22.0462 0.0118481
22.1141 0.0117505
22.1819 0.0116537
22.2498 0.0115577
22.3176 0.0114626
22.3854 0.0113682
22.4533 0.0112746
22.5211 0.0111818
22.589 0.0110897
22.6568 0.0109984
22.7246 0.0109079
22.7925 0.0108182
22.8603 0.0107291
22.9281 0.0106409
22.996 0.0105533
23.0638 0.0104665
23.1317 0.0103804
23.1995 0.0102951
23.2673 0.0102104
23.3352 0.0101264
23.403 0.0100432
23.4709 0.00996061
23.5387 0.00987873
23.6065 0.00979754
23.6744 0.00971702
23.7422 0.00963717
23.81 0.00955798
23.8779 0.00947946
23.9457 0.00940158
24.0136 0.00932436
24.0814 0.00924778
24.1492 0.00917183
24.2171 0.00909652
24.2849 0.00902183
24.3528 0.00894776
24.4206 0.00887432
24.4884 0.00880148
24.5563 0.00872925
24.6241 0.00865761
24.6919 0.00858658
24.7598 0.00851613
24.8276 0.00844627
24.8955 0.008377
24.9633 0.00830829
25.0311 0.00824016
25.099 0.0081726
25.1668 0.00810559
25.2347 0.00803915
25.3025 0.00797325
25.3703 0.00790791
25.4382 0.0078431
25.506 0.00777884
25.5738 0.00771511
25.6417 0.00765191
25.7095 0.00758923
25.7774 0.00752707
25.8452 0.00746543
25.913 0.00740431
25.9809 0.00734369
26.0487 0.00728357
26.1166 0.00722395
26.1844 0.00716483
26.2522 0.0071062
26.3201 0.00704805
26.3879 0.00699039
26.4557 0.0069332
26.5236 0.00687649
26.5914 0.00682025
26.6593 0.00676448
26.7271 0.00670917
26.7949 0.00665432
26.8628 0.00659992
26.9306 0.00654598
26.9985 0.00649248
27.0663 0.00643943
27.1341 0.00638681
27.202 0.00633463
27.2698 0.00628289
27.3376 0.00623157
27.4055 0.00618068
27.4733 0.00613021
27.5412 0.00608015
27.609 0.00603052
27.6768 0.00598129
27.7447 0.00593247
27.8125 0.00588405
27.8804 0.00583604
27.9482 0.00578842
28.016 0.0057412
28.0839 0.00569437
28.1517 0.00564793
28.2195 0.00560187
28.2874 0.00555619
28.3552 0.00551089
28.4231 0.00546596
28.4909 0.00542141
28.5587 0.00537722
28.6266 0.0053334
28.6944 0.00528994
28.7623 0.00524684
28.8301 0.0052041
28.8979 0.00516171
28.9658 0.00511967
29.0336 0.00507798
29.1014 0.00503663
29.1693 0.00499563
29.2371 0.00495496
29.305 0.00491463
29.3728 0.00487463
29.4406 0.00483496
29.5085 0.00479562
29.5763 0.00475661
29.6442 0.00471791
29.712 0.00467954
29.7798 0.00464148
29.8477 0.00460374
29.9155 0.00456631
29.9833 0.00452918
30.0512 0.00449236
30.119 0.00445585
30.1869 0.00441964
30.2547 0.00438372
30.3225 0.00434811
30.3904 0.00431278
30.4582 0.00427775
30.5261 0.004243
30.5939 0.00420854
30.6617 0.00417437
30.7296 0.00414048
30.7974 0.00410686
30.8652 0.00407352
30.9331 0.00404046
31.0009 0.00400767
31.0688 0.00397515
31.1366 0.0039429
31.2044 0.00391091
31.2723 0.00387919
31.3401 0.00384772
31.408 0.00381652
31.4758 0.00378557
31.5436 0.00375488
31.6115 0.00372444
31.6793 0.00369425
31.7471 0.0036643
31.815 0.00363461
31.8828 0.00360515
31.9507 0.00357594
32.0185 0.00354697
32.0863 0.00351824
32.1542 0.00348975
32.222 0.00346148
32.2899 0.00343345
32.3577 0.00340565
32.4255 0.00337808
32.4934 0.00335074
32.5612 0.00332362
32.629 0.00329672
32.6969 0.00327004
32.7647 0.00324358
32.8326 0.00321734
32.9004 0.00319131
32.9682 0.0031655
33.0361 0.0031399
33.1039 0.00311451
33.1717 0.00308932
33.2396 0.00306435
33.3074 0.00303958
33.3753 0.00301501
33.4431 0.00299064
33.5109 0.00296647
33.5788 0.0029425
33.6466 0.00291873
33.7145 0.00289515
33.7823 0.00287176
33.8501 0.00284857
33.918 0.00282556
33.9858 0.00280275
34.0536 0.00278012
34.1215 0.00275767
34.1893 0.00273541
34.2572 0.00271334
34.325 0.00269144
34.3928 0.00266972
34.4607 0.00264818
34.5285 0.00262681
34.5964 0.00260562
34.6642 0.00258461
34.732 0.00256376
34.7999 0.00254309
34.8677 0.00252258
34.9355 0.00250224
35.0034 0.00248207
35.0712 0.00246206
35.1391 0.00244222
35.2069 0.00242254
35.2747 0.00240302
35.3426 0.00238365
35.4104 0.00236445
35.4783 0.0023454
35.5461 0.00232651
35.6139 0.00230777
35.6818 0.00228919
35.7496 0.00227076
35.8174 0.00225247
35.8853 0.00223434
35.9531 0.00221636
36.021 0.00219852
36.0888 0.00218082
36.1566 0.00216327
36.2245 0.00214587
36.2923 0.0021286
36.3602 0.00211148
36.428 0.0020945
36.4958 0.00207765
36.5637 0.00206094
36.6315 0.00204437
36.6993 0.00202793
36.7672 0.00201163
36.835 0.00199546
36.9029 0.00197942
36.9707 0.00196351
37.0385 0.00194773
37.1064 0.00193208
37.1742 0.00191656
37.2421 0.00190116
37.3099 0.00188589
37.3777 0.00187074
37.4456 0.00185572
37.5134 0.00184082
37.5812 0.00182604
37.6491 0.00181138
37.7169 0.00179683
37.7848 0.00178241
37.8526 0.0017681
37.9204 0.00175391
37.9883 0.00173984
38.0561 0.00172588
38.124 0.00171203
38.1918 0.0016983
38.2596 0.00168468
38.3275 0.00167116
38.3953 0.00165776
38.4631 0.00164447
38.531 0.00163128
38.5988 0.0016182
38.6667 0.00160523
38.7345 0.00159236
38.8023 0.0015796
38.8702 0.00156694
38.938 0.00155439
39.0059 0.00154193
39.0737 0.00152958
39.1415 0.00151732
39.2094 0.00150517
39.2772 0.00149311
39.345 0.00148116
39.4129 0.00146929
39.4807 0.00145753
39.5486 0.00144586
39.6164 0.00143428
39.6842 0.0014228
39.7521 0.00141141
39.8199 0.00140012
39.8878 0.00138891
39.9556 0.0013778
40.0234 0.00136678
40.0913 0.00135584
40.1591 0.001345
40.2269 0.00133424
40.2948 0.00132357
40.3626 0.00131298
40.4305 0.00130248
40.4983 0.00129207
40.5661 0.00128174
40.634 0.00127149
40.7018 0.00126133
40.7697 0.00125125
40.8375 0.00124125
40.9053 0.00123133
40.9732 0.00122149
41.041 0.00121173
41.1088 0.00120205
41.1767 0.00119245
41.2445 0.00118292
41.3124 0.00117347
41.3802 0.0011641
41.448 0.00115481
41.5159 0.00114559
41.5837 0.00113644
41.6516 0.00112737
41.7194 0.00111837
41.7872 0.00110944
41.8551 0.00110059
41.9229 0.0010918
41.9907 0.00108309
42.0586 0.00107445
42.1264 0.00106588
42.1943 0.00105738
42.2621 0.00104894
42.3299 0.00104057
42.3978 0.00103228
42.4656 0.00102404
42.5335 0.00101588
42.6013 0.00100778
42.6691 0.000999745
42.737 0.000991775
42.8048 0.00098387
42.8726 0.000976028
42.9405 0.00096825
43.0083 0.000960534
43.0762 0.00095288
43.144 0.000945288
43.2118 0.000937757
43.2797 0.000930287
43.3475 0.000922877
43.4154 0.000915527
43.4832 0.000908235
43.551 0.000901003
43.6189 0.000893829
43.6867 0.000886712
43.7545 0.000879653
43.8224 0.00087265
43.8902 0.000865704
43.9581 0.000858814
44.0259 0.000851979
44.0937 0.000845199
44.1616 0.000838474
44.2294 0.000831802
44.2973 0.000825185
44.3651 0.00081862
44.4329 0.000812109
44.5008 0.00080565
44.5686 0.000799242
44.6364 0.000792886
44.7043 0.000786581
44.7721 0.000780327
44.84 0.000774123
44.9078 0.000767969
44.9756 0.000761865
45.0435 0.000755809
45.1113 0.000749802
45.1792 0.000743843
45.247 0.000737933
45.3148 0.000732069
45.3827 0.000726253
45.4505 0.000720483
45.5183 0.00071476
45.5862 0.000709082
45.654 0.00070345
45.7219 0.000697864
45.7897 0.000692322
45.8575 0.000686824
45.9254 0.000681371
45.9932 0.000675961
46.0611 0.000670595
46.1289 0.000665272
46.1967 0.000659992
46.2646 0.000654753
46.3324 0.000649557
46.4002 0.000644403
46.4681 0.00063929
46.5359 0.000634217
46.6038 0.000629186
46.6716 0.000624195
46.7394 0.000619243
46.8073 0.000614332
46.8751 0.000609459
46.9429 0.000604626
47.0108 0.000599832
47.0786 0.000595076
47.1465 0.000590357
47.2143 0.000585677
47.2821 0.000581034
47.35 0.000576429
47.4178 0.00057186
47.4857 0.000567328
47.5535 0.000562832
47.6213 0.000558372
47.6892 0.000553948
47.757 0.000549559
47.8248 0.000545205
47.8927 0.000540886
47.9605 0.000536602
48.0284 0.000532351
48.0962 0.000528135
48.164 0.000523953
48.2319 0.000519804
48.2997 0.000515688
48.3676 0.000511605
48.4354 0.000507555
48.5032 0.000503537
48.5711 0.000499551
48.6389 0.000495597
48.7067 0.000491674
48.7746 0.000487783
48.8424 0.000483923
48.9103 0.000480094
48.9781 0.000476296
49.0459 0.000472528
49.1138 0.000468789
49.1816 0.000465081
49.2495 0.000461402
49.3173 0.000457753
49.3851 0.000454133
49.453 0.000450542
49.5208 0.000446979
49.5886 0.000443445
49.6565 0.000439939
49.7243 0.000436461
49.7922 0.000433011
49.86 0.000429588
49.9278 0.000426192
49.9957 0.000422824
50.0635 0.000419483
50.1314 0.000416168
50.1992 0.000412879
50.267 0.000409617
50.3349 0.000406381
50.4027 0.000403171
50.4705 0.000399986
50.5384 0.000396826
50.6062 0.000393692
50.6741 0.000390583
50.7419 0.000387498
50.8097 0.000384439
50.8776 0.000381403
50.9454 0.000378392
51.0133 0.000375404
51.0811 0.000372441
51.1489 0.000369501
51.2168 0.000366584
51.2846 0.000363691
51.3524 0.000360821
51.4203 0.000357973
51.4881 0.000355148
51.556 0.000352346
51.6238 0.000349566
51.6916 0.000346808
51.7595 0.000344072
51.8273 0.000341358
51.8952 0.000338666
51.963 0.000335995
52.0308 0.000333345
52.0987 0.000330716
52.1665 0.000328108
52.2343 0.000325521
52.3022 0.000322954
52.37 0.000320408
52.4379 0.000317882
52.5057 0.000315377
52.5735 0.000312891
52.6414 0.000310425
52.7092 0.000307978
52.7771 0.000305551
52.8449 0.000303143
52.9127 0.000300755
52.9806 0.000298385
53.0484 0.000296034
53.1162 0.000293702
53.1841 0.000291388
53.2519 0.000289093
53.3198 0.000286816
53.3876 0.000284557
53.4554 0.000282316
53.5233 0.000280093
53.5911 0.000277887
53.659 0.000275699
53.7268 0.000273528
53.7946 0.000271375
53.8625 0.000269239
53.9303 0.000267119
53.9981 0.000265017
54.066 0.000262931
54.1338 0.000260861
54.2017 0.000258809
54.2695 0.000256772
54.3373 0.000254751
54.4052 0.000252747
54.473 0.000250758
54.5409 0.000248786
54.6087 0.000246829
54.6765 0.000244887
54.7444 0.000242961
54.8122 0.00024105
54.88 0.000239154
54.9479 0.000237273
55.0157 0.000235407
55.0836 0.000233556
55.1514 0.00023172
55.2192 0.000229898
55.2871 0.000228091
55.3549 0.000226298
55.4228 0.000224519
55.4906 0.000222754
55.5584 0.000221003
55.6263 0.000219266
55.6941 0.000217543
55.7619 0.000215834
55.8298 0.000214138
55.8976 0.000212455
55.9655 0.000210786
56.0333 0.00020913
56.1011 0.000207487
56.169 0.000205857
56.2368 0.00020424
56.3047 0.000202636
56.3725 0.000201045
56.4403 0.000199466
56.5082 0.000197899
56.576 0.000196345
56.6438 0.000194804
56.7117 0.000193274
56.7795 0.000191757
56.8474 0.000190251
56.9152 0.000188758
56.983 0.000187276
57.0509 0.000185806
57.1187 0.000184348
57.1866 0.000182901
57.2544 0.000181466
57.3222 0.000180042
57.3901 0.000178629
57.4579 0.000177228
57.5257 0.000175837
57.5936 0.000174458
57.6614 0.000173089
57.7293 0.000171731
57.7971 0.000170384
57.8649 0.000169048
57.9328 0.000167722
58.0006 0.000166407
58.0685 0.000165102
58.1363 0.000163807
58.2041 0.000162522
58.272 0.000161248
58.3398 0.000159984
58.4076 0.00015873
58.4755 0.000157485
58.5433 0.000156251
58.6112 0.000155026
58.679 0.000153811
58.7468 0.000152606
58.8147 0.00015141
58.8825 0.000150223
58.9504 0.000149046
59.0182 0.000147878
59.086 0.000146719
59.1539 0.00014557
59.2217 0.000144429
59.2895 0.000143298
59.3574 0.000142175
59.4252 0.000141062
59.4931 0.000139957
59.5609 0.000138861
59.6287 0.000137773
59.6966 0.000136694
59.7644 0.000135624
59.8322 0.000134562
59.9001 0.000133508
59.9679 0.000132463
60.0358 0.000131426
60.1036 0.000130397
60.1714 0.000129376
60.2393 0.000128363
60.3071 0.000127359
60.375 0.000126362
60.4428 0.000125373
60.5106 0.000124392
60.5785 0.000123418
60.6463 0.000122453
60.7141 0.000121494
60.782 0.000120544
60.8498 0.000119601
60.9177 0.000118665
60.9855 0.000117737
61.0533 0.000116816
61.1212 0.000115902
61.189 0.000114995
61.2569 0.000114096
61.3247 0.000113204
61.3925 0.000112318
61.4604 0.00011144
61.5282 0.000110569
61.596 0.000109704
61.6639 0.000108846
61.7317 0.000107995
61.7996 0.000107151
61.8674 0.000106313
61.9352 0.000105482
62.0031 0.000104658
62.0709 0.00010384
62.1388 0.000103028
62.2066 0.000102223
62.2744 0.000101424
62.3423 0.000100631
62.4101 9.98451e-05
62.4779 9.9065e-05
62.5458 9.82909e-05
62.6136 9.7523e-05
62.6815 9.67611e-05
62.7493 9.60052e-05
62.8171 9.52552e-05
62.885 9.45111e-05
62.9528 9.37729e-05
63.0207 9.30405e-05
63.0885 9.23139e-05
63.1563 9.15929e-05
63.2242 9.08776e-05
63.292 9.0168e-05
63.3598 8.94639e-05
63.4277 8.87654e-05
63.4955 8.80723e-05
63.5634 8.73847e-05
63.6312 8.67025e-05
63.699 8.60257e-05
63.7669 8.53542e-05
63.8347 8.46879e-05
63.9026 8.40269e-05
63.9704 8.33711e-05
64.0382 8.27204e-05
64.1061 8.20748e-05
64.1739 8.14344e-05
64.2417 8.07989e-05
64.3096 8.01684e-05
64.3774 7.95429e-05
64.4453 7.89223e-05
64.5131 7.83066e-05
64.5809 7.76957e-05
64.6488 7.70896e-05
64.7166 7.64883e-05
64.7845 7.58916e-05
64.8523 7.52997e-05
64.9201 7.47124e-05
64.988 7.41297e-05
65.0558 7.35516e-05
65.1236 7.2978e-05
65.1915 7.2409e-05
65.2593 7.18444e-05
65.3272 7.12842e-05
65.395 7.07284e-05
65.4628 7.0177e-05
65.5307 6.96299e-05
65.5985 6.90871e-05
65.6664 6.85485e-05
65.7342 6.80142e-05
65.802 6.74841e-05
65.8699 6.69581e-05
65.9377 6.64363e-05
66.0055 6.59185e-05
66.0734 6.54048e-05
66.1412 6.48951e-05
66.2091 6.43895e-05
66.2769 6.38878e-05
66.3447 6.339e-05
66.4126 6.28961e-05
66.4804 6.24061e-05
66.5483 6.19199e-05
66.6161 6.14376e-05
66.6839 6.0959e-05
66.7518 6.04842e-05
66.8196 6.00131e-05
66.8874 5.95457e-05
66.9553 5.90819e-05
67.0231 5.86218e-05
67.091 5.81653e-05
67.1588 5.77124e-05
67.2266 5.7263e-05
67.2945 5.68171e-05
67.3623 5.63748e-05
67.4302 5.59359e-05
67.498 5.55004e-05
67.5658 5.50683e-05
67.6337 5.46397e-05
67.7015 5.42143e-05
67.7693 5.37924e-05
67.8372 5.33737e-05
67.905 5.29583e-05
67.9729 5.25461e-05
68.0407 5.21372e-05
68.1085 5.17315e-05
68.1764 5.13289e-05
68.2442 5.09295e-05
68.3121 5.05332e-05
68.3799 5.01401e-05
