-16.7066 8.07363e-05
-16.6757 8.17905e-05
-16.6447 8.28587e-05
-16.6138 8.39411e-05
-16.5828 8.50378e-05
-16.5518 8.61491e-05
-16.5209 8.72752e-05
-16.4899 8.84162e-05
-16.459 8.95724e-05
-16.428 9.0744e-05
-16.3971 9.19311e-05
-16.3661 9.3134e-05
-16.3352 9.4353e-05
-16.3042 9.55881e-05
-16.2733 9.68397e-05
-16.2423 9.8108e-05
-16.2114 9.93931e-05
-16.1804 0.000100695
-16.1495 0.000102015
-16.1185 0.000103352
-16.0876 0.000104707
-16.0566 0.00010608
-16.0257 0.000107472
-15.9947 0.000108882
-15.9637 0.000110311
-15.9328 0.000111758
-15.9018 0.000113226
-15.8709 0.000114713
-15.8399 0.000116219
-15.809 0.000117746
-15.778 0.000119293
-15.7471 0.000120861
-15.7161 0.00012245
-15.6852 0.00012406
-15.6542 0.000125692
-15.6233 0.000127346
-15.5923 0.000129021
-15.5614 0.00013072
-15.5304 0.00013244
-15.4995 0.000134184
-15.4685 0.000135952
-15.4376 0.000137743
-15.4066 0.000139558
-15.3757 0.000141398
-15.3447 0.000143262
-15.3137 0.000145151
-15.2828 0.000147066
-15.2518 0.000149006
-15.2209 0.000150972
-15.1899 0.000152965
-15.159 0.000154985
-15.128 0.000157032
-15.0971 0.000159106
-15.0661 0.000161208
-15.0352 0.000163339
-15.0042 0.000165498
-14.9733 0.000167686
-14.9423 0.000169904
-14.9114 0.000172152
-14.8804 0.00017443
-14.8495 0.000176739
-14.8185 0.000179079
-14.7876 0.000181451
-14.7566 0.000183854
-14.7256 0.00018629
-14.6947 0.000188759
-14.6637 0.000191262
-14.6328 0.000193798
-14.6018 0.000196369
-14.5709 0.000198974
-14.5399 0.000201615
-14.509 0.000204291
-14.478 0.000207004
-14.4471 0.000209753
-14.4161 0.00021254
-14.3852 0.000215364
-14.3542 0.000218227
-14.3233 0.000221128
-14.2923 0.000224069
-14.2614 0.00022705
-14.2304 0.000230071
-14.1995 0.000233134
-14.1685 0.000236238
-14.1375 0.000239384
-14.1066 0.000242573
-14.0756 0.000245805
-14.0447 0.000249082
-14.0137 0.000252403
-13.9828 0.000255769
-13.9518 0.000259181
-13.9209 0.00026264
-13.8899 0.000266146
-13.859 0.000269699
-13.828 0.000273301
-13.7971 0.000276953
-13.7661 0.000280654
-13.7352 0.000284405
-13.7042 0.000288208
-13.6733 0.000292063
-13.6423 0.000295971
-13.6114 0.000299932
-13.5804 0.000303947
-13.5495 0.000308018
-13.5185 0.000312144
-13.4875 0.000316326
-13.4566 0.000320566
-13.4256 0.000324864
-13.3947 0.000329221
-13.3637 0.000333638
-13.3328 0.000338116
-13.3018 0.000342655
-13.2709 0.000347256
-13.2399 0.00035192
-13.209 0.000356649
-13.178 0.000361443
-13.1471 0.000366303
-13.1161 0.000371229
-13.0852 0.000376224
-13.0542 0.000381287
-13.0233 0.00038642
-12.9923 0.000391624
-12.9614 0.000396899
-12.9304 0.000402248
-12.8994 0.00040767
-12.8685 0.000413167
-12.8375 0.00041874
-12.8066 0.00042439
-12.7756 0.000430118
-12.7447 0.000435926
-12.7137 0.000441814
-12.6828 0.000447783
-12.6518 0.000453835
-12.6209 0.000459971
-12.5899 0.000466192
-12.559 0.0004725
-12.528 0.000478895
-12.4971 0.000485378
-12.4661 0.000491952
-12.4352 0.000498617
-12.4042 0.000505375
-12.3733 0.000512227
-12.3423 0.000519174
-12.3113 0.000526217
-12.2804 0.000533359
-12.2494 0.000540601
-12.2185 0.000547943
-12.1875 0.000555388
-12.1566 0.000562936
-12.1256 0.00057059
-12.0947 0.000578351
-12.0637 0.00058622
-12.0328 0.000594199
-12.0018 0.00060229
-11.9709 0.000610494
-11.9399 0.000618813
-11.909 0.000627249
-11.878 0.000635802
-11.8471 0.000644476
-11.8161 0.000653271
-11.7852 0.000662189
-11.7542 0.000671233
-11.7233 0.000680404
-11.6923 0.000689704
-11.6613 0.000699134
-11.6304 0.000708697
-11.5994 0.000718395
-11.5685 0.000728229
-11.5375 0.000738202
-11.5066 0.000748315
-11.4756 0.000758571
-11.4447 0.000768972
-11.4137 0.00077952
-11.3828 0.000790216
-11.3518 0.000801064
-11.3209 0.000812065
-11.2899 0.000823222
-11.259 0.000834537
-11.228 0.000846012
-11.1971 0.000857649
-11.1661 0.000869452
-11.1352 0.000881422
-11.1042 0.000893561
-11.0732 0.000905874
-11.0423 0.000918361
-11.0113 0.000931026
-10.9804 0.00094387
-10.9494 0.000956898
-10.9185 0.000970111
-10.8875 0.000983513
-10.8566 0.000997105
-10.8256 0.00101089
-10.7947 0.00102487
-10.7637 0.00103906
-10.7328 0.00105344
-10.7018 0.00106803
-10.6709 0.00108283
-10.6399 0.00109785
-10.609 0.00111307
-10.578 0.00112852
-10.5471 0.00114418
-10.5161 0.00116008
-10.4851 0.0011762
-10.4542 0.00119255
-10.4232 0.00120913
-10.3923 0.00122596
-10.3613 0.00124302
-10.3304 0.00126034
-10.2994 0.0012779
-10.2685 0.00129571
-10.2375 0.00131379
-10.2066 0.00133212
-10.1756 0.00135072
-10.1447 0.00136958
-10.1137 0.00138872
-10.0828 0.00140814
-10.0518 0.00142784
-10.0209 0.00144782
-9.98991 0.0014681
-9.95896 0.00148866
-9.928 0.00150953
-9.89705 0.0015307
-9.8661 0.00155218
-9.83515 0.00157397
-9.80419 0.00159607
-9.77324 0.0016185
-9.74229 0.00164126
-9.71134 0.00166435
-9.68038 0.00168777
-9.64943 0.00171154
-9.61848 0.00173565
-9.58752 0.00176012
-9.55657 0.00178495
-9.52562 0.00181014
-9.49467 0.0018357
-9.46371 0.00186163
-9.43276 0.00188795
-9.40181 0.00191465
-9.37086 0.00194174
-9.3399 0.00196924
-9.30895 0.00199713
-9.278 0.00202544
-9.24705 0.00205417
-9.21609 0.00208332
-9.18514 0.0021129
-9.15419 0.00214292
-9.12324 0.00217338
-9.09228 0.0022043
-9.06133 0.00223567
-9.03038 0.0022675
-8.99943 0.00229981
-8.96847 0.0023326
-8.93752 0.00236588
-8.90657 0.00239965
-8.87562 0.00243392
-8.84466 0.00246871
-8.81371 0.00250401
-8.78276 0.00253984
-8.75181 0.00257621
-8.72085 0.00261312
-8.6899 0.00265058
-8.65895 0.0026886
-8.628 0.00272719
-8.59704 0.00276636
-8.56609 0.00280612
-8.53514 0.00284648
-8.50419 0.00288744
-8.47323 0.00292902
-8.44228 0.00297122
-8.41133 0.00301406
-8.38038 0.00305755
-8.34942 0.0031017
-8.31847 0.00314651
-8.28752 0.003192
-8.25657 0.00323817
-8.22561 0.00328505
-8.19466 0.00333264
-8.16371 0.00338095
-8.13276 0.00343
-8.1018 0.00347979
-8.07085 0.00353034
-8.0399 0.00358166
-8.00895 0.00363376
-7.97799 0.00368666
-7.94704 0.00374037
-7.91609 0.0037949
-7.88513 0.00385026
-7.85418 0.00390648
-7.82323 0.00396355
-7.79228 0.0040215
-7.76132 0.00408034
-7.73037 0.00414009
-7.69942 0.00420076
-7.66847 0.00426236
-7.63751 0.00432492
-7.60656 0.00438844
-7.57561 0.00445294
-7.54466 0.00451844
-7.5137 0.00458496
-7.48275 0.00465251
-7.4518 0.00472111
-7.42085 0.00479077
-7.38989 0.00486152
-7.35894 0.00493337
-7.32799 0.00500634
-7.29704 0.00508046
-7.26608 0.00515572
-7.23513 0.00523217
-7.20418 0.00530982
-7.17323 0.00538868
-7.14227 0.00546878
-7.11132 0.00555014
-7.08037 0.00563278
-7.04942 0.00571673
-7.01846 0.00580199
-6.98751 0.00588861
-6.95656 0.00597659
-6.92561 0.00606596
-6.89465 0.00615676
-6.8637 0.00624899
-6.83275 0.00634268
-6.8018 0.00643787
-6.77084 0.00653457
-6.73989 0.00663282
-6.70894 0.00673263
-6.67799 0.00683404
-6.64703 0.00693707
-6.61608 0.00704175
-6.58513 0.00714811
-6.55418 0.00725618
-6.52322 0.00736599
-6.49227 0.00747756
-6.46132 0.00759094
-6.43037 0.00770614
-6.39941 0.00782321
-6.36846 0.00794217
-6.33751 0.00806306
-6.30655 0.00818592
-6.2756 0.00831077
-6.24465 0.00843765
-6.2137 0.0085666
-6.18274 0.00869765
-6.15179 0.00883085
-6.12084 0.00896622
-6.08989 0.00910381
-6.05893 0.00924366
-6.02798 0.00938581
-5.99703 0.0095303
-5.96608 0.00967717
-5.93512 0.00982647
-5.90417 0.00997823
-5.87322 0.0101325
-5.84227 0.0102893
-5.81131 0.0104488
-5.78036 0.0106108
-5.74941 0.0107756
-5.71846 0.0109432
-5.6875 0.0111135
-5.65655 0.0112867
-5.6256 0.0114627
-5.59465 0.0116418
-5.56369 0.0118238
-5.53274 0.0120089
-5.50179 0.0121972
-5.47084 0.0123886
-5.43988 0.0125832
-5.40893 0.0127811
-5.37798 0.0129824
-5.34703 0.0131872
-5.31607 0.0133954
-5.28512 0.0136071
-5.25417 0.0138225
-5.22322 0.0140415
-5.19226 0.0142643
-5.16131 0.0144909
-5.13036 0.0147215
-5.09941 0.014956
-5.06845 0.0151945
-5.0375 0.0154372
-5.00655 0.015684
-4.9756 0.0159352
-4.94464 0.0161907
-4.91369 0.0164506
-4.88274 0.0167151
-4.85179 0.0169842
-4.82083 0.017258
-4.78988 0.0175366
-4.75893 0.0178201
-4.72798 0.0181086
-4.69702 0.0184022
-4.66607 0.0187009
-4.63512 0.019005
-4.60416 0.0193144
-4.57321 0.0196293
-4.54226 0.0199498
-4.51131 0.0202761
-4.48035 0.0206081
-4.4494 0.0209461
-4.41845 0.0212902
-4.3875 0.0216404
-4.35654 0.0219969
-4.32559 0.0223599
-4.29464 0.0227294
-4.26369 0.0231056
-4.23273 0.0234886
-4.20178 0.0238786
-4.17083 0.0242757
-4.13988 0.02468
-4.10892 0.0250917
-4.07797 0.0255109
-4.04702 0.0259378
-4.01607 0.0263726
-3.98511 0.0268154
-3.95416 0.0272664
-3.92321 0.0277257
-3.89226 0.0281935
-3.8613 0.02867
-3.83035 0.0291553
-3.7994 0.0296497
-3.76845 0.0301533
-3.73749 0.0306664
-3.70654 0.0311891
-3.67559 0.0317216
-3.64464 0.0322641
-3.61368 0.0328168
-3.58273 0.03338
-3.55178 0.0339539
-3.52083 0.0345386
-3.48987 0.0351345
-3.45892 0.0357417
-3.42797 0.0363605
-3.39702 0.0369911
-3.36606 0.0376338
-3.33511 0.0382888
-3.30416 0.0389564
-3.27321 0.0396369
-3.24225 0.0403304
-3.2113 0.0410374
-3.18035 0.0417581
-3.1494 0.0424927
-3.11844 0.0432416
-3.08749 0.0440051
-3.05654 0.0447835
-3.02559 0.045577
-2.99463 0.046386
-2.96368 0.0472109
-2.93273 0.0480519
-2.90177 0.0489094
-2.87082 0.0497837
-2.83987 0.0506753
-2.80892 0.0515844
-2.77796 0.0525114
-2.74701 0.0534567
-2.71606 0.0544206
-2.68511 0.0554036
-2.65415 0.056406
-2.6232 0.0574283
-2.59225 0.0584707
-2.5613 0.0595338
-2.53034 0.0606179
-2.49939 0.0617235
-2.46844 0.0628509
-2.43749 0.0640006
-2.40653 0.0651731
-2.37558 0.0663687
-2.34463 0.0675879
-2.31368 0.0688311
-2.28272 0.0700988
-2.25177 0.0713914
-2.22082 0.0727093
-2.18987 0.074053
-2.15891 0.075423
-2.12796 0.0768196
-2.09701 0.0782432
-2.06606 0.0796944
-2.0351 0.0811735
-2.00415 0.082681
-1.9732 0.0842171
-1.94225 0.0857824
-1.91129 0.0873771
-1.88034 0.0890017
-1.84939 0.0906564
-1.81844 0.0923416
-1.78748 0.0940576
-1.75653 0.0958046
-1.72558 0.0975828
-1.69463 0.0993923
-1.66367 0.101233
-1.63272 0.103106
-1.60177 0.105011
-1.57082 0.106947
-1.53986 0.108915
-1.50891 0.110914
-1.47796 0.112944
-1.44701 0.115006
-1.41605 0.117098
-1.3851 0.11922
-1.35415 0.121372
-1.32319 0.123552
-1.29224 0.12576
-1.26129 0.127996
-1.23034 0.130257
-1.19938 0.132543
-1.16843 0.134853
-1.13748 0.137184
-1.10653 0.139535
-1.07557 0.141905
-1.04462 0.14429
-1.01367 0.146689
-0.982717 0.149099
-0.951764 0.151517
-0.920812 0.153941
-0.889859 0.156366
-0.858907 0.15879
-0.827954 0.161209
-0.797002 0.163618
-0.766049 0.166014
-0.735097 0.168393
-0.704144 0.170748
-0.673191 0.173076
-0.642239 0.175371
-0.611286 0.177627
-0.580334 0.179841
-0.549381 0.182004
-0.518429 0.184113
-0.487476 0.18616
-0.456524 0.18814
-0.425571 0.190046
-0.394619 0.191874
-0.363666 0.193617
-0.332713 0.195268
-0.301761 0.196823
-0.270808 0.198276
-0.239856 0.199622
-0.208903 0.200856
-0.177951 0.201974
-0.146998 0.202971
-0.116046 0.203844
-0.0850931 0.20459
-0.0541405 0.205207
-0.023188 0.205691
0.00776457 0.206043
0.0387171 0.206262
0.0696697 0.206346
0.100622 0.206297
0.131575 0.206116
0.162527 0.205804
0.19348 0.205363
0.224432 0.204796
0.255385 0.204107
0.286337 0.203299
0.31729 0.202376
0.348243 0.201342
0.379195 0.200203
0.410148 0.198963
0.4411 0.197627
0.472053 0.196202
0.503005 0.194692
0.533958 0.193102
0.56491 0.19144
0.595863 0.18971
0.626816 0.187918
0.657768 0.186069
0.688721 0.184169
0.719673 0.182223
0.750626 0.180236
0.781578 0.178213
0.812531 0.176158
0.843483 0.174077
0.874436 0.171974
0.905388 0.169852
0.936341 0.167715
0.967294 0.165568
0.998246 0.163413
1.0292 0.161255
1.06015 0.159095
1.0911 0.156936
1.12206 0.154782
1.15301 0.152634
1.18396 0.150495
1.21491 0.148367
1.24587 0.146251
1.27682 0.14415
1.30777 0.142064
1.33872 0.139996
1.36968 0.137946
1.40063 0.135915
1.43158 0.133905
1.46253 0.131916
1.49349 0.12995
1.52444 0.128006
1.55539 0.126086
1.58634 0.124189
1.6173 0.122317
1.64825 0.120469
1.6792 0.118646
1.71015 0.116848
1.74111 0.115075
1.77206 0.113328
1.80301 0.111606
1.83396 0.109909
1.86492 0.108237
1.89587 0.106591
1.92682 0.10497
1.95778 0.103374
1.98873 0.101802
2.01968 0.100256
2.05063 0.0987336
2.08159 0.0972356
2.11254 0.0957616
2.14349 0.0943113
2.17444 0.0928846
2.2054 0.091481
2.23635 0.0901004
2.2673 0.0887424
2.29825 0.0874067
2.32921 0.0860931
2.36016 0.0848011
2.39111 0.0835306
2.42206 0.0822811
2.45302 0.0810524
2.48397 0.0798442
2.51492 0.0786561
2.54587 0.0774878
2.57683 0.0763389
2.60778 0.0752093
2.63873 0.0740985
2.66968 0.0730062
2.70064 0.0719322
2.73159 0.070876
2.76254 0.0698375
2.79349 0.0688162
2.82445 0.067812
2.8554 0.0668245
2.88635 0.0658533
2.9173 0.0648983
2.94826 0.0639591
2.97921 0.0630355
3.01016 0.0621271
3.04111 0.0612337
3.07207 0.0603551
3.10302 0.0594909
3.13397 0.0586409
3.16492 0.0578048
3.19588 0.0569824
3.22683 0.0561735
3.25778 0.0553777
3.28873 0.0545949
3.31969 0.0538249
3.35064 0.0530673
3.38159 0.0523219
3.41254 0.0515886
3.4435 0.0508671
3.47445 0.0501572
3.5054 0.0494587
3.53635 0.0487714
3.56731 0.048095
3.59826 0.0474294
3.62921 0.0467744
3.66017 0.0461298
3.69112 0.0454954
3.72207 0.044871
3.75302 0.0442565
3.78398 0.0436516
3.81493 0.0430562
3.84588 0.0424701
3.87683 0.0418931
3.90779 0.0413251
3.93874 0.040766
3.96969 0.0402155
4.00064 0.0396735
4.0316 0.0391399
4.06255 0.0386145
4.0935 0.0380972
4.12445 0.0375877
4.15541 0.0370861
4.18636 0.0365921
4.21731 0.0361056
4.24826 0.0356265
4.27922 0.0351547
4.31017 0.0346899
4.34112 0.0342322
4.37207 0.0337813
4.40303 0.0333372
4.43398 0.0328998
4.46493 0.0324689
4.49588 0.0320443
4.52684 0.0316261
4.55779 0.0312141
4.58874 0.0308082
4.61969 0.0304083
4.65065 0.0300142
4.6816 0.029626
4.71255 0.0292434
4.7435 0.0288664
4.77446 0.0284949
4.80541 0.0281288
4.83636 0.0277681
4.86731 0.0274125
4.89827 0.0270621
4.92922 0.0267168
4.96017 0.0263764
4.99112 0.0260409
5.02208 0.0257102
5.05303 0.0253843
5.08398 0.025063
5.11493 0.0247462
5.14589 0.024434
5.17684 0.0241262
5.20779 0.0238227
5.23874 0.0235236
5.2697 0.0232286
5.30065 0.0229378
5.3316 0.0226511
5.36256 0.0223683
5.39351 0.0220896
5.42446 0.0218147
5.45541 0.0215436
5.48637 0.0212763
5.51732 0.0210128
5.54827 0.0207528
5.57922 0.0204965
5.61018 0.0202436
5.64113 0.0199943
5.67208 0.0197484
5.70303 0.0195058
5.73399 0.0192666
5.76494 0.0190306
5.79589 0.0187978
5.82684 0.0185682
5.8578 0.0183417
5.88875 0.0181183
5.9197 0.0178979
5.95065 0.0176805
5.98161 0.017466
6.01256 0.0172544
6.04351 0.0170456
6.07446 0.0168396
6.10542 0.0166364
6.13637 0.0164359
6.16732 0.016238
6.19827 0.0160428
6.22923 0.0158502
6.26018 0.0156601
6.29113 0.0154726
6.32208 0.0152875
6.35304 0.0151049
6.38399 0.0149246
6.41494 0.0147468
6.44589 0.0145712
6.47685 0.014398
6.5078 0.014227
6.53875 0.0140583
6.5697 0.0138917
6.60066 0.0137274
6.63161 0.0135651
6.66256 0.013405
6.69351 0.0132469
6.72447 0.0130909
6.75542 0.0129369
6.78637 0.0127849
6.81732 0.0126348
6.84828 0.0124867
6.87923 0.0123404
6.91018 0.0121961
6.94114 0.0120535
6.97209 0.0119128
7.00304 0.0117739
7.03399 0.0116368
7.06495 0.0115014
7.0959 0.0113677
7.12685 0.0112357
7.1578 0.0111054
7.18876 0.0109767
7.21971 0.0108497
7.25066 0.0107242
7.28161 0.0106004
7.31257 0.0104781
7.34352 0.0103573
7.37447 0.010238
7.40542 0.0101202
7.43638 0.0100039
7.46733 0.00988908
7.49828 0.00977566
7.52923 0.00966365
7.56019 0.00955303
7.59114 0.00944378
7.62209 0.00933589
7.65304 0.00922933
7.684 0.00912409
7.71495 0.00902014
7.7459 0.00891748
7.77685 0.00881608
7.80781 0.00871593
7.83876 0.00861701
7.86971 0.0085193
7.90066 0.00842278
7.93162 0.00832745
7.96257 0.00823328
7.99352 0.00814026
8.02447 0.00804837
8.05543 0.0079576
8.08638 0.00786793
8.11733 0.00777936
8.14828 0.00769185
8.17924 0.00760541
8.21019 0.00752001
8.24114 0.00743564
8.27209 0.00735229
8.30305 0.00726994
8.334 0.00718859
8.36495 0.00710821
8.3959 0.0070288
8.42686 0.00695035
8.45781 0.00687283
8.48876 0.00679624
8.51971 0.00672056
8.55067 0.00664579
8.58162 0.00657191
8.61257 0.00649891
8.64353 0.00642678
8.67448 0.00635551
8.70543 0.00628508
8.73638 0.00621549
8.76734 0.00614672
8.79829 0.00607877
8.82924 0.00601162
8.86019 0.00594526
8.89115 0.00587969
8.9221 0.00581489
8.95305 0.00575085
8.984 0.00568756
9.01496 0.00562502
9.04591 0.00556321
9.07686 0.00550213
9.10781 0.00544176
9.13877 0.0053821
9.16972 0.00532314
9.20067 0.00526486
9.23162 0.00520726
9.26258 0.00515034
9.29353 0.00509408
9.32448 0.00503847
9.35543 0.00498351
9.38639 0.00492918
9.41734 0.00487549
9.44829 0.00482242
9.47924 0.00476996
9.5102 0.00471811
9.54115 0.00466686
9.5721 0.0046162
9.60305 0.00456612
9.63401 0.00451662
9.66496 0.00446769
9.69591 0.00441932
9.72686 0.00437151
9.75782 0.00432425
9.78877 0.00427753
9.81972 0.00423134
9.85067 0.00418569
9.88163 0.00414055
9.91258 0.00409593
9.94353 0.00405182
9.97448 0.00400821
10.0054 0.0039651
10.0364 0.00392249
10.0673 0.00388035
10.0983 0.00383869
10.1292 0.00379751
10.1602 0.0037568
10.1912 0.00371654
10.2221 0.00367674
10.2531 0.0036374
10.284 0.00359849
10.315 0.00356003
10.3459 0.003522
10.3769 0.0034844
10.4078 0.00344723
10.4388 0.00341047
10.4697 0.00337412
10.5007 0.00333819
10.5316 0.00330266
10.5626 0.00326752
10.5935 0.00323279
10.6245 0.00319844
10.6554 0.00316447
10.6864 0.00313089
10.7173 0.00309768
10.7483 0.00306484
10.7793 0.00303237
10.8102 0.00300026
10.8412 0.0029685
10.8721 0.00293711
10.9031 0.00290606
10.934 0.00287535
10.965 0.00284499
10.9959 0.00281497
11.0269 0.00278527
11.0578 0.00275591
11.0888 0.00272687
11.1197 0.00269816
11.1507 0.00266976
11.1816 0.00264167
11.2126 0.0026139
11.2435 0.00258643
11.2745 0.00255927
11.3054 0.0025324
11.3364 0.00250583
11.3673 0.00247956
11.3983 0.00245357
11.4293 0.00242787
11.4602 0.00240245
11.4912 0.00237731
11.5221 0.00235244
11.5531 0.00232785
11.584 0.00230352
11.615 0.00227947
11.6459 0.00225567
11.6769 0.00223214
11.7078 0.00220886
11.7388 0.00218584
11.7697 0.00216307
11.8007 0.00214055
11.8316 0.00211827
11.8626 0.00209623
11.8935 0.00207444
11.9245 0.00205288
11.9554 0.00203156
11.9864 0.00201046
12.0174 0.0019896
12.0483 0.00196896
12.0793 0.00194855
12.1102 0.00192836
12.1412 0.00190838
12.1721 0.00188862
12.2031 0.00186908
12.234 0.00184975
12.265 0.00183062
12.2959 0.00181171
12.3269 0.00179299
12.3578 0.00177448
12.3888 0.00175617
12.4197 0.00173805
12.4507 0.00172013
12.4816 0.0017024
12.5126 0.00168486
12.5435 0.00166752
12.5745 0.00165035
12.6055 0.00163337
12.6364 0.00161658
12.6674 0.00159996
12.6983 0.00158352
12.7293 0.00156726
12.7602 0.00155117
12.7912 0.00153525
12.8221 0.00151951
12.8531 0.00150393
12.884 0.00148851
12.915 0.00147327
12.9459 0.00145818
12.9769 0.00144326
13.0078 0.00142849
13.0388 0.00141388
13.0697 0.00139943
13.1007 0.00138513
13.1316 0.00137098
13.1626 0.00135698
13.1935 0.00134313
13.2245 0.00132943
13.2555 0.00131587
13.2864 0.00130246
13.3174 0.00128919
13.3483 0.00127606
13.3793 0.00126307
13.4102 0.00125021
13.4412 0.00123749
13.4721 0.00122491
13.5031 0.00121246
13.534 0.00120014
13.565 0.00118795
13.5959 0.00117588
13.6269 0.00116395
13.6578 0.00115214
13.6888 0.00114046
13.7197 0.00112889
13.7507 0.00111745
13.7816 0.00110613
13.8126 0.00109493
13.8436 0.00108385
13.8745 0.00107288
13.9055 0.00106203
13.9364 0.00105129
13.9674 0.00104066
13.9983 0.00103015
14.0293 0.00101974
14.0602 0.00100945
14.0912 0.000999261
14.1221 0.000989179
14.1531 0.000979203
14.184 0.00096933
14.215 0.000959561
