-6.29709 0.000192733
-6.28397 0.000195846
-6.27086 0.000199011
-6.25775 0.000202227
-6.24464 0.000205496
-6.23153 0.000208818
-6.21842 0.000212194
-6.20531 0.000215626
-6.1922 0.000219114
-6.17908 0.000222659
-6.16597 0.000226263
-6.15286 0.000229925
-6.13975 0.000233647
-6.12664 0.00023743
-6.11353 0.000241275
-6.10042 0.000245183
-6.08731 0.000249155
-6.07419 0.000253193
-6.06108 0.000257296
-6.04797 0.000261467
-6.03486 0.000265707
-6.02175 0.000270016
-6.00864 0.000274395
-5.99553 0.000278847
-5.98242 0.000283372
-5.9693 0.000287971
-5.95619 0.000292645
-5.94308 0.000297397
-5.92997 0.000302227
-5.91686 0.000307136
-5.90375 0.000312126
-5.89064 0.000317197
-5.87753 0.000322353
-5.86441 0.000327593
-5.8513 0.00033292
-5.83819 0.000338334
-5.82508 0.000343838
-5.81197 0.000349432
-5.79886 0.000355118
-5.78575 0.000360898
-5.77264 0.000366774
-5.75952 0.000372746
-5.74641 0.000378817
-5.7333 0.000384988
-5.72019 0.000391261
-5.70708 0.000397638
-5.69397 0.00040412
-5.68086 0.000410709
-5.66775 0.000417407
-5.65463 0.000424216
-5.64152 0.000431137
-5.62841 0.000438173
-5.6153 0.000445325
-5.60219 0.000452595
-5.58908 0.000459986
-5.57597 0.000467499
-5.56286 0.000475136
-5.54974 0.000482901
-5.53663 0.000490793
-5.52352 0.000498817
-5.51041 0.000506973
-5.4973 0.000515265
-5.48419 0.000523695
-5.47108 0.000532264
-5.45797 0.000540975
-5.44485 0.000549831
-5.43174 0.000558835
-5.41863 0.000567987
-5.40552 0.000577292
-5.39241 0.000586752
-5.3793 0.000596368
-5.36619 0.000606145
-5.35308 0.000616084
-5.33996 0.000626189
-5.32685 0.000636462
-5.31374 0.000646906
-5.30063 0.000657523
-5.28752 0.000668318
-5.27441 0.000679293
-5.2613 0.00069045
-5.24819 0.000701794
-5.23507 0.000713327
-5.22196 0.000725052
-5.20885 0.000736973
-5.19574 0.000749093
-5.18263 0.000761415
-5.16952 0.000773943
-5.15641 0.00078668
-5.1433 0.000799631
-5.13018 0.000812797
-5.11707 0.000826184
-5.10396 0.000839795
-5.09085 0.000853634
-5.07774 0.000867705
-5.06463 0.000882011
-5.05152 0.000896556
-5.03841 0.000911346
-5.02529 0.000926383
-5.01218 0.000941672
-4.99907 0.000957218
-4.98596 0.000973025
-4.97285 0.000989097
-4.95974 0.00100544
-4.94663 0.00102205
-4.93352 0.00103895
-4.9204 0.00105613
-4.90729 0.0010736
-4.89418 0.00109136
-4.88107 0.00110942
-4.86796 0.00112778
-4.85485 0.00114646
-4.84174 0.00116544
-4.82863 0.00118475
-4.81551 0.00120439
-4.8024 0.00122435
-4.78929 0.00124465
-4.77618 0.00126529
-4.76307 0.00128628
-4.74996 0.00130763
-4.73685 0.00132933
-4.72374 0.00135141
-4.71062 0.00137385
-4.69751 0.00139668
-4.6844 0.00141989
-4.67129 0.00144349
-4.65818 0.00146749
-4.64507 0.0014919
-4.63196 0.00151672
-4.61885 0.00154197
-4.60573 0.00156764
-4.59262 0.00159374
-4.57951 0.00162029
-4.5664 0.00164729
-4.55329 0.00167474
-4.54018 0.00170267
-4.52707 0.00173106
-4.51396 0.00175994
-4.50084 0.00178931
-4.48773 0.00181918
-4.47462 0.00184956
-4.46151 0.00188045
-4.4484 0.00191187
-4.43529 0.00194382
-4.42218 0.00197632
-4.40907 0.00200937
-4.39595 0.00204299
-4.38284 0.00207718
-4.36973 0.00211195
-4.35662 0.00214731
-4.34351 0.00218328
-4.3304 0.00221987
-4.31729 0.00225707
-4.30418 0.00229492
-4.29106 0.00233341
-4.27795 0.00237256
-4.26484 0.00241238
-4.25173 0.00245288
-4.23862 0.00249407
-4.22551 0.00253597
-4.2124 0.00257859
-4.19929 0.00262194
-4.18617 0.00266603
-4.17306 0.00271088
-4.15995 0.0027565
-4.14684 0.00280291
-4.13373 0.00285011
-4.12062 0.00289812
-4.10751 0.00294695
-4.0944 0.00299663
-4.08128 0.00304716
-4.06817 0.00309857
-4.05506 0.00315085
-4.04195 0.00320404
-4.02884 0.00325815
-4.01573 0.00331319
-4.00262 0.00336918
-3.98951 0.00342613
-3.97639 0.00348407
-3.96328 0.00354301
-3.95017 0.00360297
-3.93706 0.00366396
-3.92395 0.00372601
-3.91084 0.00378914
-3.89773 0.00385336
-3.88462 0.00391869
-3.8715 0.00398515
-3.85839 0.00405276
-3.84528 0.00412155
-3.83217 0.00419153
-3.81906 0.00426273
-3.80595 0.00433516
-3.79284 0.00440885
-3.77973 0.00448383
-3.76661 0.0045601
-3.7535 0.00463771
-3.74039 0.00471666
-3.72728 0.004797
-3.71417 0.00487873
-3.70106 0.00496188
-3.68795 0.00504649
-3.67484 0.00513258
-3.66172 0.00522016
-3.64861 0.00530928
-3.6355 0.00539995
-3.62239 0.00549222
-3.60928 0.00558609
-3.59617 0.00568161
-3.58306 0.0057788
-3.56995 0.00587769
-3.55683 0.00597832
-3.54372 0.00608071
-3.53061 0.0061849
-3.5175 0.00629091
-3.50439 0.00639879
-3.49128 0.00650857
-3.47817 0.00662027
-3.46506 0.00673394
-3.45194 0.00684961
-3.43883 0.00696732
-3.42572 0.0070871
-3.41261 0.007209
-3.3995 0.00733304
-3.38639 0.00745927
-3.37328 0.00758773
-3.36017 0.00771846
-3.34705 0.0078515
-3.33394 0.00798689
-3.32083 0.00812467
-3.30772 0.0082649
-3.29461 0.00840761
-3.2815 0.00855285
-3.26839 0.00870066
-3.25528 0.00885109
-3.24216 0.0090042
-3.22905 0.00916002
-3.21594 0.00931861
-3.20283 0.00948002
-3.18972 0.0096443
-3.17661 0.00981151
-3.1635 0.00998169
-3.15039 0.0101549
-3.13727 0.0103312
-3.12416 0.0105107
-3.11105 0.0106933
-3.09794 0.0108792
-3.08483 0.0110684
-3.07172 0.011261
-3.05861 0.0114571
-3.0455 0.0116567
-3.03238 0.0118598
-3.01927 0.0120666
-3.00616 0.0122771
-2.99305 0.0124913
-2.97994 0.0127094
-2.96683 0.0129314
-2.95372 0.0131574
-2.94061 0.0133875
-2.92749 0.0136217
-2.91438 0.0138601
-2.90127 0.0141028
-2.88816 0.0143499
-2.87505 0.0146015
-2.86194 0.0148575
-2.84883 0.0151182
-2.83572 0.0153836
-2.8226 0.0156538
-2.80949 0.0159289
-2.79638 0.016209
-2.78327 0.0164941
-2.77016 0.0167844
-2.75705 0.0170799
-2.74394 0.0173808
-2.73083 0.0176872
-2.71771 0.0179991
-2.7046 0.0183167
-2.69149 0.0186401
-2.67838 0.0189693
-2.66527 0.0193045
-2.65216 0.0196458
-2.63905 0.0199934
-2.62594 0.0203472
-2.61282 0.0207076
-2.59971 0.0210745
-2.5866 0.0214481
-2.57349 0.0218285
-2.56038 0.0222158
-2.54727 0.0226103
-2.53416 0.0230119
-2.52105 0.0234209
-2.50793 0.0238374
-2.49482 0.0242616
-2.48171 0.0246935
-2.4686 0.0251333
-2.45549 0.0255812
-2.44238 0.0260373
-2.42927 0.0265018
-2.41616 0.0269749
-2.40304 0.0274566
-2.38993 0.0279472
-2.37682 0.0284468
-2.36371 0.0289557
-2.3506 0.0294739
-2.33749 0.0300016
-2.32438 0.0305391
-2.31127 0.0310866
-2.29815 0.0316441
-2.28504 0.0322119
-2.27193 0.0327902
-2.25882 0.0333792
-2.24571 0.0339791
-2.2326 0.0345901
-2.21949 0.0352125
-2.20638 0.0358463
-2.19326 0.0364919
-2.18015 0.0371495
-2.16704 0.0378192
-2.15393 0.0385014
-2.14082 0.0391962
-2.12771 0.039904
-2.1146 0.0406249
-2.10149 0.0413592
-2.08837 0.0421071
-2.07526 0.0428689
-2.06215 0.0436449
-2.04904 0.0444354
-2.03593 0.0452405
-2.02282 0.0460606
-2.00971 0.0468961
-1.9966 0.047747
-1.98348 0.0486138
-1.97037 0.0494968
-1.95726 0.0503962
-1.94415 0.0513124
-1.93104 0.0522456
-1.91793 0.0531963
-1.90482 0.0541646
-1.89171 0.055151
-1.87859 0.0561559
-1.86548 0.0571794
-1.85237 0.058222
-1.83926 0.0592841
-1.82615 0.060366
-1.81304 0.061468
-1.79993 0.0625906
-1.78682 0.0637341
-1.7737 0.0648989
-1.76059 0.0660854
-1.74748 0.067294
-1.73437 0.0685251
-1.72126 0.0697791
-1.70815 0.0710564
-1.69504 0.0723575
-1.68193 0.0736828
-1.66881 0.0750327
-1.6557 0.0764077
-1.64259 0.0778081
-1.62948 0.0792346
-1.61637 0.0806874
-1.60326 0.0821672
-1.59015 0.0836743
-1.57704 0.0852093
-1.56392 0.0867726
-1.55081 0.0883648
-1.5377 0.0899863
-1.52459 0.0916376
-1.51148 0.0933193
-1.49837 0.0950318
-1.48526 0.0967757
-1.47215 0.0985515
-1.45903 0.10036
-1.44592 0.102201
-1.43281 0.104076
-1.4197 0.105985
-1.40659 0.107928
-1.39348 0.109907
-1.38037 0.111921
-1.36726 0.113971
-1.35414 0.116059
-1.34103 0.118183
-1.32792 0.120346
-1.31481 0.122547
-1.3017 0.124787
-1.28859 0.127067
-1.27548 0.129387
-1.26237 0.131748
-1.24925 0.13415
-1.23614 0.136594
-1.22303 0.13908
-1.20992 0.14161
-1.19681 0.144182
-1.1837 0.146799
-1.17059 0.14946
-1.15748 0.152166
-1.14436 0.154918
-1.13125 0.157716
-1.11814 0.16056
-1.10503 0.163451
-1.09192 0.166389
-1.07881 0.169375
-1.0657 0.172409
-1.05259 0.175491
-1.03947 0.178622
-1.02636 0.181803
-1.01325 0.185032
-1.00014 0.188311
-0.98703 0.19164
-0.973918 0.195019
-0.960807 0.198448
-0.947696 0.201927
-0.934585 0.205457
-0.921473 0.209036
-0.908362 0.212665
-0.895251 0.216345
-0.88214 0.220073
-0.869028 0.223852
-0.855917 0.227679
-0.842806 0.231555
-0.829695 0.235479
-0.816583 0.239451
-0.803472 0.243469
-0.790361 0.247533
-0.77725 0.251643
-0.764138 0.255797
-0.751027 0.259993
-0.737916 0.264232
-0.724805 0.268511
-0.711693 0.272829
-0.698582 0.277185
-0.685471 0.281577
-0.67236 0.286002
-0.659248 0.290459
-0.646137 0.294947
-0.633026 0.299461
-0.619915 0.304
-0.606803 0.308562
-0.593692 0.313143
-0.580581 0.317741
-0.56747 0.322352
-0.554358 0.326973
-0.541247 0.3316
-0.528136 0.33623
-0.515025 0.340859
-0.501913 0.345482
-0.488802 0.350096
-0.475691 0.354696
-0.46258 0.359278
-0.449468 0.363835
-0.436357 0.368365
-0.423246 0.372861
-0.410135 0.377318
-0.397023 0.381731
-0.383912 0.386093
-0.370801 0.3904
-0.35769 0.394646
-0.344578 0.398824
-0.331467 0.402928
-0.318356 0.406953
-0.305245 0.410891
-0.292133 0.414737
-0.279022 0.418485
-0.265911 0.422128
-0.2528 0.42566
-0.239688 0.429075
-0.226577 0.432367
-0.213466 0.435529
-0.200355 0.438556
-0.187243 0.441442
-0.174132 0.444182
-0.161021 0.44677
-0.14791 0.449201
-0.134798 0.45147
-0.121687 0.453572
-0.108576 0.455504
-0.0954646 0.457261
-0.0823533 0.45884
-0.0692421 0.460237
-0.0561308 0.46145
-0.0430196 0.462476
-0.0299083 0.463313
-0.0167971 0.463959
-0.00368582 0.464414
0.00942542 0.464676
0.0225367 0.464746
0.0356479 0.464623
0.0487592 0.464308
0.0618704 0.463803
0.0749817 0.463108
0.0880929 0.462225
0.101204 0.461157
0.114315 0.459907
0.127427 0.458478
0.140538 0.456873
0.153649 0.455095
0.16676 0.45315
0.179872 0.451042
0.192983 0.448774
0.206094 0.446353
0.219205 0.443783
0.232317 0.44107
0.245428 0.438219
0.258539 0.435236
0.27165 0.432127
0.284762 0.428898
0.297873 0.425554
0.310984 0.422103
0.324095 0.418548
0.337207 0.414898
0.350318 0.411158
0.363429 0.407333
0.37654 0.403431
0.389652 0.399456
0.402763 0.395414
0.415874 0.391312
0.428985 0.387154
0.442097 0.382947
0.455208 0.378695
0.468319 0.374404
0.48143 0.370079
0.494542 0.365724
0.507653 0.361345
0.520764 0.356945
0.533875 0.35253
0.546987 0.348103
0.560098 0.343668
0.573209 0.33923
0.58632 0.334791
0.599432 0.330356
0.612543 0.325928
0.625654 0.321509
0.638765 0.317104
0.651877 0.312714
0.664988 0.308342
0.678099 0.303991
0.69121 0.299663
0.704322 0.295361
0.717433 0.291086
0.730544 0.286841
0.743655 0.282627
0.756767 0.278445
0.769878 0.274298
0.782989 0.270187
0.7961 0.266112
0.809212 0.262076
0.822323 0.258079
0.835434 0.254123
0.848545 0.250208
0.861657 0.246334
0.874768 0.242504
0.887879 0.238716
0.90099 0.234973
0.914102 0.231274
0.927213 0.227619
0.940324 0.22401
0.953435 0.220445
0.966547 0.216927
0.979658 0.213453
0.992769 0.210026
1.00588 0.206644
1.01899 0.203309
1.0321 0.200019
1.04521 0.196774
1.05833 0.193576
1.07144 0.190422
1.08455 0.187314
1.09766 0.184251
1.11077 0.181232
1.12388 0.178258
1.13699 0.175328
1.1501 0.172443
1.16322 0.1696
1.17633 0.166801
1.18944 0.164044
1.20255 0.16133
1.21566 0.158658
1.22877 0.156028
1.24188 0.153439
1.25499 0.15089
1.26811 0.148382
1.28122 0.145913
1.29433 0.143484
1.30744 0.141094
1.32055 0.138742
1.33366 0.136428
1.34677 0.134152
1.35988 0.131913
1.373 0.12971
1.38611 0.127543
1.39922 0.125411
1.41233 0.123315
1.42544 0.121253
1.43855 0.119226
1.45166 0.117231
1.46477 0.11527
1.47789 0.113342
1.491 0.111445
1.50411 0.109581
1.51722 0.107747
1.53033 0.105944
1.54344 0.104172
1.55655 0.102429
1.56966 0.100715
1.58278 0.0990307
1.59589 0.0973744
1.609 0.0957461
1.62211 0.0941453
1.63522 0.0925715
1.64833 0.0910244
1.66144 0.0895035
1.67455 0.0880083
1.68767 0.0865386
1.70078 0.0850937
1.71389 0.0836735
1.727 0.0822773
1.74011 0.0809049
1.75322 0.0795558
1.76633 0.0782297
1.77944 0.0769262
1.79256 0.0756448
1.80567 0.0743853
1.81878 0.0731472
1.83189 0.0719303
1.845 0.070734
1.85811 0.0695582
1.87122 0.0684024
1.88433 0.0672663
1.89745 0.0661496
1.91056 0.0650519
1.92367 0.0639729
1.93678 0.0629124
1.94989 0.0618699
1.963 0.0608451
1.97611 0.0598378
1.98922 0.0588477
2.00234 0.0578745
2.01545 0.0569178
2.02856 0.0559774
2.04167 0.0550531
2.05478 0.0541444
2.06789 0.0532513
2.081 0.0523733
2.09411 0.0515103
2.10723 0.0506619
2.12034 0.0498279
2.13345 0.0490081
2.14656 0.0482023
2.15967 0.0474101
2.17278 0.0466313
2.18589 0.0458658
2.199 0.0451132
2.21212 0.0443735
2.22523 0.0436462
2.23834 0.0429312
2.25145 0.0422284
2.26456 0.0415374
2.27767 0.0408582
2.29078 0.0401904
2.30389 0.0395339
2.31701 0.0388885
2.33012 0.0382539
2.34323 0.0376301
2.35634 0.0370168
2.36945 0.0364138
2.38256 0.035821
2.39567 0.0352382
2.40878 0.0346651
2.4219 0.0341018
2.43501 0.0335478
2.44812 0.0330032
2.46123 0.0324677
2.47434 0.0319412
2.48745 0.0314236
2.50056 0.0309146
2.51367 0.0304141
2.52679 0.029922
2.5399 0.0294382
2.55301 0.0289624
2.56612 0.0284946
2.57923 0.0280346
2.59234 0.0275823
2.60545 0.0271375
2.61856 0.0267002
2.63168 0.0262701
2.64479 0.0258472
2.6579 0.0254313
2.67101 0.0250224
2.68412 0.0246202
2.69723 0.0242247
2.71034 0.0238358
2.72345 0.0234534
2.73657 0.0230773
2.74968 0.0227074
2.76279 0.0223436
2.7759 0.0219859
2.78901 0.0216341
2.80212 0.0212881
2.81523 0.0209478
2.82834 0.0206131
2.84146 0.020284
2.85457 0.0199603
2.86768 0.0196419
2.88079 0.0193287
2.8939 0.0190208
2.90701 0.0187178
2.92012 0.0184199
2.93323 0.0181269
2.94635 0.0178386
2.95946 0.0175552
2.97257 0.0172763
2.98568 0.017002
2.99879 0.0167323
3.0119 0.0164669
3.02501 0.0162059
3.03812 0.0159491
3.05124 0.0156966
3.06435 0.0154481
3.07746 0.0152037
3.09057 0.0149634
3.10368 0.0147269
3.11679 0.0144943
3.1299 0.0142654
3.14301 0.0140403
3.15613 0.0138189
3.16924 0.0136011
3.18235 0.0133867
3.19546 0.0131759
3.20857 0.0129685
3.22168 0.0127645
3.23479 0.0125638
3.2479 0.0123663
3.26102 0.012172
3.27413 0.0119809
3.28724 0.0117928
3.30035 0.0116078
3.31346 0.0114258
3.32657 0.0112467
3.33968 0.0110705
3.35279 0.0108972
3.36591 0.0107266
3.37902 0.0105588
3.39213 0.0103937
3.40524 0.0102312
3.41835 0.0100714
3.43146 0.00991412
3.44457 0.00975938
3.45768 0.00960712
3.4708 0.0094573
3.48391 0.00930989
3.49702 0.00916484
3.51013 0.00902211
3.52324 0.00888167
3.53635 0.00874347
3.54946 0.00860749
3.56257 0.00847368
3.57569 0.008342
3.5888 0.00821243
3.60191 0.00808493
3.61502 0.00795946
3.62813 0.00783599
3.64124 0.00771449
3.65435 0.00759493
3.66746 0.00747726
3.68058 0.00736147
3.69369 0.00724752
3.7068 0.00713538
3.71991 0.00702503
3.73302 0.00691642
3.74613 0.00680954
3.75924 0.00670435
3.77235 0.00660083
3.78547 0.00649895
3.79858 0.00639869
3.81169 0.00630001
3.8248 0.00620289
3.83791 0.00610731
3.85102 0.00601323
3.86413 0.00592065
3.87724 0.00582953
3.89036 0.00573984
3.90347 0.00565157
3.91658 0.00556469
3.92969 0.00547918
3.9428 0.00539502
3.95591 0.00531218
3.96902 0.00523064
3.98213 0.00515039
3.99525 0.0050714
4.00836 0.00499365
4.02147 0.00491712
4.03458 0.0048418
4.04769 0.00476765
4.0608 0.00469467
4.07391 0.00462283
4.08702 0.00455212
4.10014 0.00448251
4.11325 0.004414
4.12636 0.00434656
4.13947 0.00428017
4.15258 0.00421482
4.16569 0.00415049
4.1788 0.00408716
4.19191 0.00402483
4.20503 0.00396347
4.21814 0.00390306
4.23125 0.0038436
4.24436 0.00378506
4.25747 0.00372744
4.27058 0.00367071
4.28369 0.00361486
4.2968 0.00355989
4.30992 0.00350577
4.32303 0.00345249
4.33614 0.00340004
4.34925 0.0033484
4.36236 0.00329756
4.37547 0.00324752
4.38858 0.00319825
4.40169 0.00314974
4.41481 0.00310199
4.42792 0.00305497
4.44103 0.00300868
4.45414 0.00296311
4.46725 0.00291825
4.48036 0.00287408
4.49347 0.00283059
4.50658 0.00278777
4.5197 0.00274562
4.53281 0.00270412
4.54592 0.00266325
4.55903 0.00262302
4.57214 0.00258341
4.58525 0.00254441
4.59836 0.00250601
4.61147 0.0024682
4.62459 0.00243097
4.6377 0.00239432
4.65081 0.00235823
4.66392 0.00232269
4.67703 0.00228771
4.69014 0.00225326
4.70325 0.00221934
4.71636 0.00218594
4.72948 0.00215305
4.74259 0.00212067
4.7557 0.00208878
4.76881 0.00205738
4.78192 0.00202647
4.79503 0.00199603
4.80814 0.00196605
4.82125 0.00193653
4.83437 0.00190747
4.84748 0.00187885
4.86059 0.00185067
4.8737 0.00182291
4.88681 0.00179559
4.89992 0.00176868
4.91303 0.00174218
4.92614 0.00171608
4.93926 0.00169039
4.95237 0.00166508
4.96548 0.00164017
4.97859 0.00161563
4.9917 0.00159146
5.00481 0.00156767
5.01792 0.00154423
5.03103 0.00152116
5.04415 0.00149843
5.05726 0.00147605
5.07037 0.00145401
5.08348 0.00143231
5.09659 0.00141093
5.1097 0.00138988
5.12281 0.00136915
5.13592 0.00134874
5.14904 0.00132863
5.16215 0.00130883
5.17526 0.00128933
5.18837 0.00127013
5.20148 0.00125121
5.21459 0.00123259
5.2277 0.00121424
5.24081 0.00119618
5.25393 0.00117838
5.26704 0.00116086
5.28015 0.0011436
5.29326 0.0011266
5.30637 0.00110986
5.31948 0.00109337
5.33259 0.00107713
5.3457 0.00106114
5.35882 0.00104539
5.37193 0.00102988
5.38504 0.0010146
5.39815 0.000999546
5.41126 0.000984723
5.42437 0.000970124
5.43748 0.000955745
5.45059 0.000941583
5.46371 0.000927634
5.47682 0.000913895
5.48993 0.000900363
5.50304 0.000887034
5.51615 0.000873906
5.52926 0.000860975
5.54237 0.000848239
5.55548 0.000835695
5.5686 0.000823338
5.58171 0.000811168
5.59482 0.00079918
5.60793 0.000787372
5.62104 0.000775742
5.63415 0.000764285
5.64726 0.000753001
5.66037 0.000741886
5.67349 0.000730938
5.6866 0.000720153
5.69971 0.000709531
5.71282 0.000699067
5.72593 0.00068876
5.73904 0.000678608
5.75215 0.000668607
5.76526 0.000658756
5.77838 0.000649052
5.79149 0.000639494
5.8046 0.000630078
5.81771 0.000620803
5.83082 0.000611667
5.84393 0.000602667
5.85704 0.000593801
5.87015 0.000585068
5.88327 0.000576465
5.89638 0.000567991
5.90949 0.000559643
5.9226 0.000551419
5.93571 0.000543319
5.94882 0.000535338
5.96193 0.000527477
5.97504 0.000519733
5.98816 0.000512104
6.00127 0.000504589
6.01438 0.000497186
6.02749 0.000489893
6.0406 0.000482708
6.05371 0.00047563
6.06682 0.000468658
6.07993 0.000461789
6.09305 0.000455022
6.10616 0.000448356
6.11927 0.000441789
6.13238 0.000435319
6.14549 0.000428945
6.1586 0.000422666
6.17171 0.00041648
6.18482 0.000410386
6.19794 0.000404383
6.21105 0.000398468
6.22416 0.000392641
6.23727 0.000386901
6.25038 0.000381245
6.26349 0.000375674
6.2766 0.000370184
6.28971 0.000364776
6.30283 0.000359449
6.31594 0.0003542
6.32905 0.000349028
6.34216 0.000343934
6.35527 0.000338914
6.36838 0.000333969
6.38149 0.000329097
6.3946 0.000324297
6.40772 0.000319567
6.42083 0.000314908
6.43394 0.000310318
6.44705 0.000305795
6.46016 0.000301339
6.47327 0.000296949
6.48638 0.000292623
6.49949 0.000288362
6.51261 0.000284163
6.52572 0.000280026
6.53883 0.00027595
6.55194 0.000271934
6.56505 0.000267978
6.57816 0.00026408
6.59127 0.000260239
6.60438 0.000256454
6.6175 0.000252726
6.63061 0.000249052
6.64372 0.000245432
6.65683 0.000241866
6.66994 0.000238352
6.68305 0.00023489
6.69616 0.000231478
6.70927 0.000228117
6.72239 0.000224805
6.7355 0.000221542
6.74861 0.000218327
6.76172 0.000215159
6.77483 0.000212037
6.78794 0.000208962
6.80105 0.000205931
