-3.23811 0.00033781
-3.09993 0.000405476
-2.96175 0.000486225
-2.82357 0.00058244
-2.68539 0.000696889
-2.54721 0.000832772
-2.40903 0.000993762
-2.27085 0.00118405
-2.13267 0.00140837
-1.99449 0.00167202
-1.85631 0.00198083
-1.71814 0.00234114
-1.57996 0.00275966
-1.44178 0.00324331
-1.3036 0.00379894
-1.16542 0.00443295
-1.02724 0.00515073
-0.88906 0.00595605
-0.750881 0.00685031
-0.612702 0.00783177
-0.474522 0.00889492
-0.336343 0.0100301
-0.198164 0.0112237
-0.0599846 0.0124589
0.0781946 0.0137167
0.216374 0.0149781
0.354553 0.0162252
0.492732 0.0174428
0.630911 0.018619
0.769091 0.0197453
0.90727 0.0208163
1.04545 0.0218293
1.18363 0.0227835
1.32181 0.0236798
1.45999 0.0245197
1.59817 0.0253056
1.73635 0.0260402
1.87452 0.0267262
2.0127 0.0273665
2.15088 0.0279638
2.28906 0.0285208
2.42724 0.02904
2.56542 0.0295237
2.7036 0.0299743
2.84178 0.0303936
2.97996 0.0307836
3.11814 0.0311462
3.25632 0.0314828
3.3945 0.0317951
3.53268 0.0320845
3.67085 0.0323522
3.80903 0.0325994
3.94721 0.0328273
4.08539 0.0330369
4.22357 0.0332292
4.36175 0.0334051
4.49993 0.0335655
4.63811 0.0337111
4.77629 0.0338426
4.91447 0.0339608
5.05265 0.0340663
5.19083 0.0341598
5.329 0.0342417
5.46718 0.0343127
5.60536 0.0343733
5.74354 0.0344238
5.88172 0.0344649
6.0199 0.0344969
6.15808 0.0345202
6.29626 0.0345352
6.43444 0.0345422
6.57262 0.0345417
6.7108 0.034534
6.84898 0.0345193
6.98716 0.034498
7.12533 0.0344704
7.26351 0.0344366
7.40169 0.0343971
7.53987 0.0343519
7.67805 0.0343015
7.81623 0.0342459
7.95441 0.0341854
8.09259 0.0341202
8.23077 0.0340506
8.36895 0.0339766
8.50713 0.0338985
8.64531 0.0338165
8.78349 0.0337306
8.92166 0.0336412
9.05984 0.0335483
9.19802 0.033452
9.3362 0.0333526
9.47438 0.0332501
9.61256 0.0331447
9.75074 0.0330366
9.88892 0.0329257
10.0271 0.0328124
10.1653 0.0326965
10.3035 0.0325784
10.4416 0.032458
10.5798 0.0323355
10.718 0.032211
10.8562 0.0320845
10.9944 0.0319562
11.1325 0.0318261
11.2707 0.0316944
11.4089 0.0315611
11.5471 0.0314262
11.6852 0.03129
11.8234 0.0311523
11.9616 0.0310134
12.0998 0.0308732
12.238 0.0307319
12.3761 0.0305895
12.5143 0.030446
12.6525 0.0303016
12.7907 0.0301562
12.9289 0.03001
13.067 0.029863
13.2052 0.0297152
13.3434 0.0295667
13.4816 0.0294176
13.6198 0.0292678
13.7579 0.0291175
13.8961 0.0289667
14.0343 0.0288154
14.1725 0.0286636
14.3107 0.0285115
14.4488 0.0283589
14.587 0.0282061
14.7252 0.028053
14.8634 0.0278996
15.0016 0.027746
15.1397 0.0275923
15.2779 0.0274383
15.4161 0.0272843
15.5543 0.0271302
15.6924 0.026976
15.8306 0.0268217
15.9688 0.0266675
16.107 0.0265133
16.2452 0.0263591
16.3833 0.026205
16.5215 0.026051
16.6597 0.0258971
16.7979 0.0257433
16.9361 0.0255897
17.0742 0.0254363
17.2124 0.0252831
17.3506 0.0251301
17.4888 0.0249773
17.627 0.0248248
17.7651 0.0246725
17.9033 0.0245206
18.0415 0.0243689
18.1797 0.0242176
18.3179 0.0240666
18.456 0.023916
18.5942 0.0237657
18.7324 0.0236158
18.8706 0.0234663
19.0087 0.0233172
19.1469 0.0231686
19.2851 0.0230203
19.4233 0.0228725
19.5615 0.0227252
19.6996 0.0225783
19.8378 0.0224319
19.976 0.022286
20.1142 0.0221405
20.2524 0.0219956
20.3905 0.0218512
20.5287 0.0217073
20.6669 0.0215639
20.8051 0.0214211
20.9433 0.0212788
21.0814 0.0211371
21.2196 0.0209959
21.3578 0.0208553
21.496 0.0207152
21.6342 0.0205757
21.7723 0.0204368
21.9105 0.0202985
22.0487 0.0201608
22.1869 0.0200237
22.325 0.0198872
22.4632 0.0197513
22.6014 0.019616
22.7396 0.0194813
22.8778 0.0193473
23.0159 0.0192138
23.1541 0.019081
23.2923 0.0189488
23.4305 0.0188173
23.5687 0.0186864
23.7068 0.0185561
23.845 0.0184265
23.9832 0.0182975
24.1214 0.0181692
24.2596 0.0180415
24.3977 0.0179144
24.5359 0.017788
24.6741 0.0176623
24.8123 0.0175372
24.9505 0.0174128
25.0886 0.017289
25.2268 0.0171659
25.365 0.0170435
25.5032 0.0169217
25.6414 0.0168006
25.7795 0.0166801
25.9177 0.0165603
26.0559 0.0164412
26.1941 0.0163227
26.3322 0.0162049
26.4704 0.0160877
26.6086 0.0159712
26.7468 0.0158554
26.885 0.0157402
27.0231 0.0156257
27.1613 0.0155119
27.2995 0.0153987
27.4377 0.0152862
27.5759 0.0151743
27.714 0.0150631
27.8522 0.0149526
27.9904 0.0148427
28.1286 0.0147334
28.2668 0.0146249
28.4049 0.0145169
28.5431 0.0144097
28.6813 0.014303
28.8195 0.0141971
28.9577 0.0140918
29.0958 0.0139871
29.234 0.0138831
29.3722 0.0137797
29.5104 0.0136769
29.6485 0.0135748
29.7867 0.0134734
29.9249 0.0133725
30.0631 0.0132723
30.2013 0.0131728
30.3394 0.0130739
30.4776 0.0129756
30.6158 0.0128779
30.754 0.0127809
30.8922 0.0126844
31.0303 0.0125886
31.1685 0.0124935
31.3067 0.0123989
31.4449 0.012305
31.5831 0.0122116
31.7212 0.0121189
31.8594 0.0120268
31.9976 0.0119353
32.1358 0.0118444
32.274 0.0117541
32.4121 0.0116644
32.5503 0.0115753
32.6885 0.0114867
32.8267 0.0113988
32.9648 0.0113115
33.103 0.0112247
33.2412 0.0111386
33.3794 0.011053
33.5176 0.010968
33.6557 0.0108836
33.7939 0.0107997
33.9321 0.0107164
34.0703 0.0106337
34.2085 0.0105516
34.3466 0.01047
34.4848 0.010389
34.623 0.0103085
34.7612 0.0102286
34.8994 0.0101492
35.0375 0.0100704
35.1757 0.00999216
35.3139 0.00991444
35.4521 0.00983726
35.5903 0.00976063
35.7284 0.00968453
35.8666 0.00960896
36.0048 0.00953392
36.143 0.00945941
36.2812 0.00938543
36.4193 0.00931196
36.5575 0.00923902
36.6957 0.00916659
36.8339 0.00909468
36.972 0.00902328
37.1102 0.00895239
37.2484 0.008882
37.3866 0.00881212
37.5248 0.00874273
37.6629 0.00867385
37.8011 0.00860545
37.9393 0.00853755
38.0775 0.00847014
38.2157 0.00840322
38.3538 0.00833677
38.492 0.00827081
38.6302 0.00820533
38.7684 0.00814032
38.9066 0.00807578
39.0447 0.00801172
39.1829 0.00794812
39.3211 0.00788498
39.4593 0.00782231
39.5975 0.00776009
39.7356 0.00769833
39.8738 0.00763703
40.012 0.00757617
40.1502 0.00751576
40.2883 0.0074558
40.4265 0.00739628
40.5647 0.00733719
40.7029 0.00727855
40.8411 0.00722034
40.9792 0.00716256
41.1174 0.00710521
41.2556 0.00704828
41.3938 0.00699178
41.532 0.0069357
41.6701 0.00688004
41.8083 0.00682479
41.9465 0.00676996
42.0847 0.00671554
42.2229 0.00666152
42.361 0.00660791
42.4992 0.0065547
42.6374 0.00650189
42.7756 0.00644948
42.9138 0.00639747
43.0519 0.00634584
43.1901 0.00629461
43.3283 0.00624376
43.4665 0.0061933
43.6046 0.00614322
43.7428 0.00609352
43.881 0.0060442
44.0192 0.00599525
44.1574 0.00594667
44.2955 0.00589846
44.4337 0.00585062
44.5719 0.00580315
44.7101 0.00575604
44.8483 0.00570928
44.9864 0.00566289
45.1246 0.00561685
45.2628 0.00557116
45.401 0.00552582
45.5392 0.00548083
45.6773 0.00543619
45.8155 0.00539189
45.9537 0.00534793
46.0919 0.00530431
46.2301 0.00526102
46.3682 0.00521807
46.5064 0.00517545
46.6446 0.00513316
46.7828 0.0050912
46.921 0.00504956
47.0591 0.00500824
47.1973 0.00496725
47.3355 0.00492657
47.4737 0.00488621
47.6118 0.00484616
47.75 0.00480643
47.8882 0.004767
48.0264 0.00472788
48.1646 0.00468907
48.3027 0.00465055
48.4409 0.00461234
48.5791 0.00457443
48.7173 0.00453681
48.8555 0.00449949
48.9936 0.00446246
49.1318 0.00442572
49.27 0.00438927
49.4082 0.00435311
49.5464 0.00431723
49.6845 0.00428163
49.8227 0.00424631
49.9609 0.00421127
50.0991 0.0041765
50.2373 0.00414201
50.3754 0.00410779
50.5136 0.00407384
50.6518 0.00404016
50.79 0.00400675
50.9281 0.0039736
51.0663 0.00394071
51.2045 0.00390808
51.3427 0.00387571
51.4809 0.0038436
51.619 0.00381174
51.7572 0.00378014
51.8954 0.00374878
52.0336 0.00371768
52.1718 0.00368682
52.3099 0.00365621
52.4481 0.00362584
52.5863 0.00359572
52.7245 0.00356583
52.8627 0.00353618
53.0008 0.00350677
53.139 0.00347759
53.2772 0.00344865
53.4154 0.00341994
53.5536 0.00339146
53.6917 0.0033632
53.8299 0.00333518
53.9681 0.00330737
54.1063 0.00327979
54.2444 0.00325243
54.3826 0.0032253
54.5208 0.00319837
54.659 0.00317167
54.7972 0.00314518
54.9353 0.0031189
55.0735 0.00309284
55.2117 0.00306698
55.3499 0.00304133
55.4881 0.00301589
55.6262 0.00299066
55.7644 0.00296562
55.9026 0.00294079
56.0408 0.00291617
56.179 0.00289174
56.3171 0.0028675
56.4553 0.00284347
56.5935 0.00281962
56.7317 0.00279597
56.8699 0.00277252
57.008 0.00274925
57.1462 0.00272617
57.2844 0.00270328
57.4226 0.00268057
57.5608 0.00265805
57.6989 0.00263571
57.8371 0.00261356
57.9753 0.00259158
58.1135 0.00256978
58.2516 0.00254816
58.3898 0.00252672
58.528 0.00250545
58.6662 0.00248435
58.8044 0.00246343
58.9425 0.00244267
59.0807 0.00242209
59.2189 0.00240167
59.3571 0.00238143
59.4953 0.00236134
59.6334 0.00234142
59.7716 0.00232166
59.9098 0.00230207
60.048 0.00228264
60.1862 0.00226336
60.3243 0.00224424
60.4625 0.00222528
60.6007 0.00220648
60.7389 0.00218782
60.8771 0.00216933
61.0152 0.00215098
61.1534 0.00213278
61.2916 0.00211474
61.4298 0.00209684
61.5679 0.00207909
61.7061 0.00206148
61.8443 0.00204402
61.9825 0.00202671
62.1207 0.00200954
62.2588 0.0019925
62.397 0.00197561
62.5352 0.00195886
62.6734 0.00194224
62.8116 0.00192577
62.9497 0.00190943
63.0879 0.00189322
63.2261 0.00187715
63.3643 0.00186121
63.5025 0.0018454
63.6406 0.00182972
63.7788 0.00181418
63.917 0.00179876
64.0552 0.00178347
64.1934 0.0017683
64.3315 0.00175326
64.4697 0.00173835
64.6079 0.00172356
64.7461 0.00170889
64.8842 0.00169434
65.0224 0.00167992
65.1606 0.00166561
65.2988 0.00165142
65.437 0.00163735
65.5751 0.0016234
65.7133 0.00160957
65.8515 0.00159584
65.9897 0.00158224
66.1279 0.00156874
66.266 0.00155536
66.4042 0.00154209
66.5424 0.00152893
66.6806 0.00151588
66.8188 0.00150294
66.9569 0.0014901
67.0951 0.00147738
67.2333 0.00146476
67.3715 0.00145224
67.5097 0.00143983
67.6478 0.00142752
67.786 0.00141532
67.9242 0.00140322
68.0624 0.00139122
68.2006 0.00137932
68.3387 0.00136751
68.4769 0.00135581
68.6151 0.00134421
68.7533 0.0013327
68.8914 0.00132129
69.0296 0.00130997
69.1678 0.00129875
69.306 0.00128762
69.4442 0.00127659
69.5823 0.00126565
69.7205 0.0012548
69.8587 0.00124404
69.9969 0.00123337
70.1351 0.00122279
70.2732 0.0012123
70.4114 0.0012019
70.5496 0.00119159
70.6878 0.00118136
70.826 0.00117122
70.9641 0.00116116
71.1023 0.00115119
71.2405 0.0011413
71.3787 0.0011315
71.5169 0.00112177
71.655 0.00111213
71.7932 0.00110257
71.9314 0.00109309
72.0696 0.0010837
72.2077 0.00107438
72.3459 0.00106513
72.4841 0.00105597
72.6223 0.00104688
72.7605 0.00103788
72.8986 0.00102894
73.0368 0.00102008
73.175 0.0010113
73.3132 0.00100259
73.4514 0.000993956
73.5895 0.000985394
73.7277 0.000976903
73.8659 0.000968485
74.0041 0.000960138
74.1423 0.000951861
74.2804 0.000943654
74.4186 0.000935517
74.5568 0.000927448
74.695 0.000919448
74.8332 0.000911516
74.9713 0.000903651
75.1095 0.000895852
75.2477 0.00088812
75.3859 0.000880453
75.524 0.000872851
75.6622 0.000865313
75.8004 0.00085784
75.9386 0.000850429
76.0768 0.000843082
76.2149 0.000835797
76.3531 0.000828574
76.4913 0.000821412
76.6295 0.000814311
76.7677 0.00080727
76.9058 0.00080029
77.044 0.000793368
77.1822 0.000786505
77.3204 0.000779701
77.4586 0.000772954
77.5967 0.000766265
77.7349 0.000759633
77.8731 0.000753057
78.0113 0.000746537
78.1495 0.000740073
78.2876 0.000733664
78.4258 0.000727309
78.564 0.000721008
78.7022 0.000714762
78.8404 0.000708568
78.9785 0.000702427
79.1167 0.000696338
79.2549 0.000690302
79.3931 0.000684317
79.5312 0.000678383
79.6694 0.000672499
79.8076 0.000666666
79.9458 0.000660882
80.084 0.000655148
80.2221 0.000649463
80.3603 0.000643827
80.4985 0.000638238
80.6367 0.000632698
80.7749 0.000627204
80.913 0.000621758
81.0512 0.000616358
81.1894 0.000611004
81.3276 0.000605697
81.4658 0.000600434
81.6039 0.000595217
81.7421 0.000590044
81.8803 0.000584915
82.0185 0.000579831
82.1567 0.00057479
82.2948 0.000569792
82.433 0.000564837
82.5712 0.000559924
82.7094 0.000555054
82.8475 0.000550225
82.9857 0.000545437
83.1239 0.000540691
83.2621 0.000535985
83.4003 0.00053132
83.5384 0.000526695
83.6766 0.000522109
83.8148 0.000517563
83.953 0.000513055
84.0912 0.000508587
84.2293 0.000504157
84.3675 0.000499765
84.5057 0.00049541
84.6439 0.000491093
84.7821 0.000486813
84.9202 0.00048257
85.0584 0.000478363
85.1966 0.000474193
85.3348 0.000470058
85.473 0.000465959
85.6111 0.000461895
85.7493 0.000457866
85.8875 0.000453872
86.0257 0.000449912
86.1638 0.000445986
86.302 0.000442094
86.4402 0.000438236
86.5784 0.00043441
86.7166 0.000430618
86.8547 0.000426858
86.9929 0.000423131
87.1311 0.000419436
87.2693 0.000415773
87.4075 0.000412141
87.5456 0.000408541
87.6838 0.000404971
87.822 0.000401432
87.9602 0.000397924
88.0984 0.000394447
88.2365 0.000390999
88.3747 0.000387581
88.5129 0.000384192
88.6511 0.000380833
88.7893 0.000377502
88.9274 0.000374201
89.0656 0.000370928
89.2038 0.000367683
89.342 0.000364466
89.4802 0.000361277
89.6183 0.000358116
89.7565 0.000354982
89.8947 0.000351875
90.0329 0.000348794
90.171 0.000345741
90.3092 0.000342714
90.4474 0.000339713
90.5856 0.000336738
90.7238 0.000333789
90.8619 0.000330865
91.0001 0.000327966
91.1383 0.000325093
91.2765 0.000322245
91.4147 0.000319421
91.5528 0.000316621
91.691 0.000313846
91.8292 0.000311095
91.9674 0.000308368
92.1056 0.000305664
92.2437 0.000302984
92.3819 0.000300327
92.5201 0.000297693
92.6583 0.000295082
92.7965 0.000292494
92.9346 0.000289928
93.0728 0.000287384
93.211 0.000284862
93.3492 0.000282362
93.4873 0.000279884
93.6255 0.000277428
93.7637 0.000274992
93.9019 0.000272578
94.0401 0.000270185
94.1782 0.000267812
94.3164 0.00026546
94.4546 0.000263129
94.5928 0.000260818
94.731 0.000258527
94.8691 0.000256256
95.0073 0.000254004
95.1455 0.000251772
95.2837 0.00024956
95.4219 0.000247366
95.56 0.000245192
95.6982 0.000243037
95.8364 0.0002409
95.9746 0.000238782
96.1128 0.000236683
96.2509 0.000234601
96.3891 0.000232538
96.5273 0.000230493
96.6655 0.000228466
96.8036 0.000226456
96.9418 0.000224463
97.08 0.000222488
97.2182 0.000220531
97.3564 0.00021859
97.4945 0.000216666
97.6327 0.000214759
97.7709 0.000212869
97.9091 0.000210995
98.0473 0.000209137
98.1854 0.000207296
98.3236 0.00020547
98.4618 0.000203661
98.6 0.000201867
98.7382 0.000200089
98.8763 0.000198326
99.0145 0.000196579
99.1527 0.000194847
99.2909 0.00019313
99.4291 0.000191428
99.5672 0.000189741
99.7054 0.000188069
99.8436 0.000186411
99.9818 0.000184768
100.12 0.000183139
100.258 0.000181524
100.396 0.000179924
100.534 0.000178337
100.673 0.000176764
100.811 0.000175205
100.949 0.00017366
101.087 0.000172128
101.225 0.000170609
101.364 0.000169104
101.502 0.000167612
101.64 0.000166133
101.778 0.000164667
101.916 0.000163214
102.054 0.000161773
102.193 0.000160345
102.331 0.000158929
102.469 0.000157526
102.607 0.000156135
102.745 0.000154757
102.884 0.00015339
103.022 0.000152035
103.16 0.000150692
103.298 0.000149361
103.436 0.000148042
103.574 0.000146734
103.713 0.000145438
103.851 0.000144153
103.989 0.000142879
104.127 0.000141616
104.265 0.000140364
104.404 0.000139124
104.542 0.000137894
104.68 0.000136675
104.818 0.000135467
104.956 0.000134269
105.094 0.000133082
105.233 0.000131905
105.371 0.000130738
105.509 0.000129582
105.647 0.000128436
105.785 0.0001273
105.923 0.000126173
106.062 0.000125057
106.2 0.000123951
106.338 0.000122854
106.476 0.000121767
106.614 0.000120689
106.753 0.000119621
106.891 0.000118562
107.029 0.000117513
107.167 0.000116472
107.305 0.000115441
107.443 0.000114419
107.582 0.000113406
107.72 0.000112402
107.858 0.000111406
107.996 0.00011042
108.134 0.000109442
108.273 0.000108472
108.411 0.000107511
108.549 0.000106559
108.687 0.000105615
108.825 0.000104679
108.963 0.000103751
109.102 0.000102832
109.24 0.000101921
109.378 0.000101017
109.516 0.000100122
109.654 9.92343e-05
109.792 9.83546e-05
109.931 9.74826e-05
110.069 9.66183e-05
110.207 9.57616e-05
110.345 9.49124e-05
110.483 9.40707e-05
110.622 9.32364e-05
110.76 9.24095e-05
110.898 9.15898e-05
111.036 9.07773e-05
111.174 8.9972e-05
111.312 8.91738e-05
111.451 8.83826e-05
111.589 8.75983e-05
111.727 8.6821e-05
111.865 8.60505e-05
112.003 8.52868e-05
112.142 8.45298e-05
112.28 8.37795e-05
112.418 8.30358e-05
112.556 8.22987e-05
112.694 8.1568e-05
112.832 8.08438e-05
112.971 8.0126e-05
113.109 7.94145e-05
113.247 7.87092e-05
113.385 7.80102e-05
113.523 7.73173e-05
113.662 7.66306e-05
113.8 7.59499e-05
113.938 7.52752e-05
114.076 7.46064e-05
114.214 7.39436e-05
114.352 7.32866e-05
114.491 7.26354e-05
114.629 7.19899e-05
114.767 7.13501e-05
114.905 7.0716e-05
115.043 7.00875e-05
115.181 6.94645e-05
115.32 6.8847e-05
115.458 6.82349e-05
115.596 6.76283e-05
115.734 6.7027e-05
115.872 6.6431e-05
116.011 6.58403e-05
116.149 6.52548e-05
116.287 6.46745e-05
116.425 6.40993e-05
116.563 6.35291e-05
116.701 6.2964e-05
116.84 6.24039e-05
116.978 6.18488e-05
117.116 6.12985e-05
117.254 6.07532e-05
117.392 6.02126e-05
117.531 5.96768e-05
117.669 5.91457e-05
117.807 5.86194e-05
117.945 5.80976e-05
118.083 5.75805e-05
118.221 5.7068e-05
118.36 5.656e-05
118.498 5.60565e-05
118.636 5.55574e-05
118.774 5.50628e-05
118.912 5.45725e-05
119.051 5.40866e-05
119.189 5.36049e-05
119.327 5.31276e-05
119.465 5.26544e-05
119.603 5.21854e-05
119.741 5.17206e-05
119.88 5.12599e-05
120.018 5.08033e-05
120.156 5.03507e-05
120.294 4.99021e-05
120.432 4.94575e-05
120.57 4.90168e-05
120.709 4.858e-05
120.847 4.81471e-05
120.985 4.7718e-05
121.123 4.72927e-05
121.261 4.68712e-05
121.4 4.64534e-05
121.538 4.60393e-05
121.676 4.56289e-05
121.814 4.52221e-05
121.952 4.4819e-05
122.09 4.44194e-05
122.229 4.40233e-05
122.367 4.36307e-05
122.505 4.32416e-05
122.643 4.2856e-05
122.781 4.24738e-05
122.92 4.2095e-05
123.058 4.17195e-05
123.196 4.13473e-05
123.334 4.09785e-05
123.472 4.06129e-05
123.61 4.02506e-05
123.749 3.98915e-05
123.887 3.95355e-05
124.025 3.91828e-05
124.163 3.88331e-05
124.301 3.84865e-05
124.439 3.81431e-05
124.578 3.78026e-05
124.716 3.74652e-05
124.854 3.71308e-05
124.992 3.67994e-05
125.13 3.64708e-05
125.269 3.61452e-05
125.407 3.58225e-05
125.545 3.55027e-05
125.683 3.51857e-05
125.821 3.48715e-05
125.959 3.45601e-05
126.098 3.42515e-05
126.236 3.39456e-05
126.374 3.36424e-05
126.512 3.33419e-05
126.65 3.30441e-05
126.789 3.27489e-05
126.927 3.24563e-05
127.065 3.21664e-05
127.203 3.1879e-05
127.341 3.15941e-05
127.479 3.13118e-05
127.618 3.1032e-05
127.756 3.07547e-05
127.894 3.04799e-05
128.032 3.02075e-05
128.17 2.99375e-05
128.309 2.96699e-05
128.447 2.94047e-05
128.585 2.91419e-05
128.723 2.88813e-05
128.861 2.86231e-05
128.999 2.83672e-05
129.138 2.81136e-05
129.276 2.78622e-05
129.414 2.76131e-05
129.552 2.73662e-05
129.69 2.71215e-05
129.828 2.68789e-05
129.967 2.66385e-05
130.105 2.64002e-05
130.243 2.61641e-05
130.381 2.59301e-05
130.519 2.56981e-05
130.658 2.54682e-05
130.796 2.52404e-05
130.934 2.50146e-05
131.072 2.47907e-05
131.21 2.45689e-05
131.348 2.43491e-05
131.487 2.41312e-05
131.625 2.39152e-05
131.763 2.37012e-05
131.901 2.34891e-05
132.039 2.32789e-05
132.178 2.30705e-05
132.316 2.2864e-05
132.454 2.26593e-05
132.592 2.24565e-05
132.73 2.22554e-05
132.868 2.20562e-05
133.007 2.18587e-05
133.145 2.1663e-05
133.283 2.1469e-05
133.421 2.12768e-05
133.559 2.10862e-05
133.698 2.08974e-05
133.836 2.07102e-05
133.974 2.05247e-05
134.112 2.03409e-05
134.25 2.01587e-05
134.388 1.99781e-05
134.527 1.97992e-05
134.665 1.96218e-05
134.803 1.9446e-05
