-1.20834 0.00251717
-1.19567 0.00265232
-1.18301 0.00279441
-1.17034 0.0029438
-1.15767 0.00310082
-1.145 0.00326584
-1.13233 0.00343923
-1.11966 0.0036214
-1.10699 0.00381276
-1.09432 0.00401372
-1.08166 0.00422475
-1.06899 0.00444629
-1.05632 0.00467884
-1.04365 0.00492289
-1.03098 0.00517896
-1.01831 0.00544759
-1.00564 0.00572934
-0.992976 0.00602479
-0.980307 0.00633453
-0.967639 0.0066592
-0.95497 0.00699943
-0.942301 0.00735588
-0.929633 0.00772926
-0.916964 0.00812026
-0.904296 0.00852962
-0.891627 0.0089581
-0.878958 0.00940647
-0.86629 0.00987553
-0.853621 0.0103661
-0.840952 0.0108791
-0.828284 0.0114153
-0.815615 0.0119756
-0.802947 0.012561
-0.790278 0.0131724
-0.777609 0.0138107
-0.764941 0.014477
-0.752272 0.0151722
-0.739604 0.0158973
-0.726935 0.0166535
-0.714266 0.0174417
-0.701598 0.018263
-0.688929 0.0191186
-0.67626 0.0200095
-0.663592 0.0209368
-0.650923 0.0219016
-0.638255 0.0229051
-0.625586 0.0239485
-0.612917 0.0250328
-0.600249 0.0261593
-0.58758 0.0273289
-0.574911 0.028543
-0.562243 0.0298026
-0.549574 0.0311087
-0.536906 0.0324627
-0.524237 0.0338654
-0.511568 0.035318
-0.4989 0.0368214
-0.486231 0.0383768
-0.473562 0.0399851
-0.460894 0.0416472
-0.448225 0.0433639
-0.435557 0.0451363
-0.422888 0.0469649
-0.410219 0.0488506
-0.397551 0.0507939
-0.384882 0.0527956
-0.372213 0.0548562
-0.359545 0.056976
-0.346876 0.0591555
-0.334208 0.0613949
-0.321539 0.0636944
-0.30887 0.0660541
-0.296202 0.068474
-0.283533 0.070954
-0.270864 0.0734938
-0.258196 0.0760932
-0.245527 0.0787516
-0.232859 0.0814684
-0.22019 0.0842431
-0.207521 0.0870748
-0.194853 0.0899626
-0.182184 0.0929053
-0.169515 0.0959018
-0.156847 0.0989508
-0.144178 0.102051
-0.13151 0.1052
-0.118841 0.108398
-0.106172 0.111641
-0.0935038 0.114929
-0.0808351 0.118258
-0.0681665 0.121628
-0.0554979 0.125035
-0.0428293 0.128477
-0.0301607 0.131953
-0.017492 0.135459
-0.00482341 0.138992
0.00784521 0.142551
0.0205138 0.146132
0.0331825 0.149732
0.0458511 0.15335
0.0585197 0.156981
0.0711883 0.160623
0.0838569 0.164273
0.0965256 0.167928
0.109194 0.171585
0.121863 0.175241
0.134531 0.178892
0.1472 0.182537
0.159869 0.186172
0.172537 0.189795
0.185206 0.193401
0.197875 0.196989
0.210543 0.200556
0.223212 0.204099
0.23588 0.207615
0.248549 0.211102
0.261218 0.214557
0.273886 0.217978
0.286555 0.221363
0.299224 0.224708
0.311892 0.228013
0.324561 0.231274
0.337229 0.234491
0.349898 0.23766
0.362567 0.240781
0.375235 0.243851
0.387904 0.246869
0.400573 0.249833
0.413241 0.252743
0.42591 0.255596
0.438578 0.258391
0.451247 0.261128
0.463916 0.263805
0.476584 0.266422
0.489253 0.268977
0.501921 0.27147
0.51459 0.2739
0.527259 0.276266
0.539927 0.278569
0.552596 0.280807
0.565265 0.282981
0.577933 0.285089
0.590602 0.287133
0.60327 0.289111
0.615939 0.291024
0.628608 0.292872
0.641276 0.294655
0.653945 0.296372
0.666614 0.298025
0.679282 0.299613
0.691951 0.301137
0.704619 0.302597
0.717288 0.303994
0.729957 0.305327
0.742625 0.306598
0.755294 0.307807
0.767963 0.308954
0.780631 0.31004
0.7933 0.311066
0.805968 0.312032
0.818637 0.312939
0.831306 0.313788
0.843974 0.314579
0.856643 0.315313
0.869312 0.315991
0.88198 0.316614
0.894649 0.317183
0.907317 0.317697
0.919986 0.318159
0.932655 0.318568
0.945323 0.318926
0.957992 0.319234
0.970661 0.319492
0.983329 0.319701
0.995998 0.319863
1.00867 0.319977
1.02133 0.320046
1.034 0.320069
1.04667 0.320047
1.05934 0.319982
1.07201 0.319875
1.08468 0.319725
1.09735 0.319534
1.11002 0.319304
1.12268 0.319034
1.13535 0.318725
1.14802 0.318379
1.16069 0.317996
1.17336 0.317578
1.18603 0.317124
1.1987 0.316636
1.21136 0.316114
1.22403 0.315559
1.2367 0.314973
1.24937 0.314356
1.26204 0.313708
1.27471 0.31303
1.28738 0.312324
1.30004 0.31159
1.31271 0.310828
1.32538 0.31004
1.33805 0.309225
1.35072 0.308386
1.36339 0.307522
1.37606 0.306634
1.38873 0.305723
1.40139 0.30479
1.41406 0.303834
1.42673 0.302858
1.4394 0.301861
1.45207 0.300844
1.46474 0.299808
1.47741 0.298753
1.49007 0.29768
1.50274 0.296589
1.51541 0.295482
1.52808 0.294358
1.54075 0.293218
1.55342 0.292063
1.56609 0.290894
1.57875 0.28971
1.59142 0.288512
1.60409 0.287302
1.61676 0.286078
1.62943 0.284843
1.6421 0.283596
1.65477 0.282337
1.66743 0.281068
1.6801 0.279788
1.69277 0.278499
1.70544 0.2772
1.71811 0.275892
1.73078 0.274575
1.74345 0.27325
1.75612 0.271918
1.76878 0.270578
1.78145 0.269231
1.79412 0.267877
1.80679 0.266517
1.81946 0.265151
1.83213 0.263779
1.8448 0.262403
1.85746 0.261021
1.87013 0.259635
1.8828 0.258244
1.89547 0.25685
1.90814 0.255452
1.92081 0.254051
1.93348 0.252646
1.94614 0.251239
1.95881 0.24983
1.97148 0.248418
1.98415 0.247004
1.99682 0.245589
2.00949 0.244172
2.02216 0.242754
2.03482 0.241336
2.04749 0.239916
2.06016 0.238496
2.07283 0.237076
2.0855 0.235656
2.09817 0.234236
2.11084 0.232816
2.12351 0.231398
2.13617 0.229979
2.14884 0.228562
2.16151 0.227147
2.17418 0.225732
2.18685 0.224319
2.19952 0.222908
2.21219 0.221499
2.22485 0.220092
2.23752 0.218687
2.25019 0.217285
2.26286 0.215885
2.27553 0.214487
2.2882 0.213093
2.30087 0.211702
2.31353 0.210313
2.3262 0.208928
2.33887 0.207547
2.35154 0.206168
2.36421 0.204794
2.37688 0.203423
2.38955 0.202056
2.40221 0.200693
2.41488 0.199334
2.42755 0.197979
2.44022 0.196629
2.45289 0.195282
2.46556 0.193941
2.47823 0.192604
2.4909 0.191271
2.50356 0.189943
2.51623 0.18862
2.5289 0.187302
2.54157 0.185989
2.55424 0.184681
2.56691 0.183378
2.57958 0.18208
2.59224 0.180787
2.60491 0.1795
2.61758 0.178218
2.63025 0.176941
2.64292 0.17567
2.65559 0.174405
2.66826 0.173145
2.68092 0.17189
2.69359 0.170642
2.70626 0.169399
2.71893 0.168162
2.7316 0.16693
2.74427 0.165705
2.75694 0.164485
2.7696 0.163271
2.78227 0.162063
2.79494 0.160862
2.80761 0.159666
2.82028 0.158476
2.83295 0.157292
2.84562 0.156115
2.85829 0.154943
2.87095 0.153778
2.88362 0.152619
2.89629 0.151466
2.90896 0.150319
2.92163 0.149178
2.9343 0.148044
2.94697 0.146916
2.95963 0.145794
2.9723 0.144679
2.98497 0.143569
2.99764 0.142466
3.01031 0.14137
3.02298 0.140279
3.03565 0.139195
3.04831 0.138117
3.06098 0.137046
3.07365 0.135981
3.08632 0.134922
3.09899 0.13387
3.11166 0.132823
3.12433 0.131783
3.13699 0.13075
3.14966 0.129723
3.16233 0.128702
3.175 0.127687
3.18767 0.126679
3.20034 0.125677
3.21301 0.124681
3.22568 0.123691
3.23834 0.122708
3.25101 0.121731
3.26368 0.12076
3.27635 0.119796
3.28902 0.118838
3.30169 0.117885
3.31436 0.11694
3.32702 0.116
3.33969 0.115066
3.35236 0.114139
3.36503 0.113218
3.3777 0.112302
3.39037 0.111393
3.40304 0.11049
3.4157 0.109593
3.42837 0.108703
3.44104 0.107818
3.45371 0.106939
3.46638 0.106066
3.47905 0.105199
3.49172 0.104338
3.50438 0.103483
3.51705 0.102634
3.52972 0.101791
3.54239 0.100954
3.55506 0.100123
3.56773 0.0992969
3.5804 0.0984771
3.59307 0.097663
3.60573 0.0968547
3.6184 0.0960522
3.63107 0.0952553
3.64374 0.0944642
3.65641 0.0936787
3.66908 0.0928988
3.68175 0.0921246
3.69441 0.0913559
3.70708 0.0905928
3.71975 0.0898352
3.73242 0.0890832
3.74509 0.0883366
3.75776 0.0875955
3.77043 0.0868598
3.78309 0.0861295
3.79576 0.0854046
3.80843 0.0846851
3.8211 0.0839709
3.83377 0.083262
3.84644 0.0825583
3.85911 0.0818599
3.87178 0.0811668
3.88444 0.0804788
3.89711 0.079796
3.90978 0.0791183
3.92245 0.0784457
3.93512 0.0777782
3.94779 0.0771158
3.96046 0.0764584
3.97312 0.075806
3.98579 0.0751585
3.99846 0.0745161
4.01113 0.0738785
4.0238 0.0732458
4.03647 0.072618
4.04914 0.071995
4.0618 0.0713768
4.07447 0.0707634
4.08714 0.0701547
4.09981 0.0695508
4.11248 0.0689515
4.12515 0.0683569
4.13782 0.067767
4.15048 0.0671817
4.16315 0.0666009
4.17582 0.0660247
4.18849 0.065453
4.20116 0.0648858
4.21383 0.0643231
4.2265 0.0637648
4.23917 0.063211
4.25183 0.0626615
4.2645 0.0621164
4.27717 0.0615756
4.28984 0.0610391
4.30251 0.0605069
4.31518 0.0599789
4.32785 0.0594552
4.34051 0.0589356
4.35318 0.0584202
4.36585 0.057909
4.37852 0.0574019
4.39119 0.0568988
4.40386 0.0563998
4.41653 0.0559048
4.42919 0.0554139
4.44186 0.0549269
4.45453 0.0544438
4.4672 0.0539647
4.47987 0.0534895
4.49254 0.0530181
4.50521 0.0525506
4.51787 0.0520869
4.53054 0.051627
4.54321 0.0511709
4.55588 0.0507185
4.56855 0.0502698
4.58122 0.0498248
4.59389 0.0493835
4.60656 0.0489457
4.61922 0.0485116
4.63189 0.0480811
4.64456 0.0476542
4.65723 0.0472308
4.6699 0.0468108
4.68257 0.0463944
4.69524 0.0459814
4.7079 0.0455719
4.72057 0.0451658
4.73324 0.044763
4.74591 0.0443636
4.75858 0.0439676
4.77125 0.0435748
4.78392 0.0431854
4.79658 0.0427992
4.80925 0.0424162
4.82192 0.0420365
4.83459 0.0416599
4.84726 0.0412866
4.85993 0.0409163
4.8726 0.0405492
4.88526 0.0401852
4.89793 0.0398242
4.9106 0.0394664
4.92327 0.0391115
4.93594 0.0387596
4.94861 0.0384108
4.96128 0.0380649
4.97395 0.0377219
4.98661 0.0373818
4.99928 0.0370447
5.01195 0.0367104
5.02462 0.0363789
5.03729 0.0360503
5.04996 0.0357245
5.06263 0.0354015
5.07529 0.0350813
5.08796 0.0347638
5.10063 0.034449
5.1133 0.0341369
5.12597 0.0338275
5.13864 0.0335207
5.15131 0.0332166
5.16397 0.0329151
5.17664 0.0326163
5.18931 0.0323199
5.20198 0.0320262
5.21465 0.031735
5.22732 0.0314463
5.23999 0.0311601
5.25265 0.0308763
5.26532 0.0305951
5.27799 0.0303162
5.29066 0.0300398
5.30333 0.0297658
5.316 0.0294942
5.32867 0.0292249
5.34134 0.028958
5.354 0.0286934
5.36667 0.0284311
5.37934 0.0281711
5.39201 0.0279134
5.40468 0.0276579
5.41735 0.0274047
5.43002 0.0271537
5.44268 0.0269048
5.45535 0.0266582
5.46802 0.0264137
5.48069 0.0261713
5.49336 0.0259311
5.50603 0.025693
5.5187 0.025457
5.53136 0.0252231
5.54403 0.0249912
5.5567 0.0247614
5.56937 0.0245336
5.58204 0.0243078
5.59471 0.024084
5.60738 0.0238621
5.62004 0.0236423
5.63271 0.0234243
5.64538 0.0232083
5.65805 0.0229943
5.67072 0.0227821
5.68339 0.0225718
5.69606 0.0223633
5.70873 0.0221567
5.72139 0.021952
5.73406 0.0217491
5.74673 0.0215479
5.7594 0.0213486
5.77207 0.021151
5.78474 0.0209552
5.79741 0.0207612
5.81007 0.0205688
5.82274 0.0203782
5.83541 0.0201893
5.84808 0.0200021
5.86075 0.0198165
5.87342 0.0196326
5.88609 0.0194504
5.89875 0.0192698
5.91142 0.0190908
5.92409 0.0189134
5.93676 0.0187376
5.94943 0.0185633
5.9621 0.0183907
5.97477 0.0182196
5.98743 0.01805
6.0001 0.017882
6.01277 0.0177154
6.02544 0.0175504
6.03811 0.0173868
6.05078 0.0172248
6.06345 0.0170641
6.07612 0.016905
6.08878 0.0167472
6.10145 0.0165909
6.11412 0.016436
6.12679 0.0162825
6.13946 0.0161304
6.15213 0.0159797
6.1648 0.0158303
6.17746 0.0156823
6.19013 0.0155356
6.2028 0.0153903
6.21547 0.0152463
6.22814 0.0151035
6.24081 0.0149621
6.25348 0.014822
6.26614 0.0146831
6.27881 0.0145455
6.29148 0.0144091
6.30415 0.014274
6.31682 0.0141401
6.32949 0.0140074
6.34216 0.013876
6.35482 0.0137457
6.36749 0.0136166
6.38016 0.0134887
6.39283 0.013362
6.4055 0.0132364
6.41817 0.013112
6.43084 0.0129887
6.44351 0.0128666
6.45617 0.0127455
6.46884 0.0126256
6.48151 0.0125067
6.49418 0.012389
6.50685 0.0122723
6.51952 0.0121567
6.53219 0.0120421
6.54485 0.0119286
6.55752 0.0118162
6.57019 0.0117047
6.58286 0.0115943
6.59553 0.0114849
6.6082 0.0113766
6.62087 0.0112692
6.63353 0.0111628
6.6462 0.0110573
6.65887 0.0109529
6.67154 0.0108494
6.68421 0.0107469
6.69688 0.0106453
6.70955 0.0105446
6.72222 0.0104449
6.73488 0.0103461
6.74755 0.0102482
6.76022 0.0101512
6.77289 0.0100551
6.78556 0.00995986
6.79823 0.00986552
6.8109 0.00977206
6.82356 0.00967946
6.83623 0.00958772
6.8489 0.00949683
6.86157 0.00940677
6.87424 0.00931756
6.88691 0.00922916
6.89958 0.00914159
6.91224 0.00905483
6.92491 0.00896887
6.93758 0.00888371
6.95025 0.00879934
6.96292 0.00871575
6.97559 0.00863294
6.98826 0.00855089
7.00092 0.00846961
7.01359 0.00838909
7.02626 0.00830931
7.03893 0.00823027
7.0516 0.00815197
7.06427 0.0080744
7.07694 0.00799755
7.08961 0.00792141
7.10227 0.00784599
7.11494 0.00777126
7.12761 0.00769724
7.14028 0.0076239
7.15295 0.00755124
7.16562 0.00747927
7.17829 0.00740796
7.19095 0.00733732
7.20362 0.00726734
7.21629 0.00719802
7.22896 0.00712934
7.24163 0.0070613
7.2543 0.0069939
7.26697 0.00692713
7.27963 0.00686098
7.2923 0.00679545
7.30497 0.00673054
7.31764 0.00666623
7.33031 0.00660253
7.34298 0.00653942
7.35565 0.0064769
7.36831 0.00641497
7.38098 0.00635362
7.39365 0.00629284
7.40632 0.00623263
7.41899 0.00617299
7.43166 0.00611391
7.44433 0.00605538
7.457 0.0059974
7.46966 0.00593997
7.48233 0.00588308
7.495 0.00582672
7.50767 0.00577089
7.52034 0.00571558
7.53301 0.0056608
7.54568 0.00560653
7.55834 0.00555277
7.57101 0.00549952
7.58368 0.00544676
7.59635 0.00539451
7.60902 0.00534275
7.62169 0.00529147
7.63436 0.00524068
7.64702 0.00519036
7.65969 0.00514053
7.67236 0.00509116
7.68503 0.00504225
7.6977 0.00499381
7.71037 0.00494583
7.72304 0.00489829
7.7357 0.00485121
7.74837 0.00480457
7.76104 0.00475837
7.77371 0.00471261
7.78638 0.00466728
7.79905 0.00462238
7.81172 0.00457791
7.82439 0.00453385
7.83705 0.00449021
7.84972 0.00444699
7.86239 0.00440417
7.87506 0.00436176
7.88773 0.00431975
7.9004 0.00427814
7.91307 0.00423692
7.92573 0.00419609
7.9384 0.00415565
7.95107 0.0041156
7.96374 0.00407592
7.97641 0.00403662
7.98908 0.00399769
8.00175 0.00395913
8.01441 0.00392094
8.02708 0.00388311
8.03975 0.00384564
8.05242 0.00380852
8.06509 0.00377176
8.07776 0.00373535
8.09043 0.00369928
8.10309 0.00366356
8.11576 0.00362817
8.12843 0.00359312
8.1411 0.00355841
8.15377 0.00352402
8.16644 0.00348997
8.17911 0.00345623
8.19178 0.00342282
8.20444 0.00338973
8.21711 0.00335695
8.22978 0.00332448
8.24245 0.00329232
8.25512 0.00326047
8.26779 0.00322892
8.28046 0.00319768
8.29312 0.00316673
8.30579 0.00313607
8.31846 0.00310571
8.33113 0.00307564
8.3438 0.00304586
8.35647 0.00301636
8.36914 0.00298714
8.3818 0.0029582
8.39447 0.00292953
8.40714 0.00290114
8.41981 0.00287302
8.43248 0.00284517
8.44515 0.00281759
8.45782 0.00279027
8.47048 0.00276321
8.48315 0.00273641
8.49582 0.00270987
8.50849 0.00268358
8.52116 0.00265754
8.53383 0.00263175
8.5465 0.00260621
8.55917 0.00258091
8.57183 0.00255585
8.5845 0.00253104
8.59717 0.00250646
8.60984 0.00248212
8.62251 0.00245801
8.63518 0.00243413
8.64785 0.00241048
8.66051 0.00238706
8.67318 0.00236386
8.68585 0.00234089
8.69852 0.00231813
8.71119 0.00229559
8.72386 0.00227327
8.73653 0.00225117
8.74919 0.00222927
8.76186 0.00220759
8.77453 0.00218611
8.7872 0.00216484
8.79987 0.00214378
8.81254 0.00212292
8.82521 0.00210225
8.83787 0.00208179
8.85054 0.00206152
8.86321 0.00204145
8.87588 0.00202157
8.88855 0.00200188
8.90122 0.00198238
8.91389 0.00196307
8.92656 0.00194395
8.93922 0.00192501
8.95189 0.00190625
8.96456 0.00188767
8.97723 0.00186927
8.9899 0.00185105
9.00257 0.001833
9.01524 0.00181513
9.0279 0.00179743
9.04057 0.0017799
9.05324 0.00176254
9.06591 0.00174534
9.07858 0.00172831
9.09125 0.00171145
9.10392 0.00169475
9.11658 0.00167821
9.12925 0.00166183
9.14192 0.0016456
9.15459 0.00162954
9.16726 0.00161363
9.17993 0.00159787
9.1926 0.00158226
9.20526 0.00156681
9.21793 0.0015515
9.2306 0.00153635
9.24327 0.00152134
9.25594 0.00150647
9.26861 0.00149175
9.28128 0.00147717
9.29395 0.00146273
9.30661 0.00144843
9.31928 0.00143427
9.33195 0.00142024
9.34462 0.00140635
9.35729 0.0013926
9.36996 0.00137898
9.38263 0.00136549
9.39529 0.00135213
9.40796 0.0013389
9.42063 0.00132579
9.4333 0.00131282
9.44597 0.00129997
9.45864 0.00128725
9.47131 0.00127464
9.48397 0.00126216
9.49664 0.0012498
9.50931 0.00123757
9.52198 0.00122545
9.53465 0.00121344
9.54732 0.00120156
9.55999 0.00118978
9.57266 0.00117813
9.58532 0.00116658
9.59799 0.00115515
9.61066 0.00114383
9.62333 0.00113262
9.636 0.00112151
9.64867 0.00111052
9.66134 0.00109963
9.674 0.00108885
9.68667 0.00107817
9.69934 0.0010676
9.71201 0.00105712
9.72468 0.00104675
9.73735 0.00103649
9.75002 0.00102632
9.76268 0.00101624
9.77535 0.00100627
9.78802 0.000996396
9.80069 0.000986616
9.81336 0.000976931
9.82603 0.00096734
9.8387 0.000957843
9.85136 0.000948437
9.86403 0.000939124
9.8767 0.000929901
9.88937 0.000920767
9.90204 0.000911723
9.91471 0.000902766
9.92738 0.000893897
9.94005 0.000885114
9.95271 0.000876416
9.96538 0.000867803
9.97805 0.000859274
9.99072 0.000850828
10.0034 0.000842464
10.0161 0.000834182
10.0287 0.00082598
10.0414 0.000817858
10.0541 0.000809816
10.0667 0.000801851
10.0794 0.000793965
10.0921 0.000786155
10.1047 0.000778421
10.1174 0.000770763
10.1301 0.000763179
10.1427 0.00075567
10.1554 0.000748233
10.1681 0.000740869
10.1807 0.000733577
10.1934 0.000726356
10.2061 0.000719206
10.2188 0.000712125
10.2314 0.000705113
10.2441 0.00069817
10.2568 0.000691295
10.2694 0.000684486
10.2821 0.000677744
10.2948 0.000671068
10.3074 0.000664458
10.3201 0.000657911
10.3328 0.000651429
10.3454 0.00064501
10.3581 0.000638654
10.3708 0.00063236
10.3834 0.000626127
10.3961 0.000619955
10.4088 0.000613844
10.4215 0.000607792
10.4341 0.000601799
10.4468 0.000595865
10.4595 0.00058999
10.4721 0.000584171
10.4848 0.00057841
10.4975 0.000572704
10.5101 0.000567055
10.5228 0.000561461
10.5355 0.000555921
10.5481 0.000550436
10.5608 0.000545005
10.5735 0.000539626
10.5861 0.000534301
10.5988 0.000529027
10.6115 0.000523805
10.6242 0.000518634
10.6368 0.000513514
10.6495 0.000508444
10.6622 0.000503424
10.6748 0.000498453
10.6875 0.00049353
10.7002 0.000488656
10.7128 0.000483829
10.7255 0.00047905
10.7382 0.000474318
10.7508 0.000469632
10.7635 0.000464992
10.7762 0.000460397
10.7888 0.000455848
10.8015 0.000451343
10.8142 0.000446882
10.8268 0.000442465
10.8395 0.000438092
10.8522 0.000433761
10.8649 0.000429473
10.8775 0.000425226
10.8902 0.000421022
10.9029 0.000416859
10.9155 0.000412736
10.9282 0.000408654
10.9409 0.000404612
10.9535 0.00040061
10.9662 0.000396647
10.9789 0.000392723
10.9915 0.000388838
11.0042 0.00038499
11.0169 0.000381181
11.0295 0.000377409
11.0422 0.000373674
11.0549 0.000369975
11.0676 0.000366313
11.0802 0.000362687
11.0929 0.000359097
11.1056 0.000355542
11.1182 0.000352022
11.1309 0.000348536
11.1436 0.000345085
11.1562 0.000341668
11.1689 0.000338284
11.1816 0.000334933
11.1942 0.000331616
11.2069 0.000328331
11.2196 0.000325078
11.2322 0.000321858
11.2449 0.000318669
11.2576 0.000315511
11.2703 0.000312385
11.2829 0.000309289
11.2956 0.000306224
11.3083 0.000303189
11.3209 0.000300183
11.3336 0.000297208
11.3463 0.000294261
11.3589 0.000291344
11.3716 0.000288456
11.3843 0.000285595
11.3969 0.000282763
11.4096 0.000279959
11.4223 0.000277183
11.4349 0.000274434
11.4476 0.000271712
