-4.90358 0.0026081
-4.88846 0.00265434
-4.87333 0.00270139
-4.85821 0.00274926
-4.84309 0.00279796
-4.82796 0.0028475
-4.81284 0.0028979
-4.79771 0.00294918
-4.78259 0.00300135
-4.76747 0.00305442
-4.75234 0.00310841
-4.73722 0.00316334
-4.7221 0.00321921
-4.70697 0.00327606
-4.69185 0.00333388
-4.67672 0.00339271
-4.6616 0.00345255
-4.64648 0.00351342
-4.63135 0.00357534
-4.61623 0.00363834
-4.6011 0.00370241
-4.58598 0.00376759
-4.57086 0.0038339
-4.55573 0.00390134
-4.54061 0.00396994
-4.52549 0.00403973
-4.51036 0.00411071
-4.49524 0.0041829
-4.48011 0.00425634
-4.46499 0.00433104
-4.44987 0.00440701
-4.43474 0.00448429
-4.41962 0.00456289
-4.40449 0.00464283
-4.38937 0.00472414
-4.37425 0.00480684
-4.35912 0.00489095
-4.344 0.0049765
-4.32888 0.0050635
-4.31375 0.00515199
-4.29863 0.00524198
-4.2835 0.0053335
-4.26838 0.00542658
-4.25326 0.00552125
-4.23813 0.00561751
-4.22301 0.00571542
-4.20789 0.00581498
-4.19276 0.00591623
-4.17764 0.00601919
-4.16251 0.00612389
-4.14739 0.00623037
-4.13227 0.00633865
-4.11714 0.00644875
-4.10202 0.00656071
-4.08689 0.00667455
-4.07177 0.00679032
-4.05665 0.00690803
-4.04152 0.00702773
-4.0264 0.00714943
-4.01128 0.00727318
-3.99615 0.007399
-3.98103 0.00752693
-3.9659 0.00765701
-3.95078 0.00778926
-3.93566 0.00792373
-3.92053 0.00806044
-3.90541 0.00819944
-3.89028 0.00834075
-3.87516 0.00848442
-3.86004 0.00863048
-3.84491 0.00877897
-3.82979 0.00892992
-3.81467 0.00908339
-3.79954 0.0092394
-3.78442 0.00939799
-3.76929 0.00955922
-3.75417 0.00972311
-3.73905 0.00988971
-3.72392 0.0100591
-3.7088 0.0102312
-3.69367 0.0104062
-3.67855 0.010584
-3.66343 0.0107648
-3.6483 0.0109486
-3.63318 0.0111354
-3.61806 0.0113252
-3.60293 0.0115181
-3.58781 0.0117142
-3.57268 0.0119135
-3.55756 0.0121161
-3.54244 0.0123219
-3.52731 0.0125312
-3.51219 0.0127438
-3.49706 0.0129598
-3.48194 0.0131794
-3.46682 0.0134026
-3.45169 0.0136293
-3.43657 0.0138597
-3.42145 0.0140939
-3.40632 0.0143318
-3.3912 0.0145735
-3.37607 0.0148192
-3.36095 0.0150688
-3.34583 0.0153224
-3.3307 0.01558
-3.31558 0.0158418
-3.30045 0.0161078
-3.28533 0.016378
-3.27021 0.0166525
-3.25508 0.0169314
-3.23996 0.0172148
-3.22484 0.0175026
-3.20971 0.017795
-3.19459 0.018092
-3.17946 0.0183937
-3.16434 0.0187002
-3.14922 0.0190115
-3.13409 0.0193277
-3.11897 0.0196489
-3.10385 0.0199751
-3.08872 0.0203064
-3.0736 0.0206429
-3.05847 0.0209847
-3.04335 0.0213317
-3.02823 0.0216842
-3.0131 0.0220421
-2.99798 0.0224056
-2.98285 0.0227747
-2.96773 0.0231495
-2.95261 0.0235301
-2.93748 0.0239166
-2.92236 0.0243089
-2.90724 0.0247073
-2.89211 0.0251118
-2.87699 0.0255225
-2.86186 0.0259394
-2.84674 0.0263627
-2.83162 0.0267923
-2.81649 0.0272285
-2.80137 0.0276713
-2.78624 0.0281208
-2.77112 0.028577
-2.756 0.0290401
-2.74087 0.0295101
-2.72575 0.0299871
-2.71063 0.0304712
-2.6955 0.0309626
-2.68038 0.0314612
-2.66525 0.0319672
-2.65013 0.0324807
-2.63501 0.0330018
-2.61988 0.0335305
-2.60476 0.0340669
-2.58963 0.0346112
-2.57451 0.0351634
-2.55939 0.0357237
-2.54426 0.0362921
-2.52914 0.0368686
-2.51402 0.0374535
-2.49889 0.0380468
-2.48377 0.0386487
-2.46864 0.0392591
-2.45352 0.0398781
-2.4384 0.040506
-2.42327 0.0411428
-2.40815 0.0417886
-2.39302 0.0424434
-2.3779 0.0431074
-2.36278 0.0437807
-2.34765 0.0444633
-2.33253 0.0451554
-2.31741 0.0458571
-2.30228 0.0465685
-2.28716 0.0472896
-2.27203 0.0480205
-2.25691 0.0487614
-2.24179 0.0495123
-2.22666 0.0502734
-2.21154 0.0510447
-2.19641 0.0518264
-2.18129 0.0526184
-2.16617 0.053421
-2.15104 0.0542342
-2.13592 0.055058
-2.1208 0.0558927
-2.10567 0.0567382
-2.09055 0.0575948
-2.07542 0.0584623
-2.0603 0.059341
-2.04518 0.0602309
-2.03005 0.0611322
-2.01493 0.0620448
-1.99981 0.0629689
-1.98468 0.0639046
-1.96956 0.0648518
-1.95443 0.0658108
-1.93931 0.0667816
-1.92419 0.0677642
-1.90906 0.0687587
-1.89394 0.0697652
-1.87881 0.0707838
-1.86369 0.0718145
-1.84857 0.0728574
-1.83344 0.0739124
-1.81832 0.0749798
-1.8032 0.0760595
-1.78807 0.0771516
-1.77295 0.0782562
-1.75782 0.0793732
-1.7427 0.0805027
-1.72758 0.0816447
-1.71245 0.0827993
-1.69733 0.0839666
-1.6822 0.0851464
-1.66708 0.0863389
-1.65196 0.087544
-1.63683 0.0887618
-1.62171 0.0899923
-1.60659 0.0912354
-1.59146 0.0924911
-1.57634 0.0937596
-1.56121 0.0950406
-1.54609 0.0963342
-1.53097 0.0976404
-1.51584 0.0989592
-1.50072 0.10029
-1.48559 0.101634
-1.47047 0.10299
-1.45535 0.104359
-1.44022 0.105739
-1.4251 0.107132
-1.40998 0.108537
-1.39485 0.109954
-1.37973 0.111383
-1.3646 0.112823
-1.34948 0.114276
-1.33436 0.11574
-1.31923 0.117215
-1.30411 0.118701
-1.28898 0.120199
-1.27386 0.121708
-1.25874 0.123227
-1.24361 0.124757
-1.22849 0.126297
-1.21337 0.127848
-1.19824 0.129408
-1.18312 0.130979
-1.16799 0.132558
-1.15287 0.134147
-1.13775 0.135745
-1.12262 0.137352
-1.1075 0.138968
-1.09237 0.140591
-1.07725 0.142222
-1.06213 0.143861
-1.047 0.145507
-1.03188 0.14716
-1.01676 0.148819
-1.00163 0.150485
-0.986508 0.152156
-0.971384 0.153833
-0.95626 0.155515
-0.941137 0.157201
-0.926013 0.158891
-0.910889 0.160585
-0.895765 0.162282
-0.880641 0.163981
-0.865517 0.165683
-0.850394 0.167387
-0.83527 0.169092
-0.820146 0.170797
-0.805022 0.172503
-0.789898 0.174208
-0.774774 0.175913
-0.759651 0.177615
-0.744527 0.179316
-0.729403 0.181014
-0.714279 0.182708
-0.699155 0.184399
-0.684031 0.186085
-0.668907 0.187765
-0.653784 0.18944
-0.63866 0.191108
-0.623536 0.192769
-0.608412 0.194422
-0.593288 0.196066
-0.578164 0.197701
-0.563041 0.199326
-0.547917 0.20094
-0.532793 0.202543
-0.517669 0.204133
-0.502545 0.205711
-0.487421 0.207275
-0.472298 0.208825
-0.457174 0.21036
-0.44205 0.211878
-0.426926 0.213381
-0.411802 0.214865
-0.396678 0.216332
-0.381555 0.21778
-0.366431 0.219209
-0.351307 0.220618
-0.336183 0.222005
-0.321059 0.223371
-0.305935 0.224714
-0.290812 0.226035
-0.275688 0.227332
-0.260564 0.228604
-0.24544 0.229851
-0.230316 0.231073
-0.215192 0.232268
-0.200069 0.233437
-0.184945 0.234577
-0.169821 0.23569
-0.154697 0.236774
-0.139573 0.237828
-0.124449 0.238853
-0.109326 0.239847
-0.0942017 0.24081
-0.0790779 0.241742
-0.0639541 0.242643
-0.0488302 0.243511
-0.0337064 0.244346
-0.0185826 0.245148
-0.00345872 0.245917
0.0116651 0.246652
0.026789 0.247354
0.0419128 0.24802
0.0570366 0.248652
0.0721605 0.24925
0.0872843 0.249812
0.102408 0.250339
0.117532 0.250831
0.132656 0.251287
0.14778 0.251707
0.162903 0.252092
0.178027 0.252441
0.193151 0.252754
0.208275 0.253032
0.223399 0.253274
0.238523 0.25348
0.253646 0.25365
0.26877 0.253785
0.283894 0.253885
0.299018 0.253949
0.314142 0.253979
0.329266 0.253973
0.34439 0.253933
0.359513 0.253859
0.374637 0.25375
0.389761 0.253608
0.404885 0.253432
0.420009 0.253223
0.435133 0.252981
0.450256 0.252706
0.46538 0.2524
0.480504 0.252061
0.495628 0.251692
0.510752 0.251291
0.525876 0.25086
0.540999 0.250399
0.556123 0.249908
0.571247 0.249389
0.586371 0.248841
0.601495 0.248264
0.616619 0.24766
0.631742 0.247029
0.646866 0.246372
0.66199 0.245688
0.677114 0.244979
0.692238 0.244245
0.707362 0.243486
0.722485 0.242704
0.737609 0.241898
0.752733 0.241069
0.767857 0.240218
0.782981 0.239346
0.798105 0.238452
0.813228 0.237538
0.828352 0.236603
0.843476 0.23565
0.8586 0.234677
0.873724 0.233686
0.888848 0.232677
0.903971 0.23165
0.919095 0.230607
0.934219 0.229548
0.949343 0.228473
0.964467 0.227383
0.979591 0.226279
0.994714 0.22516
1.00984 0.224028
1.02496 0.222882
1.04009 0.221725
1.05521 0.220555
1.07033 0.219373
1.08546 0.218181
1.10058 0.216978
1.11571 0.215765
1.13083 0.214542
1.14595 0.21331
1.16108 0.212069
1.1762 0.21082
1.19132 0.209564
1.20645 0.208299
1.22157 0.207028
1.2367 0.205751
1.25182 0.204467
1.26694 0.203178
1.28207 0.201883
1.29719 0.200583
1.31231 0.199279
1.32744 0.197971
1.34256 0.196658
1.35769 0.195343
1.37281 0.194024
1.38793 0.192703
1.40306 0.191379
1.41818 0.190053
1.43331 0.188725
1.44843 0.187396
1.46355 0.186066
1.47868 0.184734
1.4938 0.183403
1.50892 0.182071
1.52405 0.180739
1.53917 0.179407
1.5543 0.178076
1.56942 0.176746
1.58454 0.175417
1.59967 0.174089
1.61479 0.172763
1.62992 0.171439
1.64504 0.170116
1.66016 0.168796
1.67529 0.167478
1.69041 0.166163
1.70553 0.164851
1.72066 0.163542
1.73578 0.162236
1.75091 0.160933
1.76603 0.159635
1.78115 0.158339
1.79628 0.157048
1.8114 0.155761
1.82653 0.154478
1.84165 0.1532
1.85677 0.151926
1.8719 0.150657
1.88702 0.149393
1.90214 0.148133
1.91727 0.146879
1.93239 0.14563
1.94752 0.144386
1.96264 0.143148
1.97776 0.141915
1.99289 0.140688
2.00801 0.139467
2.02314 0.138251
2.03826 0.137042
2.05338 0.135838
2.06851 0.134641
2.08363 0.13345
2.09875 0.132265
2.11388 0.131086
2.129 0.129914
2.14413 0.128749
2.15925 0.127589
2.17437 0.126437
2.1895 0.125291
2.20462 0.124152
2.21975 0.123019
2.23487 0.121894
2.24999 0.120775
2.26512 0.119663
2.28024 0.118558
2.29536 0.11746
2.31049 0.116369
2.32561 0.115285
2.34074 0.114209
2.35586 0.113139
2.37098 0.112076
2.38611 0.111021
2.40123 0.109972
2.41636 0.108931
2.43148 0.107897
2.4466 0.106871
2.46173 0.105851
2.47685 0.104839
2.49197 0.103834
2.5071 0.102836
2.52222 0.101845
2.53735 0.100862
2.55247 0.0998855
2.56759 0.0989166
2.58272 0.0979549
2.59784 0.0970005
2.61296 0.0960533
2.62809 0.0951133
2.64321 0.0941805
2.65834 0.0932549
2.67346 0.0923365
2.68858 0.0914253
2.70371 0.0905213
2.71883 0.0896244
2.73396 0.0887347
2.74908 0.087852
2.7642 0.0869765
2.77933 0.086108
2.79445 0.0852466
2.80957 0.0843923
2.8247 0.0835449
2.83982 0.0827046
2.85495 0.0818712
2.87007 0.0810447
2.88519 0.0802252
2.90032 0.0794126
2.91544 0.0786068
2.93057 0.0778079
2.94569 0.0770158
2.96081 0.0762304
2.97594 0.0754518
2.99106 0.0746799
3.00618 0.0739147
3.02131 0.0731562
3.03643 0.0724043
3.05156 0.071659
3.06668 0.0709202
3.0818 0.070188
3.09693 0.0694623
3.11205 0.068743
3.12718 0.0680301
3.1423 0.0673236
3.15742 0.0666235
3.17255 0.0659297
3.18767 0.0652422
3.20279 0.0645609
3.21792 0.0638858
3.23304 0.0632169
3.24817 0.0625541
3.26329 0.0618974
3.27841 0.0612467
3.29354 0.0606021
3.30866 0.0599635
3.32379 0.0593308
3.33891 0.058704
3.35403 0.058083
3.36916 0.0574679
3.38428 0.0568586
3.3994 0.056255
3.41453 0.0556571
3.42965 0.0550649
3.44478 0.0544783
3.4599 0.0538973
3.47502 0.0533219
3.49015 0.052752
3.50527 0.0521875
3.5204 0.0516285
3.53552 0.0510748
3.55064 0.0505265
3.56577 0.0499836
3.58089 0.0494458
3.59601 0.0489134
3.61114 0.0483861
3.62626 0.047864
3.64139 0.0473469
3.65651 0.046835
3.67163 0.0463281
3.68676 0.0458262
3.70188 0.0453292
3.717 0.0448372
3.73213 0.04435
3.74725 0.0438677
3.76238 0.0433902
3.7775 0.0429174
3.79262 0.0424494
3.80775 0.041986
3.82287 0.0415273
3.838 0.0410732
3.85312 0.0406237
3.86824 0.0401787
3.88337 0.0397382
3.89849 0.0393021
3.91361 0.0388705
3.92874 0.0384432
3.94386 0.0380203
3.95899 0.0376017
3.97411 0.0371874
3.98923 0.0367773
4.00436 0.0363714
4.01948 0.0359696
4.03461 0.035572
4.04973 0.0351785
4.06485 0.034789
4.07998 0.0344035
4.0951 0.034022
4.11022 0.0336445
4.12535 0.0332709
4.14047 0.0329011
4.1556 0.0325352
4.17072 0.0321731
4.18584 0.0318147
4.20097 0.0314601
4.21609 0.0311092
4.23122 0.030762
4.24634 0.0304184
4.26146 0.0300784
4.27659 0.0297419
4.29171 0.029409
4.30683 0.0290796
4.32196 0.0287537
4.33708 0.0284312
4.35221 0.0281121
4.36733 0.0277964
4.38245 0.0274841
4.39758 0.027175
4.4127 0.0268692
4.42783 0.0265667
4.44295 0.0262674
4.45807 0.0259713
4.4732 0.0256783
4.48832 0.0253885
4.50344 0.0251017
4.51857 0.0248181
4.53369 0.0245374
4.54882 0.0242598
4.56394 0.0239851
4.57906 0.0237134
4.59419 0.0234447
4.60931 0.0231788
4.62444 0.0229158
4.63956 0.0226556
4.65468 0.0223982
4.66981 0.0221436
4.68493 0.0218918
4.70005 0.0216426
4.71518 0.0213962
4.7303 0.0211525
4.74543 0.0209114
4.76055 0.0206729
4.77567 0.020437
4.7908 0.0202037
4.80592 0.019973
4.82104 0.0197447
4.83617 0.0195189
4.85129 0.0192956
4.86642 0.0190748
4.88154 0.0188564
4.89666 0.0186403
4.91179 0.0184267
4.92691 0.0182153
4.94204 0.0180063
4.95716 0.0177996
4.97228 0.0175952
4.98741 0.017393
5.00253 0.017193
5.01765 0.0169953
5.03278 0.0167997
5.0479 0.0166063
5.06303 0.0164151
5.07815 0.0162259
5.09327 0.0160388
5.1084 0.0158539
5.12352 0.0156709
5.13865 0.01549
5.15377 0.0153111
5.16889 0.0151342
5.18402 0.0149593
5.19914 0.0147863
5.21426 0.0146152
5.22939 0.0144461
5.24451 0.0142788
5.25964 0.0141134
5.27476 0.0139498
5.28988 0.0137881
5.30501 0.0136282
5.32013 0.01347
5.33526 0.0133137
5.35038 0.0131591
5.3655 0.0130062
5.38063 0.012855
5.39575 0.0127056
5.41087 0.0125578
5.426 0.0124117
5.44112 0.0122672
5.45625 0.0121243
5.47137 0.0119831
5.48649 0.0118434
5.50162 0.0117054
5.51674 0.0115688
5.53187 0.0114339
5.54699 0.0113004
5.56211 0.0111685
5.57724 0.011038
5.59236 0.010909
5.60748 0.0107815
5.62261 0.0106555
5.63773 0.0105308
5.65286 0.0104076
5.66798 0.0102858
5.6831 0.0101653
5.69823 0.0100462
5.71335 0.00992852
5.72848 0.00981214
5.7436 0.00969708
5.75872 0.00958333
5.77385 0.00947088
5.78897 0.00935971
5.80409 0.00924981
5.81922 0.00914116
5.83434 0.00903376
5.84947 0.00892758
5.86459 0.00882261
5.87971 0.00871884
5.89484 0.00861626
5.90996 0.00851486
5.92508 0.00841462
5.94021 0.00831552
5.95533 0.00821756
5.97046 0.00812073
5.98558 0.008025
6.0007 0.00793038
6.01583 0.00783684
6.03095 0.00774438
6.04608 0.00765298
6.0612 0.00756263
6.07632 0.00747332
6.09145 0.00738504
6.10657 0.00729777
6.12169 0.00721151
6.13682 0.00712625
6.15194 0.00704197
6.16707 0.00695866
6.18219 0.00687631
6.19731 0.00679492
6.21244 0.00671446
6.22756 0.00663494
6.24269 0.00655633
6.25781 0.00647863
6.27293 0.00640184
6.28806 0.00632593
6.30318 0.0062509
6.3183 0.00617674
6.33343 0.00610344
6.34855 0.00603099
6.36368 0.00595938
6.3788 0.0058886
6.39392 0.00581865
6.40905 0.0057495
6.42417 0.00568116
6.4393 0.00561362
6.45442 0.00554686
6.46954 0.00548088
6.48467 0.00541566
6.49979 0.00535121
6.51491 0.0052875
6.53004 0.00522454
6.54516 0.00516231
6.56029 0.00510081
6.57541 0.00504002
6.59053 0.00497995
6.60566 0.00492057
6.62078 0.00486189
6.63591 0.00480389
6.65103 0.00474658
6.66615 0.00468993
6.68128 0.00463394
6.6964 0.00457861
6.71152 0.00452393
6.72665 0.00446989
6.74177 0.00441648
6.7569 0.00436369
6.77202 0.00431153
6.78714 0.00425997
6.80227 0.00420902
6.81739 0.00415867
6.83252 0.00410891
6.84764 0.00405974
6.86276 0.00401114
6.87789 0.00396311
6.89301 0.00391565
6.90813 0.00386874
6.92326 0.00382239
6.93838 0.00377658
6.95351 0.00373131
6.96863 0.00368657
6.98375 0.00364236
6.99888 0.00359867
7.014 0.0035555
7.02912 0.00351283
7.04425 0.00347067
7.05937 0.003429
7.0745 0.00338783
7.08962 0.00334714
7.10474 0.00330693
7.11987 0.0032672
7.13499 0.00322793
7.15012 0.00318913
7.16524 0.00315079
7.18036 0.0031129
7.19549 0.00307546
7.21061 0.00303846
7.22573 0.0030019
7.24086 0.00296577
7.25598 0.00293007
7.27111 0.0028948
7.28623 0.00285994
7.30135 0.00282549
7.31648 0.00279145
7.3316 0.00275782
7.34673 0.00272458
7.36185 0.00269174
7.37697 0.00265929
7.3921 0.00262722
7.40722 0.00259553
7.42234 0.00256422
7.43747 0.00253329
7.45259 0.00250271
7.46772 0.00247251
7.48284 0.00244266
7.49796 0.00241317
7.51309 0.00238402
7.52821 0.00235523
7.54334 0.00232677
7.55846 0.00229866
7.57358 0.00227088
7.58871 0.00224343
7.60383 0.00221631
7.61895 0.00218951
7.63408 0.00216303
7.6492 0.00213686
7.66433 0.00211101
7.67945 0.00208547
7.69457 0.00206023
7.7097 0.00203529
7.72482 0.00201065
7.73995 0.0019863
7.75507 0.00196224
7.77019 0.00193848
7.78532 0.00191499
7.80044 0.00189179
7.81556 0.00186886
7.83069 0.00184621
7.84581 0.00182383
7.86094 0.00180171
7.87606 0.00177986
7.89118 0.00175827
7.90631 0.00173694
7.92143 0.00171587
7.93656 0.00169505
7.95168 0.00167447
7.9668 0.00165415
7.98193 0.00163406
7.99705 0.00161422
8.01217 0.00159462
8.0273 0.00157525
8.04242 0.00155611
8.05755 0.0015372
8.07267 0.00151852
8.08779 0.00150006
8.10292 0.00148183
8.11804 0.00146381
8.13316 0.00144601
8.14829 0.00142843
8.16341 0.00141105
8.17854 0.00139389
8.19366 0.00137693
8.20878 0.00136017
8.22391 0.00134361
8.23903 0.00132726
8.25416 0.0013111
8.26928 0.00129513
8.2844 0.00127936
8.29953 0.00126378
8.31465 0.00124838
8.32977 0.00123317
8.3449 0.00121815
8.36002 0.0012033
8.37515 0.00118863
8.39027 0.00117414
8.40539 0.00115983
8.42052 0.00114569
8.43564 0.00113171
8.45077 0.00111791
8.46589 0.00110427
8.48101 0.0010908
8.49614 0.00107749
8.51126 0.00106434
8.52638 0.00105135
8.54151 0.00103851
8.55663 0.00102583
8.57176 0.00101331
8.58688 0.00100093
8.602 0.000988704
8.61713 0.000976626
8.63225 0.000964694
8.64738 0.000952906
8.6625 0.000941261
8.67762 0.000929756
8.69275 0.000918391
8.70787 0.000907163
8.72299 0.000896071
8.73812 0.000885112
8.75324 0.000874287
8.76837 0.000863593
8.78349 0.000853028
8.79861 0.000842591
8.81374 0.00083228
8.82886 0.000822094
8.84399 0.000812032
8.85911 0.000802091
8.87423 0.000792271
8.88936 0.00078257
8.90448 0.000772987
8.9196 0.00076352
8.93473 0.000754167
8.94985 0.000744928
8.96498 0.000735801
8.9801 0.000726785
8.99522 0.000717878
9.01035 0.000709079
9.02547 0.000700387
9.0406 0.000691801
9.05572 0.000683319
9.07084 0.000674939
9.08597 0.000666662
9.10109 0.000658485
9.11621 0.000650407
9.13134 0.000642428
9.14646 0.000634545
9.16159 0.000626759
9.17671 0.000619067
9.19183 0.000611468
9.20696 0.000603962
9.22208 0.000596547
9.2372 0.000589223
9.25233 0.000581987
9.26745 0.00057484
9.28258 0.000567779
9.2977 0.000560805
9.31282 0.000553915
9.32795 0.000547109
9.34307 0.000540386
9.3582 0.000533745
9.37332 0.000527185
9.38844 0.000520705
9.40357 0.000514303
9.41869 0.00050798
9.43381 0.000501734
9.44894 0.000495564
9.46406 0.000489469
9.47919 0.000483448
9.49431 0.000477501
9.50943 0.000471626
9.52456 0.000465823
9.53968 0.000460091
9.55481 0.000454429
9.56993 0.000448836
9.58505 0.000443311
9.60018 0.000437853
9.6153 0.000432463
9.63042 0.000427138
9.64555 0.000421877
9.66067 0.000416682
9.6758 0.000411549
9.69092 0.00040648
9.70604 0.000401472
9.72117 0.000396526
9.73629 0.000391639
9.75142 0.000386813
9.76654 0.000382046
9.78166 0.000377337
9.79679 0.000372685
9.81191 0.000368091
9.82703 0.000363552
9.84216 0.000359069
9.85728 0.000354641
9.87241 0.000350267
9.88753 0.000345947
9.90265 0.000341679
9.91778 0.000337464
9.9329 0.0003333
9.94803 0.000329188
9.96315 0.000325125
9.97827 0.000321113
9.9934 0.000317149
10.0085 0.000313234
10.0236 0.000309367
10.0388 0.000305548
10.0539 0.000301775
10.069 0.000298048
10.0841 0.000294368
10.0993 0.000290732
10.1144 0.000287141
10.1295 0.000283593
10.1446 0.00028009
10.1598 0.000276629
10.1749 0.000273211
10.19 0.000269834
10.2051 0.0002665
