-9.8449 0.00188681
-9.83195 0.00190201
-9.819 0.00191733
-9.80605 0.00193278
-9.7931 0.00194834
-9.78015 0.00196404
-9.7672 0.00197985
-9.75425 0.00199579
-9.74129 0.00201186
-9.72834 0.00202806
-9.71539 0.00204439
-9.70244 0.00206084
-9.68949 0.00207743
-9.67654 0.00209415
-9.66359 0.002111
-9.65064 0.00212799
-9.63769 0.00214511
-9.62474 0.00216236
-9.61179 0.00217976
-9.59884 0.00219729
-9.58588 0.00221496
-9.57293 0.00223277
-9.55998 0.00225072
-9.54703 0.00226882
-9.53408 0.00228706
-9.52113 0.00230544
-9.50818 0.00232397
-9.49523 0.00234265
-9.48228 0.00236147
-9.46933 0.00238045
-9.45638 0.00239957
-9.44343 0.00241885
-9.43048 0.00243828
-9.41752 0.00245786
-9.40457 0.0024776
-9.39162 0.0024975
-9.37867 0.00251755
-9.36572 0.00253776
-9.35277 0.00255813
-9.33982 0.00257867
-9.32687 0.00259936
-9.31392 0.00262022
-9.30097 0.00264125
-9.28802 0.00266244
-9.27507 0.0026838
-9.26211 0.00270533
-9.24916 0.00272703
-9.23621 0.0027489
-9.22326 0.00277094
-9.21031 0.00279316
-9.19736 0.00281555
-9.18441 0.00283812
-9.17146 0.00286087
-9.15851 0.0028838
-9.14556 0.00290691
-9.13261 0.00293021
-9.11966 0.00295368
-9.1067 0.00297735
-9.09375 0.0030012
-9.0808 0.00302524
-9.06785 0.00304946
-9.0549 0.00307388
-9.04195 0.00309849
-9.029 0.0031233
-9.01605 0.0031483
-9.0031 0.0031735
-8.99015 0.0031989
-8.9772 0.0032245
-8.96425 0.0032503
-8.95129 0.0032763
-8.93834 0.00330251
-8.92539 0.00332893
-8.91244 0.00335555
-8.89949 0.00338239
-8.88654 0.00340943
-8.87359 0.00343669
-8.86064 0.00346416
-8.84769 0.00349185
-8.83474 0.00351976
-8.82179 0.00354789
-8.80884 0.00357624
-8.79589 0.00360481
-8.78293 0.00363361
-8.76998 0.00366263
-8.75703 0.00369188
-8.74408 0.00372136
-8.73113 0.00375108
-8.71818 0.00378102
-8.70523 0.00381121
-8.69228 0.00384163
-8.67933 0.00387229
-8.66638 0.00390319
-8.65343 0.00393433
-8.64048 0.00396572
-8.62752 0.00399735
-8.61457 0.00402923
-8.60162 0.00406136
-8.58867 0.00409375
-8.57572 0.00412639
-8.56277 0.00415928
-8.54982 0.00419244
-8.53687 0.00422585
-8.52392 0.00425952
-8.51097 0.00429346
-8.49802 0.00432767
-8.48507 0.00436214
-8.47211 0.00439689
-8.45916 0.0044319
-8.44621 0.00446719
-8.43326 0.00450276
-8.42031 0.0045386
-8.40736 0.00457473
-8.39441 0.00461114
-8.38146 0.00464783
-8.36851 0.00468481
-8.35556 0.00472208
-8.34261 0.00475964
-8.32966 0.0047975
-8.3167 0.00483565
-8.30375 0.0048741
-8.2908 0.00491285
-8.27785 0.0049519
-8.2649 0.00499126
-8.25195 0.00503092
-8.239 0.0050709
-8.22605 0.00511118
-8.2131 0.00515178
-8.20015 0.0051927
-8.1872 0.00523394
-8.17425 0.0052755
-8.1613 0.00531738
-8.14834 0.00535959
-8.13539 0.00540213
-8.12244 0.005445
-8.10949 0.00548821
-8.09654 0.00553175
-8.08359 0.00557563
-8.07064 0.00561985
-8.05769 0.00566442
-8.04474 0.00570934
-8.03179 0.0057546
-8.01884 0.00580022
-8.00589 0.00584619
-7.99293 0.00589251
-7.97998 0.0059392
-7.96703 0.00598626
-7.95408 0.00603367
-7.94113 0.00608146
-7.92818 0.00612962
-7.91523 0.00617815
-7.90228 0.00622706
-7.88933 0.00627635
-7.87638 0.00632602
-7.86343 0.00637607
-7.85048 0.00642652
-7.83752 0.00647736
-7.82457 0.00652859
-7.81162 0.00658022
-7.79867 0.00663224
-7.78572 0.00668468
-7.77277 0.00673751
-7.75982 0.00679076
-7.74687 0.00684442
-7.73392 0.0068985
-7.72097 0.00695299
-7.70802 0.00700791
-7.69507 0.00706325
-7.68211 0.00711902
-7.66916 0.00717522
-7.65621 0.00723186
-7.64326 0.00728893
-7.63031 0.00734644
-7.61736 0.0074044
-7.60441 0.00746281
-7.59146 0.00752167
-7.57851 0.00758098
-7.56556 0.00764075
-7.55261 0.00770098
-7.53966 0.00776168
-7.52671 0.00782285
-7.51375 0.00788448
-7.5008 0.00794659
-7.48785 0.00800918
-7.4749 0.00807226
-7.46195 0.00813582
-7.449 0.00819987
-7.43605 0.00826441
-7.4231 0.00832945
-7.41015 0.00839499
-7.3972 0.00846103
-7.38425 0.00852758
-7.3713 0.00859465
-7.35834 0.00866223
-7.34539 0.00873033
-7.33244 0.00879895
-7.31949 0.0088681
-7.30654 0.00893778
-7.29359 0.00900799
-7.28064 0.00907875
-7.26769 0.00915005
-7.25474 0.00922189
-7.24179 0.00929429
-7.22884 0.00936724
-7.21589 0.00944075
-7.20293 0.00951482
-7.18998 0.00958947
-7.17703 0.00966468
-7.16408 0.00974047
-7.15113 0.00981684
-7.13818 0.00989379
-7.12523 0.00997133
-7.11228 0.0100495
-7.09933 0.0101282
-7.08638 0.0102075
-7.07343 0.0102875
-7.06048 0.010368
-7.04752 0.0104492
-7.03457 0.010531
-7.02162 0.0106134
-7.00867 0.0106964
-6.99572 0.0107801
-6.98277 0.0108644
-6.96982 0.0109494
-6.95687 0.011035
-6.94392 0.0111212
-6.93097 0.0112081
-6.91802 0.0112957
-6.90507 0.011384
-6.89212 0.0114729
-6.87916 0.0115625
-6.86621 0.0116527
-6.85326 0.0117437
-6.84031 0.0118353
-6.82736 0.0119277
-6.81441 0.0120207
-6.80146 0.0121145
-6.78851 0.0122089
-6.77556 0.0123041
-6.76261 0.0124
-6.74966 0.0124966
-6.73671 0.012594
-6.72375 0.0126921
-6.7108 0.0127909
-6.69785 0.0128905
-6.6849 0.0129909
-6.67195 0.013092
-6.659 0.0131939
-6.64605 0.0132965
-6.6331 0.0133999
-6.62015 0.0135041
-6.6072 0.0136091
-6.59425 0.0137149
-6.5813 0.0138214
-6.56834 0.0139288
-6.55539 0.014037
-6.54244 0.014146
-6.52949 0.0142558
-6.51654 0.0143665
-6.50359 0.014478
-6.49064 0.0145903
-6.47769 0.0147035
-6.46474 0.0148175
-6.45179 0.0149324
-6.43884 0.0150481
-6.42589 0.0151647
-6.41293 0.0152822
-6.39998 0.0154006
-6.38703 0.0155199
-6.37408 0.01564
-6.36113 0.0157611
-6.34818 0.0158831
-6.33523 0.0160059
-6.32228 0.0161297
-6.30933 0.0162545
-6.29638 0.0163801
-6.28343 0.0165067
-6.27048 0.0166343
-6.25753 0.0167628
-6.24457 0.0168923
-6.23162 0.0170227
-6.21867 0.0171541
-6.20572 0.0172865
-6.19277 0.0174199
-6.17982 0.0175542
-6.16687 0.0176896
-6.15392 0.017826
-6.14097 0.0179634
-6.12802 0.0181018
-6.11507 0.0182413
-6.10212 0.0183818
-6.08916 0.0185233
-6.07621 0.0186659
-6.06326 0.0188095
-6.05031 0.0189542
-6.03736 0.0191
-6.02441 0.0192469
-6.01146 0.0193948
-5.99851 0.0195439
-5.98556 0.0196941
-5.97261 0.0198453
-5.95966 0.0199977
-5.94671 0.0201512
-5.93375 0.0203059
-5.9208 0.0204617
-5.90785 0.0206186
-5.8949 0.0207768
-5.88195 0.020936
-5.869 0.0210965
-5.85605 0.0212581
-5.8431 0.0214209
-5.83015 0.021585
-5.8172 0.0217502
-5.80425 0.0219166
-5.7913 0.0220843
-5.77834 0.0222532
-5.76539 0.0224234
-5.75244 0.0225948
-5.73949 0.0227674
-5.72654 0.0229414
-5.71359 0.0231166
-5.70064 0.023293
-5.68769 0.0234708
-5.67474 0.0236499
-5.66179 0.0238303
-5.64884 0.024012
-5.63589 0.024195
-5.62294 0.0243794
-5.60998 0.0245651
-5.59703 0.0247522
-5.58408 0.0249407
-5.57113 0.0251305
-5.55818 0.0253217
-5.54523 0.0255143
-5.53228 0.0257083
-5.51933 0.0259037
-5.50638 0.0261005
-5.49343 0.0262987
-5.48048 0.0264984
-5.46753 0.0266996
-5.45457 0.0269022
-5.44162 0.0271063
-5.42867 0.0273118
-5.41572 0.0275189
-5.40277 0.0277274
-5.38982 0.0279374
-5.37687 0.028149
-5.36392 0.0283621
-5.35097 0.0285767
-5.33802 0.0287929
-5.32507 0.0290106
-5.31212 0.02923
-5.29916 0.0294508
-5.28621 0.0296733
-5.27326 0.0298974
-5.26031 0.0301231
-5.24736 0.0303504
-5.23441 0.0305793
-5.22146 0.0308099
-5.20851 0.0310421
-5.19556 0.031276
-5.18261 0.0315116
-5.16966 0.0317488
-5.15671 0.0319878
-5.14375 0.0322284
-5.1308 0.0324708
-5.11785 0.0327149
-5.1049 0.0329607
-5.09195 0.0332083
-5.079 0.0334577
-5.06605 0.0337088
-5.0531 0.0339617
-5.04015 0.0342164
-5.0272 0.0344729
-5.01425 0.0347313
-5.0013 0.0349914
-4.98835 0.0352534
-4.97539 0.0355173
-4.96244 0.035783
-4.94949 0.0360506
-4.93654 0.0363201
-4.92359 0.0365915
-4.91064 0.0368648
-4.89769 0.03714
-4.88474 0.0374172
-4.87179 0.0376963
-4.85884 0.0379774
-4.84589 0.0382604
-4.83294 0.0385454
-4.81998 0.0388324
-4.80703 0.0391215
-4.79408 0.0394125
-4.78113 0.0397056
-4.76818 0.0400007
-4.75523 0.0402979
-4.74228 0.0405972
-4.72933 0.0408985
-4.71638 0.041202
-4.70343 0.0415075
-4.69048 0.0418152
-4.67753 0.042125
-4.66457 0.042437
-4.65162 0.0427511
-4.63867 0.0430674
-4.62572 0.0433858
-4.61277 0.0437065
-4.59982 0.0440294
-4.58687 0.0443545
-4.57392 0.0446819
-4.56097 0.0450115
-4.54802 0.0453433
-4.53507 0.0456775
-4.52212 0.0460139
-4.50916 0.0463526
-4.49621 0.0466937
-4.48326 0.0470371
-4.47031 0.0473828
-4.45736 0.0477309
-4.44441 0.0480814
-4.43146 0.0484342
-4.41851 0.0487894
-4.40556 0.0491471
-4.39261 0.0495072
-4.37966 0.0498697
-4.36671 0.0502347
-4.35376 0.0506021
-4.3408 0.0509721
-4.32785 0.0513445
-4.3149 0.0517194
-4.30195 0.0520969
-4.289 0.0524768
-4.27605 0.0528594
-4.2631 0.0532445
-4.25015 0.0536322
-4.2372 0.0540224
-4.22425 0.0544153
-4.2113 0.0548108
-4.19835 0.055209
-4.18539 0.0556098
-4.17244 0.0560132
-4.15949 0.0564193
-4.14654 0.0568282
-4.13359 0.0572397
-4.12064 0.0576539
-4.10769 0.0580709
-4.09474 0.0584906
-4.08179 0.0589131
-4.06884 0.0593384
-4.05589 0.0597665
-4.04294 0.0601973
-4.02998 0.060631
-4.01703 0.0610675
-4.00408 0.0615069
-3.99113 0.0619491
-3.97818 0.0623942
-3.96523 0.0628422
-3.95228 0.0632931
-3.93933 0.063747
-3.92638 0.0642037
-3.91343 0.0646634
-3.90048 0.0651261
-3.88753 0.0655917
-3.87457 0.0660604
-3.86162 0.066532
-3.84867 0.0670067
-3.83572 0.0674844
-3.82277 0.0679651
-3.80982 0.0684489
-3.79687 0.0689358
-3.78392 0.0694258
-3.77097 0.0699188
-3.75802 0.070415
-3.74507 0.0709143
-3.73212 0.0714168
-3.71917 0.0719224
-3.70621 0.0724312
-3.69326 0.0729432
-3.68031 0.0734584
-3.66736 0.0739768
-3.65441 0.0744984
-3.64146 0.0750233
-3.62851 0.0755514
-3.61556 0.0760828
-3.60261 0.0766175
-3.58966 0.0771555
-3.57671 0.0776968
-3.56376 0.0782414
-3.5508 0.0787893
-3.53785 0.0793406
-3.5249 0.0798952
-3.51195 0.0804532
-3.499 0.0810146
-3.48605 0.0815794
-3.4731 0.0821476
-3.46015 0.0827193
-3.4472 0.0832943
-3.43425 0.0838728
-3.4213 0.0844548
-3.40835 0.0850402
-3.39539 0.0856292
-3.38244 0.0862216
-3.36949 0.0868175
-3.35654 0.087417
-3.34359 0.0880199
-3.33064 0.0886264
-3.31769 0.0892365
-3.30474 0.0898501
-3.29179 0.0904673
-3.27884 0.0910881
-3.26589 0.0917125
-3.25294 0.0923404
-3.23998 0.092972
-3.22703 0.0936072
-3.21408 0.094246
-3.20113 0.0948885
-3.18818 0.0955346
-3.17523 0.0961844
-3.16228 0.0968379
-3.14933 0.097495
-3.13638 0.0981558
-3.12343 0.0988203
-3.11048 0.0994885
-3.09753 0.10016
-3.08457 0.100836
-3.07162 0.101515
-3.05867 0.102198
-3.04572 0.102885
-3.03277 0.103576
-3.01982 0.10427
-3.00687 0.104968
-2.99392 0.10567
-2.98097 0.106375
-2.96802 0.107085
-2.95507 0.107798
-2.94212 0.108515
-2.92917 0.109235
-2.91621 0.10996
-2.90326 0.110688
-2.89031 0.11142
-2.87736 0.112156
-2.86441 0.112895
-2.85146 0.113638
-2.83851 0.114385
-2.82556 0.115136
-2.81261 0.115891
-2.79966 0.11665
-2.78671 0.117412
-2.77376 0.118178
-2.7608 0.118948
-2.74785 0.119721
-2.7349 0.120499
-2.72195 0.12128
-2.709 0.122065
-2.69605 0.122853
-2.6831 0.123646
-2.67015 0.124442
-2.6572 0.125242
-2.64425 0.126045
-2.6313 0.126853
-2.61835 0.127664
-2.60539 0.128479
-2.59244 0.129297
-2.57949 0.130119
-2.56654 0.130945
-2.55359 0.131775
-2.54064 0.132608
-2.52769 0.133445
-2.51474 0.134285
-2.50179 0.135129
-2.48884 0.135977
-2.47589 0.136828
-2.46294 0.137683
-2.44998 0.138541
-2.43703 0.139403
-2.42408 0.140268
-2.41113 0.141137
-2.39818 0.142009
-2.38523 0.142885
-2.37228 0.143764
-2.35933 0.144647
-2.34638 0.145533
-2.33343 0.146422
-2.32048 0.147314
-2.30753 0.14821
-2.29458 0.149109
-2.28162 0.150011
-2.26867 0.150917
-2.25572 0.151825
-2.24277 0.152737
-2.22982 0.153652
-2.21687 0.154569
-2.20392 0.15549
-2.19097 0.156414
-2.17802 0.15734
-2.16507 0.15827
-2.15212 0.159202
-2.13917 0.160137
-2.12621 0.161075
-2.11326 0.162016
-2.10031 0.162959
-2.08736 0.163904
-2.07441 0.164853
-2.06146 0.165803
-2.04851 0.166756
-2.03556 0.167712
-2.02261 0.16867
-2.00966 0.16963
-1.99671 0.170592
-1.98376 0.171556
-1.9708 0.172522
-1.95785 0.173491
-1.9449 0.174461
-1.93195 0.175433
-1.919 0.176406
-1.90605 0.177382
-1.8931 0.178359
-1.88015 0.179337
-1.8672 0.180317
-1.85425 0.181298
-1.8413 0.182281
-1.82835 0.183264
-1.81539 0.184249
-1.80244 0.185234
-1.78949 0.186221
-1.77654 0.187208
-1.76359 0.188196
-1.75064 0.189184
-1.73769 0.190173
-1.72474 0.191162
-1.71179 0.192151
-1.69884 0.19314
-1.68589 0.19413
-1.67294 0.195119
-1.65999 0.196107
-1.64703 0.197096
-1.63408 0.198084
-1.62113 0.199071
-1.60818 0.200057
-1.59523 0.201042
-1.58228 0.202027
-1.56933 0.20301
-1.55638 0.203991
-1.54343 0.204971
-1.53048 0.205949
-1.51753 0.206925
-1.50458 0.207899
-1.49162 0.208871
-1.47867 0.20984
-1.46572 0.210807
-1.45277 0.211771
-1.43982 0.212732
-1.42687 0.213689
-1.41392 0.214643
-1.40097 0.215594
-1.38802 0.216541
-1.37507 0.217484
-1.36212 0.218422
-1.34917 0.219356
-1.33621 0.220285
-1.32326 0.22121
-1.31031 0.222129
-1.29736 0.223043
-1.28441 0.223951
-1.27146 0.224853
-1.25851 0.225749
-1.24556 0.226638
-1.23261 0.227521
-1.21966 0.228397
-1.20671 0.229266
-1.19376 0.230127
-1.1808 0.23098
-1.16785 0.231825
-1.1549 0.232661
-1.14195 0.233489
-1.129 0.234307
-1.11605 0.235117
-1.1031 0.235916
-1.09015 0.236706
-1.0772 0.237485
-1.06425 0.238253
-1.0513 0.23901
-1.03835 0.239756
-1.0254 0.240489
-1.01244 0.241211
-0.999493 0.24192
-0.986543 0.242616
-0.973592 0.243299
-0.960641 0.243968
-0.94769 0.244622
-0.934739 0.245262
-0.921789 0.245887
-0.908838 0.246497
-0.895887 0.247091
-0.882936 0.247669
-0.869985 0.248229
-0.857035 0.248773
-0.844084 0.249299
-0.831133 0.249807
-0.818182 0.250297
-0.805231 0.250767
-0.79228 0.251218
-0.77933 0.251649
-0.766379 0.252059
-0.753428 0.252449
-0.740477 0.252817
-0.727526 0.253164
-0.714576 0.253487
-0.701625 0.253788
-0.688674 0.254066
-0.675723 0.25432
-0.662772 0.254549
-0.649821 0.254754
-0.636871 0.254933
-0.62392 0.255086
-0.610969 0.255212
-0.598018 0.255312
-0.585067 0.255385
-0.572117 0.255429
-0.559166 0.255445
-0.546215 0.255433
-0.533264 0.255391
-0.520313 0.255319
-0.507362 0.255217
-0.494412 0.255084
-0.481461 0.25492
-0.46851 0.254724
-0.455559 0.254497
-0.442608 0.254237
-0.429658 0.253944
-0.416707 0.253618
-0.403756 0.253258
-0.390805 0.252864
-0.377854 0.252437
-0.364903 0.251974
-0.351953 0.251477
-0.339002 0.250945
-0.326051 0.250378
-0.3131 0.249775
-0.300149 0.249136
-0.287199 0.248461
-0.274248 0.247751
-0.261297 0.247004
-0.248346 0.246222
-0.235395 0.245403
-0.222444 0.244548
-0.209494 0.243657
-0.196543 0.24273
-0.183592 0.241767
-0.170641 0.240768
-0.15769 0.239733
-0.14474 0.238664
-0.131789 0.237559
-0.118838 0.236419
-0.105887 0.235245
-0.0929363 0.234037
-0.0799855 0.232795
-0.0670347 0.23152
-0.0540839 0.230212
-0.0411331 0.228872
-0.0281822 0.2275
-0.0152314 0.226098
-0.00228061 0.224665
0.0106702 0.223202
0.023621 0.22171
0.0365718 0.220191
0.0495227 0.218643
0.0624735 0.217069
0.0754243 0.215469
0.0883751 0.213844
0.101326 0.212195
0.114277 0.210523
0.127228 0.208828
0.140178 0.207112
0.153129 0.205376
0.16608 0.20362
0.179031 0.201845
0.191982 0.200054
0.204932 0.198245
0.217883 0.196421
0.230834 0.194582
0.243785 0.19273
0.256736 0.190866
0.269687 0.18899
0.282637 0.187103
0.295588 0.185207
0.308539 0.183302
0.32149 0.18139
0.334441 0.179471
0.347391 0.177546
0.360342 0.175617
0.373293 0.173684
0.386244 0.171748
0.399195 0.16981
0.412146 0.167871
0.425096 0.165932
0.438047 0.163994
0.450998 0.162056
0.463949 0.160121
0.4769 0.158189
0.48985 0.156261
0.502801 0.154338
0.515752 0.152419
0.528703 0.150506
0.541654 0.1486
0.554605 0.146701
0.567555 0.14481
0.580506 0.142928
0.593457 0.141054
0.606408 0.13919
0.619359 0.137336
0.632309 0.135492
0.64526 0.133659
0.658211 0.131838
0.671162 0.130029
0.684113 0.128232
0.697063 0.126448
0.710014 0.124677
0.722965 0.12292
0.735916 0.121176
0.748867 0.119446
0.761818 0.117731
0.774768 0.11603
0.787719 0.114344
0.80067 0.112674
0.813621 0.111018
0.826572 0.109379
0.839522 0.107755
0.852473 0.106147
0.865424 0.104554
0.878375 0.102979
0.891326 0.101419
0.904277 0.099876
0.917227 0.0983494
0.930178 0.0968395
0.943129 0.0953462
0.95608 0.0938696
0.969031 0.0924098
0.981981 0.0909669
0.994932 0.0895407
1.00788 0.0881315
1.02083 0.0867391
1.03378 0.0853635
1.04674 0.0840048
1.05969 0.0826628
1.07264 0.0813377
1.08559 0.0800293
1.09854 0.0787376
1.11149 0.0774625
1.12444 0.076204
1.13739 0.074962
1.15034 0.0737365
1.16329 0.0725273
1.17624 0.0713343
1.18919 0.0701576
1.20215 0.0689969
1.2151 0.0678522
1.22805 0.0667234
1.241 0.0656103
1.25395 0.0645129
1.2669 0.063431
1.27985 0.0623645
1.2928 0.0613134
1.30575 0.0602774
1.3187 0.0592564
1.33165 0.0582503
1.3446 0.057259
1.35756 0.0562824
1.37051 0.0553202
1.38346 0.0543724
1.39641 0.0534388
1.40936 0.0525193
1.42231 0.0516137
1.43526 0.0507219
1.44821 0.0498437
1.46116 0.048979
1.47411 0.0481276
1.48706 0.0472895
1.50001 0.0464643
1.51296 0.0456521
1.52592 0.0448526
1.53887 0.0440657
1.55182 0.0432912
1.56477 0.042529
1.57772 0.041779
1.59067 0.0410409
1.60362 0.0403147
1.61657 0.0396002
1.62952 0.0388972
1.64247 0.0382056
1.65542 0.0375252
1.66837 0.0368559
1.68133 0.0361976
1.69428 0.0355501
1.70723 0.0349132
1.72018 0.0342869
1.73313 0.0336709
1.74608 0.0330651
1.75903 0.0324694
1.77198 0.0318837
1.78493 0.0313077
1.79788 0.0307414
1.81083 0.0301847
1.82378 0.0296373
1.83674 0.0290992
1.84969 0.0285702
1.86264 0.0280501
1.87559 0.0275389
1.88854 0.0270365
1.90149 0.0265426
1.91444 0.0260572
1.92739 0.0255801
1.94034 0.0251113
1.95329 0.0246505
1.96624 0.0241977
1.97919 0.0237527
1.99215 0.0233154
2.0051 0.0228858
2.01805 0.0224636
2.031 0.0220488
2.04395 0.0216412
2.0569 0.0212408
2.06985 0.0208474
2.0828 0.0204609
2.09575 0.0200812
2.1087 0.0197082
2.12165 0.0193418
2.1346 0.0189819
2.14755 0.0186283
2.16051 0.0182811
2.17346 0.01794
2.18641 0.0176049
2.19936 0.0172759
2.21231 0.0169527
2.22526 0.0166353
2.23821 0.0163236
2.25116 0.0160174
2.26411 0.0157168
2.27706 0.0154216
2.29001 0.0151317
2.30296 0.014847
2.31592 0.0145674
2.32887 0.014293
2.34182 0.0140234
2.35477 0.0137588
2.36772 0.013499
2.38067 0.0132438
2.39362 0.0129934
2.40657 0.0127475
2.41952 0.012506
2.43247 0.012269
2.44542 0.0120363
2.45837 0.0118079
2.47133 0.0115837
2.48428 0.0113635
2.49723 0.0111474
2.51018 0.0109353
2.52313 0.0107271
2.53608 0.0105227
2.54903 0.0103221
2.56198 0.0101252
2.57493 0.00993188
2.58788 0.00974218
2.60083 0.00955598
2.61378 0.00937324
2.62674 0.00919388
2.63969 0.00901785
2.65264 0.0088451
2.66559 0.00867555
2.67854 0.00850916
2.69149 0.00834587
2.70444 0.00818563
2.71739 0.00802837
2.73034 0.00787406
2.74329 0.00772262
2.75624 0.00757402
2.76919 0.0074282
2.78214 0.00728512
2.7951 0.00714472
2.80805 0.00700695
2.821 0.00687177
2.83395 0.00673914
2.8469 0.00660899
2.85985 0.0064813
2.8728 0.00635602
2.88575 0.00623309
2.8987 0.00611249
2.91165 0.00599416
2.9246 0.00587807
2.93755 0.00576418
2.95051 0.00565244
2.96346 0.00554281
2.97641 0.00543527
2.98936 0.00532976
3.00231 0.00522626
3.01526 0.00512472
3.02821 0.00502511
3.04116 0.00492739
3.05411 0.00483153
3.06706 0.0047375
3.08001 0.00464526
3.09296 0.00455478
