-1.14564 0.00213587
-1.11381 0.00244131
-1.08199 0.00278919
-1.05017 0.0031851
-1.01834 0.00363529
-0.986519 0.00414672
-0.954695 0.00472714
-0.922871 0.00538514
-0.891046 0.0061302
-0.859222 0.00697275
-0.827398 0.00792419
-0.795574 0.00899694
-0.76375 0.0102044
-0.731926 0.0115612
-0.700102 0.0130825
-0.668278 0.0147848
-0.636454 0.0166851
-0.60463 0.0188011
-0.572806 0.0211508
-0.540982 0.0237524
-0.509158 0.0266236
-0.477334 0.0297815
-0.44551 0.0332419
-0.413686 0.0370188
-0.381862 0.0411235
-0.350038 0.0455645
-0.318214 0.0503461
-0.28639 0.0554681
-0.254566 0.0609254
-0.222742 0.0667069
-0.190918 0.0727956
-0.159094 0.0791679
-0.12727 0.0857944
-0.0954456 0.0926392
-0.0636216 0.0996613
-0.0317976 0.106815
2.64636e-05 0.11405
0.0318505 0.121314
0.0636745 0.128555
0.0954986 0.135718
0.127323 0.142753
0.159147 0.149608
0.190971 0.15624
0.222795 0.162608
0.254619 0.168675
0.286443 0.174412
0.318267 0.179796
0.350091 0.184809
0.381915 0.189439
0.413739 0.193679
0.445563 0.197529
0.477387 0.200989
0.509211 0.204068
0.541035 0.206775
0.572859 0.209123
0.604683 0.211125
0.636507 0.212798
0.668331 0.214159
0.700155 0.215227
0.731979 0.216018
0.763803 0.216551
0.795627 0.216845
0.827451 0.216917
0.859275 0.216783
0.891099 0.216461
0.922923 0.215966
0.954747 0.215313
0.986572 0.214516
1.0184 0.213589
1.05022 0.212543
1.08204 0.21139
1.11387 0.210142
1.14569 0.208808
1.17752 0.207398
1.20934 0.20592
1.24116 0.204382
1.27299 0.202791
1.30481 0.201154
1.33664 0.199478
1.36846 0.197768
1.40028 0.196029
1.43211 0.194265
1.46393 0.192482
1.49576 0.190683
1.52758 0.188871
1.5594 0.187051
1.59123 0.185224
1.62305 0.183394
1.65488 0.181563
1.6867 0.179734
1.71852 0.177907
1.75035 0.176086
1.78217 0.174271
1.814 0.172464
1.84582 0.170666
1.87764 0.168879
1.90947 0.167104
1.94129 0.165341
1.97312 0.163591
2.00494 0.161856
2.03676 0.160135
2.06859 0.158429
2.10041 0.156739
2.13224 0.155065
2.16406 0.153407
2.19588 0.151766
2.22771 0.150142
2.25953 0.148536
2.29136 0.146946
2.32318 0.145375
2.355 0.14382
2.38683 0.142284
2.41865 0.140765
2.45048 0.139263
2.4823 0.137779
2.51413 0.136313
2.54595 0.134865
2.57777 0.133433
2.6096 0.13202
2.64142 0.130623
2.67325 0.129243
2.70507 0.127881
2.73689 0.126535
2.76872 0.125206
2.80054 0.123894
2.83237 0.122598
2.86419 0.121318
2.89601 0.120055
2.92784 0.118807
2.95966 0.117575
2.99149 0.116359
3.02331 0.115157
3.05513 0.113972
3.08696 0.112801
3.11878 0.111644
3.15061 0.110503
3.18243 0.109376
3.21425 0.108263
3.24608 0.107164
3.2779 0.106079
3.30973 0.105008
3.34155 0.10395
3.37337 0.102905
3.4052 0.101874
3.43702 0.100856
3.46885 0.0998498
3.50067 0.0988566
3.53249 0.0978759
3.56432 0.0969073
3.59614 0.0959508
3.62797 0.0950061
3.65979 0.0940731
3.69161 0.0931517
3.72344 0.0922416
3.75526 0.0913427
3.78709 0.0904549
3.81891 0.0895779
3.85073 0.0887116
3.88256 0.0878559
3.91438 0.0870106
3.94621 0.0861755
3.97803 0.0853505
4.00985 0.0845355
4.04168 0.0837303
4.0735 0.0829348
4.10533 0.0821488
4.13715 0.0813722
4.16897 0.0806048
4.2008 0.0798465
4.23262 0.0790973
4.26445 0.0783568
4.29627 0.0776251
4.3281 0.076902
4.35992 0.0761874
4.39174 0.0754811
4.42357 0.074783
4.45539 0.0740931
4.48722 0.0734111
4.51904 0.072737
4.55086 0.0720707
4.58269 0.0714121
4.61451 0.070761
4.64634 0.0701173
4.67816 0.069481
4.70998 0.0688518
4.74181 0.0682299
4.77363 0.0676149
4.80546 0.0670069
4.83728 0.0664057
4.8691 0.0658112
4.90093 0.0652234
4.93275 0.0646421
4.96458 0.0640673
4.9964 0.0634988
5.02822 0.0629367
5.06005 0.0623807
5.09187 0.0618308
5.1237 0.061287
5.15552 0.060749
5.18734 0.060217
5.21917 0.0596907
5.25099 0.0591702
5.28282 0.0586552
5.31464 0.0581458
5.34646 0.0576419
5.37829 0.0571434
5.41011 0.0566502
5.44194 0.0561622
5.47376 0.0556795
5.50558 0.0552018
5.53741 0.0547292
5.56923 0.0542616
5.60106 0.053799
5.63288 0.0533411
5.6647 0.0528881
5.69653 0.0524398
5.72835 0.0519961
5.76018 0.0515571
5.792 0.0511226
5.82382 0.0506925
5.85565 0.0502669
5.88747 0.0498457
5.9193 0.0494288
5.95112 0.0490162
5.98294 0.0486078
6.01477 0.0482035
6.04659 0.0478033
6.07842 0.0474072
6.11024 0.047015
6.14206 0.0466268
6.17389 0.0462425
6.20571 0.0458621
6.23754 0.0454855
6.26936 0.0451126
6.30119 0.0447434
6.33301 0.0443779
6.36483 0.044016
6.39666 0.0436577
6.42848 0.0433029
6.46031 0.0429515
6.49213 0.0426037
6.52395 0.0422592
6.55578 0.0419181
6.5876 0.0415803
6.61943 0.0412458
6.65125 0.0409145
6.68307 0.0405865
6.7149 0.0402616
6.74672 0.0399398
6.77855 0.0396211
6.81037 0.0393055
6.84219 0.0389929
6.87402 0.0386832
6.90584 0.0383765
6.93767 0.0380728
6.96949 0.0377719
7.00131 0.0374738
7.03314 0.0371785
7.06496 0.0368861
7.09679 0.0365963
7.12861 0.0363093
7.16043 0.036025
7.19226 0.0357433
7.22408 0.0354643
7.25591 0.0351878
7.28773 0.0349139
7.31955 0.0346426
7.35138 0.0343737
7.3832 0.0341073
7.41503 0.0338434
7.44685 0.0335819
7.47867 0.0333228
7.5105 0.033066
7.54232 0.0328116
7.57415 0.0325595
7.60597 0.0323097
7.63779 0.0320621
7.66962 0.0318168
7.70144 0.0315738
7.73327 0.0313329
7.76509 0.0310941
7.79691 0.0308575
7.82874 0.0306231
7.86056 0.0303907
7.89239 0.0301604
7.92421 0.0299321
7.95603 0.0297059
7.98786 0.0294817
8.01968 0.0292595
8.05151 0.0290392
8.08333 0.0288209
8.11516 0.0286045
8.14698 0.02839
8.1788 0.0281774
8.21063 0.0279666
8.24245 0.0277577
8.27428 0.0275506
8.3061 0.0273453
8.33792 0.0271418
8.36975 0.0269401
8.40157 0.0267401
8.4334 0.0265419
8.46522 0.0263453
8.49704 0.0261505
8.52887 0.0259573
8.56069 0.0257658
8.59252 0.0255759
8.62434 0.0253876
8.65616 0.025201
8.68799 0.0250159
8.71981 0.0248325
8.75164 0.0246505
8.78346 0.0244702
8.81528 0.0242913
8.84711 0.024114
8.87893 0.0239382
8.91076 0.0237638
8.94258 0.0235909
8.9744 0.0234195
9.00623 0.0232495
9.03805 0.0230809
9.06988 0.0229137
9.1017 0.022748
9.13352 0.0225836
9.16535 0.0224206
9.19717 0.0222589
9.229 0.0220986
9.26082 0.0219396
9.29264 0.0217819
9.32447 0.0216255
9.35629 0.0214704
9.38812 0.0213166
9.41994 0.0211641
9.45176 0.0210128
9.48359 0.0208627
9.51541 0.0207139
9.54724 0.0205663
9.57906 0.0204199
9.61088 0.0202746
9.64271 0.0201306
9.67453 0.0199877
9.70636 0.019846
9.73818 0.0197054
9.77 0.019566
9.80183 0.0194277
9.83365 0.0192905
9.86548 0.0191544
9.8973 0.0190195
9.92913 0.0188855
9.96095 0.0187527
9.99277 0.0186209
10.0246 0.0184902
10.0564 0.0183606
10.0882 0.0182319
10.1201 0.0181043
10.1519 0.0179777
10.1837 0.0178521
10.2155 0.0177275
10.2474 0.0176039
10.2792 0.0174812
10.311 0.0173596
10.3428 0.0172389
10.3747 0.0171191
10.4065 0.0170003
10.4383 0.0168824
10.4701 0.0167654
10.502 0.0166494
10.5338 0.0165342
10.5656 0.01642
10.5974 0.0163067
10.6293 0.0161942
10.6611 0.0160826
10.6929 0.0159719
10.7247 0.015862
10.7565 0.015753
10.7884 0.0156448
10.8202 0.0155375
10.852 0.015431
10.8838 0.0153253
10.9157 0.0152204
10.9475 0.0151164
10.9793 0.0150131
11.0111 0.0149107
11.043 0.014809
11.0748 0.0147081
11.1066 0.0146079
11.1384 0.0145086
11.1703 0.01441
11.2021 0.0143121
11.2339 0.014215
11.2657 0.0141186
11.2976 0.014023
11.3294 0.013928
11.3612 0.0138338
11.393 0.0137403
11.4249 0.0136476
11.4567 0.0135555
11.4885 0.0134641
11.5203 0.0133734
11.5522 0.0132834
11.584 0.013194
11.6158 0.0131054
11.6476 0.0130174
11.6794 0.01293
11.7113 0.0128433
11.7431 0.0127573
11.7749 0.0126719
11.8067 0.0125871
11.8386 0.012503
11.8704 0.0124194
11.9022 0.0123366
11.934 0.0122543
11.9659 0.0121726
11.9977 0.0120916
12.0295 0.0120111
12.0613 0.0119312
12.0932 0.011852
12.125 0.0117733
12.1568 0.0116952
12.1886 0.0116176
12.2205 0.0115407
12.2523 0.0114643
12.2841 0.0113884
12.3159 0.0113131
12.3478 0.0112384
12.3796 0.0111642
12.4114 0.0110906
12.4432 0.0110175
12.475 0.0109449
12.5069 0.0108728
12.5387 0.0108013
12.5705 0.0107303
12.6023 0.0106598
12.6342 0.0105898
12.666 0.0105204
12.6978 0.0104514
12.7296 0.0103829
12.7615 0.010315
12.7933 0.0102475
12.8251 0.0101805
12.8569 0.010114
12.8888 0.010048
12.9206 0.0099824
12.9524 0.00991731
12.9842 0.00985269
13.0161 0.00978854
13.0479 0.00972484
13.0797 0.0096616
13.1115 0.00959881
13.1434 0.00953647
13.1752 0.00947458
13.207 0.00941313
13.2388 0.00935211
13.2706 0.00929153
13.3025 0.00923138
13.3343 0.00917166
13.3661 0.00911236
13.3979 0.00905348
13.4298 0.00899502
13.4616 0.00893697
13.4934 0.00887934
13.5252 0.00882211
13.5571 0.00876528
13.5889 0.00870886
13.6207 0.00865283
13.6525 0.0085972
13.6844 0.00854196
13.7162 0.00848711
13.748 0.00843264
13.7798 0.00837855
13.8117 0.00832485
13.8435 0.00827152
13.8753 0.00821856
13.9071 0.00816598
13.939 0.00811376
13.9708 0.00806191
14.0026 0.00801041
14.0344 0.00795928
14.0662 0.0079085
14.0981 0.00785808
14.1299 0.00780801
14.1617 0.00775828
14.1935 0.0077089
14.2254 0.00765986
14.2572 0.00761117
14.289 0.00756281
14.3208 0.00751478
14.3527 0.00746709
14.3845 0.00741972
14.4163 0.00737269
14.4481 0.00732597
14.48 0.00727958
14.5118 0.00723351
14.5436 0.00718775
14.5754 0.00714231
14.6073 0.00709719
14.6391 0.00705237
14.6709 0.00700786
14.7027 0.00696365
14.7346 0.00691975
14.7664 0.00687614
14.7982 0.00683284
14.83 0.00678983
14.8619 0.00674712
14.8937 0.00670469
14.9255 0.00666256
14.9573 0.00662071
14.9891 0.00657915
15.021 0.00653787
15.0528 0.00649687
15.0846 0.00645615
15.1164 0.0064157
15.1483 0.00637553
15.1801 0.00633563
15.2119 0.00629601
15.2437 0.00625665
15.2756 0.00621755
15.3074 0.00617872
15.3392 0.00614016
15.371 0.00610185
15.4029 0.0060638
15.4347 0.00602601
15.4665 0.00598847
15.4983 0.00595118
15.5302 0.00591415
15.562 0.00587736
15.5938 0.00584082
15.6256 0.00580453
15.6575 0.00576848
15.6893 0.00573267
15.7211 0.0056971
15.7529 0.00566177
15.7847 0.00562667
15.8166 0.00559181
15.8484 0.00555718
15.8802 0.00552279
15.912 0.00548862
15.9439 0.00545468
15.9757 0.00542096
16.0075 0.00538747
16.0393 0.00535421
16.0712 0.00532116
16.103 0.00528833
16.1348 0.00525573
16.1666 0.00522333
16.1985 0.00519115
16.2303 0.00515919
16.2621 0.00512744
16.2939 0.00509589
16.3258 0.00506456
16.3576 0.00503343
16.3894 0.00500251
16.4212 0.00497179
16.4531 0.00494128
16.4849 0.00491096
16.5167 0.00488085
16.5485 0.00485093
16.5803 0.00482121
16.6122 0.00479168
16.644 0.00476235
16.6758 0.00473321
16.7076 0.00470427
16.7395 0.00467551
16.7713 0.00464694
16.8031 0.00461856
16.8349 0.00459036
16.8668 0.00456235
16.8986 0.00453452
16.9304 0.00450688
16.9622 0.00447941
16.9941 0.00445212
17.0259 0.00442501
17.0577 0.00439808
17.0895 0.00437132
17.1214 0.00434474
17.1532 0.00431833
17.185 0.00429209
17.2168 0.00426602
17.2487 0.00424012
17.2805 0.00421439
17.3123 0.00418883
17.3441 0.00416343
17.3759 0.00413819
17.4078 0.00411312
17.4396 0.00408822
17.4714 0.00406347
17.5032 0.00403888
17.5351 0.00401445
17.5669 0.00399018
17.5987 0.00396607
17.6305 0.00394211
17.6624 0.0039183
17.6942 0.00389465
17.726 0.00387115
17.7578 0.00384781
17.7897 0.00382461
17.8215 0.00380156
17.8533 0.00377866
17.8851 0.00375591
17.917 0.0037333
17.9488 0.00371084
17.9806 0.00368852
18.0124 0.00366634
18.0443 0.00364431
18.0761 0.00362241
18.1079 0.00360066
18.1397 0.00357905
18.1715 0.00355757
18.2034 0.00353623
18.2352 0.00351503
18.267 0.00349396
18.2988 0.00347303
18.3307 0.00345223
18.3625 0.00343156
18.3943 0.00341103
18.4261 0.00339062
18.458 0.00337035
18.4898 0.0033502
18.5216 0.00333018
18.5534 0.00331029
18.5853 0.00329052
18.6171 0.00327088
18.6489 0.00325137
18.6807 0.00323198
18.7126 0.00321271
18.7444 0.00319356
18.7762 0.00317453
18.808 0.00315563
18.8399 0.00313684
18.8717 0.00311817
18.9035 0.00309962
18.9353 0.00308119
18.9672 0.00306287
18.999 0.00304467
19.0308 0.00302658
19.0626 0.00300861
19.0944 0.00299075
19.1263 0.002973
19.1581 0.00295537
19.1899 0.00293784
19.2217 0.00292043
19.2536 0.00290312
19.2854 0.00288592
19.3172 0.00286884
19.349 0.00285185
19.3809 0.00283498
19.4127 0.00281821
19.4445 0.00280154
19.4763 0.00278498
19.5082 0.00276852
19.54 0.00275217
19.5718 0.00273592
19.6036 0.00271977
19.6355 0.00270372
19.6673 0.00268777
19.6991 0.00267192
19.7309 0.00265616
19.7628 0.00264051
19.7946 0.00262495
19.8264 0.00260949
19.8582 0.00259413
19.89 0.00257886
19.9219 0.00256369
19.9537 0.00254861
19.9855 0.00253363
20.0173 0.00251874
20.0492 0.00250394
20.081 0.00248923
20.1128 0.00247461
20.1446 0.00246009
20.1765 0.00244565
20.2083 0.0024313
20.2401 0.00241705
20.2719 0.00240288
20.3038 0.00238879
20.3356 0.0023748
20.3674 0.00236089
20.3992 0.00234707
20.4311 0.00233333
20.4629 0.00231968
20.4947 0.00230611
20.5265 0.00229262
20.5584 0.00227922
20.5902 0.0022659
20.622 0.00225267
20.6538 0.00223951
20.6856 0.00222644
20.7175 0.00221344
20.7493 0.00220053
20.7811 0.00218769
20.8129 0.00217493
20.8448 0.00216226
20.8766 0.00214965
20.9084 0.00213713
20.9402 0.00212468
20.9721 0.00211231
21.0039 0.00210002
21.0357 0.0020878
21.0675 0.00207566
21.0994 0.00206359
21.1312 0.00205159
21.163 0.00203967
21.1948 0.00202782
21.2267 0.00201604
21.2585 0.00200433
21.2903 0.0019927
21.3221 0.00198113
21.354 0.00196964
21.3858 0.00195822
21.4176 0.00194686
21.4494 0.00193558
21.4812 0.00192436
21.5131 0.00191322
21.5449 0.00190214
21.5767 0.00189112
21.6085 0.00188018
21.6404 0.0018693
21.6722 0.00185849
21.704 0.00184774
21.7358 0.00183706
21.7677 0.00182644
21.7995 0.00181589
21.8313 0.0018054
21.8631 0.00179497
21.895 0.00178461
21.9268 0.00177431
21.9586 0.00176407
21.9904 0.0017539
22.0223 0.00174379
22.0541 0.00173373
22.0859 0.00172374
22.1177 0.00171381
22.1496 0.00170394
22.1814 0.00169413
22.2132 0.00168437
22.245 0.00167468
22.2769 0.00166504
22.3087 0.00165547
22.3405 0.00164595
22.3723 0.00163648
22.4041 0.00162708
22.436 0.00161773
22.4678 0.00160844
22.4996 0.0015992
22.5314 0.00159002
22.5633 0.00158089
22.5951 0.00157182
22.6269 0.0015628
22.6587 0.00155384
22.6906 0.00154493
22.7224 0.00153608
22.7542 0.00152727
22.786 0.00151852
22.8179 0.00150983
22.8497 0.00150118
22.8815 0.00149259
22.9133 0.00148405
22.9452 0.00147556
22.977 0.00146712
23.0088 0.00145873
23.0406 0.00145039
23.0725 0.0014421
23.1043 0.00143386
23.1361 0.00142566
23.1679 0.00141752
23.1997 0.00140943
23.2316 0.00140138
23.2634 0.00139339
23.2952 0.00138544
23.327 0.00137753
23.3589 0.00136968
23.3907 0.00136187
23.4225 0.00135411
23.4543 0.00134639
23.4862 0.00133872
23.518 0.0013311
23.5498 0.00132352
23.5816 0.00131599
23.6135 0.0013085
23.6453 0.00130105
23.6771 0.00129365
23.7089 0.00128629
23.7408 0.00127898
23.7726 0.00127171
23.8044 0.00126449
23.8362 0.0012573
23.8681 0.00125016
23.8999 0.00124306
23.9317 0.001236
23.9635 0.00122899
23.9953 0.00122202
24.0272 0.00121508
24.059 0.00120819
24.0908 0.00120134
24.1226 0.00119453
24.1545 0.00118776
24.1863 0.00118103
24.2181 0.00117434
24.2499 0.00116769
24.2818 0.00116108
24.3136 0.00115451
24.3454 0.00114797
24.3772 0.00114148
24.4091 0.00113502
24.4409 0.0011286
24.4727 0.00112222
24.5045 0.00111587
24.5364 0.00110957
24.5682 0.0011033
24.6 0.00109707
24.6318 0.00109087
24.6637 0.00108471
24.6955 0.00107859
24.7273 0.0010725
24.7591 0.00106645
24.7909 0.00106043
24.8228 0.00105445
24.8546 0.00104851
24.8864 0.0010426
24.9182 0.00103672
24.9501 0.00103088
24.9819 0.00102507
25.0137 0.0010193
25.0455 0.00101356
25.0774 0.00100785
25.1092 0.00100218
25.141 0.000996541
25.1728 0.000990934
25.2047 0.000985361
25.2365 0.00097982
25.2683 0.000974311
25.3001 0.000968834
25.332 0.00096339
25.3638 0.000957977
25.3956 0.000952596
25.4274 0.000947246
25.4593 0.000941928
25.4911 0.00093664
25.5229 0.000931383
25.5547 0.000926157
25.5865 0.000920962
25.6184 0.000915796
25.6502 0.000910661
25.682 0.000905556
25.7138 0.00090048
25.7457 0.000895434
25.7775 0.000890417
25.8093 0.000885429
25.8411 0.00088047
25.873 0.000875541
25.9048 0.000870639
25.9366 0.000865767
25.9684 0.000860922
26.0003 0.000856106
26.0321 0.000851317
26.0639 0.000846557
26.0957 0.000841824
26.1276 0.000837118
26.1594 0.00083244
26.1912 0.000827789
26.223 0.000823165
26.2549 0.000818567
26.2867 0.000813996
26.3185 0.000809452
26.3503 0.000804934
26.3822 0.000800442
26.414 0.000795976
26.4458 0.000791536
26.4776 0.000787121
26.5094 0.000782732
26.5413 0.000778369
26.5731 0.000774031
26.6049 0.000769717
26.6367 0.000765429
26.6686 0.000761165
26.7004 0.000756926
26.7322 0.000752711
26.764 0.000748521
26.7959 0.000744355
26.8277 0.000740213
26.8595 0.000736094
26.8913 0.000732
26.9232 0.000727929
26.955 0.000723881
26.9868 0.000719857
27.0186 0.000715856
27.0505 0.000711878
27.0823 0.000707923
27.1141 0.00070399
27.1459 0.00070008
27.1778 0.000696193
27.2096 0.000692328
27.2414 0.000688485
27.2732 0.000684664
27.305 0.000680866
27.3369 0.000677089
27.3687 0.000673333
27.4005 0.000669599
27.4323 0.000665887
27.4642 0.000662196
27.496 0.000658526
27.5278 0.000654877
27.5596 0.000651249
27.5915 0.000647642
27.6233 0.000644055
27.6551 0.000640489
27.6869 0.000636944
27.7188 0.000633418
27.7506 0.000629913
27.7824 0.000626428
27.8142 0.000622963
27.8461 0.000619518
27.8779 0.000616092
27.9097 0.000612686
27.9415 0.000609299
27.9734 0.000605932
28.0052 0.000602584
28.037 0.000599255
28.0688 0.000595945
28.1006 0.000592654
28.1325 0.000589381
28.1643 0.000586128
28.1961 0.000582893
28.2279 0.000579676
28.2598 0.000576478
28.2916 0.000573298
28.3234 0.000570136
28.3552 0.000566992
28.3871 0.000563866
28.4189 0.000560757
28.4507 0.000557667
28.4825 0.000554594
28.5144 0.000551538
28.5462 0.0005485
28.578 0.000545479
28.6098 0.000542476
28.6417 0.000539489
28.6735 0.000536519
28.7053 0.000533566
28.7371 0.00053063
28.769 0.000527711
28.8008 0.000524808
28.8326 0.000521922
28.8644 0.000519052
28.8962 0.000516198
28.9281 0.000513361
28.9599 0.00051054
28.9917 0.000507734
29.0235 0.000504945
29.0554 0.000502171
29.0872 0.000499413
29.119 0.000496671
29.1508 0.000493944
29.1827 0.000491232
29.2145 0.000488536
29.2463 0.000485856
29.2781 0.00048319
29.31 0.000480539
29.3418 0.000477904
29.3736 0.000475283
29.4054 0.000472677
29.4373 0.000470086
29.4691 0.00046751
29.5009 0.000464948
29.5327 0.0004624
29.5646 0.000459867
29.5964 0.000457348
29.6282 0.000454844
29.66 0.000452353
29.6918 0.000449877
29.7237 0.000447414
29.7555 0.000444966
29.7873 0.000442531
29.8191 0.00044011
29.851 0.000437703
29.8828 0.000435309
29.9146 0.000432929
29.9464 0.000430562
29.9783 0.000428208
30.0101 0.000425868
30.0419 0.000423541
30.0737 0.000421226
30.1056 0.000418925
30.1374 0.000416637
30.1692 0.000414362
30.201 0.000412099
30.2329 0.00040985
30.2647 0.000407613
30.2965 0.000405388
30.3283 0.000403176
30.3602 0.000400976
30.392 0.000398789
30.4238 0.000396614
30.4556 0.000394451
30.4875 0.000392301
30.5193 0.000390162
30.5511 0.000388035
30.5829 0.000385921
30.6147 0.000383818
30.6466 0.000381727
