-2.61813 0.00337305
-2.59745 0.00351292
-2.57677 0.00365848
-2.55609 0.00380999
-2.53541 0.00396765
-2.51473 0.00413172
-2.49405 0.00430246
-2.47337 0.00448011
-2.45269 0.00466496
-2.43201 0.00485728
-2.41133 0.00505736
-2.39065 0.00526551
-2.36997 0.00548205
-2.34928 0.00570728
-2.3286 0.00594156
-2.30792 0.00618523
-2.28724 0.00643864
-2.26656 0.00670217
-2.24588 0.0069762
-2.2252 0.00726114
-2.20452 0.0075574
-2.18384 0.0078654
-2.16316 0.00818559
-2.14248 0.00851841
-2.1218 0.00886435
-2.10112 0.00922388
-2.08044 0.00959751
-2.05976 0.00998576
-2.03908 0.0103892
-2.0184 0.0108083
-1.99772 0.0112437
-1.97704 0.0116959
-1.95636 0.0121656
-1.93568 0.0126534
-1.915 0.0131599
-1.89432 0.0136859
-1.87364 0.0142319
-1.85296 0.0147986
-1.83228 0.0153869
-1.8116 0.0159973
-1.79092 0.0166308
-1.77024 0.0172879
-1.74956 0.0179697
-1.72887 0.0186768
-1.70819 0.0194101
-1.68751 0.0201704
-1.66683 0.0209587
-1.64615 0.0217758
-1.62547 0.0226226
-1.60479 0.0235001
-1.58411 0.0244092
-1.56343 0.0253508
-1.54275 0.026326
-1.52207 0.0273357
-1.50139 0.028381
-1.48071 0.0294629
-1.46003 0.0305824
-1.43935 0.0317405
-1.41867 0.0329384
-1.39799 0.0341771
-1.37731 0.0354576
-1.35663 0.0367811
-1.33595 0.0381486
-1.31527 0.0395612
-1.29459 0.04102
-1.27391 0.0425261
-1.25323 0.0440804
-1.23255 0.0456842
-1.21187 0.0473384
-1.19119 0.049044
-1.17051 0.0508021
-1.14983 0.0526137
-1.12915 0.0544796
-1.10847 0.0564009
-1.08778 0.0583783
-1.0671 0.0604127
-1.04642 0.062505
-1.02574 0.0646558
-1.00506 0.0668657
-0.984383 0.0691356
-0.963703 0.0714657
-0.943022 0.0738567
-0.922342 0.0763089
-0.901662 0.0788225
-0.880981 0.0813978
-0.860301 0.0840349
-0.839621 0.0867336
-0.81894 0.089494
-0.79826 0.0923156
-0.77758 0.0951981
-0.756899 0.098141
-0.736219 0.101144
-0.715539 0.104205
-0.694858 0.107324
-0.674178 0.1105
-0.653498 0.113731
-0.632817 0.117017
-0.612137 0.120354
-0.591457 0.123742
-0.570776 0.127178
-0.550096 0.13066
-0.529416 0.134186
-0.508735 0.137752
-0.488055 0.141358
-0.467375 0.144998
-0.446694 0.148671
-0.426014 0.152372
-0.405334 0.156098
-0.384653 0.159847
-0.363973 0.163613
-0.343293 0.167392
-0.322613 0.171181
-0.301932 0.174976
-0.281252 0.178771
-0.260572 0.182562
-0.239891 0.186345
-0.219211 0.190115
-0.198531 0.193867
-0.17785 0.197597
-0.15717 0.201299
-0.13649 0.204968
-0.115809 0.2086
-0.0951289 0.21219
-0.0744486 0.215732
-0.0537682 0.219223
-0.0330879 0.222657
-0.0124076 0.226031
0.00827275 0.229338
0.0289531 0.232576
0.0496334 0.235739
0.0703137 0.238824
0.0909941 0.241827
0.111674 0.244744
0.132355 0.247572
0.153035 0.250307
0.173715 0.252947
0.194396 0.255488
0.215076 0.257929
0.235756 0.260266
0.256437 0.262497
0.277117 0.264622
0.297797 0.266638
0.318478 0.268543
0.339158 0.270338
0.359838 0.27202
0.380519 0.27359
0.401199 0.275048
0.421879 0.276392
0.44256 0.277624
0.46324 0.278743
0.48392 0.27975
0.504601 0.280647
0.525281 0.281433
0.545961 0.28211
0.566642 0.28268
0.587322 0.283143
0.608002 0.283502
0.628683 0.283758
0.649363 0.283913
0.670043 0.28397
0.690724 0.283929
0.711404 0.283794
0.732084 0.283566
0.752765 0.283249
0.773445 0.282844
0.794125 0.282353
0.814806 0.281781
0.835486 0.281128
0.856166 0.280397
0.876847 0.279592
0.897527 0.278714
0.918207 0.277766
0.938888 0.276751
0.959568 0.275672
0.980248 0.274531
1.00093 0.27333
1.02161 0.272072
1.04229 0.27076
1.06297 0.269396
1.08365 0.267982
1.10433 0.266521
1.12501 0.265015
1.14569 0.263467
1.16637 0.261878
1.18705 0.260251
1.20773 0.258588
1.22841 0.256892
1.24909 0.255163
1.26977 0.253405
1.29045 0.251619
1.31113 0.249807
1.33181 0.247971
1.35249 0.246112
1.37317 0.244232
1.39385 0.242334
1.41454 0.240418
1.43522 0.238487
1.4559 0.236541
1.47658 0.234582
1.49726 0.232611
1.51794 0.230631
1.53862 0.228641
1.5593 0.226644
1.57998 0.224641
1.60066 0.222632
1.62134 0.22062
1.64202 0.218604
1.6627 0.216586
1.68338 0.214567
1.70406 0.212548
1.72474 0.210529
1.74542 0.208512
1.7661 0.206498
1.78678 0.204487
1.80746 0.202479
1.82814 0.200476
1.84882 0.198479
1.8695 0.196488
1.89018 0.194503
1.91086 0.192525
1.93154 0.190555
1.95222 0.188593
1.9729 0.18664
1.99358 0.184696
2.01426 0.182762
2.03494 0.180837
2.05563 0.178923
2.07631 0.17702
2.09699 0.175128
2.11767 0.173248
2.13835 0.171379
2.15903 0.169522
2.17971 0.167678
2.20039 0.165846
2.22107 0.164027
2.24175 0.162221
2.26243 0.160428
2.28311 0.158649
2.30379 0.156883
2.32447 0.155131
2.34515 0.153392
2.36583 0.151668
2.38651 0.149958
2.40719 0.148262
2.42787 0.14658
2.44855 0.144913
2.46923 0.14326
2.48991 0.141621
2.51059 0.139997
2.53127 0.138388
2.55195 0.136793
2.57263 0.135213
2.59331 0.133648
2.61399 0.132097
2.63467 0.130561
2.65535 0.129039
2.67604 0.127532
2.69672 0.12604
2.7174 0.124563
2.73808 0.1231
2.75876 0.121651
2.77944 0.120217
2.80012 0.118798
2.8208 0.117393
2.84148 0.116002
2.86216 0.114626
2.88284 0.113263
2.90352 0.111915
2.9242 0.110581
2.94488 0.109262
2.96556 0.107956
2.98624 0.106664
3.00692 0.105385
3.0276 0.104121
3.04828 0.10287
3.06896 0.101633
3.08964 0.100409
3.11032 0.0991984
3.131 0.0980012
3.15168 0.0968172
3.17236 0.0956462
3.19304 0.0944883
3.21372 0.0933432
3.2344 0.0922109
3.25508 0.0910913
3.27576 0.0899843
3.29645 0.0888898
3.31713 0.0878077
3.33781 0.0867379
3.35849 0.0856802
3.37917 0.0846346
3.39985 0.083601
3.42053 0.0825792
3.44121 0.0815692
3.46189 0.0805708
3.48257 0.079584
3.50325 0.0786086
3.52393 0.0776445
3.54461 0.0766917
3.56529 0.0757499
3.58597 0.0748192
3.60665 0.0738994
3.62733 0.0729903
3.64801 0.072092
3.66869 0.0712042
3.68937 0.070327
3.71005 0.06946
3.73073 0.0686034
3.75141 0.0677569
3.77209 0.0669205
3.79277 0.066094
3.81345 0.0652773
3.83413 0.0644705
3.85481 0.0636732
3.87549 0.0628855
3.89617 0.0621073
3.91685 0.0613383
3.93754 0.0605787
3.95822 0.0598281
3.9789 0.0590866
3.99958 0.0583541
4.02026 0.0576304
4.04094 0.0569154
4.06162 0.0562091
4.0823 0.0555114
4.10298 0.0548221
4.12366 0.0541412
4.14434 0.0534685
4.16502 0.052804
4.1857 0.0521477
4.20638 0.0514993
4.22706 0.0508588
4.24774 0.0502262
4.26842 0.0496013
4.2891 0.048984
4.30978 0.0483743
4.33046 0.047772
4.35114 0.0471772
4.37182 0.0465896
4.3925 0.0460092
4.41318 0.045436
4.43386 0.0448698
4.45454 0.0443106
4.47522 0.0437582
4.4959 0.0432127
4.51658 0.0426739
4.53726 0.0421417
4.55795 0.0416161
4.57863 0.0410969
4.59931 0.0405842
4.61999 0.0400779
4.64067 0.0395777
4.66135 0.0390838
4.68203 0.038596
4.70271 0.0381142
4.72339 0.0376384
4.74407 0.0371685
4.76475 0.0367044
4.78543 0.0362461
4.80611 0.0357934
4.82679 0.0353464
4.84747 0.0349049
4.86815 0.0344689
4.88883 0.0340384
4.90951 0.0336131
4.93019 0.0331932
4.95087 0.0327785
4.97155 0.0323689
4.99223 0.0319645
5.01291 0.0315651
5.03359 0.0311706
5.05427 0.0307811
5.07495 0.0303964
5.09563 0.0300166
5.11631 0.0296414
5.13699 0.029271
5.15767 0.0289051
5.17835 0.0285439
5.19904 0.0281871
5.21972 0.0278348
5.2404 0.0274869
5.26108 0.0271433
5.28176 0.026804
5.30244 0.026469
5.32312 0.0261381
5.3438 0.0258114
5.36448 0.0254888
5.38516 0.0251702
5.40584 0.0248556
5.42652 0.0245449
5.4472 0.0242381
5.46788 0.0239352
5.48856 0.023636
5.50924 0.0233406
5.52992 0.0230489
5.5506 0.0227608
5.57128 0.0224764
5.59196 0.0221955
5.61264 0.0219181
5.63332 0.0216442
5.654 0.0213737
5.67468 0.0211066
5.69536 0.0208429
5.71604 0.0205824
5.73672 0.0203252
5.7574 0.0200713
5.77808 0.0198205
5.79876 0.0195729
5.81945 0.0193284
5.84013 0.0190869
5.86081 0.0188485
5.88149 0.018613
5.90217 0.0183805
5.92285 0.018151
5.94353 0.0179243
5.96421 0.0177004
5.98489 0.0174793
6.00557 0.0172611
6.02625 0.0170455
6.04693 0.0168327
6.06761 0.0166225
6.08829 0.016415
6.10897 0.01621
6.12965 0.0160077
6.15033 0.0158079
6.17101 0.0156105
6.19169 0.0154157
6.21237 0.0152233
6.23305 0.0150333
6.25373 0.0148457
6.27441 0.0146605
6.29509 0.0144775
6.31577 0.0142969
6.33645 0.0141185
6.35713 0.0139424
6.37781 0.0137685
6.39849 0.0135967
6.41917 0.0134271
6.43985 0.0132597
6.46054 0.0130943
6.48122 0.012931
6.5019 0.0127698
6.52258 0.0126106
6.54326 0.0124534
6.56394 0.0122981
6.58462 0.0121448
6.6053 0.0119934
6.62598 0.0118439
6.64666 0.0116963
6.66734 0.0115506
6.68802 0.0114067
6.7087 0.0112645
6.72938 0.0111242
6.75006 0.0109856
6.77074 0.0108487
6.79142 0.0107136
6.8121 0.0105802
6.83278 0.0104484
6.85346 0.0103183
6.87414 0.0101898
6.89482 0.0100629
6.9155 0.00993766
6.93618 0.00981394
6.95686 0.00969178
6.97754 0.00957114
6.99822 0.00945202
7.0189 0.00933439
7.03958 0.00921823
7.06026 0.00910353
7.08095 0.00899027
7.10163 0.00887842
7.12231 0.00876798
7.14299 0.00865891
7.16367 0.00855122
7.18435 0.00844487
7.20503 0.00833985
7.22571 0.00823615
7.24639 0.00813374
7.26707 0.00803262
7.28775 0.00793277
7.30843 0.00783416
7.32911 0.00773679
7.34979 0.00764063
7.37047 0.00754568
7.39115 0.00745192
7.41183 0.00735933
7.43251 0.0072679
7.45319 0.00717761
7.47387 0.00708846
7.49455 0.00700041
7.51523 0.00691347
7.53591 0.00682762
7.55659 0.00674284
7.57727 0.00665912
7.59795 0.00657644
7.61863 0.0064948
7.63931 0.00641418
7.65999 0.00633457
7.68067 0.00625595
7.70136 0.00617832
7.72204 0.00610166
7.74272 0.00602595
7.7634 0.00595119
7.78408 0.00587737
7.80476 0.00580446
7.82544 0.00573247
7.84612 0.00566138
7.8668 0.00559117
7.88748 0.00552184
7.90816 0.00545338
7.92884 0.00538577
7.94952 0.00531901
7.9702 0.00525307
7.99088 0.00518797
8.01156 0.00512367
8.03224 0.00506018
8.05292 0.00499748
8.0736 0.00493556
8.09428 0.00487442
8.11496 0.00481403
8.13564 0.00475441
8.15632 0.00469552
8.177 0.00463737
8.19768 0.00457995
8.21836 0.00452324
8.23904 0.00446723
8.25972 0.00441193
8.2804 0.00435732
8.30108 0.00430338
8.32176 0.00425012
8.34245 0.00419753
8.36313 0.00414558
8.38381 0.00409429
8.40449 0.00404364
8.42517 0.00399361
8.44585 0.00394421
8.46653 0.00389543
8.48721 0.00384725
8.50789 0.00379967
8.52857 0.00375269
8.54925 0.00370629
8.56993 0.00366046
8.59061 0.00361521
8.61129 0.00357053
8.63197 0.00352639
8.65265 0.00348281
8.67333 0.00343977
8.69401 0.00339727
8.71469 0.00335529
8.73537 0.00331384
8.75605 0.0032729
8.77673 0.00323247
8.79741 0.00319255
8.81809 0.00315312
8.83877 0.00311418
8.85945 0.00307573
8.88013 0.00303775
8.90081 0.00300025
8.92149 0.00296321
8.94217 0.00292663
8.96286 0.00289051
8.98354 0.00285483
9.00422 0.0028196
9.0249 0.00278481
9.04558 0.00275045
9.06626 0.00271652
9.08694 0.00268301
9.10762 0.00264991
9.1283 0.00261723
9.14898 0.00258495
9.16966 0.00255307
9.19034 0.00252159
9.21102 0.0024905
9.2317 0.00245979
9.25238 0.00242947
9.27306 0.00239952
9.29374 0.00236995
9.31442 0.00234074
9.3351 0.00231189
9.35578 0.0022834
9.37646 0.00225527
9.39714 0.00222748
9.41782 0.00220004
9.4385 0.00217294
9.45918 0.00214618
9.47986 0.00211974
9.50054 0.00209364
9.52122 0.00206786
9.5419 0.00204239
9.56258 0.00201725
9.58326 0.00199241
9.60395 0.00196789
9.62463 0.00194366
9.64531 0.00191974
9.66599 0.00189612
9.68667 0.00187278
9.70735 0.00184974
9.72803 0.00182698
9.74871 0.0018045
9.76939 0.0017823
9.79007 0.00176038
9.81075 0.00173873
9.83143 0.00171734
9.85211 0.00169622
9.87279 0.00167537
9.89347 0.00165477
9.91415 0.00163442
9.93483 0.00161433
9.95551 0.00159448
9.97619 0.00157488
9.99687 0.00155553
10.0176 0.00153641
10.0382 0.00151753
10.0589 0.00149888
10.0796 0.00148047
10.1003 0.00146228
10.121 0.00144431
10.1416 0.00142657
10.1623 0.00140905
10.183 0.00139174
10.2037 0.00137465
10.2244 0.00135777
10.245 0.0013411
10.2657 0.00132463
10.2864 0.00130837
10.3071 0.00129231
10.3278 0.00127645
10.3484 0.00126078
10.3691 0.0012453
10.3898 0.00123002
10.4105 0.00121493
10.4312 0.00120002
10.4518 0.0011853
10.4725 0.00117076
10.4932 0.00115639
10.5139 0.00114221
10.5346 0.0011282
10.5552 0.00111436
10.5759 0.0011007
10.5966 0.0010872
10.6173 0.00107387
10.638 0.0010607
10.6586 0.0010477
10.6793 0.00103485
10.7 0.00102217
10.7207 0.00100964
10.7414 0.000997267
10.762 0.000985045
10.7827 0.000972974
10.8034 0.000961052
10.8241 0.000949277
10.8448 0.000937647
10.8654 0.000926161
10.8861 0.000914816
10.9068 0.00090361
10.9275 0.000892543
10.9482 0.000881613
10.9688 0.000870816
10.9895 0.000860153
11.0102 0.000849622
11.0309 0.00083922
11.0516 0.000828946
11.0722 0.000818798
11.0929 0.000808776
11.1136 0.000798877
11.1343 0.0007891
11.155 0.000779443
11.1757 0.000769905
11.1963 0.000760485
11.217 0.00075118
11.2377 0.00074199
11.2584 0.000732913
11.2791 0.000723948
11.2997 0.000715093
11.3204 0.000706347
11.3411 0.000697709
11.3618 0.000689177
11.3825 0.000680749
11.4031 0.000672426
11.4238 0.000664205
11.4445 0.000656085
11.4652 0.000648064
11.4859 0.000640143
11.5065 0.000632318
11.5272 0.00062459
11.5479 0.000616957
11.5686 0.000609418
11.5893 0.000601971
11.6099 0.000594616
11.6306 0.000587352
11.6513 0.000580176
11.672 0.000573089
11.6927 0.000566089
11.7133 0.000559174
11.734 0.000552345
11.7547 0.000545599
11.7754 0.000538937
11.7961 0.000532356
11.8167 0.000525856
11.8374 0.000519436
11.8581 0.000513095
11.8788 0.000506831
11.8995 0.000500644
11.9201 0.000494534
11.9408 0.000488498
11.9615 0.000482536
11.9822 0.000476648
12.0029 0.000470832
12.0235 0.000465087
12.0442 0.000459412
12.0649 0.000453808
12.0856 0.000448272
12.1063 0.000442803
12.1269 0.000437402
12.1476 0.000432068
12.1683 0.000426798
12.189 0.000421593
12.2097 0.000416452
12.2303 0.000411374
12.251 0.000406359
12.2717 0.000401405
12.2924 0.000396511
12.3131 0.000391677
12.3337 0.000386903
12.3544 0.000382187
12.3751 0.000377529
12.3958 0.000372928
12.4165 0.000368384
12.4372 0.000363895
12.4578 0.000359461
12.4785 0.000355082
12.4992 0.000350756
12.5199 0.000346483
12.5406 0.000342262
12.5612 0.000338093
12.5819 0.000333975
12.6026 0.000329908
12.6233 0.00032589
12.644 0.000321921
12.6646 0.000318001
12.6853 0.000314129
12.706 0.000310305
12.7267 0.000306527
12.7474 0.000302795
12.768 0.000299109
12.7887 0.000295469
12.8094 0.000291872
12.8301 0.00028832
12.8508 0.000284811
12.8714 0.000281345
12.8921 0.000277922
12.9128 0.00027454
12.9335 0.0002712
12.9542 0.000267901
12.9748 0.000264641
12.9955 0.000261422
13.0162 0.000258242
13.0369 0.000255101
13.0576 0.000251999
13.0782 0.000248934
13.0989 0.000245907
13.1196 0.000242916
13.1403 0.000239963
13.161 0.000237045
13.1816 0.000234163
13.2023 0.000231316
13.223 0.000228504
13.2437 0.000225727
13.2644 0.000222983
13.285 0.000220273
13.3057 0.000217596
13.3264 0.000214951
13.3471 0.000212339
13.3678 0.000209759
13.3884 0.00020721
13.4091 0.000204693
13.4298 0.000202206
13.4505 0.000199749
13.4712 0.000197323
13.4918 0.000194926
13.5125 0.000192558
13.5332 0.00019022
13.5539 0.000187909
13.5746 0.000185627
13.5952 0.000183373
13.6159 0.000181147
13.6366 0.000178947
13.6573 0.000176774
13.678 0.000174628
13.6987 0.000172508
13.7193 0.000170414
13.74 0.000168345
13.7607 0.000166302
13.7814 0.000164284
13.8021 0.00016229
13.8227 0.00016032
13.8434 0.000158375
13.8641 0.000156453
13.8848 0.000154555
13.9055 0.000152679
13.9261 0.000150827
13.9468 0.000148997
13.9675 0.00014719
13.9882 0.000145404
14.0089 0.000143641
14.0295 0.000141898
14.0502 0.000140177
14.0709 0.000138477
14.0916 0.000136798
14.1123 0.000135139
14.1329 0.0001335
14.1536 0.000131882
14.1743 0.000130283
14.195 0.000128703
14.2157 0.000127143
14.2363 0.000125602
14.257 0.000124079
14.2777 0.000122575
14.2984 0.00012109
14.3191 0.000119622
14.3397 0.000118172
14.3604 0.00011674
14.3811 0.000115326
14.4018 0.000113928
14.4225 0.000112548
14.4431 0.000111184
14.4638 0.000109837
14.4845 0.000108507
14.5052 0.000107192
14.5259 0.000105894
14.5465 0.000104611
14.5672 0.000103344
14.5879 0.000102092
14.6086 0.000100856
14.6293 9.96346e-05
14.6499 9.84281e-05
14.6706 9.72362e-05
14.6913 9.60589e-05
14.712 9.48959e-05
14.7327 9.3747e-05
14.7533 9.2612e-05
14.774 9.14909e-05
14.7947 9.03834e-05
14.8154 8.92894e-05
14.8361 8.82087e-05
14.8567 8.71411e-05
14.8774 8.60864e-05
14.8981 8.50446e-05
14.9188 8.40155e-05
14.9395 8.29988e-05
14.9602 8.19946e-05
14.9808 8.10025e-05
15.0015 8.00224e-05
15.0222 7.90543e-05
15.0429 7.8098e-05
15.0636 7.71532e-05
15.0842 7.62199e-05
15.1049 7.5298e-05
15.1256 7.43873e-05
15.1463 7.34876e-05
15.167 7.25988e-05
15.1876 7.17209e-05
15.2083 7.08536e-05
15.229 6.99968e-05
15.2497 6.91504e-05
15.2704 6.83144e-05
15.291 6.74884e-05
15.3117 6.66725e-05
15.3324 6.58665e-05
15.3531 6.50703e-05
15.3738 6.42837e-05
15.3944 6.35067e-05
15.4151 6.27391e-05
15.4358 6.19808e-05
15.4565 6.12317e-05
15.4772 6.04918e-05
15.4978 5.97607e-05
15.5185 5.90386e-05
15.5392 5.83252e-05
15.5599 5.76205e-05
15.5806 5.69243e-05
15.6012 5.62366e-05
15.6219 5.55572e-05
15.6426 5.48861e-05
15.6633 5.42231e-05
15.684 5.35681e-05
15.7046 5.29211e-05
15.7253 5.22819e-05
15.746 5.16505e-05
15.7667 5.10267e-05
15.7874 5.04105e-05
15.808 4.98017e-05
15.8287 4.92004e-05
15.8494 4.86063e-05
15.8701 4.80194e-05
15.8908 4.74396e-05
15.9114 4.68669e-05
15.9321 4.63011e-05
15.9528 4.57422e-05
15.9735 4.519e-05
15.9942 4.46445e-05
16.0148 4.41057e-05
16.0355 4.35733e-05
16.0562 4.30475e-05
16.0769 4.25279e-05
16.0976 4.20147e-05
16.1182 4.15077e-05
16.1389 4.10069e-05
16.1596 4.05121e-05
16.1803 4.00232e-05
16.201 3.95404e-05
16.2217 3.90633e-05
16.2423 3.85921e-05
16.263 3.81265e-05
16.2837 3.76666e-05
16.3044 3.72122e-05
16.3251 3.67634e-05
16.3457 3.632e-05
16.3664 3.58819e-05
16.3871 3.54492e-05
16.4078 3.50217e-05
16.4285 3.45993e-05
16.4491 3.41821e-05
16.4698 3.377e-05
16.4905 3.33628e-05
16.5112 3.29605e-05
16.5319 3.25631e-05
16.5525 3.21705e-05
16.5732 3.17827e-05
16.5939 3.13996e-05
16.6146 3.10211e-05
16.6353 3.06471e-05
16.6559 3.02777e-05
16.6766 2.99128e-05
16.6973 2.95523e-05
16.718 2.91961e-05
16.7387 2.88443e-05
16.7593 2.84967e-05
16.78 2.81533e-05
16.8007 2.78141e-05
16.8214 2.74789e-05
16.8421 2.71478e-05
16.8627 2.68208e-05
16.8834 2.64976e-05
16.9041 2.61784e-05
16.9248 2.58631e-05
16.9455 2.55515e-05
16.9661 2.52437e-05
16.9868 2.49397e-05
17.0075 2.46393e-05
17.0282 2.43425e-05
17.0489 2.40494e-05
17.0695 2.37597e-05
17.0902 2.34736e-05
17.1109 2.31909e-05
17.1316 2.29117e-05
17.1523 2.26358e-05
17.1729 2.23633e-05
17.1936 2.2094e-05
17.2143 2.1828e-05
17.235 2.15652e-05
17.2557 2.13056e-05
17.2763 2.10491e-05
17.297 2.07957e-05
17.3177 2.05454e-05
17.3384 2.02981e-05
17.3591 2.00538e-05
17.3797 1.98125e-05
17.4004 1.9574e-05
17.4211 1.93384e-05
17.4418 1.91057e-05
17.4625 1.88758e-05
17.4832 1.86487e-05
17.5038 1.84243e-05
17.5245 1.82026e-05
17.5452 1.79836e-05
17.5659 1.77672e-05
17.5866 1.75535e-05
17.6072 1.73423e-05
17.6279 1.71337e-05
17.6486 1.69276e-05
17.6693 1.6724e-05
17.69 1.65228e-05
17.7106 1.63241e-05
17.7313 1.61277e-05
17.752 1.59338e-05
17.7727 1.57421e-05
17.7934 1.55528e-05
17.814 1.53658e-05
17.8347 1.5181e-05
17.8554 1.49985e-05
17.8761 1.48181e-05
17.8968 1.464e-05
17.9174 1.4464e-05
17.9381 1.42901e-05
17.9588 1.41183e-05
17.9795 1.39485e-05
18.0002 1.37809e-05
18.0208 1.36152e-05
18.0415 1.34516e-05
