-18.2913 0.000392379
-18.2666 0.000396275
-18.2419 0.000400209
-18.2172 0.000404181
-18.1925 0.000408193
-18.1678 0.000412244
-18.1431 0.000416335
-18.1184 0.000420466
-18.0937 0.000424638
-18.069 0.000428851
-18.0443 0.000433106
-18.0196 0.000437402
-17.9949 0.000441741
-17.9702 0.000446122
-17.9455 0.000450547
-17.9208 0.000455015
-17.8962 0.000459527
-17.8715 0.000464083
-17.8468 0.000468685
-17.8221 0.000473331
-17.7974 0.000478023
-17.7727 0.000482762
-17.748 0.000487547
-17.7233 0.000492379
-17.6986 0.000497258
-17.6739 0.000502185
-17.6492 0.000507161
-17.6245 0.000512186
-17.5998 0.00051726
-17.5751 0.000522384
-17.5504 0.000527558
-17.5257 0.000532784
-17.501 0.00053806
-17.4763 0.000543388
-17.4516 0.000548769
-17.4269 0.000554202
-17.4022 0.000559689
-17.3775 0.00056523
-17.3528 0.000570825
-17.3281 0.000576475
-17.3034 0.00058218
-17.2788 0.000587942
-17.2541 0.000593759
-17.2294 0.000599634
-17.2047 0.000605567
-17.18 0.000611558
-17.1553 0.000617607
-17.1306 0.000623716
-17.1059 0.000629885
-17.0812 0.000636114
-17.0565 0.000642405
-17.0318 0.000648756
-17.0071 0.000655171
-16.9824 0.000661648
-16.9577 0.000668188
-16.933 0.000674793
-16.9083 0.000681462
-16.8836 0.000688197
-16.8589 0.000694997
-16.8342 0.000701865
-16.8095 0.000708799
-16.7848 0.000715801
-16.7601 0.000722872
-16.7354 0.000730012
-16.7107 0.000737222
-16.686 0.000744503
-16.6614 0.000751855
-16.6367 0.000759278
-16.612 0.000766775
-16.5873 0.000774344
-16.5626 0.000781988
-16.5379 0.000789706
-16.5132 0.0007975
-16.4885 0.00080537
-16.4638 0.000813317
-16.4391 0.000821342
-16.4144 0.000829445
-16.3897 0.000837627
-16.365 0.000845889
-16.3403 0.000854232
-16.3156 0.000862657
-16.2909 0.000871163
-16.2662 0.000879753
-16.2415 0.000888427
-16.2168 0.000897185
-16.1921 0.000906029
-16.1674 0.000914959
-16.1427 0.000923976
-16.118 0.000933081
-16.0933 0.000942275
-16.0686 0.000951559
-16.044 0.000960934
-16.0193 0.000970399
-15.9946 0.000979957
-15.9699 0.000989609
-15.9452 0.000999354
-15.9205 0.00100919
-15.8958 0.00101913
-15.8711 0.00102916
-15.8464 0.00103929
-15.8217 0.00104952
-15.797 0.00105985
-15.7723 0.00107028
-15.7476 0.00108081
-15.7229 0.00109145
-15.6982 0.00110219
-15.6735 0.00111303
-15.6488 0.00112398
-15.6241 0.00113503
-15.5994 0.00114619
-15.5747 0.00115746
-15.55 0.00116884
-15.5253 0.00118033
-15.5006 0.00119193
-15.4759 0.00120365
-15.4512 0.00121548
-15.4266 0.00122742
-15.4019 0.00123948
-15.3772 0.00125166
-15.3525 0.00126395
-15.3278 0.00127637
-15.3031 0.0012889
-15.2784 0.00130156
-15.2537 0.00131434
-15.229 0.00132725
-15.2043 0.00134028
-15.1796 0.00135343
-15.1549 0.00136672
-15.1302 0.00138013
-15.1055 0.00139367
-15.0808 0.00140735
-15.0561 0.00142115
-15.0314 0.00143509
-15.0067 0.00144917
-14.982 0.00146338
-14.9573 0.00147773
-14.9326 0.00149222
-14.9079 0.00150685
-14.8832 0.00152162
-14.8585 0.00153654
-14.8338 0.0015516
-14.8092 0.0015668
-14.7845 0.00158215
-14.7598 0.00159765
-14.7351 0.0016133
-14.7104 0.00162911
-14.6857 0.00164506
-14.661 0.00166117
-14.6363 0.00167744
-14.6116 0.00169386
-14.5869 0.00171044
-14.5622 0.00172718
-14.5375 0.00174408
-14.5128 0.00176115
-14.4881 0.00177838
-14.4634 0.00179578
-14.4387 0.00181335
-14.414 0.00183108
-14.3893 0.00184899
-14.3646 0.00186707
-14.3399 0.00188533
-14.3152 0.00190376
-14.2905 0.00192237
-14.2658 0.00194116
-14.2411 0.00196012
-14.2164 0.00197928
-14.1918 0.00199862
-14.1671 0.00201814
-14.1424 0.00203785
-14.1177 0.00205775
-14.093 0.00207785
-14.0683 0.00209814
-14.0436 0.00211862
-14.0189 0.0021393
-13.9942 0.00216018
-13.9695 0.00218126
-13.9448 0.00220254
-13.9201 0.00222403
-13.8954 0.00224573
-13.8707 0.00226763
-13.846 0.00228974
-13.8213 0.00231207
-13.7966 0.00233461
-13.7719 0.00235737
-13.7472 0.00238035
-13.7225 0.00240355
-13.6978 0.00242697
-13.6731 0.00245062
-13.6484 0.00247449
-13.6237 0.00249859
-13.599 0.00252293
-13.5744 0.00254749
-13.5497 0.0025723
-13.525 0.00259734
-13.5003 0.00262262
-13.4756 0.00264815
-13.4509 0.00267391
-13.4262 0.00269993
-13.4015 0.0027262
-13.3768 0.00275271
-13.3521 0.00277949
-13.3274 0.00280651
-13.3027 0.0028338
-13.278 0.00286135
-13.2533 0.00288916
-13.2286 0.00291724
-13.2039 0.00294559
-13.1792 0.0029742
-13.1545 0.0030031
-13.1298 0.00303226
-13.1051 0.00306171
-13.0804 0.00309144
-13.0557 0.00312145
-13.031 0.00315175
-13.0063 0.00318234
-12.9817 0.00321322
-12.957 0.0032444
-12.9323 0.00327588
-12.9076 0.00330765
-12.8829 0.00333973
-12.8582 0.00337211
-12.8335 0.00340481
-12.8088 0.00343781
-12.7841 0.00347113
-12.7594 0.00350477
-12.7347 0.00353873
-12.71 0.00357301
-12.6853 0.00360761
-12.6606 0.00364255
-12.6359 0.00367782
-12.6112 0.00371343
-12.5865 0.00374937
-12.5618 0.00378566
-12.5371 0.00382229
-12.5124 0.00385928
-12.4877 0.00389661
-12.463 0.0039343
-12.4383 0.00397234
-12.4136 0.00401075
-12.3889 0.00404952
-12.3643 0.00408866
-12.3396 0.00412817
-12.3149 0.00416806
-12.2902 0.00420833
-12.2655 0.00424897
-12.2408 0.00429001
-12.2161 0.00433143
-12.1914 0.00437324
-12.1667 0.00441546
-12.142 0.00445807
-12.1173 0.00450108
-12.0926 0.00454451
-12.0679 0.00458834
-12.0432 0.00463259
-12.0185 0.00467726
-11.9938 0.00472235
-11.9691 0.00476786
-11.9444 0.00481381
-11.9197 0.00486019
-11.895 0.00490701
-11.8703 0.00495428
-11.8456 0.00500199
-11.8209 0.00505015
-11.7962 0.00509876
-11.7715 0.00514783
-11.7469 0.00519737
-11.7222 0.00524737
-11.6975 0.00529785
-11.6728 0.0053488
-11.6481 0.00540023
-11.6234 0.00545215
-11.5987 0.00550455
-11.574 0.00555745
-11.5493 0.00561085
-11.5246 0.00566475
-11.4999 0.00571915
-11.4752 0.00577407
-11.4505 0.00582951
-11.4258 0.00588546
-11.4011 0.00594194
-11.3764 0.00599896
-11.3517 0.0060565
-11.327 0.00611459
-11.3023 0.00617323
-11.2776 0.00623241
-11.2529 0.00629215
-11.2282 0.00635245
-11.2035 0.00641331
-11.1788 0.00647475
-11.1541 0.00653676
-11.1295 0.00659935
-11.1048 0.00666253
-11.0801 0.0067263
-11.0554 0.00679066
-11.0307 0.00685563
-11.006 0.00692121
-10.9813 0.0069874
-10.9566 0.0070542
-10.9319 0.00712163
-10.9072 0.00718969
-10.8825 0.00725839
-10.8578 0.00732773
-10.8331 0.00739771
-10.8084 0.00746835
-10.7837 0.00753965
-10.759 0.00761161
-10.7343 0.00768424
-10.7096 0.00775754
-10.6849 0.00783153
-10.6602 0.00790621
-10.6355 0.00798158
-10.6108 0.00805766
-10.5861 0.00813444
-10.5614 0.00821193
-10.5367 0.00829015
-10.5121 0.00836909
-10.4874 0.00844877
-10.4627 0.00852918
-10.438 0.00861034
-10.4133 0.00869225
-10.3886 0.00877492
-10.3639 0.00885836
-10.3392 0.00894257
-10.3145 0.00902756
-10.2898 0.00911334
-10.2651 0.00919991
-10.2404 0.00928728
-10.2157 0.00937546
-10.191 0.00946445
-10.1663 0.00955427
-10.1416 0.00964491
-10.1169 0.00973639
-10.0922 0.00982872
-10.0675 0.0099219
-10.0428 0.0100159
-10.0181 0.0101108
-9.99344 0.0102066
-9.96874 0.0103033
-9.94404 0.0104008
-9.91935 0.0104993
-9.89465 0.0105986
-9.86996 0.0106989
-9.84526 0.0108001
-9.82057 0.0109022
-9.79587 0.0110052
-9.77117 0.0111092
-9.74648 0.0112142
-9.72178 0.0113201
-9.69709 0.011427
-9.67239 0.0115348
-9.64769 0.0116437
-9.623 0.0117535
-9.5983 0.0118644
-9.57361 0.0119762
-9.54891 0.0120891
-9.52421 0.0122031
-9.49952 0.012318
-9.47482 0.012434
-9.45013 0.0125511
-9.42543 0.0126692
-9.40073 0.0127884
-9.37604 0.0129087
-9.35134 0.0130301
-9.32665 0.0131526
-9.30195 0.0132762
-9.27725 0.0134009
-9.25256 0.0135268
-9.22786 0.0136538
-9.20317 0.013782
-9.17847 0.0139113
-9.15377 0.0140418
-9.12908 0.0141734
-9.10438 0.0143063
-9.07969 0.0144404
-9.05499 0.0145757
-9.03029 0.0147122
-9.0056 0.0148499
-8.9809 0.0149889
-8.95621 0.0151291
-8.93151 0.0152706
-8.90681 0.0154134
-8.88212 0.0155575
-8.85742 0.0157029
-8.83273 0.0158495
-8.80803 0.0159975
-8.78333 0.0161468
-8.75864 0.0162975
-8.73394 0.0164495
-8.70925 0.0166029
-8.68455 0.0167577
-8.65985 0.0169138
-8.63516 0.0170713
-8.61046 0.0172303
-8.58577 0.0173907
-8.56107 0.0175525
-8.53637 0.0177157
-8.51168 0.0178804
-8.48698 0.0180466
-8.46229 0.0182143
-8.43759 0.0183834
-8.41289 0.0185541
-8.3882 0.0187263
-8.3635 0.0189
-8.33881 0.0190753
-8.31411 0.0192521
-8.28941 0.0194305
-8.26472 0.0196104
-8.24002 0.019792
-8.21533 0.0199752
-8.19063 0.02016
-8.16593 0.0203464
-8.14124 0.0205345
-8.11654 0.0207242
-8.09185 0.0209156
-8.06715 0.0211087
-8.04245 0.0213035
-8.01776 0.0215
-7.99306 0.0216983
-7.96837 0.0218983
-7.94367 0.0221
-7.91897 0.0223036
-7.89428 0.0225089
-7.86958 0.022716
-7.84489 0.0229249
-7.82019 0.0231356
-7.79549 0.0233482
-7.7708 0.0235627
-7.7461 0.023779
-7.72141 0.0239972
-7.69671 0.0242173
-7.67201 0.0244393
-7.64732 0.0246633
-7.62262 0.0248892
-7.59793 0.0251171
-7.57323 0.0253469
-7.54854 0.0255788
-7.52384 0.0258126
-7.49914 0.0260485
-7.47445 0.0262864
-7.44975 0.0265263
-7.42506 0.0267684
-7.40036 0.0270125
-7.37566 0.0272587
-7.35097 0.0275071
-7.32627 0.0277576
-7.30158 0.0280102
-7.27688 0.028265
-7.25218 0.028522
-7.22749 0.0287812
-7.20279 0.0290426
-7.1781 0.0293062
-7.1534 0.0295721
-7.1287 0.0298403
-7.10401 0.0301108
-7.07931 0.0303835
-7.05462 0.0306586
-7.02992 0.030936
-7.00522 0.0312157
-6.98053 0.0314979
-6.95583 0.0317824
-6.93114 0.0320693
-6.90644 0.0323587
-6.88174 0.0326505
-6.85705 0.0329447
-6.83235 0.0332414
-6.80766 0.0335407
-6.78296 0.0338424
-6.75826 0.0341467
-6.73357 0.0344535
-6.70887 0.0347628
-6.68418 0.0350748
-6.65948 0.0353894
-6.63478 0.0357066
-6.61009 0.0360264
-6.58539 0.0363489
-6.5607 0.0366741
-6.536 0.0370019
-6.5113 0.0373325
-6.48661 0.0376658
-6.46191 0.0380019
-6.43722 0.0383407
-6.41252 0.0386824
-6.38782 0.0390268
-6.36313 0.0393741
-6.33843 0.0397242
-6.31374 0.0400771
-6.28904 0.040433
-6.26434 0.0407918
-6.23965 0.0411535
-6.21495 0.0415181
-6.19026 0.0418857
-6.16556 0.0422563
-6.14086 0.0426299
-6.11617 0.0430065
-6.09147 0.0433861
-6.06678 0.0437688
-6.04208 0.0441546
-6.01738 0.0445434
-5.99269 0.0449354
-5.96799 0.0453306
-5.9433 0.0457289
-5.9186 0.0461303
-5.8939 0.046535
-5.86921 0.0469429
-5.84451 0.047354
-5.81982 0.0477683
-5.79512 0.048186
-5.77042 0.0486069
-5.74573 0.0490311
-5.72103 0.0494587
-5.69634 0.0498896
-5.67164 0.0503239
-5.64694 0.0507616
-5.62225 0.0512027
-5.59755 0.0516472
-5.57286 0.0520952
-5.54816 0.0525466
-5.52346 0.0530015
-5.49877 0.0534599
-5.47407 0.0539219
-5.44938 0.0543874
-5.42468 0.0548564
-5.39998 0.0553291
-5.37529 0.0558053
-5.35059 0.0562851
-5.3259 0.0567686
-5.3012 0.0572557
-5.2765 0.0577465
-5.25181 0.058241
-5.22711 0.0587392
-5.20242 0.0592411
-5.17772 0.0597468
-5.15303 0.0602562
-5.12833 0.0607694
-5.10363 0.0612864
-5.07894 0.0618072
-5.05424 0.0623318
-5.02955 0.0628603
-5.00485 0.0633926
-4.98015 0.0639288
-4.95546 0.0644689
-4.93076 0.0650129
-4.90607 0.0655609
-4.88137 0.0661127
-4.85667 0.0666686
-4.83198 0.0672283
-4.80728 0.0677921
-4.78259 0.0683599
-4.75789 0.0689316
-4.73319 0.0695074
-4.7085 0.0700872
-4.6838 0.0706711
-4.65911 0.071259
-4.63441 0.071851
-4.60971 0.0724471
-4.58502 0.0730473
-4.56032 0.0736516
-4.53563 0.0742599
-4.51093 0.0748725
-4.48623 0.0754891
-4.46154 0.0761099
-4.43684 0.0767348
-4.41215 0.0773639
-4.38745 0.0779972
-4.36275 0.0786346
-4.33806 0.0792762
-4.31336 0.079922
-4.28867 0.080572
-4.26397 0.0812262
-4.23927 0.0818846
-4.21458 0.0825471
-4.18988 0.0832139
-4.16519 0.0838849
-4.14049 0.0845601
-4.11579 0.0852394
-4.0911 0.085923
-4.0664 0.0866108
-4.04171 0.0873028
-4.01701 0.087999
-3.99231 0.0886993
-3.96762 0.0894039
-3.94292 0.0901126
-3.91823 0.0908255
-3.89353 0.0915426
-3.86883 0.0922638
-3.84414 0.0929892
-3.81944 0.0937187
-3.79475 0.0944523
-3.77005 0.09519
-3.74535 0.0959319
-3.72066 0.0966778
-3.69596 0.0974277
-3.67127 0.0981817
-3.64657 0.0989397
-3.62187 0.0997018
-3.59718 0.100468
-3.57248 0.101238
-3.54779 0.102012
-3.52309 0.102789
-3.49839 0.103571
-3.4737 0.104357
-3.449 0.105146
-3.42431 0.105939
-3.39961 0.106736
-3.37491 0.107536
-3.35022 0.10834
-3.32552 0.109148
-3.30083 0.109959
-3.27613 0.110774
-3.25143 0.111593
-3.22674 0.112414
-3.20204 0.11324
-3.17735 0.114068
-3.15265 0.1149
-3.12795 0.115735
-3.10326 0.116573
-3.07856 0.117414
-3.05387 0.118258
-3.02917 0.119105
-3.00447 0.119955
-2.97978 0.120808
-2.95508 0.121663
-2.93039 0.122521
-2.90569 0.123382
-2.881 0.124245
-2.8563 0.12511
-2.8316 0.125978
-2.80691 0.126848
-2.78221 0.127719
-2.75752 0.128593
-2.73282 0.129469
-2.70812 0.130346
-2.68343 0.131225
-2.65873 0.132105
-2.63404 0.132987
-2.60934 0.133869
-2.58464 0.134753
-2.55995 0.135638
-2.53525 0.136524
-2.51056 0.13741
-2.48586 0.138296
-2.46116 0.139183
-2.43647 0.14007
-2.41177 0.140957
-2.38708 0.141843
-2.36238 0.14273
-2.33768 0.143615
-2.31299 0.1445
-2.28829 0.145383
-2.2636 0.146265
-2.2389 0.147146
-2.2142 0.148025
-2.18951 0.148902
-2.16481 0.149777
-2.14012 0.150649
-2.11542 0.151518
-2.09072 0.152384
-2.06603 0.153247
-2.04133 0.154107
-2.01664 0.154962
-1.99194 0.155813
-1.96724 0.15666
-1.94255 0.157502
-1.91785 0.158338
-1.89316 0.159169
-1.86846 0.159993
-1.84376 0.160811
-1.81907 0.161623
-1.79437 0.162427
-1.76968 0.163224
-1.74498 0.164012
-1.72028 0.164792
-1.69559 0.165563
-1.67089 0.166325
-1.6462 0.167076
-1.6215 0.167817
-1.5968 0.168547
-1.57211 0.169265
-1.54741 0.169971
-1.52272 0.170664
-1.49802 0.171344
-1.47332 0.17201
-1.44863 0.172662
-1.42393 0.173297
-1.39924 0.173917
-1.37454 0.174521
-1.34984 0.175106
-1.32515 0.175674
-1.30045 0.176222
-1.27576 0.176751
-1.25106 0.177259
-1.22636 0.177745
-1.20167 0.178209
-1.17697 0.17865
-1.15228 0.179067
-1.12758 0.179458
-1.10288 0.179823
-1.07819 0.180161
-1.05349 0.180471
-1.0288 0.180751
-1.0041 0.181001
-0.979405 0.181219
-0.954709 0.181405
-0.930013 0.181556
-0.905317 0.181673
-0.880621 0.181753
-0.855925 0.181796
-0.831229 0.181799
-0.806533 0.181763
-0.781837 0.181685
-0.757141 0.181565
-0.732445 0.1814
-0.707749 0.18119
-0.683053 0.180933
-0.658357 0.180628
-0.633661 0.180273
-0.608965 0.179868
-0.584269 0.179411
-0.559573 0.1789
-0.534877 0.178335
-0.510181 0.177714
-0.485485 0.177037
-0.460789 0.176301
-0.436093 0.175507
-0.411397 0.174652
-0.386701 0.173738
-0.362005 0.172762
-0.337309 0.171724
-0.312613 0.170624
-0.287917 0.169462
-0.263221 0.168237
-0.238525 0.166949
-0.213829 0.1656
-0.189133 0.164189
-0.164437 0.162717
-0.139741 0.161184
-0.115045 0.159593
-0.0903494 0.157944
-0.0656534 0.156239
-0.0409575 0.15448
-0.0162615 0.152668
0.00843449 0.150806
0.0331305 0.148895
0.0578264 0.14694
0.0825224 0.144942
0.107218 0.142903
0.131914 0.140828
0.15661 0.138719
0.181306 0.136579
0.206002 0.134412
0.230698 0.13222
0.255394 0.130007
0.28009 0.127776
0.304786 0.125531
0.329482 0.123274
0.354178 0.121009
0.378874 0.118739
0.40357 0.116466
0.428266 0.114195
0.452962 0.111926
0.477658 0.109663
0.502354 0.107409
0.52705 0.105166
0.551746 0.102937
0.576442 0.100722
0.601138 0.0985251
0.625834 0.0963472
0.65053 0.0941902
0.675226 0.0920558
0.699922 0.0899453
0.724618 0.0878601
0.749314 0.0858015
0.77401 0.0837705
0.798706 0.0817681
0.823402 0.0797952
0.848098 0.0778524
0.872794 0.0759406
0.89749 0.0740603
0.922186 0.0722118
0.946882 0.0703958
0.971578 0.0686124
0.996274 0.0668618
1.02097 0.0651444
1.04567 0.0634601
1.07036 0.0618091
1.09506 0.0601913
1.11975 0.0586066
1.14445 0.057055
1.16915 0.0555363
1.19384 0.0540503
1.21854 0.0525968
1.24323 0.0511755
1.26793 0.0497861
1.29263 0.0484282
1.31732 0.0471017
1.34202 0.0458059
1.36671 0.0445407
1.39141 0.0433055
1.41611 0.0421
1.4408 0.0409237
1.4655 0.0397761
1.49019 0.0386568
1.51489 0.0375653
1.53959 0.0365011
1.56428 0.0354638
1.58898 0.0344529
1.61367 0.0334678
1.63837 0.0325082
1.66307 0.0315733
1.68776 0.0306629
1.71246 0.0297764
1.73715 0.0289132
1.76185 0.028073
1.78654 0.0272552
1.81124 0.0264592
1.83594 0.0256848
1.86063 0.0249313
1.88533 0.0241982
1.91002 0.0234852
1.93472 0.0227918
1.95942 0.0221174
1.98411 0.0214617
2.00881 0.0208242
2.0335 0.0202044
2.0582 0.019602
2.0829 0.0190165
2.10759 0.0184474
2.13229 0.0178945
2.15698 0.0173572
2.18168 0.0168351
2.20638 0.016328
2.23107 0.0158354
2.25577 0.0153568
2.28046 0.0148921
2.30516 0.0144407
2.32986 0.0140024
2.35455 0.0135768
2.37925 0.0131636
2.40394 0.0127624
2.42864 0.0123729
2.45334 0.0119948
2.47803 0.0116278
2.50273 0.0112715
2.52742 0.0109258
2.55212 0.0105903
2.57682 0.0102647
2.60151 0.00994871
2.62621 0.00964213
2.6509 0.00934466
2.6756 0.00905606
2.7003 0.00877607
2.72499 0.00850446
2.74969 0.00824098
2.77438 0.00798541
2.79908 0.00773751
2.82378 0.00749708
2.84847 0.0072639
2.87317 0.00703776
2.89786 0.00681845
2.92256 0.00660579
2.94726 0.00639958
2.97195 0.00619962
2.99665 0.00600575
3.02134 0.00581779
3.04604 0.00563555
3.07074 0.00545888
3.09543 0.00528761
3.12013 0.00512158
3.14482 0.00496064
3.16952 0.00480463
3.19422 0.00465342
3.21891 0.00450686
3.24361 0.00436481
3.2683 0.00422714
3.293 0.00409372
3.3177 0.00396442
3.34239 0.00383912
3.36709 0.00371769
3.39178 0.00360003
3.41648 0.00348602
3.44118 0.00337554
3.46587 0.0032685
3.49057 0.00316479
3.51526 0.00306431
3.53996 0.00296696
3.56466 0.00287264
3.58935 0.00278127
3.61405 0.00269275
3.63874 0.002607
3.66344 0.00252394
3.68814 0.00244347
3.71283 0.00236553
3.73753 0.00229004
3.76222 0.00221691
3.78692 0.00214608
3.81162 0.00207748
3.83631 0.00201104
3.86101 0.00194669
3.8857 0.00188436
3.9104 0.00182401
3.9351 0.00176555
3.95979 0.00170895
3.98449 0.00165413
4.00918 0.00160104
4.03388 0.00154964
4.05858 0.00149986
4.08327 0.00145166
4.10797 0.00140499
4.13266 0.0013598
4.15736 0.00131604
4.18205 0.00127367
4.20675 0.00123265
4.23145 0.00119294
4.25614 0.00115449
4.28084 0.00111726
4.30553 0.00108121
4.33023 0.00104632
4.35493 0.00101254
4.37962 0.000979837
4.40432 0.000948178
4.42901 0.00091753
4.45371 0.000887862
4.47841 0.000859142
4.5031 0.000831341
4.5278 0.000804429
4.55249 0.00077838
4.57719 0.000753165
4.60189 0.000728758
4.62658 0.000705134
4.65128 0.000682267
4.67597 0.000660135
4.70067 0.000638713
4.72537 0.00061798
4.75006 0.000597913
4.77476 0.000578491
4.79945 0.000559694
4.82415 0.000541502
4.84885 0.000523896
4.87354 0.000506857
4.89824 0.000490367
4.92293 0.000474408
4.94763 0.000458965
4.97233 0.000444019
4.99702 0.000429556
5.02172 0.000415559
5.04641 0.000402015
5.07111 0.000388909
5.09581 0.000376226
5.1205 0.000363953
5.1452 0.000352078
5.16989 0.000340586
5.19459 0.000329467
5.21929 0.000318708
5.24398 0.000308297
5.26868 0.000298224
5.29337 0.000288477
5.31807 0.000279046
5.34277 0.000269922
5.36746 0.000261093
5.39216 0.000252551
5.41685 0.000244286
5.44155 0.00023629
5.46625 0.000228554
5.49094 0.000221069
5.51564 0.000213827
5.54033 0.000206821
5.56503 0.000200043
5.58973 0.000193486
5.61442 0.000187142
5.63912 0.000181004
5.66381 0.000175067
5.68851 0.000169323
5.71321 0.000163766
5.7379 0.00015839
5.7626 0.00015319
5.78729 0.000148159
5.81199 0.000143293
5.83669 0.000138585
5.86138 0.000134031
5.88608 0.000129625
5.91077 0.000125364
5.93547 0.000121242
5.96017 0.000117254
5.98486 0.000113397
6.00956 0.000109666
6.03425 0.000106057
6.05895 0.000102566
6.08365 9.91896e-05
6.10834 9.59234e-05
6.13304 9.27642e-05
6.15773 8.97085e-05
6.18243 8.67528e-05
6.20713 8.3894e-05
6.23182 8.11289e-05
6.25652 7.84544e-05
6.28121 7.58676e-05
6.30591 7.33656e-05
6.33061 7.09457e-05
6.3553 6.86052e-05
6.38 6.63415e-05
