-2.834 0.00188628
-2.81985 0.00194266
-2.80569 0.00200071
-2.79154 0.00206049
-2.77739 0.00212205
-2.76323 0.00218544
-2.74908 0.0022507
-2.73493 0.00231791
-2.72077 0.00238711
-2.70662 0.00245836
-2.69246 0.00253173
-2.67831 0.00260726
-2.66416 0.00268504
-2.65 0.00276512
-2.63585 0.00284757
-2.6217 0.00293246
-2.60754 0.00301986
-2.59339 0.00310985
-2.57924 0.00320249
-2.56508 0.00329787
-2.55093 0.00339606
-2.53678 0.00349715
-2.52262 0.00360122
-2.50847 0.00370836
-2.49431 0.00381865
-2.48016 0.00393219
-2.46601 0.00404906
-2.45185 0.00416937
-2.4377 0.00429322
-2.42355 0.0044207
-2.40939 0.00455192
-2.39524 0.00468699
-2.38109 0.00482601
-2.36693 0.00496911
-2.35278 0.00511638
-2.33863 0.00526797
-2.32447 0.00542398
-2.31032 0.00558454
-2.29616 0.00574978
-2.28201 0.00591984
-2.26786 0.00609485
-2.2537 0.00627494
-2.23955 0.00646027
-2.2254 0.00665098
-2.21124 0.00684721
-2.19709 0.00704913
-2.18294 0.0072569
-2.16878 0.00747067
-2.15463 0.00769061
-2.14048 0.00791689
-2.12632 0.00814969
-2.11217 0.0083892
-2.09801 0.00863558
-2.08386 0.00888904
-2.06971 0.00914976
-2.05555 0.00941795
-2.0414 0.00969381
-2.02725 0.00997754
-2.01309 0.0102694
-1.99894 0.0105695
-1.98479 0.0108782
-1.97063 0.0111956
-1.95648 0.011522
-1.94233 0.0118577
-1.92817 0.0122028
-1.91402 0.0125577
-1.89987 0.0129226
-1.88571 0.0132977
-1.87156 0.0136833
-1.8574 0.0140798
-1.84325 0.0144873
-1.8291 0.0149062
-1.81494 0.0153367
-1.80079 0.0157792
-1.78664 0.016234
-1.77248 0.0167013
-1.75833 0.0171815
-1.74418 0.017675
-1.73002 0.018182
-1.71587 0.0187029
-1.70172 0.019238
-1.68756 0.0197877
-1.67341 0.0203523
-1.65925 0.0209323
-1.6451 0.0215279
-1.63095 0.0221396
-1.61679 0.0227677
-1.60264 0.0234126
-1.58849 0.0240748
-1.57433 0.0247546
-1.56018 0.0254524
-1.54603 0.0261687
-1.53187 0.0269038
-1.51772 0.0276583
-1.50357 0.0284324
-1.48941 0.0292268
-1.47526 0.0300417
-1.4611 0.0308777
-1.44695 0.0317353
-1.4328 0.0326148
-1.41864 0.0335168
-1.40449 0.0344416
-1.39034 0.0353899
-1.37618 0.036362
-1.36203 0.0373584
-1.34788 0.0383797
-1.33372 0.0394263
-1.31957 0.0404986
-1.30542 0.0415972
-1.29126 0.0427226
-1.27711 0.0438753
-1.26295 0.0450557
-1.2488 0.0462644
-1.23465 0.0475018
-1.22049 0.0487683
-1.20634 0.0500646
-1.19219 0.0513911
-1.17803 0.0527482
-1.16388 0.0541365
-1.14973 0.0555563
-1.13557 0.0570082
-1.12142 0.0584926
-1.10727 0.0600099
-1.09311 0.0615606
-1.07896 0.0631451
-1.0648 0.0647638
-1.05065 0.0664172
-1.0365 0.0681055
-1.02234 0.0698291
-1.00819 0.0715885
-0.994037 0.0733839
-0.979883 0.0752156
-0.96573 0.077084
-0.951576 0.0789893
-0.937423 0.0809317
-0.923269 0.0829115
-0.909116 0.0849289
-0.894962 0.086984
-0.880808 0.0890769
-0.866655 0.0912078
-0.852501 0.0933768
-0.838348 0.0955837
-0.824194 0.0978288
-0.810041 0.100112
-0.795887 0.102433
-0.781733 0.104792
-0.76758 0.107188
-0.753426 0.109622
-0.739273 0.112093
-0.725119 0.1146
-0.710966 0.117145
-0.696812 0.119725
-0.682659 0.122341
-0.668505 0.124992
-0.654351 0.127677
-0.640198 0.130397
-0.626044 0.133149
-0.611891 0.135934
-0.597737 0.138751
-0.583584 0.141598
-0.56943 0.144475
-0.555276 0.147381
-0.541123 0.150315
-0.526969 0.153275
-0.512816 0.156261
-0.498662 0.159271
-0.484509 0.162303
-0.470355 0.165357
-0.456201 0.168432
-0.442048 0.171524
-0.427894 0.174634
-0.413741 0.177759
-0.399587 0.180897
-0.385434 0.184048
-0.37128 0.187208
-0.357127 0.190377
-0.342973 0.193552
-0.328819 0.196732
-0.314666 0.199913
-0.300512 0.203095
-0.286359 0.206276
-0.272205 0.209452
-0.258052 0.212622
-0.243898 0.215784
-0.229744 0.218936
-0.215591 0.222075
-0.201437 0.225199
-0.187284 0.228306
-0.17313 0.231393
-0.158977 0.234458
-0.144823 0.237499
-0.130669 0.240514
-0.116516 0.2435
-0.102362 0.246456
-0.0882088 0.249378
-0.0740552 0.252265
-0.0599017 0.255114
-0.0457481 0.257923
-0.0315945 0.26069
-0.017441 0.263414
-0.00328742 0.266091
0.0108661 0.26872
0.0250197 0.271299
0.0391733 0.273827
0.0533268 0.2763
0.0674804 0.278719
0.081634 0.28108
0.0957875 0.283382
0.109941 0.285624
0.124095 0.287804
0.138248 0.28992
0.152402 0.291973
0.166555 0.293959
0.180709 0.295879
0.194862 0.297731
0.209016 0.299514
0.22317 0.301227
0.237323 0.302869
0.251477 0.30444
0.26563 0.30594
0.279784 0.307367
0.293937 0.308721
0.308091 0.310002
0.322245 0.31121
0.336398 0.312344
0.350552 0.313404
0.364705 0.314391
0.378859 0.315304
0.393012 0.316144
0.407166 0.316911
0.42132 0.317605
0.435473 0.318226
0.449627 0.318776
0.46378 0.319254
0.477934 0.319661
0.492087 0.319999
0.506241 0.320266
0.520394 0.320466
0.534548 0.320597
0.548702 0.320662
0.562855 0.32066
0.577009 0.320594
0.591162 0.320464
0.605316 0.32027
0.619469 0.320015
0.633623 0.3197
0.647777 0.319324
0.66193 0.318891
0.676084 0.3184
0.690237 0.317854
0.704391 0.317253
0.718544 0.316599
0.732698 0.315892
0.746852 0.315135
0.761005 0.314329
0.775159 0.313474
0.789312 0.312573
0.803466 0.311626
0.817619 0.310636
0.831773 0.309602
0.845926 0.308527
0.86008 0.307412
0.874234 0.306258
0.888387 0.305066
0.902541 0.303838
0.916694 0.302575
0.930848 0.301279
0.945001 0.29995
0.959155 0.29859
0.973309 0.2972
0.987462 0.295781
1.00162 0.294335
1.01577 0.292862
1.02992 0.291364
1.04408 0.289842
1.05823 0.288297
1.07238 0.286731
1.08654 0.285143
1.10069 0.283536
1.11484 0.281911
1.129 0.280267
1.14315 0.278608
1.1573 0.276932
1.17146 0.275242
1.18561 0.273538
1.19977 0.271821
1.21392 0.270093
1.22807 0.268353
1.24223 0.266603
1.25638 0.264843
1.27053 0.263075
1.28469 0.261299
1.29884 0.259517
1.31299 0.257727
1.32715 0.255932
1.3413 0.254133
1.35545 0.252328
1.36961 0.250521
1.38376 0.24871
1.39792 0.246897
1.41207 0.245082
1.42622 0.243266
1.44038 0.24145
1.45453 0.239633
1.46868 0.237817
1.48284 0.236002
1.49699 0.234188
1.51114 0.232376
1.5253 0.230566
1.53945 0.228759
1.5536 0.226956
1.56776 0.225156
1.58191 0.223359
1.59607 0.221568
1.61022 0.219781
1.62437 0.217999
1.63853 0.216222
1.65268 0.214451
1.66683 0.212686
1.68099 0.210928
1.69514 0.209176
1.70929 0.207431
1.72345 0.205693
1.7376 0.203962
1.75175 0.202239
1.76591 0.200523
1.78006 0.198816
1.79422 0.197117
1.80837 0.195426
1.82252 0.193744
1.83668 0.19207
1.85083 0.190406
1.86498 0.18875
1.87914 0.187104
1.89329 0.185467
1.90744 0.183839
1.9216 0.182221
1.93575 0.180613
1.9499 0.179015
1.96406 0.177426
1.97821 0.175848
1.99237 0.174279
2.00652 0.172721
2.02067 0.171173
2.03483 0.169635
2.04898 0.168107
2.06313 0.16659
2.07729 0.165084
2.09144 0.163587
2.10559 0.162102
2.11975 0.160627
2.1339 0.159162
2.14805 0.157709
2.16221 0.156265
2.17636 0.154833
2.19052 0.153411
2.20467 0.152
2.21882 0.1506
2.23298 0.14921
2.24713 0.147831
2.26128 0.146462
2.27544 0.145105
2.28959 0.143758
2.30374 0.142421
2.3179 0.141096
2.33205 0.139781
2.3462 0.138476
2.36036 0.137182
2.37451 0.135899
2.38867 0.134626
2.40282 0.133364
2.41697 0.132112
2.43113 0.13087
2.44528 0.129639
2.45943 0.128418
2.47359 0.127208
2.48774 0.126008
2.50189 0.124818
2.51605 0.123638
2.5302 0.122468
2.54435 0.121309
2.55851 0.120159
2.57266 0.11902
2.58681 0.11789
2.60097 0.11677
2.61512 0.11566
2.62928 0.11456
2.64343 0.11347
2.65758 0.112389
2.67174 0.111318
2.68589 0.110256
2.70004 0.109204
2.7142 0.108161
2.72835 0.107128
2.7425 0.106104
2.75666 0.105089
2.77081 0.104083
2.78496 0.103087
2.79912 0.102099
2.81327 0.101121
2.82743 0.100152
2.84158 0.0991909
2.85573 0.0982392
2.86989 0.0972961
2.88404 0.0963618
2.89819 0.0954361
2.91235 0.0945189
2.9265 0.0936103
2.94065 0.0927101
2.95481 0.0918182
2.96896 0.0909347
2.98311 0.0900594
2.99727 0.0891923
3.01142 0.0883333
3.02558 0.0874824
3.03973 0.0866394
3.05388 0.0858044
3.06804 0.0849772
3.08219 0.0841578
3.09634 0.0833462
3.1105 0.0825422
3.12465 0.0817459
3.1388 0.080957
3.15296 0.0801757
3.16711 0.0794018
3.18126 0.0786352
3.19542 0.077876
3.20957 0.0771239
3.22373 0.0763791
3.23788 0.0756413
3.25203 0.0749106
3.26619 0.0741869
3.28034 0.0734701
3.29449 0.0727601
3.30865 0.072057
3.3228 0.0713607
3.33695 0.070671
3.35111 0.0699879
3.36526 0.0693114
3.37941 0.0686414
3.39357 0.0679779
3.40772 0.0673208
3.42188 0.06667
3.43603 0.0660255
3.45018 0.0653872
3.46434 0.0647551
3.47849 0.0641291
3.49264 0.0635091
3.5068 0.0628952
3.52095 0.0622872
3.5351 0.061685
3.54926 0.0610888
3.56341 0.0604983
3.57756 0.0599135
3.59172 0.0593344
3.60587 0.0587609
3.62003 0.058193
3.63418 0.0576307
3.64833 0.0570738
3.66249 0.0565223
3.67664 0.0559761
3.69079 0.0554353
3.70495 0.0548998
3.7191 0.0543695
3.73325 0.0538443
3.74741 0.0533243
3.76156 0.0528093
3.77571 0.0522993
3.78987 0.0517944
3.80402 0.0512943
3.81818 0.0507991
3.83233 0.0503088
3.84648 0.0498232
3.86064 0.0493424
3.87479 0.0488663
3.88894 0.0483949
3.9031 0.047928
3.91725 0.0474657
3.9314 0.0470079
3.94556 0.0465546
3.95971 0.0461057
3.97386 0.0456613
3.98802 0.0452211
4.00217 0.0447853
4.01632 0.0443537
4.03048 0.0439264
4.04463 0.0435032
4.05879 0.0430842
4.07294 0.0426692
4.08709 0.0422584
4.10125 0.0418515
4.1154 0.0414487
4.12955 0.0410497
4.14371 0.0406547
4.15786 0.0402636
4.17201 0.0398762
4.18617 0.0394927
4.20032 0.0391129
4.21447 0.0387368
4.22863 0.0383645
4.24278 0.0379957
4.25694 0.0376306
4.27109 0.037269
4.28524 0.036911
4.2994 0.0365565
4.31355 0.0362054
4.3277 0.0358578
4.34186 0.0355136
4.35601 0.0351728
4.37016 0.0348353
4.38432 0.0345011
4.39847 0.0341701
4.41262 0.0338424
4.42678 0.0335179
4.44093 0.0331966
4.45509 0.0328784
4.46924 0.0325634
4.48339 0.0322514
4.49755 0.0319424
4.5117 0.0316365
4.52585 0.0313336
4.54001 0.0310336
4.55416 0.0307366
4.56831 0.0304425
4.58247 0.0301512
4.59662 0.0298628
4.61077 0.0295772
4.62493 0.0292944
4.63908 0.0290144
4.65324 0.0287371
4.66739 0.0284625
4.68154 0.0281906
4.6957 0.0279213
4.70985 0.0276547
4.724 0.0273906
4.73816 0.0271292
4.75231 0.0268703
4.76646 0.0266139
4.78062 0.02636
4.79477 0.0261086
4.80892 0.0258597
4.82308 0.0256131
4.83723 0.025369
4.85139 0.0251273
4.86554 0.0248879
4.87969 0.0246508
4.89385 0.0244161
4.908 0.0241836
4.92215 0.0239534
4.93631 0.0237255
4.95046 0.0234997
4.96461 0.0232762
4.97877 0.0230548
4.99292 0.0228356
5.00707 0.0226185
5.02123 0.0224036
5.03538 0.0221907
5.04954 0.0219799
5.06369 0.0217711
5.07784 0.0215644
5.092 0.0213597
5.10615 0.0211569
5.1203 0.0209562
5.13446 0.0207573
5.14861 0.0205604
5.16276 0.0203655
5.17692 0.0201724
5.19107 0.0199812
5.20522 0.0197918
5.21938 0.0196043
5.23353 0.0194186
5.24769 0.0192347
5.26184 0.0190526
5.27599 0.0188722
5.29015 0.0186936
5.3043 0.0185167
5.31845 0.0183416
5.33261 0.0181681
5.34676 0.0179963
5.36091 0.0178262
5.37507 0.0176577
5.38922 0.0174909
5.40337 0.0173256
5.41753 0.017162
5.43168 0.0169999
5.44584 0.0168394
5.45999 0.0166805
5.47414 0.0165231
5.4883 0.0163672
5.50245 0.0162128
5.5166 0.0160599
5.53076 0.0159085
5.54491 0.0157586
5.55906 0.01561
5.57322 0.015463
5.58737 0.0153173
5.60152 0.0151731
5.61568 0.0150302
5.62983 0.0148887
5.64398 0.0147486
5.65814 0.0146098
5.67229 0.0144724
5.68645 0.0143363
5.7006 0.0142015
5.71475 0.014068
5.72891 0.0139357
5.74306 0.0138048
5.75721 0.0136751
5.77137 0.0135466
5.78552 0.0134194
5.79967 0.0132934
5.81383 0.0131687
5.82798 0.0130451
5.84213 0.0129227
5.85629 0.0128015
5.87044 0.0126814
5.8846 0.0125625
5.89875 0.0124448
5.9129 0.0123281
5.92706 0.0122126
5.94121 0.0120982
5.95536 0.0119849
5.96952 0.0118727
5.98367 0.0117615
5.99782 0.0116514
6.01198 0.0115424
6.02613 0.0114344
6.04028 0.0113275
6.05444 0.0112215
6.06859 0.0111166
6.08275 0.0110127
6.0969 0.0109098
6.11105 0.0108078
6.12521 0.0107069
6.13936 0.0106069
6.15351 0.0105078
6.16767 0.0104097
6.18182 0.0103126
6.19597 0.0102164
6.21013 0.010121
6.22428 0.0100266
6.23843 0.00993313
6.25259 0.00984052
6.26674 0.00974879
6.2809 0.00965793
6.29505 0.00956794
6.3092 0.00947881
6.32336 0.00939052
6.33751 0.00930308
6.35166 0.00921647
6.36582 0.00913069
6.37997 0.00904572
6.39412 0.00896155
6.40828 0.00887819
6.42243 0.00879563
6.43658 0.00871384
6.45074 0.00863284
6.46489 0.0085526
6.47905 0.00847313
6.4932 0.00839441
6.50735 0.00831644
6.52151 0.0082392
6.53566 0.00816271
6.54981 0.00808693
6.56397 0.00801188
6.57812 0.00793754
6.59227 0.0078639
6.60643 0.00779096
6.62058 0.00771871
6.63473 0.00764715
6.64889 0.00757627
6.66304 0.00750605
6.6772 0.0074365
6.69135 0.00736761
6.7055 0.00729937
6.71966 0.00723178
6.73381 0.00716483
6.74796 0.00709851
6.76212 0.00703281
6.77627 0.00696774
6.79042 0.00690329
6.80458 0.00683944
6.81873 0.00677619
6.83288 0.00671354
6.84704 0.00665149
6.86119 0.00659002
6.87535 0.00652913
6.8895 0.00646881
6.90365 0.00640907
6.91781 0.00634988
6.93196 0.00629126
6.94611 0.00623319
6.96027 0.00617566
6.97442 0.00611868
6.98857 0.00606223
7.00273 0.00600632
7.01688 0.00595093
7.03103 0.00589606
7.04519 0.00584171
7.05934 0.00578787
7.07349 0.00573454
7.08765 0.00568171
7.1018 0.00562938
7.11596 0.00557753
7.13011 0.00552618
7.14426 0.00547531
7.15842 0.00542491
7.17257 0.00537499
7.18672 0.00532554
7.20088 0.00527655
7.21503 0.00522803
7.22918 0.00517995
7.24334 0.00513233
7.25749 0.00508516
7.27164 0.00503842
7.2858 0.00499213
7.29995 0.00494627
7.31411 0.00490084
7.32826 0.00485584
7.34241 0.00481125
7.35657 0.00476709
7.37072 0.00472334
7.38487 0.00467999
7.39903 0.00463706
7.41318 0.00459452
7.42733 0.00455238
7.44149 0.00451064
7.45564 0.00446929
7.46979 0.00442832
7.48395 0.00438774
7.4981 0.00434754
7.51226 0.00430771
7.52641 0.00426825
7.54056 0.00422917
7.55472 0.00419044
7.56887 0.00415208
7.58302 0.00411408
7.59718 0.00407643
7.61133 0.00403913
7.62548 0.00400218
7.63964 0.00396558
7.65379 0.00392932
7.66794 0.00389339
7.6821 0.0038578
7.69625 0.00382254
7.71041 0.00378761
7.72456 0.00375301
7.73871 0.00371872
7.75287 0.00368476
7.76702 0.00365111
7.78117 0.00361778
7.79533 0.00358475
7.80948 0.00355203
7.82363 0.00351962
7.83779 0.00348751
7.85194 0.0034557
7.86609 0.00342418
7.88025 0.00339296
7.8944 0.00336202
7.90856 0.00333137
7.92271 0.00330101
7.93686 0.00327093
7.95102 0.00324113
7.96517 0.0032116
7.97932 0.00318235
7.99348 0.00315337
8.00763 0.00312466
8.02178 0.00309622
8.03594 0.00306804
8.05009 0.00304012
8.06424 0.00301246
8.0784 0.00298505
8.09255 0.0029579
8.10671 0.002931
8.12086 0.00290435
8.13501 0.00287795
8.14917 0.00285179
8.16332 0.00282587
8.17747 0.0028002
8.19163 0.00277476
8.20578 0.00274955
8.21993 0.00272458
8.23409 0.00269984
8.24824 0.00267533
8.26239 0.00265104
8.27655 0.00262698
8.2907 0.00260314
8.30486 0.00257953
8.31901 0.00255613
8.33316 0.00253294
8.34732 0.00250997
8.36147 0.00248721
8.37562 0.00246466
8.38978 0.00244232
8.40393 0.00242019
8.41808 0.00239826
8.43224 0.00237653
8.44639 0.00235501
8.46054 0.00233368
8.4747 0.00231254
8.48885 0.00229161
8.503 0.00227086
8.51716 0.00225031
8.53131 0.00222994
8.54547 0.00220977
8.55962 0.00218977
8.57377 0.00216997
8.58793 0.00215034
8.60208 0.0021309
8.61623 0.00211163
8.63039 0.00209254
8.64454 0.00207363
8.65869 0.00205489
8.67285 0.00203632
8.687 0.00201793
8.70115 0.0019997
8.71531 0.00198164
8.72946 0.00196374
8.74362 0.00194601
8.75777 0.00192845
8.77192 0.00191104
8.78608 0.00189379
8.80023 0.00187671
8.81438 0.00185977
8.82854 0.001843
8.84269 0.00182638
8.85684 0.00180991
8.871 0.00179359
8.88515 0.00177742
8.8993 0.0017614
8.91346 0.00174552
8.92761 0.0017298
8.94177 0.00171421
8.95592 0.00169877
8.97007 0.00168347
8.98423 0.00166831
8.99838 0.00165329
9.01253 0.0016384
9.02669 0.00162365
9.04084 0.00160904
9.05499 0.00159456
9.06915 0.00158021
9.0833 0.001566
9.09745 0.00155191
9.11161 0.00153795
9.12576 0.00152412
9.13992 0.00151042
9.15407 0.00149684
9.16822 0.00148339
9.18238 0.00147006
9.19653 0.00145685
9.21068 0.00144376
9.22484 0.00143079
9.23899 0.00141794
9.25314 0.0014052
9.2673 0.00139258
9.28145 0.00138008
9.2956 0.00136769
9.30976 0.00135542
9.32391 0.00134325
9.33807 0.0013312
9.35222 0.00131926
9.36637 0.00130742
9.38053 0.00129569
9.39468 0.00128407
9.40883 0.00127256
9.42299 0.00126115
9.43714 0.00124985
9.45129 0.00123864
9.46545 0.00122754
9.4796 0.00121654
9.49375 0.00120564
9.50791 0.00119484
9.52206 0.00118414
9.53622 0.00117354
9.55037 0.00116303
9.56452 0.00115261
9.57868 0.0011423
9.59283 0.00113207
9.60698 0.00112194
9.62114 0.0011119
9.63529 0.00110195
9.64944 0.00109209
9.6636 0.00108233
9.67775 0.00107265
9.6919 0.00106305
9.70606 0.00105355
9.72021 0.00104413
9.73437 0.0010348
9.74852 0.00102555
9.76267 0.00101638
9.77683 0.0010073
9.79098 0.000998303
9.80513 0.000989385
9.81929 0.000980548
9.83344 0.000971792
9.84759 0.000963114
9.86175 0.000954515
9.8759 0.000945994
9.89005 0.000937551
9.90421 0.000929183
9.91836 0.000920892
9.93252 0.000912675
9.94667 0.000904533
9.96082 0.000896465
9.97498 0.000888469
9.98913 0.000880546
10.0033 0.000872694
10.0174 0.000864914
10.0316 0.000857204
10.0457 0.000849563
10.0599 0.000841992
10.0741 0.000834489
10.0882 0.000827054
10.1024 0.000819686
10.1165 0.000812385
10.1307 0.000805149
10.1448 0.000797979
10.159 0.000790874
10.1731 0.000783833
10.1873 0.000776855
10.2014 0.00076994
10.2156 0.000763088
10.2297 0.000756298
10.2439 0.000749569
10.258 0.0007429
10.2722 0.000736292
10.2864 0.000729743
10.3005 0.000723253
10.3147 0.000716822
10.3288 0.000710449
10.343 0.000704133
10.3571 0.000697874
10.3713 0.000691672
10.3854 0.000685525
10.3996 0.000679434
10.4137 0.000673398
10.4279 0.000667416
10.442 0.000661488
10.4562 0.000655613
10.4704 0.000649791
10.4845 0.000644021
10.4987 0.000638304
10.5128 0.000632637
10.527 0.000627022
10.5411 0.000621458
10.5553 0.000615943
10.5694 0.000610478
10.5836 0.000605062
10.5977 0.000599695
10.6119 0.000594376
10.626 0.000589104
10.6402 0.000583881
10.6543 0.000578704
10.6685 0.000573573
10.6827 0.000568489
10.6968 0.00056345
10.711 0.000558457
10.7251 0.000553508
10.7393 0.000548604
10.7534 0.000543744
10.7676 0.000538927
10.7817 0.000534154
10.7959 0.000529423
10.81 0.000524735
10.8242 0.000520089
10.8383 0.000515485
10.8525 0.000510922
10.8667 0.0005064
10.8808 0.000501918
10.895 0.000497476
10.9091 0.000493075
10.9233 0.000488712
10.9374 0.000484389
10.9516 0.000480105
10.9657 0.000475859
10.9799 0.000471651
10.994 0.00046748
11.0082 0.000463347
11.0223 0.000459251
11.0365 0.000455192
11.0506 0.000451169
11.0648 0.000447182
11.079 0.000443231
11.0931 0.000439315
11.1073 0.000435434
11.1214 0.000431587
11.1356 0.000427776
11.1497 0.000423998
11.1639 0.000420254
11.178 0.000416543
11.1922 0.000412866
11.2063 0.000409221
11.2205 0.000405609
11.2346 0.00040203
11.2488 0.000398482
11.263 0.000394966
11.2771 0.000391481
11.2913 0.000388028
11.3054 0.000384605
