-2.27266 0.00724336
-2.2562 0.00744594
-2.23974 0.00765388
-2.22328 0.00786733
-2.20682 0.0080864
-2.19035 0.00831124
-2.17389 0.00854198
-2.15743 0.00877877
-2.14097 0.00902173
-2.12451 0.00927103
-2.10805 0.0095268
-2.09159 0.0097892
-2.07512 0.0100584
-2.05866 0.0103345
-2.0422 0.0106177
-2.02574 0.0109082
-2.00928 0.0112061
-1.99282 0.0115115
-1.97636 0.0118248
-1.95989 0.0121459
-1.94343 0.0124752
-1.92697 0.0128127
-1.91051 0.0131587
-1.89405 0.0135133
-1.87759 0.0138768
-1.86113 0.0142492
-1.84466 0.0146309
-1.8282 0.015022
-1.81174 0.0154226
-1.79528 0.0158331
-1.77882 0.0162535
-1.76236 0.0166841
-1.7459 0.0171251
-1.72943 0.0175767
-1.71297 0.0180391
-1.69651 0.0185126
-1.68005 0.0189972
-1.66359 0.0194933
-1.64713 0.0200011
-1.63067 0.0205207
-1.6142 0.0210524
-1.59774 0.0215964
-1.58128 0.022153
-1.56482 0.0227223
-1.54836 0.0233046
-1.5319 0.0239
-1.51543 0.0245089
-1.49897 0.0251315
-1.48251 0.0257679
-1.46605 0.0264183
-1.44959 0.0270831
-1.43313 0.0277624
-1.41667 0.0284565
-1.4002 0.0291655
-1.38374 0.0298898
-1.36728 0.0306294
-1.35082 0.0313846
-1.33436 0.0321557
-1.3179 0.0329428
-1.30144 0.0337461
-1.28497 0.0345659
-1.26851 0.0354023
-1.25205 0.0362556
-1.23559 0.0371259
-1.21913 0.0380134
-1.20267 0.0389182
-1.18621 0.0398407
-1.16974 0.0407808
-1.15328 0.0417389
-1.13682 0.0427149
-1.12036 0.0437092
-1.1039 0.0447218
-1.08744 0.0457528
-1.07098 0.0468024
-1.05451 0.0478706
-1.03805 0.0489577
-1.02159 0.0500636
-1.00513 0.0511884
-0.988669 0.0523322
-0.972208 0.053495
-0.955746 0.054677
-0.939285 0.055878
-0.922823 0.0570982
-0.906362 0.0583375
-0.889901 0.0595959
-0.873439 0.0608733
-0.856978 0.0621698
-0.840516 0.0634852
-0.824055 0.0648194
-0.807593 0.0661723
-0.791132 0.0675439
-0.77467 0.068934
-0.758209 0.0703423
-0.741748 0.0717688
-0.725286 0.0732132
-0.708825 0.0746753
-0.692363 0.0761548
-0.675902 0.0776515
-0.65944 0.0791651
-0.642979 0.0806953
-0.626518 0.0822417
-0.610056 0.083804
-0.593595 0.0853817
-0.577133 0.0869746
-0.560672 0.0885821
-0.54421 0.0902038
-0.527749 0.0918392
-0.511288 0.0934879
-0.494826 0.0951492
-0.478365 0.0968228
-0.461903 0.0985079
-0.445442 0.100204
-0.42898 0.10191
-0.412519 0.103627
-0.396058 0.105352
-0.379596 0.107086
-0.363135 0.108827
-0.346673 0.110576
-0.330212 0.112331
-0.31375 0.114091
-0.297289 0.115856
-0.280828 0.117625
-0.264366 0.119397
-0.247905 0.121172
-0.231443 0.122948
-0.214982 0.124725
-0.19852 0.126501
-0.182059 0.128277
-0.165597 0.130051
-0.149136 0.131822
-0.132675 0.133589
-0.116213 0.135352
-0.0997517 0.13711
-0.0832903 0.138861
-0.0668289 0.140605
-0.0503674 0.142342
-0.033906 0.144069
-0.0174446 0.145787
-0.000983148 0.147494
0.0154783 0.149189
0.0319397 0.150872
0.0484012 0.152543
0.0648626 0.154199
0.081324 0.15584
0.0977855 0.157466
0.114247 0.159075
0.130708 0.160668
0.14717 0.162242
0.163631 0.163798
0.180093 0.165335
0.196554 0.166851
0.213015 0.168347
0.229477 0.169822
0.245938 0.171275
0.2624 0.172706
0.278861 0.174113
0.295323 0.175497
0.311784 0.176856
0.328246 0.178191
0.344707 0.179501
0.361168 0.180786
0.37763 0.182044
0.394091 0.183276
0.410553 0.184482
0.427014 0.18566
0.443476 0.186812
0.459937 0.187935
0.476398 0.189031
0.49286 0.190099
0.509321 0.191138
0.525783 0.192149
0.542244 0.193131
0.558706 0.194084
0.575167 0.195009
0.591628 0.195905
0.60809 0.196771
0.624551 0.197609
0.641013 0.198418
0.657474 0.199197
0.673936 0.199948
0.690397 0.200669
0.706858 0.201362
0.72332 0.202025
0.739781 0.20266
0.756243 0.203267
0.772704 0.203845
0.789166 0.204394
0.805627 0.204916
0.822089 0.205409
0.83855 0.205875
0.855011 0.206313
0.871473 0.206723
0.887934 0.207107
0.904396 0.207463
0.920857 0.207793
0.937319 0.208097
0.95378 0.208375
0.970241 0.208626
0.986703 0.208852
1.00316 0.209053
1.01963 0.209229
1.03609 0.20938
1.05255 0.209507
1.06901 0.20961
1.08547 0.20969
1.10193 0.209745
1.11839 0.209778
1.13486 0.209789
1.15132 0.209777
1.16778 0.209743
1.18424 0.209687
1.2007 0.20961
1.21716 0.209512
1.23362 0.209393
1.25009 0.209255
1.26655 0.209096
1.28301 0.208918
1.29947 0.20872
1.31593 0.208504
1.33239 0.208269
1.34885 0.208017
1.36532 0.207746
1.38178 0.207458
1.39824 0.207153
1.4147 0.206831
1.43116 0.206492
1.44762 0.206138
1.46408 0.205768
1.48055 0.205382
1.49701 0.204982
1.51347 0.204567
1.52993 0.204137
1.54639 0.203693
1.56285 0.203236
1.57931 0.202765
1.59578 0.202281
1.61224 0.201784
1.6287 0.201275
1.64516 0.200753
1.66162 0.20022
1.67808 0.199675
1.69454 0.199119
1.71101 0.198552
1.72747 0.197974
1.74393 0.197385
1.76039 0.196787
1.77685 0.196179
1.79331 0.195561
1.80977 0.194934
1.82624 0.194298
1.8427 0.193653
1.85916 0.192999
1.87562 0.192337
1.89208 0.191668
1.90854 0.19099
1.925 0.190305
1.94147 0.189613
1.95793 0.188913
1.97439 0.188207
1.99085 0.187494
2.00731 0.186775
2.02377 0.18605
2.04023 0.185319
2.0567 0.184582
2.07316 0.18384
2.08962 0.183092
2.10608 0.182339
2.12254 0.181582
2.139 0.180819
2.15546 0.180053
2.17193 0.179282
2.18839 0.178506
2.20485 0.177727
2.22131 0.176944
2.23777 0.176158
2.25423 0.175368
2.27069 0.174575
2.28716 0.173779
2.30362 0.17298
2.32008 0.172178
2.33654 0.171374
2.353 0.170567
2.36946 0.169758
2.38592 0.168946
2.40239 0.168133
2.41885 0.167318
2.43531 0.166501
2.45177 0.165683
2.46823 0.164863
2.48469 0.164042
2.50115 0.163219
2.51762 0.162396
2.53408 0.161572
2.55054 0.160747
2.567 0.159921
2.58346 0.159094
2.59992 0.158268
2.61638 0.15744
2.63285 0.156613
2.64931 0.155785
2.66577 0.154958
2.68223 0.15413
2.69869 0.153303
2.71515 0.152475
2.73161 0.151649
2.74808 0.150822
2.76454 0.149996
2.781 0.149171
2.79746 0.148347
2.81392 0.147523
2.83038 0.1467
2.84684 0.145878
2.86331 0.145057
2.87977 0.144237
2.89623 0.143419
2.91269 0.142601
2.92915 0.141785
2.94561 0.140971
2.96207 0.140158
2.97854 0.139346
2.995 0.138536
3.01146 0.137727
3.02792 0.136921
3.04438 0.136116
3.06084 0.135313
3.0773 0.134511
3.09377 0.133712
3.11023 0.132915
3.12669 0.132119
3.14315 0.131326
3.15961 0.130535
3.17607 0.129746
3.19253 0.12896
3.209 0.128175
3.22546 0.127393
3.24192 0.126613
3.25838 0.125836
3.27484 0.125061
3.2913 0.124289
3.30776 0.123519
3.32423 0.122752
3.34069 0.121987
3.35715 0.121225
3.37361 0.120465
3.39007 0.119709
3.40653 0.118955
3.42299 0.118203
3.43946 0.117455
3.45592 0.116709
3.47238 0.115966
3.48884 0.115226
3.5053 0.114489
3.52176 0.113755
3.53822 0.113023
3.55469 0.112295
3.57115 0.111569
3.58761 0.110847
3.60407 0.110128
3.62053 0.109411
3.63699 0.108698
3.65345 0.107987
3.66992 0.10728
3.68638 0.106576
3.70284 0.105875
3.7193 0.105177
3.73576 0.104482
3.75222 0.103791
3.76869 0.103102
3.78515 0.102417
3.80161 0.101735
3.81807 0.101056
3.83453 0.10038
3.85099 0.0997074
3.86745 0.0990381
3.88392 0.098372
3.90038 0.0977091
3.91684 0.0970495
3.9333 0.0963931
3.94976 0.0957399
3.96622 0.0950901
3.98268 0.0944434
3.99915 0.0938001
4.01561 0.09316
4.03207 0.0925231
4.04853 0.0918896
4.06499 0.0912593
4.08145 0.0906323
4.09791 0.0900085
4.11438 0.0893881
4.13084 0.0887709
4.1473 0.088157
4.16376 0.0875464
4.18022 0.086939
4.19668 0.0863349
4.21314 0.0857341
4.22961 0.0851366
4.24607 0.0845423
4.26253 0.0839513
4.27899 0.0833636
4.29545 0.0827791
4.31191 0.0821979
4.32837 0.0816199
4.34484 0.0810452
4.3613 0.0804737
4.37776 0.0799055
4.39422 0.0793405
4.41068 0.0787787
4.42714 0.0782202
4.4436 0.0776648
4.46007 0.0771127
4.47653 0.0765638
4.49299 0.0760181
4.50945 0.0754755
4.52591 0.0749362
4.54237 0.0744
4.55883 0.073867
4.5753 0.0733371
4.59176 0.0728104
4.60822 0.0722869
4.62468 0.0717665
4.64114 0.0712492
4.6576 0.070735
4.67406 0.070224
4.69053 0.069716
4.70699 0.0692111
4.72345 0.0687093
4.73991 0.0682106
4.75637 0.067715
4.77283 0.0672224
4.78929 0.0667328
4.80576 0.0662463
4.82222 0.0657628
4.83868 0.0652823
4.85514 0.0648048
4.8716 0.0643303
4.88806 0.0638588
4.90452 0.0633903
4.92099 0.0629247
4.93745 0.0624621
4.95391 0.0620024
4.97037 0.0615456
4.98683 0.0610917
5.00329 0.0606407
5.01975 0.0601927
5.03622 0.0597475
5.05268 0.0593051
5.06914 0.0588657
5.0856 0.058429
5.10206 0.0579952
5.11852 0.0575643
5.13498 0.0571361
5.15145 0.0567107
5.16791 0.0562881
5.18437 0.0558683
5.20083 0.0554512
5.21729 0.0550369
5.23375 0.0546253
5.25021 0.0542165
5.26668 0.0538103
5.28314 0.0534069
5.2996 0.0530061
5.31606 0.052608
5.33252 0.0522125
5.34898 0.0518197
5.36544 0.0514296
5.38191 0.051042
5.39837 0.0506571
5.41483 0.0502747
5.43129 0.0498949
5.44775 0.0495177
5.46421 0.0491431
5.48067 0.048771
5.49714 0.0484014
5.5136 0.0480344
5.53006 0.0476698
5.54652 0.0473078
5.56298 0.0469482
5.57944 0.0465911
5.5959 0.0462364
5.61237 0.0458842
5.62883 0.0455344
5.64529 0.045187
5.66175 0.0448421
5.67821 0.0444995
5.69467 0.0441593
5.71113 0.0438214
5.7276 0.0434859
5.74406 0.0431527
5.76052 0.0428219
5.77698 0.0424934
5.79344 0.0421671
5.8099 0.0418432
5.82636 0.0415215
5.84283 0.0412021
5.85929 0.0408849
5.87575 0.04057
5.89221 0.0402573
5.90867 0.0399468
5.92513 0.0396385
5.94159 0.0393324
5.95806 0.0390284
5.97452 0.0387266
5.99098 0.038427
6.00744 0.0381295
6.0239 0.0378341
6.04036 0.0375408
6.05682 0.0372496
6.07329 0.0369605
6.08975 0.0366735
6.10621 0.0363885
6.12267 0.0361056
6.13913 0.0358247
6.15559 0.0355458
6.17205 0.035269
6.18852 0.0349941
6.20498 0.0347212
6.22144 0.0344503
6.2379 0.0341814
6.25436 0.0339144
6.27082 0.0336493
6.28728 0.0333862
6.30375 0.033125
6.32021 0.0328657
6.33667 0.0326083
6.35313 0.0323527
6.36959 0.032099
6.38605 0.0318472
6.40251 0.0315972
6.41898 0.0313491
6.43544 0.0311027
6.4519 0.0308582
6.46836 0.0306155
6.48482 0.0303746
6.50128 0.0301354
6.51774 0.029898
6.53421 0.0296623
6.55067 0.0294284
6.56713 0.0291962
6.58359 0.0289658
6.60005 0.028737
6.61651 0.0285099
6.63297 0.0282846
6.64944 0.0280609
6.6659 0.0278388
6.68236 0.0276184
6.69882 0.0273997
6.71528 0.0271825
6.73174 0.026967
6.7482 0.0267531
6.76467 0.0265409
6.78113 0.0263301
6.79759 0.026121
6.81405 0.0259135
6.83051 0.0257074
6.84697 0.025503
6.86343 0.0253001
6.8799 0.0250987
6.89636 0.0248988
6.91282 0.0247004
6.92928 0.0245035
6.94574 0.0243081
6.9622 0.0241142
6.97866 0.0239217
6.99513 0.0237307
7.01159 0.0235411
7.02805 0.023353
7.04451 0.0231663
7.06097 0.022981
7.07743 0.0227971
7.09389 0.0226147
7.11036 0.0224336
7.12682 0.0222538
7.14328 0.0220755
7.15974 0.0218985
7.1762 0.0217228
7.19266 0.0215485
7.20912 0.0213755
7.22559 0.0212039
7.24205 0.0210335
7.25851 0.0208645
7.27497 0.0206967
7.29143 0.0205303
7.30789 0.0203651
7.32435 0.0202012
7.34082 0.0200385
7.35728 0.0198771
7.37374 0.0197169
7.3902 0.019558
7.40666 0.0194002
7.42312 0.0192437
7.43958 0.0190884
7.45605 0.0189343
7.47251 0.0187814
7.48897 0.0186297
7.50543 0.0184791
7.52189 0.0183297
7.53835 0.0181815
7.55481 0.0180344
7.57128 0.0178884
7.58774 0.0177436
7.6042 0.0175999
7.62066 0.0174573
7.63712 0.0173158
7.65358 0.0171754
7.67004 0.0170361
7.68651 0.0168979
7.70297 0.0167607
7.71943 0.0166247
7.73589 0.0164897
7.75235 0.0163557
7.76881 0.0162228
7.78527 0.0160909
7.80174 0.0159601
7.8182 0.0158302
7.83466 0.0157014
7.85112 0.0155736
7.86758 0.0154468
7.88404 0.015321
7.9005 0.0151962
7.91697 0.0150723
7.93343 0.0149494
7.94989 0.0148275
7.96635 0.0147066
7.98281 0.0145866
7.99927 0.0144675
8.01573 0.0143494
8.0322 0.0142322
8.04866 0.0141159
8.06512 0.0140005
8.08158 0.013886
8.09804 0.0137725
8.1145 0.0136598
8.13096 0.0135481
8.14743 0.0134372
8.16389 0.0133272
8.18035 0.013218
8.19681 0.0131097
8.21327 0.0130023
8.22973 0.0128957
8.24619 0.01279
8.26266 0.0126851
8.27912 0.012581
8.29558 0.0124778
8.31204 0.0123754
8.3285 0.0122738
8.34496 0.012173
8.36142 0.0120729
8.37789 0.0119737
8.39435 0.0118753
8.41081 0.0117777
8.42727 0.0116808
8.44373 0.0115847
8.46019 0.0114894
8.47665 0.0113948
8.49312 0.011301
8.50958 0.0112079
8.52604 0.0111156
8.5425 0.011024
8.55896 0.0109332
8.57542 0.010843
8.59188 0.0107536
8.60835 0.0106649
8.62481 0.0105769
8.64127 0.0104897
8.65773 0.0104031
8.67419 0.0103172
8.69065 0.010232
8.70711 0.0101475
8.72358 0.0100636
8.74004 0.00998043
8.7565 0.00989793
8.77296 0.00981608
8.78942 0.00973489
8.80588 0.00965436
8.82234 0.00957447
8.83881 0.00949522
8.85527 0.00941661
8.87173 0.00933863
8.88819 0.00926128
8.90465 0.00918455
8.92111 0.00910844
8.93757 0.00903294
8.95404 0.00895805
8.9705 0.00888376
8.98696 0.00881007
9.00342 0.00873698
9.01988 0.00866448
9.03634 0.00859256
9.05281 0.00852122
9.06927 0.00845046
9.08573 0.00838027
9.10219 0.00831065
9.11865 0.00824159
9.13511 0.00817308
9.15157 0.00810514
9.16804 0.00803774
9.1845 0.00797089
9.20096 0.00790458
9.21742 0.00783881
9.23388 0.00777357
9.25034 0.00770885
9.2668 0.00764467
9.28327 0.007581
9.29973 0.00751785
9.31619 0.00745522
9.33265 0.00739309
9.34911 0.00733147
9.36557 0.00727035
9.38203 0.00720972
9.3985 0.00714959
9.41496 0.00708995
9.43142 0.00703079
9.44788 0.00697211
9.46434 0.00691391
9.4808 0.00685619
9.49726 0.00679893
9.51373 0.00674215
9.53019 0.00668582
9.54665 0.00662996
9.56311 0.00657455
9.57957 0.00651959
9.59603 0.00646508
9.61249 0.00641102
9.62896 0.00635739
9.64542 0.00630421
9.66188 0.00625146
9.67834 0.00619914
9.6948 0.00614725
9.71126 0.00609578
9.72772 0.00604474
9.74419 0.00599411
9.76065 0.0059439
9.77711 0.00589409
9.79357 0.0058447
9.81003 0.00579571
9.82649 0.00574712
9.84295 0.00569893
9.85942 0.00565114
9.87588 0.00560373
9.89234 0.00555672
9.9088 0.00551009
9.92526 0.00546385
9.94172 0.00541798
9.95818 0.00537249
9.97465 0.00532738
9.99111 0.00528263
10.0076 0.00523826
10.024 0.00519425
10.0405 0.0051506
10.057 0.00510731
10.0734 0.00506437
10.0899 0.00502179
10.1063 0.00497956
10.1228 0.00493768
10.1393 0.00489614
10.1557 0.00485494
10.1722 0.00481409
10.1886 0.00477357
10.2051 0.00473339
10.2216 0.00469353
10.238 0.00465401
10.2545 0.00461481
10.271 0.00457593
10.2874 0.00453738
10.3039 0.00449914
10.3203 0.00446123
10.3368 0.00442362
10.3533 0.00438632
10.3697 0.00434934
10.3862 0.00431266
10.4026 0.00427628
10.4191 0.0042402
10.4356 0.00420442
10.452 0.00416894
10.4685 0.00413375
10.4849 0.00409885
10.5014 0.00406425
10.5179 0.00402992
10.5343 0.00399589
10.5508 0.00396213
10.5673 0.00392866
10.5837 0.00389546
10.6002 0.00386254
10.6166 0.00382989
10.6331 0.00379751
10.6496 0.0037654
10.666 0.00373356
10.6825 0.00370198
10.6989 0.00367066
10.7154 0.00363961
10.7319 0.00360881
10.7483 0.00357827
10.7648 0.00354798
10.7813 0.00351794
10.7977 0.00348815
10.8142 0.00345862
10.8306 0.00342932
10.8471 0.00340027
10.8636 0.00337147
10.88 0.0033429
10.8965 0.00331457
10.9129 0.00328647
10.9294 0.00325862
10.9459 0.00323099
10.9623 0.00320359
10.9788 0.00317642
10.9953 0.00314948
11.0117 0.00312276
11.0282 0.00309627
11.0446 0.00306999
11.0611 0.00304394
11.0776 0.0030181
11.094 0.00299248
11.1105 0.00296707
11.1269 0.00294188
11.1434 0.00291689
11.1599 0.00289211
11.1763 0.00286755
11.1928 0.00284318
11.2093 0.00281902
11.2257 0.00279506
11.2422 0.0027713
11.2586 0.00274775
11.2751 0.00272438
11.2916 0.00270122
11.308 0.00267824
11.3245 0.00265546
11.3409 0.00263287
11.3574 0.00261047
11.3739 0.00258826
11.3903 0.00256623
11.4068 0.00254439
11.4233 0.00252273
11.4397 0.00250126
11.4562 0.00247996
11.4726 0.00245884
11.4891 0.0024379
11.5056 0.00241713
11.522 0.00239654
11.5385 0.00237612
11.5549 0.00235587
11.5714 0.00233579
11.5879 0.00231589
11.6043 0.00229614
11.6208 0.00227657
11.6373 0.00225715
11.6537 0.00223791
11.6702 0.00221882
11.6866 0.00219989
11.7031 0.00218113
11.7196 0.00216252
11.736 0.00214406
11.7525 0.00212576
11.7689 0.00210762
11.7854 0.00208963
11.8019 0.00207179
11.8183 0.0020541
11.8348 0.00203656
11.8512 0.00201916
11.8677 0.00200192
11.8842 0.00198482
11.9006 0.00196786
11.9171 0.00195104
11.9336 0.00193437
11.95 0.00191784
11.9665 0.00190145
11.9829 0.00188519
11.9994 0.00186907
12.0159 0.00185309
12.0323 0.00183724
12.0488 0.00182153
12.0652 0.00180595
12.0817 0.0017905
12.0982 0.00177518
12.1146 0.00175999
12.1311 0.00174493
12.1476 0.00173
12.164 0.00171519
12.1805 0.0017005
12.1969 0.00168595
12.2134 0.00167151
12.2299 0.0016572
12.2463 0.001643
12.2628 0.00162893
12.2792 0.00161498
12.2957 0.00160114
12.3122 0.00158742
12.3286 0.00157382
12.3451 0.00156033
12.3616 0.00154696
12.378 0.0015337
12.3945 0.00152055
12.4109 0.00150751
12.4274 0.00149458
12.4439 0.00148177
12.4603 0.00146906
12.4768 0.00145646
12.4932 0.00144396
12.5097 0.00143157
12.5262 0.00141929
12.5426 0.00140711
12.5591 0.00139503
12.5756 0.00138306
12.592 0.00137119
12.6085 0.00135942
12.6249 0.00134774
12.6414 0.00133617
12.6579 0.0013247
12.6743 0.00131332
12.6908 0.00130204
12.7072 0.00129085
12.7237 0.00127976
12.7402 0.00126877
12.7566 0.00125787
12.7731 0.00124706
12.7896 0.00123634
12.806 0.00122571
12.8225 0.00121517
12.8389 0.00120473
12.8554 0.00119437
12.8719 0.0011841
12.8883 0.00117392
12.9048 0.00116382
12.9212 0.00115381
12.9377 0.00114388
12.9542 0.00113404
12.9706 0.00112428
12.9871 0.00111461
13.0035 0.00110502
13.02 0.00109551
13.0365 0.00108608
13.0529 0.00107673
13.0694 0.00106746
13.0859 0.00105827
13.1023 0.00104915
13.1188 0.00104012
13.1352 0.00103116
13.1517 0.00102228
13.1682 0.00101347
13.1846 0.00100474
13.2011 0.000996086
13.2175 0.000987503
13.234 0.000978994
13.2505 0.000970556
13.2669 0.000962191
13.2834 0.000953897
13.2999 0.000945674
13.3163 0.000937521
13.3328 0.000929437
13.3492 0.000921423
13.3657 0.000913477
13.3822 0.000905598
13.3986 0.000897787
13.4151 0.000890043
13.4315 0.000882364
13.448 0.000874752
13.4645 0.000867204
13.4809 0.00085972
13.4974 0.000852301
13.5139 0.000844945
13.5303 0.000837652
13.5468 0.000830421
13.5632 0.000823252
13.5797 0.000816144
13.5962 0.000809097
13.6126 0.00080211
13.6291 0.000795182
13.6455 0.000788315
13.662 0.000781505
13.6785 0.000774754
13.6949 0.000768061
13.7114 0.000761425
13.7279 0.000754846
13.7443 0.000748323
13.7608 0.000741856
13.7772 0.000735444
13.7937 0.000729087
13.8102 0.000722784
13.8266 0.000716536
13.8431 0.000710341
13.8595 0.000704199
13.876 0.000698109
13.8925 0.000692072
13.9089 0.000686086
13.9254 0.000680152
13.9419 0.000674268
13.9583 0.000668435
13.9748 0.000662652
13.9912 0.000656919
14.0077 0.000651234
14.0242 0.000645599
14.0406 0.000640011
14.0571 0.000634472
14.0735 0.00062898
14.09 0.000623535
14.1065 0.000618137
14.1229 0.000612785
14.1394 0.000607479
14.1558 0.000602219
14.1723 0.000597003
