-0.715833 0.00465594
-0.675748 0.0053054
-0.635663 0.00603388
-0.595578 0.00684846
-0.555494 0.00775625
-0.515409 0.00876434
-0.475324 0.00987956
-0.435239 0.0111083
-0.395154 0.0124565
-0.35507 0.013929
-0.314985 0.0155296
-0.2749 0.0172609
-0.234815 0.0191241
-0.19473 0.0211183
-0.154646 0.023241
-0.114561 0.025488
-0.0744761 0.0278528
-0.0343913 0.0303273
0.00569353 0.0329017
0.0457783 0.0355647
0.0858631 0.0383037
0.125948 0.0411055
0.166033 0.0439562
0.206118 0.0468417
0.246202 0.049748
0.286287 0.0526617
0.326372 0.0555699
0.366457 0.0584605
0.406542 0.0613227
0.446626 0.0641464
0.486711 0.0669228
0.526796 0.0696444
0.566881 0.0723046
0.606966 0.0748979
0.64705 0.0774198
0.687135 0.0798668
0.72722 0.0822361
0.767305 0.0845257
0.80739 0.0867343
0.847474 0.088861
0.887559 0.0909058
0.927644 0.0928686
0.967729 0.09475
1.00781 0.0965509
1.0479 0.0982724
1.08798 0.0999157
1.12807 0.101482
1.16815 0.102974
1.20824 0.104392
1.24832 0.105738
1.28841 0.107015
1.32849 0.108224
1.36858 0.109366
1.40866 0.110445
1.44875 0.111461
1.48883 0.112418
1.52892 0.113315
1.569 0.114156
1.60909 0.114942
1.64917 0.115676
1.68926 0.116358
1.72934 0.11699
1.76942 0.117574
1.80951 0.118113
1.84959 0.118606
1.88968 0.119056
1.92976 0.119465
1.96985 0.119833
2.00993 0.120163
2.05002 0.120455
2.0901 0.120711
2.13019 0.120932
2.17027 0.121119
2.21036 0.121274
2.25044 0.121397
2.29053 0.121491
2.33061 0.121555
2.3707 0.121591
2.41078 0.1216
2.45087 0.121583
2.49095 0.121541
2.53104 0.121475
2.57112 0.121385
2.61121 0.121273
2.65129 0.121139
2.69138 0.120985
2.73146 0.12081
2.77154 0.120616
2.81163 0.120404
2.85171 0.120174
2.8918 0.119926
2.93188 0.119662
2.97197 0.119382
3.01205 0.119087
3.05214 0.118777
3.09222 0.118453
3.13231 0.118115
3.17239 0.117765
3.21248 0.117402
3.25256 0.117026
3.29265 0.11664
3.33273 0.116242
3.37282 0.115834
3.4129 0.115415
3.45299 0.114987
3.49307 0.11455
3.53316 0.114103
3.57324 0.113648
3.61333 0.113186
3.65341 0.112715
3.6935 0.112237
3.73358 0.111751
3.77366 0.111259
3.81375 0.110761
3.85383 0.110257
3.89392 0.109746
3.934 0.10923
3.97409 0.108709
4.01417 0.108183
4.05426 0.107653
4.09434 0.107118
4.13443 0.106578
4.17451 0.106035
4.2146 0.105488
4.25468 0.104938
4.29477 0.104384
4.33485 0.103827
4.37494 0.103268
4.41502 0.102705
4.45511 0.102141
4.49519 0.101574
4.53528 0.101005
4.57536 0.100434
4.61545 0.0998609
4.65553 0.0992866
4.69562 0.098711
4.7357 0.098134
4.77578 0.0975559
4.81587 0.0969769
4.85595 0.0963971
4.89604 0.0958166
4.93612 0.0952355
4.97621 0.0946539
5.01629 0.0940721
5.05638 0.0934901
5.09646 0.092908
5.13655 0.092326
5.17663 0.0917441
5.21672 0.0911625
5.2568 0.0905812
5.29689 0.0900004
5.33697 0.0894201
5.37706 0.0888405
5.41714 0.0882615
5.45723 0.0876835
5.49731 0.0871063
5.5374 0.08653
5.57748 0.0859549
5.61757 0.0853808
5.65765 0.084808
5.69774 0.0842364
5.73782 0.0836662
5.7779 0.0830974
5.81799 0.08253
5.85807 0.0819642
5.89816 0.0814
5.93824 0.0808374
5.97833 0.0802764
6.01841 0.0797173
6.0585 0.0791599
6.09858 0.0786044
6.13867 0.0780507
6.17875 0.077499
6.21884 0.0769493
6.25892 0.0764016
6.29901 0.075856
6.33909 0.0753124
6.37918 0.074771
6.41926 0.0742318
6.45935 0.0736947
6.49943 0.0731599
6.53952 0.0726274
6.5796 0.0720971
6.61969 0.0715692
6.65977 0.0710436
6.69986 0.0705204
6.73994 0.0699996
6.78002 0.0694813
6.82011 0.0689653
6.86019 0.0684519
6.90028 0.0679409
6.94036 0.0674324
6.98045 0.0669265
7.02053 0.066423
7.06062 0.0659222
7.1007 0.0654239
7.14079 0.0649282
7.18087 0.0644351
7.22096 0.0639446
7.26104 0.0634567
7.30113 0.0629715
7.34121 0.0624889
7.3813 0.0620089
7.42138 0.0615317
7.46147 0.061057
7.50155 0.0605851
7.54164 0.0601158
7.58172 0.0596493
7.62181 0.0591854
7.66189 0.0587242
7.70197 0.0582657
7.74206 0.0578099
7.78214 0.0573569
7.82223 0.0569065
7.86231 0.0564588
7.9024 0.0560139
7.94248 0.0555717
7.98257 0.0551322
8.02265 0.0546954
8.06274 0.0542613
8.10282 0.0538299
8.14291 0.0534012
8.18299 0.0529752
8.22308 0.052552
8.26316 0.0521314
8.30325 0.0517135
8.34333 0.0512984
8.38342 0.0508859
8.4235 0.0504761
8.46359 0.050069
8.50367 0.0496645
8.54376 0.0492627
8.58384 0.0488636
8.62393 0.0484672
8.66401 0.0480734
8.70409 0.0476822
8.74418 0.0472937
8.78426 0.0469078
8.82435 0.0465246
8.86443 0.0461439
8.90452 0.0457659
8.9446 0.0453904
8.98469 0.0450176
9.02477 0.0446473
9.06486 0.0442797
9.10494 0.0439145
9.14503 0.043552
9.18511 0.043192
9.2252 0.0428345
9.26528 0.0424796
9.30537 0.0421271
9.34545 0.0417772
9.38554 0.0414298
9.42562 0.0410849
9.46571 0.0407425
9.50579 0.0404025
9.54588 0.040065
9.58596 0.0397299
9.62605 0.0393973
9.66613 0.0390671
9.70621 0.0387393
9.7463 0.0384139
9.78638 0.0380909
9.82647 0.0377703
9.86655 0.037452
9.90664 0.0371361
9.94672 0.0368226
9.98681 0.0365114
10.0269 0.0362025
10.067 0.035896
10.1071 0.0355917
10.1471 0.0352897
10.1872 0.03499
10.2273 0.0346926
10.2674 0.0343974
10.3075 0.0341044
10.3476 0.0338137
10.3877 0.0335252
10.4277 0.0332389
10.4678 0.0329548
10.5079 0.0326729
10.548 0.0323931
10.5881 0.0321155
10.6282 0.0318401
10.6683 0.0315667
10.7083 0.0312955
10.7484 0.0310264
10.7885 0.0307594
10.8286 0.0304944
10.8687 0.0302316
10.9088 0.0299708
10.9488 0.029712
10.9889 0.0294552
11.029 0.0292005
11.0691 0.0289478
11.1092 0.0286971
11.1493 0.0284483
11.1894 0.0282016
11.2294 0.0279568
11.2695 0.0277139
11.3096 0.027473
11.3497 0.0272339
11.3898 0.0269968
11.4299 0.0267616
11.4699 0.0265283
11.51 0.0262968
11.5501 0.0260672
11.5902 0.0258394
11.6303 0.0256135
11.6704 0.0253894
11.7105 0.0251671
11.7505 0.0249466
11.7906 0.0247279
11.8307 0.024511
11.8708 0.0242958
11.9109 0.0240824
11.951 0.0238707
11.991 0.0236607
12.0311 0.0234525
12.0712 0.0232459
12.1113 0.0230411
12.1514 0.0228379
12.1915 0.0226364
12.2316 0.0224366
12.2716 0.0222383
12.3117 0.0220418
12.3518 0.0218468
12.3919 0.0216535
12.432 0.0214617
12.4721 0.0212716
12.5122 0.021083
12.5522 0.020896
12.5923 0.0207105
12.6324 0.0205266
12.6725 0.0203442
12.7126 0.0201633
12.7527 0.0199839
12.7927 0.0198061
12.8328 0.0196297
12.8729 0.0194548
12.913 0.0192814
12.9531 0.0191094
12.9932 0.0189388
13.0333 0.0187697
13.0733 0.018602
13.1134 0.0184358
13.1535 0.0182709
13.1936 0.0181074
13.2337 0.0179453
13.2738 0.0177846
13.3138 0.0176252
13.3539 0.0174672
13.394 0.0173105
13.4341 0.0171552
13.4742 0.0170011
13.5143 0.0168484
13.5544 0.016697
13.5944 0.0165468
13.6345 0.016398
13.6746 0.0162504
13.7147 0.0161041
13.7548 0.015959
13.7949 0.0158152
13.8349 0.0156726
13.875 0.0155312
13.9151 0.015391
13.9552 0.015252
13.9953 0.0151143
14.0354 0.0149777
14.0755 0.0148423
14.1155 0.014708
14.1556 0.0145749
14.1957 0.014443
14.2358 0.0143122
14.2759 0.0141825
14.316 0.0140539
14.3561 0.0139265
14.3961 0.0138001
14.4362 0.0136749
14.4763 0.0135507
14.5164 0.0134277
14.5565 0.0133056
14.5966 0.0131847
14.6366 0.0130648
14.6767 0.0129459
14.7168 0.0128281
14.7569 0.0127113
14.797 0.0125955
14.8371 0.0124807
14.8772 0.012367
14.9172 0.0122542
14.9573 0.0121424
14.9974 0.0120316
15.0375 0.0119218
15.0776 0.0118129
15.1177 0.011705
15.1577 0.011598
15.1978 0.0114919
15.2379 0.0113868
15.278 0.0112826
15.3181 0.0111794
15.3582 0.011077
15.3983 0.0109755
15.4383 0.010875
15.4784 0.0107753
15.5185 0.0106765
15.5586 0.0105786
15.5987 0.0104815
15.6388 0.0103853
15.6789 0.0102899
15.7189 0.0101954
15.759 0.0101018
15.7991 0.0100089
15.8392 0.00991688
15.8793 0.00982567
15.9194 0.00973527
15.9594 0.00964568
15.9995 0.00955687
16.0396 0.00946886
16.0797 0.00938163
16.1198 0.00929518
16.1599 0.00920949
16.2 0.00912457
16.24 0.0090404
16.2801 0.00895699
16.3202 0.00887432
16.3603 0.00879238
16.4004 0.00871118
16.4405 0.00863071
16.4805 0.00855095
16.5206 0.0084719
16.5607 0.00839356
16.6008 0.00831593
16.6409 0.00823899
16.681 0.00816273
16.7211 0.00808717
16.7611 0.00801227
16.8012 0.00793806
16.8413 0.0078645
16.8814 0.00779161
16.9215 0.00771937
16.9616 0.00764778
17.0016 0.00757684
17.0417 0.00750653
17.0818 0.00743686
17.1219 0.00736781
17.162 0.00729939
17.2021 0.00723158
17.2422 0.00716439
17.2822 0.0070978
17.3223 0.00703181
17.3624 0.00696641
17.4025 0.00690161
17.4426 0.0068374
17.4827 0.00677376
17.5228 0.0067107
17.5628 0.00664821
17.6029 0.00658628
17.643 0.00652492
17.6831 0.00646411
17.7232 0.00640386
17.7633 0.00634415
17.8033 0.00628498
17.8434 0.00622635
17.8835 0.00616825
17.9236 0.00611067
17.9637 0.00605363
18.0038 0.0059971
18.0439 0.00594108
18.0839 0.00588557
18.124 0.00583057
18.1641 0.00577607
18.2042 0.00572207
18.2443 0.00566855
18.2844 0.00561553
18.3244 0.00556299
18.3645 0.00551092
18.4046 0.00545934
18.4447 0.00540822
18.4848 0.00535757
18.5249 0.00530738
18.565 0.00525765
18.605 0.00520838
18.6451 0.00515956
18.6852 0.00511118
18.7253 0.00506325
18.7654 0.00501575
18.8055 0.00496869
18.8455 0.00492206
18.8856 0.00487586
18.9257 0.00483008
18.9658 0.00478472
19.0059 0.00473978
19.046 0.00469525
19.0861 0.00465113
19.1261 0.00460741
19.1662 0.00456409
19.2063 0.00452118
19.2464 0.00447865
19.2865 0.00443652
19.3266 0.00439478
19.3667 0.00435342
19.4067 0.00431244
19.4468 0.00427183
19.4869 0.00423161
19.527 0.00419175
19.5671 0.00415226
19.6072 0.00411313
19.6472 0.00407436
19.6873 0.00403596
19.7274 0.0039979
19.7675 0.0039602
19.8076 0.00392284
19.8477 0.00388583
19.8878 0.00384917
19.9278 0.00381284
19.9679 0.00377684
20.008 0.00374118
20.0481 0.00370585
20.0882 0.00367085
20.1283 0.00363617
20.1683 0.00360181
20.2084 0.00356777
20.2485 0.00353404
20.2886 0.00350063
20.3287 0.00346752
20.3688 0.00343473
20.4089 0.00340223
20.4489 0.00337004
20.489 0.00333815
20.5291 0.00330655
20.5692 0.00327525
20.6093 0.00324424
20.6494 0.00321351
20.6894 0.00318307
20.7295 0.00315292
20.7696 0.00312304
20.8097 0.00309344
20.8498 0.00306412
20.8899 0.00303507
20.93 0.00300629
20.97 0.00297778
21.0101 0.00294953
21.0502 0.00292155
21.0903 0.00289382
21.1304 0.00286636
21.1705 0.00283915
21.2106 0.00281219
21.2506 0.00278549
21.2907 0.00275903
21.3308 0.00273283
21.3709 0.00270686
21.411 0.00268114
21.4511 0.00265566
21.4911 0.00263042
21.5312 0.00260541
21.5713 0.00258064
21.6114 0.00255609
21.6515 0.00253178
21.6916 0.0025077
21.7317 0.00248384
21.7717 0.0024602
21.8118 0.00243678
21.8519 0.00241359
21.892 0.00239061
21.9321 0.00236784
21.9722 0.00234529
22.0122 0.00232295
22.0523 0.00230082
22.0924 0.0022789
22.1325 0.00225718
22.1726 0.00223566
22.2127 0.00221435
22.2528 0.00219324
22.2928 0.00217232
22.3329 0.0021516
22.373 0.00213108
22.4131 0.00211075
22.4532 0.00209061
22.4933 0.00207066
22.5334 0.00205089
22.5734 0.00203132
22.6135 0.00201192
22.6536 0.00199271
22.6937 0.00197368
22.7338 0.00195483
22.7739 0.00193615
22.8139 0.00191765
22.854 0.00189933
22.8941 0.00188117
22.9342 0.00186319
22.9743 0.00184538
23.0144 0.00182773
23.0545 0.00181026
23.0945 0.00179294
23.1346 0.00177579
23.1747 0.0017588
23.2148 0.00174197
23.2549 0.0017253
23.295 0.00170879
23.335 0.00169243
23.3751 0.00167623
23.4152 0.00166018
23.4553 0.00164428
23.4954 0.00162853
23.5355 0.00161293
23.5756 0.00159748
23.6156 0.00158217
23.6557 0.00156701
23.6958 0.00155199
23.7359 0.00153712
23.776 0.00152238
23.8161 0.00150778
23.8561 0.00149333
23.8962 0.001479
23.9363 0.00146482
23.9764 0.00145077
24.0165 0.00143685
24.0566 0.00142306
24.0967 0.0014094
24.1367 0.00139587
24.1768 0.00138247
24.2169 0.0013692
24.257 0.00135605
24.2971 0.00134303
24.3372 0.00133013
24.3773 0.00131736
24.4173 0.0013047
24.4574 0.00129217
24.4975 0.00127975
24.5376 0.00126745
24.5777 0.00125527
24.6178 0.0012432
24.6578 0.00123125
24.6979 0.00121941
24.738 0.00120768
24.7781 0.00119607
24.8182 0.00118456
24.8583 0.00117317
24.8984 0.00116188
24.9384 0.0011507
24.9785 0.00113963
25.0186 0.00112866
25.0587 0.0011178
25.0988 0.00110704
25.1389 0.00109638
25.1789 0.00108582
25.219 0.00107536
25.2591 0.00106501
25.2992 0.00105475
25.3393 0.00104459
25.3794 0.00103452
25.4195 0.00102455
25.4595 0.00101468
25.4996 0.0010049
25.5397 0.000995215
25.5798 0.000985621
25.6199 0.000976118
25.66 0.000966706
25.7 0.000957384
25.7401 0.00094815
25.7802 0.000939004
25.8203 0.000929946
25.8604 0.000920974
25.9005 0.000912088
25.9406 0.000903286
25.9806 0.000894568
26.0207 0.000885934
26.0608 0.000877382
26.1009 0.000868912
26.141 0.000860522
26.1811 0.000852213
26.2212 0.000843982
26.2612 0.000835831
26.3013 0.000827757
26.3414 0.000819761
26.3815 0.000811841
26.4216 0.000803996
26.4617 0.000796227
26.5017 0.000788532
26.5418 0.00078091
26.5819 0.000773361
26.622 0.000765885
26.6621 0.00075848
26.7022 0.000751145
26.7423 0.000743881
26.7823 0.000736687
26.8224 0.000729561
26.8625 0.000722504
26.9026 0.000715514
26.9427 0.000708591
26.9828 0.000701734
27.0228 0.000694943
27.0629 0.000688217
27.103 0.000681555
27.1431 0.000674957
27.1832 0.000668423
27.2233 0.000661951
27.2634 0.000655541
27.3034 0.000649193
27.3435 0.000642905
27.3836 0.000636678
27.4237 0.00063051
27.4638 0.000624402
27.5039 0.000618352
27.544 0.00061236
27.584 0.000606426
27.6241 0.000600548
27.6642 0.000594727
27.7043 0.000588962
27.7444 0.000583252
27.7845 0.000577597
27.8245 0.000571996
27.8646 0.00056645
27.9047 0.000560956
27.9448 0.000555515
27.9849 0.000550126
28.025 0.00054479
28.0651 0.000539504
28.1051 0.000534269
28.1452 0.000529085
28.1853 0.00052395
28.2254 0.000518865
28.2655 0.000513829
28.3056 0.000508841
28.3456 0.000503901
28.3857 0.000499008
28.4258 0.000494163
28.4659 0.000489364
28.506 0.000484612
28.5461 0.000479905
28.5862 0.000475243
28.6262 0.000470627
28.6663 0.000466054
28.7064 0.000461526
28.7465 0.000457041
28.7866 0.0004526
28.8267 0.000448201
28.8667 0.000443845
28.9068 0.000439531
28.9469 0.000435258
28.987 0.000431026
29.0271 0.000426835
29.0672 0.000422685
29.1073 0.000418574
29.1473 0.000414504
29.1874 0.000410472
29.2275 0.000406479
29.2676 0.000402525
29.3077 0.000398609
29.3478 0.000394731
29.3879 0.00039089
29.4279 0.000387086
29.468 0.000383319
29.5081 0.000379588
29.5482 0.000375893
29.5883 0.000372234
29.6284 0.00036861
29.6684 0.000365022
29.7085 0.000361467
29.7486 0.000357948
29.7887 0.000354462
29.8288 0.00035101
29.8689 0.000347591
29.909 0.000344205
29.949 0.000340852
29.9891 0.000337531
30.0292 0.000334242
30.0693 0.000330985
30.1094 0.00032776
30.1495 0.000324566
30.1895 0.000321403
30.2296 0.00031827
30.2697 0.000315167
30.3098 0.000312095
30.3499 0.000309052
30.39 0.000306039
30.4301 0.000303055
30.4701 0.000300099
30.5102 0.000297173
30.5503 0.000294274
30.5904 0.000291404
30.6305 0.000288561
30.6706 0.000285746
30.7106 0.000282958
30.7507 0.000280198
30.7908 0.000277463
30.8309 0.000274756
30.871 0.000272074
30.9111 0.000269419
30.9512 0.000266789
30.9912 0.000264185
31.0313 0.000261606
31.0714 0.000259052
31.1115 0.000256523
31.1516 0.000254018
31.1917 0.000251537
31.2318 0.000249081
31.2718 0.000246648
31.3119 0.000244239
31.352 0.000241854
31.3921 0.000239491
31.4322 0.000237151
31.4723 0.000234834
31.5123 0.00023254
31.5524 0.000230267
31.5925 0.000228017
31.6326 0.000225789
31.6727 0.000223582
31.7128 0.000221397
31.7529 0.000219233
31.7929 0.000217089
31.833 0.000214967
31.8731 0.000212865
31.9132 0.000210784
31.9533 0.000208723
31.9934 0.000206682
32.0334 0.00020466
32.0735 0.000202659
32.1136 0.000200676
32.1537 0.000198713
32.1938 0.000196769
32.2339 0.000194844
32.274 0.000192938
32.314 0.00019105
32.3541 0.000189181
32.3942 0.000187329
32.4343 0.000185496
32.4744 0.000183681
32.5145 0.000181883
32.5546 0.000180102
32.5946 0.000178339
32.6347 0.000176593
32.6748 0.000174864
32.7149 0.000173152
32.755 0.000171457
32.7951 0.000169778
32.8351 0.000168115
32.8752 0.000166469
32.9153 0.000164838
32.9554 0.000163224
32.9955 0.000161625
33.0356 0.000160041
33.0757 0.000158473
33.1157 0.000156921
33.1558 0.000155383
33.1959 0.000153861
33.236 0.000152353
33.2761 0.00015086
33.3162 0.000149381
33.3562 0.000147917
33.3963 0.000146467
33.4364 0.000145031
33.4765 0.000143609
33.5166 0.000142202
33.5567 0.000140807
33.5968 0.000139427
33.6368 0.000138059
33.6769 0.000136706
33.717 0.000135365
33.7571 0.000134037
33.7972 0.000132723
33.8373 0.000131421
33.8773 0.000130132
33.9174 0.000128855
33.9575 0.000127591
33.9976 0.000126339
34.0377 0.000125099
34.0778 0.000123872
34.1179 0.000122656
34.1579 0.000121452
34.198 0.00012026
34.2381 0.00011908
34.2782 0.000117911
34.3183 0.000116754
34.3584 0.000115608
34.3985 0.000114473
34.4385 0.000113349
34.4786 0.000112236
34.5187 0.000111134
34.5588 0.000110043
34.5989 0.000108962
34.639 0.000107892
34.679 0.000106832
34.7191 0.000105783
34.7592 0.000104744
34.7993 0.000103715
34.8394 0.000102696
34.8795 0.000101687
34.9196 0.000100688
34.9596 9.96987e-05
34.9997 9.87191e-05
35.0398 9.7749e-05
35.0799 9.67884e-05
35.12 9.58372e-05
35.1601 9.48953e-05
35.2001 9.39626e-05
35.2402 9.3039e-05
35.2803 9.21244e-05
35.3204 9.12188e-05
35.3605 9.0322e-05
35.4006 8.9434e-05
35.4407 8.85546e-05
35.4807 8.76839e-05
35.5208 8.68217e-05
35.5609 8.59679e-05
35.601 8.51224e-05
35.6411 8.42852e-05
35.6812 8.34563e-05
35.7212 8.26354e-05
35.7613 8.18225e-05
35.8014 8.10176e-05
35.8415 8.02206e-05
35.8816 7.94314e-05
35.9217 7.86499e-05
35.9618 7.7876e-05
36.0018 7.71097e-05
36.0419 7.63509e-05
36.082 7.55996e-05
36.1221 7.48556e-05
36.1622 7.41188e-05
36.2023 7.33893e-05
36.2424 7.26669e-05
36.2824 7.19516e-05
36.3225 7.12433e-05
36.3626 7.0542e-05
36.4027 6.98475e-05
36.4428 6.91598e-05
36.4829 6.84788e-05
36.5229 6.78045e-05
36.563 6.71368e-05
36.6031 6.64757e-05
36.6432 6.5821e-05
36.6833 6.51728e-05
36.7234 6.45309e-05
36.7635 6.38952e-05
36.8035 6.32659e-05
36.8436 6.26426e-05
36.8837 6.20255e-05
36.9238 6.14144e-05
36.9639 6.08094e-05
37.004 6.02102e-05
37.044 5.96169e-05
37.0841 5.90295e-05
37.1242 5.84478e-05
37.1643 5.78718e-05
37.2044 5.73014e-05
37.2445 5.67367e-05
37.2846 5.61775e-05
37.3246 5.56237e-05
37.3647 5.50754e-05
37.4048 5.45325e-05
37.4449 5.39949e-05
37.485 5.34626e-05
37.5251 5.29355e-05
37.5652 5.24135e-05
37.6052 5.18967e-05
37.6453 5.1385e-05
37.6854 5.08782e-05
37.7255 5.03765e-05
37.7656 4.98797e-05
37.8057 4.93877e-05
37.8457 4.89006e-05
37.8858 4.84182e-05
37.9259 4.79406e-05
37.966 4.74677e-05
38.0061 4.69994e-05
38.0462 4.65357e-05
38.0863 4.60766e-05
38.1263 4.5622e-05
38.1664 4.51718e-05
38.2065 4.47261e-05
38.2466 4.42847e-05
38.2867 4.38477e-05
38.3268 4.3415e-05
38.3668 4.29865e-05
38.4069 4.25622e-05
38.447 4.21421e-05
38.4871 4.17261e-05
38.5272 4.13143e-05
38.5673 4.09064e-05
38.6074 4.05026e-05
38.6474 4.01027e-05
38.6875 3.97068e-05
38.7276 3.93147e-05
38.7677 3.89265e-05
38.8078 3.85421e-05
38.8479 3.81615e-05
38.8879 3.77847e-05
38.928 3.74115e-05
38.9681 3.7042e-05
39.0082 3.66761e-05
39.0483 3.63139e-05
39.0884 3.59552e-05
39.1285 3.56e-05
39.1685 3.52483e-05
39.2086 3.49001e-05
39.2487 3.45553e-05
39.2888 3.42139e-05
39.3289 3.38759e-05
