-3.19092 0.000383319
-3.0815 0.000444217
-2.97208 0.000514559
-2.86266 0.000595751
-2.75324 0.000689398
-2.64382 0.00079732
-2.5344 0.000921584
-2.42498 0.00106452
-2.31556 0.00122877
-2.20614 0.00141727
-2.09672 0.00163333
-1.9873 0.00188061
-1.87788 0.00216315
-1.76846 0.00248539
-1.65904 0.00285213
-1.54962 0.00326852
-1.4402 0.00374
-1.33078 0.00427216
-1.22136 0.00487063
-1.11194 0.00554077
-1.00253 0.00628741
-0.893105 0.00711431
-0.783686 0.00802365
-0.674266 0.00901523
-0.564846 0.0100857
-0.455426 0.0112277
-0.346007 0.0124295
-0.236587 0.0136744
-0.127167 0.0149422
-0.0177474 0.0162105
0.0916723 0.0174574
0.201092 0.0186638
0.310512 0.0198155
0.419932 0.0209036
0.529351 0.0219239
0.638771 0.0228761
0.748191 0.0237622
0.857611 0.0245857
0.96703 0.0253507
1.07645 0.0260616
1.18587 0.0267227
1.29529 0.027338
1.40471 0.0279113
1.51413 0.0284459
1.62355 0.0289449
1.73297 0.0294111
1.84239 0.0298469
1.95181 0.0302545
2.06123 0.030636
2.17065 0.030993
2.28007 0.0313274
2.38949 0.0316404
2.49891 0.0319335
2.60833 0.0322079
2.71775 0.0324646
2.82717 0.0327047
2.93659 0.0329291
3.04601 0.0331387
3.15543 0.0333342
3.26484 0.0335165
3.37426 0.0336861
3.48368 0.0338437
3.5931 0.0339898
3.70252 0.0341251
3.81194 0.03425
3.92136 0.034365
4.03078 0.0344706
4.1402 0.0345671
4.24962 0.0346549
4.35904 0.0347345
4.46846 0.0348062
4.57788 0.0348702
4.6873 0.034927
4.79672 0.0349768
4.90614 0.0350199
5.01556 0.0350565
5.12498 0.0350869
5.2344 0.0351114
5.34382 0.0351302
5.45324 0.0351434
5.56266 0.0351513
5.67208 0.0351542
5.7815 0.0351521
5.89092 0.0351453
6.00034 0.0351339
6.10976 0.0351181
6.21918 0.0350981
6.3286 0.035074
6.43802 0.0350459
6.54744 0.0350141
6.65686 0.0349785
6.76628 0.0349395
6.8757 0.034897
6.98512 0.0348512
7.09454 0.0348022
7.20396 0.0347502
7.31338 0.0346952
7.42279 0.0346373
7.53221 0.0345767
7.64163 0.0345134
7.75105 0.0344475
7.86047 0.0343792
7.96989 0.0343084
8.07931 0.0342353
8.18873 0.03416
8.29815 0.0340825
8.40757 0.034003
8.51699 0.0339214
8.62641 0.0338379
8.73583 0.0337525
8.84525 0.0336653
8.95467 0.0335763
9.06409 0.0334857
9.17351 0.0333935
9.28293 0.0332996
9.39235 0.0332043
9.50177 0.0331076
9.61119 0.0330094
9.72061 0.0329099
9.83003 0.032809
9.93945 0.032707
10.0489 0.0326037
10.1583 0.0324993
10.2677 0.0323937
10.3771 0.0322871
10.4865 0.0321795
10.596 0.0320709
10.7054 0.0319613
10.8148 0.0318508
10.9242 0.0317394
11.0336 0.0316273
11.1431 0.0315143
11.2525 0.0314005
11.3619 0.031286
11.4713 0.0311708
11.5807 0.031055
11.6902 0.0309385
11.7996 0.0308214
11.909 0.0307037
12.0184 0.0305855
12.1278 0.0304667
12.2373 0.0303475
12.3467 0.0302278
12.4561 0.0301076
12.5655 0.029987
12.6749 0.0298661
12.7844 0.0297447
12.8938 0.029623
13.0032 0.029501
13.1126 0.0293787
13.222 0.0292561
13.3315 0.0291332
13.4409 0.0290101
13.5503 0.0288868
13.6597 0.0287632
13.7691 0.0286395
13.8786 0.0285156
13.988 0.0283916
14.0974 0.0282674
14.2068 0.0281431
14.3162 0.0280187
14.4257 0.0278943
14.5351 0.0277697
14.6445 0.0276451
14.7539 0.0275205
14.8633 0.0273958
14.9728 0.0272712
15.0822 0.0271465
15.1916 0.0270219
15.301 0.0268972
15.4104 0.0267727
15.5199 0.0266481
15.6293 0.0265237
15.7387 0.0263993
15.8481 0.026275
15.9575 0.0261508
16.067 0.0260267
16.1764 0.0259028
16.2858 0.0257789
16.3952 0.0256553
16.5046 0.0255317
16.6141 0.0254083
16.7235 0.0252851
16.8329 0.0251621
16.9423 0.0250392
17.0517 0.0249166
17.1612 0.0247941
17.2706 0.0246719
17.38 0.0245498
17.4894 0.024428
17.5988 0.0243065
17.7083 0.0241851
17.8177 0.0240641
17.9271 0.0239432
18.0365 0.0238227
18.1459 0.0237024
18.2553 0.0235823
18.3648 0.0234626
18.4742 0.0233431
18.5836 0.0232239
18.693 0.0231051
18.8024 0.0229865
18.9119 0.0228682
19.0213 0.0227502
19.1307 0.0226326
19.2401 0.0225152
19.3495 0.0223982
19.459 0.0222816
19.5684 0.0221652
19.6778 0.0220492
19.7872 0.0219336
19.8966 0.0218182
20.0061 0.0217033
20.1155 0.0215887
20.2249 0.0214744
20.3343 0.0213605
20.4437 0.021247
20.5532 0.0211338
20.6626 0.021021
20.772 0.0209086
20.8814 0.0207965
20.9908 0.0206848
21.1003 0.0205735
21.2097 0.0204626
21.3191 0.0203521
21.4285 0.020242
21.5379 0.0201322
21.6474 0.0200228
21.7568 0.0199139
21.8662 0.0198053
21.9756 0.0196972
22.085 0.0195894
22.1945 0.019482
22.3039 0.0193751
22.4133 0.0192685
22.5227 0.0191624
22.6321 0.0190566
22.7416 0.0189513
22.851 0.0188464
22.9604 0.0187419
23.0698 0.0186378
23.1792 0.0185341
23.2887 0.0184308
23.3981 0.018328
23.5075 0.0182255
23.6169 0.0181235
23.7263 0.0180219
23.8358 0.0179208
23.9452 0.01782
24.0546 0.0177197
24.164 0.0176198
24.2734 0.0175203
24.3829 0.0174212
24.4923 0.0173226
24.6017 0.0172243
24.7111 0.0171266
24.8205 0.0170292
24.93 0.0169322
25.0394 0.0168357
25.1488 0.0167396
25.2582 0.0166439
25.3676 0.0165487
25.4771 0.0164539
25.5865 0.0163595
25.6959 0.0162655
25.8053 0.0161719
25.9147 0.0160788
26.0242 0.0159861
26.1336 0.0158938
26.243 0.015802
26.3524 0.0157105
26.4618 0.0156195
26.5712 0.015529
26.6807 0.0154388
26.7901 0.0153491
26.8995 0.0152597
27.0089 0.0151708
27.1183 0.0150824
27.2278 0.0149943
27.3372 0.0149067
27.4466 0.0148194
27.556 0.0147326
27.6654 0.0146463
27.7749 0.0145603
27.8843 0.0144747
27.9937 0.0143896
28.1031 0.0143049
28.2125 0.0142206
28.322 0.0141367
28.4314 0.0140532
28.5408 0.0139701
28.6502 0.0138875
28.7596 0.0138052
28.8691 0.0137234
28.9785 0.0136419
29.0879 0.0135609
29.1973 0.0134803
29.3067 0.0134001
29.4162 0.0133203
29.5256 0.0132409
29.635 0.0131619
29.7444 0.0130832
29.8538 0.013005
29.9633 0.0129272
30.0727 0.0128498
30.1821 0.0127728
30.2915 0.0126962
30.4009 0.01262
30.5104 0.0125442
30.6198 0.0124687
30.7292 0.0123937
30.8386 0.012319
30.948 0.0122448
31.0575 0.0121709
31.1669 0.0120974
31.2763 0.0120243
31.3857 0.0119516
31.4951 0.0118792
31.6046 0.0118073
31.714 0.0117357
31.8234 0.0116645
31.9328 0.0115937
32.0422 0.0115232
32.1517 0.0114532
32.2611 0.0113835
32.3705 0.0113142
32.4799 0.0112452
32.5893 0.0111766
32.6988 0.0111084
32.8082 0.0110406
32.9176 0.0109731
33.027 0.010906
33.1364 0.0108393
33.2459 0.0107729
33.3553 0.0107068
33.4647 0.0106412
33.5741 0.0105759
33.6835 0.0105109
33.793 0.0104463
33.9024 0.0103821
34.0118 0.0103182
34.1212 0.0102547
34.2306 0.0101915
34.3401 0.0101286
34.4495 0.0100661
34.5589 0.010004
34.6683 0.00994219
34.7777 0.00988073
34.8871 0.00981961
34.9966 0.00975884
35.106 0.0096984
35.2154 0.0096383
35.3248 0.00957853
35.4342 0.0095191
35.5437 0.00946
35.6531 0.00940124
35.7625 0.0093428
35.8719 0.0092847
35.9813 0.00922692
36.0908 0.00916946
36.2002 0.00911233
36.3096 0.00905553
36.419 0.00899905
36.5284 0.00894288
36.6379 0.00888704
36.7473 0.00883151
36.8567 0.0087763
36.9661 0.00872141
37.0755 0.00866682
37.185 0.00861255
37.2944 0.00855859
37.4038 0.00850494
37.5132 0.0084516
37.6226 0.00839856
37.7321 0.00834583
37.8415 0.0082934
37.9509 0.00824128
38.0603 0.00818945
38.1697 0.00813793
38.2792 0.0080867
38.3886 0.00803577
38.498 0.00798513
38.6074 0.00793479
38.7168 0.00788474
38.8263 0.00783498
38.9357 0.00778551
39.0451 0.00773633
39.1545 0.00768743
39.2639 0.00763882
39.3734 0.0075905
39.4828 0.00754246
39.5922 0.00749469
39.7016 0.00744721
39.811 0.00740001
39.9205 0.00735308
40.0299 0.00730644
40.1393 0.00726006
40.2487 0.00721396
40.3581 0.00716813
40.4676 0.00712257
40.577 0.00707728
40.6864 0.00703225
40.7958 0.0069875
40.9052 0.00694301
41.0147 0.00689878
41.1241 0.00685481
41.2335 0.00681111
41.3429 0.00676766
41.4523 0.00672448
41.5618 0.00668155
41.6712 0.00663888
41.7806 0.00659646
41.89 0.00655429
41.9994 0.00651238
42.1089 0.00647072
42.2183 0.00642931
42.3277 0.00638814
42.4371 0.00634722
42.5465 0.00630655
42.656 0.00626612
42.7654 0.00622593
42.8748 0.00618599
42.9842 0.00614629
43.0936 0.00610682
43.2031 0.0060676
43.3125 0.00602861
43.4219 0.00598985
43.5313 0.00595133
43.6407 0.00591305
43.7501 0.00587499
43.8596 0.00583716
43.969 0.00579957
44.0784 0.0057622
44.1878 0.00572506
44.2972 0.00568814
44.4067 0.00565145
44.5161 0.00561499
44.6255 0.00557874
44.7349 0.00554271
44.8443 0.00550691
44.9538 0.00547132
45.0632 0.00543595
45.1726 0.0054008
45.282 0.00536586
45.3914 0.00533113
45.5009 0.00529662
45.6103 0.00526232
45.7197 0.00522823
45.8291 0.00519435
45.9385 0.00516067
46.048 0.0051272
46.1574 0.00509394
46.2668 0.00506089
46.3762 0.00502803
46.4856 0.00499538
46.5951 0.00496293
46.7045 0.00493068
46.8139 0.00489863
46.9233 0.00486677
47.0327 0.00483512
47.1422 0.00480366
47.2516 0.00477239
47.361 0.00474131
47.4704 0.00471043
47.5798 0.00467974
47.6893 0.00464924
47.7987 0.00461893
47.9081 0.00458881
48.0175 0.00455888
48.1269 0.00452913
48.2364 0.00449956
48.3458 0.00447018
48.4552 0.00444098
48.5646 0.00441197
48.674 0.00438313
48.7835 0.00435448
48.8929 0.004326
49.0023 0.0042977
49.1117 0.00426958
49.2211 0.00424163
49.3306 0.00421386
49.44 0.00418626
49.5494 0.00415884
49.6588 0.00413158
49.7682 0.0041045
49.8777 0.00407759
49.9871 0.00405084
50.0965 0.00402427
50.2059 0.00399785
50.3153 0.00397161
50.4248 0.00394553
50.5342 0.00391962
50.6436 0.00389386
50.753 0.00386827
50.8624 0.00384284
50.9719 0.00381757
51.0813 0.00379246
51.1907 0.00376751
51.3001 0.00374272
51.4095 0.00371808
51.519 0.0036936
51.6284 0.00366927
51.7378 0.0036451
51.8472 0.00362108
51.9566 0.00359721
52.066 0.00357349
52.1755 0.00354992
52.2849 0.0035265
52.3943 0.00350323
52.5037 0.00348011
52.6131 0.00345713
52.7226 0.0034343
52.832 0.00341162
52.9414 0.00338908
53.0508 0.00336668
53.1602 0.00334442
53.2697 0.00332231
53.3791 0.00330034
53.4885 0.0032785
53.5979 0.00325681
53.7073 0.00323525
53.8168 0.00321383
53.9262 0.00319255
54.0356 0.0031714
54.145 0.00315039
54.2544 0.00312951
54.3639 0.00310877
54.4733 0.00308816
54.5827 0.00306768
54.6921 0.00304733
54.8015 0.00302711
54.911 0.00300702
55.0204 0.00298706
55.1298 0.00296723
55.2392 0.00294752
55.3486 0.00292794
55.4581 0.00290849
55.5675 0.00288916
55.6769 0.00286996
55.7863 0.00285087
55.8957 0.00283191
56.0052 0.00281308
56.1146 0.00279436
56.224 0.00277576
56.3334 0.00275729
56.4428 0.00273893
56.5523 0.00272069
56.6617 0.00270257
56.7711 0.00268456
56.8805 0.00266668
56.9899 0.0026489
57.0994 0.00263124
57.2088 0.0026137
57.3182 0.00259627
57.4276 0.00257895
57.537 0.00256174
57.6465 0.00254464
57.7559 0.00252766
57.8653 0.00251078
57.9747 0.00249401
58.0841 0.00247735
58.1936 0.0024608
58.303 0.00244436
58.4124 0.00242802
58.5218 0.00241179
58.6312 0.00239566
58.7407 0.00237964
58.8501 0.00236373
58.9595 0.00234791
59.0689 0.0023322
59.1783 0.00231659
59.2878 0.00230108
59.3972 0.00228567
59.5066 0.00227036
59.616 0.00225516
59.7254 0.00224005
59.8349 0.00222504
59.9443 0.00221012
60.0537 0.00219531
60.1631 0.00218059
60.2725 0.00216596
60.3819 0.00215143
60.4914 0.002137
60.6008 0.00212266
60.7102 0.00210841
60.8196 0.00209426
60.929 0.0020802
61.0385 0.00206623
61.1479 0.00205235
61.2573 0.00203856
61.3667 0.00202487
61.4761 0.00201126
61.5856 0.00199774
61.695 0.00198431
61.8044 0.00197096
61.9138 0.00195771
62.0232 0.00194454
62.1327 0.00193146
62.2421 0.00191846
62.3515 0.00190555
62.4609 0.00189272
62.5703 0.00187998
62.6798 0.00186732
62.7892 0.00185474
62.8986 0.00184225
63.008 0.00182983
63.1174 0.0018175
63.2269 0.00180525
63.3363 0.00179308
63.4457 0.00178099
63.5551 0.00176898
63.6645 0.00175705
63.774 0.0017452
63.8834 0.00173343
63.9928 0.00172173
64.1022 0.00171011
64.2116 0.00169856
64.3211 0.0016871
64.4305 0.0016757
64.5399 0.00166439
64.6493 0.00165314
64.7587 0.00164197
64.8682 0.00163088
64.9776 0.00161986
65.087 0.00160891
65.1964 0.00159803
65.3058 0.00158722
65.4153 0.00157649
65.5247 0.00156583
65.6341 0.00155523
65.7435 0.00154471
65.8529 0.00153426
65.9624 0.00152387
66.0718 0.00151356
66.1812 0.00150331
66.2906 0.00149313
66.4 0.00148302
66.5095 0.00147297
66.6189 0.00146299
66.7283 0.00145308
66.8377 0.00144323
66.9471 0.00143345
67.0566 0.00142373
67.166 0.00141408
67.2754 0.00140449
67.3848 0.00139497
67.4942 0.0013855
67.6037 0.0013761
67.7131 0.00136677
67.8225 0.00135749
67.9319 0.00134828
68.0413 0.00133912
68.1508 0.00133003
68.2602 0.001321
68.3696 0.00131203
68.479 0.00130312
68.5884 0.00129427
68.6978 0.00128547
68.8073 0.00127674
68.9167 0.00126806
69.0261 0.00125944
69.1355 0.00125088
69.2449 0.00124237
69.3544 0.00123392
69.4638 0.00122553
69.5732 0.00121719
69.6826 0.00120891
69.792 0.00120069
69.9015 0.00119252
70.0109 0.0011844
70.1203 0.00117634
70.2297 0.00116833
70.3391 0.00116037
70.4486 0.00115247
70.558 0.00114462
70.6674 0.00113682
70.7768 0.00112908
70.8862 0.00112139
70.9957 0.00111374
71.1051 0.00110615
71.2145 0.00109861
71.3239 0.00109112
71.4333 0.00108368
71.5428 0.00107629
71.6522 0.00106895
71.7616 0.00106166
71.871 0.00105442
71.9804 0.00104722
72.0899 0.00104008
72.1993 0.00103298
72.3087 0.00102593
72.4181 0.00101892
72.5275 0.00101197
72.637 0.00100506
72.7464 0.000998192
72.8558 0.000991374
72.9652 0.000984602
73.0746 0.000977875
73.1841 0.000971193
73.2935 0.000964556
73.4029 0.000957964
73.5123 0.000951415
73.6217 0.000944911
73.7312 0.00093845
73.8406 0.000932033
73.95 0.000925659
74.0594 0.000919327
74.1688 0.000913038
74.2783 0.000906791
74.3877 0.000900586
74.4971 0.000894423
74.6065 0.000888302
74.7159 0.000882221
74.8254 0.000876181
74.9348 0.000870182
75.0442 0.000864224
75.1536 0.000858305
75.263 0.000852426
75.3725 0.000846587
75.4819 0.000840787
75.5913 0.000835026
75.7007 0.000829304
75.8101 0.00082362
75.9196 0.000817975
76.029 0.000812367
76.1384 0.000806798
76.2478 0.000801266
76.3572 0.000795771
76.4667 0.000790313
76.5761 0.000784892
76.6855 0.000779508
76.7949 0.00077416
76.9043 0.000768848
77.0138 0.000763572
77.1232 0.000758331
77.2326 0.000753126
77.342 0.000747956
77.4514 0.000742821
77.5608 0.00073772
77.6703 0.000732654
77.7797 0.000727622
77.8891 0.000722624
77.9985 0.00071766
78.1079 0.00071273
78.2174 0.000707833
78.3268 0.000702968
78.4362 0.000698137
78.5456 0.000693339
78.655 0.000688573
78.7645 0.000683839
78.8739 0.000679137
78.9833 0.000674467
79.0927 0.000669828
79.2021 0.000665221
79.3116 0.000660645
79.421 0.0006561
79.5304 0.000651586
79.6398 0.000647103
79.7492 0.00064265
79.8587 0.000638227
79.9681 0.000633834
80.0775 0.00062947
80.1869 0.000625137
80.2963 0.000620832
80.4058 0.000616557
80.5152 0.000612311
80.6246 0.000608094
80.734 0.000603905
80.8434 0.000599745
80.9529 0.000595613
81.0623 0.000591508
81.1717 0.000587432
81.2811 0.000583384
81.3905 0.000579363
81.5 0.000575369
81.6094 0.000571402
81.7188 0.000567463
81.8282 0.00056355
81.9376 0.000559663
82.0471 0.000555803
82.1565 0.00055197
82.2659 0.000548162
82.3753 0.00054438
82.4847 0.000540624
82.5942 0.000536894
82.7036 0.000533188
82.813 0.000529509
82.9224 0.000525854
83.0318 0.000522224
83.1413 0.000518618
83.2507 0.000515037
83.3601 0.000511481
83.4695 0.000507949
83.5789 0.000504441
83.6884 0.000500956
83.7978 0.000497496
83.9072 0.000494059
84.0166 0.000490645
84.126 0.000487255
84.2355 0.000483888
84.3449 0.000480543
84.4543 0.000477222
84.5637 0.000473923
84.6731 0.000470647
84.7826 0.000467393
84.892 0.000464161
85.0014 0.000460951
85.1108 0.000457763
85.2202 0.000454597
85.3297 0.000451452
85.4391 0.000448329
85.5485 0.000445228
85.6579 0.000442147
85.7673 0.000439087
85.8767 0.000436049
85.9862 0.000433031
86.0956 0.000430034
86.205 0.000427057
86.3144 0.0004241
86.4238 0.000421164
86.5333 0.000418248
86.6427 0.000415351
86.7521 0.000412475
86.8615 0.000409618
86.9709 0.000406781
87.0804 0.000403963
87.1898 0.000401164
87.2992 0.000398384
87.4086 0.000395624
87.518 0.000392882
87.6275 0.000390159
87.7369 0.000387455
87.8463 0.00038477
87.9557 0.000382102
88.0651 0.000379453
88.1746 0.000376822
88.284 0.000374209
88.3934 0.000371614
88.5028 0.000369037
88.6122 0.000366477
88.7217 0.000363935
88.8311 0.00036141
88.9405 0.000358903
89.0499 0.000356413
89.1593 0.00035394
89.2688 0.000351483
89.3782 0.000349044
89.4876 0.000346621
89.597 0.000344215
89.7064 0.000341826
89.8159 0.000339453
89.9253 0.000337096
90.0347 0.000334755
90.1441 0.000332431
90.2535 0.000330122
90.363 0.000327829
90.4724 0.000325552
90.5818 0.00032329
90.6912 0.000321044
90.8006 0.000318814
90.9101 0.000316599
91.0195 0.000314399
91.1289 0.000312214
91.2383 0.000310044
91.3477 0.000307889
91.4572 0.000305749
91.5666 0.000303623
91.676 0.000301512
91.7854 0.000299416
91.8948 0.000297334
92.0043 0.000295266
92.1137 0.000293213
92.2231 0.000291174
92.3325 0.000289148
92.4419 0.000287137
92.5514 0.000285139
92.6608 0.000283156
92.7702 0.000281185
92.8796 0.000279229
92.989 0.000277286
93.0985 0.000275356
93.2079 0.000273439
93.3173 0.000271536
93.4267 0.000269646
93.5361 0.000267769
93.6456 0.000265904
93.755 0.000264053
93.8644 0.000262214
93.9738 0.000260388
94.0832 0.000258575
94.1926 0.000256774
94.3021 0.000254985
94.4115 0.000253209
94.5209 0.000251445
94.6303 0.000249693
94.7397 0.000247953
94.8492 0.000246226
94.9586 0.00024451
95.068 0.000242806
95.1774 0.000241113
95.2868 0.000239433
95.3963 0.000237764
95.5057 0.000236106
95.6151 0.00023446
95.7245 0.000232826
95.8339 0.000231202
95.9434 0.00022959
96.0528 0.000227989
96.1622 0.000226399
96.2716 0.00022482
96.381 0.000223251
96.4905 0.000221694
96.5999 0.000220147
96.7093 0.000218611
96.8187 0.000217086
96.9281 0.000215571
97.0376 0.000214067
97.147 0.000212573
97.2564 0.000211089
97.3658 0.000209616
97.4752 0.000208153
97.5847 0.0002067
97.6941 0.000205257
97.8035 0.000203823
97.9129 0.0002024
98.0223 0.000200987
98.1318 0.000199583
98.2412 0.00019819
98.3506 0.000196805
98.46 0.000195431
98.5694 0.000194066
98.6789 0.00019271
98.7883 0.000191363
98.8977 0.000190026
99.0071 0.000188699
99.1165 0.00018738
99.226 0.000186071
99.3354 0.00018477
99.4448 0.000183479
99.5542 0.000182196
99.6636 0.000180923
99.7731 0.000179658
99.8825 0.000178402
99.9919 0.000177155
100.101 0.000175916
100.211 0.000174686
100.32 0.000173464
100.43 0.000172251
100.539 0.000171046
100.648 0.00016985
100.758 0.000168662
100.867 0.000167482
100.977 0.000166311
101.086 0.000165147
101.196 0.000163991
101.305 0.000162844
101.414 0.000161704
101.524 0.000160573
101.633 0.000159449
101.743 0.000158333
101.852 0.000157225
101.961 0.000156124
102.071 0.000155031
102.18 0.000153946
102.29 0.000152868
102.399 0.000151798
102.509 0.000150735
102.618 0.000149679
102.727 0.000148631
102.837 0.00014759
102.946 0.000146556
103.056 0.00014553
103.165 0.00014451
103.274 0.000143498
103.384 0.000142493
103.493 0.000141494
103.603 0.000140503
103.712 0.000139518
103.822 0.000138541
103.931 0.00013757
104.04 0.000136606
104.15 0.000135648
104.259 0.000134697
104.369 0.000133753
104.478 0.000132816
104.588 0.000131885
104.697 0.00013096
104.806 0.000130042
104.916 0.00012913
105.025 0.000128224
105.135 0.000127325
105.244 0.000126432
105.353 0.000125545
105.463 0.000124665
105.572 0.00012379
105.682 0.000122922
105.791 0.00012206
105.901 0.000121203
106.01 0.000120353
106.119 0.000119508
