-7.75248 0.000194977
-7.7383 0.000197562
-7.72412 0.000200183
-7.70994 0.000202839
-7.69576 0.00020553
-7.68157 0.000208258
-7.66739 0.000211022
-7.65321 0.000213824
-7.63903 0.000216663
-7.62485 0.000219541
-7.61067 0.000222457
-7.59649 0.000225413
-7.58231 0.000228409
-7.56813 0.000231445
-7.55395 0.000234522
-7.53977 0.000237641
-7.52559 0.000240801
-7.5114 0.000244004
-7.49722 0.000247251
-7.48304 0.000250541
-7.46886 0.000253876
-7.45468 0.000257256
-7.4405 0.000260682
-7.42632 0.000264154
-7.41214 0.000267673
-7.39796 0.000271239
-7.38378 0.000274854
-7.3696 0.000278518
-7.35541 0.000282231
-7.34123 0.000285994
-7.32705 0.000289809
-7.31287 0.000293675
-7.29869 0.000297594
-7.28451 0.000301565
-7.27033 0.000305591
-7.25615 0.000309671
-7.24197 0.000313806
-7.22779 0.000317998
-7.21361 0.000322247
-7.19943 0.000326553
-7.18524 0.000330917
-7.17106 0.000335341
-7.15688 0.000339825
-7.1427 0.00034437
-7.12852 0.000348977
-7.11434 0.000353646
-7.10016 0.000358379
-7.08598 0.000363176
-7.0718 0.000368039
-7.05762 0.000372968
-7.04344 0.000377964
-7.02926 0.000383027
-7.01507 0.00038816
-7.00089 0.000393363
-6.98671 0.000398637
-6.97253 0.000403982
-6.95835 0.000409401
-6.94417 0.000414893
-6.92999 0.000420461
-6.91581 0.000426104
-6.90163 0.000431825
-6.88745 0.000437623
-6.87327 0.000443501
-6.85908 0.000449459
-6.8449 0.000455498
-6.83072 0.000461621
-6.81654 0.000467826
-6.80236 0.000474117
-6.78818 0.000480494
-6.774 0.000486958
-6.75982 0.000493511
-6.74564 0.000500153
-6.73146 0.000506886
-6.71728 0.000513712
-6.7031 0.000520631
-6.68891 0.000527645
-6.67473 0.000534755
-6.66055 0.000541963
-6.64637 0.00054927
-6.63219 0.000556677
-6.61801 0.000564186
-6.60383 0.000571798
-6.58965 0.000579515
-6.57547 0.000587337
-6.56129 0.000595267
-6.54711 0.000603307
-6.53292 0.000611457
-6.51874 0.000619719
-6.50456 0.000628094
-6.49038 0.000636585
-6.4762 0.000645194
-6.46202 0.00065392
-6.44784 0.000662767
-6.43366 0.000671736
-6.41948 0.000680829
-6.4053 0.000690047
-6.39112 0.000699393
-6.37694 0.000708867
-6.36275 0.000718472
-6.34857 0.00072821
-6.33439 0.000738083
-6.32021 0.000748092
-6.30603 0.00075824
-6.29185 0.000768527
-6.27767 0.000778958
-6.26349 0.000789532
-6.24931 0.000800253
-6.23513 0.000811123
-6.22095 0.000822143
-6.20676 0.000833316
-6.19258 0.000844644
-6.1784 0.000856129
-6.16422 0.000867773
-6.15004 0.000879579
-6.13586 0.000891549
-6.12168 0.000903685
-6.1075 0.00091599
-6.09332 0.000928466
-6.07914 0.000941115
-6.06496 0.000953941
-6.05078 0.000966944
-6.03659 0.000980129
-6.02241 0.000993497
-6.00823 0.00100705
-5.99405 0.0010208
-5.97987 0.00103473
-5.96569 0.00104886
-5.95151 0.00106319
-5.93733 0.00107771
-5.92315 0.00109244
-5.90897 0.00110738
-5.89479 0.00112252
-5.88061 0.00113787
-5.86642 0.00115344
-5.85224 0.00116923
-5.83806 0.00118524
-5.82388 0.00120147
-5.8097 0.00121793
-5.79552 0.00123462
-5.78134 0.00125155
-5.76716 0.00126871
-5.75298 0.00128611
-5.7388 0.00130376
-5.72462 0.00132165
-5.71043 0.0013398
-5.69625 0.0013582
-5.68207 0.00137685
-5.66789 0.00139578
-5.65371 0.00141496
-5.63953 0.00143442
-5.62535 0.00145415
-5.61117 0.00147416
-5.59699 0.00149445
-5.58281 0.00151502
-5.56863 0.00153589
-5.55445 0.00155705
-5.54026 0.00157851
-5.52608 0.00160027
-5.5119 0.00162234
-5.49772 0.00164472
-5.48354 0.00166742
-5.46936 0.00169043
-5.45518 0.00171378
-5.441 0.00173745
-5.42682 0.00176146
-5.41264 0.00178581
-5.39846 0.0018105
-5.38427 0.00183554
-5.37009 0.00186094
-5.35591 0.0018867
-5.34173 0.00191283
-5.32755 0.00193932
-5.31337 0.00196619
-5.29919 0.00199345
-5.28501 0.00202109
-5.27083 0.00204912
-5.25665 0.00207755
-5.24247 0.00210639
-5.22829 0.00213564
-5.2141 0.0021653
-5.19992 0.00219539
-5.18574 0.00222591
-5.17156 0.00225686
-5.15738 0.00228826
-5.1432 0.0023201
-5.12902 0.0023524
-5.11484 0.00238515
-5.10066 0.00241838
-5.08648 0.00245208
-5.0723 0.00248627
-5.05811 0.00252094
-5.04393 0.00255612
-5.02975 0.00259179
-5.01557 0.00262798
-5.00139 0.00266469
-4.98721 0.00270192
-4.97303 0.00273969
-4.95885 0.002778
-4.94467 0.00281686
-4.93049 0.00285628
-4.91631 0.00289627
-4.90213 0.00293684
-4.88794 0.00297798
-4.87376 0.00301973
-4.85958 0.00306207
-4.8454 0.00310502
-4.83122 0.0031486
-4.81704 0.0031928
-4.80286 0.00323764
-4.78868 0.00328313
-4.7745 0.00332928
-4.76032 0.0033761
-4.74614 0.00342359
-4.73196 0.00347177
-4.71777 0.00352065
-4.70359 0.00357024
-4.68941 0.00362055
-4.67523 0.00367159
-4.66105 0.00372337
-4.64687 0.00377591
-4.63269 0.0038292
-4.61851 0.00388328
-4.60433 0.00393813
-4.59015 0.00399379
-4.57597 0.00405026
-4.56178 0.00410756
-4.5476 0.00416569
-4.53342 0.00422466
-4.51924 0.0042845
-4.50506 0.00434522
-4.49088 0.00440682
-4.4767 0.00446932
-4.46252 0.00453274
-4.44834 0.00459709
-4.43416 0.00466237
-4.41998 0.00472862
-4.4058 0.00479584
-4.39161 0.00486405
-4.37743 0.00493326
-4.36325 0.00500348
-4.34907 0.00507474
-4.33489 0.00514705
-4.32071 0.00522042
-4.30653 0.00529487
-4.29235 0.00537042
-4.27817 0.00544709
-4.26399 0.00552488
-4.24981 0.00560383
-4.23562 0.00568394
-4.22144 0.00576524
-4.20726 0.00584774
-4.19308 0.00593146
-4.1789 0.00601642
-4.16472 0.00610265
-4.15054 0.00619015
-4.13636 0.00627895
-4.12218 0.00636907
-4.108 0.00646053
-4.09382 0.00655335
-4.07964 0.00664755
-4.06545 0.00674315
-4.05127 0.00684018
-4.03709 0.00693866
-4.02291 0.0070386
-4.00873 0.00714004
-3.99455 0.00724299
-3.98037 0.00734748
-3.96619 0.00745354
-3.95201 0.00756118
-3.93783 0.00767044
-3.92365 0.00778134
-3.90946 0.00789389
-3.89528 0.00800814
-3.8811 0.00812411
-3.86692 0.00824182
-3.85274 0.0083613
-3.83856 0.00848258
-3.82438 0.00860568
-3.8102 0.00873064
-3.79602 0.00885749
-3.78184 0.00898625
-3.76766 0.00911696
-3.75348 0.00924965
-3.73929 0.00938434
-3.72511 0.00952107
-3.71093 0.00965987
-3.69675 0.00980078
-3.68257 0.00994383
-3.66839 0.010089
-3.65421 0.0102365
-3.64003 0.0103861
-3.62585 0.0105381
-3.61167 0.0106924
-3.59749 0.010849
-3.58331 0.011008
-3.56912 0.0111694
-3.55494 0.0113333
-3.54076 0.0114997
-3.52658 0.0116687
-3.5124 0.0118402
-3.49822 0.0120144
-3.48404 0.0121912
-3.46986 0.0123707
-3.45568 0.0125531
-3.4415 0.0127382
-3.42732 0.0129261
-3.41313 0.013117
-3.39895 0.0133108
-3.38477 0.0135076
-3.37059 0.0137074
-3.35641 0.0139103
-3.34223 0.0141164
-3.32805 0.0143256
-3.31387 0.0145381
-3.29969 0.0147539
-3.28551 0.014973
-3.27133 0.0151955
-3.25715 0.0154215
-3.24296 0.015651
-3.22878 0.0158841
-3.2146 0.0161208
-3.20042 0.0163612
-3.18624 0.0166053
-3.17206 0.0168533
-3.15788 0.0171051
-3.1437 0.0173609
-3.12952 0.0176207
-3.11534 0.0178845
-3.10116 0.0181525
-3.08697 0.0184247
-3.07279 0.0187012
-3.05861 0.0189821
-3.04443 0.0192673
-3.03025 0.0195571
-3.01607 0.0198514
-3.00189 0.0201503
-2.98771 0.020454
-2.97353 0.0207625
-2.95935 0.0210759
-2.94517 0.0213942
-2.93099 0.0217176
-2.9168 0.0220461
-2.90262 0.0223799
-2.88844 0.0227189
-2.87426 0.0230634
-2.86008 0.0234133
-2.8459 0.0237688
-2.83172 0.02413
-2.81754 0.0244969
-2.80336 0.0248698
-2.78918 0.0252486
-2.775 0.0256334
-2.76081 0.0260244
-2.74663 0.0264218
-2.73245 0.0268254
-2.71827 0.0272356
-2.70409 0.0276524
-2.68991 0.0280759
-2.67573 0.0285062
-2.66155 0.0289435
-2.64737 0.0293878
-2.63319 0.0298394
-2.61901 0.0302982
-2.60483 0.0307645
-2.59064 0.0312383
-2.57646 0.0317198
-2.56228 0.0322092
-2.5481 0.0327065
-2.53392 0.0332119
-2.51974 0.0337255
-2.50556 0.0342475
-2.49138 0.0347781
-2.4772 0.0353173
-2.46302 0.0358653
-2.44884 0.0364223
-2.43466 0.0369884
-2.42047 0.0375639
-2.40629 0.0381487
-2.39211 0.0387432
-2.37793 0.0393475
-2.36375 0.0399617
-2.34957 0.040586
-2.33539 0.0412206
-2.32121 0.0418657
-2.30703 0.0425215
-2.29285 0.0431881
-2.27867 0.0438657
-2.26448 0.0445546
-2.2503 0.0452549
-2.23612 0.0459668
-2.22194 0.0466905
-2.20776 0.0474263
-2.19358 0.0481743
-2.1794 0.0489348
-2.16522 0.049708
-2.15104 0.050494
-2.13686 0.0512932
-2.12268 0.0521058
-2.1085 0.0529319
-2.09431 0.0537718
-2.08013 0.0546258
-2.06595 0.0554942
-2.05177 0.0563771
-2.03759 0.0572748
-2.02341 0.0581876
-2.00923 0.0591157
-1.99505 0.0600595
-1.98087 0.0610191
-1.96669 0.0619949
-1.95251 0.0629871
-1.93832 0.0639961
-1.92414 0.0650221
-1.90996 0.0660654
-1.89578 0.0671263
-1.8816 0.0682051
-1.86742 0.0693022
-1.85324 0.0704179
-1.83906 0.0715524
-1.82488 0.0727061
-1.8107 0.0738793
-1.79652 0.0750724
-1.78234 0.0762857
-1.76815 0.0775196
-1.75397 0.0787743
-1.73979 0.0800503
-1.72561 0.081348
-1.71143 0.0826676
-1.69725 0.0840096
-1.68307 0.0853743
-1.66889 0.0867622
-1.65471 0.0881735
-1.64053 0.0896087
-1.62635 0.0910683
-1.61216 0.0925525
-1.59798 0.0940618
-1.5838 0.0955967
-1.56962 0.0971574
-1.55544 0.0987445
-1.54126 0.100358
-1.52708 0.101999
-1.5129 0.103668
-1.49872 0.105365
-1.48454 0.10709
-1.47036 0.108844
-1.45618 0.110628
-1.44199 0.112441
-1.42781 0.114285
-1.41363 0.116159
-1.39945 0.118065
-1.38527 0.120002
-1.37109 0.121971
-1.35691 0.123973
-1.34273 0.126008
-1.32855 0.128076
-1.31437 0.130178
-1.30019 0.132314
-1.28601 0.134485
-1.27182 0.136691
-1.25764 0.138933
-1.24346 0.141211
-1.22928 0.143525
-1.2151 0.145877
-1.20092 0.148265
-1.18674 0.150691
-1.17256 0.153156
-1.15838 0.155658
-1.1442 0.1582
-1.13002 0.16078
-1.11583 0.1634
-1.10165 0.16606
-1.08747 0.168759
-1.07329 0.171499
-1.05911 0.174279
-1.04493 0.1771
-1.03075 0.179961
-1.01657 0.182864
-1.00239 0.185808
-0.988207 0.188792
-0.974026 0.191818
-0.959845 0.194885
-0.945664 0.197992
-0.931483 0.201141
-0.917303 0.20433
-0.903122 0.20756
-0.888941 0.210829
-0.87476 0.214139
-0.860579 0.217488
-0.846398 0.220875
-0.832217 0.224301
-0.818037 0.227764
-0.803856 0.231264
-0.789675 0.234799
-0.775494 0.23837
-0.761313 0.241974
-0.747132 0.245611
-0.732951 0.249279
-0.71877 0.252977
-0.70459 0.256704
-0.690409 0.260457
-0.676228 0.264235
-0.662047 0.268036
-0.647866 0.271858
-0.633685 0.275698
-0.619504 0.279554
-0.605324 0.283425
-0.591143 0.287306
-0.576962 0.291195
-0.562781 0.295089
-0.5486 0.298985
-0.534419 0.302879
-0.520238 0.306768
-0.506058 0.310648
-0.491877 0.314515
-0.477696 0.318365
-0.463515 0.322194
-0.449334 0.325997
-0.435153 0.329769
-0.420972 0.333506
-0.406791 0.337204
-0.392611 0.340856
-0.37843 0.344458
-0.364249 0.348004
-0.350068 0.35149
-0.335887 0.354908
-0.321706 0.358255
-0.307525 0.361524
-0.293345 0.36471
-0.279164 0.367806
-0.264983 0.370808
-0.250802 0.373709
-0.236621 0.376504
-0.22244 0.379188
-0.208259 0.381755
-0.194079 0.3842
-0.179898 0.386517
-0.165717 0.388702
-0.151536 0.390751
-0.137355 0.392657
-0.123174 0.394419
-0.108993 0.39603
-0.0948125 0.397489
-0.0806316 0.398791
-0.0664507 0.399934
-0.0522699 0.400915
-0.038089 0.401733
-0.0239081 0.402384
-0.00972728 0.402869
0.00445359 0.403186
0.0186345 0.403335
0.0328153 0.403316
0.0469962 0.403129
0.061177 0.402775
0.0753579 0.402255
0.0895388 0.401571
0.10372 0.400726
0.117901 0.399721
0.132081 0.398559
0.146262 0.397244
0.160443 0.39578
0.174624 0.394169
0.188805 0.392416
0.202986 0.390526
0.217167 0.388503
0.231347 0.386351
0.245528 0.384077
0.259709 0.381684
0.27389 0.379178
0.288071 0.376565
0.302252 0.373849
0.316433 0.371037
0.330613 0.368134
0.344794 0.365144
0.358975 0.362075
0.373156 0.35893
0.387337 0.355716
0.401518 0.352438
0.415699 0.349101
0.42988 0.34571
0.44406 0.34227
0.458241 0.338785
0.472422 0.335262
0.486603 0.331703
0.500784 0.328115
0.514965 0.3245
0.529146 0.320863
0.543326 0.317209
0.557507 0.31354
0.571688 0.30986
0.585869 0.306174
0.60005 0.302484
0.614231 0.298793
0.628412 0.295104
0.642592 0.291421
0.656773 0.287746
0.670954 0.284081
0.685135 0.280429
0.699316 0.276791
0.713497 0.273171
0.727678 0.26957
0.741859 0.26599
0.756039 0.262432
0.77022 0.258898
0.784401 0.25539
0.798582 0.251909
0.812763 0.248456
0.826944 0.245032
0.841125 0.241638
0.855305 0.238275
0.869486 0.234945
0.883667 0.231647
0.897848 0.228383
0.912029 0.225152
0.92621 0.221957
0.940391 0.218796
0.954571 0.215671
0.968752 0.212581
0.982933 0.209528
0.997114 0.206511
1.01129 0.20353
1.02548 0.200586
1.03966 0.197679
1.05384 0.194808
1.06802 0.191974
1.0822 0.189177
1.09638 0.186417
1.11056 0.183693
1.12474 0.181005
1.13892 0.178354
1.1531 0.175739
1.16728 0.173159
1.18147 0.170616
1.19565 0.168108
1.20983 0.165635
1.22401 0.163197
1.23819 0.160794
1.25237 0.158425
1.26655 0.15609
1.28073 0.153788
1.29491 0.151521
1.30909 0.149286
1.32327 0.147084
1.33745 0.144914
1.35164 0.142776
1.36582 0.14067
1.38 0.138596
1.39418 0.136552
1.40836 0.134538
1.42254 0.132555
1.43672 0.130601
1.4509 0.128677
1.46508 0.126782
1.47926 0.124916
1.49344 0.123077
1.50763 0.121267
1.52181 0.119484
1.53599 0.117728
1.55017 0.115999
1.56435 0.114296
1.57853 0.112619
1.59271 0.110968
1.60689 0.109342
1.62107 0.107741
1.63525 0.106164
1.64943 0.104611
1.66361 0.103083
1.6778 0.101577
1.69198 0.100095
1.70616 0.0986354
1.72034 0.0971983
1.73452 0.0957831
1.7487 0.0943896
1.76288 0.0930175
1.77706 0.0916665
1.79124 0.0903362
1.80542 0.0890262
1.8196 0.0877364
1.83379 0.0864663
1.84797 0.0852157
1.86215 0.0839842
1.87633 0.0827716
1.89051 0.0815776
1.90469 0.0804018
1.91887 0.079244
1.93305 0.0781039
1.94723 0.0769812
1.96141 0.0758757
1.97559 0.074787
1.98977 0.073715
2.00396 0.0726593
2.01814 0.0716196
2.03232 0.0705958
2.0465 0.0695876
2.06068 0.0685946
2.07486 0.0676168
2.08904 0.0666538
2.10322 0.0657054
2.1174 0.0647714
2.13158 0.0638515
2.14576 0.0629456
2.15994 0.0620533
2.17413 0.0611745
2.18831 0.060309
2.20249 0.0594565
2.21667 0.0586168
2.23085 0.0577898
2.24503 0.0569752
2.25921 0.0561729
2.27339 0.0553826
2.28757 0.0546042
2.30175 0.0538374
2.31593 0.0530821
2.33012 0.052338
2.3443 0.0516051
2.35848 0.0508831
2.37266 0.0501719
2.38684 0.0494713
2.40102 0.0487811
2.4152 0.0481012
2.42938 0.0474313
2.44356 0.0467714
2.45774 0.0461213
2.47192 0.0454808
2.4861 0.0448497
2.50029 0.044228
2.51447 0.0436155
2.52865 0.043012
2.54283 0.0424173
2.55701 0.0418315
2.57119 0.0412542
2.58537 0.0406854
2.59955 0.0401249
2.61373 0.0395727
2.62791 0.0390285
2.64209 0.0384923
2.65628 0.037964
2.67046 0.0374433
2.68464 0.0369302
2.69882 0.0364246
2.713 0.0359264
2.72718 0.0354354
2.74136 0.0349515
2.75554 0.0344746
2.76972 0.0340047
2.7839 0.0335415
2.79808 0.033085
2.81226 0.0326352
2.82645 0.0321918
2.84063 0.0317548
2.85481 0.0313241
2.86899 0.0308996
2.88317 0.0304812
2.89735 0.0300688
2.91153 0.0296623
2.92571 0.0292616
2.93989 0.0288667
2.95407 0.0284774
2.96825 0.0280937
2.98244 0.0277154
2.99662 0.0273426
3.0108 0.026975
3.02498 0.0266127
3.03916 0.0262555
3.05334 0.0259034
3.06752 0.0255563
3.0817 0.0252141
3.09588 0.0248767
3.11006 0.0245441
3.12424 0.0242163
3.13842 0.023893
3.15261 0.0235743
3.16679 0.0232601
3.18097 0.0229503
3.19515 0.0226449
3.20933 0.0223437
3.22351 0.0220468
3.23769 0.0217541
3.25187 0.0214654
3.26605 0.0211808
3.28023 0.0209002
3.29441 0.0206235
3.30859 0.0203506
3.32278 0.0200816
3.33696 0.0198162
3.35114 0.0195546
3.36532 0.0192967
3.3795 0.0190423
3.39368 0.0187914
3.40786 0.018544
3.42204 0.0183001
3.43622 0.0180595
3.4504 0.0178222
3.46458 0.0175883
3.47877 0.0173575
3.49295 0.01713
3.50713 0.0169055
3.52131 0.0166842
3.53549 0.0164659
3.54967 0.0162506
3.56385 0.0160383
3.57803 0.0158289
3.59221 0.0156223
3.60639 0.0154186
3.62057 0.0152177
3.63475 0.0150195
3.64894 0.014824
3.66312 0.0146312
3.6773 0.014441
3.69148 0.0142534
3.70566 0.0140684
3.71984 0.0138859
3.73402 0.0137058
3.7482 0.0135283
3.76238 0.0133531
3.77656 0.0131803
3.79074 0.0130098
3.80493 0.0128417
3.81911 0.0126758
3.83329 0.0125122
3.84747 0.0123507
3.86165 0.0121915
3.87583 0.0120344
3.89001 0.0118794
3.90419 0.0117265
3.91837 0.0115757
3.93255 0.0114269
3.94673 0.01128
3.96091 0.0111352
3.9751 0.0109923
3.98928 0.0108513
4.00346 0.0107122
4.01764 0.010575
4.03182 0.0104396
4.046 0.010306
4.06018 0.0101742
4.07436 0.0100442
4.08854 0.00991587
4.10272 0.00978928
4.1169 0.00966436
4.13109 0.00954111
4.14527 0.0094195
4.15945 0.0092995
4.17363 0.0091811
4.18781 0.00906427
4.20199 0.00894898
4.21617 0.00883523
4.23035 0.00872298
4.24453 0.00861221
4.25871 0.00850291
4.27289 0.00839506
4.28707 0.00828863
4.30126 0.0081836
4.31544 0.00807996
4.32962 0.00797768
4.3438 0.00787675
4.35798 0.00777715
4.37216 0.00767886
4.38634 0.00758186
4.40052 0.00748613
4.4147 0.00739166
4.42888 0.00729843
4.44306 0.00720642
4.45724 0.00711562
4.47143 0.007026
4.48561 0.00693756
4.49979 0.00685028
4.51397 0.00676413
4.52815 0.00667911
4.54233 0.0065952
4.55651 0.00651238
4.57069 0.00643064
4.58487 0.00634997
4.59905 0.00627034
4.61323 0.00619176
4.62742 0.00611419
4.6416 0.00603763
4.65578 0.00596207
4.66996 0.00588748
4.68414 0.00581387
4.69832 0.0057412
4.7125 0.00566948
4.72668 0.00559869
4.74086 0.00552881
4.75504 0.00545984
4.76922 0.00539176
4.7834 0.00532455
4.79759 0.00525822
4.81177 0.00519274
4.82595 0.0051281
4.84013 0.0050643
4.85431 0.00500132
4.86849 0.00493915
4.88267 0.00487778
4.89685 0.00481719
4.91103 0.00475739
4.92521 0.00469835
4.93939 0.00464008
4.95358 0.00458255
4.96776 0.00452575
4.98194 0.00446969
4.99612 0.00441434
5.0103 0.0043597
5.02448 0.00430576
5.03866 0.00425251
5.05284 0.00419994
5.06702 0.00414804
5.0812 0.0040968
5.09538 0.00404622
5.10956 0.00399628
5.12375 0.00394698
5.13793 0.00389831
5.15211 0.00385025
5.16629 0.00380281
5.18047 0.00375597
5.19465 0.00370973
5.20883 0.00366407
5.22301 0.003619
5.23719 0.00357449
5.25137 0.00353055
5.26555 0.00348717
5.27974 0.00344434
5.29392 0.00340205
5.3081 0.00336029
5.32228 0.00331906
5.33646 0.00327836
5.35064 0.00323817
5.36482 0.00319848
5.379 0.0031593
5.39318 0.00312061
5.40736 0.00308242
5.42154 0.0030447
5.43572 0.00300746
5.44991 0.00297068
5.46409 0.00293437
5.47827 0.00289852
5.49245 0.00286312
5.50663 0.00282816
5.52081 0.00279364
5.53499 0.00275956
5.54917 0.0027259
5.56335 0.00269267
5.57753 0.00265985
5.59171 0.00262745
5.60589 0.00259545
5.62008 0.00256385
5.63426 0.00253265
5.64844 0.00250184
5.66262 0.00247141
5.6768 0.00244136
5.69098 0.00241169
5.70516 0.00238239
5.71934 0.00235346
5.73352 0.00232489
5.7477 0.00229667
5.76188 0.00226881
5.77607 0.00224129
5.79025 0.00221412
5.80443 0.00218728
5.81861 0.00216078
5.83279 0.00213461
5.84697 0.00210876
5.86115 0.00208324
5.87533 0.00205803
5.88951 0.00203314
5.90369 0.00200855
5.91787 0.00198427
5.93205 0.00196029
5.94624 0.00193661
5.96042 0.00191322
5.9746 0.00189013
5.98878 0.00186732
6.00296 0.00184479
6.01714 0.00182254
6.03132 0.00180056
6.0455 0.00177886
6.05968 0.00175742
6.07386 0.00173625
6.08804 0.00171535
6.10223 0.0016947
6.11641 0.0016743
6.13059 0.00165416
6.14477 0.00163426
6.15895 0.00161461
6.17313 0.0015952
6.18731 0.00157604
6.20149 0.0015571
6.21567 0.0015384
6.22985 0.00151994
6.24403 0.00150169
6.25821 0.00148368
6.2724 0.00146588
6.28658 0.0014483
6.30076 0.00143094
6.31494 0.00141379
6.32912 0.00139685
6.3433 0.00138012
6.35748 0.0013636
6.37166 0.00134727
6.38584 0.00133115
6.40002 0.00131523
6.4142 0.0012995
