-2.68787 0.00119055
-2.67911 0.00121945
-2.67035 0.00124904
-2.6616 0.00127934
-2.65284 0.00131036
-2.64408 0.00134213
-2.63533 0.00137465
-2.62657 0.00140794
-2.61781 0.00144203
-2.60906 0.00147694
-2.6003 0.00151267
-2.59155 0.00154925
-2.58279 0.00158671
-2.57403 0.00162505
-2.56528 0.0016643
-2.55652 0.00170449
-2.54776 0.00174563
-2.53901 0.00178774
-2.53025 0.00183085
-2.5215 0.00187499
-2.51274 0.00192016
-2.50398 0.00196641
-2.49523 0.00201375
-2.48647 0.0020622
-2.47771 0.0021118
-2.46896 0.00216257
-2.4602 0.00221454
-2.45145 0.00226773
-2.44269 0.00232218
-2.43393 0.0023779
-2.42518 0.00243493
-2.41642 0.00249331
-2.40766 0.00255305
-2.39891 0.0026142
-2.39015 0.00267678
-2.3814 0.00274082
-2.37264 0.00280636
-2.36388 0.00287344
-2.35513 0.00294208
-2.34637 0.00301233
-2.33761 0.00308422
-2.32886 0.00315778
-2.3201 0.00323305
-2.31134 0.00331008
-2.30259 0.0033889
-2.29383 0.00346955
-2.28508 0.00355208
-2.27632 0.00363651
-2.26756 0.00372291
-2.25881 0.00381131
-2.25005 0.00390175
-2.24129 0.00399428
-2.23254 0.00408895
-2.22378 0.0041858
-2.21503 0.00428489
-2.20627 0.00438626
-2.19751 0.00448996
-2.18876 0.00459605
-2.18 0.00470457
-2.17124 0.00481558
-2.16249 0.00492914
-2.15373 0.0050453
-2.14498 0.00516411
-2.13622 0.00528564
-2.12746 0.00540995
-2.11871 0.00553708
-2.10995 0.00566712
-2.10119 0.00580011
-2.09244 0.00593613
-2.08368 0.00607523
-2.07493 0.00621749
-2.06617 0.00636297
-2.05741 0.00651175
-2.04866 0.00666388
-2.0399 0.00681945
-2.03114 0.00697853
-2.02239 0.00714119
-2.01363 0.00730751
-2.00487 0.00747756
-1.99612 0.00765143
-1.98736 0.0078292
-1.97861 0.00801094
-1.96985 0.00819674
-1.96109 0.0083867
-1.95234 0.00858088
-1.94358 0.00877939
-1.93482 0.00898231
-1.92607 0.00918973
-1.91731 0.00940175
-1.90856 0.00961847
-1.8998 0.00983997
-1.89104 0.0100664
-1.88229 0.0102977
-1.87353 0.0105342
-1.86477 0.0107759
-1.85602 0.0110228
-1.84726 0.0112752
-1.83851 0.0115331
-1.82975 0.0117966
-1.82099 0.0120659
-1.81224 0.012341
-1.80348 0.0126221
-1.79472 0.0129093
-1.78597 0.0132027
-1.77721 0.0135025
-1.76845 0.0138087
-1.7597 0.0141215
-1.75094 0.014441
-1.74219 0.0147674
-1.73343 0.0151008
-1.72467 0.0154412
-1.71592 0.015789
-1.70716 0.0161442
-1.6984 0.0165069
-1.68965 0.0168772
-1.68089 0.0172555
-1.67214 0.0176417
-1.66338 0.018036
-1.65462 0.0184387
-1.64587 0.0188497
-1.63711 0.0192694
-1.62835 0.0196979
-1.6196 0.0201353
-1.61084 0.0205817
-1.60209 0.0210375
-1.59333 0.0215026
-1.58457 0.0219774
-1.57582 0.0224619
-1.56706 0.0229564
-1.5583 0.023461
-1.54955 0.0239759
-1.54079 0.0245014
-1.53204 0.0250375
-1.52328 0.0255844
-1.51452 0.0261425
-1.50577 0.0267118
-1.49701 0.0272925
-1.48825 0.0278849
-1.4795 0.0284891
-1.47074 0.0291053
-1.46198 0.0297338
-1.45323 0.0303748
-1.44447 0.0310284
-1.43572 0.0316949
-1.42696 0.0323745
-1.4182 0.0330673
-1.40945 0.0337737
-1.40069 0.0344938
-1.39193 0.0352279
-1.38318 0.0359761
-1.37442 0.0367387
-1.36567 0.0375159
-1.35691 0.038308
-1.34815 0.0391152
-1.3394 0.0399376
-1.33064 0.0407756
-1.32188 0.0416294
-1.31313 0.0424991
-1.30437 0.0433851
-1.29562 0.0442876
-1.28686 0.0452067
-1.2781 0.0461428
-1.26935 0.0470961
-1.26059 0.0480668
-1.25183 0.0490552
-1.24308 0.0500615
-1.23432 0.051086
-1.22556 0.0521288
-1.21681 0.0531902
-1.20805 0.0542706
-1.1993 0.05537
-1.19054 0.0564888
-1.18178 0.0576272
-1.17303 0.0587854
-1.16427 0.0599637
-1.15551 0.0611623
-1.14676 0.0623815
-1.138 0.0636214
-1.12925 0.0648824
-1.12049 0.0661646
-1.11173 0.0674684
-1.10298 0.0687938
-1.09422 0.0701412
-1.08546 0.0715107
-1.07671 0.0729027
-1.06795 0.0743172
-1.0592 0.0757546
-1.05044 0.077215
-1.04168 0.0786987
-1.03293 0.0802058
-1.02417 0.0817366
-1.01541 0.0832912
-1.00666 0.0848699
-0.997901 0.0864728
-0.989145 0.0881001
-0.980389 0.089752
-0.971633 0.0914287
-0.962876 0.0931303
-0.95412 0.0948569
-0.945364 0.0966089
-0.936607 0.0983862
-0.927851 0.100189
-0.919095 0.102017
-0.910338 0.103872
-0.901582 0.105752
-0.892826 0.107658
-0.88407 0.10959
-0.875313 0.111549
-0.866557 0.113533
-0.857801 0.115544
-0.849044 0.117581
-0.840288 0.119645
-0.831532 0.121735
-0.822776 0.123852
-0.814019 0.125995
-0.805263 0.128165
-0.796507 0.130361
-0.78775 0.132584
-0.778994 0.134833
-0.770238 0.137108
-0.761482 0.13941
-0.752725 0.141738
-0.743969 0.144092
-0.735213 0.146472
-0.726456 0.148878
-0.7177 0.15131
-0.708944 0.153767
-0.700188 0.15625
-0.691431 0.158758
-0.682675 0.161291
-0.673919 0.163849
-0.665162 0.166431
-0.656406 0.169038
-0.64765 0.171669
-0.638894 0.174323
-0.630137 0.177001
-0.621381 0.179702
-0.612625 0.182426
-0.603868 0.185172
-0.595112 0.18794
-0.586356 0.19073
-0.577599 0.193541
-0.568843 0.196372
-0.560087 0.199224
-0.551331 0.202095
-0.542574 0.204986
-0.533818 0.207895
-0.525062 0.210823
-0.516305 0.213768
-0.507549 0.21673
-0.498793 0.219709
-0.490037 0.222703
-0.48128 0.225712
-0.472524 0.228736
-0.463768 0.231774
-0.455011 0.234824
-0.446255 0.237887
-0.437499 0.240961
-0.428743 0.244046
-0.419986 0.247141
-0.41123 0.250245
-0.402474 0.253358
-0.393717 0.256478
-0.384961 0.259605
-0.376205 0.262737
-0.367449 0.265874
-0.358692 0.269015
-0.349936 0.27216
-0.34118 0.275306
-0.332423 0.278453
-0.323667 0.2816
-0.314911 0.284747
-0.306155 0.287892
-0.297398 0.291033
-0.288642 0.294171
-0.279886 0.297304
-0.271129 0.300431
-0.262373 0.30355
-0.253617 0.306662
-0.24486 0.309764
-0.236104 0.312856
-0.227348 0.315936
-0.218592 0.319004
-0.209835 0.322059
-0.201079 0.325098
-0.192323 0.328122
-0.183566 0.331129
-0.17481 0.334117
-0.166054 0.337087
-0.157298 0.340036
-0.148541 0.342964
-0.139785 0.345869
-0.131029 0.348751
-0.122272 0.351607
-0.113516 0.354438
-0.10476 0.357242
-0.0960036 0.360018
-0.0872473 0.362765
-0.078491 0.365481
-0.0697347 0.368167
-0.0609784 0.37082
-0.0522221 0.373439
-0.0434658 0.376025
-0.0347095 0.378574
-0.0259533 0.381088
-0.017197 0.383564
-0.00844067 0.386002
0.000315617 0.388401
0.00907191 0.390759
0.0178282 0.393077
0.0265845 0.395352
0.0353408 0.397584
0.0440971 0.399773
0.0528534 0.401918
0.0616096 0.404017
0.0703659 0.40607
0.0791222 0.408076
0.0878785 0.410035
0.0966348 0.411945
0.105391 0.413806
0.114147 0.415618
0.122904 0.41738
0.13166 0.419091
0.140416 0.42075
0.149173 0.422358
0.157929 0.423913
0.166685 0.425416
0.175441 0.426865
0.184198 0.42826
0.192954 0.429602
0.20171 0.430888
0.210467 0.43212
0.219223 0.433297
0.227979 0.434419
0.236735 0.435485
0.245492 0.436495
0.254248 0.43745
0.263004 0.438348
0.271761 0.43919
0.280517 0.439975
0.289273 0.440705
0.298029 0.441378
0.306786 0.441994
0.315542 0.442554
0.324298 0.443058
0.333055 0.443506
0.341811 0.443897
0.350567 0.444233
0.359323 0.444513
0.36808 0.444737
0.376836 0.444906
0.385592 0.44502
0.394349 0.445079
0.403105 0.445084
0.411861 0.445035
0.420618 0.444931
0.429374 0.444775
0.43813 0.444565
0.446886 0.444303
0.455643 0.443988
0.464399 0.443622
0.473155 0.443204
0.481912 0.442736
0.490668 0.442218
0.499424 0.441649
0.50818 0.441032
0.516937 0.440366
0.525693 0.439652
0.534449 0.438891
0.543206 0.438083
0.551962 0.437229
0.560718 0.43633
0.569474 0.435385
0.578231 0.434397
0.586987 0.433365
0.595743 0.43229
0.6045 0.431174
0.613256 0.430015
0.622012 0.428816
0.630768 0.427578
0.639525 0.4263
0.648281 0.424983
0.657037 0.423629
0.665794 0.422238
0.67455 0.420811
0.683306 0.419348
0.692062 0.41785
0.700819 0.416319
0.709575 0.414754
0.718331 0.413157
0.727088 0.411529
0.735844 0.409869
0.7446 0.40818
0.753357 0.406461
0.762113 0.404714
0.770869 0.402939
0.779625 0.401137
0.788382 0.399308
0.797138 0.397454
0.805894 0.395576
0.814651 0.393673
0.823407 0.391748
0.832163 0.3898
0.840919 0.38783
0.849676 0.385839
0.858432 0.383828
0.867188 0.381797
0.875945 0.379748
0.884701 0.377681
0.893457 0.375596
0.902213 0.373495
0.91097 0.371377
0.919726 0.369245
0.928482 0.367097
0.937239 0.364936
0.945995 0.362762
0.954751 0.360575
0.963507 0.358376
0.972264 0.356166
0.98102 0.353945
0.989776 0.351714
0.998533 0.349474
1.00729 0.347225
1.01605 0.344967
1.0248 0.342703
1.03356 0.340431
1.04231 0.338152
1.05107 0.335868
1.05983 0.333578
1.06858 0.331284
1.07734 0.328985
1.0861 0.326683
1.09485 0.324377
1.10361 0.322069
1.11236 0.319758
1.12112 0.317446
1.12988 0.315132
1.13863 0.312818
1.14739 0.310503
1.15615 0.308188
1.1649 0.305874
1.17366 0.303561
1.18241 0.301249
1.19117 0.29894
1.19993 0.296632
1.20868 0.294327
1.21744 0.292025
1.2262 0.289726
1.23495 0.287431
1.24371 0.285141
1.25247 0.282854
1.26122 0.280573
1.26998 0.278296
1.27873 0.276025
1.28749 0.27376
1.29625 0.271501
1.305 0.269248
1.31376 0.267002
1.32252 0.264763
1.33127 0.262531
1.34003 0.260306
1.34878 0.258089
1.35754 0.255881
1.3663 0.25368
1.37505 0.251488
1.38381 0.249304
1.39257 0.247129
1.40132 0.244964
1.41008 0.242808
1.41883 0.240661
1.42759 0.238524
1.43635 0.236397
1.4451 0.234279
1.45386 0.232172
1.46262 0.230076
1.47137 0.22799
1.48013 0.225914
1.48888 0.22385
1.49764 0.221796
1.5064 0.219754
1.51515 0.217723
1.52391 0.215703
1.53267 0.213694
1.54142 0.211698
1.55018 0.209712
1.55894 0.207739
1.56769 0.205778
1.57645 0.203828
1.5852 0.201891
1.59396 0.199965
1.60272 0.198052
1.61147 0.196151
1.62023 0.194263
1.62899 0.192387
1.63774 0.190523
1.6465 0.188672
1.65525 0.186833
1.66401 0.185007
1.67277 0.183194
1.68152 0.181393
1.69028 0.179605
1.69904 0.177829
1.70779 0.176067
1.71655 0.174317
1.7253 0.17258
1.73406 0.170856
1.74282 0.169145
1.75157 0.167446
1.76033 0.165761
1.76909 0.164088
1.77784 0.162428
1.7866 0.160781
1.79535 0.159146
1.80411 0.157525
1.81287 0.155916
1.82162 0.15432
1.83038 0.152737
1.83914 0.151167
1.84789 0.149609
1.85665 0.148064
1.86541 0.146532
1.87416 0.145012
1.88292 0.143505
1.89167 0.142011
1.90043 0.140529
1.90919 0.13906
1.91794 0.137603
1.9267 0.136159
1.93546 0.134727
1.94421 0.133307
1.95297 0.1319
1.96172 0.130505
1.97048 0.129122
1.97924 0.127751
1.98799 0.126393
1.99675 0.125047
2.00551 0.123712
2.01426 0.12239
2.02302 0.121079
2.03177 0.119781
2.04053 0.118494
2.04929 0.117219
2.05804 0.115955
2.0668 0.114703
2.07556 0.113463
2.08431 0.112234
2.09307 0.111017
2.10183 0.109811
2.11058 0.108616
2.11934 0.107433
2.12809 0.106261
2.13685 0.1051
2.14561 0.103949
2.15436 0.10281
2.16312 0.101682
2.17188 0.100565
2.18063 0.0994581
2.18939 0.0983622
2.19814 0.097277
2.2069 0.0962022
2.21566 0.095138
2.22441 0.0940842
2.23317 0.0930407
2.24193 0.0920075
2.25068 0.0909845
2.25944 0.0899716
2.26819 0.0889688
2.27695 0.087976
2.28571 0.0869931
2.29446 0.08602
2.30322 0.0850567
2.31198 0.084103
2.32073 0.083159
2.32949 0.0822246
2.33824 0.0812996
2.347 0.080384
2.35576 0.0794778
2.36451 0.0785808
2.37327 0.077693
2.38203 0.0768143
2.39078 0.0759446
2.39954 0.0750839
2.4083 0.0742321
2.41705 0.0733891
2.42581 0.0725548
2.43456 0.0717292
2.44332 0.0709123
2.45208 0.0701038
2.46083 0.0693038
2.46959 0.0685122
2.47835 0.0677289
2.4871 0.0669539
2.49586 0.066187
2.50461 0.0654282
2.51337 0.0646775
2.52213 0.0639347
2.53088 0.0631998
2.53964 0.0624727
2.5484 0.0617534
2.55715 0.0610418
2.56591 0.0603377
2.57466 0.0596413
2.58342 0.0589522
2.59218 0.0582707
2.60093 0.0575964
2.60969 0.0569294
2.61845 0.0562696
2.6272 0.055617
2.63596 0.0549714
2.64472 0.0543329
2.65347 0.0537013
2.66223 0.0530766
2.67098 0.0524586
2.67974 0.0518475
2.6885 0.051243
2.69725 0.0506451
2.70601 0.0500538
2.71477 0.049469
2.72352 0.0488906
2.73228 0.0483186
2.74103 0.0477529
2.74979 0.0471935
2.75855 0.0466402
2.7673 0.0460931
2.77606 0.045552
2.78482 0.045017
2.79357 0.0444879
2.80233 0.0439646
2.81108 0.0434472
2.81984 0.0429356
2.8286 0.0424297
2.83735 0.0419295
2.84611 0.0414348
2.85487 0.0409457
2.86362 0.0404621
2.87238 0.0399839
2.88113 0.0395111
2.88989 0.0390436
2.89865 0.0385814
2.9074 0.0381244
2.91616 0.0376726
2.92492 0.0372259
2.93367 0.0367842
2.94243 0.0363476
2.95119 0.0359159
2.95994 0.0354891
2.9687 0.0350671
2.97745 0.03465
2.98621 0.0342376
2.99497 0.0338299
3.00372 0.0334268
3.01248 0.0330284
3.02124 0.0326345
3.02999 0.0322451
3.03875 0.0318602
3.0475 0.0314797
3.05626 0.0311035
3.06502 0.0307317
3.07377 0.0303642
3.08253 0.0300009
3.09129 0.0296417
3.10004 0.0292867
3.1088 0.0289358
3.11755 0.028589
3.12631 0.0282461
3.13507 0.0279072
3.14382 0.0275723
3.15258 0.0272412
3.16134 0.0269139
3.17009 0.0265905
3.17885 0.0262708
3.18761 0.0259548
3.19636 0.0256425
3.20512 0.0253338
3.21387 0.0250287
3.22263 0.0247272
3.23139 0.0244292
3.24014 0.0241347
3.2489 0.0238436
3.25766 0.0235559
3.26641 0.0232715
3.27517 0.0229905
3.28392 0.0227128
3.29268 0.0224384
3.30144 0.0221671
3.31019 0.021899
3.31895 0.0216341
3.32771 0.0213723
3.33646 0.0211136
3.34522 0.0208579
3.35397 0.0206052
3.36273 0.0203555
3.37149 0.0201088
3.38024 0.0198649
3.389 0.0196239
3.39776 0.0193858
3.40651 0.0191505
3.41527 0.018918
3.42402 0.0186882
3.43278 0.0184611
3.44154 0.0182367
3.45029 0.018015
3.45905 0.0177959
3.46781 0.0175794
3.47656 0.0173655
3.48532 0.0171541
3.49408 0.0169452
3.50283 0.0167388
3.51159 0.0165349
3.52034 0.0163334
3.5291 0.0161343
3.53786 0.0159375
3.54661 0.0157431
3.55537 0.015551
3.56413 0.0153612
3.57288 0.0151737
3.58164 0.0149884
3.59039 0.0148053
3.59915 0.0146245
3.60791 0.0144457
3.61666 0.0142691
3.62542 0.0140947
3.63418 0.0139223
3.64293 0.0137519
3.65169 0.0135837
3.66044 0.0134174
3.6692 0.0132531
3.67796 0.0130908
3.68671 0.0129305
3.69547 0.012772
3.70423 0.0126155
3.71298 0.0124609
3.72174 0.0123081
3.73049 0.0121571
3.73925 0.012008
3.74801 0.0118607
3.75676 0.0117151
3.76552 0.0115713
3.77428 0.0114292
3.78303 0.0112888
3.79179 0.0111502
3.80055 0.0110132
3.8093 0.0108778
3.81806 0.0107441
3.82681 0.010612
3.83557 0.0104815
3.84433 0.0103526
3.85308 0.0102252
3.86184 0.0100994
3.8706 0.00997513
3.87935 0.00985234
3.88811 0.00973103
3.89686 0.00961119
3.90562 0.00949281
3.91438 0.00937586
3.92313 0.00926032
3.93189 0.00914619
3.94065 0.00903345
3.9494 0.00892207
3.95816 0.00881204
3.96691 0.00870335
3.97567 0.00859599
3.98443 0.00848992
3.99318 0.00838515
4.00194 0.00828165
4.0107 0.00817941
4.01945 0.00807841
4.02821 0.00797864
4.03697 0.00788009
4.04572 0.00778274
4.05448 0.00768657
4.06323 0.00759158
4.07199 0.00749774
4.08075 0.00740505
4.0895 0.00731349
4.09826 0.00722304
4.10702 0.0071337
4.11577 0.00704545
4.12453 0.00695828
4.13328 0.00687217
4.14204 0.00678711
4.1508 0.0067031
4.15955 0.00662011
4.16831 0.00653813
4.17707 0.00645716
4.18582 0.00637718
4.19458 0.00629818
4.20333 0.00622014
4.21209 0.00614306
4.22085 0.00606692
4.2296 0.00599172
4.23836 0.00591743
4.24712 0.00584406
4.25587 0.00577159
4.26463 0.0057
4.27338 0.0056293
4.28214 0.00555946
4.2909 0.00549047
4.29965 0.00542234
4.30841 0.00535504
4.31717 0.00528856
4.32592 0.00522291
4.33468 0.00515806
4.34344 0.005094
4.35219 0.00503074
4.36095 0.00496825
4.3697 0.00490653
4.37846 0.00484556
4.38722 0.00478535
4.39597 0.00472588
4.40473 0.00466714
4.41349 0.00460912
4.42224 0.00455182
4.431 0.00449522
4.43975 0.00443932
4.44851 0.00438411
4.45727 0.00432958
4.46602 0.00427572
4.47478 0.00422252
4.48354 0.00416998
4.49229 0.00411809
4.50105 0.00406684
4.5098 0.00401621
4.51856 0.00396622
4.52732 0.00391684
4.53607 0.00386807
4.54483 0.0038199
4.55359 0.00377233
4.56234 0.00372534
4.5711 0.00367894
4.57986 0.0036331
4.58861 0.00358784
4.59737 0.00354313
4.60612 0.00349897
4.61488 0.00345537
4.62364 0.0034123
4.63239 0.00336976
4.64115 0.00332775
4.64991 0.00328626
4.65866 0.00324528
4.66742 0.00320481
4.67617 0.00316483
4.68493 0.00312536
4.69369 0.00308637
4.70244 0.00304787
4.7112 0.00300984
4.71996 0.00297228
4.72871 0.00293519
4.73747 0.00289856
4.74622 0.00286238
4.75498 0.00282665
4.76374 0.00279136
4.77249 0.00275651
4.78125 0.00272209
4.79001 0.0026881
4.79876 0.00265453
4.80752 0.00262138
4.81627 0.00258864
4.82503 0.0025563
4.83379 0.00252437
4.84254 0.00249283
4.8513 0.00246168
4.86006 0.00243092
4.86881 0.00240054
4.87757 0.00237054
4.88633 0.00234091
4.89508 0.00231165
4.90384 0.00228275
4.91259 0.00225421
4.92135 0.00222603
4.93011 0.0021982
4.93886 0.00217071
4.94762 0.00214356
4.95638 0.00211675
4.96513 0.00209028
4.97389 0.00206413
4.98264 0.00203831
4.9914 0.00201281
5.00016 0.00198763
5.00891 0.00196276
5.01767 0.0019382
5.02643 0.00191395
5.03518 0.00188999
5.04394 0.00186634
5.05269 0.00184298
5.06145 0.00181991
5.07021 0.00179713
5.07896 0.00177463
5.08772 0.00175241
5.09648 0.00173047
5.10523 0.0017088
5.11399 0.0016874
5.12275 0.00166627
5.1315 0.0016454
5.14026 0.00162479
5.14901 0.00160444
5.15777 0.00158434
5.16653 0.00156449
5.17528 0.00154489
5.18404 0.00152554
5.1928 0.00150642
5.20155 0.00148755
5.21031 0.00146891
5.21906 0.0014505
5.22782 0.00143232
5.23658 0.00141437
5.24533 0.00139664
5.25409 0.00137913
5.26285 0.00136184
5.2716 0.00134477
5.28036 0.00132791
5.28911 0.00131126
5.29787 0.00129482
5.30663 0.00127859
5.31538 0.00126255
5.32414 0.00124672
5.3329 0.00123108
5.34165 0.00121564
5.35041 0.0012004
5.35916 0.00118534
5.36792 0.00117047
5.37668 0.00115579
5.38543 0.00114129
5.39419 0.00112697
5.40295 0.00111283
5.4117 0.00109887
5.42046 0.00108508
5.42922 0.00107146
5.43797 0.00105802
5.44673 0.00104474
5.45548 0.00103163
5.46424 0.00101868
5.473 0.00100589
5.48175 0.000993266
5.49051 0.000980798
5.49927 0.000968486
5.50802 0.000956327
5.51678 0.000944321
5.52553 0.000932465
5.53429 0.000920757
5.54305 0.000909196
5.5518 0.00089778
5.56056 0.000886506
5.56932 0.000875373
5.57807 0.00086438
5.58683 0.000853524
5.59558 0.000842805
5.60434 0.000832219
5.6131 0.000821766
5.62185 0.000811444
5.63061 0.000801251
5.63937 0.000791185
5.64812 0.000781246
5.65688 0.000771431
5.66563 0.000761739
5.67439 0.000752168
5.68315 0.000742718
5.6919 0.000733385
5.70066 0.00072417
5.70942 0.00071507
5.71817 0.000706084
5.72693 0.00069721
5.73569 0.000688448
5.74444 0.000679796
5.7532 0.000671252
5.76195 0.000662815
5.77071 0.000654484
5.77947 0.000646257
5.78822 0.000638133
5.79698 0.000630111
5.80574 0.00062219
5.81449 0.000614368
5.82325 0.000606644
5.832 0.000599017
5.84076 0.000591486
5.84952 0.000584049
5.85827 0.000576705
5.86703 0.000569453
5.87579 0.000562293
5.88454 0.000555222
5.8933 0.00054824
5.90205 0.000541345
5.91081 0.000534537
5.91957 0.000527814
5.92832 0.000521176
5.93708 0.000514621
5.94584 0.000508148
5.95459 0.000501756
5.96335 0.000495445
5.97211 0.000489213
5.98086 0.000483059
5.98962 0.000476982
5.99837 0.000470981
6.00713 0.000465056
6.01589 0.000459205
6.02464 0.000453428
6.0334 0.000447723
6.04216 0.00044209
6.05091 0.000436527
6.05967 0.000431035
