-7.28176 0.00219883
-7.26137 0.00223344
-7.24097 0.00226859
-7.22057 0.00230428
-7.20018 0.00234052
-7.17978 0.00237733
-7.15938 0.0024147
-7.13899 0.00245265
-7.11859 0.00249119
-7.0982 0.00253033
-7.0778 0.00257006
-7.0574 0.00261042
-7.03701 0.00265139
-7.01661 0.002693
-6.99621 0.00273525
-6.97582 0.00277816
-6.95542 0.00282172
-6.93502 0.00286595
-6.91463 0.00291087
-6.89423 0.00295648
-6.87383 0.00300279
-6.85344 0.00304981
-6.83304 0.00309756
-6.81264 0.00314604
-6.79225 0.00319527
-6.77185 0.00324525
-6.75145 0.003296
-6.73106 0.00334753
-6.71066 0.00339985
-6.69026 0.00345297
-6.66987 0.00350691
-6.64947 0.00356167
-6.62907 0.00361727
-6.60868 0.00367373
-6.58828 0.00373105
-6.56788 0.00378924
-6.54749 0.00384832
-6.52709 0.00390831
-6.50669 0.00396922
-6.4863 0.00403105
-6.4659 0.00409383
-6.4455 0.00415757
-6.42511 0.00422228
-6.40471 0.00428797
-6.38431 0.00435467
-6.36392 0.00442238
-6.34352 0.00449112
-6.32312 0.00456091
-6.30273 0.00463176
-6.28233 0.00470369
-6.26193 0.00477671
-6.24154 0.00485084
-6.22114 0.00492609
-6.20074 0.00500249
-6.18035 0.00508004
-6.15995 0.00515877
-6.13955 0.00523869
-6.11916 0.00531982
-6.09876 0.00540218
-6.07836 0.00548579
-6.05797 0.00557066
-6.03757 0.00565681
-6.01717 0.00574426
-5.99678 0.00583303
-5.97638 0.00592314
-5.95598 0.00601461
-5.93559 0.00610746
-5.91519 0.0062017
-5.89479 0.00629737
-5.8744 0.00639447
-5.854 0.00649303
-5.8336 0.00659307
-5.81321 0.00669461
-5.79281 0.00679768
-5.77241 0.00690229
-5.75202 0.00700847
-5.73162 0.00711624
-5.71122 0.00722562
-5.69083 0.00733664
-5.67043 0.00744932
-5.65003 0.00756368
-5.62964 0.00767975
-5.60924 0.00779755
-5.58884 0.00791711
-5.56845 0.00803845
-5.54805 0.00816159
-5.52765 0.00828657
-5.50726 0.00841341
-5.48686 0.00854212
-5.46646 0.00867276
-5.44607 0.00880532
-5.42567 0.00893986
-5.40528 0.00907639
-5.38488 0.00921493
-5.36448 0.00935553
-5.34409 0.00949821
-5.32369 0.00964299
-5.30329 0.00978992
-5.2829 0.009939
-5.2625 0.0100903
-5.2421 0.0102438
-5.22171 0.0103996
-5.20131 0.0105576
-5.18091 0.010718
-5.16052 0.0108808
-5.14012 0.0110459
-5.11972 0.0112134
-5.09933 0.0113834
-5.07893 0.0115559
-5.05853 0.0117309
-5.03814 0.0119085
-5.01774 0.0120886
-4.99734 0.0122714
-4.97695 0.0124569
-4.95655 0.012645
-4.93615 0.0128359
-4.91576 0.0130295
-4.89536 0.013226
-4.87496 0.0134253
-4.85457 0.0136275
-4.83417 0.0138326
-4.81377 0.0140407
-4.79338 0.0142518
-4.77298 0.0144659
-4.75258 0.0146831
-4.73219 0.0149035
-4.71179 0.015127
-4.69139 0.0153537
-4.671 0.0155837
-4.6506 0.015817
-4.6302 0.0160536
-4.60981 0.0162936
-4.58941 0.016537
-4.56901 0.0167839
-4.54862 0.0170343
-4.52822 0.0172883
-4.50782 0.0175459
-4.48743 0.0178072
-4.46703 0.0180722
-4.44663 0.0183409
-4.42624 0.0186134
-4.40584 0.0188898
-4.38544 0.01917
-4.36505 0.0194543
-4.34465 0.0197425
-4.32425 0.0200348
-4.30386 0.0203312
-4.28346 0.0206317
-4.26306 0.0209365
-4.24267 0.0212455
-4.22227 0.0215588
-4.20187 0.0218765
-4.18148 0.0221986
-4.16108 0.0225252
-4.14068 0.0228564
-4.12029 0.0231921
-4.09989 0.0235324
-4.07949 0.0238775
-4.0591 0.0242273
-4.0387 0.024582
-4.0183 0.0249415
-3.99791 0.025306
-3.97751 0.0256755
-3.95711 0.02605
-3.93672 0.0264296
-3.91632 0.0268144
-3.89592 0.0272045
-3.87553 0.0275998
-3.85513 0.0280005
-3.83473 0.0284066
-3.81434 0.0288183
-3.79394 0.0292354
-3.77355 0.0296582
-3.75315 0.0300867
-3.73275 0.0305209
-3.71236 0.0309609
-3.69196 0.0314068
-3.67156 0.0318586
-3.65117 0.0323165
-3.63077 0.0327804
-3.61037 0.0332505
-3.58998 0.0337267
-3.56958 0.0342093
-3.54918 0.0346982
-3.52879 0.0351935
-3.50839 0.0356952
-3.48799 0.0362036
-3.4676 0.0367185
-3.4472 0.0372401
-3.4268 0.0377685
-3.40641 0.0383037
-3.38601 0.0388459
-3.36561 0.0393949
-3.34522 0.0399511
-3.32482 0.0405143
-3.30442 0.0410847
-3.28403 0.0416623
-3.26363 0.0422473
-3.24323 0.0428397
-3.22284 0.0434395
-3.20244 0.0440468
-3.18204 0.0446618
-3.16165 0.0452844
-3.14125 0.0459148
-3.12085 0.0465529
-3.10046 0.047199
-3.08006 0.047853
-3.05966 0.048515
-3.03927 0.0491851
-3.01887 0.0498634
-2.99847 0.0505499
-2.97808 0.0512446
-2.95768 0.0519478
-2.93728 0.0526593
-2.91689 0.0533793
-2.89649 0.0541079
-2.87609 0.0548452
-2.8557 0.0555911
-2.8353 0.0563457
-2.8149 0.0571091
-2.79451 0.0578815
-2.77411 0.0586627
-2.75371 0.0594529
-2.73332 0.0602522
-2.71292 0.0610606
-2.69252 0.0618781
-2.67213 0.0627048
-2.65173 0.0635408
-2.63133 0.0643861
-2.61094 0.0652408
-2.59054 0.0661049
-2.57014 0.0669784
-2.54975 0.0678614
-2.52935 0.068754
-2.50895 0.0696562
-2.48856 0.0705679
-2.46816 0.0714893
-2.44776 0.0724204
-2.42737 0.0733612
-2.40697 0.0743118
-2.38657 0.0752721
-2.36618 0.0762422
-2.34578 0.0772221
-2.32538 0.0782119
-2.30499 0.0792114
-2.28459 0.0802208
-2.26419 0.0812401
-2.2438 0.0822692
-2.2234 0.0833082
-2.203 0.084357
-2.18261 0.0854156
-2.16221 0.0864841
-2.14181 0.0875623
-2.12142 0.0886503
-2.10102 0.0897481
-2.08063 0.0908556
-2.06023 0.0919728
-2.03983 0.0930996
-2.01944 0.0942359
-1.99904 0.0953818
-1.97864 0.0965372
-1.95825 0.097702
-1.93785 0.0988761
-1.91745 0.100059
-1.89706 0.101252
-1.87666 0.102453
-1.85626 0.103664
-1.83587 0.104883
-1.81547 0.106111
-1.79507 0.107348
-1.77468 0.108593
-1.75428 0.109847
-1.73388 0.111108
-1.71349 0.112378
-1.69309 0.113656
-1.67269 0.114941
-1.6523 0.116234
-1.6319 0.117534
-1.6115 0.118841
-1.59111 0.120155
-1.57071 0.121475
-1.55031 0.122803
-1.52992 0.124136
-1.50952 0.125475
-1.48912 0.126819
-1.46873 0.128169
-1.44833 0.129524
-1.42793 0.130884
-1.40754 0.132248
-1.38714 0.133616
-1.36674 0.134988
-1.34635 0.136363
-1.32595 0.137741
-1.30555 0.139122
-1.28516 0.140505
-1.26476 0.141889
-1.24436 0.143275
-1.22397 0.144662
-1.20357 0.146049
-1.18317 0.147436
-1.16278 0.148822
-1.14238 0.150207
-1.12198 0.151591
-1.10159 0.152972
-1.08119 0.15435
-1.06079 0.155726
-1.0404 0.157097
-1.02 0.158464
-0.999604 0.159826
-0.979207 0.161182
-0.958811 0.162531
-0.938414 0.163874
-0.918017 0.165209
-0.897621 0.166535
-0.877224 0.167852
-0.856827 0.16916
-0.836431 0.170456
-0.816034 0.171742
-0.795638 0.173015
-0.775241 0.174276
-0.754844 0.175523
-0.734448 0.176756
-0.714051 0.177973
-0.693654 0.179175
-0.673258 0.180359
-0.652861 0.181527
-0.632465 0.182676
-0.612068 0.183805
-0.591671 0.184915
-0.571275 0.186004
-0.550878 0.187072
-0.530481 0.188117
-0.510085 0.189138
-0.489688 0.190136
-0.469292 0.191109
-0.448895 0.192057
-0.428498 0.192978
-0.408102 0.193872
-0.387705 0.194738
-0.367308 0.195576
-0.346912 0.196384
-0.326515 0.197163
-0.306119 0.197911
-0.285722 0.198627
-0.265325 0.199312
-0.244929 0.199964
-0.224532 0.200584
-0.204135 0.201169
-0.183739 0.201721
-0.163342 0.202238
-0.142946 0.20272
-0.122549 0.203167
-0.102152 0.203578
-0.0817557 0.203953
-0.061359 0.204291
-0.0409624 0.204593
-0.0205658 0.204858
-0.000169161 0.205086
0.0202275 0.205277
0.0406241 0.205431
0.0610207 0.205547
0.0814173 0.205626
0.101814 0.205668
0.122211 0.205672
0.142607 0.20564
0.163004 0.20557
0.1834 0.205464
0.203797 0.205321
0.224194 0.205142
0.24459 0.204926
0.264987 0.204676
0.285384 0.204389
0.30578 0.204068
0.326177 0.203713
0.346573 0.203323
0.36697 0.2029
0.387367 0.202444
0.407763 0.201956
0.42816 0.201436
0.448557 0.200884
0.468953 0.200302
0.48935 0.199689
0.509746 0.199047
0.530143 0.198377
0.55054 0.197678
0.570936 0.196952
0.591333 0.196199
0.61173 0.19542
0.632126 0.194616
0.652523 0.193787
0.67292 0.192935
0.693316 0.192059
0.713713 0.191161
0.734109 0.190241
0.754506 0.189301
0.774903 0.18834
0.795299 0.18736
0.815696 0.186361
0.836093 0.185344
0.856489 0.18431
0.876886 0.183259
0.897282 0.182193
0.917679 0.181111
0.938076 0.180015
0.958472 0.178905
0.978869 0.177782
0.999266 0.176647
1.01966 0.1755
1.04006 0.174341
1.06046 0.173172
1.08085 0.171994
1.10125 0.170806
1.12165 0.169609
1.14204 0.168405
1.16244 0.167193
1.18284 0.165974
1.20323 0.164749
1.22363 0.163517
1.24403 0.162281
1.26442 0.16104
1.28482 0.159794
1.30521 0.158545
1.32561 0.157292
1.34601 0.156037
1.3664 0.154779
1.3868 0.153519
1.4072 0.152257
1.42759 0.150995
1.44799 0.149731
1.46839 0.148468
1.48878 0.147204
1.50918 0.145941
1.52958 0.144678
1.54997 0.143417
1.57037 0.142157
1.59077 0.140899
1.61116 0.139642
1.63156 0.138389
1.65196 0.137137
1.67235 0.135889
1.69275 0.134644
1.71315 0.133403
1.73354 0.132165
1.75394 0.130931
1.77434 0.129701
1.79473 0.128476
1.81513 0.127255
1.83553 0.126039
1.85592 0.124829
1.87632 0.123623
1.89672 0.122423
1.91711 0.121228
1.93751 0.120039
1.95791 0.118856
1.9783 0.117679
1.9987 0.116508
2.0191 0.115343
2.03949 0.114185
2.05989 0.113033
2.08029 0.111889
2.10068 0.11075
2.12108 0.109619
2.14148 0.108495
2.16187 0.107378
2.18227 0.106268
2.20267 0.105165
2.22306 0.10407
2.24346 0.102982
2.26386 0.101901
2.28425 0.100828
2.30465 0.0997628
2.32505 0.0987051
2.34544 0.0976551
2.36584 0.0966128
2.38624 0.0955783
2.40663 0.0945516
2.42703 0.0935328
2.44743 0.0925219
2.46782 0.0915189
2.48822 0.0905238
2.50862 0.0895367
2.52901 0.0885576
2.54941 0.0875864
2.56981 0.0866233
2.5902 0.0856681
2.6106 0.084721
2.631 0.0837819
2.65139 0.0828508
2.67179 0.0819277
2.69219 0.0810126
2.71258 0.0801056
2.73298 0.0792065
2.75338 0.0783154
2.77377 0.0774323
2.79417 0.0765571
2.81457 0.0756898
2.83496 0.0748305
2.85536 0.073979
2.87576 0.0731355
2.89615 0.0722998
2.91655 0.0714719
2.93695 0.0706518
2.95734 0.0698394
2.97774 0.0690348
2.99813 0.0682379
3.01853 0.0674487
3.03893 0.0666671
3.05932 0.0658931
3.07972 0.0651267
3.10012 0.0643678
3.12051 0.0636164
3.14091 0.0628724
3.16131 0.0621359
3.1817 0.0614067
3.2021 0.0606848
3.2225 0.0599703
3.24289 0.059263
3.26329 0.0585629
3.28369 0.0578699
3.30408 0.0571841
3.32448 0.0565053
3.34488 0.0558336
3.36527 0.0551688
3.38567 0.0545109
3.40607 0.05386
3.42646 0.0532158
3.44686 0.0525785
3.46726 0.0519479
3.48765 0.0513239
3.50805 0.0507066
3.52845 0.0500959
3.54884 0.0494918
3.56924 0.0488941
3.58964 0.0483028
3.61003 0.047718
3.63043 0.0471395
3.65083 0.0465672
3.67122 0.0460012
3.69162 0.0454414
3.71202 0.0448877
3.73241 0.0443402
3.75281 0.0437986
3.77321 0.043263
3.7936 0.0427334
3.814 0.0422096
3.8344 0.0416917
3.85479 0.0411795
3.87519 0.0406731
3.89559 0.0401724
3.91598 0.0396772
3.93638 0.0391877
3.95678 0.0387037
3.97717 0.0382251
3.99757 0.037752
4.01797 0.0372843
4.03836 0.0368219
4.05876 0.0363647
4.07916 0.0359128
4.09955 0.0354661
4.11995 0.0350245
4.14035 0.034588
4.16074 0.0341565
4.18114 0.03373
4.20154 0.0333084
4.22193 0.0328917
4.24233 0.0324799
4.26273 0.0320728
4.28312 0.0316705
4.30352 0.0312729
4.32392 0.0308799
4.34431 0.0304915
4.36471 0.0301077
4.38511 0.0297284
4.4055 0.0293536
4.4259 0.0289832
4.4463 0.0286172
4.46669 0.0282555
4.48709 0.027898
4.50749 0.0275449
4.52788 0.0271959
4.54828 0.026851
4.56868 0.0265103
4.58907 0.0261737
4.60947 0.0258411
4.62986 0.0255124
4.65026 0.0251877
4.67066 0.0248669
4.69105 0.0245499
4.71145 0.0242368
4.73185 0.0239274
4.75224 0.0236218
4.77264 0.0233199
4.79304 0.0230216
4.81343 0.0227269
4.83383 0.0224358
4.85423 0.0221483
4.87462 0.0218642
4.89502 0.0215836
4.91542 0.0213064
4.93581 0.0210326
4.95621 0.0207622
4.97661 0.020495
4.997 0.0202311
5.0174 0.0199705
5.0378 0.019713
5.05819 0.0194588
5.07859 0.0192076
5.09899 0.0189595
5.11938 0.0187145
5.13978 0.0184726
5.16018 0.0182336
5.18057 0.0179975
5.20097 0.0177644
5.22137 0.0175342
5.24176 0.0173068
5.26216 0.0170823
5.28256 0.0168605
5.30295 0.0166415
5.32335 0.0164252
5.34375 0.0162116
5.36414 0.0160007
5.38454 0.0157924
5.40494 0.0155867
5.42533 0.0153836
5.44573 0.0151831
5.46613 0.014985
5.48652 0.0147894
5.50692 0.0145963
5.52732 0.0144056
5.54771 0.0142173
5.56811 0.0140314
5.58851 0.0138478
5.6089 0.0136666
5.6293 0.0134876
5.6497 0.0133109
5.67009 0.0131364
5.69049 0.0129641
5.71089 0.012794
5.73128 0.012626
5.75168 0.0124602
5.77208 0.0122965
5.79247 0.0121349
5.81287 0.0119753
5.83327 0.0118177
5.85366 0.0116622
5.87406 0.0115086
5.89446 0.011357
5.91485 0.0112073
5.93525 0.0110595
5.95565 0.0109136
5.97604 0.0107696
5.99644 0.0106274
6.01684 0.010487
6.03723 0.0103485
6.05763 0.0102117
6.07803 0.0100766
6.09842 0.00994331
6.11882 0.00981171
6.13922 0.00968181
6.15961 0.00955357
6.18001 0.00942698
6.20041 0.00930201
6.2208 0.00917866
6.2412 0.0090569
6.2616 0.0089367
6.28199 0.00881806
6.30239 0.00870095
6.32278 0.00858535
6.34318 0.00847124
6.36358 0.00835861
6.38397 0.00824743
6.40437 0.0081377
6.42477 0.00802938
6.44516 0.00792247
6.46556 0.00781694
6.48596 0.00771279
6.50635 0.00760998
6.52675 0.00750851
6.54715 0.00740836
6.56754 0.00730951
6.58794 0.00721195
6.60834 0.00711566
6.62873 0.00702062
6.64913 0.00692681
6.66953 0.00683423
6.68992 0.00674286
6.71032 0.00665268
6.73072 0.00656368
6.75111 0.00647584
6.77151 0.00638915
6.79191 0.00630359
6.8123 0.00621915
6.8327 0.00613581
6.8531 0.00605357
6.87349 0.0059724
6.89389 0.0058923
6.91429 0.00581325
6.93468 0.00573523
6.95508 0.00565824
6.97548 0.00558226
6.99587 0.00550727
7.01627 0.00543328
7.03667 0.00536025
7.05706 0.00528818
7.07746 0.00521707
7.09786 0.00514689
7.11825 0.00507763
7.13865 0.00500929
7.15905 0.00494184
7.17944 0.00487529
7.19984 0.00480961
7.22024 0.0047448
7.24063 0.00468085
7.26103 0.00461774
7.28143 0.00455547
7.30182 0.00449401
7.32222 0.00443338
7.34262 0.00437354
7.36301 0.00431449
7.38341 0.00425623
7.40381 0.00419874
7.4242 0.00414201
7.4446 0.00408603
7.465 0.00403079
7.48539 0.00397629
7.50579 0.00392251
7.52619 0.00386945
7.54658 0.00381708
7.56698 0.00376542
7.58738 0.00371444
7.60777 0.00366414
7.62817 0.00361451
7.64857 0.00356553
7.66896 0.00351721
7.68936 0.00346954
7.70976 0.0034225
7.73015 0.00337608
7.75055 0.00333028
7.77095 0.0032851
7.79134 0.00324051
7.81174 0.00319653
7.83214 0.00315312
7.85253 0.0031103
7.87293 0.00306805
7.89333 0.00302637
7.91372 0.00298524
7.93412 0.00294466
7.95452 0.00290462
7.97491 0.00286512
7.99531 0.00282615
8.0157 0.0027877
8.0361 0.00274976
8.0565 0.00271233
8.07689 0.00267541
8.09729 0.00263897
8.11769 0.00260303
8.13808 0.00256757
8.15848 0.00253258
8.17888 0.00249807
8.19927 0.00246401
8.21967 0.00243042
8.24007 0.00239727
8.26046 0.00236458
8.28086 0.00233232
8.30126 0.00230049
8.32165 0.00226909
8.34205 0.00223811
8.36245 0.00220755
8.38284 0.00217741
8.40324 0.00214766
8.42364 0.00211832
8.44403 0.00208938
8.46443 0.00206082
8.48483 0.00203265
8.50522 0.00200485
8.52562 0.00197744
8.54602 0.00195039
8.56641 0.00192371
8.58681 0.00189738
8.60721 0.00187142
8.6276 0.0018458
8.648 0.00182053
8.6684 0.0017956
8.68879 0.00177101
8.70919 0.00174674
8.72959 0.00172281
8.74998 0.0016992
8.77038 0.00167591
8.79078 0.00165294
8.81117 0.00163028
8.83157 0.00160792
8.85197 0.00158586
8.87236 0.00156411
8.89276 0.00154265
8.91316 0.00152148
8.93355 0.00150059
8.95395 0.00147999
8.97435 0.00145967
8.99474 0.00143963
9.01514 0.00141985
9.03554 0.00140035
9.05593 0.00138111
9.07633 0.00136213
9.09673 0.00134341
9.11712 0.00132494
9.13752 0.00130672
9.15792 0.00128875
9.17831 0.00127103
9.19871 0.00125355
9.21911 0.0012363
9.2395 0.00121929
9.2599 0.00120251
9.2803 0.00118596
9.30069 0.00116963
9.32109 0.00115352
9.34149 0.00113764
9.36188 0.00112197
9.38228 0.00110651
9.40268 0.00109127
9.42307 0.00107623
9.44347 0.0010614
9.46387 0.00104677
9.48426 0.00103234
9.50466 0.0010181
9.52506 0.00100406
9.54545 0.000990215
9.56585 0.000976555
9.58625 0.000963082
9.60664 0.000949793
9.62704 0.000936686
9.64744 0.000923757
9.66783 0.000911005
9.68823 0.000898427
9.70862 0.000886021
9.72902 0.000873784
9.74942 0.000861715
9.76981 0.00084981
9.79021 0.000838069
9.81061 0.000826488
9.831 0.000815066
9.8514 0.000803799
9.8718 0.000792687
9.89219 0.000781727
9.91259 0.000770917
9.93299 0.000760255
9.95338 0.00074974
9.97378 0.000739368
9.99418 0.000729138
10.0146 0.000719048
10.035 0.000709097
10.0554 0.000699282
10.0758 0.000689602
10.0962 0.000680054
10.1166 0.000670637
10.137 0.00066135
10.1574 0.00065219
10.1777 0.000643155
10.1981 0.000634245
10.2185 0.000625456
10.2389 0.000616789
10.2593 0.00060824
10.2797 0.000599809
10.3001 0.000591494
10.3205 0.000583293
10.3409 0.000575205
10.3613 0.000567227
10.3817 0.00055936
10.4021 0.0005516
10.4225 0.000543948
10.4429 0.0005364
10.4633 0.000528956
10.4837 0.000521615
10.5041 0.000514375
10.5245 0.000507234
10.5449 0.000500192
10.5653 0.000493246
10.5857 0.000486396
10.6061 0.000479641
10.6265 0.000472978
10.6469 0.000466408
10.6673 0.000459928
10.6877 0.000453537
10.7081 0.000447234
10.7285 0.000441018
10.7489 0.000434887
10.7692 0.000428842
10.7896 0.000422879
10.81 0.000416999
10.8304 0.0004112
10.8508 0.000405481
10.8712 0.00039984
10.8916 0.000394278
10.912 0.000388792
10.9324 0.000383382
10.9528 0.000378047
10.9732 0.000372786
10.9936 0.000367597
11.014 0.000362479
11.0344 0.000357433
11.0548 0.000352456
11.0752 0.000347548
11.0956 0.000342708
11.116 0.000337934
11.1364 0.000333227
11.1568 0.000328584
11.1772 0.000324006
11.1976 0.000319491
11.218 0.000315039
11.2384 0.000310648
11.2588 0.000306318
11.2792 0.000302048
11.2996 0.000297837
11.32 0.000293684
11.3404 0.000289589
11.3608 0.00028555
11.3811 0.000281567
11.4015 0.00027764
11.4219 0.000273766
11.4423 0.000269947
11.4627 0.00026618
11.4831 0.000262466
11.5035 0.000258803
11.5239 0.000255191
11.5443 0.000251628
11.5647 0.000248116
11.5851 0.000244651
11.6055 0.000241235
11.6259 0.000237867
11.6463 0.000234545
11.6667 0.000231269
11.6871 0.000228038
11.7075 0.000224853
11.7279 0.000221711
11.7483 0.000218613
11.7687 0.000215558
11.7891 0.000212546
11.8095 0.000209575
11.8299 0.000206646
11.8503 0.000203757
11.8707 0.000200909
11.8911 0.000198099
11.9115 0.000195329
11.9319 0.000192598
11.9523 0.000189904
11.9727 0.000187248
11.993 0.000184629
12.0134 0.000182046
12.0338 0.000179499
12.0542 0.000176987
12.0746 0.000174511
12.095 0.000172068
12.1154 0.00016966
12.1358 0.000167285
12.1562 0.000164944
12.1766 0.000162635
12.197 0.000160358
12.2174 0.000158112
12.2378 0.000155898
12.2582 0.000153715
12.2786 0.000151562
12.299 0.000149439
12.3194 0.000147346
12.3398 0.000145281
12.3602 0.000143246
12.3806 0.000141239
12.401 0.00013926
12.4214 0.000137308
12.4418 0.000135383
12.4622 0.000133486
12.4826 0.000131615
12.503 0.00012977
12.5234 0.00012795
12.5438 0.000126156
12.5642 0.000124387
12.5845 0.000122643
12.6049 0.000120923
12.6253 0.000119227
12.6457 0.000117554
12.6661 0.000115905
12.6865 0.000114279
12.7069 0.000112676
12.7273 0.000111095
12.7477 0.000109536
12.7681 0.000107998
12.7885 0.000106483
12.8089 0.000104988
12.8293 0.000103514
12.8497 0.000102061
12.8701 0.000100628
12.8905 9.92153e-05
12.9109 9.78221e-05
12.9313 9.64484e-05
12.9517 9.50939e-05
12.9721 9.37583e-05
12.9925 9.24414e-05
13.0129 9.11428e-05
13.0333 8.98624e-05
13.0537 8.85999e-05
13.0741 8.7355e-05
13.0945 8.61275e-05
