-8.70801 0.000469456
-8.69652 0.000473533
-8.68503 0.000477646
-8.67354 0.000481796
-8.66205 0.000485983
-8.65056 0.000490206
-8.63907 0.000494467
-8.62758 0.000498765
-8.61609 0.000503101
-8.6046 0.000507476
-8.59312 0.00051189
-8.58163 0.000516342
-8.57014 0.000520834
-8.55865 0.000525366
-8.54716 0.000529938
-8.53567 0.00053455
-8.52418 0.000539203
-8.51269 0.000543897
-8.5012 0.000548633
-8.48971 0.000553411
-8.47822 0.000558231
-8.46673 0.000563094
-8.45525 0.000568
-8.44376 0.00057295
-8.43227 0.000577943
-8.42078 0.000582981
-8.40929 0.000588064
-8.3978 0.000593191
-8.38631 0.000598364
-8.37482 0.000603583
-8.36333 0.000608849
-8.35184 0.000614161
-8.34035 0.00061952
-8.32886 0.000624927
-8.31738 0.000630382
-8.30589 0.000635886
-8.2944 0.000641438
-8.28291 0.00064704
-8.27142 0.000652691
-8.25993 0.000658393
-8.24844 0.000664146
-8.23695 0.00066995
-8.22546 0.000675805
-8.21397 0.000681713
-8.20248 0.000687673
-8.19099 0.000693686
-8.17951 0.000699753
-8.16802 0.000705874
-8.15653 0.000712049
-8.14504 0.00071828
-8.13355 0.000724566
-8.12206 0.000730908
-8.11057 0.000737306
-8.09908 0.000743762
-8.08759 0.000750276
-8.0761 0.000756847
-8.06461 0.000763477
-8.05312 0.000770166
-8.04164 0.000776915
-8.03015 0.000783725
-8.01866 0.000790595
-8.00717 0.000797526
-7.99568 0.00080452
-7.98419 0.000811576
-7.9727 0.000818695
-7.96121 0.000825878
-7.94972 0.000833125
-7.93823 0.000840437
-7.92674 0.000847814
-7.91525 0.000855257
-7.90376 0.000862767
-7.89228 0.000870345
-7.88079 0.00087799
-7.8693 0.000885703
-7.85781 0.000893486
-7.84632 0.000901338
-7.83483 0.000909261
-7.82334 0.000917255
-7.81185 0.000925321
-7.80036 0.000933458
-7.78887 0.000941669
-7.77738 0.000949954
-7.76589 0.000958313
-7.75441 0.000966747
-7.74292 0.000975257
-7.73143 0.000983843
-7.71994 0.000992506
-7.70845 0.00100125
-7.69696 0.00101007
-7.68547 0.00101897
-7.67398 0.00102795
-7.66249 0.00103701
-7.651 0.00104615
-7.63951 0.00105537
-7.62802 0.00106468
-7.61654 0.00107407
-7.60505 0.00108354
-7.59356 0.0010931
-7.58207 0.00110275
-7.57058 0.00111248
-7.55909 0.0011223
-7.5476 0.00113221
-7.53611 0.00114221
-7.52462 0.0011523
-7.51313 0.00116248
-7.50164 0.00117275
-7.49015 0.00118312
-7.47867 0.00119358
-7.46718 0.00120413
-7.45569 0.00121478
-7.4442 0.00122552
-7.43271 0.00123636
-7.42122 0.0012473
-7.40973 0.00125834
-7.39824 0.00126948
-7.38675 0.00128072
-7.37526 0.00129206
-7.36377 0.0013035
-7.35228 0.00131505
-7.3408 0.0013267
-7.32931 0.00133845
-7.31782 0.00135032
-7.30633 0.00136229
-7.29484 0.00137437
-7.28335 0.00138656
-7.27186 0.00139885
-7.26037 0.00141127
-7.24888 0.00142379
-7.23739 0.00143643
-7.2259 0.00144918
-7.21441 0.00146204
-7.20293 0.00147503
-7.19144 0.00148813
-7.17995 0.00150135
-7.16846 0.00151469
-7.15697 0.00152816
-7.14548 0.00154174
-7.13399 0.00155545
-7.1225 0.00156928
-7.11101 0.00158324
-7.09952 0.00159733
-7.08803 0.00161154
-7.07654 0.00162589
-7.06505 0.00164036
-7.05357 0.00165497
-7.04208 0.00166971
-7.03059 0.00168458
-7.0191 0.00169959
-7.00761 0.00171474
-6.99612 0.00173002
-6.98463 0.00174545
-6.97314 0.00176101
-6.96165 0.00177672
-6.95016 0.00179257
-6.93867 0.00180856
-6.92718 0.0018247
-6.9157 0.00184099
-6.90421 0.00185743
-6.89272 0.00187402
-6.88123 0.00189076
-6.86974 0.00190765
-6.85825 0.0019247
-6.84676 0.0019419
-6.83527 0.00195926
-6.82378 0.00197678
-6.81229 0.00199447
-6.8008 0.00201231
-6.78931 0.00203031
-6.77783 0.00204849
-6.76634 0.00206682
-6.75485 0.00208533
-6.74336 0.00210401
-6.73187 0.00212286
-6.72038 0.00214188
-6.70889 0.00216107
-6.6974 0.00218044
-6.68591 0.00219999
-6.67442 0.00221972
-6.66293 0.00223964
-6.65144 0.00225973
-6.63996 0.00228001
-6.62847 0.00230048
-6.61698 0.00232113
-6.60549 0.00234197
-6.594 0.00236301
-6.58251 0.00238424
-6.57102 0.00240567
-6.55953 0.00242729
-6.54804 0.00244912
-6.53655 0.00247114
-6.52506 0.00249337
-6.51357 0.0025158
-6.50209 0.00253844
-6.4906 0.00256129
-6.47911 0.00258435
-6.46762 0.00260762
-6.45613 0.00263111
-6.44464 0.00265482
-6.43315 0.00267874
-6.42166 0.00270289
-6.41017 0.00272726
-6.39868 0.00275186
-6.38719 0.00277668
-6.3757 0.00280173
-6.36422 0.00282702
-6.35273 0.00285254
-6.34124 0.0028783
-6.32975 0.00290429
-6.31826 0.00293053
-6.30677 0.00295701
-6.29528 0.00298374
-6.28379 0.00301071
-6.2723 0.00303794
-6.26081 0.00306542
-6.24932 0.00309315
-6.23783 0.00312114
-6.22634 0.0031494
-6.21486 0.00317791
-6.20337 0.00320669
-6.19188 0.00323574
-6.18039 0.00326506
-6.1689 0.00329465
-6.15741 0.00332452
-6.14592 0.00335467
-6.13443 0.0033851
-6.12294 0.00341581
-6.11145 0.00344681
-6.09996 0.0034781
-6.08847 0.00350968
-6.07699 0.00354155
-6.0655 0.00357372
-6.05401 0.0036062
-6.04252 0.00363898
-6.03103 0.00367206
-6.01954 0.00370546
-6.00805 0.00373916
-5.99656 0.00377318
-5.98507 0.00380753
-5.97358 0.00384219
-5.96209 0.00387718
-5.9506 0.00391249
-5.93912 0.00394814
-5.92763 0.00398412
-5.91614 0.00402044
-5.90465 0.0040571
-5.89316 0.00409411
-5.88167 0.00413146
-5.87018 0.00416917
-5.85869 0.00420722
-5.8472 0.00424564
-5.83571 0.00428442
-5.82422 0.00432356
-5.81273 0.00436307
-5.80125 0.00440296
-5.78976 0.00444322
-5.77827 0.00448386
-5.76678 0.00452488
-5.75529 0.00456629
-5.7438 0.00460809
-5.73231 0.00465029
-5.72082 0.00469288
-5.70933 0.00473588
-5.69784 0.00477928
-5.68635 0.0048231
-5.67486 0.00486732
-5.66338 0.00491197
-5.65189 0.00495704
-5.6404 0.00500253
-5.62891 0.00504846
-5.61742 0.00509482
-5.60593 0.00514162
-5.59444 0.00518887
-5.58295 0.00523656
-5.57146 0.00528471
-5.55997 0.00533331
-5.54848 0.00538238
-5.53699 0.00543191
-5.52551 0.00548191
-5.51402 0.00553239
-5.50253 0.00558335
-5.49104 0.00563479
-5.47955 0.00568672
-5.46806 0.00573915
-5.45657 0.00579208
-5.44508 0.00584551
-5.43359 0.00589945
-5.4221 0.0059539
-5.41061 0.00600888
-5.39912 0.00606438
-5.38763 0.00612041
-5.37615 0.00617697
-5.36466 0.00623408
-5.35317 0.00629173
-5.34168 0.00634994
-5.33019 0.0064087
-5.3187 0.00646802
-5.30721 0.00652791
-5.29572 0.00658838
-5.28423 0.00664942
-5.27274 0.00671105
-5.26125 0.00677327
-5.24976 0.00683609
-5.23828 0.00689952
-5.22679 0.00696355
-5.2153 0.00702819
-5.20381 0.00709346
-5.19232 0.00715936
-5.18083 0.00722589
-5.16934 0.00729306
-5.15785 0.00736088
-5.14636 0.00742935
-5.13487 0.00749848
-5.12338 0.00756828
-5.11189 0.00763875
-5.10041 0.0077099
-5.08892 0.00778174
-5.07743 0.00785427
-5.06594 0.0079275
-5.05445 0.00800144
-5.04296 0.0080761
-5.03147 0.00815148
-5.01998 0.00822759
-5.00849 0.00830443
-4.997 0.00838202
-4.98551 0.00846037
-4.97402 0.00853947
-4.96254 0.00861934
-4.95105 0.00869998
-4.93956 0.00878141
-4.92807 0.00886363
-4.91658 0.00894665
-4.90509 0.00903048
-4.8936 0.00911512
-4.88211 0.00920059
-4.87062 0.00928688
-4.85913 0.00937402
-4.84764 0.00946201
-4.83615 0.00955086
-4.82467 0.00964057
-4.81318 0.00973116
-4.80169 0.00982264
-4.7902 0.009915
-4.77871 0.0100083
-4.76722 0.0101025
-4.75573 0.0101976
-4.74424 0.0102936
-4.73275 0.0103906
-4.72126 0.0104885
-4.70977 0.0105874
-4.69828 0.0106872
-4.6868 0.0107881
-4.67531 0.0108899
-4.66382 0.0109927
-4.65233 0.0110966
-4.64084 0.0112014
-4.62935 0.0113073
-4.61786 0.0114143
-4.60637 0.0115222
-4.59488 0.0116313
-4.58339 0.0117414
-4.5719 0.0118526
-4.56041 0.0119649
-4.54892 0.0120783
-4.53744 0.0121929
-4.52595 0.0123086
-4.51446 0.0124254
-4.50297 0.0125433
-4.49148 0.0126625
-4.47999 0.0127828
-4.4685 0.0129043
-4.45701 0.013027
-4.44552 0.0131509
-4.43403 0.0132761
-4.42254 0.0134025
-4.41105 0.0135301
-4.39957 0.0136591
-4.38808 0.0137893
-4.37659 0.0139208
-4.3651 0.0140536
-4.35361 0.0141877
-4.34212 0.0143232
-4.33063 0.01446
-4.31914 0.0145982
-4.30765 0.0147378
-4.29616 0.0148788
-4.28467 0.0150211
-4.27318 0.0151649
-4.2617 0.0153101
-4.25021 0.0154568
-4.23872 0.015605
-4.22723 0.0157546
-4.21574 0.0159058
-4.20425 0.0160584
-4.19276 0.0162126
-4.18127 0.0163684
-4.16978 0.0165257
-4.15829 0.0166845
-4.1468 0.016845
-4.13531 0.0170071
-4.12383 0.0171708
-4.11234 0.0173362
-4.10085 0.0175033
-4.08936 0.017672
-4.07787 0.0178424
-4.06638 0.0180146
-4.05489 0.0181885
-4.0434 0.0183642
-4.03191 0.0185416
-4.02042 0.0187208
-4.00893 0.0189019
-3.99744 0.0190848
-3.98596 0.0192695
-3.97447 0.0194561
-3.96298 0.0196446
-3.95149 0.019835
-3.94 0.0200274
-3.92851 0.0202217
-3.91702 0.020418
-3.90553 0.0206163
-3.89404 0.0208166
-3.88255 0.0210189
-3.87106 0.0212234
-3.85957 0.0214299
-3.84809 0.0216385
-3.8366 0.0218492
-3.82511 0.0220621
-3.81362 0.0222772
-3.80213 0.0224945
-3.79064 0.022714
-3.77915 0.0229358
-3.76766 0.0231598
-3.75617 0.0233862
-3.74468 0.0236148
-3.73319 0.0238458
-3.7217 0.0240792
-3.71021 0.024315
-3.69873 0.0245532
-3.68724 0.0247939
-3.67575 0.0250371
-3.66426 0.0252827
-3.65277 0.0255309
-3.64128 0.0257817
-3.62979 0.0260351
-3.6183 0.0262911
-3.60681 0.0265497
-3.59532 0.026811
-3.58383 0.027075
-3.57234 0.0273418
-3.56086 0.0276113
-3.54937 0.0278836
-3.53788 0.0281588
-3.52639 0.0284368
-3.5149 0.0287177
-3.50341 0.0290016
-3.49192 0.0292884
-3.48043 0.0295782
-3.46894 0.029871
-3.45745 0.0301668
-3.44596 0.0304658
-3.43447 0.0307679
-3.42299 0.0310731
-3.4115 0.0313816
-3.40001 0.0316932
-3.38852 0.0320082
-3.37703 0.0323264
-3.36554 0.032648
-3.35405 0.032973
-3.34256 0.0333014
-3.33107 0.0336332
-3.31958 0.0339685
-3.30809 0.0343074
-3.2966 0.0346498
-3.28512 0.0349959
-3.27363 0.0353456
-3.26214 0.0356989
-3.25065 0.0360561
-3.23916 0.036417
-3.22767 0.0367817
-3.21618 0.0371503
-3.20469 0.0375228
-3.1932 0.0378992
-3.18171 0.0382797
-3.17022 0.0386641
-3.15873 0.0390527
-3.14725 0.0394454
-3.13576 0.0398423
-3.12427 0.0402434
-3.11278 0.0406488
-3.10129 0.0410585
-3.0898 0.0414726
-3.07831 0.0418911
-3.06682 0.0423141
-3.05533 0.0427416
-3.04384 0.0431736
-3.03235 0.0436103
-3.02086 0.0440517
-3.00938 0.0444978
-2.99789 0.0449487
-2.9864 0.0454045
-2.97491 0.0458651
-2.96342 0.0463308
-2.95193 0.0468014
-2.94044 0.0472771
-2.92895 0.0477579
-2.91746 0.0482439
-2.90597 0.0487351
-2.89448 0.0492317
-2.88299 0.0497336
-2.8715 0.0502409
-2.86002 0.0507538
-2.84853 0.0512722
-2.83704 0.0517962
-2.82555 0.0523259
-2.81406 0.0528613
-2.80257 0.0534026
-2.79108 0.0539497
-2.77959 0.0545028
-2.7681 0.0550619
-2.75661 0.0556271
-2.74512 0.0561985
-2.73363 0.0567761
-2.72215 0.05736
-2.71066 0.0579503
-2.69917 0.058547
-2.68768 0.0591503
-2.67619 0.0597601
-2.6647 0.0603766
-2.65321 0.0609999
-2.64172 0.0616301
-2.63023 0.0622671
-2.61874 0.0629111
-2.60725 0.0635622
-2.59576 0.0642205
-2.58428 0.064886
-2.57279 0.0655588
-2.5613 0.066239
-2.54981 0.0669268
-2.53832 0.0676221
-2.52683 0.0683251
-2.51534 0.0690358
-2.50385 0.0697544
-2.49236 0.0704809
-2.48087 0.0712155
-2.46938 0.0719582
-2.45789 0.0727092
-2.44641 0.0734684
-2.43492 0.0742361
-2.42343 0.0750122
-2.41194 0.075797
-2.40045 0.0765905
-2.38896 0.0773929
-2.37747 0.0782041
-2.36598 0.0790244
-2.35449 0.0798537
-2.343 0.0806924
-2.33151 0.0815403
-2.32002 0.0823977
-2.30854 0.0832647
-2.29705 0.0841413
-2.28556 0.0850277
-2.27407 0.085924
-2.26258 0.0868303
-2.25109 0.0877468
-2.2396 0.0886734
-2.22811 0.0896105
-2.21662 0.090558
-2.20513 0.0915161
-2.19364 0.0924849
-2.18215 0.0934646
-2.17067 0.0944552
-2.15918 0.095457
-2.14769 0.0964699
-2.1362 0.0974942
-2.12471 0.09853
-2.11322 0.0995774
-2.10173 0.100637
-2.09024 0.101708
-2.07875 0.102791
-2.06726 0.103886
-2.05577 0.104993
-2.04428 0.106113
-2.03279 0.107246
-2.02131 0.108391
-2.00982 0.109549
-1.99833 0.11072
-1.98684 0.111904
-1.97535 0.113101
-1.96386 0.114312
-1.95237 0.115536
-1.94088 0.116774
-1.92939 0.118026
-1.9179 0.119292
-1.90641 0.120572
-1.89492 0.121867
-1.88344 0.123176
-1.87195 0.1245
-1.86046 0.125838
-1.84897 0.127191
-1.83748 0.12856
-1.82599 0.129944
-1.8145 0.131343
-1.80301 0.132758
-1.79152 0.134188
-1.78003 0.135635
-1.76854 0.137097
-1.75705 0.138576
-1.74557 0.140071
-1.73408 0.141583
-1.72259 0.143111
-1.7111 0.144656
-1.69961 0.146219
-1.68812 0.147798
-1.67663 0.149395
-1.66514 0.15101
-1.65365 0.152642
-1.64216 0.154292
-1.63067 0.155961
-1.61918 0.157647
-1.6077 0.159352
-1.59621 0.161075
-1.58472 0.162817
-1.57323 0.164578
-1.56174 0.166358
-1.55025 0.168157
-1.53876 0.169975
-1.52727 0.171813
-1.51578 0.17367
-1.50429 0.175547
-1.4928 0.177444
-1.48131 0.179361
-1.46983 0.181298
-1.45834 0.183256
-1.44685 0.185234
-1.43536 0.187233
-1.42387 0.189252
-1.41238 0.191292
-1.40089 0.193353
-1.3894 0.195436
-1.37791 0.197539
-1.36642 0.199664
-1.35493 0.201809
-1.34344 0.203977
-1.33196 0.206166
-1.32047 0.208376
-1.30898 0.210608
-1.29749 0.212862
-1.286 0.215138
-1.27451 0.217435
-1.26302 0.219755
-1.25153 0.222096
-1.24004 0.224459
-1.22855 0.226843
-1.21706 0.22925
-1.20557 0.231678
-1.19408 0.234128
-1.1826 0.2366
-1.17111 0.239094
-1.15962 0.241609
-1.14813 0.244145
-1.13664 0.246702
-1.12515 0.249281
-1.11366 0.251881
-1.10217 0.254501
-1.09068 0.257142
-1.07919 0.259803
-1.0677 0.262485
-1.05621 0.265186
-1.04473 0.267907
-1.03324 0.270647
-1.02175 0.273405
-1.01026 0.276182
-0.998769 0.278977
-0.98728 0.28179
-0.975791 0.284619
-0.964301 0.287466
-0.952812 0.290328
-0.941323 0.293205
-0.929834 0.296097
-0.918345 0.299003
-0.906856 0.301923
-0.895366 0.304855
-0.883877 0.307799
-0.872388 0.310753
-0.860899 0.313718
-0.84941 0.316692
-0.83792 0.319673
-0.826431 0.322662
-0.814942 0.325656
-0.803453 0.328656
-0.791964 0.331658
-0.780475 0.334663
-0.768985 0.337668
-0.757496 0.340673
-0.746007 0.343675
-0.734518 0.346674
-0.723029 0.349668
-0.71154 0.352655
-0.70005 0.355632
-0.688561 0.3586
-0.677072 0.361554
-0.665583 0.364495
-0.654094 0.367418
-0.642604 0.370324
-0.631115 0.373208
-0.619626 0.376069
-0.608137 0.378905
-0.596648 0.381712
-0.585159 0.38449
-0.573669 0.387234
-0.56218 0.389943
-0.550691 0.392614
-0.539202 0.395243
-0.527713 0.397829
-0.516223 0.400368
-0.504734 0.402857
-0.493245 0.405293
-0.481756 0.407673
-0.470267 0.409994
-0.458778 0.412253
-0.447288 0.414446
-0.435799 0.416571
-0.42431 0.418623
-0.412821 0.420601
-0.401332 0.4225
-0.389843 0.424317
-0.378353 0.426048
-0.366864 0.427691
-0.355375 0.429242
-0.343886 0.430698
-0.332397 0.432056
-0.320907 0.433312
-0.309418 0.434464
-0.297929 0.435507
-0.28644 0.43644
-0.274951 0.43726
-0.263462 0.437963
-0.251972 0.438547
-0.240483 0.439009
-0.228994 0.439348
-0.217505 0.43956
-0.206016 0.439644
-0.194527 0.439598
-0.183037 0.43942
-0.171548 0.439108
-0.160059 0.438661
-0.14857 0.438078
-0.137081 0.437359
-0.125591 0.436501
-0.114102 0.435506
-0.102613 0.434372
-0.0911239 0.4331
-0.0796347 0.431691
-0.0681455 0.430143
-0.0566564 0.428459
-0.0451672 0.426639
-0.033678 0.424685
-0.0221888 0.422598
-0.0106997 0.42038
0.000789519 0.418033
0.0122787 0.415558
0.0237679 0.41296
0.0352571 0.41024
0.0467462 0.407401
0.0582354 0.404446
0.0697246 0.401379
0.0812138 0.398203
0.0927029 0.394922
0.104192 0.39154
0.115681 0.38806
0.12717 0.384487
0.13866 0.380824
0.150149 0.377077
0.161638 0.37325
0.173127 0.369346
0.184616 0.36537
0.196106 0.361328
0.207595 0.357224
0.219084 0.353061
0.230573 0.348846
0.242062 0.344581
0.253551 0.340273
0.265041 0.335925
0.27653 0.331543
0.288019 0.327129
0.299508 0.322689
0.310997 0.318227
0.322487 0.313747
0.333976 0.309254
0.345465 0.30475
0.356954 0.300241
0.368443 0.295729
0.379932 0.291218
0.391422 0.286713
0.402911 0.282216
0.4144 0.27773
0.425889 0.273259
0.437378 0.268805
0.448867 0.264372
0.460357 0.259962
0.471846 0.255578
0.483335 0.251222
0.494824 0.246896
0.506313 0.242603
0.517803 0.238344
0.529292 0.234122
0.540781 0.229939
0.55227 0.225795
0.563759 0.221693
0.575248 0.217634
0.586738 0.213618
0.598227 0.209649
0.609716 0.205726
0.621205 0.20185
0.632694 0.198023
0.644183 0.194245
0.655673 0.190516
0.667162 0.186838
0.678651 0.183211
0.69014 0.179636
0.701629 0.176112
0.713119 0.17264
0.724608 0.16922
0.736097 0.165853
0.747586 0.162538
0.759075 0.159275
0.770564 0.156065
0.782054 0.152908
0.793543 0.149802
0.805032 0.146749
0.816521 0.143747
0.82801 0.140797
0.8395 0.137898
0.850989 0.13505
0.862478 0.132253
0.873967 0.129505
0.885456 0.126808
0.896945 0.124159
0.908435 0.12156
0.919924 0.119008
0.931413 0.116504
0.942902 0.114048
0.954391 0.111638
0.96588 0.109274
0.97737 0.106955
0.988859 0.104682
1.00035 0.102453
1.01184 0.100267
1.02333 0.0981245
1.03482 0.0960244
1.0463 0.093966
1.05779 0.0919489
1.06928 0.0899722
1.08077 0.0880355
1.09226 0.086138
1.10375 0.0842791
1.11524 0.0824582
1.12673 0.0806747
1.13822 0.0789278
1.14971 0.0772171
1.1612 0.0755417
1.17269 0.0739013
1.18417 0.072295
1.19566 0.0707223
1.20715 0.0691826
1.21864 0.0676753
1.23013 0.0661998
1.24162 0.0647554
1.25311 0.0633416
1.2646 0.0619579
1.27609 0.0606036
1.28758 0.0592782
1.29907 0.0579811
1.31056 0.0567117
1.32204 0.0554696
1.33353 0.0542542
1.34502 0.0530649
1.35651 0.0519012
1.368 0.0507627
1.37949 0.0496488
1.39098 0.048559
1.40247 0.0474928
1.41396 0.0464497
1.42545 0.0454293
1.43694 0.0444312
1.44843 0.0434547
1.45992 0.0424996
1.4714 0.0415652
1.48289 0.0406513
1.49438 0.0397574
1.50587 0.038883
1.51736 0.0380278
1.52885 0.0371914
1.54034 0.0363732
1.55183 0.0355731
1.56332 0.0347905
1.57481 0.0340251
1.5863 0.0332765
1.59779 0.0325444
1.60927 0.0318285
1.62076 0.0311283
1.63225 0.0304435
1.64374 0.0297738
1.65523 0.0291189
1.66672 0.0284785
1.67821 0.0278521
1.6897 0.0272397
1.70119 0.0266407
1.71268 0.026055
1.72417 0.0254822
1.73566 0.024922
1.74714 0.0243743
1.75863 0.0238387
1.77012 0.0233149
1.78161 0.0228027
1.7931 0.0223018
1.80459 0.021812
1.81608 0.0213331
1.82757 0.0208647
1.83906 0.0204067
1.85055 0.0199589
1.86204 0.019521
1.87353 0.0190927
1.88501 0.018674
1.8965 0.0182645
1.90799 0.0178641
1.91948 0.0174725
1.93097 0.0170896
1.94246 0.0167152
1.95395 0.0163491
1.96544 0.015991
1.97693 0.0156409
1.98842 0.0152986
1.99991 0.0149638
2.0114 0.0146364
2.02288 0.0143163
2.03437 0.0140032
2.04586 0.0136971
2.05735 0.0133977
2.06884 0.013105
2.08033 0.0128187
2.09182 0.0125388
2.10331 0.012265
2.1148 0.0119973
2.12629 0.0117355
2.13778 0.0114795
2.14927 0.0112292
2.16075 0.0109843
2.17224 0.0107449
2.18373 0.0105108
2.19522 0.0102818
2.20671 0.0100579
2.2182 0.00983889
2.22969 0.00962474
2.24118 0.00941531
2.25267 0.00921049
2.26416 0.00901019
2.27565 0.0088143
2.28714 0.00862272
2.29863 0.00843536
2.31011 0.00825213
2.3216 0.00807293
2.33309 0.00789767
2.34458 0.00772627
2.35607 0.00755863
2.36756 0.00739469
2.37905 0.00723434
2.39054 0.00707752
2.40203 0.00692414
2.41352 0.00677413
2.42501 0.00662742
2.4365 0.00648392
2.44798 0.00634358
2.45947 0.00620631
2.47096 0.00607205
2.48245 0.00594074
2.49394 0.0058123
2.50543 0.00568668
2.51692 0.00556381
2.52841 0.00544363
2.5399 0.00532608
2.55139 0.00521111
2.56288 0.00509864
2.57437 0.00498864
2.58585 0.00488105
2.59734 0.0047758
2.60883 0.00467286
2.62032 0.00457216
2.63181 0.00447367
2.6433 0.00437732
2.65479 0.00428308
2.66628 0.00419089
2.67777 0.00410071
2.68926 0.0040125
2.70075 0.00392621
2.71224 0.00384181
2.72372 0.00375924
2.73521 0.00367847
2.7467 0.00359945
2.75819 0.00352216
2.76968 0.00344655
