-83.8552 9.9828e-05
-83.7667 0.000100598
-83.6782 0.000101375
-83.5897 0.000102157
-83.5012 0.000102945
-83.4127 0.000103739
-83.3243 0.00010454
-83.2358 0.000105346
-83.1473 0.000106159
-83.0588 0.000106978
-82.9703 0.000107803
-82.8818 0.000108634
-82.7933 0.000109472
-82.7048 0.000110316
-82.6163 0.000111167
-82.5278 0.000112024
-82.4394 0.000112888
-82.3509 0.000113758
-82.2624 0.000114635
-82.1739 0.000115519
-82.0854 0.000116409
-81.9969 0.000117306
-81.9084 0.000118211
-81.8199 0.000119122
-81.7314 0.00012004
-81.6429 0.000120965
-81.5545 0.000121897
-81.466 0.000122836
-81.3775 0.000123782
-81.289 0.000124736
-81.2005 0.000125697
-81.112 0.000126665
-81.0235 0.000127641
-80.935 0.000128624
-80.8465 0.000129615
-80.758 0.000130613
-80.6695 0.000131619
-80.5811 0.000132632
-80.4926 0.000133654
-80.4041 0.000134683
-80.3156 0.00013572
-80.2271 0.000136764
-80.1386 0.000137817
-80.0501 0.000138878
-79.9616 0.000139947
-79.8731 0.000141024
-79.7846 0.000142109
-79.6962 0.000143203
-79.6077 0.000144305
-79.5192 0.000145415
-79.4307 0.000146534
-79.3422 0.000147662
-79.2537 0.000148798
-79.1652 0.000149942
-79.0767 0.000151096
-78.9882 0.000152258
-78.8997 0.000153429
-78.8113 0.000154609
-78.7228 0.000155798
-78.6343 0.000156996
-78.5458 0.000158203
-78.4573 0.000159419
-78.3688 0.000160645
-78.2803 0.00016188
-78.1918 0.000163124
-78.1033 0.000164378
-78.0148 0.000165642
-77.9264 0.000166915
-77.8379 0.000168197
-77.7494 0.00016949
-77.6609 0.000170792
-77.5724 0.000172105
-77.4839 0.000173427
-77.3954 0.000174759
-77.3069 0.000176102
-77.2184 0.000177455
-77.1299 0.000178818
-77.0414 0.000180191
-76.953 0.000181575
-76.8645 0.000182969
-76.776 0.000184374
-76.6875 0.00018579
-76.599 0.000187216
-76.5105 0.000188654
-76.422 0.000190102
-76.3335 0.000191561
-76.245 0.000193032
-76.1565 0.000194513
-76.0681 0.000196006
-75.9796 0.00019751
-75.8911 0.000199026
-75.8026 0.000200553
-75.7141 0.000202092
-75.6256 0.000203642
-75.5371 0.000205204
-75.4486 0.000206778
-75.3601 0.000208364
-75.2716 0.000209962
-75.1832 0.000211573
-75.0947 0.000213195
-75.0062 0.00021483
-74.9177 0.000216477
-74.8292 0.000218137
-74.7407 0.000219809
-74.6522 0.000221494
-74.5637 0.000223192
-74.4752 0.000224903
-74.3867 0.000226627
-74.2983 0.000228363
-74.2098 0.000230113
-74.1213 0.000231877
-74.0328 0.000233653
-73.9443 0.000235443
-73.8558 0.000237247
-73.7673 0.000239064
-73.6788 0.000240896
-73.5903 0.000242741
-73.5018 0.0002446
-73.4133 0.000246473
-73.3249 0.00024836
-73.2364 0.000250262
-73.1479 0.000252178
-73.0594 0.000254108
-72.9709 0.000256054
-72.8824 0.000258014
-72.7939 0.000259988
-72.7054 0.000261978
-72.6169 0.000263983
-72.5284 0.000266003
-72.44 0.000268038
-72.3515 0.000270089
-72.263 0.000272155
-72.1745 0.000274237
-72.086 0.000276335
-71.9975 0.000278449
-71.909 0.000280578
-71.8205 0.000282724
-71.732 0.000284886
-71.6435 0.000287064
-71.5551 0.000289259
-71.4666 0.00029147
-71.3781 0.000293698
-71.2896 0.000295943
-71.2011 0.000298205
-71.1126 0.000300484
-71.0241 0.000302781
-70.9356 0.000305094
-70.8471 0.000307425
-70.7586 0.000309774
-70.6702 0.000312141
-70.5817 0.000314525
-70.4932 0.000316928
-70.4047 0.000319348
-70.3162 0.000321787
-70.2277 0.000324244
-70.1392 0.00032672
-70.0507 0.000329215
-69.9622 0.000331728
-69.8737 0.00033426
-69.7852 0.000336812
-69.6968 0.000339383
-69.6083 0.000341973
-69.5198 0.000344582
-69.4313 0.000347212
-69.3428 0.000349861
-69.2543 0.00035253
-69.1658 0.00035522
-69.0773 0.000357929
-68.9888 0.000360659
-68.9003 0.00036341
-68.8119 0.000366181
-68.7234 0.000368974
-68.6349 0.000371787
-68.5464 0.000374622
-68.4579 0.000377478
-68.3694 0.000380355
-68.2809 0.000383254
-68.1924 0.000386175
-68.1039 0.000389118
-68.0154 0.000392083
-67.927 0.000395071
-67.8385 0.000398081
-67.75 0.000401113
-67.6615 0.000404169
-67.573 0.000407247
-67.4845 0.000410349
-67.396 0.000413474
-67.3075 0.000416622
-67.219 0.000419795
-67.1305 0.000422991
-67.0421 0.000426211
-66.9536 0.000429455
-66.8651 0.000432724
-66.7766 0.000436017
-66.6881 0.000439335
-66.5996 0.000442678
-66.5111 0.000446046
-66.4226 0.00044944
-66.3341 0.000452859
-66.2456 0.000456303
-66.1571 0.000459774
-66.0687 0.000463271
-65.9802 0.000466793
-65.8917 0.000470343
-65.8032 0.000473919
-65.7147 0.000477522
-65.6262 0.000481151
-65.5377 0.000484809
-65.4492 0.000488493
-65.3607 0.000492205
-65.2722 0.000495945
-65.1838 0.000499713
-65.0953 0.00050351
-65.0068 0.000507335
-64.9183 0.000511188
-64.8298 0.000515071
-64.7413 0.000518982
-64.6528 0.000522923
-64.5643 0.000526894
-64.4758 0.000530894
-64.3873 0.000534924
-64.2989 0.000538984
-64.2104 0.000543075
-64.1219 0.000547196
-64.0334 0.000551349
-63.9449 0.000555532
-63.8564 0.000559747
-63.7679 0.000563993
-63.6794 0.000568271
-63.5909 0.000572581
-63.5024 0.000576923
-63.414 0.000581298
-63.3255 0.000585705
-63.237 0.000590146
-63.1485 0.000594619
-63.06 0.000599127
-62.9715 0.000603667
-62.883 0.000608242
-62.7945 0.000612851
-62.706 0.000617494
-62.6175 0.000622172
-62.529 0.000626886
-62.4406 0.000631634
-62.3521 0.000636417
-62.2636 0.000641237
-62.1751 0.000646092
-62.0866 0.000650984
-61.9981 0.000655912
-61.9096 0.000660877
-61.8211 0.000665879
-61.7326 0.000670918
-61.6441 0.000675995
-61.5557 0.00068111
-61.4672 0.000686263
-61.3787 0.000691454
-61.2902 0.000696684
-61.2017 0.000701953
-61.1132 0.000707262
-61.0247 0.00071261
-60.9362 0.000717997
-60.8477 0.000723425
-60.7592 0.000728894
-60.6708 0.000734403
-60.5823 0.000739953
-60.4938 0.000745544
-60.4053 0.000751177
-60.3168 0.000756852
-60.2283 0.000762569
-60.1398 0.000768329
-60.0513 0.000774131
-59.9628 0.000779977
-59.8743 0.000785866
-59.7859 0.000791799
-59.6974 0.000797776
-59.6089 0.000803797
-59.5204 0.000809863
-59.4319 0.000815975
-59.3434 0.000822131
-59.2549 0.000828334
-59.1664 0.000834582
-59.0779 0.000840877
-58.9894 0.000847219
-58.901 0.000853607
-58.8125 0.000860044
-58.724 0.000866527
-58.6355 0.000873059
-58.547 0.00087964
-58.4585 0.000886269
-58.37 0.000892947
-58.2815 0.000899675
-58.193 0.000906453
-58.1045 0.000913281
-58.016 0.00092016
-57.9276 0.000927089
-57.8391 0.00093407
-57.7506 0.000941103
-57.6621 0.000948187
-57.5736 0.000955325
-57.4851 0.000962515
-57.3966 0.000969758
-57.3081 0.000977055
-57.2196 0.000984405
-57.1311 0.00099181
-57.0427 0.00099927
-56.9542 0.00100679
-56.8657 0.00101436
-56.7772 0.00102198
-56.6887 0.00102967
-56.6002 0.00103741
-56.5117 0.0010452
-56.4232 0.00105306
-56.3347 0.00106097
-56.2462 0.00106894
-56.1578 0.00107697
-56.0693 0.00108506
-55.9808 0.00109321
-55.8923 0.00110142
-55.8038 0.00110969
-55.7153 0.00111802
-55.6268 0.00112641
-55.5383 0.00113486
-55.4498 0.00114338
-55.3613 0.00115196
-55.2729 0.0011606
-55.1844 0.0011693
-55.0959 0.00117807
-55.0074 0.00118691
-54.9189 0.00119581
-54.8304 0.00120477
-54.7419 0.0012138
-54.6534 0.0012229
-54.5649 0.00123206
-54.4764 0.0012413
-54.3879 0.0012506
-54.2995 0.00125996
-54.211 0.0012694
-54.1225 0.00127891
-54.034 0.00128848
-53.9455 0.00129813
-53.857 0.00130785
-53.7685 0.00131763
-53.68 0.00132749
-53.5915 0.00133743
-53.503 0.00134743
-53.4146 0.00135751
-53.3261 0.00136766
-53.2376 0.00137789
-53.1491 0.00138819
-53.0606 0.00139857
-52.9721 0.00140903
-52.8836 0.00141956
-52.7951 0.00143016
-52.7066 0.00144085
-52.6181 0.00145161
-52.5297 0.00146245
-52.4412 0.00147338
-52.3527 0.00148438
-52.2642 0.00149546
-52.1757 0.00150662
-52.0872 0.00151787
-51.9987 0.00152919
-51.9102 0.0015406
-51.8217 0.0015521
-51.7332 0.00156367
-51.6448 0.00157534
-51.5563 0.00158708
-51.4678 0.00159891
-51.3793 0.00161083
-51.2908 0.00162284
-51.2023 0.00163493
-51.1138 0.00164711
-51.0253 0.00165938
-50.9368 0.00167174
-50.8483 0.00168419
-50.7598 0.00169673
-50.6714 0.00170937
-50.5829 0.00172209
-50.4944 0.00173491
-50.4059 0.00174782
-50.3174 0.00176082
-50.2289 0.00177392
-50.1404 0.00178711
-50.0519 0.0018004
-49.9634 0.00181379
-49.8749 0.00182727
-49.7865 0.00184085
-49.698 0.00185453
-49.6095 0.00186831
-49.521 0.00188219
-49.4325 0.00189617
-49.344 0.00191026
-49.2555 0.00192444
-49.167 0.00193873
-49.0785 0.00195312
-48.99 0.00196761
-48.9016 0.00198221
-48.8131 0.00199692
-48.7246 0.00201173
-48.6361 0.00202665
-48.5476 0.00204168
-48.4591 0.00205681
-48.3706 0.00207206
-48.2821 0.00208742
-48.1936 0.00210288
-48.1051 0.00211846
-48.0167 0.00213415
-47.9282 0.00214996
-47.8397 0.00216588
-47.7512 0.00218191
-47.6627 0.00219806
-47.5742 0.00221433
-47.4857 0.00223071
-47.3972 0.00224721
-47.3087 0.00226383
-47.2202 0.00228057
-47.1317 0.00229744
-47.0433 0.00231442
-46.9548 0.00233152
-46.8663 0.00234875
-46.7778 0.0023661
-46.6893 0.00238358
-46.6008 0.00240118
-46.5123 0.00241891
-46.4238 0.00243677
-46.3353 0.00245476
-46.2468 0.00247287
-46.1584 0.00249112
-46.0699 0.00250949
-45.9814 0.002528
-45.8929 0.00254664
-45.8044 0.00256541
-45.7159 0.00258432
-45.6274 0.00260337
-45.5389 0.00262255
-45.4504 0.00264187
-45.3619 0.00266132
-45.2735 0.00268092
-45.185 0.00270066
-45.0965 0.00272053
-45.008 0.00274055
-44.9195 0.00276072
-44.831 0.00278103
-44.7425 0.00280148
-44.654 0.00282208
-44.5655 0.00284282
-44.477 0.00286372
-44.3886 0.00288476
-44.3001 0.00290595
-44.2116 0.0029273
-44.1231 0.00294879
-44.0346 0.00297044
-43.9461 0.00299224
-43.8576 0.0030142
-43.7691 0.00303632
-43.6806 0.00305859
-43.5921 0.00308102
-43.5036 0.00310361
-43.4152 0.00312637
-43.3267 0.00314928
-43.2382 0.00317235
-43.1497 0.00319559
-43.0612 0.003219
-42.9727 0.00324257
-42.8842 0.00326631
-42.7957 0.00329022
-42.7072 0.00331429
-42.6187 0.00333854
-42.5303 0.00336296
-42.4418 0.00338755
-42.3533 0.00341231
-42.2648 0.00343725
-42.1763 0.00346237
-42.0878 0.00348766
-41.9993 0.00351314
-41.9108 0.00353879
-41.8223 0.00356463
-41.7338 0.00359064
-41.6454 0.00361684
-41.5569 0.00364323
-41.4684 0.0036698
-41.3799 0.00369656
-41.2914 0.0037235
-41.2029 0.00375064
-41.1144 0.00377797
-41.0259 0.00380549
-40.9374 0.0038332
-40.8489 0.00386111
-40.7605 0.00388921
-40.672 0.00391752
-40.5835 0.00394602
-40.495 0.00397472
-40.4065 0.00400362
-40.318 0.00403272
-40.2295 0.00406203
-40.141 0.00409155
-40.0525 0.00412127
-39.964 0.00415119
-39.8755 0.00418133
-39.7871 0.00421168
-39.6986 0.00424224
-39.6101 0.00427302
-39.5216 0.00430401
-39.4331 0.00433521
-39.3446 0.00436663
-39.2561 0.00439828
-39.1676 0.00443014
-39.0791 0.00446223
-38.9906 0.00449453
-38.9022 0.00452707
-38.8137 0.00455983
-38.7252 0.00459281
-38.6367 0.00462603
-38.5482 0.00465948
-38.4597 0.00469316
-38.3712 0.00472707
-38.2827 0.00476122
-38.1942 0.00479561
-38.1057 0.00483023
-38.0173 0.0048651
-37.9288 0.0049002
-37.8403 0.00493555
-37.7518 0.00497114
-37.6633 0.00500698
-37.5748 0.00504307
-37.4863 0.0050794
-37.3978 0.00511599
-37.3093 0.00515283
-37.2208 0.00518992
-37.1324 0.00522727
-37.0439 0.00526487
-36.9554 0.00530274
-36.8669 0.00534086
-36.7784 0.00537925
-36.6899 0.0054179
-36.6014 0.00545681
-36.5129 0.005496
-36.4244 0.00553545
-36.3359 0.00557517
-36.2474 0.00561517
-36.159 0.00565544
-36.0705 0.00569598
-35.982 0.0057368
-35.8935 0.0057779
-35.805 0.00581928
-35.7165 0.00586095
-35.628 0.00590289
-35.5395 0.00594513
-35.451 0.00598765
-35.3625 0.00603046
-35.2741 0.00607356
-35.1856 0.00611696
-35.0971 0.00616065
-35.0086 0.00620464
-34.9201 0.00624893
-34.8316 0.00629351
-34.7431 0.0063384
-34.6546 0.0063836
-34.5661 0.0064291
-34.4776 0.00647491
-34.3892 0.00652102
-34.3007 0.00656745
-34.2122 0.0066142
-34.1237 0.00666125
-34.0352 0.00670863
-33.9467 0.00675633
-33.8582 0.00680434
-33.7697 0.00685268
-33.6812 0.00690135
-33.5927 0.00695034
-33.5043 0.00699966
-33.4158 0.00704931
-33.3273 0.0070993
-33.2388 0.00714962
-33.1503 0.00720027
-33.0618 0.00725127
-32.9733 0.00730261
-32.8848 0.00735429
-32.7963 0.00740631
-32.7078 0.00745868
-32.6193 0.00751141
-32.5309 0.00756448
-32.4424 0.00761791
-32.3539 0.00767169
-32.2654 0.00772583
-32.1769 0.00778032
-32.0884 0.00783518
-31.9999 0.00789041
-31.9114 0.007946
-31.8229 0.00800196
-31.7344 0.00805828
-31.646 0.00811498
-31.5575 0.00817206
-31.469 0.00822951
-31.3805 0.00828734
-31.292 0.00834555
-31.2035 0.00840414
-31.115 0.00846312
-31.0265 0.00852249
-30.938 0.00858224
-30.8495 0.00864239
-30.7611 0.00870293
-30.6726 0.00876387
-30.5841 0.00882521
-30.4956 0.00888694
-30.4071 0.00894908
-30.3186 0.00901163
-30.2301 0.00907458
-30.1416 0.00913794
-30.0531 0.00920172
-29.9646 0.00926591
-29.8762 0.00933051
-29.7877 0.00939553
-29.6992 0.00946098
-29.6107 0.00952685
-29.5222 0.00959314
-29.4337 0.00965986
-29.3452 0.00972702
-29.2567 0.0097946
-29.1682 0.00986262
-29.0797 0.00993108
-28.9913 0.00999998
-28.9028 0.0100693
-28.8143 0.0101391
-28.7258 0.0102093
-28.6373 0.01028
-28.5488 0.0103511
-28.4603 0.0104227
-28.3718 0.0104948
-28.2833 0.0105673
-28.1948 0.0106402
-28.1063 0.0107136
-28.0179 0.0107875
-27.9294 0.0108619
-27.8409 0.0109367
-27.7524 0.011012
-27.6639 0.0110878
-27.5754 0.0111641
-27.4869 0.0112408
-27.3984 0.011318
-27.3099 0.0113957
-27.2214 0.0114739
-27.133 0.0115526
-27.0445 0.0116317
-26.956 0.0117114
-26.8675 0.0117916
-26.779 0.0118722
-26.6905 0.0119534
-26.602 0.0120351
-26.5135 0.0121172
-26.425 0.0121999
-26.3365 0.0122831
-26.2481 0.0123668
-26.1596 0.0124511
-26.0711 0.0125358
-25.9826 0.0126211
-25.8941 0.0127069
-25.8056 0.0127932
-25.7171 0.01288
-25.6286 0.0129674
-25.5401 0.0130553
-25.4516 0.0131438
-25.3632 0.0132327
-25.2747 0.0133223
-25.1862 0.0134123
-25.0977 0.0135029
-25.0092 0.0135941
-24.9207 0.0136858
-24.8322 0.0137781
-24.7437 0.0138709
-24.6552 0.0139643
-24.5667 0.0140582
-24.4782 0.0141527
-24.3898 0.0142478
-24.3013 0.0143434
-24.2128 0.0144396
-24.1243 0.0145364
-24.0358 0.0146337
-23.9473 0.0147316
-23.8588 0.0148301
-23.7703 0.0149292
-23.6818 0.0150289
-23.5933 0.0151291
-23.5049 0.0152299
-23.4164 0.0153314
-23.3279 0.0154334
-23.2394 0.015536
-23.1509 0.0156392
-23.0624 0.015743
-22.9739 0.0158474
-22.8854 0.0159524
-22.7969 0.016058
-22.7084 0.0161642
-22.62 0.016271
-22.5315 0.0163785
-22.443 0.0164865
-22.3545 0.0165952
-22.266 0.0167045
-22.1775 0.0168144
-22.089 0.0169249
-22.0005 0.017036
-21.912 0.0171478
-21.8235 0.0172602
-21.7351 0.0173732
-21.6466 0.0174869
-21.5581 0.0176012
-21.4696 0.0177161
-21.3811 0.0178316
-21.2926 0.0179478
-21.2041 0.0180647
-21.1156 0.0181821
-21.0271 0.0183003
-20.9386 0.018419
-20.8501 0.0185384
-20.7617 0.0186585
-20.6732 0.0187792
-20.5847 0.0189005
-20.4962 0.0190225
-20.4077 0.0191452
-20.3192 0.0192685
-20.2307 0.0193925
-20.1422 0.0195171
-20.0537 0.0196424
-19.9652 0.0197683
-19.8768 0.0198949
-19.7883 0.0200222
-19.6998 0.0201501
-19.6113 0.0202787
-19.5228 0.020408
-19.4343 0.0205379
-19.3458 0.0206685
-19.2573 0.0207997
-19.1688 0.0209316
-19.0803 0.0210642
-18.9919 0.0211975
-18.9034 0.0213314
-18.8149 0.021466
-18.7264 0.0216012
-18.6379 0.0217372
-18.5494 0.0218738
-18.4609 0.0220111
-18.3724 0.022149
-18.2839 0.0222876
-18.1954 0.0224269
-18.107 0.0225669
-18.0185 0.0227075
-17.93 0.0228488
-17.8415 0.0229907
-17.753 0.0231334
-17.6645 0.0232767
-17.576 0.0234207
-17.4875 0.0235653
-17.399 0.0237106
-17.3105 0.0238566
-17.222 0.0240032
-17.1336 0.0241505
-17.0451 0.0242985
-16.9566 0.0244471
-16.8681 0.0245964
-16.7796 0.0247463
-16.6911 0.0248969
-16.6026 0.0250481
-16.5141 0.0252
-16.4256 0.0253526
-16.3371 0.0255058
-16.2487 0.0256596
-16.1602 0.0258141
-16.0717 0.0259692
-15.9832 0.026125
-15.8947 0.0262814
-15.8062 0.0264384
-15.7177 0.0265961
-15.6292 0.0267544
-15.5407 0.0269133
-15.4522 0.0270728
-15.3638 0.0272329
-15.2753 0.0273937
-15.1868 0.0275551
-15.0983 0.027717
-15.0098 0.0278796
-14.9213 0.0280427
-14.8328 0.0282064
-14.7443 0.0283708
-14.6558 0.0285357
-14.5673 0.0287011
-14.4789 0.0288672
-14.3904 0.0290338
-14.3019 0.0292009
-14.2134 0.0293686
-14.1249 0.0295368
-14.0364 0.0297056
-13.9479 0.0298749
-13.8594 0.0300447
-13.7709 0.030215
-13.6824 0.0303859
-13.5939 0.0305572
-13.5055 0.030729
-13.417 0.0309013
-13.3285 0.0310741
-13.24 0.0312473
-13.1515 0.031421
-13.063 0.0315951
-12.9745 0.0317696
-12.886 0.0319446
-12.7975 0.03212
-12.709 0.0322958
-12.6206 0.0324719
-12.5321 0.0326485
-12.4436 0.0328254
-12.3551 0.0330026
-12.2666 0.0331802
-12.1781 0.0333581
-12.0896 0.0335363
-12.0011 0.0337148
-11.9126 0.0338936
-11.8241 0.0340727
-11.7357 0.034252
-11.6472 0.0344315
-11.5587 0.0346112
-11.4702 0.0347912
-11.3817 0.0349713
-11.2932 0.0351516
-11.2047 0.035332
-11.1162 0.0355126
-11.0277 0.0356933
-10.9392 0.035874
-10.8508 0.0360548
-10.7623 0.0362357
-10.6738 0.0364166
-10.5853 0.0365974
-10.4968 0.0367783
-10.4083 0.0369591
-10.3198 0.0371398
-10.2313 0.0373204
-10.1428 0.0375009
-10.0543 0.0376812
-9.96585 0.0378614
-9.87736 0.0380413
-9.78887 0.038221
-9.70038 0.0384004
-9.61189 0.0385795
-9.5234 0.0387583
-9.43491 0.0389367
-9.34642 0.0391147
-9.25793 0.0392923
-9.16944 0.0394694
-9.08095 0.0396459
-8.99246 0.039822
-8.90397 0.0399974
-8.81548 0.0401722
-8.72699 0.0403463
-8.6385 0.0405197
-8.55001 0.0406924
-8.46152 0.0408642
-8.37303 0.0410352
-8.28453 0.0412052
-8.19604 0.0413744
-8.10755 0.0415425
-8.01906 0.0417095
-7.93057 0.0418755
-7.84208 0.0420403
-7.75359 0.0422038
-7.6651 0.0423661
-7.57661 0.042527
-7.48812 0.0426864
-7.39963 0.0428445
-7.31114 0.0430009
-7.22265 0.0431557
-7.13416 0.0433089
-7.04567 0.0434603
-6.95718 0.0436098
-6.86869 0.0437574
-6.7802 0.043903
-6.69171 0.0440465
-6.60322 0.0441878
-6.51473 0.0443269
-6.42624 0.0444636
-6.33775 0.0445978
-6.24926 0.0447295
-6.16077 0.0448585
-6.07228 0.0449847
-5.98379 0.045108
-5.8953 0.0452284
-5.80681 0.0453456
-5.71832 0.0454595
-5.62983 0.0455701
-5.54134 0.0456771
-5.45285 0.0457805
-5.36436 0.0458802
-5.27587 0.0459758
-5.18738 0.0460674
-5.09889 0.0461547
-5.0104 0.0462375
-4.92191 0.0463158
-4.83342 0.0463892
-4.74493 0.0464577
-4.65644 0.046521
-4.56794 0.0465789
-4.47945 0.0466312
-4.39096 0.0466776
-4.30247 0.046718
-4.21398 0.0467521
-4.12549 0.0467796
-4.037 0.0468002
-3.94851 0.0468137
-3.86002 0.0468197
-3.77153 0.046818
-3.68304 0.0468082
-3.59455 0.04679
-3.50606 0.046763
-3.41757 0.0467268
-3.32908 0.046681
-3.24059 0.0466251
-3.1521 0.0465588
-3.06361 0.0464814
-2.97512 0.0463926
-2.88663 0.0462917
-2.79814 0.0461782
-2.70965 0.0460515
-2.62116 0.0459108
-2.53267 0.0457554
-2.44418 0.0455847
-2.35569 0.0453977
-2.2672 0.0451936
-2.17871 0.0449714
-2.09022 0.0447301
-2.00173 0.0444686
-1.91324 0.0441856
-1.82475 0.0438799
-1.73626 0.0435501
-1.64777 0.0431945
-1.55928 0.0428114
-1.47079 0.042399
-1.3823 0.0419553
-1.29381 0.041478
-1.20532 0.0409647
-1.11683 0.0404128
-1.02834 0.0398192
-0.939845 0.0391811
-0.851355 0.038495
-0.762865 0.0377575
-0.674374 0.0369652
-0.585884 0.0361146
-0.497394 0.0352026
-0.408904 0.034227
-0.320414 0.0331865
-0.231923 0.0320813
-0.143433 0.0309142
-0.0549428 0.0296901
0.0335474 0.0284169
0.122038 0.027105
0.210528 0.0257668
0.299018 0.0244155
0.387508 0.0230647
0.475999 0.0217273
0.564489 0.0204144
0.652979 0.0191359
0.741469 0.0178994
0.82996 0.0167108
0.91845 0.0155742
1.00694 0.0144925
1.09543 0.0134672
1.18392 0.0124986
1.27241 0.0115865
1.3609 0.0107298
1.44939 0.00992712
1.53788 0.00917659
1.62637 0.00847613
1.71486 0.00782348
1.80335 0.00721627
1.89184 0.00665209
1.98033 0.00612854
2.06882 0.0056432
2.15731 0.00519375
2.2458 0.00477789
2.33429 0.00439345
2.42278 0.00403832
2.51127 0.00371049
2.59976 0.00340807
2.68825 0.00312925
2.77674 0.00287234
2.86523 0.00263573
2.95373 0.00241793
3.04222 0.00221754
3.13071 0.00203324
3.2192 0.00186381
3.30769 0.0017081
3.39618 0.00156506
3.48467 0.0014337
3.57316 0.0013131
3.66165 0.00120242
3.75014 0.00110087
3.83863 0.00100771
3.92712 0.000922289
4.01561 0.000843971
4.1041 0.000772185
4.19259 0.000706399
4.28108 0.000646127
4.36957 0.000590915
4.45806 0.000540351
4.54655 0.00049405
