-2.93977 0.0018101
-2.9246 0.00186258
-2.90944 0.00191658
-2.89428 0.00197214
-2.87911 0.00202931
-2.86395 0.00208814
-2.84879 0.00214866
-2.83363 0.00221094
-2.81846 0.00227501
-2.8033 0.00234094
-2.78814 0.00240878
-2.77297 0.00247857
-2.75781 0.00255038
-2.74265 0.00262426
-2.72749 0.00270028
-2.71232 0.00277849
-2.69716 0.00285896
-2.682 0.00294174
-2.66683 0.00302692
-2.65167 0.00311454
-2.63651 0.0032047
-2.62135 0.00329745
-2.60618 0.00339286
-2.59102 0.00349103
-2.57586 0.00359202
-2.56069 0.00369591
-2.54553 0.00380278
-2.53037 0.00391273
-2.5152 0.00402583
-2.50004 0.00414218
-2.48488 0.00426186
-2.46972 0.00438498
-2.45455 0.00451162
-2.43939 0.00464188
-2.42423 0.00477588
-2.40906 0.00491371
-2.3939 0.00505547
-2.37874 0.00520129
-2.36358 0.00535126
-2.34841 0.00550551
-2.33325 0.00566416
-2.31809 0.00582733
-2.30292 0.00599514
-2.28776 0.00616773
-2.2726 0.00634521
-2.25744 0.00652774
-2.24227 0.00671544
-2.22711 0.00690846
-2.21195 0.00710694
-2.19678 0.00731104
-2.18162 0.00752091
-2.16646 0.0077367
-2.15129 0.00795858
-2.13613 0.0081867
-2.12097 0.00842125
-2.10581 0.00866239
-2.09064 0.0089103
-2.07548 0.00916516
-2.06032 0.00942715
-2.04515 0.00969648
-2.02999 0.00997333
-2.01483 0.0102579
-1.99967 0.0105504
-1.9845 0.010851
-1.96934 0.01116
-1.95418 0.0114776
-1.93901 0.0118039
-1.92385 0.0121393
-1.90869 0.0124839
-1.89353 0.012838
-1.87836 0.0132019
-1.8632 0.0135757
-1.84804 0.0139598
-1.83287 0.0143544
-1.81771 0.0147597
-1.80255 0.0151761
-1.78739 0.0156038
-1.77222 0.0160431
-1.75706 0.0164943
-1.7419 0.0169577
-1.72673 0.0174335
-1.71157 0.0179221
-1.69641 0.0184238
-1.68124 0.0189389
-1.66608 0.0194678
-1.65092 0.0200107
-1.63576 0.0205679
-1.62059 0.0211399
-1.60543 0.021727
-1.59027 0.0223295
-1.5751 0.0229477
-1.55994 0.0235821
-1.54478 0.0242329
-1.52962 0.0249006
-1.51445 0.0255855
-1.49929 0.0262881
-1.48413 0.0270086
-1.46896 0.0277474
-1.4538 0.0285051
-1.43864 0.0292819
-1.42348 0.0300782
-1.40831 0.0308945
-1.39315 0.0317311
-1.37799 0.0325885
-1.36282 0.0334671
-1.34766 0.0343672
-1.3325 0.0352893
-1.31733 0.0362338
-1.30217 0.0372011
-1.28701 0.0381916
-1.27185 0.0392058
-1.25668 0.040244
-1.24152 0.0413066
-1.22636 0.0423941
-1.21119 0.0435068
-1.19603 0.0446452
-1.18087 0.0458096
-1.16571 0.0470005
-1.15054 0.0482182
-1.13538 0.0494631
-1.12022 0.0507355
-1.10505 0.0520358
-1.08989 0.0533644
-1.07473 0.0547217
-1.05957 0.0561078
-1.0444 0.0575232
-1.02924 0.0589681
-1.01408 0.0604429
-0.998914 0.0619477
-0.983751 0.0634829
-0.968588 0.0650486
-0.953425 0.0666451
-0.938262 0.0682726
-0.923099 0.0699312
-0.907936 0.0716211
-0.892773 0.0733423
-0.877611 0.075095
-0.862448 0.0768792
-0.847285 0.0786949
-0.832122 0.0805422
-0.816959 0.082421
-0.801796 0.0843311
-0.786633 0.0862726
-0.77147 0.0882452
-0.756307 0.0902488
-0.741144 0.0922831
-0.725981 0.0943478
-0.710819 0.0964427
-0.695656 0.0985673
-0.680493 0.100721
-0.66533 0.102904
-0.650167 0.105115
-0.635004 0.107354
-0.619841 0.109621
-0.604678 0.111913
-0.589515 0.114232
-0.574352 0.116576
-0.559189 0.118943
-0.544027 0.121335
-0.528864 0.123748
-0.513701 0.126183
-0.498538 0.128638
-0.483375 0.131113
-0.468212 0.133606
-0.453049 0.136115
-0.437886 0.13864
-0.422723 0.14118
-0.40756 0.143732
-0.392397 0.146296
-0.377235 0.14887
-0.362072 0.151452
-0.346909 0.154042
-0.331746 0.156636
-0.316583 0.159235
-0.30142 0.161835
-0.286257 0.164436
-0.271094 0.167035
-0.255931 0.169631
-0.240768 0.172221
-0.225605 0.174805
-0.210443 0.17738
-0.19528 0.179945
-0.180117 0.182496
-0.164954 0.185034
-0.149791 0.187555
-0.134628 0.190057
-0.119465 0.19254
-0.104302 0.195001
-0.0891393 0.197437
-0.0739764 0.199848
-0.0588135 0.202231
-0.0436506 0.204585
-0.0284877 0.206908
-0.0133248 0.209197
0.00183815 0.211452
0.0170011 0.213671
0.032164 0.215852
0.0473269 0.217993
0.0624898 0.220093
0.0776527 0.22215
0.0928156 0.224164
0.107979 0.226132
0.123141 0.228054
0.138304 0.229927
0.153467 0.231752
0.16863 0.233527
0.183793 0.235251
0.198956 0.236922
0.214119 0.238541
0.229282 0.240106
0.244445 0.241617
0.259608 0.243072
0.274771 0.244473
0.289933 0.245817
0.305096 0.247104
0.320259 0.248335
0.335422 0.249508
0.350585 0.250624
0.365748 0.251683
0.380911 0.252685
0.396074 0.253629
0.411237 0.254515
0.4264 0.255345
0.441563 0.256117
0.456725 0.256833
0.471888 0.257493
0.487051 0.258096
0.502214 0.258644
0.517377 0.259137
0.53254 0.259576
0.547703 0.25996
0.562866 0.260292
0.578029 0.260571
0.593192 0.260798
0.608355 0.260974
0.623517 0.2611
0.63868 0.261176
0.653843 0.261204
0.669006 0.261184
0.684169 0.261117
0.699332 0.261004
0.714495 0.260847
0.729658 0.260645
0.744821 0.2604
0.759984 0.260114
0.775147 0.259786
0.790309 0.259418
0.805472 0.259011
0.820635 0.258566
0.835798 0.258084
0.850961 0.257566
0.866124 0.257013
0.881287 0.256426
0.89645 0.255806
0.911613 0.255155
0.926776 0.254472
0.941939 0.253759
0.957101 0.253017
0.972264 0.252247
0.987427 0.25145
1.00259 0.250627
1.01775 0.249778
1.03292 0.248906
1.04808 0.24801
1.06324 0.247091
1.0784 0.246151
1.09357 0.24519
1.10873 0.24421
1.12389 0.24321
1.13906 0.242193
1.15422 0.241157
1.16938 0.240106
1.18455 0.239038
1.19971 0.237955
1.21487 0.236858
1.23003 0.235748
1.2452 0.234624
1.26036 0.233489
1.27552 0.232342
1.29069 0.231183
1.30585 0.230015
1.32101 0.228837
1.33617 0.22765
1.35134 0.226455
1.3665 0.225252
1.38166 0.224041
1.39683 0.222824
1.41199 0.2216
1.42715 0.220371
1.44231 0.219137
1.45748 0.217897
1.47264 0.216654
1.4878 0.215407
1.50297 0.214156
1.51813 0.212902
1.53329 0.211646
1.54845 0.210388
1.56362 0.209128
1.57878 0.207866
1.59394 0.206603
1.60911 0.20534
1.62427 0.204076
1.63943 0.202813
1.6546 0.201549
1.66976 0.200286
1.68492 0.199024
1.70008 0.197763
1.71525 0.196504
1.73041 0.195246
1.74557 0.19399
1.76074 0.192736
1.7759 0.191485
1.79106 0.190236
1.80622 0.18899
1.82139 0.187747
1.83655 0.186507
1.85171 0.18527
1.86688 0.184038
1.88204 0.182808
1.8972 0.181583
1.91236 0.180362
1.92753 0.179145
1.94269 0.177932
1.95785 0.176724
1.97302 0.17552
1.98818 0.174321
2.00334 0.173127
2.01851 0.171938
2.03367 0.170754
2.04883 0.169575
2.06399 0.168402
2.07916 0.167234
2.09432 0.166071
2.10948 0.164914
2.12465 0.163762
2.13981 0.162616
2.15497 0.161476
2.17013 0.160341
2.1853 0.159213
2.20046 0.15809
2.21562 0.156974
2.23079 0.155863
2.24595 0.154758
2.26111 0.15366
2.27627 0.152568
2.29144 0.151481
2.3066 0.150401
2.32176 0.149328
2.33693 0.14826
2.35209 0.147199
2.36725 0.146144
2.38241 0.145096
2.39758 0.144054
2.41274 0.143018
2.4279 0.141988
2.44307 0.140965
2.45823 0.139949
2.47339 0.138938
2.48856 0.137934
2.50372 0.136937
2.51888 0.135946
2.53404 0.134961
2.54921 0.133983
2.56437 0.133011
2.57953 0.132045
2.5947 0.131086
2.60986 0.130133
2.62502 0.129187
2.64018 0.128247
2.65535 0.127313
2.67051 0.126386
2.68567 0.125465
2.70084 0.12455
2.716 0.123641
2.73116 0.122739
2.74632 0.121843
2.76149 0.120953
2.77665 0.120069
2.79181 0.119192
2.80698 0.11832
2.82214 0.117455
2.8373 0.116596
2.85247 0.115743
2.86763 0.114896
2.88279 0.114054
2.89795 0.113219
2.91312 0.11239
2.92828 0.111567
2.94344 0.11075
2.95861 0.109939
2.97377 0.109133
2.98893 0.108333
3.00409 0.107539
3.01926 0.106751
3.03442 0.105969
3.04958 0.105192
3.06475 0.104421
3.07991 0.103656
3.09507 0.102896
3.11023 0.102142
3.1254 0.101393
3.14056 0.10065
3.15572 0.0999125
3.17089 0.0991803
3.18605 0.0984536
3.20121 0.0977322
3.21637 0.0970161
3.23154 0.0963054
3.2467 0.0955999
3.26186 0.0948997
3.27703 0.0942048
3.29219 0.093515
3.30735 0.0928303
3.32252 0.0921508
3.33768 0.0914764
3.35284 0.090807
3.368 0.0901426
3.38317 0.0894833
3.39833 0.0888288
3.41349 0.0881793
3.42866 0.0875347
3.44382 0.0868949
3.45898 0.08626
3.47414 0.0856298
3.48931 0.0850044
3.50447 0.0843837
3.51963 0.0837677
3.5348 0.0831563
3.54996 0.0825496
3.56512 0.0819474
3.58028 0.0813498
3.59545 0.0807567
3.61061 0.0801681
3.62577 0.079584
3.64094 0.0790043
3.6561 0.078429
3.67126 0.0778581
3.68643 0.0772915
3.70159 0.0767292
3.71675 0.0761711
3.73191 0.0756173
3.74708 0.0750677
3.76224 0.0745223
3.7774 0.073981
3.79257 0.0734438
3.80773 0.0729107
3.82289 0.0723817
3.83805 0.0718566
3.85322 0.0713356
3.86838 0.0708185
3.88354 0.0703054
3.89871 0.0697962
3.91387 0.0692908
3.92903 0.0687893
3.94419 0.0682916
3.95936 0.0677976
3.97452 0.0673075
3.98968 0.066821
4.00485 0.0663383
4.02001 0.0658592
4.03517 0.0653838
4.05033 0.0649119
4.0655 0.0644437
4.08066 0.063979
4.09582 0.0635179
4.11099 0.0630602
4.12615 0.0626061
4.14131 0.0621554
4.15648 0.0617081
4.17164 0.0612642
4.1868 0.0608236
4.20196 0.0603865
4.21713 0.0599526
4.23229 0.059522
4.24745 0.0590947
4.26262 0.0586707
4.27778 0.0582498
4.29294 0.0578322
4.3081 0.0574177
4.32327 0.0570063
4.33843 0.0565981
4.35359 0.056193
4.36876 0.0557909
4.38392 0.0553919
4.39908 0.0549959
4.41424 0.0546029
4.42941 0.0542128
4.44457 0.0538258
4.45973 0.0534416
4.4749 0.0530603
4.49006 0.052682
4.50522 0.0523065
4.52039 0.0519338
4.53555 0.0515639
4.55071 0.0511968
4.56587 0.0508325
4.58104 0.050471
4.5962 0.0501121
4.61136 0.049756
4.62653 0.0494026
4.64169 0.0490518
4.65685 0.0487036
4.67201 0.0483581
4.68718 0.0480152
4.70234 0.0476748
4.7175 0.047337
4.73267 0.0470018
4.74783 0.0466691
4.76299 0.0463388
4.77815 0.0460111
4.79332 0.0456858
4.80848 0.0453629
4.82364 0.0450425
4.83881 0.0447244
4.85397 0.0444088
4.86913 0.0440955
4.88429 0.0437845
4.89946 0.0434759
4.91462 0.0431696
4.92978 0.0428656
4.94495 0.0425638
4.96011 0.0422643
4.97527 0.0419671
4.99044 0.041672
5.0056 0.0413792
5.02076 0.0410885
5.03592 0.0408
5.05109 0.0405137
5.06625 0.0402295
5.08141 0.0399474
5.09658 0.0396674
5.11174 0.0393895
5.1269 0.0391136
5.14206 0.0388398
5.15723 0.0385681
5.17239 0.0382983
5.18755 0.0380306
5.20272 0.0377648
5.21788 0.037501
5.23304 0.0372392
5.2482 0.0369793
5.26337 0.0367213
5.27853 0.0364652
5.29369 0.036211
5.30886 0.0359588
5.32402 0.0357083
5.33918 0.0354597
5.35435 0.035213
5.36951 0.0349681
5.38467 0.034725
5.39983 0.0344836
5.415 0.0342441
5.43016 0.0340063
5.44532 0.0337703
5.46049 0.033536
5.47565 0.0333034
5.49081 0.0330725
5.50597 0.0328434
5.52114 0.0326159
5.5363 0.0323901
5.55146 0.0321659
5.56663 0.0319434
5.58179 0.0317225
5.59695 0.0315032
5.61211 0.0312856
5.62728 0.0310695
5.64244 0.030855
5.6576 0.0306421
5.67277 0.0304308
5.68793 0.0302209
5.70309 0.0300127
5.71825 0.0298059
5.73342 0.0296006
5.74858 0.0293969
5.76374 0.0291946
5.77891 0.0289938
5.79407 0.0287945
5.80923 0.0285966
5.8244 0.0284001
5.83956 0.0282051
5.85472 0.0280115
5.86988 0.0278193
5.88505 0.0276285
5.90021 0.0274391
5.91537 0.0272511
5.93054 0.0270644
5.9457 0.0268791
5.96086 0.0266951
5.97602 0.0265124
5.99119 0.0263311
6.00635 0.0261511
6.02151 0.0259724
6.03668 0.0257949
6.05184 0.0256188
6.067 0.0254439
6.08216 0.0252703
6.09733 0.025098
6.11249 0.0249269
6.12765 0.024757
6.14282 0.0245883
6.15798 0.0244209
6.17314 0.0242546
6.18831 0.0240896
6.20347 0.0239257
6.21863 0.0237631
6.23379 0.0236015
6.24896 0.0234412
6.26412 0.023282
6.27928 0.0231239
6.29445 0.022967
6.30961 0.0228112
6.32477 0.0226565
6.33993 0.0225029
6.3551 0.0223505
6.37026 0.0221991
6.38542 0.0220488
6.40059 0.0218995
6.41575 0.0217514
6.43091 0.0216043
6.44607 0.0214582
6.46124 0.0213132
6.4764 0.0211692
6.49156 0.0210262
6.50673 0.0208843
6.52189 0.0207434
6.53705 0.0206034
6.55221 0.0204645
6.56738 0.0203266
6.58254 0.0201896
6.5977 0.0200536
6.61287 0.0199186
6.62803 0.0197845
6.64319 0.0196514
6.65836 0.0195192
6.67352 0.019388
6.68868 0.0192577
6.70384 0.0191283
6.71901 0.0189998
6.73417 0.0188723
6.74933 0.0187456
6.7645 0.0186198
6.77966 0.018495
6.79482 0.018371
6.80998 0.0182479
6.82515 0.0181256
6.84031 0.0180042
6.85547 0.0178837
6.87064 0.017764
6.8858 0.0176452
6.90096 0.0175272
6.91612 0.01741
6.93129 0.0172936
6.94645 0.0171781
6.96161 0.0170634
6.97678 0.0169495
6.99194 0.0168364
7.0071 0.016724
7.02227 0.0166125
7.03743 0.0165018
7.05259 0.0163918
7.06775 0.0162826
7.08292 0.0161741
7.09808 0.0160665
7.11324 0.0159595
7.12841 0.0158533
7.14357 0.0157479
7.15873 0.0156432
7.17389 0.0155392
7.18906 0.015436
7.20422 0.0153335
7.21938 0.0152317
7.23455 0.0151306
7.24971 0.0150302
7.26487 0.0149305
7.28003 0.0148315
7.2952 0.0147332
7.31036 0.0146355
7.32552 0.0145386
7.34069 0.0144423
7.35585 0.0143467
7.37101 0.0142518
7.38617 0.0141575
7.40134 0.0140638
7.4165 0.0139709
7.43166 0.0138785
7.44683 0.0137868
7.46199 0.0136958
7.47715 0.0136053
7.49232 0.0135155
7.50748 0.0134264
7.52264 0.0133378
7.5378 0.0132498
7.55297 0.0131625
7.56813 0.0130758
7.58329 0.0129896
7.59846 0.0129041
7.61362 0.0128191
7.62878 0.0127347
7.64394 0.012651
7.65911 0.0125677
7.67427 0.0124851
7.68943 0.012403
7.7046 0.0123215
7.71976 0.0122406
7.73492 0.0121602
7.75008 0.0120804
7.76525 0.0120011
7.78041 0.0119223
7.79557 0.0118441
7.81074 0.0117665
7.8259 0.0116893
7.84106 0.0116127
7.85623 0.0115367
7.87139 0.0114611
7.88655 0.0113861
7.90171 0.0113115
7.91688 0.0112375
7.93204 0.011164
7.9472 0.011091
7.96237 0.0110185
7.97753 0.0109465
7.99269 0.010875
8.00785 0.0108039
8.02302 0.0107334
8.03818 0.0106633
8.05334 0.0105937
8.06851 0.0105246
8.08367 0.010456
8.09883 0.0103878
8.11399 0.0103201
8.12916 0.0102529
8.14432 0.0101861
8.15948 0.0101197
8.17465 0.0100539
8.18981 0.00998842
8.20497 0.00992343
8.22013 0.00985888
8.2353 0.00979477
8.25046 0.00973109
8.26562 0.00966785
8.28079 0.00960503
8.29595 0.00954264
8.31111 0.00948068
8.32628 0.00941913
8.34144 0.009358
8.3566 0.00929728
8.37176 0.00923698
8.38693 0.00917708
8.40209 0.00911759
8.41725 0.0090585
8.43242 0.00899981
8.44758 0.00894151
8.46274 0.00888361
8.4779 0.0088261
8.49307 0.00876898
8.50823 0.00871225
8.52339 0.00865589
8.53856 0.00859992
8.55372 0.00854432
8.56888 0.0084891
8.58404 0.00843425
8.59921 0.00837977
8.61437 0.00832566
8.62953 0.00827191
8.6447 0.00821852
8.65986 0.00816549
8.67502 0.00811281
8.69019 0.00806049
8.70535 0.00800853
8.72051 0.00795691
8.73567 0.00790563
8.75084 0.00785471
8.766 0.00780412
8.78116 0.00775387
8.79633 0.00770396
8.81149 0.00765438
8.82665 0.00760514
8.84181 0.00755622
8.85698 0.00750763
8.87214 0.00745937
8.8873 0.00741143
8.90247 0.00736381
8.91763 0.00731651
8.93279 0.00726952
8.94795 0.00722285
8.96312 0.00717649
8.97828 0.00713044
8.99344 0.0070847
9.00861 0.00703926
9.02377 0.00699412
9.03893 0.00694929
9.05409 0.00690475
9.06926 0.00686051
9.08442 0.00681657
9.09958 0.00677292
9.11475 0.00672955
9.12991 0.00668648
9.14507 0.00664369
9.16024 0.00660119
9.1754 0.00655897
9.19056 0.00651703
9.20572 0.00647537
9.22089 0.00643399
9.23605 0.00639288
9.25121 0.00635204
9.26638 0.00631148
9.28154 0.00627118
9.2967 0.00623115
9.31186 0.00619139
9.32703 0.00615188
9.34219 0.00611265
9.35735 0.00607367
9.37252 0.00603494
9.38768 0.00599648
9.40284 0.00595827
9.418 0.00592031
9.43317 0.0058826
9.44833 0.00584514
9.46349 0.00580793
9.47866 0.00577097
9.49382 0.00573425
9.50898 0.00569777
9.52415 0.00566153
9.53931 0.00562553
9.55447 0.00558977
9.56963 0.00555424
9.5848 0.00551895
9.59996 0.00548389
9.61512 0.00544906
9.63029 0.00541446
9.64545 0.00538009
9.66061 0.00534595
9.67577 0.00531203
9.69094 0.00527833
9.7061 0.00524485
9.72126 0.0052116
9.73643 0.00517856
9.75159 0.00514574
9.76675 0.00511313
9.78191 0.00508074
9.79708 0.00504856
9.81224 0.0050166
9.8274 0.00498484
9.84257 0.00495329
9.85773 0.00492195
9.87289 0.00489081
9.88805 0.00485987
9.90322 0.00482914
9.91838 0.00479861
9.93354 0.00476828
9.94871 0.00473815
9.96387 0.00470822
9.97903 0.00467848
9.9942 0.00464893
10.0094 0.00461958
10.0245 0.00459042
10.0397 0.00456145
10.0548 0.00453267
10.07 0.00450408
10.0852 0.00447568
10.1003 0.00444746
10.1155 0.00441942
10.1307 0.00439157
10.1458 0.0043639
10.161 0.0043364
10.1762 0.00430909
10.1913 0.00428196
10.2065 0.004255
10.2216 0.00422822
10.2368 0.00420161
10.252 0.00417518
10.2671 0.00414891
10.2823 0.00412282
10.2975 0.0040969
10.3126 0.00407114
10.3278 0.00404556
10.3429 0.00402014
10.3581 0.00399488
10.3733 0.00396979
10.3884 0.00394486
10.4036 0.00392009
10.4188 0.00389549
10.4339 0.00387104
10.4491 0.00384675
10.4642 0.00382262
10.4794 0.00379865
10.4946 0.00377483
10.5097 0.00375116
10.5249 0.00372765
10.5401 0.00370429
10.5552 0.00368108
10.5704 0.00365803
10.5855 0.00363512
10.6007 0.00361236
10.6159 0.00358974
10.631 0.00356727
10.6462 0.00354495
10.6614 0.00352277
10.6765 0.00350074
10.6917 0.00347885
10.7069 0.00345709
10.722 0.00343548
10.7372 0.00341401
10.7523 0.00339268
10.7675 0.00337148
10.7827 0.00335042
10.7978 0.0033295
10.813 0.00330871
10.8282 0.00328805
10.8433 0.00326753
10.8585 0.00324714
10.8736 0.00322688
10.8888 0.00320676
10.904 0.00318676
10.9191 0.00316689
10.9343 0.00314715
10.9495 0.00312753
10.9646 0.00310804
10.9798 0.00308868
10.9949 0.00306944
11.0101 0.00305032
11.0253 0.00303133
11.0404 0.00301245
11.0556 0.0029937
11.0708 0.00297507
11.0859 0.00295656
11.1011 0.00293817
11.1163 0.0029199
11.1314 0.00290174
11.1466 0.0028837
11.1617 0.00286577
11.1769 0.00284796
11.1921 0.00283027
11.2072 0.00281268
11.2224 0.00279521
11.2376 0.00277785
11.2527 0.0027606
11.2679 0.00274347
11.283 0.00272644
11.2982 0.00270952
11.3134 0.00269271
11.3285 0.002676
11.3437 0.00265941
11.3589 0.00264292
11.374 0.00262653
11.3892 0.00261025
11.4043 0.00259407
11.4195 0.002578
11.4347 0.00256203
11.4498 0.00254616
11.465 0.00253039
11.4802 0.00251472
11.4953 0.00249915
11.5105 0.00248368
11.5256 0.00246831
11.5408 0.00245304
11.556 0.00243786
11.5711 0.00242278
11.5863 0.0024078
11.6015 0.00239291
11.6166 0.00237812
11.6318 0.00236342
11.647 0.00234882
11.6621 0.0023343
11.6773 0.00231988
11.6924 0.00230555
11.7076 0.00229132
11.7228 0.00227717
11.7379 0.00226311
11.7531 0.00224914
11.7683 0.00223526
11.7834 0.00222147
11.7986 0.00220777
11.8137 0.00219415
11.8289 0.00218062
11.8441 0.00216718
11.8592 0.00215382
11.8744 0.00214054
11.8896 0.00212735
11.9047 0.00211424
11.9199 0.00210122
11.935 0.00208827
11.9502 0.00207541
11.9654 0.00206263
11.9805 0.00204994
11.9957 0.00203732
12.0109 0.00202478
12.026 0.00201232
12.0412 0.00199994
12.0564 0.00198764
12.0715 0.00197542
12.0867 0.00196327
12.1018 0.0019512
12.117 0.00193921
12.1322 0.00192729
12.1473 0.00191544
12.1625 0.00190368
12.1777 0.00189198
12.1928 0.00188036
12.208 0.00186882
