-10.0016 0.000324989
-9.98813 0.000328227
-9.97463 0.000331498
-9.96113 0.000334802
-9.94764 0.000338139
-9.93414 0.00034151
-9.92064 0.000344915
-9.90715 0.000348354
-9.89365 0.000351827
-9.88015 0.000355336
-9.86666 0.00035888
-9.85316 0.00036246
-9.83966 0.000366076
-9.82617 0.000369729
-9.81267 0.000373418
-9.79917 0.000377145
-9.78568 0.000380909
-9.77218 0.000384711
-9.75868 0.000388552
-9.74519 0.000392431
-9.73169 0.00039635
-9.71819 0.000400308
-9.7047 0.000404306
-9.6912 0.000408344
-9.6777 0.000412424
-9.66421 0.000416544
-9.65071 0.000420706
-9.63721 0.000424911
-9.62371 0.000429158
-9.61022 0.000433447
-9.59672 0.00043778
-9.58322 0.000442157
-9.56973 0.000446578
-9.55623 0.000451044
-9.54273 0.000455555
-9.52924 0.000460112
-9.51574 0.000464715
-9.50224 0.000469364
-9.48875 0.000474061
-9.47525 0.000478805
-9.46175 0.000483597
-9.44826 0.000488438
-9.43476 0.000493328
-9.42126 0.000498267
-9.40777 0.000503256
-9.39427 0.000508296
-9.38077 0.000513387
-9.36728 0.000518529
-9.35378 0.000523724
-9.34028 0.000528971
-9.32679 0.000534272
-9.31329 0.000539626
-9.29979 0.000545035
-9.2863 0.000550498
-9.2728 0.000556017
-9.2593 0.000561592
-9.2458 0.000567224
-9.23231 0.000572912
-9.21881 0.000578659
-9.20531 0.000584463
-9.19182 0.000590327
-9.17832 0.00059625
-9.16482 0.000602234
-9.15133 0.000608278
-9.13783 0.000614384
-9.12433 0.000620552
-9.11084 0.000626782
-9.09734 0.000633076
-9.08384 0.000639433
-9.07035 0.000645856
-9.05685 0.000652344
-9.04335 0.000658897
-9.02986 0.000665518
-9.01636 0.000672205
-9.00286 0.000678961
-8.98937 0.000685786
-8.97587 0.00069268
-8.96237 0.000699644
-8.94888 0.000706679
-8.93538 0.000713786
-8.92188 0.000720965
-8.90839 0.000728217
-8.89489 0.000735544
-8.88139 0.000742944
-8.8679 0.000750421
-8.8544 0.000757973
-8.8409 0.000765603
-8.8274 0.00077331
-8.81391 0.000781096
-8.80041 0.000788961
-8.78691 0.000796907
-8.77342 0.000804933
-8.75992 0.000813042
-8.74642 0.000821233
-8.73293 0.000829508
-8.71943 0.000837867
-8.70593 0.000846312
-8.69244 0.000854843
-8.67894 0.000863461
-8.66544 0.000872167
-8.65195 0.000880963
-8.63845 0.000889848
-8.62495 0.000898823
-8.61146 0.000907891
-8.59796 0.000917051
-8.58446 0.000926305
-8.57097 0.000935654
-8.55747 0.000945098
-8.54397 0.000954639
-8.53048 0.000964277
-8.51698 0.000974014
-8.50348 0.000983851
-8.48999 0.000993788
-8.47649 0.00100383
-8.46299 0.00101397
-8.44949 0.00102422
-8.436 0.00103457
-8.4225 0.00104502
-8.409 0.00105559
-8.39551 0.00106626
-8.38201 0.00107704
-8.36851 0.00108793
-8.35502 0.00109894
-8.34152 0.00111005
-8.32802 0.00112128
-8.31453 0.00113263
-8.30103 0.00114409
-8.28753 0.00115567
-8.27404 0.00116737
-8.26054 0.00117919
-8.24704 0.00119113
-8.23355 0.00120319
-8.22005 0.00121538
-8.20655 0.00122769
-8.19306 0.00124013
-8.17956 0.0012527
-8.16606 0.00126539
-8.15257 0.00127822
-8.13907 0.00129118
-8.12557 0.00130427
-8.11208 0.00131749
-8.09858 0.00133086
-8.08508 0.00134435
-8.07159 0.00135799
-8.05809 0.00137177
-8.04459 0.00138569
-8.03109 0.00139976
-8.0176 0.00141396
-8.0041 0.00142832
-7.9906 0.00144282
-7.97711 0.00145747
-7.96361 0.00147228
-7.95011 0.00148723
-7.93662 0.00150234
-7.92312 0.00151761
-7.90962 0.00153303
-7.89613 0.00154861
-7.88263 0.00156436
-7.86913 0.00158026
-7.85564 0.00159633
-7.84214 0.00161257
-7.82864 0.00162897
-7.81515 0.00164554
-7.80165 0.00166228
-7.78815 0.0016792
-7.77466 0.00169629
-7.76116 0.00171356
-7.74766 0.001731
-7.73417 0.00174863
-7.72067 0.00176644
-7.70717 0.00178443
-7.69368 0.00180261
-7.68018 0.00182098
-7.66668 0.00183953
-7.65319 0.00185828
-7.63969 0.00187723
-7.62619 0.00189636
-7.61269 0.0019157
-7.5992 0.00193524
-7.5857 0.00195498
-7.5722 0.00197492
-7.55871 0.00199507
-7.54521 0.00201543
-7.53171 0.002036
-7.51822 0.00205679
-7.50472 0.00207778
-7.49122 0.002099
-7.47773 0.00212044
-7.46423 0.0021421
-7.45073 0.00216398
-7.43724 0.00218609
-7.42374 0.00220843
-7.41024 0.00223101
-7.39675 0.00225381
-7.38325 0.00227686
-7.36975 0.00230014
-7.35626 0.00232367
-7.34276 0.00234743
-7.32926 0.00237145
-7.31577 0.00239572
-7.30227 0.00242024
-7.28877 0.00244501
-7.27528 0.00247004
-7.26178 0.00249533
-7.24828 0.00252089
-7.23478 0.00254671
-7.22129 0.0025728
-7.20779 0.00259916
-7.19429 0.00262579
-7.1808 0.00265271
-7.1673 0.0026799
-7.1538 0.00270738
-7.14031 0.00273514
-7.12681 0.00276319
-7.11331 0.00279154
-7.09982 0.00282018
-7.08632 0.00284912
-7.07282 0.00287836
-7.05933 0.00290791
-7.04583 0.00293776
-7.03233 0.00296793
-7.01884 0.00299841
-7.00534 0.00302921
-6.99184 0.00306033
-6.97835 0.00309177
-6.96485 0.00312355
-6.95135 0.00315566
-6.93786 0.0031881
-6.92436 0.00322088
-6.91086 0.00325401
-6.89737 0.00328748
-6.88387 0.0033213
-6.87037 0.00335547
-6.85688 0.00339
-6.84338 0.0034249
-6.82988 0.00346016
-6.81638 0.00349579
-6.80289 0.00353179
-6.78939 0.00356817
-6.77589 0.00360493
-6.7624 0.00364207
-6.7489 0.00367961
-6.7354 0.00371753
-6.72191 0.00375586
-6.70841 0.00379459
-6.69491 0.00383372
-6.68142 0.00387327
-6.66792 0.00391323
-6.65442 0.00395361
-6.64093 0.00399441
-6.62743 0.00403564
-6.61393 0.00407731
-6.60044 0.00411941
-6.58694 0.00416195
-6.57344 0.00420495
-6.55995 0.00424839
-6.54645 0.00429229
-6.53295 0.00433665
-6.51946 0.00438148
-6.50596 0.00442679
-6.49246 0.00447256
-6.47897 0.00451882
-6.46547 0.00456557
-6.45197 0.00461281
-6.43847 0.00466054
-6.42498 0.00470878
-6.41148 0.00475753
-6.39798 0.00480679
-6.38449 0.00485657
-6.37099 0.00490688
-6.35749 0.00495772
-6.344 0.00500909
-6.3305 0.005061
-6.317 0.00511347
-6.30351 0.00516648
-6.29001 0.00522006
-6.27651 0.0052742
-6.26302 0.00532891
-6.24952 0.0053842
-6.23602 0.00544008
-6.22253 0.00549654
-6.20903 0.00555361
-6.19553 0.00561127
-6.18204 0.00566955
-6.16854 0.00572844
-6.15504 0.00578796
-6.14155 0.0058481
-6.12805 0.00590888
-6.11455 0.00597031
-6.10106 0.00603239
-6.08756 0.00609512
-6.07406 0.00615852
-6.06057 0.00622259
-6.04707 0.00628734
-6.03357 0.00635277
-6.02007 0.0064189
-6.00658 0.00648573
-5.99308 0.00655327
-5.97958 0.00662152
-5.96609 0.0066905
-5.95259 0.00676022
-5.93909 0.00683067
-5.9256 0.00690187
-5.9121 0.00697383
-5.8986 0.00704655
-5.88511 0.00712004
-5.87161 0.00719432
-5.85811 0.00726938
-5.84462 0.00734524
-5.83112 0.00742191
-5.81762 0.0074994
-5.80413 0.00757771
-5.79063 0.00765685
-5.77713 0.00773684
-5.76364 0.00781767
-5.75014 0.00789937
-5.73664 0.00798194
-5.72315 0.00806539
-5.70965 0.00814972
-5.69615 0.00823496
-5.68266 0.0083211
-5.66916 0.00840817
-5.65566 0.00849616
-5.64217 0.00858509
-5.62867 0.00867497
-5.61517 0.0087658
-5.60167 0.00885761
-5.58818 0.0089504
-5.57468 0.00904418
-5.56118 0.00913896
-5.54769 0.00923475
-5.53419 0.00933157
-5.52069 0.00942942
-5.5072 0.00952832
-5.4937 0.00962828
-5.4802 0.0097293
-5.46671 0.00983141
-5.45321 0.0099346
-5.43971 0.0100389
-5.42622 0.0101443
-5.41272 0.0102509
-5.39922 0.0103586
-5.38573 0.0104674
-5.37223 0.0105774
-5.35873 0.0106886
-5.34524 0.010801
-5.33174 0.0109146
-5.31824 0.0110294
-5.30475 0.0111454
-5.29125 0.0112627
-5.27775 0.0113812
-5.26426 0.011501
-5.25076 0.0116221
-5.23726 0.0117445
-5.22376 0.0118682
-5.21027 0.0119933
-5.19677 0.0121196
-5.18327 0.0122474
-5.16978 0.0123765
-5.15628 0.012507
-5.14278 0.0126389
-5.12929 0.0127722
-5.11579 0.012907
-5.10229 0.0130432
-5.0888 0.0131808
-5.0753 0.01332
-5.0618 0.0134606
-5.04831 0.0136028
-5.03481 0.0137465
-5.02131 0.0138917
-5.00782 0.0140386
-4.99432 0.0141869
-4.98082 0.0143369
-4.96733 0.0144885
-4.95383 0.0146418
-4.94033 0.0147967
-4.92684 0.0149532
-4.91334 0.0151115
-4.89984 0.0152715
-4.88635 0.0154331
-4.87285 0.0155966
-4.85935 0.0157618
-4.84586 0.0159288
-4.83236 0.0160975
-4.81886 0.0162681
-4.80536 0.0164406
-4.79187 0.0166149
-4.77837 0.0167911
-4.76487 0.0169692
-4.75138 0.0171493
-4.73788 0.0173312
-4.72438 0.0175152
-4.71089 0.0177011
-4.69739 0.0178891
-4.68389 0.018079
-4.6704 0.0182711
-4.6569 0.0184652
-4.6434 0.0186614
-4.62991 0.0188597
-4.61641 0.0190602
-4.60291 0.0192629
-4.58942 0.0194678
-4.57592 0.0196748
-4.56242 0.0198842
-4.54893 0.0200958
-4.53543 0.0203096
-4.52193 0.0205258
-4.50844 0.0207444
-4.49494 0.0209653
-4.48144 0.0211886
-4.46795 0.0214144
-4.45445 0.0216425
-4.44095 0.0218732
-4.42745 0.0221064
-4.41396 0.0223421
-4.40046 0.0225803
-4.38696 0.0228212
-4.37347 0.0230646
-4.35997 0.0233107
-4.34647 0.0235595
-4.33298 0.023811
-4.31948 0.0240652
-4.30598 0.0243222
-4.29249 0.0245819
-4.27899 0.0248445
-4.26549 0.02511
-4.252 0.0253783
-4.2385 0.0256495
-4.225 0.0259237
-4.21151 0.0262009
-4.19801 0.0264811
-4.18451 0.0267643
-4.17102 0.0270506
-4.15752 0.02734
-4.14402 0.0276326
-4.13053 0.0279284
-4.11703 0.0282273
-4.10353 0.0285296
-4.09004 0.0288351
-4.07654 0.0291439
-4.06304 0.0294561
-4.04955 0.0297717
-4.03605 0.0300907
-4.02255 0.0304132
-4.00905 0.0307393
-3.99556 0.0310688
-3.98206 0.031402
-3.96856 0.0317387
-3.95507 0.0320792
-3.94157 0.0324233
-3.92807 0.0327712
-3.91458 0.0331228
-3.90108 0.0334783
-3.88758 0.0338377
-3.87409 0.034201
-3.86059 0.0345682
-3.84709 0.0349394
-3.8336 0.0353147
-3.8201 0.035694
-3.8066 0.0360775
-3.79311 0.0364651
-3.77961 0.036857
-3.76611 0.0372531
-3.75262 0.0376535
-3.73912 0.0380583
-3.72562 0.0384675
-3.71213 0.0388811
-3.69863 0.0392992
-3.68513 0.0397219
-3.67164 0.0401492
-3.65814 0.0405811
-3.64464 0.0410177
-3.63115 0.041459
-3.61765 0.0419052
-3.60415 0.0423561
-3.59065 0.042812
-3.57716 0.0432728
-3.56366 0.0437387
-3.55016 0.0442095
-3.53667 0.0446855
-3.52317 0.0451667
-3.50967 0.0456531
-3.49618 0.0461447
-3.48268 0.0466417
-3.46918 0.047144
-3.45569 0.0476518
-3.44219 0.0481651
-3.42869 0.048684
-3.4152 0.0492084
-3.4017 0.0497386
-3.3882 0.0502744
-3.37471 0.0508161
-3.36121 0.0513636
-3.34771 0.0519171
-3.33422 0.0524765
-3.32072 0.0530419
-3.30722 0.0536134
-3.29373 0.0541912
-3.28023 0.0547751
-3.26673 0.0553653
-3.25324 0.0559619
-3.23974 0.0565649
-3.22624 0.0571744
-3.21274 0.0577904
-3.19925 0.0584131
-3.18575 0.0590424
-3.17225 0.0596785
-3.15876 0.0603214
-3.14526 0.0609712
-3.13176 0.061628
-3.11827 0.0622918
-3.10477 0.0629627
-3.09127 0.0636408
-3.07778 0.0643261
-3.06428 0.0650187
-3.05078 0.0657187
-3.03729 0.0664262
-3.02379 0.0671412
-3.01029 0.0678638
-2.9968 0.0685941
-2.9833 0.0693322
-2.9698 0.070078
-2.95631 0.0708318
-2.94281 0.0715936
-2.92931 0.0723634
-2.91582 0.0731413
-2.90232 0.0739275
-2.88882 0.0747219
-2.87533 0.0755248
-2.86183 0.076336
-2.84833 0.0771558
-2.83484 0.0779842
-2.82134 0.0788212
-2.80784 0.0796671
-2.79434 0.0805217
-2.78085 0.0813853
-2.76735 0.0822579
-2.75385 0.0831396
-2.74036 0.0840304
-2.72686 0.0849304
-2.71336 0.0858398
-2.69987 0.0867586
-2.68637 0.0876869
-2.67287 0.0886247
-2.65938 0.0895722
-2.64588 0.0905295
-2.63238 0.0914965
-2.61889 0.0924734
-2.60539 0.0934603
-2.59189 0.0944573
-2.5784 0.0954644
-2.5649 0.0964817
-2.5514 0.0975093
-2.53791 0.0985473
-2.52441 0.0995957
-2.51091 0.100655
-2.49742 0.101724
-2.48392 0.102805
-2.47042 0.103896
-2.45693 0.104998
-2.44343 0.106111
-2.42993 0.107234
-2.41643 0.108369
-2.40294 0.109516
-2.38944 0.110673
-2.37594 0.111842
-2.36245 0.113022
-2.34895 0.114213
-2.33545 0.115416
-2.32196 0.116631
-2.30846 0.117857
-2.29496 0.119095
-2.28147 0.120345
-2.26797 0.121607
-2.25447 0.122881
-2.24098 0.124166
-2.22748 0.125464
-2.21398 0.126774
-2.20049 0.128096
-2.18699 0.12943
-2.17349 0.130777
-2.16 0.132136
-2.1465 0.133507
-2.133 0.134891
-2.11951 0.136287
-2.10601 0.137695
-2.09251 0.139117
-2.07902 0.14055
-2.06552 0.141997
-2.05202 0.143456
-2.03853 0.144928
-2.02503 0.146412
-2.01153 0.147909
-1.99803 0.149419
-1.98454 0.150941
-1.97104 0.152477
-1.95754 0.154025
-1.94405 0.155586
-1.93055 0.157159
-1.91705 0.158746
-1.90356 0.160345
-1.89006 0.161956
-1.87656 0.163581
-1.86307 0.165218
-1.84957 0.166867
-1.83607 0.168529
-1.82258 0.170204
-1.80908 0.171891
-1.79558 0.173591
-1.78209 0.175303
-1.76859 0.177027
-1.75509 0.178763
-1.7416 0.180511
-1.7281 0.182271
-1.7146 0.184043
-1.70111 0.185827
-1.68761 0.187622
-1.67411 0.189429
-1.66062 0.191248
-1.64712 0.193077
-1.63362 0.194917
-1.62013 0.196768
-1.60663 0.19863
-1.59313 0.200503
-1.57963 0.202385
-1.56614 0.204278
-1.55264 0.20618
-1.53914 0.208092
-1.52565 0.210013
-1.51215 0.211943
-1.49865 0.213882
-1.48516 0.21583
-1.47166 0.217785
-1.45816 0.219749
-1.44467 0.221719
-1.43117 0.223697
-1.41767 0.225682
-1.40418 0.227673
-1.39068 0.22967
-1.37718 0.231672
-1.36369 0.23368
-1.35019 0.235692
-1.33669 0.237708
-1.3232 0.239728
-1.3097 0.241752
-1.2962 0.243777
-1.28271 0.245805
-1.26921 0.247835
-1.25571 0.249865
-1.24222 0.251896
-1.22872 0.253926
-1.21522 0.255956
-1.20172 0.257983
-1.18823 0.260009
-1.17473 0.262031
-1.16123 0.26405
-1.14774 0.266064
-1.13424 0.268073
-1.12074 0.270076
-1.10725 0.272072
-1.09375 0.27406
-1.08025 0.276039
-1.06676 0.278009
-1.05326 0.279968
-1.03976 0.281916
-1.02627 0.283852
-1.01277 0.285774
-0.999273 0.287681
-0.985776 0.289574
-0.97228 0.29145
-0.958783 0.293308
-0.945286 0.295148
-0.931789 0.296968
-0.918293 0.298767
-0.904796 0.300544
-0.891299 0.302298
-0.877802 0.304027
-0.864305 0.305731
-0.850809 0.307408
-0.837312 0.309056
-0.823815 0.310676
-0.810318 0.312264
-0.796822 0.313821
-0.783325 0.315344
-0.769828 0.316833
-0.756331 0.318286
-0.742834 0.319701
-0.729338 0.321078
-0.715841 0.322415
-0.702344 0.32371
-0.688847 0.324963
-0.675351 0.326172
-0.661854 0.327335
-0.648357 0.328452
-0.63486 0.329521
-0.621363 0.33054
-0.607867 0.331508
-0.59437 0.332425
-0.580873 0.333288
-0.567376 0.334096
-0.55388 0.334848
-0.540383 0.335543
-0.526886 0.33618
-0.513389 0.336758
-0.499892 0.337274
-0.486396 0.337729
-0.472899 0.338121
-0.459402 0.338449
-0.445905 0.338712
-0.432409 0.338909
-0.418912 0.339039
-0.405415 0.339102
-0.391918 0.339095
-0.378421 0.33902
-0.364925 0.338875
-0.351428 0.338658
-0.337931 0.338371
-0.324434 0.338012
-0.310937 0.337581
-0.297441 0.337077
-0.283944 0.3365
-0.270447 0.33585
-0.25695 0.335127
-0.243454 0.33433
-0.229957 0.33346
-0.21646 0.332516
-0.202963 0.331499
-0.189466 0.33041
-0.17597 0.329247
-0.162473 0.328012
-0.148976 0.326706
-0.135479 0.325328
-0.121983 0.323879
-0.108486 0.32236
-0.094989 0.320772
-0.0814923 0.319116
-0.0679955 0.317392
-0.0544987 0.315602
-0.0410019 0.313747
-0.0275051 0.311827
-0.0140084 0.309845
-0.000511588 0.307801
0.0129852 0.305697
0.026482 0.303534
0.0399787 0.301313
0.0534755 0.299037
0.0669723 0.296707
0.0804691 0.294325
0.0939659 0.291891
0.107463 0.289409
0.120959 0.286879
0.134456 0.284305
0.147953 0.281686
0.16145 0.279027
0.174947 0.276327
0.188443 0.27359
0.20194 0.270817
0.215437 0.268011
0.228934 0.265173
0.24243 0.262305
0.255927 0.25941
0.269424 0.256489
0.282921 0.253544
0.296418 0.250578
0.309914 0.247593
0.323411 0.244589
0.336908 0.241571
0.350405 0.238538
0.363901 0.235494
0.377398 0.232441
0.390895 0.229379
0.404392 0.226312
0.417889 0.22324
0.431385 0.220166
0.444882 0.217091
0.458379 0.214018
0.471876 0.210947
0.485372 0.207881
0.498869 0.204821
0.512366 0.201768
0.525863 0.198725
0.53936 0.195692
0.552856 0.192671
0.566353 0.189663
0.57985 0.186671
0.593347 0.183694
0.606843 0.180734
0.62034 0.177792
0.633837 0.17487
0.647334 0.171968
0.660831 0.169088
0.674327 0.16623
0.687824 0.163396
0.701321 0.160585
0.714818 0.1578
0.728314 0.155041
0.741811 0.152308
0.755308 0.149603
0.768805 0.146925
0.782302 0.144275
0.795798 0.141655
0.809295 0.139064
0.822792 0.136503
0.836289 0.133973
0.849785 0.131473
0.863282 0.129004
0.876779 0.126566
0.890276 0.12416
0.903773 0.121786
0.917269 0.119444
0.930766 0.117134
0.944263 0.114856
0.95776 0.112611
0.971256 0.110399
0.984753 0.108218
0.99825 0.106071
1.01175 0.103955
1.02524 0.101873
1.03874 0.0998222
1.05224 0.0978042
1.06573 0.0958184
1.07923 0.0938646
1.09273 0.0919428
1.10622 0.0900528
1.11972 0.0881943
1.13322 0.0863673
1.14671 0.0845714
1.16021 0.0828065
1.17371 0.0810722
1.1872 0.0793685
1.2007 0.0776949
1.2142 0.0760512
1.2277 0.0744371
1.24119 0.0728523
1.25469 0.0712966
1.26819 0.0697695
1.28168 0.0682709
1.29518 0.0668002
1.30868 0.0653573
1.32217 0.0639418
1.33567 0.0625533
1.34917 0.0611914
1.36266 0.0598559
1.37616 0.0585464
1.38966 0.0572625
1.40315 0.0560038
1.41665 0.0547701
1.43015 0.0535608
1.44364 0.0523757
1.45714 0.0512145
1.47064 0.0500766
1.48413 0.0489618
1.49763 0.0478697
1.51113 0.0468
1.52462 0.0457522
1.53812 0.0447261
1.55162 0.0437212
1.56511 0.0427372
1.57861 0.0417737
1.59211 0.0408305
1.60561 0.039907
1.6191 0.0390031
1.6326 0.0381183
1.6461 0.0372523
1.65959 0.0364048
1.67309 0.0355753
1.68659 0.0347637
1.70008 0.0339695
1.71358 0.0331925
1.72708 0.0324323
1.74057 0.0316886
1.75407 0.030961
1.76757 0.0302493
1.78106 0.0295532
1.79456 0.0288724
1.80806 0.0282065
1.82155 0.0275553
1.83505 0.0269184
1.84855 0.0262957
1.86204 0.0256867
1.87554 0.0250913
1.88904 0.0245092
1.90253 0.02394
1.91603 0.0233835
1.92953 0.0228396
1.94302 0.0223078
1.95652 0.021788
1.97002 0.0212799
1.98351 0.0207832
1.99701 0.0202978
2.01051 0.0198233
2.02401 0.0193596
2.0375 0.0189065
2.051 0.0184636
2.0645 0.0180309
2.07799 0.0176079
2.09149 0.0171947
2.10499 0.0167909
2.11848 0.0163963
2.13198 0.0160108
2.14548 0.0156342
2.15897 0.0152662
2.17247 0.0149066
2.18597 0.0145554
2.19946 0.0142122
2.21296 0.013877
2.22646 0.0135495
2.23995 0.0132296
2.25345 0.0129171
2.26695 0.0126119
2.28044 0.0123137
2.29394 0.0120224
2.30744 0.011738
2.32093 0.0114601
2.33443 0.0111887
2.34793 0.0109237
2.36142 0.0106648
2.37492 0.010412
2.38842 0.0101651
2.40192 0.00992393
2.41541 0.00968842
2.42891 0.00945844
2.44241 0.00923384
2.4559 0.00901451
2.4694 0.00880033
2.4829 0.00859117
2.49639 0.00838693
2.50989 0.0081875
2.52339 0.00799275
2.53688 0.00780259
2.55038 0.00761691
2.56388 0.00743561
2.57737 0.00725858
2.59087 0.00708572
2.60437 0.00691695
2.61786 0.00675216
2.63136 0.00659127
2.64486 0.00643418
2.65835 0.0062808
2.67185 0.00613106
2.68535 0.00598485
2.69884 0.00584211
2.71234 0.00570276
2.72584 0.0055667
2.73933 0.00543387
2.75283 0.00530419
2.76633 0.00517759
2.77982 0.00505399
2.79332 0.00493333
2.80682 0.00481553
2.82032 0.00470054
2.83381 0.00458827
2.84731 0.00447868
2.86081 0.00437169
2.8743 0.00426724
2.8878 0.00416529
2.9013 0.00406575
2.91479 0.00396859
2.92829 0.00387375
2.94179 0.00378116
2.95528 0.00369077
2.96878 0.00360255
2.98228 0.00351642
2.99577 0.00343235
3.00927 0.00335028
3.02277 0.00327017
3.03626 0.00319197
3.04976 0.00311564
3.06326 0.00304113
3.07675 0.0029684
3.09025 0.00289741
3.10375 0.00282811
3.11724 0.00276046
3.13074 0.00269443
3.14424 0.00262998
3.15773 0.00256707
3.17123 0.00250566
3.18473 0.00244572
3.19822 0.00238721
3.21172 0.00233011
3.22522 0.00227436
3.23872 0.00221995
3.25221 0.00216684
3.26571 0.002115
3.27921 0.00206441
3.2927 0.00201502
3.3062 0.00196681
3.3197 0.00191976
3.33319 0.00187383
3.34669 0.001829
3.36019 0.00178525
3.37368 0.00174254
3.38718 0.00170085
3.40068 0.00166016
3.41417 0.00162045
3.42767 0.00158169
3.44117 0.00154385
3.45466 0.00150692
3.46816 0.00147088
3.48166 0.0014357
