-0.117268 0.011437
-0.0952404 0.0129812
-0.0732132 0.0146842
-0.0511859 0.016554
-0.0291587 0.018598
-0.00713146 0.0208225
0.0148958 0.0232327
0.036923 0.0258326
0.0589503 0.0286248
0.0809775 0.0316103
0.103005 0.0347887
0.125032 0.0381578
0.147059 0.0417142
0.169086 0.0454524
0.191114 0.0493657
0.213141 0.0534459
0.235168 0.0576833
0.257195 0.0620672
0.279223 0.0665856
0.30125 0.0712257
0.323277 0.0759741
0.345304 0.0808165
0.367332 0.0857383
0.389359 0.090725
0.411386 0.0957614
0.433413 0.100833
0.45544 0.105925
0.477468 0.111023
0.499495 0.116114
0.521522 0.121184
0.543549 0.12622
0.565577 0.131211
0.587604 0.136146
0.609631 0.141013
0.631658 0.145804
0.653686 0.150509
0.675713 0.155121
0.69774 0.159632
0.719767 0.164035
0.741795 0.168325
0.763822 0.172498
0.785849 0.176548
0.807876 0.180472
0.829903 0.184268
0.851931 0.187932
0.873958 0.191464
0.895985 0.194861
0.918012 0.198124
0.94004 0.201251
0.962067 0.204243
0.984094 0.2071
1.00612 0.209823
1.02815 0.212414
1.05018 0.214873
1.0722 0.217202
1.09423 0.219403
1.11626 0.221478
1.13828 0.223429
1.16031 0.225259
1.18234 0.226969
1.20437 0.228563
1.22639 0.230043
1.24842 0.231412
1.27045 0.232672
1.29248 0.233827
1.3145 0.234879
1.33653 0.23583
1.35856 0.236685
1.38058 0.237445
1.40261 0.238114
1.42464 0.238694
1.44667 0.239188
1.46869 0.239599
1.49072 0.23993
1.51275 0.240183
1.53478 0.240361
1.5568 0.240466
1.57883 0.240502
1.60086 0.24047
1.62288 0.240373
1.64491 0.240213
1.66694 0.239994
1.68897 0.239716
1.71099 0.239383
1.73302 0.238996
1.75505 0.238558
1.77707 0.238071
1.7991 0.237536
1.82113 0.236956
1.84316 0.236333
1.86518 0.235668
1.88721 0.234963
1.90924 0.23422
1.93127 0.233441
1.95329 0.232627
1.97532 0.23178
1.99735 0.230902
2.01937 0.229993
2.0414 0.229056
2.06343 0.228091
2.08546 0.227101
2.10748 0.226086
2.12951 0.225047
2.15154 0.223987
2.17356 0.222905
2.19559 0.221804
2.21762 0.220683
2.23965 0.219546
2.26167 0.218391
2.2837 0.217221
2.30573 0.216036
2.32776 0.214838
2.34978 0.213627
2.37181 0.212403
2.39384 0.211169
2.41586 0.209924
2.43789 0.208669
2.45992 0.207405
2.48195 0.206134
2.50397 0.204855
2.526 0.203569
2.54803 0.202276
2.57006 0.200979
2.59208 0.199676
2.61411 0.198369
2.63614 0.197058
2.65816 0.195743
2.68019 0.194426
2.70222 0.193106
2.72425 0.191785
2.74627 0.190462
2.7683 0.189138
2.79033 0.187813
2.81235 0.186489
2.83438 0.185164
2.85641 0.18384
2.87844 0.182517
2.90046 0.181195
2.92249 0.179874
2.94452 0.178556
2.96655 0.17724
2.98857 0.175926
3.0106 0.174614
3.03263 0.173306
3.05465 0.172001
3.07668 0.170699
3.09871 0.169401
3.12074 0.168107
3.14276 0.166817
3.16479 0.165532
3.18682 0.164251
3.20884 0.162974
3.23087 0.161703
3.2529 0.160436
3.27493 0.159174
3.29695 0.157918
3.31898 0.156667
3.34101 0.155422
3.36304 0.154183
3.38506 0.152949
3.40709 0.151722
3.42912 0.1505
3.45114 0.149284
3.47317 0.148075
3.4952 0.146872
3.51723 0.145676
3.53925 0.144486
3.56128 0.143302
3.58331 0.142125
3.60534 0.140955
3.62736 0.139792
3.64939 0.138635
3.67142 0.137485
3.69344 0.136343
3.71547 0.135207
3.7375 0.134078
3.75953 0.132956
3.78155 0.131842
3.80358 0.130734
3.82561 0.129633
3.84763 0.12854
3.86966 0.127454
3.89169 0.126375
3.91372 0.125303
3.93574 0.124239
3.95777 0.123181
3.9798 0.122131
4.00183 0.121089
4.02385 0.120053
4.04588 0.119025
4.06791 0.118004
4.08993 0.11699
4.11196 0.115983
4.13399 0.114984
4.15602 0.113992
4.17804 0.113007
4.20007 0.11203
4.2221 0.111059
4.24412 0.110096
4.26615 0.10914
4.28818 0.108191
4.31021 0.107249
4.33223 0.106315
4.35426 0.105387
4.37629 0.104466
4.39832 0.103553
4.42034 0.102647
4.44237 0.101747
4.4644 0.100855
4.48642 0.0999693
4.50845 0.0990907
4.53048 0.098219
4.55251 0.0973542
4.57453 0.0964963
4.59656 0.0956451
4.61859 0.0948007
4.64062 0.0939631
4.66264 0.0931321
4.68467 0.0923079
4.7067 0.0914903
4.72872 0.0906793
4.75075 0.0898749
4.77278 0.089077
4.79481 0.0882856
4.81683 0.0875007
4.83886 0.0867222
4.86089 0.0859502
4.88291 0.0851844
4.90494 0.0844251
4.92697 0.083672
4.949 0.0829251
4.97102 0.0821845
4.99305 0.08145
5.01508 0.0807217
5.03711 0.0799994
5.05913 0.0792833
5.08116 0.0785731
5.10319 0.0778689
5.12521 0.0771707
5.14724 0.0764784
5.16927 0.0757919
5.1913 0.0751113
5.21332 0.0744364
5.23535 0.0737673
5.25738 0.0731039
5.27941 0.0724462
5.30143 0.0717941
5.32346 0.0711476
5.34549 0.0705066
5.36751 0.0698711
5.38954 0.0692411
5.41157 0.0686166
5.4336 0.0679974
5.45562 0.0673836
5.47765 0.0667751
5.49968 0.0661719
5.5217 0.0655739
5.54373 0.0649811
5.56576 0.0643935
5.58779 0.063811
5.60981 0.0632335
5.63184 0.0626611
5.65387 0.0620938
5.6759 0.0615313
5.69792 0.0609738
5.71995 0.0604212
5.74198 0.0598735
5.764 0.0593305
5.78603 0.0587924
5.80806 0.0582589
5.83009 0.0577302
5.85211 0.0572062
5.87414 0.0566867
5.89617 0.0561719
5.91819 0.0556616
5.94022 0.0551558
5.96225 0.0546545
5.98428 0.0541577
6.0063 0.0536653
6.02833 0.0531772
6.05036 0.0526935
6.07239 0.0522141
6.09441 0.0517389
6.11644 0.051268
6.13847 0.0508013
6.16049 0.0503387
6.18252 0.0498803
6.20455 0.049426
6.22658 0.0489757
6.2486 0.0485294
6.27063 0.0480872
6.29266 0.0476489
6.31469 0.0472145
6.33671 0.0467841
6.35874 0.0463575
6.38077 0.0459347
6.40279 0.0455157
6.42482 0.0451005
6.44685 0.044689
6.46888 0.0442813
6.4909 0.0438772
6.51293 0.0434767
6.53496 0.0430798
6.55698 0.0426866
6.57901 0.0422968
6.60104 0.0419106
6.62307 0.0415279
6.64509 0.0411486
6.66712 0.0407727
6.68915 0.0404003
6.71118 0.0400312
6.7332 0.0396655
6.75523 0.039303
6.77726 0.0389439
6.79928 0.038588
6.82131 0.0382353
6.84334 0.0378858
6.86537 0.0375395
6.88739 0.0371963
6.90942 0.0368563
6.93145 0.0365193
6.95347 0.0361854
6.9755 0.0358545
6.99753 0.0355266
7.01956 0.0352017
7.04158 0.0348798
7.06361 0.0345607
7.08564 0.0342446
7.10767 0.0339314
7.12969 0.033621
7.15172 0.0333134
7.17375 0.0330087
7.19577 0.0327067
7.2178 0.0324074
7.23983 0.0321109
7.26186 0.0318171
7.28388 0.031526
7.30591 0.0312375
7.32794 0.0309517
7.34997 0.0306684
7.37199 0.0303878
7.39402 0.0301097
7.41605 0.0298341
7.43807 0.0295611
7.4601 0.0292906
7.48213 0.0290225
7.50416 0.0287569
7.52618 0.0284937
7.54821 0.0282329
7.57024 0.0279745
7.59226 0.0277184
7.61429 0.0274647
7.63632 0.0272133
7.65835 0.0269642
7.68037 0.0267174
7.7024 0.0264729
7.72443 0.0262306
7.74646 0.0259905
7.76848 0.0257526
7.79051 0.0255168
7.81254 0.0252833
7.83456 0.0250519
7.85659 0.0248226
7.87862 0.0245953
7.90065 0.0243702
7.92267 0.0241472
7.9447 0.0239261
7.96673 0.0237072
7.98875 0.0234902
8.01078 0.0232752
8.03281 0.0230621
8.05484 0.0228511
8.07686 0.0226419
8.09889 0.0224347
8.12092 0.0222294
8.14295 0.0220259
8.16497 0.0218244
8.187 0.0216246
8.20903 0.0214267
8.23105 0.0212307
8.25308 0.0210364
8.27511 0.0208439
8.29714 0.0206532
8.31916 0.0204642
8.34119 0.0202769
8.36322 0.0200914
8.38525 0.0199076
8.40727 0.0197254
8.4293 0.019545
8.45133 0.0193662
8.47335 0.019189
8.49538 0.0190134
8.51741 0.0188395
8.53944 0.0186672
8.56146 0.0184964
8.58349 0.0183272
8.60552 0.0181596
8.62754 0.0179935
8.64957 0.0178289
8.6716 0.0176659
8.69363 0.0175043
8.71565 0.0173442
8.73768 0.0171856
8.75971 0.0170285
8.78174 0.0168728
8.80376 0.0167185
8.82579 0.0165656
8.84782 0.0164142
8.86984 0.0162641
8.89187 0.0161154
8.9139 0.0159681
8.93593 0.0158221
8.95795 0.0156775
8.97998 0.0155342
9.00201 0.0153922
9.02404 0.0152515
9.04606 0.0151121
9.06809 0.014974
9.09012 0.0148372
9.11214 0.0147016
9.13417 0.0145673
9.1562 0.0144342
9.17823 0.0143023
9.20025 0.0141716
9.22228 0.0140421
9.24431 0.0139139
9.26633 0.0137868
9.28836 0.0136608
9.31039 0.013536
9.33242 0.0134124
9.35444 0.0132899
9.37647 0.0131685
9.3985 0.0130483
9.42053 0.0129291
9.44255 0.0128111
9.46458 0.0126941
9.48661 0.0125782
9.50863 0.0124634
9.53066 0.0123496
9.55269 0.0122368
9.57472 0.0121251
9.59674 0.0120145
9.61877 0.0119048
9.6408 0.0117962
9.66282 0.0116885
9.68485 0.0115818
9.70688 0.0114761
9.72891 0.0113714
9.75093 0.0112677
9.77296 0.0111649
9.79499 0.011063
9.81702 0.0109621
9.83904 0.0108621
9.86107 0.010763
9.8831 0.0106648
9.90512 0.0105676
9.92715 0.0104712
9.94918 0.0103757
9.97121 0.0102811
9.99323 0.0101873
10.0153 0.0100944
10.0373 0.0100024
10.0593 0.00991122
10.0813 0.00982087
10.1034 0.00973134
10.1254 0.00964264
10.1474 0.00955475
10.1695 0.00946767
10.1915 0.00938138
10.2135 0.00929589
10.2355 0.00921118
10.2576 0.00912725
10.2796 0.00904409
10.3016 0.00896169
10.3236 0.00888005
10.3457 0.00879915
10.3677 0.008719
10.3897 0.00863958
10.4118 0.0085609
10.4338 0.00848293
10.4558 0.00840568
10.4778 0.00832913
10.4999 0.00825329
10.5219 0.00817814
10.5439 0.00810368
10.5659 0.00802991
10.588 0.00795681
10.61 0.00788438
10.632 0.00781261
10.6541 0.00774151
10.6761 0.00767105
10.6981 0.00760124
10.7201 0.00753207
10.7422 0.00746353
10.7642 0.00739562
10.7862 0.00732833
10.8082 0.00726166
10.8303 0.0071956
10.8523 0.00713015
10.8743 0.00706529
10.8964 0.00700103
10.9184 0.00693736
10.9404 0.00687427
10.9624 0.00681176
10.9845 0.00674982
11.0065 0.00668845
11.0285 0.00662764
11.0505 0.00656739
11.0726 0.00650768
11.0946 0.00644853
11.1166 0.00638992
11.1386 0.00633184
11.1607 0.00627429
11.1827 0.00621728
11.2047 0.00616078
11.2268 0.0061048
11.2488 0.00604933
11.2708 0.00599437
11.2928 0.00593991
11.3149 0.00588595
11.3369 0.00583249
11.3589 0.00577951
11.3809 0.00572702
11.403 0.00567501
11.425 0.00562347
11.447 0.00557241
11.4691 0.00552181
11.4911 0.00547168
11.5131 0.005422
11.5351 0.00537278
11.5572 0.00532401
11.5792 0.00527568
11.6012 0.0052278
11.6232 0.00518035
11.6453 0.00513334
11.6673 0.00508675
11.6893 0.0050406
11.7114 0.00499486
11.7334 0.00494954
11.7554 0.00490464
11.7774 0.00486015
11.7995 0.00481606
11.8215 0.00477238
11.8435 0.00472909
11.8655 0.0046862
11.8876 0.0046437
11.9096 0.00460159
11.9316 0.00455987
11.9537 0.00451853
11.9757 0.00447756
11.9977 0.00443697
12.0197 0.00439674
12.0418 0.00435689
12.0638 0.0043174
12.0858 0.00427827
12.1078 0.0042395
12.1299 0.00420108
12.1519 0.00416301
12.1739 0.00412529
12.196 0.00408791
12.218 0.00405087
12.24 0.00401418
12.262 0.00397781
12.2841 0.00394178
12.3061 0.00390608
12.3281 0.0038707
12.3501 0.00383565
12.3722 0.00380091
12.3942 0.0037665
12.4162 0.00373239
12.4383 0.0036986
12.4603 0.00366511
12.4823 0.00363193
12.5043 0.00359906
12.5264 0.00356648
12.5484 0.0035342
12.5704 0.00350221
12.5924 0.00347052
12.6145 0.00343911
12.6365 0.00340799
12.6585 0.00337716
12.6806 0.0033466
12.7026 0.00331633
12.7246 0.00328633
12.7466 0.0032566
12.7687 0.00322714
12.7907 0.00319795
12.8127 0.00316903
12.8347 0.00314037
12.8568 0.00311197
12.8788 0.00308383
12.9008 0.00305595
12.9229 0.00302832
12.9449 0.00300094
12.9669 0.00297381
12.9889 0.00294693
13.011 0.0029203
13.033 0.0028939
13.055 0.00286775
13.077 0.00284183
13.0991 0.00281615
13.1211 0.0027907
13.1431 0.00276549
13.1652 0.0027405
13.1872 0.00271574
13.2092 0.00269121
13.2312 0.0026669
13.2533 0.00264281
13.2753 0.00261894
13.2973 0.00259529
13.3193 0.00257185
13.3414 0.00254863
13.3634 0.00252561
13.3854 0.00250281
13.4075 0.00248021
13.4295 0.00245782
13.4515 0.00243563
13.4735 0.00241365
13.4956 0.00239186
13.5176 0.00237027
13.5396 0.00234888
13.5616 0.00232768
13.5837 0.00230668
13.6057 0.00228586
13.6277 0.00226524
13.6498 0.0022448
13.6718 0.00222455
13.6938 0.00220448
13.7158 0.00218459
13.7379 0.00216489
13.7599 0.00214536
13.7819 0.00212601
13.8039 0.00210684
13.826 0.00208784
13.848 0.00206901
13.87 0.00205036
13.8921 0.00203187
13.9141 0.00201355
13.9361 0.0019954
13.9581 0.00197741
13.9802 0.00195959
14.0022 0.00194192
14.0242 0.00192442
14.0462 0.00190708
14.0683 0.00188989
14.0903 0.00187286
14.1123 0.00185598
14.1344 0.00183926
14.1564 0.00182269
14.1784 0.00180627
14.2004 0.00179
14.2225 0.00177387
14.2445 0.00175789
14.2665 0.00174206
14.2885 0.00172637
14.3106 0.00171082
14.3326 0.00169542
14.3546 0.00168015
14.3767 0.00166502
14.3987 0.00165003
14.4207 0.00163517
14.4427 0.00162045
14.4648 0.00160587
14.4868 0.00159141
14.5088 0.00157709
14.5308 0.00156289
14.5529 0.00154883
14.5749 0.00153489
14.5969 0.00152107
14.619 0.00150739
14.641 0.00149382
14.663 0.00148038
14.685 0.00146706
14.7071 0.00145387
14.7291 0.00144079
14.7511 0.00142783
14.7731 0.00141498
14.7952 0.00140226
14.8172 0.00138965
14.8392 0.00137715
14.8613 0.00136477
14.8833 0.00135249
14.9053 0.00134033
14.9273 0.00132828
14.9494 0.00131634
14.9714 0.0013045
14.9934 0.00129278
15.0154 0.00128116
15.0375 0.00126964
15.0595 0.00125823
15.0815 0.00124692
15.1036 0.00123572
15.1256 0.00122461
15.1476 0.00121361
15.1696 0.0012027
15.1917 0.0011919
15.2137 0.00118119
15.2357 0.00117058
15.2577 0.00116006
15.2798 0.00114964
15.3018 0.00113931
15.3238 0.00112908
15.3459 0.00111894
15.3679 0.00110889
15.3899 0.00109893
15.4119 0.00108906
15.434 0.00107929
15.456 0.00106959
15.478 0.00105999
15.5 0.00105047
15.5221 0.00104104
15.5441 0.0010317
15.5661 0.00102244
15.5882 0.00101326
15.6102 0.00100417
15.6322 0.000995155
15.6542 0.000986224
15.6763 0.000977374
15.6983 0.000968603
15.7203 0.000959912
15.7423 0.0009513
15.7644 0.000942765
15.7864 0.000934307
15.8084 0.000925925
15.8305 0.00091762
15.8525 0.000909389
15.8745 0.000901232
15.8965 0.000893149
15.9186 0.000885139
15.9406 0.000877201
15.9626 0.000869335
15.9846 0.00086154
16.0067 0.000853815
16.0287 0.000846159
16.0507 0.000838573
16.0728 0.000831055
16.0948 0.000823605
16.1168 0.000816223
16.1388 0.000808906
16.1609 0.000801656
16.1829 0.000794471
16.2049 0.000787351
16.2269 0.000780295
16.249 0.000773303
16.271 0.000766373
16.293 0.000759507
16.315 0.000752702
16.3371 0.000745958
16.3591 0.000739275
16.3811 0.000732653
16.4032 0.00072609
16.4252 0.000719586
16.4472 0.000713141
16.4692 0.000706753
16.4913 0.000700424
16.5133 0.000694151
16.5353 0.000687935
16.5573 0.000681775
16.5794 0.00067567
16.6014 0.000669621
16.6234 0.000663625
16.6455 0.000657684
16.6675 0.000651796
16.6895 0.000645962
16.7115 0.00064018
16.7336 0.000634449
16.7556 0.000628771
16.7776 0.000623144
16.7996 0.000617567
16.8217 0.00061204
16.8437 0.000606563
16.8657 0.000601136
16.8878 0.000595757
16.9098 0.000590427
16.9318 0.000585144
16.9538 0.00057991
16.9759 0.000574722
16.9979 0.000569581
17.0199 0.000564486
17.0419 0.000559437
17.064 0.000554433
17.086 0.000549475
17.108 0.000544561
17.1301 0.000539691
17.1521 0.000534865
17.1741 0.000530083
17.1961 0.000525343
17.2182 0.000520646
17.2402 0.000515991
17.2622 0.000511378
17.2842 0.000506807
17.3063 0.000502277
17.3283 0.000497787
17.3503 0.000493338
17.3724 0.000488928
17.3944 0.000484559
17.4164 0.000480228
17.4384 0.000475937
17.4605 0.000471684
17.4825 0.000467469
17.5045 0.000463292
17.5265 0.000459153
17.5486 0.000455051
17.5706 0.000450986
17.5926 0.000446957
17.6147 0.000442964
17.6367 0.000439007
17.6587 0.000435086
17.6807 0.0004312
17.7028 0.000427349
17.7248 0.000423533
17.7468 0.00041975
17.7688 0.000416002
17.7909 0.000412288
17.8129 0.000408606
17.8349 0.000404958
17.857 0.000401342
17.879 0.000397759
17.901 0.000394209
17.923 0.00039069
17.9451 0.000387202
17.9671 0.000383746
17.9891 0.000380321
18.0111 0.000376926
18.0332 0.000373562
18.0552 0.000370229
18.0772 0.000366925
18.0993 0.000363651
18.1213 0.000360406
18.1433 0.00035719
18.1653 0.000354003
18.1874 0.000350845
18.2094 0.000347715
18.2314 0.000344613
18.2534 0.000341539
18.2755 0.000338492
18.2975 0.000335473
18.3195 0.000332481
18.3416 0.000329515
18.3636 0.000326577
18.3856 0.000323664
18.4076 0.000320778
18.4297 0.000317918
18.4517 0.000315083
18.4737 0.000312273
18.4957 0.000309489
18.5178 0.00030673
18.5398 0.000303995
18.5618 0.000301285
18.5839 0.0002986
18.6059 0.000295938
18.6279 0.0002933
18.6499 0.000290686
18.672 0.000288095
18.694 0.000285527
18.716 0.000282983
18.738 0.000280461
18.7601 0.000277962
18.7821 0.000275485
18.8041 0.00027303
18.8262 0.000270598
18.8482 0.000268187
18.8702 0.000265798
18.8922 0.00026343
18.9143 0.000261083
18.9363 0.000258757
18.9583 0.000256452
18.9803 0.000254168
19.0024 0.000251904
19.0244 0.000249661
19.0464 0.000247437
19.0685 0.000245234
19.0905 0.00024305
19.1125 0.000240886
19.1345 0.000238741
19.1566 0.000236615
19.1786 0.000234508
19.2006 0.000232421
19.2226 0.000230351
19.2447 0.000228301
19.2667 0.000226268
19.2887 0.000224254
19.3108 0.000222258
19.3328 0.00022028
19.3548 0.000218319
19.3768 0.000216376
19.3989 0.00021445
19.4209 0.000212542
19.4429 0.000210651
19.4649 0.000208776
19.487 0.000206918
19.509 0.000205077
19.531 0.000203253
19.5531 0.000201444
19.5751 0.000199652
19.5971 0.000197876
19.6191 0.000196116
19.6412 0.000194371
19.6632 0.000192642
19.6852 0.000190929
19.7072 0.000189231
19.7293 0.000187548
19.7513 0.00018588
19.7733 0.000184227
19.7954 0.000182588
19.8174 0.000180965
19.8394 0.000179355
19.8614 0.000177761
19.8835 0.00017618
19.9055 0.000174614
19.9275 0.000173061
19.9495 0.000171523
19.9716 0.000169998
19.9936 0.000168487
20.0156 0.000166989
20.0377 0.000165505
20.0597 0.000164034
20.0817 0.000162576
20.1037 0.000161131
20.1258 0.000159699
20.1478 0.00015828
20.1698 0.000156873
20.1918 0.000155479
20.2139 0.000154098
20.2359 0.000152728
20.2579 0.000151371
20.28 0.000150026
20.302 0.000148694
20.324 0.000147373
20.346 0.000146063
20.3681 0.000144766
20.3901 0.00014348
20.4121 0.000142205
20.4341 0.000140942
20.4562 0.000139691
20.4782 0.00013845
20.5002 0.00013722
20.5223 0.000136002
20.5443 0.000134794
20.5663 0.000133597
20.5883 0.000132411
20.6104 0.000131235
20.6324 0.00013007
20.6544 0.000128915
20.6764 0.00012777
20.6985 0.000126636
20.7205 0.000125512
20.7425 0.000124398
20.7646 0.000123293
20.7866 0.000122199
20.8086 0.000121114
20.8306 0.000120039
20.8527 0.000118974
20.8747 0.000117918
20.8967 0.000116871
20.9187 0.000115834
20.9408 0.000114806
20.9628 0.000113788
20.9848 0.000112778
21.0069 0.000111777
21.0289 0.000110785
21.0509 0.000109803
21.0729 0.000108828
21.095 0.000107863
21.117 0.000106906
21.139 0.000105958
21.161 0.000105018
21.1831 0.000104086
21.2051 0.000103163
21.2271 0.000102248
21.2492 0.000101341
21.2712 0.000100442
21.2932 9.95515e-05
21.3152 9.86687e-05
21.3373 9.77937e-05
21.3593 9.69265e-05
21.3813 9.6067e-05
21.4033 9.52152e-05
21.4254 9.4371e-05
21.4474 9.35342e-05
21.4694 9.2705e-05
21.4915 9.18831e-05
21.5135 9.10685e-05
21.5355 9.02612e-05
21.5575 8.94611e-05
21.5796 8.86681e-05
21.6016 8.78821e-05
21.6236 8.71032e-05
21.6456 8.63312e-05
21.6677 8.5566e-05
21.6897 8.48077e-05
21.7117 8.40561e-05
21.7337 8.33112e-05
21.7558 8.25729e-05
21.7778 8.18412e-05
21.7998 8.11161e-05
21.8219 8.03973e-05
21.8439 7.9685e-05
21.8659 7.8979e-05
21.8879 7.82792e-05
