-0.953303 0.00408921
-0.925206 0.00452292
-0.89711 0.00499849
-0.869013 0.00551931
-0.840916 0.00608895
-0.81282 0.00671119
-0.784723 0.00738993
-0.756627 0.00812928
-0.72853 0.00893345
-0.700434 0.00980681
-0.672337 0.0107538
-0.64424 0.011779
-0.616144 0.0128869
-0.588047 0.0140823
-0.559951 0.0153695
-0.531854 0.0167533
-0.503757 0.018238
-0.475661 0.0198277
-0.447564 0.0215267
-0.419468 0.0233386
-0.391371 0.0252668
-0.363275 0.0273144
-0.335178 0.029484
-0.307081 0.0317777
-0.278985 0.034197
-0.250888 0.0367428
-0.222792 0.0394153
-0.194695 0.0422141
-0.166599 0.0451379
-0.138502 0.0481848
-0.110405 0.051352
-0.0823088 0.0546358
-0.0542122 0.0580319
-0.0261156 0.061535
0.00198098 0.0651392
0.0300776 0.0688378
0.0581741 0.0726234
0.0862707 0.0764879
0.114367 0.0804227
0.142464 0.0844187
0.17056 0.0884662
0.198657 0.0925554
0.226754 0.096676
0.25485 0.100818
0.282947 0.10497
0.311043 0.109122
0.33914 0.113264
0.367237 0.117385
0.395333 0.121476
0.42343 0.125526
0.451526 0.129527
0.479623 0.133469
0.507719 0.137344
0.535816 0.141144
0.563913 0.144862
0.592009 0.14849
0.620106 0.152023
0.648202 0.155455
0.676299 0.158781
0.704395 0.161996
0.732492 0.165097
0.760589 0.16808
0.788685 0.170944
0.816782 0.173684
0.844878 0.176301
0.872975 0.178793
0.901072 0.181159
0.929168 0.183399
0.957265 0.185514
0.985361 0.187503
1.01346 0.189368
1.04155 0.191111
1.06965 0.192731
1.09775 0.194233
1.12584 0.195616
1.15394 0.196884
1.18204 0.19804
1.21013 0.199084
1.23823 0.200021
1.26633 0.200853
1.29442 0.201583
1.32252 0.202214
1.35062 0.202749
1.37871 0.203191
1.40681 0.203542
1.43491 0.203807
1.463 0.203987
1.4911 0.204087
1.5192 0.204109
1.54729 0.204056
1.57539 0.203932
1.60349 0.203738
1.63158 0.203478
1.65968 0.203155
1.68778 0.202772
1.71587 0.202331
1.74397 0.201835
1.77207 0.201286
1.80016 0.200687
1.82826 0.20004
1.85636 0.199349
1.88445 0.198614
1.91255 0.197838
1.94065 0.197024
1.96874 0.196174
1.99684 0.195289
2.02493 0.194371
2.05303 0.193423
2.08113 0.192446
2.10922 0.191441
2.13732 0.190411
2.16542 0.189358
2.19351 0.188282
2.22161 0.187185
2.24971 0.186069
2.2778 0.184935
2.3059 0.183784
2.334 0.182618
2.36209 0.181438
2.39019 0.180244
2.41829 0.179039
2.44638 0.177823
2.47448 0.176597
2.50258 0.175362
2.53067 0.174119
2.55877 0.172869
2.58687 0.171613
2.61496 0.170352
2.64306 0.169086
2.67116 0.167816
2.69925 0.166543
2.72735 0.165267
2.75545 0.16399
2.78354 0.162711
2.81164 0.161432
2.83974 0.160152
2.86783 0.158873
2.89593 0.157595
2.92403 0.156318
2.95212 0.155043
2.98022 0.15377
3.00832 0.1525
3.03641 0.151233
3.06451 0.14997
3.0926 0.14871
3.1207 0.147454
3.1488 0.146203
3.17689 0.144956
3.20499 0.143714
3.23309 0.142478
3.26118 0.141246
3.28928 0.140021
3.31738 0.138801
3.34547 0.137588
3.37357 0.136381
3.40167 0.13518
3.42976 0.133986
3.45786 0.132798
3.48596 0.131618
3.51405 0.130444
3.54215 0.129278
3.57025 0.128119
3.59834 0.126967
3.62644 0.125823
3.65454 0.124686
3.68263 0.123557
3.71073 0.122436
3.73883 0.121323
3.76692 0.120217
3.79502 0.119119
3.82312 0.11803
3.85121 0.116948
3.87931 0.115874
3.90741 0.114809
3.9355 0.113751
3.9636 0.112702
3.9917 0.11166
4.01979 0.110627
4.04789 0.109602
4.07599 0.108586
4.10408 0.107577
4.13218 0.106577
4.16027 0.105584
4.18837 0.1046
4.21647 0.103624
4.24456 0.102657
4.27266 0.101697
4.30076 0.100745
4.32885 0.0998017
4.35695 0.0988663
4.38505 0.0979388
4.41314 0.0970194
4.44124 0.096108
4.46934 0.0952044
4.49743 0.0943088
4.52553 0.0934211
4.55363 0.0925412
4.58172 0.0916692
4.60982 0.0908048
4.63792 0.0899482
4.66601 0.0890993
4.69411 0.088258
4.72221 0.0874244
4.7503 0.0865982
4.7784 0.0857796
4.8065 0.0849684
4.83459 0.0841647
4.86269 0.0833683
4.89079 0.0825792
4.91888 0.0817974
4.94698 0.0810228
4.97508 0.0802554
5.00317 0.0794952
5.03127 0.0787419
5.05937 0.0779957
5.08746 0.0772565
5.11556 0.0765242
5.14366 0.0757987
5.17175 0.0750801
5.19985 0.0743682
5.22794 0.073663
5.25604 0.0729645
5.28414 0.0722726
5.31223 0.0715872
5.34033 0.0709083
5.36843 0.0702359
5.39652 0.0695698
5.42462 0.0689101
5.45272 0.0682567
5.48081 0.0676095
5.50891 0.0669685
5.53701 0.0663336
5.5651 0.0657047
5.5932 0.0650819
5.6213 0.0644651
5.64939 0.0638542
5.67749 0.0632492
5.70559 0.0626499
5.73368 0.0620565
5.76178 0.0614687
5.78988 0.0608866
5.81797 0.0603101
5.84607 0.0597392
5.87417 0.0591737
5.90226 0.0586138
5.93036 0.0580592
5.95846 0.05751
5.98655 0.0569661
6.01465 0.0564275
6.04275 0.0558941
6.07084 0.0553658
6.09894 0.0548427
6.12704 0.0543246
6.15513 0.0538115
6.18323 0.0533034
6.21133 0.0528003
6.23942 0.052302
6.26752 0.0518086
6.29562 0.0513199
6.32371 0.050836
6.35181 0.0503568
6.3799 0.0498822
6.408 0.0494122
6.4361 0.0489469
6.46419 0.048486
6.49229 0.0480296
6.52039 0.0475776
6.54848 0.04713
6.57658 0.0466868
6.60468 0.0462479
6.63277 0.0458132
6.66087 0.0453828
6.68897 0.0449565
6.71706 0.0445344
6.74516 0.0441164
6.77326 0.0437024
6.80135 0.0432925
6.82945 0.0428865
6.85755 0.0424845
6.88564 0.0420864
6.91374 0.0416922
6.94184 0.0413018
6.96993 0.0409151
6.99803 0.0405322
7.02613 0.0401531
7.05422 0.0397776
7.08232 0.0394058
7.11042 0.0390375
7.13851 0.0386729
7.16661 0.0383118
7.19471 0.0379541
7.2228 0.0376
7.2509 0.0372492
7.279 0.0369019
7.30709 0.036558
7.33519 0.0362173
7.36329 0.03588
7.39138 0.0355459
7.41948 0.0352151
7.44757 0.0348874
7.47567 0.034563
7.50377 0.0342416
7.53186 0.0339234
7.55996 0.0336083
7.58806 0.0332962
7.61615 0.0329871
7.64425 0.032681
7.67235 0.0323778
7.70044 0.0320776
7.72854 0.0317803
7.75664 0.0314858
7.78473 0.0311942
7.81283 0.0309054
7.84093 0.0306193
7.86902 0.0303361
7.89712 0.0300555
7.92522 0.0297777
7.95331 0.0295025
7.98141 0.02923
8.00951 0.02896
8.0376 0.0286927
8.0657 0.028428
8.0938 0.0281658
8.12189 0.0279061
8.14999 0.0276489
8.17809 0.0273942
8.20618 0.0271419
8.23428 0.026892
8.26238 0.0266446
8.29047 0.0263995
8.31857 0.0261567
8.34667 0.0259163
8.37476 0.0256782
8.40286 0.0254423
8.43096 0.0252087
8.45905 0.0249774
8.48715 0.0247482
8.51524 0.0245213
8.54334 0.0242965
8.57144 0.0240738
8.59953 0.0238533
8.62763 0.0236349
8.65573 0.0234185
8.68382 0.0232043
8.71192 0.022992
8.74002 0.0227818
8.76811 0.0225736
8.79621 0.0223674
8.82431 0.0221631
8.8524 0.0219608
8.8805 0.0217604
8.9086 0.0215618
8.93669 0.0213652
8.96479 0.0211705
8.99289 0.0209776
9.02098 0.0207865
9.04908 0.0205972
9.07718 0.0204098
9.10527 0.0202241
9.13337 0.0200401
9.16147 0.0198579
9.18956 0.0196774
9.21766 0.0194987
9.24576 0.0193216
9.27385 0.0191462
9.30195 0.0189724
9.33005 0.0188003
9.35814 0.0186299
9.38624 0.018461
9.41434 0.0182937
9.44243 0.018128
9.47053 0.0179638
9.49863 0.0178012
9.52672 0.0176402
9.55482 0.0174806
9.58292 0.0173226
9.61101 0.017166
9.63911 0.0170109
9.6672 0.0168572
9.6953 0.016705
9.7234 0.0165543
9.75149 0.0164049
9.77959 0.016257
9.80769 0.0161104
9.83578 0.0159652
9.86388 0.0158214
9.89198 0.0156789
9.92007 0.0155377
9.94817 0.0153979
9.97627 0.0152594
10.0044 0.0151221
10.0325 0.0149862
10.0606 0.0148515
10.0887 0.0147181
10.1168 0.0145859
10.1448 0.0144549
10.1729 0.0143252
10.201 0.0141967
10.2291 0.0140694
10.2572 0.0139432
10.2853 0.0138183
10.3134 0.0136945
10.3415 0.0135718
10.3696 0.0134503
10.3977 0.01333
10.4258 0.0132107
10.4539 0.0130925
10.482 0.0129755
10.5101 0.0128595
10.5382 0.0127446
10.5663 0.0126308
10.5944 0.012518
10.6225 0.0124063
10.6506 0.0122956
10.6787 0.0121859
10.7068 0.0120773
10.7349 0.0119696
10.763 0.011863
10.7911 0.0117573
10.8192 0.0116526
10.8473 0.0115489
10.8754 0.0114461
10.9035 0.0113443
10.9316 0.0112434
10.9596 0.0111434
10.9877 0.0110444
11.0158 0.0109463
11.0439 0.010849
11.072 0.0107527
11.1001 0.0106573
11.1282 0.0105627
11.1563 0.010469
11.1844 0.0103762
11.2125 0.0102842
11.2406 0.0101931
11.2687 0.0101028
11.2968 0.0100133
11.3249 0.00992468
11.353 0.00983685
11.3811 0.00974982
11.4092 0.00966358
11.4373 0.00957814
11.4654 0.00949348
11.4935 0.00940959
11.5216 0.00932647
11.5497 0.00924411
11.5778 0.0091625
11.6059 0.00908164
11.634 0.00900151
11.6621 0.00892212
11.6902 0.00884345
11.7183 0.0087655
11.7464 0.00868826
11.7744 0.00861173
11.8025 0.00853589
11.8306 0.00846074
11.8587 0.00838628
11.8868 0.00831249
11.9149 0.00823937
11.943 0.00816692
11.9711 0.00809513
11.9992 0.00802399
12.0273 0.0079535
12.0554 0.00788365
12.0835 0.00781443
12.1116 0.00774584
12.1397 0.00767787
12.1678 0.00761052
12.1959 0.00754377
12.224 0.00747764
12.2521 0.0074121
12.2802 0.00734715
12.3083 0.0072828
12.3364 0.00721902
12.3645 0.00715582
12.3926 0.0070932
12.4207 0.00703113
12.4488 0.00696963
12.4769 0.00690869
12.505 0.00684829
12.5331 0.00678844
12.5612 0.00672913
12.5892 0.00667036
12.6173 0.00661211
12.6454 0.00655439
12.6735 0.00649719
12.7016 0.00644051
12.7297 0.00638433
12.7578 0.00632866
12.7859 0.00627349
12.814 0.00621882
12.8421 0.00616464
12.8702 0.00611095
12.8983 0.00605773
12.9264 0.006005
12.9545 0.00595274
12.9826 0.00590095
13.0107 0.00584962
13.0388 0.00579875
13.0669 0.00574834
13.095 0.00569838
13.1231 0.00564887
13.1512 0.0055998
13.1793 0.00555118
13.2074 0.00550298
13.2355 0.00545522
13.2636 0.00540788
13.2917 0.00536097
13.3198 0.00531448
13.3479 0.0052684
13.376 0.00522274
13.404 0.00517748
13.4321 0.00513262
13.4602 0.00508817
13.4883 0.00504411
13.5164 0.00500045
13.5445 0.00495717
13.5726 0.00491428
13.6007 0.00487178
13.6288 0.00482965
13.6569 0.00478789
13.685 0.00474651
13.7131 0.0047055
13.7412 0.00466485
13.7693 0.00462456
13.7974 0.00458463
13.8255 0.00454505
13.8536 0.00450583
13.8817 0.00446696
13.9098 0.00442843
13.9379 0.00439024
13.966 0.00435239
13.9941 0.00431487
14.0222 0.00427769
14.0503 0.00424084
14.0784 0.00420432
14.1065 0.00416811
14.1346 0.00413223
14.1627 0.00409667
14.1908 0.00406142
14.2189 0.00402648
14.2469 0.00399186
14.275 0.00395753
14.3031 0.00392352
14.3312 0.0038898
14.3593 0.00385638
14.3874 0.00382325
14.4155 0.00379042
14.4436 0.00375788
14.4717 0.00372562
14.4998 0.00369365
14.5279 0.00366196
14.556 0.00363055
14.5841 0.00359942
14.6122 0.00356856
14.6403 0.00353797
14.6684 0.00350765
14.6965 0.0034776
14.7246 0.00344782
14.7527 0.00341829
14.7808 0.00338903
14.8089 0.00336002
14.837 0.00333127
14.8651 0.00330277
14.8932 0.00327452
14.9213 0.00324652
14.9494 0.00321876
14.9775 0.00319125
15.0056 0.00316398
15.0337 0.00313694
15.0617 0.00311015
15.0898 0.00308359
15.1179 0.00305726
15.146 0.00303117
15.1741 0.0030053
15.2022 0.00297966
15.2303 0.00295424
15.2584 0.00292905
15.2865 0.00290407
15.3146 0.00287932
15.3427 0.00285478
15.3708 0.00283045
15.3989 0.00280634
15.427 0.00278244
15.4551 0.00275875
15.4832 0.00273526
15.5113 0.00271198
15.5394 0.0026889
15.5675 0.00266602
15.5956 0.00264335
15.6237 0.00262087
15.6518 0.00259859
15.6799 0.0025765
15.708 0.0025546
15.7361 0.00253289
15.7642 0.00251138
15.7923 0.00249005
15.8204 0.0024689
15.8485 0.00244794
15.8765 0.00242717
15.9046 0.00240657
15.9327 0.00238615
15.9608 0.00236591
15.9889 0.00234585
16.017 0.00232596
16.0451 0.00230624
16.0732 0.00228669
16.1013 0.00226732
16.1294 0.00224811
16.1575 0.00222907
16.1856 0.00221019
16.2137 0.00219148
16.2418 0.00217293
16.2699 0.00215454
16.298 0.00213631
16.3261 0.00211824
16.3542 0.00210032
16.3823 0.00208256
16.4104 0.00206495
16.4385 0.0020475
16.4666 0.00203019
16.4947 0.00201304
16.5228 0.00199603
16.5509 0.00197917
16.579 0.00196246
16.6071 0.00194589
16.6352 0.00192947
16.6633 0.00191318
16.6913 0.00189704
16.7194 0.00188104
16.7475 0.00186517
16.7756 0.00184944
16.8037 0.00183385
16.8318 0.00181839
16.8599 0.00180307
16.888 0.00178787
16.9161 0.00177281
16.9442 0.00175788
16.9723 0.00174307
17.0004 0.0017284
17.0285 0.00171385
17.0566 0.00169942
17.0847 0.00168512
17.1128 0.00167095
17.1409 0.00165689
17.169 0.00164296
17.1971 0.00162914
17.2252 0.00161544
17.2533 0.00160187
17.2814 0.0015884
17.3095 0.00157506
17.3376 0.00156183
17.3657 0.00154871
17.3938 0.0015357
17.4219 0.00152281
17.45 0.00151002
17.4781 0.00149735
17.5062 0.00148479
17.5342 0.00147233
17.5623 0.00145998
17.5904 0.00144773
17.6185 0.00143559
17.6466 0.00142356
17.6747 0.00141163
17.7028 0.0013998
17.7309 0.00138807
17.759 0.00137644
17.7871 0.00136491
17.8152 0.00135348
17.8433 0.00134214
17.8714 0.00133091
17.8995 0.00131977
17.9276 0.00130872
17.9557 0.00129777
17.9838 0.00128692
18.0119 0.00127615
18.04 0.00126548
18.0681 0.0012549
18.0962 0.00124441
18.1243 0.00123401
18.1524 0.00122369
18.1805 0.00121347
18.2086 0.00120333
18.2367 0.00119328
18.2648 0.00118331
18.2929 0.00117343
18.321 0.00116364
18.349 0.00115393
18.3771 0.00114429
18.4052 0.00113475
18.4333 0.00112528
18.4614 0.00111589
18.4895 0.00110659
18.5176 0.00109736
18.5457 0.00108821
18.5738 0.00107914
18.6019 0.00107015
18.63 0.00106123
18.6581 0.00105239
18.6862 0.00104362
18.7143 0.00103493
18.7424 0.00102631
18.7705 0.00101777
18.7986 0.00100929
18.8267 0.00100089
18.8548 0.000992564
18.8829 0.000984306
18.911 0.000976117
18.9391 0.000967998
18.9672 0.000959948
18.9953 0.000951966
19.0234 0.000944052
19.0515 0.000936204
19.0796 0.000928424
19.1077 0.000920709
19.1358 0.000913059
19.1638 0.000905475
19.1919 0.000897954
19.22 0.000890497
19.2481 0.000883103
19.2762 0.000875772
19.3043 0.000868503
19.3324 0.000861295
19.3605 0.000854149
19.3886 0.000847062
19.4167 0.000840036
19.4448 0.000833069
19.4729 0.000826161
19.501 0.000819311
19.5291 0.000812519
19.5572 0.000805784
19.5853 0.000799106
19.6134 0.000792485
19.6415 0.000785919
19.6696 0.000779409
19.6977 0.000772954
19.7258 0.000766553
19.7539 0.000760207
19.782 0.000753913
19.8101 0.000747673
19.8382 0.000741485
19.8663 0.00073535
19.8944 0.000729266
19.9225 0.000723234
19.9506 0.000717252
19.9786 0.00071132
20.0067 0.000705439
20.0348 0.000699607
20.0629 0.000693824
20.091 0.00068809
20.1191 0.000682404
20.1472 0.000676766
20.1753 0.000671175
20.2034 0.000665631
20.2315 0.000660134
20.2596 0.000654683
20.2877 0.000649278
20.3158 0.000643919
20.3439 0.000638604
20.372 0.000633334
20.4001 0.000628108
20.4282 0.000622926
20.4563 0.000617788
20.4844 0.000612692
20.5125 0.00060764
20.5406 0.00060263
20.5687 0.000597662
20.5968 0.000592735
20.6249 0.00058785
20.653 0.000583006
20.6811 0.000578202
20.7092 0.000573439
20.7373 0.000568715
20.7654 0.000564032
20.7935 0.000559387
20.8215 0.000554781
20.8496 0.000550214
20.8777 0.000545685
20.9058 0.000541194
20.9339 0.000536741
20.962 0.000532325
20.9901 0.000527945
21.0182 0.000523603
21.0463 0.000519297
21.0744 0.000515026
21.1025 0.000510792
21.1306 0.000506593
21.1587 0.000502429
21.1868 0.000498299
21.2149 0.000494205
21.243 0.000490144
21.2711 0.000486117
21.2992 0.000482124
21.3273 0.000478165
21.3554 0.000474238
21.3835 0.000470344
21.4116 0.000466483
21.4397 0.000462654
21.4678 0.000458856
21.4959 0.000455091
21.524 0.000451357
21.5521 0.000447654
21.5802 0.000443982
21.6083 0.00044034
21.6363 0.000436729
21.6644 0.000433148
21.6925 0.000429597
21.7206 0.000426075
21.7487 0.000422583
21.7768 0.000419119
21.8049 0.000415685
21.833 0.000412279
21.8611 0.000408902
21.8892 0.000405552
21.9173 0.000402231
21.9454 0.000398937
21.9735 0.00039567
22.0016 0.000392431
22.0297 0.000389219
22.0578 0.000386033
22.0859 0.000382874
22.114 0.000379741
22.1421 0.000376634
22.1702 0.000373553
22.1983 0.000370497
22.2264 0.000367467
22.2545 0.000364462
22.2826 0.000361482
22.3107 0.000358527
22.3388 0.000355596
22.3669 0.00035269
22.395 0.000349808
22.4231 0.000346949
22.4511 0.000344115
22.4792 0.000341303
22.5073 0.000338516
22.5354 0.000335751
22.5635 0.000333009
22.5916 0.00033029
22.6197 0.000327594
22.6478 0.000324919
22.6759 0.000322267
22.704 0.000319637
22.7321 0.000317029
22.7602 0.000314442
22.7883 0.000311877
22.8164 0.000309333
22.8445 0.00030681
22.8726 0.000304308
22.9007 0.000301827
22.9288 0.000299366
22.9569 0.000296925
22.985 0.000294505
23.0131 0.000292105
23.0412 0.000289724
23.0693 0.000287364
23.0974 0.000285022
23.1255 0.000282701
23.1536 0.000280398
23.1817 0.000278114
23.2098 0.000275849
23.2379 0.000273603
23.2659 0.000271376
23.294 0.000269167
23.3221 0.000266976
23.3502 0.000264803
23.3783 0.000262648
23.4064 0.000260511
23.4345 0.000258392
23.4626 0.00025629
23.4907 0.000254205
23.5188 0.000252138
23.5469 0.000250087
23.575 0.000248054
23.6031 0.000246037
23.6312 0.000244037
23.6593 0.000242054
23.6874 0.000240086
23.7155 0.000238135
23.7436 0.0002362
23.7717 0.000234281
23.7998 0.000232378
23.8279 0.000230491
23.856 0.000228619
23.8841 0.000226762
23.9122 0.000224921
23.9403 0.000223095
23.9684 0.000221284
23.9965 0.000219488
24.0246 0.000217706
24.0527 0.00021594
24.0808 0.000214187
24.1088 0.00021245
24.1369 0.000210726
24.165 0.000209017
24.1931 0.000207321
24.2212 0.00020564
24.2493 0.000203973
24.2774 0.000202319
24.3055 0.000200679
24.3336 0.000199052
24.3617 0.000197438
24.3898 0.000195838
24.4179 0.000194251
24.446 0.000192677
24.4741 0.000191116
24.5022 0.000189568
24.5303 0.000188033
24.5584 0.00018651
24.5865 0.000184999
24.6146 0.000183501
24.6427 0.000182016
24.6708 0.000180542
24.6989 0.000179081
24.727 0.000177631
24.7551 0.000176194
24.7832 0.000174768
24.8113 0.000173354
24.8394 0.000171951
24.8675 0.00017056
24.8956 0.000169181
24.9236 0.000167812
24.9517 0.000166455
24.9798 0.000165109
25.0079 0.000163774
25.036 0.00016245
25.0641 0.000161137
25.0922 0.000159835
25.1203 0.000158543
25.1484 0.000157262
25.1765 0.000155991
25.2046 0.000154731
25.2327 0.000153481
25.2608 0.000152241
25.2889 0.000151011
25.317 0.000149792
25.3451 0.000148582
25.3732 0.000147382
25.4013 0.000146192
25.4294 0.000145012
25.4575 0.000143842
25.4856 0.000142681
25.5137 0.000141529
25.5418 0.000140387
25.5699 0.000139255
25.598 0.000138131
25.6261 0.000137017
25.6542 0.000135912
25.6823 0.000134815
25.7104 0.000133728
25.7384 0.00013265
25.7665 0.00013158
25.7946 0.000130519
25.8227 0.000129467
25.8508 0.000128424
25.8789 0.000127389
25.907 0.000126362
25.9351 0.000125344
25.9632 0.000124334
25.9913 0.000123332
26.0194 0.000122339
26.0475 0.000121353
26.0756 0.000120376
26.1037 0.000119406
26.1318 0.000118445
26.1599 0.000117491
26.188 0.000116545
26.2161 0.000115607
26.2442 0.000114676
26.2723 0.000113753
26.3004 0.000112838
26.3285 0.00011193
26.3566 0.000111029
26.3847 0.000110136
26.4128 0.00010925
26.4409 0.000108371
26.469 0.0001075
26.4971 0.000106635
26.5252 0.000105778
26.5532 0.000104927
26.5813 0.000104083
26.6094 0.000103247
26.6375 0.000102417
26.6656 0.000101593
26.6937 0.000100777
26.7218 9.9967e-05
26.7499 9.91637e-05
26.778 9.8367e-05
26.8061 9.75767e-05
26.8342 9.67928e-05
26.8623 9.60153e-05
26.8904 9.52441e-05
26.9185 9.44792e-05
26.9466 9.37205e-05
26.9747 9.2968e-05
27.0028 9.22216e-05
27.0309 9.14812e-05
27.059 9.07469e-05
27.0871 9.00185e-05
27.1152 8.9296e-05
