-4.0268 0.000319061
-4.01893 0.000324439
-4.01106 0.000329909
-4.00319 0.00033547
-3.99533 0.000341126
-3.98746 0.000346877
-3.97959 0.000352725
-3.97172 0.000358672
-3.96385 0.000364719
-3.95599 0.000370868
-3.94812 0.000377121
-3.94025 0.000383479
-3.93238 0.000389945
-3.92451 0.00039652
-3.91664 0.000403206
-3.90878 0.000410005
-3.90091 0.000416919
-3.89304 0.000423949
-3.88517 0.000431098
-3.8773 0.000438368
-3.86944 0.00044576
-3.86157 0.000453277
-3.8537 0.000460922
-3.84583 0.000468695
-3.83796 0.000476599
-3.83009 0.000484637
-3.82223 0.000492811
-3.81436 0.000501122
-3.80649 0.000509574
-3.79862 0.000518169
-3.79075 0.000526909
-3.78288 0.000535796
-3.77502 0.000544833
-3.76715 0.000554023
-3.75928 0.000563368
-3.75141 0.000572871
-3.74354 0.000582534
-3.73568 0.000592361
-3.72781 0.000602353
-3.71994 0.000612514
-3.71207 0.000622847
-3.7042 0.000633354
-3.69633 0.000644039
-3.68847 0.000654903
-3.6806 0.000665952
-3.67273 0.000677187
-3.66486 0.000688611
-3.65699 0.000700229
-3.64912 0.000712042
-3.64126 0.000724056
-3.63339 0.000736272
-3.62552 0.000748694
-3.61765 0.000761326
-3.60978 0.000774171
-3.60192 0.000787233
-3.59405 0.000800516
-3.58618 0.000814023
-3.57831 0.000827758
-3.57044 0.000841725
-3.56257 0.000855928
-3.55471 0.00087037
-3.54684 0.000885057
-3.53897 0.000899991
-3.5311 0.000915178
-3.52323 0.000930621
-3.51537 0.000946324
-3.5075 0.000962293
-3.49963 0.000978532
-3.49176 0.000995044
-3.48389 0.00101184
-3.47602 0.00102891
-3.46816 0.00104627
-3.46029 0.00106393
-3.45242 0.00108188
-3.44455 0.00110014
-3.43668 0.00111871
-3.42881 0.00113759
-3.42095 0.00115678
-3.41308 0.00117631
-3.40521 0.00119616
-3.39734 0.00121635
-3.38947 0.00123687
-3.38161 0.00125775
-3.37374 0.00127897
-3.36587 0.00130056
-3.358 0.00132251
-3.35013 0.00134483
-3.34226 0.00136752
-3.3344 0.0013906
-3.32653 0.00141407
-3.31866 0.00143794
-3.31079 0.0014622
-3.30292 0.00148688
-3.29506 0.00151197
-3.28719 0.00153749
-3.27932 0.00156344
-3.27145 0.00158983
-3.26358 0.00161666
-3.25571 0.00164394
-3.24785 0.00167169
-3.23998 0.0016999
-3.23211 0.00172859
-3.22424 0.00175776
-3.21637 0.00178742
-3.2085 0.00181759
-3.20064 0.00184826
-3.19277 0.00187945
-3.1849 0.00191117
-3.17703 0.00194343
-3.16916 0.00197622
-3.1613 0.00200957
-3.15343 0.00204349
-3.14556 0.00207797
-3.13769 0.00211304
-3.12982 0.0021487
-3.12195 0.00218496
-3.11409 0.00222183
-3.10622 0.00225932
-3.09835 0.00229744
-3.09048 0.00233621
-3.08261 0.00237563
-3.07474 0.00241572
-3.06688 0.00245648
-3.05901 0.00249793
-3.05114 0.00254008
-3.04327 0.00258294
-3.0354 0.00262652
-3.02754 0.00267083
-3.01967 0.0027159
-3.0118 0.00276172
-3.00393 0.00280831
-2.99606 0.00285569
-2.98819 0.00290387
-2.98033 0.00295286
-2.97246 0.00300268
-2.96459 0.00305333
-2.95672 0.00310484
-2.94885 0.00315721
-2.94099 0.00321047
-2.93312 0.00326462
-2.92525 0.00331969
-2.91738 0.00337569
-2.90951 0.00343262
-2.90164 0.00349052
-2.89378 0.00354939
-2.88591 0.00360925
-2.87804 0.00367012
-2.87017 0.00373201
-2.8623 0.00379495
-2.85443 0.00385894
-2.84657 0.00392402
-2.8387 0.00399018
-2.83083 0.00405746
-2.82296 0.00412588
-2.81509 0.00419544
-2.80723 0.00426617
-2.79936 0.0043381
-2.79149 0.00441123
-2.78362 0.00448559
-2.77575 0.0045612
-2.76788 0.00463809
-2.76002 0.00471626
-2.75215 0.00479575
-2.74428 0.00487658
-2.73641 0.00495877
-2.72854 0.00504233
-2.72068 0.0051273
-2.71281 0.0052137
-2.70494 0.00530155
-2.69707 0.00539088
-2.6892 0.0054817
-2.68133 0.00557405
-2.67347 0.00566795
-2.6656 0.00576343
-2.65773 0.00586051
-2.64986 0.00595922
-2.64199 0.00605958
-2.63412 0.00616163
-2.62626 0.00626539
-2.61839 0.0063709
-2.61052 0.00647817
-2.60265 0.00658724
-2.59478 0.00669814
-2.58692 0.0068109
-2.57905 0.00692554
-2.57118 0.00704211
-2.56331 0.00716064
-2.55544 0.00728115
-2.54757 0.00740367
-2.53971 0.00752825
-2.53184 0.00765492
-2.52397 0.0077837
-2.5161 0.00791465
-2.50823 0.00804778
-2.50036 0.00818314
-2.4925 0.00832077
-2.48463 0.0084607
-2.47676 0.00860296
-2.46889 0.00874761
-2.46102 0.00889468
-2.45316 0.0090442
-2.44529 0.00919622
-2.43742 0.00935078
-2.42955 0.00950793
-2.42168 0.00966769
-2.41381 0.00983013
-2.40595 0.00999527
-2.39808 0.0101632
-2.39021 0.0103339
-2.38234 0.0105074
-2.37447 0.0106839
-2.36661 0.0108633
-2.35874 0.0110456
-2.35087 0.0112311
-2.343 0.0114196
-2.33513 0.0116112
-2.32726 0.011806
-2.3194 0.0120041
-2.31153 0.0122055
-2.30366 0.0124102
-2.29579 0.0126184
-2.28792 0.01283
-2.28005 0.0130451
-2.27219 0.0132638
-2.26432 0.0134861
-2.25645 0.0137121
-2.24858 0.0139418
-2.24071 0.0141754
-2.23285 0.0144129
-2.22498 0.0146543
-2.21711 0.0148997
-2.20924 0.0151491
-2.20137 0.0154027
-2.1935 0.0156605
-2.18564 0.0159226
-2.17777 0.016189
-2.1699 0.0164598
-2.16203 0.0167351
-2.15416 0.0170149
-2.1463 0.0172994
-2.13843 0.0175886
-2.13056 0.0178825
-2.12269 0.0181813
-2.11482 0.018485
-2.10695 0.0187938
-2.09909 0.0191076
-2.09122 0.0194266
-2.08335 0.0197509
-2.07548 0.0200805
-2.06761 0.0204155
-2.05974 0.020756
-2.05188 0.0211021
-2.04401 0.021454
-2.03614 0.0218116
-2.02827 0.022175
-2.0204 0.0225445
-2.01254 0.02292
-2.00467 0.0233016
-1.9968 0.0236895
-1.98893 0.0240838
-1.98106 0.0244845
-1.97319 0.0248917
-1.96533 0.0253057
-1.95746 0.0257263
-1.94959 0.0261539
-1.94172 0.0265884
-1.93385 0.02703
-1.92598 0.0274789
-1.91812 0.027935
-1.91025 0.0283985
-1.90238 0.0288696
-1.89451 0.0293484
-1.88664 0.0298349
-1.87878 0.0303294
-1.87091 0.0308318
-1.86304 0.0313424
-1.85517 0.0318613
-1.8473 0.0323886
-1.83943 0.0329244
-1.83157 0.0334689
-1.8237 0.0340221
-1.81583 0.0345843
-1.80796 0.0351556
-1.80009 0.035736
-1.79223 0.0363259
-1.78436 0.0369252
-1.77649 0.0375341
-1.76862 0.0381528
-1.76075 0.0387815
-1.75288 0.0394202
-1.74502 0.0400691
-1.73715 0.0407285
-1.72928 0.0413983
-1.72141 0.0420789
-1.71354 0.0427703
-1.70567 0.0434728
-1.69781 0.0441864
-1.68994 0.0449114
-1.68207 0.0456479
-1.6742 0.0463961
-1.66633 0.0471561
-1.65847 0.0479282
-1.6506 0.0487125
-1.64273 0.0495092
-1.63486 0.0503185
-1.62699 0.0511405
-1.61912 0.0519755
-1.61126 0.0528236
-1.60339 0.053685
-1.59552 0.0545599
-1.58765 0.0554485
-1.57978 0.056351
-1.57191 0.0572676
-1.56405 0.0581985
-1.55618 0.0591439
-1.54831 0.060104
-1.54044 0.061079
-1.53257 0.0620692
-1.52471 0.0630746
-1.51684 0.0640956
-1.50897 0.0651323
-1.5011 0.0661851
-1.49323 0.067254
-1.48536 0.0683393
-1.4775 0.0694412
-1.46963 0.0705601
-1.46176 0.0716959
-1.45389 0.0728492
-1.44602 0.0740199
-1.43816 0.0752085
-1.43029 0.076415
-1.42242 0.0776398
-1.41455 0.0788831
-1.40668 0.0801451
-1.39881 0.0814261
-1.39095 0.0827263
-1.38308 0.0840459
-1.37521 0.0853853
-1.36734 0.0867446
-1.35947 0.0881241
-1.3516 0.089524
-1.34374 0.0909447
-1.33587 0.0923863
-1.328 0.0938491
-1.32013 0.0953334
-1.31226 0.0968394
-1.3044 0.0983674
-1.29653 0.0999176
-1.28866 0.10149
-1.28079 0.103086
-1.27292 0.104704
-1.26505 0.106346
-1.25719 0.108012
-1.24932 0.109701
-1.24145 0.111414
-1.23358 0.113151
-1.22571 0.114913
-1.21785 0.1167
-1.20998 0.118512
-1.20211 0.12035
-1.19424 0.122213
-1.18637 0.124102
-1.1785 0.126017
-1.17064 0.127958
-1.16277 0.129927
-1.1549 0.131922
-1.14703 0.133944
-1.13916 0.135993
-1.13129 0.138071
-1.12343 0.140176
-1.11556 0.142309
-1.10769 0.144471
-1.09982 0.146661
-1.09195 0.14888
-1.08409 0.151128
-1.07622 0.153405
-1.06835 0.155712
-1.06048 0.158049
-1.05261 0.160415
-1.04474 0.162812
-1.03688 0.165239
-1.02901 0.167696
-1.02114 0.170184
-1.01327 0.172703
-1.0054 0.175253
-0.997535 0.177835
-0.989667 0.180447
-0.981798 0.183091
-0.97393 0.185767
-0.966062 0.188474
-0.958194 0.191214
-0.950326 0.193985
-0.942457 0.196789
-0.934589 0.199624
-0.926721 0.202492
-0.918853 0.205392
-0.910985 0.208325
-0.903116 0.21129
-0.895248 0.214287
-0.88738 0.217317
-0.879512 0.220379
-0.871643 0.223473
-0.863775 0.2266
-0.855907 0.229759
-0.848039 0.232951
-0.840171 0.236174
-0.832302 0.23943
-0.824434 0.242717
-0.816566 0.246036
-0.808698 0.249387
-0.800829 0.252769
-0.792961 0.256182
-0.785093 0.259627
-0.777225 0.263101
-0.769357 0.266607
-0.761488 0.270142
-0.75362 0.273707
-0.745752 0.277302
-0.737884 0.280925
-0.730015 0.284577
-0.722147 0.288257
-0.714279 0.291965
-0.706411 0.2957
-0.698543 0.299461
-0.690674 0.303249
-0.682806 0.307062
-0.674938 0.3109
-0.66707 0.314762
-0.659201 0.318647
-0.651333 0.322555
-0.643465 0.326485
-0.635597 0.330437
-0.627729 0.334408
-0.61986 0.338399
-0.611992 0.342409
-0.604124 0.346436
-0.596256 0.35048
-0.588388 0.354539
-0.580519 0.358612
-0.572651 0.362699
-0.564783 0.366798
-0.556915 0.370909
-0.549046 0.375028
-0.541178 0.379157
-0.53331 0.383292
-0.525442 0.387434
-0.517574 0.391579
-0.509705 0.395728
-0.501837 0.399878
-0.493969 0.404028
-0.486101 0.408177
-0.478232 0.412322
-0.470364 0.416462
-0.462496 0.420596
-0.454628 0.424721
-0.44676 0.428837
-0.438891 0.43294
-0.431023 0.43703
-0.423155 0.441104
-0.415287 0.445161
-0.407418 0.449198
-0.39955 0.453214
-0.391682 0.457207
-0.383814 0.461174
-0.375946 0.465113
-0.368077 0.469023
-0.360209 0.472901
-0.352341 0.476745
-0.344473 0.480553
-0.336604 0.484323
-0.328736 0.488053
-0.320868 0.491739
-0.313 0.495381
-0.305132 0.498976
-0.297263 0.502522
-0.289395 0.506016
-0.281527 0.509456
-0.273659 0.51284
-0.26579 0.516166
-0.257922 0.519431
-0.250054 0.522633
-0.242186 0.525771
-0.234318 0.528841
-0.226449 0.531842
-0.218581 0.534772
-0.210713 0.537628
-0.202845 0.540408
-0.194977 0.543111
-0.187108 0.545734
-0.17924 0.548275
-0.171372 0.550733
-0.163504 0.553105
-0.155635 0.55539
-0.147767 0.557586
-0.139899 0.55969
-0.132031 0.561703
-0.124163 0.563621
-0.116294 0.565444
-0.108426 0.56717
-0.100558 0.568797
-0.0926897 0.570325
-0.0848214 0.571751
-0.0769532 0.573075
-0.069085 0.574297
-0.0612168 0.575414
-0.0533486 0.576426
-0.0454803 0.577332
-0.0376121 0.578131
-0.0297439 0.578823
-0.0218757 0.579408
-0.0140075 0.579884
-0.00613925 0.580252
0.00172897 0.580511
0.00959719 0.580661
0.0174654 0.580701
0.0253336 0.580633
0.0332018 0.580456
0.0410701 0.580171
0.0489383 0.579777
0.0568065 0.579275
0.0646747 0.578666
0.0725429 0.57795
0.0804112 0.577128
0.0882794 0.576201
0.0961476 0.575169
0.104016 0.574034
0.111884 0.572796
0.119752 0.571457
0.12762 0.570018
0.135489 0.56848
0.143357 0.566845
0.151225 0.565113
0.159093 0.563287
0.166962 0.561368
0.17483 0.559357
0.182698 0.557257
0.190566 0.555069
0.198434 0.552794
0.206303 0.550435
0.214171 0.547994
0.222039 0.545471
0.229907 0.542871
0.237776 0.540193
0.245644 0.537441
0.253512 0.534617
0.26138 0.531721
0.269248 0.528758
0.277117 0.525728
0.284985 0.522635
0.292853 0.519479
0.300721 0.516264
0.30859 0.512991
0.316458 0.509663
0.324326 0.506281
0.332194 0.502849
0.340062 0.499367
0.347931 0.495839
0.355799 0.492267
0.363667 0.488652
0.371535 0.484997
0.379404 0.481304
0.387272 0.477575
0.39514 0.473812
0.403008 0.470018
0.410876 0.466193
0.418745 0.462341
0.426613 0.458463
0.434481 0.454561
0.442349 0.450638
0.450217 0.446694
0.458086 0.442733
0.465954 0.438755
0.473822 0.434763
0.48169 0.430758
0.489559 0.426742
0.497427 0.422717
0.505295 0.418685
0.513163 0.414646
0.521031 0.410603
0.5289 0.406557
0.536768 0.40251
0.544636 0.398463
0.552504 0.394417
0.560373 0.390375
0.568241 0.386337
0.576109 0.382304
0.583977 0.378278
0.591845 0.374261
0.599714 0.370252
0.607582 0.366254
0.61545 0.362268
0.623318 0.358294
0.631187 0.354334
0.639055 0.350389
0.646923 0.346459
0.654791 0.342546
0.662659 0.33865
0.670528 0.334773
0.678396 0.330915
0.686264 0.327076
0.694132 0.323258
0.702001 0.319462
0.709869 0.315688
0.717737 0.311936
0.725605 0.308208
0.733473 0.304504
0.741342 0.300824
0.74921 0.297169
0.757078 0.293539
0.764946 0.289936
0.772815 0.286359
0.780683 0.282809
0.788551 0.279286
0.796419 0.275791
0.804287 0.272324
0.812156 0.268885
0.820024 0.265475
0.827892 0.262093
0.83576 0.258741
0.843628 0.255417
0.851497 0.252124
0.859365 0.24886
0.867233 0.245626
0.875101 0.242422
0.88297 0.239248
0.890838 0.236104
0.898706 0.232991
0.906574 0.229909
0.914442 0.226856
0.922311 0.223835
0.930179 0.220844
0.938047 0.217883
0.945915 0.214953
0.953784 0.212054
0.961652 0.209185
0.96952 0.206347
0.977388 0.20354
0.985256 0.200762
0.993125 0.198016
1.00099 0.195299
1.00886 0.192613
1.01673 0.189956
1.0246 0.18733
1.03247 0.184734
1.04033 0.182167
1.0482 0.179631
1.05607 0.177123
1.06394 0.174645
1.07181 0.172196
1.07968 0.169776
1.08754 0.167385
1.09541 0.165023
1.10328 0.162689
1.11115 0.160384
1.11902 0.158106
1.12688 0.155857
1.13475 0.153635
1.14262 0.151441
1.15049 0.149275
1.15836 0.147135
1.16623 0.145022
1.17409 0.142936
1.18196 0.140877
1.18983 0.138844
1.1977 0.136837
1.20557 0.134855
1.21343 0.132899
1.2213 0.130969
1.22917 0.129064
1.23704 0.127184
1.24491 0.125328
1.25278 0.123497
1.26064 0.12169
1.26851 0.119907
1.27638 0.118148
1.28425 0.116412
1.29212 0.114699
1.29999 0.11301
1.30785 0.111343
1.31572 0.109699
1.32359 0.108077
1.33146 0.106477
1.33933 0.104899
1.34719 0.103343
1.35506 0.101808
1.36293 0.100294
1.3708 0.0988011
1.37867 0.0973287
1.38654 0.0958767
1.3944 0.094445
1.40227 0.0930331
1.41014 0.091641
1.41801 0.0902684
1.42588 0.088915
1.43374 0.0875807
1.44161 0.0862652
1.44948 0.0849682
1.45735 0.0836896
1.46522 0.0824291
1.47309 0.0811866
1.48095 0.0799617
1.48882 0.0787543
1.49669 0.0775642
1.50456 0.0763911
1.51243 0.0752348
1.5203 0.0740951
1.52816 0.0729719
1.53603 0.0718648
1.5439 0.0707737
1.55177 0.0696984
1.55964 0.0686387
1.5675 0.0675944
1.57537 0.0665653
1.58324 0.0655511
1.59111 0.0645517
1.59898 0.0635669
1.60685 0.0625965
1.61471 0.0616404
1.62258 0.0606982
1.63045 0.0597699
1.63832 0.0588552
1.64619 0.057954
1.65406 0.0570661
1.66192 0.0561912
1.66979 0.0553293
1.67766 0.0544802
1.68553 0.0536436
1.6934 0.0528195
1.70126 0.0520075
1.70913 0.0512077
1.717 0.0504197
1.72487 0.0496435
1.73274 0.0488789
1.74061 0.0481257
1.74847 0.0473837
1.75634 0.0466528
1.76421 0.0459329
1.77208 0.0452238
1.77995 0.0445253
1.78781 0.0438373
1.79568 0.0431596
1.80355 0.0424921
1.81142 0.0418347
1.81929 0.0411872
1.82716 0.0405494
1.83502 0.0399213
1.84289 0.0393027
1.85076 0.0386934
1.85863 0.0380934
1.8665 0.0375024
1.87437 0.0369204
1.88223 0.0363472
1.8901 0.0357827
1.89797 0.0352268
1.90584 0.0346794
1.91371 0.0341402
1.92157 0.0336093
1.92944 0.0330865
1.93731 0.0325716
1.94518 0.0320646
1.95305 0.0315653
1.96092 0.0310737
1.96878 0.0305896
1.97665 0.0301128
1.98452 0.0296434
1.99239 0.0291812
2.00026 0.028726
2.00812 0.0282778
2.01599 0.0278365
2.02386 0.027402
2.03173 0.0269741
2.0396 0.0265528
2.04747 0.026138
2.05533 0.0257295
2.0632 0.0253274
2.07107 0.0249314
2.07894 0.0245416
2.08681 0.0241577
2.09468 0.0237798
2.10254 0.0234077
2.11041 0.0230413
2.11828 0.0226806
2.12615 0.0223254
2.13402 0.0219758
2.14188 0.0216316
2.14975 0.0212926
2.15762 0.020959
2.16549 0.0206304
2.17336 0.020307
2.18123 0.0199886
2.18909 0.0196751
2.19696 0.0193665
2.20483 0.0190627
2.2127 0.0187635
2.22057 0.0184691
2.22844 0.0181792
2.2363 0.0178938
2.24417 0.0176128
2.25204 0.0173362
2.25991 0.0170639
2.26778 0.0167958
2.27564 0.0165319
2.28351 0.0162721
2.29138 0.0160164
2.29925 0.0157646
2.30712 0.0155168
2.31499 0.0152728
2.32285 0.0150326
2.33072 0.0147962
2.33859 0.0145635
2.34646 0.0143344
2.35433 0.0141088
2.36219 0.0138868
2.37006 0.0136682
2.37793 0.0134531
2.3858 0.0132413
2.39367 0.0130329
2.40154 0.0128277
2.4094 0.0126257
2.41727 0.0124268
2.42514 0.0122311
2.43301 0.0120384
2.44088 0.0118488
2.44875 0.0116621
2.45661 0.0114783
2.46448 0.0112974
2.47235 0.0111194
2.48022 0.0109441
2.48809 0.0107716
2.49595 0.0106018
2.50382 0.0104346
2.51169 0.0102701
2.51956 0.0101081
2.52743 0.00994871
2.5353 0.0097918
2.54316 0.00963735
2.55103 0.00948532
2.5589 0.00933568
2.56677 0.00918839
2.57464 0.00904341
2.58251 0.00890071
2.59037 0.00876025
2.59824 0.00862199
2.60611 0.00848591
2.61398 0.00835197
2.62185 0.00822013
2.62971 0.00809036
2.63758 0.00796264
2.64545 0.00783692
2.65332 0.00771318
2.66119 0.00759139
2.66906 0.00747151
2.67692 0.00735351
2.68479 0.00723738
2.69266 0.00712307
2.70053 0.00701056
2.7084 0.00689982
2.71626 0.00679083
2.72413 0.00668355
2.732 0.00657796
2.73987 0.00647403
2.74774 0.00637174
2.75561 0.00627107
2.76347 0.00617197
2.77134 0.00607444
2.77921 0.00597845
2.78708 0.00588397
2.79495 0.00579098
2.80282 0.00569945
2.81068 0.00560937
2.81855 0.0055207
2.82642 0.00543344
2.83429 0.00534755
2.84216 0.00526302
2.85002 0.00517981
2.85789 0.00509793
2.86576 0.00501733
2.87363 0.004938
2.8815 0.00485993
2.88937 0.00478309
2.89723 0.00470746
2.9051 0.00463302
2.91297 0.00455976
2.92084 0.00448766
2.92871 0.00441669
2.93657 0.00434685
2.94444 0.00427811
2.95231 0.00421045
2.96018 0.00414386
2.96805 0.00407832
2.97592 0.00401382
2.98378 0.00395033
2.99165 0.00388785
2.99952 0.00382636
3.00739 0.00376584
3.01526 0.00370627
3.02313 0.00364765
3.03099 0.00358995
3.03886 0.00353316
3.04673 0.00347727
3.0546 0.00342226
3.06247 0.00336812
3.07033 0.00331484
3.0782 0.0032624
3.08607 0.00321079
3.09394 0.00316
3.10181 0.00311
3.10968 0.0030608
3.11754 0.00301238
3.12541 0.00296472
3.13328 0.00291781
3.14115 0.00287165
3.14902 0.00282622
3.15689 0.0027815
3.16475 0.00273749
3.17262 0.00269418
3.18049 0.00265156
3.18836 0.0026096
3.19623 0.00256831
3.20409 0.00252768
3.21196 0.00248768
3.21983 0.00244832
3.2277 0.00240958
3.23557 0.00237146
3.24344 0.00233394
3.2513 0.00229701
3.25917 0.00226066
3.26704 0.00222489
3.27491 0.00218969
3.28278 0.00215504
3.29064 0.00212094
3.29851 0.00208739
3.30638 0.00205436
3.31425 0.00202185
3.32212 0.00198986
3.32999 0.00195838
3.33785 0.00192739
3.34572 0.00189689
3.35359 0.00186688
3.36146 0.00183734
3.36933 0.00180827
3.3772 0.00177966
3.38506 0.0017515
3.39293 0.00172379
3.4008 0.00169651
3.40867 0.00166967
3.41654 0.00164325
3.4244 0.00161725
3.43227 0.00159167
3.44014 0.00156648
3.44801 0.0015417
3.45588 0.00151731
3.46375 0.0014933
3.47161 0.00146968
3.47948 0.00144642
3.48735 0.00142354
3.49522 0.00140102
3.50309 0.00137885
3.51095 0.00135704
3.51882 0.00133557
3.52669 0.00131444
3.53456 0.00129365
3.54243 0.00127318
3.5503 0.00125304
3.55816 0.00123322
3.56603 0.00121371
3.5739 0.00119451
3.58177 0.00117561
3.58964 0.00115702
3.59751 0.00113871
3.60537 0.0011207
3.61324 0.00110297
3.62111 0.00108553
3.62898 0.00106835
3.63685 0.00105146
3.64471 0.00103482
3.65258 0.00101846
3.66045 0.00100235
3.66832 0.000986493
3.67619 0.00097089
3.68406 0.000955534
3.69192 0.000940421
3.69979 0.000925548
3.70766 0.000910909
3.71553 0.000896503
3.7234 0.000882325
3.73127 0.000868371
3.73913 0.000854638
3.747 0.000841122
3.75487 0.00082782
3.76274 0.000814729
3.77061 0.000801845
3.77847 0.000789166
3.78634 0.000776686
3.79421 0.000764405
3.80208 0.000752318
3.80995 0.000740422
3.81782 0.000728714
3.82568 0.000717192
3.83355 0.000705852
