-1.01669 0.00584991
-1.00564 0.0061057
-0.994595 0.00637178
-0.983547 0.00664853
-0.972499 0.00693632
-0.961451 0.00723553
-0.950403 0.00754655
-0.939355 0.00786978
-0.928307 0.00820563
-0.917259 0.00855452
-0.906211 0.00891688
-0.895164 0.00929315
-0.884116 0.00968377
-0.873068 0.0100892
-0.86202 0.0105099
-0.850972 0.0109464
-0.839924 0.0113991
-0.828876 0.0118686
-0.817828 0.0123553
-0.80678 0.0128598
-0.795733 0.0133826
-0.784685 0.0139241
-0.773637 0.014485
-0.762589 0.0150658
-0.751541 0.015667
-0.740493 0.0162892
-0.729445 0.016933
-0.718397 0.0175989
-0.70735 0.0182875
-0.696302 0.0189994
-0.685254 0.0197352
-0.674206 0.0204954
-0.663158 0.0212807
-0.65211 0.0220916
-0.641062 0.0229287
-0.630014 0.0237927
-0.618966 0.0246841
-0.607919 0.0256035
-0.596871 0.0265515
-0.585823 0.0275287
-0.574775 0.0285357
-0.563727 0.029573
-0.552679 0.0306413
-0.541631 0.0317411
-0.530583 0.032873
-0.519535 0.0340375
-0.508488 0.0352352
-0.49744 0.0364665
-0.486392 0.0377321
-0.475344 0.0390323
-0.464296 0.0403678
-0.453248 0.041739
-0.4422 0.0431463
-0.431152 0.0445901
-0.420105 0.046071
-0.409057 0.0475892
-0.398009 0.0491453
-0.386961 0.0507394
-0.375913 0.0523719
-0.364865 0.0540432
-0.353817 0.0557534
-0.342769 0.0575029
-0.331721 0.0592919
-0.320674 0.0611204
-0.309626 0.0629888
-0.298578 0.064897
-0.28753 0.0668452
-0.276482 0.0688333
-0.265434 0.0708614
-0.254386 0.0729295
-0.243338 0.0750375
-0.23229 0.0771852
-0.221243 0.0793725
-0.210195 0.0815992
-0.199147 0.0838651
-0.188099 0.0861698
-0.177051 0.0885131
-0.166003 0.0908945
-0.154955 0.0933136
-0.143907 0.09577
-0.132859 0.0982632
-0.121812 0.100793
-0.110764 0.103358
-0.0997158 0.105957
-0.088668 0.108592
-0.0776201 0.111259
-0.0665722 0.11396
-0.0555243 0.116692
-0.0444764 0.119455
-0.0334285 0.122249
-0.0223806 0.125071
-0.0113328 0.127922
-0.000284874 0.1308
0.010763 0.133704
0.0218109 0.136633
0.0328588 0.139586
0.0439067 0.142561
0.0549546 0.145557
0.0660024 0.148574
0.0770503 0.15161
0.0880982 0.154663
0.0991461 0.157732
0.110194 0.160816
0.121242 0.163913
0.13229 0.167022
0.143338 0.170142
0.154386 0.173271
0.165433 0.176407
0.176481 0.17955
0.187529 0.182697
0.198577 0.185847
0.209625 0.188999
0.220673 0.19215
0.231721 0.1953
0.242769 0.198447
0.253816 0.20159
0.264864 0.204726
0.275912 0.207855
0.28696 0.210975
0.298008 0.214083
0.309056 0.21718
0.320104 0.220263
0.331152 0.22333
0.3422 0.226381
0.353247 0.229414
0.364295 0.232427
0.375343 0.23542
0.386391 0.238389
0.397439 0.241336
0.408487 0.244257
0.419535 0.247151
0.430583 0.250018
0.441631 0.252856
0.452678 0.255664
0.463726 0.258441
0.474774 0.261185
0.485822 0.263895
0.49687 0.266571
0.507918 0.26921
0.518966 0.271813
0.530014 0.274378
0.541061 0.276904
0.552109 0.279391
0.563157 0.281837
0.574205 0.284241
0.585253 0.286603
0.596301 0.288923
0.607349 0.291198
0.618397 0.293429
0.629445 0.295615
0.640492 0.297756
0.65154 0.29985
0.662588 0.301897
0.673636 0.303897
0.684684 0.30585
0.695732 0.307754
0.70678 0.30961
0.717828 0.311417
0.728876 0.313175
0.739923 0.314883
0.750971 0.316542
0.762019 0.318151
0.773067 0.31971
0.784115 0.321219
0.795163 0.322677
0.806211 0.324086
0.817259 0.325444
0.828307 0.326752
0.839354 0.328009
0.850402 0.329217
0.86145 0.330374
0.872498 0.331481
0.883546 0.332538
0.894594 0.333546
0.905642 0.334504
0.91669 0.335413
0.927737 0.336272
0.938785 0.337083
0.949833 0.337846
0.960881 0.33856
0.971929 0.339227
0.982977 0.339846
0.994025 0.340418
1.00507 0.340943
1.01612 0.341422
1.02717 0.341855
1.03822 0.342243
1.04926 0.342585
1.06031 0.342883
1.07136 0.343137
1.08241 0.343347
1.09346 0.343515
1.1045 0.343639
1.11555 0.343722
1.1266 0.343763
1.13765 0.343763
1.1487 0.343723
1.15974 0.343643
1.17079 0.343524
1.18184 0.343366
1.19289 0.343169
1.20393 0.342936
1.21498 0.342665
1.22603 0.342358
1.23708 0.342015
1.24813 0.341637
1.25917 0.341224
1.27022 0.340778
1.28127 0.340298
1.29232 0.339785
1.30337 0.33924
1.31441 0.338664
1.32546 0.338057
1.33651 0.337419
1.34756 0.336751
1.3586 0.336055
1.36965 0.33533
1.3807 0.334577
1.39175 0.333796
1.4028 0.332989
1.41384 0.332156
1.42489 0.331297
1.43594 0.330414
1.44699 0.329506
1.45804 0.328574
1.46908 0.327619
1.48013 0.326641
1.49118 0.325641
1.50223 0.32462
1.51328 0.323577
1.52432 0.322515
1.53537 0.321432
1.54642 0.32033
1.55747 0.319209
1.56851 0.31807
1.57956 0.316914
1.59061 0.31574
1.60166 0.314549
1.61271 0.313342
1.62375 0.31212
1.6348 0.310882
1.64585 0.309629
1.6569 0.308363
1.66795 0.307082
1.67899 0.305788
1.69004 0.304482
1.70109 0.303163
1.71214 0.301832
1.72319 0.300489
1.73423 0.299136
1.74528 0.297772
1.75633 0.296398
1.76738 0.295014
1.77842 0.29362
1.78947 0.292218
1.80052 0.290807
1.81157 0.289388
1.82262 0.287961
1.83366 0.286527
1.84471 0.285085
1.85576 0.283637
1.86681 0.282183
1.87786 0.280723
1.8889 0.279257
1.89995 0.277785
1.911 0.276309
1.92205 0.274829
1.9331 0.273344
1.94414 0.271854
1.95519 0.270362
1.96624 0.268866
1.97729 0.267366
1.98833 0.265864
1.99938 0.26436
2.01043 0.262853
2.02148 0.261345
2.03253 0.259834
2.04357 0.258322
2.05462 0.256809
2.06567 0.255296
2.07672 0.253781
2.08777 0.252266
2.09881 0.250751
2.10986 0.249236
2.12091 0.247721
2.13196 0.246206
2.143 0.244693
2.15405 0.24318
2.1651 0.241668
2.17615 0.240158
2.1872 0.238649
2.19824 0.237141
2.20929 0.235636
2.22034 0.234133
2.23139 0.232631
2.24244 0.231133
2.25348 0.229636
2.26453 0.228143
2.27558 0.226652
2.28663 0.225165
2.29768 0.22368
2.30872 0.222199
2.31977 0.220722
2.33082 0.219248
2.34187 0.217778
2.35291 0.216311
2.36396 0.214849
2.37501 0.213391
2.38606 0.211937
2.39711 0.210487
2.40815 0.209042
2.4192 0.207601
2.43025 0.206166
2.4413 0.204734
2.45235 0.203308
2.46339 0.201887
2.47444 0.200471
2.48549 0.19906
2.49654 0.197654
2.50759 0.196254
2.51863 0.194859
2.52968 0.19347
2.54073 0.192086
2.55178 0.190708
2.56282 0.189335
2.57387 0.187968
2.58492 0.186608
2.59597 0.185253
2.60702 0.183904
2.61806 0.182561
2.62911 0.181224
2.64016 0.179893
2.65121 0.178569
2.66226 0.17725
2.6733 0.175938
2.68435 0.174633
2.6954 0.173333
2.70645 0.17204
2.71749 0.170754
2.72854 0.169474
2.73959 0.168201
2.75064 0.166934
2.76169 0.165673
2.77273 0.16442
2.78378 0.163172
2.79483 0.161932
2.80588 0.160698
2.81693 0.159471
2.82797 0.158251
2.83902 0.157037
2.85007 0.15583
2.86112 0.15463
2.87217 0.153437
2.88321 0.152251
2.89426 0.151071
2.90531 0.149898
2.91636 0.148732
2.9274 0.147573
2.93845 0.146421
2.9495 0.145275
2.96055 0.144136
2.9716 0.143005
2.98264 0.14188
2.99369 0.140762
3.00474 0.13965
3.01579 0.138546
3.02684 0.137448
3.03788 0.136358
3.04893 0.135274
3.05998 0.134197
3.07103 0.133127
3.08208 0.132063
3.09312 0.131007
3.10417 0.129957
3.11522 0.128914
3.12627 0.127878
3.13731 0.126848
3.14836 0.125826
3.15941 0.12481
3.17046 0.123801
3.18151 0.122798
3.19255 0.121802
3.2036 0.120813
3.21465 0.119831
3.2257 0.118855
3.23675 0.117885
3.24779 0.116923
3.25884 0.115967
3.26989 0.115017
3.28094 0.114074
3.29198 0.113138
3.30303 0.112208
3.31408 0.111285
3.32513 0.110368
3.33618 0.109457
3.34722 0.108553
3.35827 0.107655
3.36932 0.106764
3.38037 0.105879
3.39142 0.105
3.40246 0.104128
3.41351 0.103262
3.42456 0.102402
3.43561 0.101548
3.44666 0.100701
3.4577 0.0998595
3.46875 0.0990243
3.4798 0.0981952
3.49085 0.0973722
3.50189 0.0965552
3.51294 0.0957443
3.52399 0.0949393
3.53504 0.0941403
3.54609 0.0933473
3.55713 0.0925601
3.56818 0.0917789
3.57923 0.0910034
3.59028 0.0902338
3.60133 0.08947
3.61237 0.088712
3.62342 0.0879597
3.63447 0.087213
3.64552 0.0864721
3.65657 0.0857368
3.66761 0.0850071
3.67866 0.0842829
3.68971 0.0835643
3.70076 0.0828513
3.7118 0.0821437
3.72285 0.0814416
3.7339 0.0807449
3.74495 0.0800536
3.756 0.0793676
3.76704 0.078687
3.77809 0.0780117
3.78914 0.0773416
3.80019 0.0766768
3.81124 0.0760172
3.82228 0.0753628
3.83333 0.0747135
3.84438 0.0740693
3.85543 0.0734302
3.86647 0.0727962
3.87752 0.0721671
3.88857 0.0715431
3.89962 0.070924
3.91067 0.0703099
3.92171 0.0697006
3.93276 0.0690962
3.94381 0.0684966
3.95486 0.0679019
3.96591 0.0673119
3.97695 0.0667266
3.988 0.066146
3.99905 0.0655702
4.0101 0.0649989
4.02115 0.0644323
4.03219 0.0638703
4.04324 0.0633128
4.05429 0.0627599
4.06534 0.0622114
4.07638 0.0616674
4.08743 0.0611279
4.09848 0.0605927
4.10953 0.0600619
4.12058 0.0595355
4.13162 0.0590133
4.14267 0.0584955
4.15372 0.0579819
4.16477 0.0574725
4.17582 0.0569673
4.18686 0.0564663
4.19791 0.0559695
4.20896 0.0554767
4.22001 0.054988
4.23106 0.0545033
4.2421 0.0540227
4.25315 0.0535461
4.2642 0.0530734
4.27525 0.0526047
4.28629 0.0521398
4.29734 0.0516789
4.30839 0.0512218
4.31944 0.0507685
4.33049 0.050319
4.34153 0.0498732
4.35258 0.0494312
4.36363 0.048993
4.37468 0.0485583
4.38573 0.0481274
4.39677 0.0477001
4.40782 0.0472764
4.41887 0.0468562
4.42992 0.0464396
4.44096 0.0460265
4.45201 0.045617
4.46306 0.0452108
4.47411 0.0448082
4.48516 0.0444089
4.4962 0.044013
4.50725 0.0436205
4.5183 0.0432314
4.52935 0.0428455
4.5404 0.0424629
4.55144 0.0420836
4.56249 0.0417076
4.57354 0.0413347
4.58459 0.0409651
4.59564 0.0405985
4.60668 0.0402352
4.61773 0.0398749
4.62878 0.0395178
4.63983 0.0391637
4.65087 0.0388126
4.66192 0.0384646
4.67297 0.0381195
4.68402 0.0377775
4.69507 0.0374383
4.70611 0.0371021
4.71716 0.0367688
4.72821 0.0364384
4.73926 0.0361109
4.75031 0.0357861
4.76135 0.0354642
4.7724 0.0351451
4.78345 0.0348287
4.7945 0.0345151
4.80555 0.0342042
4.81659 0.033896
4.82764 0.0335904
4.83869 0.0332876
4.84974 0.0329873
4.86078 0.0326897
4.87183 0.0323947
4.88288 0.0321022
4.89393 0.0318123
4.90498 0.0315249
4.91602 0.0312401
4.92707 0.0309577
4.93812 0.0306778
4.94917 0.0304003
4.96022 0.0301253
4.97126 0.0298527
4.98231 0.0295824
4.99336 0.0293146
5.00441 0.0290491
5.01545 0.0287859
5.0265 0.028525
5.03755 0.0282664
5.0486 0.0280101
5.05965 0.0277561
5.07069 0.0275043
5.08174 0.0272547
5.09279 0.0270073
5.10384 0.0267621
5.11489 0.026519
5.12593 0.0262781
5.13698 0.0260394
5.14803 0.0258027
5.15908 0.0255681
5.17013 0.0253356
5.18117 0.0251052
5.19222 0.0248768
5.20327 0.0246504
5.21432 0.024426
5.22536 0.0242037
5.23641 0.0239832
5.24746 0.0237648
5.25851 0.0235483
5.26956 0.0233337
5.2806 0.023121
5.29165 0.0229102
5.3027 0.0227013
5.31375 0.0224942
5.3248 0.022289
5.33584 0.0220856
5.34689 0.021884
5.35794 0.0216843
5.36899 0.0214863
5.38004 0.02129
5.39108 0.0210955
5.40213 0.0209028
5.41318 0.0207118
5.42423 0.0205224
5.43527 0.0203348
5.44632 0.0201489
5.45737 0.0199646
5.46842 0.0197819
5.47947 0.0196009
5.49051 0.0194216
5.50156 0.0192438
5.51261 0.0190676
5.52366 0.018893
5.53471 0.01872
5.54575 0.0185485
5.5568 0.0183786
5.56785 0.0182101
5.5789 0.0180432
5.58994 0.0178778
5.60099 0.0177139
5.61204 0.0175515
5.62309 0.0173905
5.63414 0.0172309
5.64518 0.0170728
5.65623 0.0169162
5.66728 0.0167609
5.67833 0.016607
5.68938 0.0164546
5.70042 0.0163035
5.71147 0.0161537
5.72252 0.0160053
5.73357 0.0158583
5.74462 0.0157125
5.75566 0.0155681
5.76671 0.015425
5.77776 0.0152832
5.78881 0.0151427
5.79985 0.0150034
5.8109 0.0148654
5.82195 0.0147287
5.833 0.0145932
5.84405 0.0144589
5.85509 0.0143258
5.86614 0.0141939
5.87719 0.0140633
5.88824 0.0139338
5.89929 0.0138054
5.91033 0.0136783
5.92138 0.0135523
5.93243 0.0134274
5.94348 0.0133037
5.95453 0.0131811
5.96557 0.0130596
5.97662 0.0129392
5.98767 0.0128199
5.99872 0.0127017
6.00976 0.0125846
6.02081 0.0124685
6.03186 0.0123535
6.04291 0.0122396
6.05396 0.0121266
6.065 0.0120147
6.07605 0.0119038
6.0871 0.011794
6.09815 0.0116851
6.1092 0.0115772
6.12024 0.0114703
6.13129 0.0113644
6.14234 0.0112594
6.15339 0.0111554
6.16443 0.0110523
6.17548 0.0109502
6.18653 0.010849
6.19758 0.0107488
6.20863 0.0106494
6.21967 0.010551
6.23072 0.0104535
6.24177 0.0103568
6.25282 0.010261
6.26387 0.0101661
6.27491 0.0100721
6.28596 0.00997895
6.29701 0.00988663
6.30806 0.00979516
6.31911 0.00970452
6.33015 0.00961472
6.3412 0.00952573
6.35225 0.00943756
6.3633 0.0093502
6.37434 0.00926364
6.38539 0.00917787
6.39644 0.00909288
6.40749 0.00900867
6.41854 0.00892524
6.42958 0.00884257
6.44063 0.00876065
6.45168 0.00867949
6.46273 0.00859907
6.47378 0.00851939
6.48482 0.00844044
6.49587 0.00836221
6.50692 0.0082847
6.51797 0.00820791
6.52902 0.00813181
6.54006 0.00805642
6.55111 0.00798172
6.56216 0.0079077
6.57321 0.00783436
6.58425 0.0077617
6.5953 0.0076897
6.60635 0.00761837
6.6174 0.00754769
6.62845 0.00747766
6.63949 0.00740828
6.65054 0.00733953
6.66159 0.00727141
6.67264 0.00720393
6.68369 0.00713706
6.69473 0.00707081
6.70578 0.00700516
6.71683 0.00694012
6.72788 0.00687568
6.73892 0.00681184
6.74997 0.00674858
6.76102 0.0066859
6.77207 0.0066238
6.78312 0.00656227
6.79416 0.00650131
6.80521 0.00644091
6.81626 0.00638107
6.82731 0.00632178
6.83836 0.00626303
6.8494 0.00620483
6.86045 0.00614716
6.8715 0.00609003
6.88255 0.00603342
6.8936 0.00597733
6.90464 0.00592177
6.91569 0.00586671
6.92674 0.00581216
6.93779 0.00575812
6.94883 0.00570457
6.95988 0.00565152
6.97093 0.00559896
6.98198 0.00554688
6.99303 0.00549529
7.00407 0.00544417
7.01512 0.00539352
7.02617 0.00534334
7.03722 0.00529363
7.04827 0.00524437
7.05931 0.00519557
7.07036 0.00514722
7.08141 0.00509932
7.09246 0.00505186
7.10351 0.00500484
7.11455 0.00495825
7.1256 0.0049121
7.13665 0.00486637
7.1477 0.00482106
7.15874 0.00477617
7.16979 0.0047317
7.18084 0.00468764
7.19189 0.00464399
7.20294 0.00460074
7.21398 0.00455789
7.22503 0.00451544
7.23608 0.00447338
7.24713 0.00443171
7.25818 0.00439043
7.26922 0.00434953
7.28027 0.00430901
7.29132 0.00426886
7.30237 0.00422909
7.31342 0.00418968
7.32446 0.00415064
7.33551 0.00411196
7.34656 0.00407364
7.35761 0.00403567
7.36865 0.00399806
7.3797 0.00396079
7.39075 0.00392387
7.4018 0.00388729
7.41285 0.00385106
7.42389 0.00381515
7.43494 0.00377958
7.44599 0.00374434
7.45704 0.00370943
7.46809 0.00367484
7.47913 0.00364057
7.49018 0.00360662
7.50123 0.00357299
7.51228 0.00353967
7.52332 0.00350665
7.53437 0.00347395
7.54542 0.00344154
7.55647 0.00340944
7.56752 0.00337763
7.57856 0.00334612
7.58961 0.00331491
7.60066 0.00328398
7.61171 0.00325334
7.62276 0.00322298
7.6338 0.00319291
7.64485 0.00316312
7.6559 0.0031336
7.66695 0.00310436
7.678 0.00307539
7.68904 0.00304668
7.70009 0.00301825
7.71114 0.00299008
7.72219 0.00296217
7.73323 0.00293452
7.74428 0.00290712
7.75533 0.00287999
7.76638 0.0028531
7.77743 0.00282646
7.78847 0.00280007
7.79952 0.00277393
7.81057 0.00274803
7.82162 0.00272237
7.83267 0.00269695
7.84371 0.00267177
7.85476 0.00264682
7.86581 0.0026221
7.87686 0.00259761
7.88791 0.00257335
7.89895 0.00254932
7.91 0.00252551
7.92105 0.00250192
7.9321 0.00247855
7.94314 0.0024554
7.95419 0.00243246
7.96524 0.00240974
7.97629 0.00238723
7.98734 0.00236493
7.99838 0.00234283
8.00943 0.00232094
8.02048 0.00229926
8.03153 0.00227778
8.04258 0.00225649
8.05362 0.00223541
8.06467 0.00221452
8.07572 0.00219383
8.08677 0.00217332
8.09781 0.00215301
8.10886 0.00213289
8.11991 0.00211296
8.13096 0.00209321
8.14201 0.00207365
8.15305 0.00205427
8.1641 0.00203507
8.17515 0.00201605
8.1862 0.0019972
8.19725 0.00197853
8.20829 0.00196004
8.21934 0.00194171
8.23039 0.00192356
8.24144 0.00190558
8.25249 0.00188777
8.26353 0.00187012
8.27458 0.00185263
8.28563 0.00183531
8.29668 0.00181815
8.30772 0.00180115
8.31877 0.00178431
8.32982 0.00176763
8.34087 0.0017511
8.35192 0.00173472
8.36296 0.0017185
8.37401 0.00170243
8.38506 0.00168651
8.39611 0.00167074
8.40716 0.00165511
8.4182 0.00163963
8.42925 0.0016243
8.4403 0.00160911
8.45135 0.00159406
8.4624 0.00157915
8.47344 0.00156438
8.48449 0.00154974
8.49554 0.00153525
8.50659 0.00152089
8.51763 0.00150666
8.52868 0.00149257
8.53973 0.0014786
8.55078 0.00146477
8.56183 0.00145107
8.57287 0.00143749
8.58392 0.00142405
8.59497 0.00141072
8.60602 0.00139752
8.61707 0.00138445
8.62811 0.0013715
8.63916 0.00135866
8.65021 0.00134595
8.66126 0.00133336
8.6723 0.00132088
8.68335 0.00130852
8.6944 0.00129628
8.70545 0.00128415
8.7165 0.00127213
8.72754 0.00126023
8.73859 0.00124843
8.74964 0.00123675
8.76069 0.00122518
8.77174 0.00121371
8.78278 0.00120235
8.79383 0.0011911
8.80488 0.00117995
8.81593 0.00116891
8.82698 0.00115797
8.83802 0.00114713
8.84907 0.00113639
8.86012 0.00112576
8.87117 0.00111522
8.88221 0.00110478
8.89326 0.00109444
8.90431 0.0010842
8.91536 0.00107405
8.92641 0.00106399
8.93745 0.00105404
8.9485 0.00104417
8.95955 0.00103439
8.9706 0.00102471
8.98165 0.00101512
8.99269 0.00100562
9.00374 0.000996201
9.01479 0.000986875
9.02584 0.000977636
9.03689 0.000968484
9.04793 0.000959417
9.05898 0.000950434
9.07003 0.000941536
9.08108 0.000932721
9.09212 0.000923988
9.10317 0.000915337
9.11422 0.000906767
9.12527 0.000898277
9.13632 0.000889867
9.14736 0.000881535
9.15841 0.000873281
9.16946 0.000865104
9.18051 0.000857004
9.19156 0.000848979
9.2026 0.000841029
9.21365 0.000833154
9.2247 0.000825353
9.23575 0.000817624
9.24679 0.000809968
9.25784 0.000802383
9.26889 0.000794869
9.27994 0.000787426
9.29099 0.000780052
9.30203 0.000772747
9.31308 0.00076551
9.32413 0.000758341
9.33518 0.00075124
9.34623 0.000744204
9.35727 0.000737235
9.36832 0.00073033
9.37937 0.000723491
9.39042 0.000716715
9.40147 0.000710003
9.41251 0.000703353
9.42356 0.000696766
9.43461 0.00069024
9.44566 0.000683775
9.4567 0.000677371
9.46775 0.000671027
9.4788 0.000664742
9.48985 0.000658516
9.5009 0.000652348
9.51194 0.000646238
9.52299 0.000640185
9.53404 0.000634189
9.54509 0.000628249
9.55614 0.000622364
9.56718 0.000616535
9.57823 0.00061076
9.58928 0.000605039
9.60033 0.000599372
9.61138 0.000593758
9.62242 0.000588196
9.63347 0.000582686
9.64452 0.000577228
9.65557 0.000571821
9.66661 0.000566465
9.67766 0.000561158
9.68871 0.000555902
9.69976 0.000550694
9.71081 0.000545536
9.72185 0.000540426
9.7329 0.000535363
9.74395 0.000530348
9.755 0.00052538
9.76605 0.000520458
9.77709 0.000515583
9.78814 0.000510753
9.79919 0.000505968
9.81024 0.000501228
9.82128 0.000496533
9.83233 0.000491881
9.84338 0.000487273
9.85443 0.000482708
9.86548 0.000478186
9.87652 0.000473706
9.88757 0.000469268
9.89862 0.000464872
9.90967 0.000460517
9.92072 0.000456203
9.93176 0.000451929
9.94281 0.000447695
9.95386 0.000443501
9.96491 0.000439346
9.97596 0.00043523
9.987 0.000431152
9.99805 0.000427113
10.0091 0.000423111
10.0201 0.000419147
