-6.34687 0.00393404
-6.33177 0.00397973
-6.31668 0.00402594
-6.30158 0.00407267
-6.28649 0.00411994
-6.27139 0.00416775
-6.2563 0.0042161
-6.2412 0.00426501
-6.22611 0.00431447
-6.21101 0.0043645
-6.19591 0.00441509
-6.18082 0.00446627
-6.16572 0.00451802
-6.15063 0.00457037
-6.13553 0.00462331
-6.12044 0.00467686
-6.10534 0.00473101
-6.09025 0.00478578
-6.07515 0.00484117
-6.06006 0.00489719
-6.04496 0.00495385
-6.02986 0.00501116
-6.01477 0.00506911
-5.99967 0.00512772
-5.98458 0.005187
-5.96948 0.00524695
-5.95439 0.00530757
-5.93929 0.00536889
-5.9242 0.0054309
-5.9091 0.00549362
-5.894 0.00555704
-5.87891 0.00562118
-5.86381 0.00568605
-5.84872 0.00575166
-5.83362 0.005818
-5.81853 0.0058851
-5.80343 0.00595295
-5.78834 0.00602158
-5.77324 0.00609097
-5.75815 0.00616116
-5.74305 0.00623213
-5.72795 0.0063039
-5.71286 0.00637649
-5.69776 0.00644989
-5.68267 0.00652412
-5.66757 0.00659919
-5.65248 0.0066751
-5.63738 0.00675187
-5.62229 0.00682951
-5.60719 0.00690801
-5.5921 0.0069874
-5.577 0.00706769
-5.5619 0.00714887
-5.54681 0.00723097
-5.53171 0.00731399
-5.51662 0.00739795
-5.50152 0.00748284
-5.48643 0.00756869
-5.47133 0.0076555
-5.45624 0.00774329
-5.44114 0.00783206
-5.42604 0.00792182
-5.41095 0.00801259
-5.39585 0.00810437
-5.38076 0.00819719
-5.36566 0.00829104
-5.35057 0.00838594
-5.33547 0.0084819
-5.32038 0.00857894
-5.30528 0.00867705
-5.29019 0.00877627
-5.27509 0.00887659
-5.25999 0.00897803
-5.2449 0.0090806
-5.2298 0.00918431
-5.21471 0.00928918
-5.19961 0.00939522
-5.18452 0.00950243
-5.16942 0.00961084
-5.15433 0.00972046
-5.13923 0.0098313
-5.12413 0.00994336
-5.10904 0.0100567
-5.09394 0.0101712
-5.07885 0.0102871
-5.06375 0.0104042
-5.04866 0.0105226
-5.03356 0.0106424
-5.01847 0.0107634
-5.00337 0.0108858
-4.98828 0.0110096
-4.97318 0.0111347
-4.95808 0.0112612
-4.94299 0.0113891
-4.92789 0.0115184
-4.9128 0.0116492
-4.8977 0.0117814
-4.88261 0.011915
-4.86751 0.0120501
-4.85242 0.0121868
-4.83732 0.0123249
-4.82222 0.0124645
-4.80713 0.0126057
-4.79203 0.0127484
-4.77694 0.0128927
-4.76184 0.0130385
-4.74675 0.013186
-4.73165 0.0133351
-4.71656 0.0134858
-4.70146 0.0136382
-4.68637 0.0137922
-4.67127 0.013948
-4.65617 0.0141054
-4.64108 0.0142646
-4.62598 0.0144255
-4.61089 0.0145881
-4.59579 0.0147525
-4.5807 0.0149187
-4.5656 0.0150868
-4.55051 0.0152566
-4.53541 0.0154283
-4.52032 0.0156019
-4.50522 0.0157774
-4.49012 0.0159548
-4.47503 0.0161341
-4.45993 0.0163153
-4.44484 0.0164985
-4.42974 0.0166837
-4.41465 0.0168709
-4.39955 0.0170601
-4.38446 0.0172514
-4.36936 0.0174447
-4.35426 0.0176402
-4.33917 0.0178377
-4.32407 0.0180374
-4.30898 0.0182392
-4.29388 0.0184432
-4.27879 0.0186494
-4.26369 0.0188578
-4.2486 0.0190685
-4.2335 0.0192814
-4.21841 0.0194966
-4.20331 0.0197141
-4.18821 0.0199339
-4.17312 0.0201561
-4.15802 0.0203807
-4.14293 0.0206077
-4.12783 0.0208371
-4.11274 0.0210689
-4.09764 0.0213032
-4.08255 0.02154
-4.06745 0.0217794
-4.05235 0.0220213
-4.03726 0.0222657
-4.02216 0.0225128
-4.00707 0.0227625
-3.99197 0.0230148
-3.97688 0.0232698
-3.96178 0.0235275
-3.94669 0.0237879
-3.93159 0.0240511
-3.9165 0.0243171
-3.9014 0.0245859
-3.8863 0.0248575
-3.87121 0.0251319
-3.85611 0.0254093
-3.84102 0.0256896
-3.82592 0.0259728
-3.81083 0.026259
-3.79573 0.0265481
-3.78064 0.0268403
-3.76554 0.0271356
-3.75045 0.027434
-3.73535 0.0277354
-3.72025 0.0280401
-3.70516 0.0283479
-3.69006 0.0286589
-3.67497 0.0289731
-3.65987 0.0292906
-3.64478 0.0296114
-3.62968 0.0299355
-3.61459 0.0302629
-3.59949 0.0305938
-3.58439 0.0309281
-3.5693 0.0312658
-3.5542 0.031607
-3.53911 0.0319517
-3.52401 0.0323
-3.50892 0.0326518
-3.49382 0.0330073
-3.47873 0.0333664
-3.46363 0.0337291
-3.44854 0.0340956
-3.43344 0.0344658
-3.41834 0.0348398
-3.40325 0.0352176
-3.38815 0.0355992
-3.37306 0.0359847
-3.35796 0.0363742
-3.34287 0.0367675
-3.32777 0.0371649
-3.31268 0.0375663
-3.29758 0.0379717
-3.28248 0.0383812
-3.26739 0.0387948
-3.25229 0.0392125
-3.2372 0.0396345
-3.2221 0.0400607
-3.20701 0.0404911
-3.19191 0.0409258
-3.17682 0.0413649
-3.16172 0.0418083
-3.14663 0.0422562
-3.13153 0.0427085
-3.11643 0.0431652
-3.10134 0.0436265
-3.08624 0.0440924
-3.07115 0.0445628
-3.05605 0.0450378
-3.04096 0.0455176
-3.02586 0.046002
-3.01077 0.0464911
-2.99567 0.0469851
-2.98058 0.0474838
-2.96548 0.0479874
-2.95038 0.0484959
-2.93529 0.0490093
-2.92019 0.0495277
-2.9051 0.0500511
-2.89 0.0505796
-2.87491 0.0511131
-2.85981 0.0516517
-2.84472 0.0521955
-2.82962 0.0527445
-2.81452 0.0532987
-2.79943 0.0538582
-2.78433 0.054423
-2.76924 0.0549932
-2.75414 0.0555687
-2.73905 0.0561497
-2.72395 0.0567361
-2.70886 0.0573281
-2.69376 0.0579255
-2.67867 0.0585286
-2.66357 0.0591372
-2.64847 0.0597515
-2.63338 0.0603715
-2.61828 0.0609973
-2.60319 0.0616288
-2.58809 0.062266
-2.573 0.0629092
-2.5579 0.0635582
-2.54281 0.0642131
-2.52771 0.0648739
-2.51261 0.0655408
-2.49752 0.0662136
-2.48242 0.0668925
-2.46733 0.0675775
-2.45223 0.0682687
-2.43714 0.068966
-2.42204 0.0696694
-2.40695 0.0703791
-2.39185 0.0710951
-2.37676 0.0718173
-2.36166 0.0725459
-2.34656 0.0732808
-2.33147 0.0740221
-2.31637 0.0747698
-2.30128 0.075524
-2.28618 0.0762846
-2.27109 0.0770518
-2.25599 0.0778255
-2.2409 0.0786057
-2.2258 0.0793926
-2.21071 0.080186
-2.19561 0.0809861
-2.18051 0.0817928
-2.16542 0.0826063
-2.15032 0.0834264
-2.13523 0.0842533
-2.12013 0.0850869
-2.10504 0.0859273
-2.08994 0.0867745
-2.07485 0.0876285
-2.05975 0.0884893
-2.04465 0.089357
-2.02956 0.0902315
-2.01446 0.0911129
-1.99937 0.0920012
-1.98427 0.0928964
-1.96918 0.0937984
-1.95408 0.0947074
-1.93899 0.0956233
-1.92389 0.0965461
-1.9088 0.0974758
-1.8937 0.0984125
-1.8786 0.099356
-1.86351 0.100307
-1.84841 0.101264
-1.83332 0.102228
-1.81822 0.103199
-1.80313 0.104178
-1.78803 0.105162
-1.77294 0.106154
-1.75784 0.107153
-1.74274 0.108158
-1.72765 0.109171
-1.71255 0.11019
-1.69746 0.111216
-1.68236 0.112248
-1.66727 0.113288
-1.65217 0.114333
-1.63708 0.115386
-1.62198 0.116445
-1.60689 0.117511
-1.59179 0.118583
-1.57669 0.119661
-1.5616 0.120746
-1.5465 0.121837
-1.53141 0.122935
-1.51631 0.124038
-1.50122 0.125148
-1.48612 0.126264
-1.47103 0.127386
-1.45593 0.128513
-1.44084 0.129647
-1.42574 0.130786
-1.41064 0.131931
-1.39555 0.133081
-1.38045 0.134237
-1.36536 0.135397
-1.35026 0.136564
-1.33517 0.137735
-1.32007 0.138911
-1.30498 0.140092
-1.28988 0.141277
-1.27478 0.142467
-1.25969 0.143661
-1.24459 0.14486
-1.2295 0.146062
-1.2144 0.147269
-1.19931 0.148479
-1.18421 0.149692
-1.16912 0.150909
-1.15402 0.152129
-1.13893 0.153351
-1.12383 0.154577
-1.10873 0.155804
-1.09364 0.157034
-1.07854 0.158266
-1.06345 0.1595
-1.04835 0.160735
-1.03326 0.161971
-1.01816 0.163208
-1.00307 0.164446
-0.98797 0.165684
-0.972875 0.166922
-0.957779 0.16816
-0.942684 0.169397
-0.927588 0.170633
-0.912493 0.171868
-0.897397 0.173101
-0.882302 0.174332
-0.867206 0.17556
-0.852111 0.176786
-0.837015 0.178008
-0.82192 0.179227
-0.806824 0.180442
-0.791729 0.181652
-0.776633 0.182857
-0.761538 0.184057
-0.746442 0.18525
-0.731347 0.186438
-0.716251 0.187618
-0.701156 0.188791
-0.68606 0.189956
-0.670965 0.191113
-0.655869 0.192261
-0.640774 0.193399
-0.625679 0.194527
-0.610583 0.195644
-0.595488 0.19675
-0.580392 0.197844
-0.565297 0.198926
-0.550201 0.199994
-0.535106 0.201049
-0.52001 0.20209
-0.504915 0.203115
-0.489819 0.204125
-0.474724 0.205119
-0.459628 0.206096
-0.444533 0.207055
-0.429437 0.207996
-0.414342 0.208918
-0.399246 0.209821
-0.384151 0.210704
-0.369055 0.211565
-0.35396 0.212406
-0.338864 0.213224
-0.323769 0.214019
-0.308673 0.214791
-0.293578 0.215539
-0.278482 0.216263
-0.263387 0.216961
-0.248291 0.217634
-0.233196 0.21828
-0.2181 0.218899
-0.203005 0.219491
-0.187909 0.220055
-0.172814 0.220591
-0.157718 0.221098
-0.142623 0.221575
-0.127527 0.222023
-0.112432 0.222441
-0.0973363 0.222828
-0.0822408 0.223185
-0.0671454 0.223511
-0.0520499 0.223805
-0.0369544 0.224068
-0.0218589 0.2243
-0.00676339 0.2245
0.0083321 0.224667
0.0234276 0.224803
0.0385231 0.224907
0.0536186 0.224979
0.0687141 0.225019
0.0838096 0.225027
0.098905 0.225004
0.114001 0.224949
0.129096 0.224862
0.144192 0.224744
0.159287 0.224595
0.174383 0.224416
0.189478 0.224206
0.204573 0.223966
0.219669 0.223696
0.234764 0.223397
0.24986 0.22307
0.264955 0.222713
0.280051 0.222329
0.295146 0.221917
0.310242 0.221478
0.325337 0.221012
0.340433 0.220521
0.355528 0.220004
0.370624 0.219462
0.385719 0.218895
0.400815 0.218305
0.41591 0.217692
0.431006 0.217056
0.446101 0.216398
0.461197 0.215718
0.476292 0.215018
0.491388 0.214297
0.506483 0.213556
0.521579 0.212797
0.536674 0.212019
0.55177 0.211223
0.566865 0.21041
0.581961 0.20958
0.597056 0.208733
0.612152 0.207872
0.627247 0.206995
0.642343 0.206104
0.657438 0.205198
0.672534 0.20428
0.687629 0.203348
0.702725 0.202405
0.71782 0.201449
0.732916 0.200483
0.748011 0.199505
0.763107 0.198518
0.778202 0.19752
0.793298 0.196513
0.808393 0.195498
0.823489 0.194473
0.838584 0.193441
0.85368 0.192402
0.868775 0.191355
0.883871 0.190302
0.898966 0.189243
0.914062 0.188177
0.929157 0.187106
0.944253 0.186031
0.959348 0.18495
0.974444 0.183865
0.989539 0.182776
1.00463 0.181683
1.01973 0.180587
1.03483 0.179488
1.04992 0.178386
1.06502 0.177282
1.08011 0.176175
1.09521 0.175067
1.1103 0.173958
1.1254 0.172847
1.14049 0.171735
1.15559 0.170622
1.17068 0.169509
1.18578 0.168395
1.20088 0.167282
1.21597 0.166168
1.23107 0.165056
1.24616 0.163943
1.26126 0.162832
1.27635 0.161721
1.29145 0.160612
1.30654 0.159505
1.32164 0.158398
1.33674 0.157294
1.35183 0.156192
1.36693 0.155091
1.38202 0.153993
1.39712 0.152898
1.41221 0.151805
1.42731 0.150714
1.4424 0.149627
1.4575 0.148542
1.47259 0.147461
1.48769 0.146382
1.50279 0.145308
1.51788 0.144236
1.53298 0.143168
1.54807 0.142104
1.56317 0.141044
1.57826 0.139987
1.59336 0.138935
1.60845 0.137886
1.62355 0.136842
1.63865 0.135802
1.65374 0.134766
1.66884 0.133734
1.68393 0.132707
1.69903 0.131685
1.71412 0.130667
1.72922 0.129654
1.74431 0.128645
1.75941 0.127642
1.7745 0.126643
1.7896 0.125649
1.8047 0.12466
1.81979 0.123675
1.83489 0.122696
1.84998 0.121722
1.86508 0.120753
1.88017 0.11979
1.89527 0.118831
1.91036 0.117877
1.92546 0.116929
1.94055 0.115986
1.95565 0.115049
1.97075 0.114116
1.98584 0.113189
2.00094 0.112268
2.01603 0.111352
2.03113 0.110441
2.04622 0.109536
2.06132 0.108636
2.07641 0.107741
2.09151 0.106852
2.10661 0.105968
2.1217 0.10509
2.1368 0.104218
2.15189 0.103351
2.16699 0.102489
2.18208 0.101633
2.19718 0.100782
2.21227 0.0999374
2.22737 0.0990978
2.24246 0.0982637
2.25756 0.0974352
2.27266 0.0966121
2.28775 0.0957946
2.30285 0.0949825
2.31794 0.094176
2.33304 0.0933749
2.34813 0.0925793
2.36323 0.0917891
2.37832 0.0910044
2.39342 0.0902252
2.40852 0.0894514
2.42361 0.088683
2.43871 0.0879201
2.4538 0.0871625
2.4689 0.0864103
2.48399 0.0856635
2.49909 0.0849221
2.51418 0.084186
2.52928 0.0834552
2.54437 0.0827298
2.55947 0.0820096
2.57457 0.0812947
2.58966 0.0805851
2.60476 0.0798807
2.61985 0.0791815
2.63495 0.0784876
2.65004 0.0777988
2.66514 0.0771152
2.68023 0.0764367
2.69533 0.0757633
2.71042 0.075095
2.72552 0.0744319
2.74062 0.0737737
2.75571 0.0731206
2.77081 0.0724725
2.7859 0.0718294
2.801 0.0711913
2.81609 0.0705581
2.83119 0.0699298
2.84628 0.0693064
2.86138 0.0686879
2.87648 0.0680742
2.89157 0.0674653
2.90667 0.0668613
2.92176 0.066262
2.93686 0.0656674
2.95195 0.0650776
2.96705 0.0644924
2.98214 0.063912
2.99724 0.0633361
3.01233 0.0627649
3.02743 0.0621983
3.04253 0.0616362
3.05762 0.0610787
3.07272 0.0605257
3.08781 0.0599772
3.10291 0.0594331
3.118 0.0588935
3.1331 0.0583583
3.14819 0.0578274
3.16329 0.057301
3.17839 0.0567788
3.19348 0.0562609
3.20858 0.0557473
3.22367 0.055238
3.23877 0.0547329
3.25386 0.0542319
3.26896 0.0537352
3.28405 0.0532425
3.29915 0.052754
3.31424 0.0522696
3.32934 0.0517892
3.34444 0.0513129
3.35953 0.0508405
3.37463 0.0503722
3.38972 0.0499078
3.40482 0.0494473
3.41991 0.0489907
3.43501 0.048538
3.4501 0.0480891
3.4652 0.0476441
3.4803 0.0472028
3.49539 0.0467653
3.51049 0.0463316
3.52558 0.0459015
3.54068 0.0454752
3.55577 0.0450525
3.57087 0.0446334
3.58596 0.044218
3.60106 0.0438061
3.61615 0.0433978
3.63125 0.042993
3.64635 0.0425918
3.66144 0.042194
3.67654 0.0417996
3.69163 0.0414087
3.70673 0.0410212
3.72182 0.0406371
3.73692 0.0402563
3.75201 0.0398789
3.76711 0.0395048
3.7822 0.0391339
3.7973 0.0387663
3.8124 0.0384019
3.82749 0.0380408
3.84259 0.0376828
3.85768 0.037328
3.87278 0.0369763
3.88787 0.0366277
3.90297 0.0362822
3.91806 0.0359397
3.93316 0.0356003
3.94826 0.0352639
3.96335 0.0349305
3.97845 0.0346001
3.99354 0.0342726
4.00864 0.033948
4.02373 0.0336264
4.03883 0.0333076
4.05392 0.0329916
4.06902 0.0326785
4.08411 0.0323682
4.09921 0.0320607
4.11431 0.0317559
4.1294 0.0314539
4.1445 0.0311546
4.15959 0.030858
4.17469 0.0305641
4.18978 0.0302728
4.20488 0.0299841
4.21997 0.0296981
4.23507 0.0294146
4.25017 0.0291338
4.26526 0.0288554
4.28036 0.0285796
4.29545 0.0283063
4.31055 0.0280355
4.32564 0.0277672
4.34074 0.0275012
4.35583 0.0272378
4.37093 0.0269767
4.38602 0.026718
4.40112 0.0264617
4.41622 0.0262077
4.43131 0.025956
4.44641 0.0257067
4.4615 0.0254596
4.4766 0.0252148
4.49169 0.0249722
4.50679 0.0247319
4.52188 0.0244938
4.53698 0.0242579
4.55207 0.0240241
4.56717 0.0237925
4.58227 0.0235631
4.59736 0.0233357
4.61246 0.0231105
4.62755 0.0228873
4.64265 0.0226662
4.65774 0.0224472
4.67284 0.0222302
4.68793 0.0220152
4.70303 0.0218022
4.71813 0.0215912
4.73322 0.0213821
4.74832 0.021175
4.76341 0.0209698
4.77851 0.0207665
4.7936 0.0205651
4.8087 0.0203656
4.82379 0.0201679
4.83889 0.0199721
4.85398 0.0197781
4.86908 0.019586
4.88418 0.0193956
4.89927 0.019207
4.91437 0.0190202
4.92946 0.0188351
4.94456 0.0186518
4.95965 0.0184702
4.97475 0.0182902
4.98984 0.018112
5.00494 0.0179355
5.02004 0.0177606
5.03513 0.0175874
5.05023 0.0174157
5.06532 0.0172458
5.08042 0.0170774
5.09551 0.0169106
5.11061 0.0167453
5.1257 0.0165817
5.1408 0.0164195
5.15589 0.016259
5.17099 0.0160999
5.18609 0.0159423
5.20118 0.0157863
5.21628 0.0156317
5.23137 0.0154785
5.24647 0.0153269
5.26156 0.0151766
5.27666 0.0150278
5.29175 0.0148804
5.30685 0.0147344
5.32194 0.0145898
5.33704 0.0144466
5.35214 0.0143047
5.36723 0.0141642
5.38233 0.014025
5.39742 0.0138871
5.41252 0.0137506
5.42761 0.0136154
5.44271 0.0134814
5.4578 0.0133487
5.4729 0.0132173
5.488 0.0130872
5.50309 0.0129583
5.51819 0.0128306
5.53328 0.0127042
5.54838 0.0125789
5.56347 0.0124549
5.57857 0.0123321
5.59366 0.0122104
5.60876 0.0120899
5.62385 0.0119706
5.63895 0.0118524
5.65405 0.0117353
5.66914 0.0116194
5.68424 0.0115045
5.69933 0.0113908
5.71443 0.0112782
5.72952 0.0111666
5.74462 0.0110562
5.75971 0.0109468
5.77481 0.0108384
5.78991 0.0107311
5.805 0.0106249
5.8201 0.0105196
5.83519 0.0104154
5.85029 0.0103122
5.86538 0.0102099
5.88048 0.0101087
5.89557 0.0100085
5.91067 0.00990917
5.92576 0.00981085
5.94086 0.00971347
5.95596 0.00961704
5.97105 0.00952154
5.98615 0.00942697
6.00124 0.00933332
6.01634 0.00924057
6.03143 0.00914873
6.04653 0.00905777
6.06162 0.0089677
6.07672 0.0088785
6.09181 0.00879017
6.10691 0.0087027
6.12201 0.00861608
6.1371 0.0085303
6.1522 0.00844536
6.16729 0.00836124
6.18239 0.00827794
6.19748 0.00819546
6.21258 0.00811377
6.22767 0.00803289
6.24277 0.00795279
6.25787 0.00787347
6.27296 0.00779493
6.28806 0.00771715
6.30315 0.00764013
6.31825 0.00756387
6.33334 0.00748835
6.34844 0.00741357
6.36353 0.00733951
6.37863 0.00726619
6.39372 0.00719358
6.40882 0.00712168
6.42392 0.00705048
6.43901 0.00697999
6.45411 0.00691018
6.4692 0.00684105
6.4843 0.00677261
6.49939 0.00670483
6.51449 0.00663772
6.52958 0.00657127
6.54468 0.00650547
6.55978 0.00644032
6.57487 0.0063758
6.58997 0.00631192
6.60506 0.00624867
6.62016 0.00618603
6.63525 0.00612402
6.65035 0.00606261
6.66544 0.00600181
6.68054 0.0059416
6.69563 0.00588199
6.71073 0.00582297
6.72583 0.00576452
6.74092 0.00570666
6.75602 0.00564936
6.77111 0.00559262
6.78621 0.00553645
6.8013 0.00548083
6.8164 0.00542576
6.83149 0.00537123
6.84659 0.00531724
6.86168 0.00526378
6.87678 0.00521085
6.89188 0.00515845
6.90697 0.00510656
6.92207 0.00505518
6.93716 0.00500432
6.95226 0.00495395
6.96735 0.00490408
6.98245 0.00485471
6.99754 0.00480582
7.01264 0.00475742
7.02774 0.0047095
7.04283 0.00466205
7.05793 0.00461507
7.07302 0.00456856
7.08812 0.00452251
7.10321 0.00447691
7.11831 0.00443177
7.1334 0.00438708
7.1485 0.00434282
7.16359 0.00429901
7.17869 0.00425563
7.19379 0.00421268
7.20888 0.00417016
7.22398 0.00412806
7.23907 0.00408638
7.25417 0.00404512
7.26926 0.00400426
7.28436 0.00396381
7.29945 0.00392376
7.31455 0.00388411
7.32965 0.00384486
7.34474 0.00380599
7.35984 0.00376751
7.37493 0.00372942
7.39003 0.0036917
7.40512 0.00365436
7.42022 0.00361739
7.43531 0.00358079
7.45041 0.00354456
7.4655 0.00350869
7.4806 0.00347317
7.4957 0.00343801
7.51079 0.0034032
7.52589 0.00336873
7.54098 0.00333461
7.55608 0.00330083
7.57117 0.00326739
7.58627 0.00323428
7.60136 0.0032015
7.61646 0.00316905
7.63155 0.00313692
7.64665 0.00310512
7.66175 0.00307363
7.67684 0.00304246
7.69194 0.0030116
7.70703 0.00298105
7.72213 0.0029508
7.73722 0.00292085
7.75232 0.00289121
7.76741 0.00286186
7.78251 0.00283281
7.79761 0.00280405
7.8127 0.00277557
7.8278 0.00274738
7.84289 0.00271947
7.85799 0.00269185
7.87308 0.0026645
7.88818 0.00263742
7.90327 0.00261061
7.91837 0.00258408
7.93346 0.00255781
7.94856 0.0025318
7.96366 0.00250606
7.97875 0.00248057
7.99385 0.00245534
8.00894 0.00243036
8.02404 0.00240563
8.03913 0.00238115
8.05423 0.00235692
8.06932 0.00233293
8.08442 0.00230918
8.09952 0.00228567
8.11461 0.0022624
8.12971 0.00223936
8.1448 0.00221655
8.1599 0.00219397
8.17499 0.00217162
8.19009 0.0021495
8.20518 0.00212759
8.22028 0.00210591
8.23537 0.00208445
8.25047 0.0020632
8.26557 0.00204216
8.28066 0.00202134
8.29576 0.00200073
8.31085 0.00198032
8.32595 0.00196012
8.34104 0.00194013
8.35614 0.00192033
8.37123 0.00190074
8.38633 0.00188134
8.40143 0.00186214
8.41652 0.00184313
8.43162 0.00182431
8.44671 0.00180569
8.46181 0.00178725
8.4769 0.001769
8.492 0.00175093
8.50709 0.00173304
8.52219 0.00171534
8.53728 0.00169781
8.55238 0.00168046
8.56748 0.00166329
8.58257 0.00164629
8.59767 0.00162946
8.61276 0.0016128
8.62786 0.00159631
8.64295 0.00157999
8.65805 0.00156383
8.67314 0.00154784
8.68824 0.001532
8.70333 0.00151633
8.71843 0.00150082
8.73353 0.00148546
