-0.778832 0.000956709
-0.549942 0.00191619
-0.321053 0.00357522
-0.0921631 0.00613474
0.136726 0.00960968
0.365616 0.0137533
0.594506 0.0181421
0.823395 0.0223557
1.05228 0.0261068
1.28117 0.0292648
1.51006 0.0318158
1.73895 0.0338105
1.96784 0.0353256
2.19673 0.0364417
2.42562 0.0372326
2.65451 0.0377619
2.8834 0.038082
3.11229 0.0382357
3.34118 0.0382573
3.57007 0.0381743
3.79896 0.0380086
4.02785 0.0377778
4.25674 0.0374959
4.48563 0.0371741
4.71452 0.0368214
4.94341 0.0364451
5.1723 0.036051
5.40119 0.0356439
5.63008 0.0352275
5.85897 0.0348051
6.08786 0.034379
6.31674 0.0339514
6.54563 0.0335239
6.77452 0.0330978
7.00341 0.0326742
7.2323 0.0322539
7.46119 0.0318378
7.69008 0.0314262
7.91897 0.0310197
8.14786 0.0306185
8.37675 0.030223
8.60564 0.0298333
8.83453 0.0294495
9.06342 0.0290718
9.29231 0.0287001
9.5212 0.0283346
9.75009 0.0279751
9.97898 0.0276216
10.2079 0.0272742
10.4368 0.0269326
10.6656 0.026597
10.8945 0.0262672
11.1234 0.025943
11.3523 0.0256245
11.5812 0.0253114
11.8101 0.0250038
12.039 0.0247015
12.2679 0.0244044
12.4968 0.0241123
12.7257 0.0238253
12.9545 0.0235432
13.1834 0.0232658
13.4123 0.0229931
13.6412 0.022725
13.8701 0.0224614
14.099 0.0222021
14.3279 0.0219472
14.5568 0.0216964
14.7857 0.0214497
15.0145 0.0212071
15.2434 0.0209683
15.4723 0.0207334
15.7012 0.0205022
15.9301 0.0202747
16.159 0.0200508
16.3879 0.0198304
16.6168 0.0196134
16.8457 0.0193998
17.0746 0.0191894
17.3034 0.0189823
17.5323 0.0187783
17.7612 0.0185774
17.9901 0.0183795
18.219 0.0181845
18.4479 0.0179924
18.6768 0.0178031
18.9057 0.0176166
19.1346 0.0174328
19.3635 0.0172517
19.5923 0.0170732
19.8212 0.0168972
20.0501 0.0167237
20.279 0.0165526
20.5079 0.0163839
20.7368 0.0162176
20.9657 0.0160536
21.1946 0.0158918
21.4235 0.0157323
21.6523 0.0155749
21.8812 0.0154197
22.1101 0.0152665
22.339 0.0151154
22.5679 0.0149663
22.7968 0.0148192
23.0257 0.014674
23.2546 0.0145307
23.4835 0.0143892
23.7124 0.0142496
23.9412 0.0141118
24.1701 0.0139758
24.399 0.0138415
24.6279 0.0137089
24.8568 0.013578
25.0857 0.0134487
25.3146 0.013321
25.5435 0.0131949
25.7724 0.0130704
26.0012 0.0129474
26.2301 0.0128259
26.459 0.0127059
26.6879 0.0125874
26.9168 0.0124703
27.1457 0.0123546
27.3746 0.0122403
27.6035 0.0121273
27.8324 0.0120157
28.0613 0.0119054
28.2901 0.0117964
28.519 0.0116887
28.7479 0.0115822
28.9768 0.011477
29.2057 0.011373
29.4346 0.0112701
29.6635 0.0111685
29.8924 0.011068
30.1213 0.0109687
30.3501 0.0108705
30.579 0.0107734
30.8079 0.0106774
31.0368 0.0105824
31.2657 0.0104886
31.4946 0.0103957
31.7235 0.0103039
31.9524 0.0102131
32.1813 0.0101233
32.4102 0.0100345
32.639 0.00994669
32.8679 0.0098598
33.0968 0.00977385
33.3257 0.00968883
33.5546 0.00960472
33.7835 0.00952151
34.0124 0.0094392
34.2413 0.00935775
34.4702 0.00927717
34.6991 0.00919745
34.9279 0.00911856
35.1568 0.0090405
35.3857 0.00896326
35.6146 0.00888682
35.8435 0.00881117
36.0724 0.00873632
36.3013 0.00866223
36.5302 0.00858891
36.7591 0.00851634
36.9879 0.00844451
37.2168 0.00837342
37.4457 0.00830304
37.6746 0.00823339
37.9035 0.00816443
38.1324 0.00809618
38.3613 0.00802861
38.5902 0.00796171
38.8191 0.00789549
39.048 0.00782992
39.2768 0.00776501
39.5057 0.00770074
39.7346 0.0076371
39.9635 0.0075741
40.1924 0.00751171
40.4213 0.00744993
40.6502 0.00738876
40.8791 0.00732818
41.108 0.0072682
41.3368 0.00720879
41.5657 0.00714996
41.7946 0.0070917
42.0235 0.007034
42.2524 0.00697685
42.4813 0.00692025
42.7102 0.0068642
42.9391 0.00680867
43.168 0.00675368
43.3969 0.0066992
43.6257 0.00664524
43.8546 0.00659179
44.0835 0.00653885
44.3124 0.0064864
44.5413 0.00643444
44.7702 0.00638297
44.9991 0.00633198
45.228 0.00628147
45.4569 0.00623142
45.6858 0.00618184
45.9146 0.00613271
46.1435 0.00608404
46.3724 0.00603582
46.6013 0.00598804
46.8302 0.0059407
47.0591 0.0058938
47.288 0.00584732
47.5169 0.00580126
47.7458 0.00575562
47.9746 0.0057104
48.2035 0.00566559
48.4324 0.00562118
48.6613 0.00557717
48.8902 0.00553356
49.1191 0.00549034
49.348 0.00544751
49.5769 0.00540506
49.8058 0.00536299
50.0347 0.00532129
50.2635 0.00527997
50.4924 0.00523901
50.7213 0.00519842
50.9502 0.00515819
51.1791 0.00511831
51.408 0.00507878
51.6369 0.0050396
51.8658 0.00500076
52.0947 0.00496227
52.3235 0.00492411
52.5524 0.00488628
52.7813 0.00484879
53.0102 0.00481162
53.2391 0.00477477
53.468 0.00473825
53.6969 0.00470204
53.9258 0.00466614
54.1547 0.00463055
54.3836 0.00459527
54.6124 0.0045603
54.8413 0.00452562
55.0702 0.00449124
55.2991 0.00445716
55.528 0.00442337
55.7569 0.00438986
55.9858 0.00435664
56.2147 0.0043237
56.4436 0.00429105
56.6724 0.00425867
56.9013 0.00422656
57.1302 0.00419473
57.3591 0.00416316
57.588 0.00413186
57.8169 0.00410083
58.0458 0.00407005
58.2747 0.00403953
58.5036 0.00400927
58.7325 0.00397926
58.9613 0.00394951
59.1902 0.00392
59.4191 0.00389073
59.648 0.00386171
59.8769 0.00383293
60.1058 0.00380439
60.3347 0.00377609
60.5636 0.00374802
60.7925 0.00372018
61.0214 0.00369258
61.2502 0.00366519
61.4791 0.00363804
61.708 0.00361111
61.9369 0.0035844
62.1658 0.0035579
62.3947 0.00353163
62.6236 0.00350557
62.8525 0.00347972
63.0814 0.00345408
63.3102 0.00342865
63.5391 0.00340343
63.768 0.00337841
63.9969 0.0033536
64.2258 0.00332899
64.4547 0.00330457
64.6836 0.00328036
64.9125 0.00325634
65.1414 0.00323251
65.3703 0.00320887
65.5991 0.00318543
65.828 0.00316217
66.0569 0.0031391
66.2858 0.00311621
66.5147 0.00309351
66.7436 0.00307099
66.9725 0.00304865
67.2014 0.00302648
67.4303 0.0030045
67.6591 0.00298269
67.888 0.00296105
68.1169 0.00293958
68.3458 0.00291828
68.5747 0.00289716
68.8036 0.0028762
69.0325 0.0028554
69.2614 0.00283477
69.4903 0.0028143
69.7192 0.002794
69.948 0.00277385
70.1769 0.00275386
70.4058 0.00273403
70.6347 0.00271436
70.8636 0.00269484
71.0925 0.00267547
71.3214 0.00265625
71.5503 0.00263718
71.7792 0.00261827
72.0081 0.0025995
72.2369 0.00258087
72.4658 0.00256239
72.6947 0.00254406
72.9236 0.00252586
73.1525 0.00250781
73.3814 0.0024899
73.6103 0.00247213
73.8392 0.00245449
74.0681 0.00243699
74.2969 0.00241963
74.5258 0.0024024
74.7547 0.0023853
74.9836 0.00236833
75.2125 0.0023515
75.4414 0.00233479
75.6703 0.00231821
75.8992 0.00230176
76.1281 0.00228544
76.357 0.00226924
76.5858 0.00225316
76.8147 0.00223721
77.0436 0.00222138
77.2725 0.00220567
77.5014 0.00219008
77.7303 0.00217461
77.9592 0.00215925
78.1881 0.00214402
78.417 0.0021289
78.6458 0.00211389
78.8747 0.002099
79.1036 0.00208422
79.3325 0.00206955
79.5614 0.00205499
79.7903 0.00204055
80.0192 0.00202621
80.2481 0.00201198
80.477 0.00199786
80.7059 0.00198384
80.9347 0.00196993
81.1636 0.00195612
81.3925 0.00194242
81.6214 0.00192882
81.8503 0.00191533
82.0792 0.00190193
82.3081 0.00188863
82.537 0.00187544
82.7659 0.00186234
82.9947 0.00184934
83.2236 0.00183644
83.4525 0.00182363
83.6814 0.00181092
83.9103 0.00179831
84.1392 0.00178578
84.3681 0.00177336
84.597 0.00176102
84.8259 0.00174877
85.0548 0.00173662
85.2836 0.00172456
85.5125 0.00171258
85.7414 0.0017007
85.9703 0.0016889
86.1992 0.00167719
86.4281 0.00166557
86.657 0.00165403
86.8859 0.00164257
87.1148 0.00163121
87.3437 0.00161992
87.5725 0.00160872
87.8014 0.0015976
88.0303 0.00158656
88.2592 0.00157561
88.4881 0.00156473
88.717 0.00155394
88.9459 0.00154322
89.1748 0.00153258
89.4037 0.00152202
89.6325 0.00151154
89.8614 0.00150113
90.0903 0.0014908
90.3192 0.00148055
90.5481 0.00147037
90.777 0.00146026
91.0059 0.00145023
91.2348 0.00144027
91.4637 0.00143039
91.6926 0.00142057
91.9214 0.00141083
92.1503 0.00140116
92.3792 0.00139155
92.6081 0.00138202
92.837 0.00137256
93.0659 0.00136316
93.2948 0.00135384
93.5237 0.00134458
93.7526 0.00133539
93.9814 0.00132626
94.2103 0.0013172
94.4392 0.00130821
94.6681 0.00129928
94.897 0.00129042
95.1259 0.00128161
95.3548 0.00127288
95.5837 0.0012642
95.8126 0.00125559
96.0415 0.00124704
96.2703 0.00123855
96.4992 0.00123012
96.7281 0.00122176
96.957 0.00121345
97.1859 0.0012052
97.4148 0.00119701
97.6437 0.00118888
97.8726 0.00118081
98.1015 0.0011728
98.3304 0.00116484
98.5592 0.00115694
98.7881 0.0011491
99.017 0.00114131
99.2459 0.00113358
99.4748 0.00112591
99.7037 0.00111828
99.9326 0.00111072
100.161 0.0011032
100.39 0.00109574
100.619 0.00108834
100.848 0.00108098
101.077 0.00107368
101.306 0.00106643
101.535 0.00105923
101.764 0.00105208
101.993 0.00104499
102.221 0.00103794
102.45 0.00103094
102.679 0.00102399
102.908 0.0010171
103.137 0.00101025
103.366 0.00100345
103.595 0.000996694
103.824 0.000989989
104.053 0.000983331
104.281 0.00097672
104.51 0.000970155
104.739 0.000963637
104.968 0.000957165
105.197 0.000950739
105.426 0.000944357
105.655 0.000938021
105.884 0.000931729
106.113 0.000925481
106.341 0.000919278
106.57 0.000913117
106.799 0.000907
107.028 0.000900926
107.257 0.000894895
107.486 0.000888905
107.715 0.000882958
107.944 0.000877052
108.173 0.000871188
108.401 0.000865365
108.63 0.000859582
108.859 0.00085384
109.088 0.000848137
109.317 0.000842475
109.546 0.000836852
109.775 0.000831269
110.004 0.000825724
110.233 0.000820218
110.461 0.00081475
110.69 0.00080932
110.919 0.000803929
111.148 0.000798574
111.377 0.000793257
111.606 0.000787977
111.835 0.000782733
112.064 0.000777526
112.293 0.000772355
112.522 0.00076722
112.75 0.000762121
112.979 0.000757057
113.208 0.000752028
113.437 0.000747034
113.666 0.000742074
113.895 0.000737149
114.124 0.000732258
114.353 0.0007274
114.582 0.000722576
114.81 0.000717786
115.039 0.000713028
115.268 0.000708304
115.497 0.000703612
115.726 0.000698952
115.955 0.000694325
116.184 0.000689729
116.413 0.000685165
116.642 0.000680633
116.87 0.000676131
117.099 0.000671661
117.328 0.000667222
117.557 0.000662813
117.786 0.000658434
118.015 0.000654085
118.244 0.000649766
118.473 0.000645477
118.702 0.000641217
118.93 0.000636987
119.159 0.000632785
119.388 0.000628613
119.617 0.000624469
119.846 0.000620353
120.075 0.000616265
120.304 0.000612206
120.533 0.000608174
120.762 0.00060417
120.99 0.000600193
121.219 0.000596243
121.448 0.000592321
121.677 0.000588425
121.906 0.000584555
122.135 0.000580713
122.364 0.000576896
122.593 0.000573105
122.822 0.00056934
123.05 0.000565601
123.279 0.000561888
123.508 0.000558199
123.737 0.000554536
123.966 0.000550897
124.195 0.000547284
124.424 0.000543695
124.653 0.00054013
124.882 0.00053659
125.11 0.000533073
125.339 0.000529581
125.568 0.000526112
125.797 0.000522667
126.026 0.000519245
126.255 0.000515846
126.484 0.00051247
126.713 0.000509118
126.942 0.000505787
127.17 0.00050248
127.399 0.000499195
127.628 0.000495932
127.857 0.000492691
128.086 0.000489472
128.315 0.000486275
128.544 0.000483099
128.773 0.000479945
129.002 0.000476812
129.23 0.000473701
129.459 0.00047061
129.688 0.00046754
129.917 0.000464491
130.146 0.000461463
130.375 0.000458455
130.604 0.000455467
130.833 0.000452499
131.062 0.000449551
131.29 0.000446623
131.519 0.000443715
131.748 0.000440827
131.977 0.000437957
132.206 0.000435108
132.435 0.000432277
132.664 0.000429465
132.893 0.000426672
133.122 0.000423898
133.35 0.000421143
133.579 0.000418406
133.808 0.000415687
134.037 0.000412987
134.266 0.000410304
134.495 0.00040764
134.724 0.000404994
134.953 0.000402365
135.182 0.000399754
135.41 0.00039716
135.639 0.000394584
135.868 0.000392025
136.097 0.000389483
136.326 0.000386958
136.555 0.00038445
136.784 0.000381959
137.013 0.000379484
137.242 0.000377026
137.47 0.000374585
137.699 0.000372159
137.928 0.00036975
138.157 0.000367357
138.386 0.00036498
138.615 0.000362619
138.844 0.000360273
139.073 0.000357943
139.302 0.000355629
139.53 0.00035333
139.759 0.000351046
139.988 0.000348778
140.217 0.000346524
140.446 0.000344286
140.675 0.000342062
140.904 0.000339854
141.133 0.00033766
141.362 0.00033548
141.59 0.000333315
141.819 0.000331165
142.048 0.000329028
142.277 0.000326906
142.506 0.000324798
142.735 0.000322704
142.964 0.000320624
143.193 0.000318558
143.422 0.000316505
143.65 0.000314466
143.879 0.00031244
144.108 0.000310428
144.337 0.000308429
144.566 0.000306444
144.795 0.000304471
145.024 0.000302512
145.253 0.000300566
145.482 0.000298632
145.71 0.000296711
145.939 0.000294803
146.168 0.000292908
146.397 0.000291025
146.626 0.000289155
146.855 0.000287297
147.084 0.000285451
147.313 0.000283617
147.542 0.000281795
147.77 0.000279986
147.999 0.000278188
148.228 0.000276403
148.457 0.000274629
148.686 0.000272866
148.915 0.000271116
149.144 0.000269377
149.373 0.000267649
149.602 0.000265933
149.831 0.000264228
150.059 0.000262534
150.288 0.000260851
150.517 0.00025918
150.746 0.000257519
150.975 0.000255869
151.204 0.000254231
151.433 0.000252603
151.662 0.000250985
151.891 0.000249379
152.119 0.000247782
152.348 0.000246197
152.577 0.000244621
152.806 0.000243057
153.035 0.000241502
153.264 0.000239957
153.493 0.000238423
153.722 0.000236899
153.951 0.000235385
154.179 0.00023388
154.408 0.000232386
154.637 0.000230901
154.866 0.000229426
155.095 0.000227961
155.324 0.000226505
155.553 0.000225059
155.782 0.000223622
156.011 0.000222195
156.239 0.000220777
156.468 0.000219368
156.697 0.000217969
156.926 0.000216578
157.155 0.000215197
157.384 0.000213825
157.613 0.000212461
157.842 0.000211107
158.071 0.000209761
158.299 0.000208425
158.528 0.000207097
158.757 0.000205777
158.986 0.000204467
159.215 0.000203164
159.444 0.000201871
159.673 0.000200585
159.902 0.000199308
160.131 0.00019804
160.359 0.00019678
160.588 0.000195527
160.817 0.000194284
161.046 0.000193048
161.275 0.00019182
161.504 0.0001906
161.733 0.000189388
161.962 0.000188184
162.191 0.000186988
162.419 0.0001858
162.648 0.000184619
162.877 0.000183446
163.106 0.000182281
163.335 0.000181123
163.564 0.000179973
163.793 0.00017883
164.022 0.000177695
164.251 0.000176567
164.479 0.000175446
164.708 0.000174333
164.937 0.000173226
165.166 0.000172127
165.395 0.000171036
165.624 0.000169951
165.853 0.000168873
166.082 0.000167802
166.311 0.000166738
166.539 0.000165682
166.768 0.000164631
166.997 0.000163588
167.226 0.000162552
167.455 0.000161522
167.684 0.000160499
167.913 0.000159482
168.142 0.000158472
168.371 0.000157469
168.599 0.000156472
168.828 0.000155482
169.057 0.000154497
169.286 0.00015352
169.515 0.000152548
169.744 0.000151583
169.973 0.000150624
170.202 0.000149672
170.431 0.000148725
170.659 0.000147785
170.888 0.000146851
171.117 0.000145922
171.346 0.000145
171.575 0.000144084
171.804 0.000143173
172.033 0.000142269
172.262 0.00014137
172.491 0.000140477
172.719 0.00013959
172.948 0.000138708
173.177 0.000137833
173.406 0.000136962
173.635 0.000136098
173.864 0.000135239
174.093 0.000134386
174.322 0.000133538
174.551 0.000132695
174.779 0.000131858
175.008 0.000131027
175.237 0.0001302
175.466 0.000129379
175.695 0.000128564
175.924 0.000127753
176.153 0.000126948
176.382 0.000126148
176.611 0.000125353
176.839 0.000124563
177.068 0.000123778
177.297 0.000122999
177.526 0.000122224
177.755 0.000121454
177.984 0.000120689
178.213 0.00011993
178.442 0.000119175
178.671 0.000118424
178.899 0.000117679
179.128 0.000116939
179.357 0.000116203
179.586 0.000115472
179.815 0.000114745
180.044 0.000114024
180.273 0.000113307
180.502 0.000112594
180.731 0.000111886
180.959 0.000111183
181.188 0.000110484
181.417 0.000109789
181.646 0.000109099
181.875 0.000108414
182.104 0.000107733
182.333 0.000107056
182.562 0.000106384
182.791 0.000105715
183.019 0.000105052
183.248 0.000104392
183.477 0.000103736
183.706 0.000103085
183.935 0.000102438
184.164 0.000101795
184.393 0.000101156
184.622 0.000100522
184.851 9.9891e-05
185.079 9.92644e-05
185.308 9.86418e-05
185.537 9.80231e-05
185.766 9.74084e-05
185.995 9.67976e-05
186.224 9.61907e-05
186.453 9.55877e-05
186.682 9.49885e-05
186.911 9.43932e-05
187.14 9.38017e-05
187.368 9.32139e-05
187.597 9.26299e-05
187.826 9.20496e-05
188.055 9.1473e-05
188.284 9.09001e-05
188.513 9.03308e-05
188.742 8.97652e-05
188.971 8.92032e-05
189.2 8.86447e-05
189.428 8.80898e-05
189.657 8.75385e-05
189.886 8.69906e-05
190.115 8.64463e-05
190.344 8.59054e-05
190.573 8.53679e-05
190.802 8.48339e-05
191.031 8.43033e-05
191.26 8.3776e-05
191.488 8.32521e-05
191.717 8.27316e-05
191.946 8.22143e-05
192.175 8.17004e-05
192.404 8.11897e-05
192.633 8.06822e-05
192.862 8.0178e-05
193.091 7.9677e-05
193.32 7.91792e-05
193.548 7.86845e-05
193.777 7.8193e-05
194.006 7.77046e-05
194.235 7.72193e-05
194.464 7.67371e-05
194.693 7.62579e-05
194.922 7.57818e-05
195.151 7.53087e-05
195.38 7.48386e-05
195.608 7.43715e-05
195.837 7.39074e-05
196.066 7.34462e-05
196.295 7.29879e-05
196.524 7.25326e-05
196.753 7.20801e-05
196.982 7.16305e-05
197.211 7.11838e-05
197.44 7.07398e-05
197.668 7.02987e-05
197.897 6.98604e-05
198.126 6.94249e-05
198.355 6.89921e-05
198.584 6.85621e-05
198.813 6.81348e-05
199.042 6.77102e-05
199.271 6.72882e-05
199.5 6.6869e-05
199.728 6.64524e-05
199.957 6.60385e-05
200.186 6.56271e-05
200.415 6.52184e-05
200.644 6.48123e-05
200.873 6.44087e-05
201.102 6.40077e-05
201.331 6.36092e-05
201.56 6.32132e-05
201.788 6.28198e-05
202.017 6.24288e-05
202.246 6.20403e-05
202.475 6.16543e-05
202.704 6.12707e-05
202.933 6.08895e-05
203.162 6.05107e-05
203.391 6.01343e-05
203.62 5.97603e-05
203.848 5.93887e-05
204.077 5.90194e-05
204.306 5.86524e-05
204.535 5.82878e-05
204.764 5.79254e-05
204.993 5.75654e-05
205.222 5.72076e-05
205.451 5.68521e-05
205.68 5.64988e-05
205.908 5.61478e-05
206.137 5.57989e-05
206.366 5.54523e-05
206.595 5.51078e-05
206.824 5.47656e-05
207.053 5.44254e-05
207.282 5.40875e-05
207.511 5.37516e-05
207.74 5.34179e-05
207.968 5.30862e-05
208.197 5.27567e-05
208.426 5.24293e-05
208.655 5.21039e-05
208.884 5.17805e-05
209.113 5.14592e-05
209.342 5.11399e-05
209.571 5.08226e-05
209.8 5.05073e-05
210.028 5.0194e-05
210.257 4.98827e-05
210.486 4.95734e-05
210.715 4.92659e-05
210.944 4.89605e-05
211.173 4.86569e-05
211.402 4.83552e-05
211.631 4.80555e-05
211.86 4.77576e-05
212.088 4.74616e-05
212.317 4.71675e-05
212.546 4.68752e-05
212.775 4.65847e-05
213.004 4.62961e-05
213.233 4.60093e-05
213.462 4.57243e-05
213.691 4.54411e-05
213.92 4.51596e-05
214.148 4.488e-05
214.377 4.46021e-05
214.606 4.43259e-05
214.835 4.40515e-05
215.064 4.37787e-05
215.293 4.35077e-05
215.522 4.32384e-05
215.751 4.29708e-05
215.98 4.27049e-05
216.208 4.24406e-05
216.437 4.2178e-05
216.666 4.19171e-05
216.895 4.16578e-05
217.124 4.14001e-05
217.353 4.1144e-05
217.582 4.08895e-05
217.811 4.06367e-05
218.04 4.03854e-05
218.268 4.01357e-05
218.497 3.98875e-05
218.726 3.96409e-05
218.955 3.93959e-05
219.184 3.91524e-05
219.413 3.89104e-05
219.642 3.86699e-05
219.871 3.8431e-05
220.1 3.81935e-05
220.328 3.79575e-05
220.557 3.7723e-05
220.786 3.749e-05
221.015 3.72584e-05
221.244 3.70283e-05
221.473 3.67996e-05
221.702 3.65723e-05
221.931 3.63465e-05
222.16 3.61221e-05
222.388 3.58991e-05
222.617 3.56774e-05
222.846 3.54572e-05
223.075 3.52384e-05
223.304 3.50209e-05
223.533 3.48047e-05
223.762 3.459e-05
223.991 3.43765e-05
224.22 3.41644e-05
224.449 3.39537e-05
224.677 3.37442e-05
224.906 3.35361e-05
225.135 3.33292e-05
225.364 3.31237e-05
225.593 3.29194e-05
225.822 3.27164e-05
226.051 3.25147e-05
226.28 3.23142e-05
226.509 3.2115e-05
226.737 3.1917e-05
226.966 3.17203e-05
227.195 3.15248e-05
227.424 3.13305e-05
227.653 3.11374e-05
227.882 3.09455e-05
