1.19802 0.000587851
1.95419 0.00106136
2.71036 0.00147493
3.46653 0.00182645
4.2227 0.00212757
4.97887 0.002389
5.73504 0.00261885
6.49121 0.00282316
7.24738 0.00300643
8.00355 0.00317205
8.75972 0.00332267
9.51589 0.00346037
10.2721 0.00358681
11.0282 0.00370334
11.7844 0.00381107
12.5406 0.00391093
13.2967 0.00400372
14.0529 0.00409008
14.8091 0.0041706
15.5652 0.00424578
16.3214 0.00431604
17.0776 0.00438177
17.8338 0.00444331
18.5899 0.00450095
19.3461 0.00455496
20.1023 0.00460559
20.8584 0.00465304
21.6146 0.00469751
22.3708 0.00473919
23.1269 0.00477823
23.8831 0.00481479
24.6393 0.004849
25.3954 0.00488098
26.1516 0.00491085
26.9078 0.00493873
27.664 0.0049647
28.4201 0.00498886
29.1763 0.0050113
29.9325 0.0050321
30.6886 0.00505133
31.4448 0.00506907
32.201 0.00508538
32.9571 0.00510032
33.7133 0.00511395
34.4695 0.00512633
35.2257 0.0051375
35.9818 0.00514753
36.738 0.00515645
37.4942 0.00516431
38.2503 0.00517115
39.0065 0.00517701
39.7627 0.00518193
40.5188 0.00518595
41.275 0.00518909
42.0312 0.0051914
42.7873 0.0051929
43.5435 0.00519362
44.2997 0.0051936
45.0559 0.00519286
45.812 0.00519142
46.5682 0.00518931
47.3244 0.00518656
48.0805 0.00518318
48.8367 0.0051792
49.5929 0.00517465
50.349 0.00516953
51.1052 0.00516388
51.8614 0.00515771
52.6176 0.00515103
53.3737 0.00514387
54.1299 0.00513624
54.8861 0.00512816
55.6422 0.00511965
56.3984 0.00511071
57.1546 0.00510137
57.9107 0.00509164
58.6669 0.00508152
59.4231 0.00507104
60.1793 0.00506021
60.9354 0.00504904
61.6916 0.00503754
62.4478 0.00502572
63.2039 0.0050136
63.9601 0.00500118
64.7163 0.00498847
65.4724 0.00497549
66.2286 0.00496225
66.9848 0.00494875
67.7409 0.004935
68.4971 0.00492102
69.2533 0.0049068
70.0095 0.00489237
70.7656 0.00487772
71.5218 0.00486287
72.278 0.00484782
73.0341 0.00483258
73.7903 0.00481716
74.5465 0.00480156
75.3026 0.00478579
76.0588 0.00476986
76.815 0.00475378
77.5712 0.00473755
78.3273 0.00472117
79.0835 0.00470465
79.8397 0.00468801
80.5958 0.00467123
81.352 0.00465434
82.1082 0.00463733
82.8643 0.0046202
83.6205 0.00460298
84.3767 0.00458565
85.1328 0.00456822
85.889 0.00455071
86.6452 0.00453311
87.4014 0.00451542
88.1575 0.00449765
88.9137 0.00447981
89.6699 0.0044619
90.426 0.00444393
91.1822 0.00442589
91.9384 0.00440779
92.6945 0.00438963
93.4507 0.00437143
94.2069 0.00435317
94.9631 0.00433487
95.7192 0.00431652
96.4754 0.00429814
97.2316 0.00427972
97.9877 0.00426127
98.7439 0.00424279
99.5001 0.00422428
100.256 0.00420574
101.012 0.00418719
101.769 0.00416861
102.525 0.00415002
103.281 0.00413141
104.037 0.00411279
104.793 0.00409416
105.549 0.00407553
106.306 0.00405688
107.062 0.00403824
107.818 0.00401959
108.574 0.00400095
109.33 0.00398231
110.086 0.00396367
110.843 0.00394504
111.599 0.00392642
112.355 0.00390782
113.111 0.00388922
113.867 0.00387064
114.623 0.00385207
115.38 0.00383352
116.136 0.00381499
116.892 0.00379648
117.648 0.00377799
118.404 0.00375953
119.16 0.00374109
119.917 0.00372267
120.673 0.00370429
121.429 0.00368593
122.185 0.0036676
122.941 0.00364931
123.698 0.00363104
124.454 0.00361281
125.21 0.00359462
125.966 0.00357646
126.722 0.00355834
127.478 0.00354026
128.235 0.00352221
128.991 0.00350421
129.747 0.00348624
130.503 0.00346832
131.259 0.00345044
132.015 0.00343261
132.772 0.00341482
133.528 0.00339707
134.284 0.00337937
135.04 0.00336172
135.796 0.00334411
136.552 0.00332656
137.309 0.00330905
138.065 0.00329159
138.821 0.00327418
139.577 0.00325683
140.333 0.00323952
141.089 0.00322227
141.846 0.00320507
142.602 0.00318793
143.358 0.00317083
144.114 0.0031538
144.87 0.00313681
145.626 0.00311989
146.383 0.00310301
147.139 0.0030862
147.895 0.00306944
148.651 0.00305274
149.407 0.0030361
150.163 0.00301951
150.92 0.00300298
151.676 0.00298652
152.432 0.00297011
153.188 0.00295376
153.944 0.00293747
154.7 0.00292124
155.457 0.00290507
156.213 0.00288896
156.969 0.00287291
157.725 0.00285693
158.481 0.002841
159.237 0.00282514
159.994 0.00280934
160.75 0.0027936
161.506 0.00277792
162.262 0.00276231
163.018 0.00274676
163.774 0.00273127
164.531 0.00271584
165.287 0.00270048
166.043 0.00268518
166.799 0.00266994
167.555 0.00265477
168.312 0.00263966
169.068 0.00262461
169.824 0.00260963
170.58 0.00259472
171.336 0.00257986
172.092 0.00256507
172.849 0.00255035
173.605 0.00253569
174.361 0.00252109
175.117 0.00250656
175.873 0.00249209
176.629 0.00247768
177.386 0.00246334
178.142 0.00244907
178.898 0.00243486
179.654 0.00242071
180.41 0.00240663
181.166 0.00239261
181.923 0.00237865
182.679 0.00236477
183.435 0.00235094
184.191 0.00233718
184.947 0.00232348
185.703 0.00230985
186.46 0.00229628
187.216 0.00228278
187.972 0.00226933
188.728 0.00225596
189.484 0.00224264
190.24 0.00222939
190.997 0.00221621
191.753 0.00220309
192.509 0.00219003
193.265 0.00217703
194.021 0.0021641
194.777 0.00215123
195.534 0.00213843
196.29 0.00212568
197.046 0.002113
197.802 0.00210039
198.558 0.00208783
199.314 0.00207534
200.071 0.00206291
200.827 0.00205054
201.583 0.00203824
202.339 0.00202599
203.095 0.00201381
203.851 0.00200169
204.608 0.00198963
205.364 0.00197763
206.12 0.0019657
206.876 0.00195382
207.632 0.00194201
208.388 0.00193026
209.145 0.00191856
209.901 0.00190693
210.657 0.00189536
211.413 0.00188385
212.169 0.0018724
212.926 0.00186101
213.682 0.00184967
214.438 0.0018384
215.194 0.00182719
215.95 0.00181603
216.706 0.00180494
217.463 0.0017939
218.219 0.00178292
218.975 0.001772
219.731 0.00176114
220.487 0.00175034
221.243 0.00173959
222 0.0017289
222.756 0.00171827
223.512 0.0017077
224.268 0.00169718
225.024 0.00168672
225.78 0.00167632
226.537 0.00166597
227.293 0.00165568
228.049 0.00164544
228.805 0.00163526
229.561 0.00162514
230.317 0.00161507
231.074 0.00160506
231.83 0.0015951
232.586 0.0015852
233.342 0.00157535
234.098 0.00156556
234.854 0.00155582
235.611 0.00154613
236.367 0.0015365
237.123 0.00152692
237.879 0.00151739
238.635 0.00150792
239.391 0.0014985
240.148 0.00148913
240.904 0.00147982
241.66 0.00147056
242.416 0.00146135
243.172 0.00145219
243.928 0.00144308
244.685 0.00143403
245.441 0.00142503
246.197 0.00141607
246.953 0.00140717
247.709 0.00139832
248.465 0.00138952
249.222 0.00138077
249.978 0.00137206
250.734 0.00136341
251.49 0.00135481
252.246 0.00134626
253.003 0.00133775
253.759 0.0013293
254.515 0.00132089
255.271 0.00131253
256.027 0.00130422
256.783 0.00129596
257.54 0.00128775
258.296 0.00127958
259.052 0.00127146
259.808 0.00126339
260.564 0.00125536
261.32 0.00124738
262.077 0.00123945
262.833 0.00123157
263.589 0.00122373
264.345 0.00121593
265.101 0.00120818
265.857 0.00120048
266.614 0.00119282
267.37 0.00118521
268.126 0.00117764
268.882 0.00117011
269.638 0.00116263
270.394 0.0011552
271.151 0.0011478
271.907 0.00114046
272.663 0.00113315
273.419 0.00112589
274.175 0.00111867
274.931 0.00111149
275.688 0.00110436
276.444 0.00109727
277.2 0.00109022
277.956 0.00108321
278.712 0.00107625
279.468 0.00106933
280.225 0.00106244
280.981 0.0010556
281.737 0.0010488
282.493 0.00104204
283.249 0.00103532
284.005 0.00102864
284.762 0.00102201
285.518 0.00101541
286.274 0.00100885
287.03 0.00100233
287.786 0.000995848
288.542 0.000989407
289.299 0.000983004
290.055 0.000976641
290.811 0.000970315
291.567 0.000964029
292.323 0.00095778
293.079 0.000951569
293.836 0.000945396
294.592 0.00093926
295.348 0.000933162
296.104 0.0009271
296.86 0.000921076
297.617 0.000915088
298.373 0.000909137
299.129 0.000903222
299.885 0.000897343
300.641 0.0008915
301.397 0.000885693
302.154 0.000879922
302.91 0.000874185
303.666 0.000868484
304.422 0.000862818
305.178 0.000857187
305.934 0.00085159
306.691 0.000846028
307.447 0.0008405
308.203 0.000835006
308.959 0.000829546
309.715 0.000824119
310.471 0.000818727
311.228 0.000813367
311.984 0.00080804
312.74 0.000802747
313.496 0.000797486
314.252 0.000792258
315.008 0.000787062
315.765 0.000781898
316.521 0.000776767
317.277 0.000771667
318.033 0.000766599
318.789 0.000761563
319.545 0.000756558
320.302 0.000751584
321.058 0.000746641
321.814 0.000741728
322.57 0.000736847
323.326 0.000731996
324.082 0.000727175
324.839 0.000722385
325.595 0.000717624
326.351 0.000712893
327.107 0.000708192
327.863 0.00070352
328.619 0.000698878
329.376 0.000694264
330.132 0.00068968
330.888 0.000685124
331.644 0.000680598
332.4 0.000676099
333.156 0.000671629
333.913 0.000667187
334.669 0.000662773
335.425 0.000658387
336.181 0.000654028
336.937 0.000649697
337.694 0.000645393
338.45 0.000641117
339.206 0.000636867
339.962 0.000632645
340.718 0.000628449
341.474 0.00062428
342.231 0.000620137
342.987 0.00061602
343.743 0.00061193
344.499 0.000607865
345.255 0.000603826
346.011 0.000599813
346.768 0.000595826
347.524 0.000591863
348.28 0.000587926
349.036 0.000584014
349.792 0.000580127
350.548 0.000576265
351.305 0.000572427
352.061 0.000568614
352.817 0.000564825
353.573 0.000561061
354.329 0.00055732
355.085 0.000553603
355.842 0.00054991
356.598 0.000546241
357.354 0.000542595
358.11 0.000538973
358.866 0.000535374
359.622 0.000531797
360.379 0.000528244
361.135 0.000524714
361.891 0.000521206
362.647 0.00051772
363.403 0.000514258
364.159 0.000510817
364.916 0.000507398
365.672 0.000504002
366.428 0.000500627
367.184 0.000497274
367.94 0.000493943
368.696 0.000490633
369.453 0.000487344
370.209 0.000484077
370.965 0.000480831
371.721 0.000477606
372.477 0.000474401
373.233 0.000471217
373.99 0.000468054
374.746 0.000464912
375.502 0.000461789
376.258 0.000458687
377.014 0.000455605
377.77 0.000452543
378.527 0.000449501
379.283 0.000446478
380.039 0.000443475
380.795 0.000440492
381.551 0.000437528
382.308 0.000434583
383.064 0.000431657
383.82 0.00042875
384.576 0.000425862
385.332 0.000422993
386.088 0.000420143
386.845 0.000417311
387.601 0.000414498
388.357 0.000411703
389.113 0.000408926
389.869 0.000406167
390.625 0.000403427
391.382 0.000400704
392.138 0.000397999
392.894 0.000395311
393.65 0.000392641
394.406 0.000389989
395.162 0.000387354
395.919 0.000384736
396.675 0.000382135
397.431 0.000379552
398.187 0.000376985
398.943 0.000374435
399.699 0.000371901
400.456 0.000369385
401.212 0.000366885
401.968 0.000364401
402.724 0.000361933
403.48 0.000359482
404.236 0.000357047
404.993 0.000354627
405.749 0.000352224
406.505 0.000349837
407.261 0.000347465
408.017 0.000345108
408.773 0.000342768
409.53 0.000340442
410.286 0.000338132
411.042 0.000335837
411.798 0.000333558
412.554 0.000331293
413.31 0.000329043
414.067 0.000326808
414.823 0.000324588
415.579 0.000322382
416.335 0.000320191
417.091 0.000318015
417.847 0.000315852
418.604 0.000313705
419.36 0.000311571
420.116 0.000309451
420.872 0.000307346
421.628 0.000305254
422.385 0.000303176
423.141 0.000301112
423.897 0.000299062
424.653 0.000297025
425.409 0.000295001
426.165 0.000292991
426.922 0.000290995
427.678 0.000289011
428.434 0.000287041
429.19 0.000285084
429.946 0.00028314
430.702 0.000281208
431.459 0.00027929
432.215 0.000277384
432.971 0.000275491
433.727 0.000273611
434.483 0.000271743
435.239 0.000269887
435.996 0.000268044
436.752 0.000266213
437.508 0.000264394
438.264 0.000262588
439.02 0.000260793
439.776 0.00025901
440.533 0.000257239
441.289 0.00025548
442.045 0.000253733
442.801 0.000251997
443.557 0.000250273
444.313 0.000248561
445.07 0.00024686
445.826 0.00024517
446.582 0.000243491
447.338 0.000241824
448.094 0.000240168
448.85 0.000238523
449.607 0.000236889
450.363 0.000235266
451.119 0.000233653
451.875 0.000232052
452.631 0.000230461
453.387 0.000228881
454.144 0.000227311
454.9 0.000225752
455.656 0.000224203
456.412 0.000222665
457.168 0.000221137
457.924 0.000219619
458.681 0.000218112
459.437 0.000216614
460.193 0.000215127
460.949 0.00021365
461.705 0.000212182
462.461 0.000210724
463.218 0.000209276
463.974 0.000207838
464.73 0.00020641
465.486 0.000204991
466.242 0.000203582
466.999 0.000202182
467.755 0.000200791
468.511 0.00019941
469.267 0.000198038
470.023 0.000196676
470.779 0.000195322
471.536 0.000193978
472.292 0.000192643
473.048 0.000191316
473.804 0.000189999
474.56 0.00018869
475.316 0.000187391
476.073 0.0001861
476.829 0.000184818
477.585 0.000183544
478.341 0.000182279
479.097 0.000181023
479.853 0.000179775
480.61 0.000178535
481.366 0.000177304
482.122 0.000176081
482.878 0.000174867
483.634 0.00017366
484.39 0.000172462
485.147 0.000171272
485.903 0.00017009
486.659 0.000168916
487.415 0.00016775
488.171 0.000166591
488.927 0.000165441
489.684 0.000164298
490.44 0.000163163
491.196 0.000162036
491.952 0.000160917
492.708 0.000159805
493.464 0.0001587
494.221 0.000157603
494.977 0.000156514
495.733 0.000155431
496.489 0.000154357
497.245 0.000153289
498.001 0.000152229
498.758 0.000151176
499.514 0.00015013
500.27 0.000149091
501.026 0.000148059
501.782 0.000147034
502.538 0.000146016
503.295 0.000145005
504.051 0.000144001
504.807 0.000143004
505.563 0.000142013
506.319 0.00014103
507.076 0.000140053
507.832 0.000139082
508.588 0.000138118
509.344 0.000137161
510.1 0.00013621
510.856 0.000135266
511.613 0.000134328
512.369 0.000133397
513.125 0.000132471
513.881 0.000131553
514.637 0.00013064
515.393 0.000129734
516.15 0.000128834
516.906 0.000127939
517.662 0.000127052
518.418 0.00012617
519.174 0.000125294
519.93 0.000124424
520.687 0.00012356
521.443 0.000122702
522.199 0.00012185
522.955 0.000121003
523.711 0.000120162
524.467 0.000119328
525.224 0.000118498
525.98 0.000117675
526.736 0.000116857
527.492 0.000116045
528.248 0.000115238
529.004 0.000114437
529.761 0.000113641
530.517 0.00011285
531.273 0.000112066
532.029 0.000111286
532.785 0.000110512
533.541 0.000109743
534.298 0.000108979
535.054 0.000108221
535.81 0.000107467
536.566 0.000106719
537.322 0.000105976
538.078 0.000105238
538.835 0.000104506
539.591 0.000103778
540.347 0.000103055
541.103 0.000102337
541.859 0.000101624
542.615 0.000100916
543.372 0.000100213
544.128 9.95143e-05
544.884 9.88207e-05
545.64 9.81319e-05
546.396 9.74478e-05
547.152 9.67683e-05
547.909 9.60936e-05
548.665 9.54234e-05
549.421 9.47579e-05
550.177 9.40969e-05
550.933 9.34405e-05
551.69 9.27886e-05
552.446 9.21411e-05
553.202 9.14981e-05
553.958 9.08596e-05
554.714 9.02254e-05
555.47 8.95956e-05
556.227 8.89701e-05
556.983 8.83489e-05
557.739 8.77319e-05
558.495 8.71192e-05
559.251 8.65108e-05
560.007 8.59065e-05
560.764 8.53064e-05
561.52 8.47104e-05
562.276 8.41185e-05
563.032 8.35307e-05
563.788 8.29469e-05
564.544 8.23671e-05
565.301 8.17914e-05
566.057 8.12196e-05
566.813 8.06517e-05
567.569 8.00878e-05
568.325 7.95277e-05
569.081 7.89715e-05
569.838 7.84192e-05
570.594 7.78706e-05
571.35 7.73258e-05
572.106 7.67848e-05
572.862 7.62475e-05
573.618 7.57139e-05
574.375 7.51841e-05
575.131 7.46578e-05
575.887 7.41352e-05
576.643 7.36162e-05
577.399 7.31008e-05
578.155 7.25889e-05
578.912 7.20806e-05
579.668 7.15758e-05
580.424 7.10744e-05
581.18 7.05766e-05
581.936 7.00821e-05
582.692 6.95911e-05
583.449 6.91035e-05
584.205 6.86192e-05
584.961 6.81383e-05
585.717 6.76607e-05
586.473 6.71865e-05
587.229 6.67155e-05
587.986 6.62477e-05
588.742 6.57832e-05
589.498 6.53219e-05
590.254 6.48638e-05
591.01 6.44089e-05
591.767 6.39571e-05
592.523 6.35084e-05
593.279 6.30629e-05
594.035 6.26204e-05
594.791 6.2181e-05
595.547 6.17447e-05
596.304 6.13113e-05
597.06 6.0881e-05
597.816 6.04536e-05
598.572 6.00292e-05
599.328 5.96078e-05
600.084 5.91893e-05
600.841 5.87736e-05
601.597 5.83609e-05
602.353 5.7951e-05
603.109 5.75439e-05
603.865 5.71397e-05
604.621 5.67383e-05
605.378 5.63396e-05
606.134 5.59438e-05
606.89 5.55507e-05
607.646 5.51603e-05
608.402 5.47726e-05
609.158 5.43876e-05
609.915 5.40052e-05
610.671 5.36256e-05
611.427 5.32485e-05
612.183 5.28741e-05
612.939 5.25023e-05
613.695 5.21331e-05
614.452 5.17664e-05
615.208 5.14023e-05
615.964 5.10407e-05
616.72 5.06816e-05
617.476 5.0325e-05
618.232 4.99709e-05
618.989 4.96193e-05
619.745 4.92701e-05
620.501 4.89233e-05
621.257 4.85789e-05
622.013 4.8237e-05
622.769 4.78974e-05
623.526 4.75602e-05
624.282 4.72253e-05
625.038 4.68927e-05
625.794 4.65625e-05
626.55 4.62346e-05
627.306 4.59089e-05
628.063 4.55855e-05
628.819 4.52644e-05
629.575 4.49455e-05
630.331 4.46288e-05
631.087 4.43143e-05
631.843 4.40021e-05
632.6 4.3692e-05
633.356 4.3384e-05
634.112 4.30782e-05
634.868 4.27745e-05
635.624 4.2473e-05
636.381 4.21735e-05
637.137 4.18762e-05
637.893 4.15809e-05
638.649 4.12876e-05
639.405 4.09964e-05
640.161 4.07073e-05
640.918 4.04201e-05
641.674 4.0135e-05
642.43 3.98519e-05
643.186 3.95707e-05
643.942 3.92915e-05
644.698 3.90142e-05
645.455 3.87389e-05
646.211 3.84655e-05
646.967 3.8194e-05
647.723 3.79244e-05
648.479 3.76566e-05
649.235 3.73908e-05
649.992 3.71268e-05
650.748 3.68646e-05
651.504 3.66043e-05
652.26 3.63458e-05
653.016 3.60891e-05
653.772 3.58342e-05
654.529 3.55811e-05
655.285 3.53297e-05
656.041 3.50801e-05
656.797 3.48323e-05
657.553 3.45862e-05
658.309 3.43418e-05
659.066 3.40991e-05
659.822 3.38581e-05
660.578 3.36188e-05
661.334 3.33812e-05
662.09 3.31452e-05
662.846 3.29109e-05
663.603 3.26782e-05
664.359 3.24471e-05
665.115 3.22177e-05
665.871 3.19899e-05
666.627 3.17636e-05
667.383 3.1539e-05
668.14 3.13159e-05
668.896 3.10944e-05
669.652 3.08744e-05
670.408 3.0656e-05
671.164 3.04391e-05
671.92 3.02237e-05
672.677 3.00098e-05
673.433 2.97974e-05
674.189 2.95866e-05
674.945 2.93772e-05
675.701 2.91692e-05
676.458 2.89627e-05
677.214 2.87577e-05
677.97 2.85541e-05
678.726 2.83519e-05
679.482 2.81512e-05
680.238 2.79518e-05
680.995 2.77539e-05
681.751 2.75573e-05
682.507 2.73621e-05
683.263 2.71683e-05
684.019 2.69759e-05
684.775 2.67848e-05
685.532 2.6595e-05
686.288 2.64066e-05
687.044 2.62195e-05
687.8 2.60337e-05
688.556 2.58492e-05
689.312 2.5666e-05
690.069 2.54841e-05
690.825 2.53034e-05
691.581 2.51241e-05
692.337 2.4946e-05
693.093 2.47691e-05
693.849 2.45935e-05
694.606 2.44191e-05
695.362 2.42459e-05
696.118 2.4074e-05
696.874 2.39033e-05
697.63 2.37337e-05
698.386 2.35654e-05
699.143 2.33982e-05
699.899 2.32323e-05
700.655 2.30674e-05
701.411 2.29038e-05
702.167 2.27413e-05
702.923 2.25799e-05
703.68 2.24197e-05
704.436 2.22606e-05
705.192 2.21026e-05
705.948 2.19457e-05
706.704 2.17899e-05
707.46 2.16353e-05
708.217 2.14817e-05
708.973 2.13292e-05
709.729 2.11777e-05
710.485 2.10274e-05
711.241 2.08781e-05
711.997 2.07298e-05
712.754 2.05826e-05
713.51 2.04364e-05
714.266 2.02912e-05
715.022 2.01471e-05
715.778 2.0004e-05
716.534 1.98619e-05
717.291 1.97208e-05
718.047 1.95807e-05
718.803 1.94415e-05
719.559 1.93034e-05
720.315 1.91662e-05
721.072 1.903e-05
721.828 1.88948e-05
722.584 1.87605e-05
723.34 1.86271e-05
724.096 1.84947e-05
724.852 1.83632e-05
725.609 1.82327e-05
726.365 1.81031e-05
727.121 1.79744e-05
727.877 1.78465e-05
728.633 1.77196e-05
729.389 1.75936e-05
730.146 1.74685e-05
730.902 1.73443e-05
731.658 1.72209e-05
732.414 1.70984e-05
733.17 1.69768e-05
733.926 1.6856e-05
734.683 1.67361e-05
735.439 1.6617e-05
736.195 1.64988e-05
736.951 1.63814e-05
737.707 1.62648e-05
738.463 1.6149e-05
739.22 1.60341e-05
739.976 1.592e-05
740.732 1.58067e-05
741.488 1.56942e-05
742.244 1.55824e-05
743 1.54715e-05
743.757 1.53614e-05
744.513 1.5252e-05
745.269 1.51434e-05
746.025 1.50356e-05
746.781 1.49285e-05
747.537 1.48222e-05
748.294 1.47166e-05
749.05 1.46118e-05
749.806 1.45077e-05
750.562 1.44044e-05
751.318 1.43018e-05
752.074 1.41999e-05
752.831 1.40987e-05
753.587 1.39983e-05
754.343 1.38985e-05
755.099 1.37995e-05
755.855 1.37012e-05
756.611 1.36035e-05
