-1.1181 0.00428026
-1.1076 0.00448888
-1.0971 0.00470731
-1.0866 0.00493598
-1.0761 0.00517537
-1.06561 0.00542592
-1.05511 0.00568815
-1.04461 0.00596254
-1.03411 0.00624964
-1.02361 0.00654999
-1.01311 0.00686416
-1.00262 0.00719275
-0.992118 0.00753636
-0.98162 0.00789563
-0.971122 0.00827122
-0.960624 0.00866381
-0.950126 0.00907411
-0.939628 0.00950285
-0.929129 0.00995078
-0.918631 0.0104187
-0.908133 0.0109074
-0.897635 0.0114177
-0.887137 0.0119505
-0.876639 0.0125067
-0.866141 0.0130872
-0.855642 0.0136929
-0.845144 0.0143248
-0.834646 0.0149839
-0.824148 0.0156712
-0.81365 0.0163879
-0.803152 0.0171349
-0.792653 0.0179135
-0.782155 0.0187246
-0.771657 0.0195697
-0.761159 0.0204497
-0.750661 0.021366
-0.740163 0.0223197
-0.729664 0.0233123
-0.719166 0.024345
-0.708668 0.0254191
-0.69817 0.026536
-0.687672 0.027697
-0.677174 0.0289036
-0.666675 0.0301572
-0.656177 0.0314591
-0.645679 0.032811
-0.635181 0.0342142
-0.624683 0.0356702
-0.614185 0.0371805
-0.603686 0.0387466
-0.593188 0.04037
-0.58269 0.0420521
-0.572192 0.0437946
-0.561694 0.0455988
-0.551196 0.0474663
-0.540698 0.0493985
-0.530199 0.0513969
-0.519701 0.0534628
-0.509203 0.0555978
-0.498705 0.0578031
-0.488207 0.0600802
-0.477709 0.0624302
-0.46721 0.0648544
-0.456712 0.067354
-0.446214 0.0699301
-0.435716 0.0725839
-0.425218 0.0753162
-0.41472 0.078128
-0.404221 0.0810202
-0.393723 0.0839934
-0.383225 0.0870483
-0.372727 0.0901855
-0.362229 0.0934053
-0.351731 0.0967081
-0.341232 0.100094
-0.330734 0.103563
-0.320236 0.107116
-0.309738 0.110751
-0.29924 0.114469
-0.288742 0.118269
-0.278243 0.12215
-0.267745 0.126112
-0.257247 0.130153
-0.246749 0.134273
-0.236251 0.138469
-0.225753 0.142742
-0.215255 0.147088
-0.204756 0.151506
-0.194258 0.155994
-0.18376 0.160549
-0.173262 0.16517
-0.162764 0.169854
-0.152266 0.174597
-0.141767 0.179397
-0.131269 0.184252
-0.120771 0.189156
-0.110273 0.194108
-0.0997747 0.199104
-0.0892766 0.204139
-0.0787784 0.209211
-0.0682802 0.214314
-0.0577821 0.219445
-0.0472839 0.2246
-0.0367858 0.229774
-0.0262876 0.234964
-0.0157894 0.240163
-0.00529128 0.245369
0.00520688 0.250575
0.015705 0.255779
0.0262032 0.260974
0.0367014 0.266156
0.0471995 0.271321
0.0576977 0.276464
0.0681959 0.28158
0.078694 0.286665
0.0891922 0.291713
0.0996903 0.29672
0.110188 0.301683
0.120687 0.306596
0.131185 0.311455
0.141683 0.316256
0.152181 0.320995
0.162679 0.325668
0.173177 0.330271
0.183676 0.3348
0.194174 0.339252
0.204672 0.343624
0.21517 0.347912
0.225668 0.352113
0.236166 0.356225
0.246665 0.360244
0.257163 0.364167
0.267661 0.367994
0.278159 0.371721
0.288657 0.375346
0.299155 0.378868
0.309654 0.382284
0.320152 0.385594
0.33065 0.388796
0.341148 0.391889
0.351646 0.394871
0.362144 0.397743
0.372643 0.400503
0.383141 0.403151
0.393639 0.405687
0.404137 0.40811
0.414635 0.410421
0.425133 0.412619
0.435631 0.414705
0.44613 0.416679
0.456628 0.418542
0.467126 0.420294
0.477624 0.421935
0.488122 0.423468
0.49862 0.424893
0.509119 0.42621
0.519617 0.427421
0.530115 0.428528
0.540613 0.42953
0.551111 0.430431
0.561609 0.431231
0.572108 0.431931
0.582606 0.432534
0.593104 0.43304
0.603602 0.433452
0.6141 0.433771
0.624598 0.433999
0.635097 0.434138
0.645595 0.434189
0.656093 0.434154
0.666591 0.434036
0.677089 0.433835
0.687587 0.433554
0.698086 0.433195
0.708584 0.432759
0.719082 0.432249
0.72958 0.431666
0.740078 0.431012
0.750576 0.430289
0.761074 0.429499
0.771573 0.428643
0.782071 0.427725
0.792569 0.426744
0.803067 0.425704
0.813565 0.424606
0.824063 0.423452
0.834562 0.422244
0.84506 0.420982
0.855558 0.41967
0.866056 0.418309
0.876554 0.4169
0.887052 0.415445
0.897551 0.413946
0.908049 0.412404
0.918547 0.410821
0.929045 0.409199
0.939543 0.407538
0.950041 0.405841
0.96054 0.404109
0.971038 0.402343
0.981536 0.400545
0.992034 0.398716
1.00253 0.396858
1.01303 0.394971
1.02353 0.393057
1.03403 0.391118
1.04452 0.389154
1.05502 0.387167
1.06552 0.385158
1.07602 0.383128
1.08652 0.381078
1.09702 0.379009
1.10751 0.376923
1.11801 0.37482
1.12851 0.372701
1.13901 0.370568
1.14951 0.368421
1.16 0.366262
1.1705 0.364091
1.181 0.361908
1.1915 0.359716
1.202 0.357514
1.2125 0.355304
1.22299 0.353086
1.23349 0.350862
1.24399 0.348631
1.25449 0.346395
1.26499 0.344154
1.27548 0.341909
1.28598 0.33966
1.29648 0.337409
1.30698 0.335155
1.31748 0.3329
1.32798 0.330644
1.33847 0.328388
1.34897 0.326132
1.35947 0.323876
1.36997 0.321621
1.38047 0.319369
1.39096 0.317118
1.40146 0.31487
1.41196 0.312624
1.42246 0.310382
1.43296 0.308144
1.44345 0.305911
1.45395 0.303682
1.46445 0.301457
1.47495 0.299239
1.48545 0.297025
1.49595 0.294818
1.50644 0.292617
1.51694 0.290423
1.52744 0.288236
1.53794 0.286056
1.54844 0.283883
1.55893 0.281718
1.56943 0.279561
1.57993 0.277412
1.59043 0.275272
1.60093 0.27314
1.61143 0.271017
1.62192 0.268903
1.63242 0.266799
1.64292 0.264704
1.65342 0.262618
1.66392 0.260542
1.67441 0.258476
1.68491 0.25642
1.69541 0.254375
1.70591 0.252339
1.71641 0.250315
1.72691 0.2483
1.7374 0.246297
1.7479 0.244304
1.7584 0.242322
1.7689 0.240351
1.7794 0.238392
1.78989 0.236443
1.80039 0.234506
1.81089 0.232579
1.82139 0.230665
1.83189 0.228762
1.84239 0.22687
1.85288 0.22499
1.86338 0.223121
1.87388 0.221264
1.88438 0.219419
1.89488 0.217585
1.90537 0.215764
1.91587 0.213954
1.92637 0.212155
1.93687 0.210369
1.94737 0.208594
1.95786 0.206832
1.96836 0.205081
1.97886 0.203342
1.98936 0.201615
1.99986 0.199899
2.01036 0.198196
2.02085 0.196504
2.03135 0.194825
2.04185 0.193157
2.05235 0.191501
2.06285 0.189857
2.07334 0.188224
2.08384 0.186603
2.09434 0.184994
2.10484 0.183397
2.11534 0.181812
2.12584 0.180238
2.13633 0.178676
2.14683 0.177125
2.15733 0.175586
2.16783 0.174058
2.17833 0.172542
2.18882 0.171038
2.19932 0.169545
2.20982 0.168063
2.22032 0.166593
2.23082 0.165134
2.24132 0.163686
2.25181 0.162249
2.26231 0.160824
2.27281 0.15941
2.28331 0.158006
2.29381 0.156614
2.3043 0.155233
2.3148 0.153862
2.3253 0.152503
2.3358 0.151154
2.3463 0.149816
2.3568 0.148489
2.36729 0.147173
2.37779 0.145867
2.38829 0.144571
2.39879 0.143286
2.40929 0.142012
2.41978 0.140747
2.43028 0.139494
2.44078 0.13825
2.45128 0.137016
2.46178 0.135793
2.47227 0.13458
2.48277 0.133377
2.49327 0.132183
2.50377 0.131
2.51427 0.129826
2.52477 0.128663
2.53526 0.127508
2.54576 0.126364
2.55626 0.125229
2.56676 0.124104
2.57726 0.122988
2.58775 0.121881
2.59825 0.120784
2.60875 0.119696
2.61925 0.118618
2.62975 0.117548
2.64025 0.116488
2.65074 0.115436
2.66124 0.114394
2.67174 0.11336
2.68224 0.112335
2.69274 0.111319
2.70323 0.110312
2.71373 0.109313
2.72423 0.108323
2.73473 0.107342
2.74523 0.106369
2.75573 0.105404
2.76622 0.104448
2.77672 0.1035
2.78722 0.10256
2.79772 0.101628
2.80822 0.100705
2.81871 0.099789
2.82921 0.0988815
2.83971 0.0979818
2.85021 0.09709
2.86071 0.096206
2.8712 0.0953297
2.8817 0.0944612
2.8922 0.0936002
2.9027 0.0927468
2.9132 0.0919008
2.9237 0.0910624
2.93419 0.0902313
2.94469 0.0894075
2.95519 0.088591
2.96569 0.0877817
2.97619 0.0869796
2.98668 0.0861845
2.99718 0.0853965
3.00768 0.0846155
3.01818 0.0838414
3.02868 0.0830742
3.03918 0.0823138
3.04967 0.0815601
3.06017 0.0808132
3.07067 0.0800729
3.08117 0.0793392
3.09167 0.078612
3.10216 0.0778914
3.11266 0.0771772
3.12316 0.0764693
3.13366 0.0757678
3.14416 0.0750726
3.15466 0.0743836
3.16515 0.0737008
3.17565 0.0730241
3.18615 0.0723535
3.19665 0.0716889
3.20715 0.0710302
3.21764 0.0703775
3.22814 0.0697307
3.23864 0.0690897
3.24914 0.0684545
3.25964 0.067825
3.27014 0.0672011
3.28063 0.0665829
3.29113 0.0659703
3.30163 0.0653632
3.31213 0.0647616
3.32263 0.0641655
3.33312 0.0635747
3.34362 0.0629893
3.35412 0.0624092
3.36462 0.0618343
3.37512 0.0612647
3.38561 0.0607002
3.39611 0.0601408
3.40661 0.0595865
3.41711 0.0590373
3.42761 0.058493
3.43811 0.0579537
3.4486 0.0574193
3.4591 0.0568898
3.4696 0.056365
3.4801 0.0558451
3.4906 0.0553299
3.50109 0.0548193
3.51159 0.0543135
3.52209 0.0538122
3.53259 0.0533155
3.54309 0.0528234
3.55359 0.0523357
3.56408 0.0518525
3.57458 0.0513737
3.58508 0.0508993
3.59558 0.0504292
3.60608 0.0499635
3.61657 0.0495019
3.62707 0.0490446
3.63757 0.0485915
3.64807 0.0481426
3.65857 0.0476977
3.66907 0.0472569
3.67956 0.0468202
3.69006 0.0463874
3.70056 0.0459587
3.71106 0.0455338
3.72156 0.0451129
3.73205 0.0446958
3.74255 0.0442826
3.75305 0.0438731
3.76355 0.0434674
3.77405 0.0430654
3.78454 0.0426672
3.79504 0.0422725
3.80554 0.0418816
3.81604 0.0414942
3.82654 0.0411103
3.83704 0.04073
3.84753 0.0403532
3.85803 0.0399799
3.86853 0.03961
3.87903 0.0392435
3.88953 0.0388803
3.90002 0.0385206
3.91052 0.0381641
3.92102 0.0378109
3.93152 0.037461
3.94202 0.0371143
3.95252 0.0367708
3.96301 0.0364304
3.97351 0.0360932
3.98401 0.0357591
3.99451 0.0354281
4.00501 0.0351002
4.0155 0.0347752
4.026 0.0344533
4.0365 0.0341343
4.047 0.0338183
4.0575 0.0335052
4.068 0.033195
4.07849 0.0328877
4.08899 0.0325831
4.09949 0.0322815
4.10999 0.0319825
4.12049 0.0316864
4.13098 0.031393
4.14148 0.0311023
4.15198 0.0308143
4.16248 0.0305289
4.17298 0.0302462
4.18348 0.0299661
4.19397 0.0296886
4.20447 0.0294137
4.21497 0.0291413
4.22547 0.0288714
4.23597 0.028604
4.24646 0.0283391
4.25696 0.0280767
4.26746 0.0278167
4.27796 0.027559
4.28846 0.0273038
4.29895 0.0270509
4.30945 0.0268004
4.31995 0.0265522
4.33045 0.0263063
4.34095 0.0260627
4.35145 0.0258213
4.36194 0.0255821
4.37244 0.0253452
4.38294 0.0251105
4.39344 0.0248779
4.40394 0.0246475
4.41443 0.0244192
4.42493 0.0241931
4.43543 0.023969
4.44593 0.0237471
4.45643 0.0235271
4.46693 0.0233092
4.47742 0.0230934
4.48792 0.0228795
4.49842 0.0226676
4.50892 0.0224577
4.51942 0.0222497
4.52991 0.0220437
4.54041 0.0218396
4.55091 0.0216373
4.56141 0.021437
4.57191 0.0212384
4.58241 0.0210418
4.5929 0.0208469
4.6034 0.0206539
4.6139 0.0204627
4.6244 0.0202732
4.6349 0.0200855
4.64539 0.0198995
4.65589 0.0197153
4.66639 0.0195327
4.67689 0.0193519
4.68739 0.0191727
4.69788 0.0189952
4.70838 0.0188193
4.71888 0.0186451
4.72938 0.0184725
4.73988 0.0183015
4.75038 0.0181321
4.76087 0.0179642
4.77137 0.0177979
4.78187 0.0176332
4.79237 0.01747
4.80287 0.0173083
4.81336 0.0171481
4.82386 0.0169893
4.83436 0.0168321
4.84486 0.0166763
4.85536 0.016522
4.86586 0.0163691
4.87635 0.0162176
4.88685 0.0160675
4.89735 0.0159188
4.90785 0.0157715
4.91835 0.0156255
4.92884 0.015481
4.93934 0.0153377
4.94984 0.0151958
4.96034 0.0150552
4.97084 0.0149159
4.98134 0.0147779
4.99183 0.0146412
5.00233 0.0145057
5.01283 0.0143715
5.02333 0.0142386
5.03383 0.0141069
5.04432 0.0139764
5.05482 0.0138471
5.06532 0.013719
5.07582 0.0135921
5.08632 0.0134664
5.09682 0.0133419
5.10731 0.0132185
5.11781 0.0130962
5.12831 0.0129751
5.13881 0.0128551
5.14931 0.0127363
5.1598 0.0126185
5.1703 0.0125018
5.1808 0.0123862
5.1913 0.0122717
5.2018 0.0121583
5.21229 0.0120458
5.22279 0.0119345
5.23329 0.0118242
5.24379 0.0117149
5.25429 0.0116066
5.26479 0.0114993
5.27528 0.011393
5.28578 0.0112877
5.29628 0.0111834
5.30678 0.01108
5.31728 0.0109776
5.32777 0.0108762
5.33827 0.0107757
5.34877 0.0106761
5.35927 0.0105774
5.36977 0.0104797
5.38027 0.0103829
5.39076 0.0102869
5.40126 0.0101919
5.41176 0.0100977
5.42226 0.0100045
5.43276 0.00991203
5.44325 0.00982047
5.45375 0.00972976
5.46425 0.00963989
5.47475 0.00955085
5.48525 0.00946264
5.49575 0.00937525
5.50624 0.00928867
5.51674 0.00920289
5.52724 0.00911791
5.53774 0.00903371
5.54824 0.0089503
5.55873 0.00886766
5.56923 0.00878579
5.57973 0.00870467
5.59023 0.00862431
5.60073 0.00854469
5.61122 0.00846581
5.62172 0.00838767
5.63222 0.00831024
5.64272 0.00823354
5.65322 0.00815755
5.66372 0.00808226
5.67421 0.00800767
5.68471 0.00793377
5.69521 0.00786055
5.70571 0.00778802
5.71621 0.00771616
5.7267 0.00764496
5.7372 0.00757442
5.7477 0.00750454
5.7582 0.00743531
5.7687 0.00736671
5.7792 0.00729876
5.78969 0.00723143
5.80019 0.00716473
5.81069 0.00709864
5.82119 0.00703317
5.83169 0.0069683
5.84218 0.00690404
5.85268 0.00684037
5.86318 0.00677729
5.87368 0.00671479
5.88418 0.00665288
5.89468 0.00659154
5.90517 0.00653076
5.91567 0.00647055
5.92617 0.0064109
5.93667 0.0063518
5.94717 0.00629324
5.95766 0.00623523
5.96816 0.00617776
5.97866 0.00612082
5.98916 0.00606441
5.99966 0.00600852
6.01016 0.00595314
6.02065 0.00589828
6.03115 0.00584393
6.04165 0.00579008
6.05215 0.00573673
6.06265 0.00568387
6.07314 0.00563151
6.08364 0.00557962
6.09414 0.00552822
6.10464 0.0054773
6.11514 0.00542684
6.12563 0.00537685
6.13613 0.00532733
6.14663 0.00527826
6.15713 0.00522965
6.16763 0.00518149
6.17813 0.00513377
6.18862 0.0050865
6.19912 0.00503966
6.20962 0.00499326
6.22012 0.00494728
6.23062 0.00490173
6.24111 0.0048566
6.25161 0.00481189
6.26211 0.0047676
6.27261 0.00472371
6.28311 0.00468023
6.29361 0.00463715
6.3041 0.00459447
6.3146 0.00455219
6.3251 0.00451029
6.3356 0.00446879
6.3461 0.00442766
6.35659 0.00438692
6.36709 0.00434656
6.37759 0.00430656
6.38809 0.00426694
6.39859 0.00422769
6.40909 0.00418879
6.41958 0.00415026
6.43008 0.00411208
6.44058 0.00407426
6.45108 0.00403678
6.46158 0.00399966
6.47207 0.00396287
6.48257 0.00392643
6.49307 0.00389032
6.50357 0.00385454
6.51407 0.0038191
6.52457 0.00378398
6.53506 0.00374919
6.54556 0.00371472
6.55606 0.00368057
6.56656 0.00364673
6.57706 0.00361321
6.58755 0.00358
6.59805 0.00354709
6.60855 0.00351449
6.61905 0.00348219
6.62955 0.00345018
6.64004 0.00341847
6.65054 0.00338706
6.66104 0.00335594
6.67154 0.0033251
6.68204 0.00329455
6.69254 0.00326428
6.70303 0.00323428
6.71353 0.00320457
6.72403 0.00317513
6.73453 0.00314596
6.74503 0.00311707
6.75552 0.00308843
6.76602 0.00306007
6.77652 0.00303196
6.78702 0.00300412
6.79752 0.00297653
6.80802 0.00294919
6.81851 0.00292211
6.82901 0.00289528
6.83951 0.00286869
6.85001 0.00284236
6.86051 0.00281626
6.871 0.0027904
6.8815 0.00276479
6.892 0.00273941
6.9025 0.00271426
6.913 0.00268935
6.9235 0.00266466
6.93399 0.00264021
6.94449 0.00261598
6.95499 0.00259197
6.96549 0.00256818
6.97599 0.00254461
6.98648 0.00252127
6.99698 0.00249813
7.00748 0.00247521
7.01798 0.0024525
7.02848 0.00243
7.03897 0.00240771
7.04947 0.00238562
7.05997 0.00236374
7.07047 0.00234206
7.08097 0.00232058
7.09147 0.00229929
7.10196 0.0022782
7.11246 0.00225731
7.12296 0.00223661
7.13346 0.0022161
7.14396 0.00219578
7.15445 0.00217565
7.16495 0.0021557
7.17545 0.00213593
7.18595 0.00211635
7.19645 0.00209695
7.20695 0.00207773
7.21744 0.00205868
7.22794 0.00203981
7.23844 0.00202111
7.24894 0.00200259
7.25944 0.00198424
7.26993 0.00196605
7.28043 0.00194803
7.29093 0.00193018
7.30143 0.0019125
7.31193 0.00189497
7.32243 0.00187761
7.33292 0.00186041
7.34342 0.00184336
7.35392 0.00182647
7.36442 0.00180974
7.37492 0.00179316
7.38541 0.00177674
7.39591 0.00176046
7.40641 0.00174434
7.41691 0.00172836
7.42741 0.00171254
7.43791 0.00169685
7.4484 0.00168131
7.4589 0.00166592
7.4694 0.00165066
7.4799 0.00163555
7.4904 0.00162057
7.50089 0.00160574
7.51139 0.00159104
7.52189 0.00157647
7.53239 0.00156204
7.54289 0.00154774
7.55338 0.00153357
7.56388 0.00151954
7.57438 0.00150563
7.58488 0.00149185
7.59538 0.0014782
7.60588 0.00146467
7.61637 0.00145127
7.62687 0.00143799
7.63737 0.00142483
7.64787 0.00141179
7.65837 0.00139888
7.66886 0.00138608
7.67936 0.0013734
7.68986 0.00136083
7.70036 0.00134838
7.71086 0.00133605
7.72136 0.00132383
7.73185 0.00131172
7.74235 0.00129972
7.75285 0.00128784
7.76335 0.00127606
7.77385 0.00126439
7.78434 0.00125283
7.79484 0.00124137
7.80534 0.00123002
7.81584 0.00121877
7.82634 0.00120763
7.83684 0.00119659
7.84733 0.00118565
7.85783 0.00117481
7.86833 0.00116407
7.87883 0.00115343
7.88933 0.00114289
7.89982 0.00113244
7.91032 0.00112209
7.92082 0.00111184
7.93132 0.00110168
7.94182 0.00109161
7.95231 0.00108163
7.96281 0.00107175
7.97331 0.00106196
7.98381 0.00105226
7.99431 0.00104264
8.00481 0.00103312
8.0153 0.00102368
8.0258 0.00101433
8.0363 0.00100506
8.0468 0.000995879
8.0573 0.000986782
8.06779 0.000977769
8.07829 0.000968839
8.08879 0.000959991
8.09929 0.000951223
8.10979 0.000942537
8.12029 0.00093393
8.13078 0.000925402
8.14128 0.000916952
8.15178 0.000908579
8.16228 0.000900284
8.17278 0.000892064
8.18327 0.00088392
8.19377 0.000875851
8.20427 0.000867855
8.21477 0.000859933
8.22527 0.000852084
8.23577 0.000844306
8.24626 0.0008366
8.25676 0.000828965
8.26726 0.000821399
8.27776 0.000813903
8.28826 0.000806476
8.29875 0.000799116
8.30925 0.000791825
8.31975 0.000784599
8.33025 0.000777441
8.34075 0.000770348
8.35125 0.000763319
8.36174 0.000756356
8.37224 0.000749456
8.38274 0.000742619
8.39324 0.000735845
8.40374 0.000729133
8.41423 0.000722482
8.42473 0.000715893
8.43523 0.000709364
8.44573 0.000702894
8.45623 0.000696484
8.46672 0.000690133
8.47722 0.000683839
8.48772 0.000677604
8.49822 0.000671425
8.50872 0.000665304
8.51922 0.000659238
8.52971 0.000653227
8.54021 0.000647272
8.55071 0.000641372
8.56121 0.000635525
8.57171 0.000629732
8.5822 0.000623992
8.5927 0.000618304
8.6032 0.000612669
8.6137 0.000607085
8.6242 0.000601552
8.6347 0.00059607
8.64519 0.000590638
8.65569 0.000585256
8.66619 0.000579923
8.67669 0.000574639
8.68719 0.000569403
8.69768 0.000564215
8.70818 0.000559074
8.71868 0.000553981
8.72918 0.000548934
8.73968 0.000543934
8.75018 0.000538979
8.76067 0.000534069
8.77117 0.000529205
8.78167 0.000524385
8.79217 0.000519609
8.80267 0.000514876
8.81316 0.000510187
8.82366 0.000505541
8.83416 0.000500937
8.84466 0.000496376
8.85516 0.000491856
8.86565 0.000487377
8.87615 0.00048294
8.88665 0.000478543
8.89715 0.000474186
8.90765 0.000469869
8.91815 0.000465592
8.92864 0.000461353
8.93914 0.000457154
8.94964 0.000452993
8.96014 0.000448869
8.97064 0.000444784
8.98113 0.000440736
8.99163 0.000436725
9.00213 0.00043275
9.01263 0.000428812
9.02313 0.00042491
9.03363 0.000421043
9.04412 0.000417212
9.05462 0.000413416
9.06512 0.000409654
9.07562 0.000405927
9.08612 0.000402234
9.09661 0.000398575
9.10711 0.000394949
9.11761 0.000391356
9.12811 0.000387796
9.13861 0.000384268
9.14911 0.000380773
9.1596 0.00037731
9.1701 0.000373878
9.1806 0.000370478
9.1911 0.000367109
9.2016 0.00036377
9.21209 0.000360462
9.22259 0.000357184
9.23309 0.000353936
9.24359 0.000350718
9.25409 0.000347529
9.26459 0.000344369
9.27508 0.000341239
9.28558 0.000338136
9.29608 0.000335062
9.30658 0.000332016
9.31708 0.000328998
9.32757 0.000326008
9.33807 0.000323044
9.34857 0.000320108
9.35907 0.000317199
9.36957 0.000314316
