-4.9411 0.00072247
-4.93351 0.000731566
-4.92592 0.000740777
-4.91833 0.000750103
-4.91074 0.000759547
-4.90315 0.000769109
-4.89557 0.000778792
-4.88798 0.000788597
-4.88039 0.000798526
-4.8728 0.000808579
-4.86521 0.000818759
-4.85762 0.000829067
-4.85003 0.000839505
-4.84244 0.000850074
-4.83486 0.000860776
-4.82727 0.000871613
-4.81968 0.000882586
-4.81209 0.000893697
-4.8045 0.000904948
-4.79691 0.000916341
-4.78932 0.000927877
-4.78173 0.000939559
-4.77415 0.000951387
-4.76656 0.000963364
-4.75897 0.000975492
-4.75138 0.000987772
-4.74379 0.00100021
-4.7362 0.0010128
-4.72861 0.00102555
-4.72103 0.00103846
-4.71344 0.00105153
-4.70585 0.00106477
-4.69826 0.00107817
-4.69067 0.00109174
-4.68308 0.00110549
-4.67549 0.0011194
-4.6679 0.00113349
-4.66032 0.00114776
-4.65273 0.00116221
-4.64514 0.00117684
-4.63755 0.00119165
-4.62996 0.00120665
-4.62237 0.00122184
-4.61478 0.00123722
-4.60719 0.00125279
-4.59961 0.00126856
-4.59202 0.00128452
-4.58443 0.00130069
-4.57684 0.00131706
-4.56925 0.00133364
-4.56166 0.00135042
-4.55407 0.00136742
-4.54649 0.00138463
-4.5389 0.00140205
-4.53131 0.0014197
-4.52372 0.00143756
-4.51613 0.00145565
-4.50854 0.00147397
-4.50095 0.00149252
-4.49336 0.0015113
-4.48578 0.00153032
-4.47819 0.00154957
-4.4706 0.00156907
-4.46301 0.00158881
-4.45542 0.00160881
-4.44783 0.00162905
-4.44024 0.00164954
-4.43265 0.0016703
-4.42507 0.00169131
-4.41748 0.00171259
-4.40989 0.00173414
-4.4023 0.00175595
-4.39471 0.00177804
-4.38712 0.00180041
-4.37953 0.00182306
-4.37195 0.00184599
-4.36436 0.00186921
-4.35677 0.00189272
-4.34918 0.00191653
-4.34159 0.00194063
-4.334 0.00196504
-4.32641 0.00198976
-4.31882 0.00201478
-4.31124 0.00204012
-4.30365 0.00206577
-4.29606 0.00209175
-4.28847 0.00211806
-4.28088 0.00214469
-4.27329 0.00217166
-4.2657 0.00219897
-4.25811 0.00222661
-4.25053 0.00225461
-4.24294 0.00228296
-4.23535 0.00231166
-4.22776 0.00234072
-4.22017 0.00237014
-4.21258 0.00239994
-4.20499 0.00243011
-4.19741 0.00246065
-4.18982 0.00249158
-4.18223 0.0025229
-4.17464 0.00255461
-4.16705 0.00258671
-4.15946 0.00261922
-4.15187 0.00265214
-4.14428 0.00268547
-4.1367 0.00271921
-4.12911 0.00275338
-4.12152 0.00278797
-4.11393 0.002823
-4.10634 0.00285847
-4.09875 0.00289438
-4.09116 0.00293074
-4.08357 0.00296756
-4.07599 0.00300483
-4.0684 0.00304258
-4.06081 0.00308079
-4.05322 0.00311948
-4.04563 0.00315866
-4.03804 0.00319833
-4.03045 0.00323849
-4.02287 0.00327916
-4.01528 0.00332033
-4.00769 0.00336202
-4.0001 0.00340423
-3.99251 0.00344697
-3.98492 0.00349024
-3.97733 0.00353405
-3.96974 0.00357841
-3.96216 0.00362332
-3.95457 0.0036688
-3.94698 0.00371484
-3.93939 0.00376146
-3.9318 0.00380866
-3.92421 0.00385644
-3.91662 0.00390483
-3.90903 0.00395382
-3.90145 0.00400342
-3.89386 0.00405364
-3.88627 0.00410449
-3.87868 0.00415597
-3.87109 0.00420809
-3.8635 0.00426086
-3.85591 0.00431429
-3.84832 0.00436839
-3.84074 0.00442316
-3.83315 0.00447862
-3.82556 0.00453476
-3.81797 0.00459161
-3.81038 0.00464916
-3.80279 0.00470743
-3.7952 0.00476643
-3.78762 0.00482616
-3.78003 0.00488663
-3.77244 0.00494786
-3.76485 0.00500985
-3.75726 0.00507261
-3.74967 0.00513615
-3.74208 0.00520049
-3.73449 0.00526562
-3.72691 0.00533156
-3.71932 0.00539833
-3.71173 0.00546592
-3.70414 0.00553435
-3.69655 0.00560364
-3.68896 0.00567378
-3.68137 0.0057448
-3.67378 0.0058167
-3.6662 0.00588949
-3.65861 0.00596318
-3.65102 0.00603779
-3.64343 0.00611333
-3.63584 0.0061898
-3.62825 0.00626723
-3.62066 0.00634561
-3.61308 0.00642497
-3.60549 0.00650531
-3.5979 0.00658664
-3.59031 0.00666899
-3.58272 0.00675235
-3.57513 0.00683675
-3.56754 0.00692219
-3.55995 0.00700869
-3.55237 0.00709626
-3.54478 0.00718492
-3.53719 0.00727467
-3.5296 0.00736554
-3.52201 0.00745753
-3.51442 0.00755065
-3.50683 0.00764493
-3.49924 0.00774037
-3.49166 0.007837
-3.48407 0.00793481
-3.47648 0.00803384
-3.46889 0.00813409
-3.4613 0.00823557
-3.45371 0.00833831
-3.44612 0.00844232
-3.43854 0.00854761
-3.43095 0.0086542
-3.42336 0.00876211
-3.41577 0.00887134
-3.40818 0.00898192
-3.40059 0.00909387
-3.393 0.00920719
-3.38541 0.00932191
-3.37783 0.00943804
-3.37024 0.0095556
-3.36265 0.00967461
-3.35506 0.00979508
-3.34747 0.00991703
-3.33988 0.0100405
-3.33229 0.0101655
-3.3247 0.010292
-3.31712 0.01042
-3.30953 0.0105496
-3.30194 0.0106809
-3.29435 0.0108137
-3.28676 0.0109482
-3.27917 0.0110843
-3.27158 0.0112221
-3.264 0.0113615
-3.25641 0.0115027
-3.24882 0.0116456
-3.24123 0.0117903
-3.23364 0.0119367
-3.22605 0.0120849
-3.21846 0.012235
-3.21087 0.0123868
-3.20329 0.0125406
-3.1957 0.0126962
-3.18811 0.0128537
-3.18052 0.0130131
-3.17293 0.0131745
-3.16534 0.0133378
-3.15775 0.0135032
-3.15016 0.0136705
-3.14258 0.0138399
-3.13499 0.0140114
-3.1274 0.0141849
-3.11981 0.0143606
-3.11222 0.0145384
-3.10463 0.0147183
-3.09704 0.0149005
-3.08946 0.0150848
-3.08187 0.0152714
-3.07428 0.0154603
-3.06669 0.0156514
-3.0591 0.0158449
-3.05151 0.0160407
-3.04392 0.0162389
-3.03633 0.0164395
-3.02875 0.0166425
-3.02116 0.016848
-3.01357 0.017056
-3.00598 0.0172665
-2.99839 0.0174795
-2.9908 0.0176951
-2.98321 0.0179133
-2.97562 0.0181342
-2.96804 0.0183577
-2.96045 0.0185839
-2.95286 0.0188128
-2.94527 0.0190445
-2.93768 0.019279
-2.93009 0.0195163
-2.9225 0.0197564
-2.91492 0.0199995
-2.90733 0.0202454
-2.89974 0.0204943
-2.89215 0.0207462
-2.88456 0.0210011
-2.87697 0.0212591
-2.86938 0.0215202
-2.86179 0.0217844
-2.85421 0.0220517
-2.84662 0.0223223
-2.83903 0.0225961
-2.83144 0.0228731
-2.82385 0.0231535
-2.81626 0.0234372
-2.80867 0.0237243
-2.80108 0.0240148
-2.7935 0.0243088
-2.78591 0.0246063
-2.77832 0.0249073
-2.77073 0.0252119
-2.76314 0.0255201
-2.75555 0.025832
-2.74796 0.0261475
-2.74037 0.0264668
-2.73279 0.0267899
-2.7252 0.0271168
-2.71761 0.0274476
-2.71002 0.0277823
-2.70243 0.028121
-2.69484 0.0284636
-2.68725 0.0288103
-2.67967 0.029161
-2.67208 0.0295159
-2.66449 0.029875
-2.6569 0.0302383
-2.64931 0.0306059
-2.64172 0.0309777
-2.63413 0.031354
-2.62654 0.0317346
-2.61896 0.0321197
-2.61137 0.0325093
-2.60378 0.0329035
-2.59619 0.0333023
-2.5886 0.0337057
-2.58101 0.0341138
-2.57342 0.0345267
-2.56583 0.0349444
-2.55825 0.0353669
-2.55066 0.0357944
-2.54307 0.0362268
-2.53548 0.0366642
-2.52789 0.0371067
-2.5203 0.0375543
-2.51271 0.0380071
-2.50513 0.0384651
-2.49754 0.0389284
-2.48995 0.039397
-2.48236 0.0398711
-2.47477 0.0403505
-2.46718 0.0408355
-2.45959 0.0413261
-2.452 0.0418223
-2.44442 0.0423242
-2.43683 0.0428318
-2.42924 0.0433452
-2.42165 0.0438645
-2.41406 0.0443896
-2.40647 0.0449208
-2.39888 0.045458
-2.39129 0.0460014
-2.38371 0.0465508
-2.37612 0.0471065
-2.36853 0.0476685
-2.36094 0.0482369
-2.35335 0.0488117
-2.34576 0.0493929
-2.33817 0.0499807
-2.33059 0.0505751
-2.323 0.0511762
-2.31541 0.051784
-2.30782 0.0523987
-2.30023 0.0530202
-2.29264 0.0536486
-2.28505 0.0542841
-2.27746 0.0549267
-2.26988 0.0555763
-2.26229 0.0562332
-2.2547 0.0568974
-2.24711 0.057569
-2.23952 0.0582479
-2.23193 0.0589344
-2.22434 0.0596284
-2.21675 0.0603301
-2.20917 0.0610394
-2.20158 0.0617566
-2.19399 0.0624816
-2.1864 0.0632145
-2.17881 0.0639554
-2.17122 0.0647044
-2.16363 0.0654615
-2.15605 0.0662268
-2.14846 0.0670005
-2.14087 0.0677825
-2.13328 0.0685729
-2.12569 0.0693719
-2.1181 0.0701794
-2.11051 0.0709957
-2.10292 0.0718206
-2.09534 0.0726544
-2.08775 0.0734971
-2.08016 0.0743487
-2.07257 0.0752094
-2.06498 0.0760793
-2.05739 0.0769583
-2.0498 0.0778466
-2.04221 0.0787443
-2.03463 0.0796514
-2.02704 0.080568
-2.01945 0.0814942
-2.01186 0.0824301
-2.00427 0.0833757
-1.99668 0.0843311
-1.98909 0.0852965
-1.98151 0.0862718
-1.97392 0.0872572
-1.96633 0.0882528
-1.95874 0.0892585
-1.95115 0.0902745
-1.94356 0.091301
-1.93597 0.0923378
-1.92838 0.0933852
-1.9208 0.0944432
-1.91321 0.0955119
-1.90562 0.0965913
-1.89803 0.0976816
-1.89044 0.0987828
-1.88285 0.099895
-1.87526 0.101018
-1.86767 0.102153
-1.86009 0.103298
-1.8525 0.104455
-1.84491 0.105623
-1.83732 0.106803
-1.82973 0.107994
-1.82214 0.109197
-1.81455 0.110412
-1.80697 0.111638
-1.79938 0.112876
-1.79179 0.114126
-1.7842 0.115387
-1.77661 0.116661
-1.76902 0.117947
-1.76143 0.119245
-1.75384 0.120556
-1.74626 0.121878
-1.73867 0.123213
-1.73108 0.124561
-1.72349 0.12592
-1.7159 0.127293
-1.70831 0.128678
-1.70072 0.130075
-1.69313 0.131486
-1.68555 0.132909
-1.67796 0.134345
-1.67037 0.135794
-1.66278 0.137255
-1.65519 0.13873
-1.6476 0.140218
-1.64001 0.141719
-1.63242 0.143233
-1.62484 0.14476
-1.61725 0.146301
-1.60966 0.147855
-1.60207 0.149422
-1.59448 0.151002
-1.58689 0.152596
-1.5793 0.154203
-1.57172 0.155824
-1.56413 0.157458
-1.55654 0.159106
-1.54895 0.160767
-1.54136 0.162442
-1.53377 0.164131
-1.52618 0.165833
-1.51859 0.167548
-1.51101 0.169278
-1.50342 0.17102
-1.49583 0.172777
-1.48824 0.174547
-1.48065 0.176331
-1.47306 0.178129
-1.46547 0.17994
-1.45788 0.181765
-1.4503 0.183603
-1.44271 0.185455
-1.43512 0.187321
-1.42753 0.1892
-1.41994 0.191093
-1.41235 0.192999
-1.40476 0.194919
-1.39718 0.196853
-1.38959 0.198799
-1.382 0.200759
-1.37441 0.202733
-1.36682 0.204719
-1.35923 0.206719
-1.35164 0.208732
-1.34405 0.210759
-1.33647 0.212798
-1.32888 0.21485
-1.32129 0.216915
-1.3137 0.218992
-1.30611 0.221083
-1.29852 0.223186
-1.29093 0.225301
-1.28334 0.227429
-1.27576 0.229569
-1.26817 0.231721
-1.26058 0.233886
-1.25299 0.236062
-1.2454 0.23825
-1.23781 0.240449
-1.23022 0.242661
-1.22264 0.244883
-1.21505 0.247116
-1.20746 0.249361
-1.19987 0.251616
-1.19228 0.253882
-1.18469 0.256159
-1.1771 0.258446
-1.16951 0.260743
-1.16193 0.263049
-1.15434 0.265366
-1.14675 0.267691
-1.13916 0.270027
-1.13157 0.272371
-1.12398 0.274723
-1.11639 0.277085
-1.1088 0.279454
-1.10122 0.281832
-1.09363 0.284217
-1.08604 0.286609
-1.07845 0.289009
-1.07086 0.291416
-1.06327 0.293829
-1.05568 0.296248
-1.0481 0.298673
-1.04051 0.301104
-1.03292 0.30354
-1.02533 0.305981
-1.01774 0.308426
-1.01015 0.310876
-1.00256 0.31333
-0.994974 0.315787
-0.987386 0.318247
-0.979797 0.320709
-0.972208 0.323174
-0.964619 0.325641
-0.957031 0.328109
-0.949442 0.330578
-0.941853 0.333048
-0.934265 0.335518
-0.926676 0.337987
-0.919087 0.340456
-0.911499 0.342923
-0.90391 0.345388
-0.896321 0.347852
-0.888733 0.350312
-0.881144 0.35277
-0.873555 0.355223
-0.865966 0.357672
-0.858378 0.360117
-0.850789 0.362555
-0.8432 0.364988
-0.835612 0.367415
-0.828023 0.369835
-0.820434 0.372246
-0.812846 0.37465
-0.805257 0.377045
-0.797668 0.37943
-0.790079 0.381806
-0.782491 0.384171
-0.774902 0.386524
-0.767313 0.388866
-0.759725 0.391196
-0.752136 0.393512
-0.744547 0.395814
-0.736959 0.398102
-0.72937 0.400375
-0.721781 0.402633
-0.714192 0.404874
-0.706604 0.407097
-0.699015 0.409304
-0.691426 0.411491
-0.683838 0.41366
-0.676249 0.415809
-0.66866 0.417937
-0.661072 0.420044
-0.653483 0.422129
-0.645894 0.424192
-0.638305 0.426231
-0.630717 0.428246
-0.623128 0.430237
-0.615539 0.432202
-0.607951 0.434141
-0.600362 0.436053
-0.592773 0.437938
-0.585185 0.439794
-0.577596 0.441622
-0.570007 0.443419
-0.562418 0.445187
-0.55483 0.446923
-0.547241 0.448627
-0.539652 0.450299
-0.532064 0.451938
-0.524475 0.453542
-0.516886 0.455112
-0.509298 0.456647
-0.501709 0.458146
-0.49412 0.459608
-0.486531 0.461033
-0.478943 0.46242
-0.471354 0.463769
-0.463765 0.465078
-0.456177 0.466347
-0.448588 0.467576
-0.440999 0.468763
-0.433411 0.469909
-0.425822 0.471012
-0.418233 0.472073
-0.410644 0.47309
-0.403056 0.474062
-0.395467 0.474991
-0.387878 0.475874
-0.38029 0.476711
-0.372701 0.477502
-0.365112 0.478247
-0.357524 0.478944
-0.349935 0.479594
-0.342346 0.480195
-0.334758 0.480748
-0.327169 0.481253
-0.31958 0.481707
-0.311991 0.482112
-0.304403 0.482467
-0.296814 0.482772
-0.289225 0.483026
-0.281637 0.483229
-0.274048 0.48338
-0.266459 0.48348
-0.258871 0.483529
-0.251282 0.483525
-0.243693 0.483469
-0.236104 0.48336
-0.228516 0.483199
-0.220927 0.482985
-0.213338 0.482718
-0.20575 0.482399
-0.198161 0.482027
-0.190572 0.481601
-0.182984 0.481123
-0.175395 0.480591
-0.167806 0.480007
-0.160217 0.479369
-0.152629 0.478679
-0.14504 0.477936
-0.137451 0.47714
-0.129863 0.476292
-0.122274 0.475392
-0.114685 0.47444
-0.107097 0.473435
-0.0995078 0.472379
-0.0919192 0.471272
-0.0843305 0.470114
-0.0767418 0.468905
-0.0691531 0.467645
-0.0615644 0.466336
-0.0539757 0.464976
-0.046387 0.463568
-0.0387983 0.462111
-0.0312096 0.460605
-0.0236209 0.459051
-0.0160322 0.45745
-0.00844347 0.455803
-0.000854767 0.454108
0.00673393 0.452368
0.0143226 0.450583
0.0219113 0.448753
0.0295 0.44688
0.0370887 0.444963
0.0446774 0.443003
0.0522661 0.441001
0.0598548 0.438958
0.0674435 0.436874
0.0750322 0.43475
0.0826209 0.432587
0.0902096 0.430386
0.0977983 0.428146
0.105387 0.42587
0.112976 0.423558
0.120564 0.421211
0.128153 0.418829
0.135742 0.416413
0.143331 0.413965
0.150919 0.411484
0.158508 0.408973
0.166097 0.406431
0.173685 0.40386
0.181274 0.40126
0.188863 0.398632
0.196451 0.395978
0.20404 0.393298
0.211629 0.390593
0.219217 0.387864
0.226806 0.385111
0.234395 0.382337
0.241984 0.379541
0.249572 0.376724
0.257161 0.373888
0.26475 0.371034
0.272338 0.368161
0.279927 0.365272
0.287516 0.362367
0.295104 0.359447
0.302693 0.356513
0.310282 0.353566
0.317871 0.350607
0.325459 0.347636
0.333048 0.344654
0.340637 0.341663
0.348225 0.338663
0.355814 0.335655
0.363403 0.33264
0.370991 0.329619
0.37858 0.326592
0.386169 0.323561
0.393758 0.320526
0.401346 0.317489
0.408935 0.314449
0.416524 0.311408
0.424112 0.308366
0.431701 0.305324
0.43929 0.302284
0.446878 0.299245
0.454467 0.296208
0.462056 0.293175
0.469645 0.290146
0.477233 0.287121
0.484822 0.284102
0.492411 0.281088
0.499999 0.278082
0.507588 0.275082
0.515177 0.27209
0.522765 0.269107
0.530354 0.266133
0.537943 0.263169
0.545532 0.260214
0.55312 0.257271
0.560709 0.254339
0.568298 0.251419
0.575886 0.248512
0.583475 0.245617
0.591064 0.242736
0.598652 0.239869
0.606241 0.237016
0.61383 0.234177
0.621419 0.231355
0.629007 0.228547
0.636596 0.225756
0.644185 0.222981
0.651773 0.220223
0.659362 0.217483
0.666951 0.21476
0.674539 0.212054
0.682128 0.209367
0.689717 0.206699
0.697306 0.204049
0.704894 0.201418
0.712483 0.198807
0.720072 0.196215
0.72766 0.193643
0.735249 0.191091
0.742838 0.188559
0.750426 0.186048
0.758015 0.183558
0.765604 0.181088
0.773192 0.178639
0.780781 0.176212
0.78837 0.173806
0.795959 0.171421
0.803547 0.169058
0.811136 0.166717
0.818725 0.164397
0.826313 0.1621
0.833902 0.159824
0.841491 0.157571
0.849079 0.155339
0.856668 0.15313
0.864257 0.150943
0.871846 0.148778
0.879434 0.146635
0.887023 0.144515
0.894612 0.142417
0.9022 0.140341
0.909789 0.138288
0.917378 0.136256
0.924966 0.134247
0.932555 0.132261
0.940144 0.130296
0.947733 0.128354
0.955321 0.126434
0.96291 0.124535
0.970499 0.122659
0.978087 0.120805
0.985676 0.118972
0.993265 0.117162
1.00085 0.115373
1.00844 0.113605
1.01603 0.111859
1.02362 0.110134
1.03121 0.108431
1.0388 0.106749
1.04639 0.105088
1.05397 0.103447
1.06156 0.101828
1.06915 0.100229
1.07674 0.0986511
1.08433 0.0970934
1.09192 0.0955559
1.09951 0.0940386
1.1071 0.0925413
1.11468 0.0910638
1.12227 0.0896061
1.12986 0.0881679
1.13745 0.0867492
1.14504 0.0853497
1.15263 0.0839693
1.16022 0.0826078
1.1678 0.0812651
1.17539 0.079941
1.18298 0.0786354
1.19057 0.077348
1.19816 0.0760788
1.20575 0.0748275
1.21334 0.073594
1.22093 0.072378
1.22851 0.0711796
1.2361 0.0699984
1.24369 0.0688343
1.25128 0.0676871
1.25887 0.0665566
1.26646 0.0654427
1.27405 0.0643452
1.28164 0.063264
1.28922 0.0621987
1.29681 0.0611494
1.3044 0.0601157
1.31199 0.0590976
1.31958 0.0580948
1.32717 0.0571071
1.33476 0.0561345
1.34234 0.0551767
1.34993 0.0542335
1.35752 0.0533048
1.36511 0.0523903
1.3727 0.05149
1.38029 0.0506037
1.38788 0.0497311
1.39547 0.0488722
1.40305 0.0480267
1.41064 0.0471944
1.41823 0.0463753
1.42582 0.0455691
1.43341 0.0447757
1.441 0.0439949
1.44859 0.0432265
1.45618 0.0424704
1.46376 0.0417264
1.47135 0.0409944
1.47894 0.0402741
1.48653 0.0395655
1.49412 0.0388684
1.50171 0.0381826
1.5093 0.037508
1.51688 0.0368443
1.52447 0.0361916
1.53206 0.0355495
1.53965 0.034918
1.54724 0.0342969
1.55483 0.0336861
1.56242 0.0330854
1.57001 0.0324946
1.57759 0.0319137
1.58518 0.0313425
1.59277 0.0307808
1.60036 0.0302285
1.60795 0.0296855
1.61554 0.0291516
1.62313 0.0286267
1.63072 0.0281107
1.6383 0.0276034
1.64589 0.0271047
1.65348 0.0266145
1.66107 0.0261326
1.66866 0.0256589
1.67625 0.0251934
1.68384 0.0247357
1.69143 0.024286
1.69901 0.023844
1.7066 0.0234095
1.71419 0.0229826
1.72178 0.022563
1.72937 0.0221507
1.73696 0.0217456
1.74455 0.0213474
1.75213 0.0209562
1.75972 0.0205718
1.76731 0.0201941
1.7749 0.019823
1.78249 0.0194584
1.79008 0.0191002
1.79767 0.0187483
1.80526 0.0184026
1.81284 0.0180629
1.82043 0.0177292
1.82802 0.0174014
1.83561 0.0170795
1.8432 0.0167632
1.85079 0.0164525
1.85838 0.0161473
1.86597 0.0158476
1.87355 0.0155532
1.88114 0.015264
1.88873 0.01498
1.89632 0.0147011
1.90391 0.0144271
1.9115 0.0141581
1.91909 0.0138939
1.92667 0.0136344
1.93426 0.0133796
1.94185 0.0131294
1.94944 0.0128837
1.95703 0.0126424
1.96462 0.0124055
1.97221 0.0121729
1.9798 0.0119445
1.98738 0.0117202
1.99497 0.0115
2.00256 0.0112837
2.01015 0.0110715
2.01774 0.010863
2.02533 0.0106584
2.03292 0.0104575
2.04051 0.0102603
2.04809 0.0100667
2.05568 0.00987659
2.06327 0.00968999
2.07086 0.00950681
2.07845 0.00932699
2.08604 0.00915047
2.09363 0.00897719
2.10121 0.0088071
2.1088 0.00864014
2.11639 0.00847626
2.12398 0.0083154
2.13157 0.00815751
2.13916 0.00800253
2.14675 0.00785043
2.15434 0.00770113
2.16192 0.0075546
2.16951 0.00741079
2.1771 0.00726965
2.18469 0.00713112
2.19228 0.00699517
2.19987 0.00686175
2.20746 0.00673081
2.21505 0.00660231
2.22263 0.0064762
2.23022 0.00635245
2.23781 0.006231
2.2454 0.00611183
2.25299 0.00599488
2.26058 0.00588012
2.26817 0.0057675
2.27575 0.005657
2.28334 0.00554857
2.29093 0.00544217
2.29852 0.00533777
2.30611 0.00523532
2.3137 0.00513481
2.32129 0.00503618
2.32888 0.00493941
2.33646 0.00484447
2.34405 0.00475131
2.35164 0.00465991
2.35923 0.00457023
2.36682 0.00448224
2.37441 0.00439592
2.382 0.00431123
2.38959 0.00422814
2.39717 0.00414662
2.40476 0.00406664
2.41235 0.00398818
2.41994 0.00391121
2.42753 0.00383569
2.43512 0.00376161
2.44271 0.00368894
2.45029 0.00361764
2.45788 0.0035477
2.46547 0.00347909
2.47306 0.00341179
2.48065 0.00334576
2.48824 0.003281
2.49583 0.00321746
2.50342 0.00315514
2.511 0.00309401
2.51859 0.00303404
2.52618 0.00297522
2.53377 0.00291752
2.54136 0.00286092
2.54895 0.0028054
2.55654 0.00275095
2.56413 0.00269754
2.57171 0.00264515
2.5793 0.00259376
2.58689 0.00254336
2.59448 0.00249393
2.60207 0.00244544
2.60966 0.00239788
2.61725 0.00235123
2.62483 0.00230548
2.63242 0.00226061
2.64001 0.0022166
