-9.43365 0.000121046
-9.4129 0.000123248
-9.39215 0.000125491
-9.3714 0.000127774
-9.35065 0.000130099
-9.3299 0.000132467
-9.30915 0.000134878
-9.2884 0.000137333
-9.26765 0.000139833
-9.2469 0.000142378
-9.22615 0.000144971
-9.2054 0.00014761
-9.18466 0.000150298
-9.16391 0.000153035
-9.14316 0.000155822
-9.12241 0.00015866
-9.10166 0.000161551
-9.08091 0.000164494
-9.06016 0.00016749
-9.03941 0.000170542
-9.01866 0.00017365
-8.99791 0.000176814
-8.97716 0.000180037
-8.95641 0.000183318
-8.93566 0.00018666
-8.91491 0.000190062
-8.89416 0.000193527
-8.87341 0.000197056
-8.85266 0.000200649
-8.83191 0.000204308
-8.81116 0.000208034
-8.79041 0.000211829
-8.76966 0.000215693
-8.74891 0.000219627
-8.72816 0.000223634
-8.70741 0.000227715
-8.68666 0.00023187
-8.66591 0.000236101
-8.64516 0.00024041
-8.62442 0.000244798
-8.60367 0.000249267
-8.58292 0.000253817
-8.56217 0.000258452
-8.54142 0.000263171
-8.52067 0.000267976
-8.49992 0.00027287
-8.47917 0.000277854
-8.45842 0.000282929
-8.43767 0.000288097
-8.41692 0.000293361
-8.39617 0.00029872
-8.37542 0.000304179
-8.35467 0.000309737
-8.33392 0.000315398
-8.31317 0.000321163
-8.29242 0.000327034
-8.27167 0.000333012
-8.25092 0.0003391
-8.23017 0.000345301
-8.20942 0.000351615
-8.18867 0.000358045
-8.16792 0.000364594
-8.14717 0.000371263
-8.12642 0.000378054
-8.10567 0.000384971
-8.08492 0.000392015
-8.06418 0.000399188
-8.04343 0.000406493
-8.02268 0.000413933
-8.00193 0.000421509
-7.98118 0.000429225
-7.96043 0.000437083
-7.93968 0.000445086
-7.91893 0.000453236
-7.89818 0.000461536
-7.87743 0.000469989
-7.85668 0.000478598
-7.83593 0.000487365
-7.81518 0.000496293
-7.79443 0.000505387
-7.77368 0.000514647
-7.75293 0.000524079
-7.73218 0.000533684
-7.71143 0.000543466
-7.69068 0.000553428
-7.66993 0.000563574
-7.64918 0.000573907
-7.62843 0.000584431
-7.60768 0.000595149
-7.58693 0.000606064
-7.56618 0.000617181
-7.54543 0.000628503
-7.52469 0.000640034
-7.50394 0.000651777
-7.48319 0.000663738
-7.46244 0.000675919
-7.44169 0.000688324
-7.42094 0.000700959
-7.40019 0.000713827
-7.37944 0.000726933
-7.35869 0.000740281
-7.33794 0.000753875
-7.31719 0.000767721
-7.29644 0.000781822
-7.27569 0.000796183
-7.25494 0.000810811
-7.23419 0.000825708
-7.21344 0.000840881
-7.19269 0.000856334
-7.17194 0.000872073
-7.15119 0.000888103
-7.13044 0.000904429
-7.10969 0.000921058
-7.08894 0.000937993
-7.06819 0.000955242
-7.04744 0.000972811
-7.02669 0.000990704
-7.00594 0.00100893
-6.98519 0.00102749
-6.96445 0.0010464
-6.9437 0.00106565
-6.92295 0.00108526
-6.9022 0.00110524
-6.88145 0.00112558
-6.8607 0.0011463
-6.83995 0.00116741
-6.8192 0.00118891
-6.79845 0.0012108
-6.7777 0.0012331
-6.75695 0.00125581
-6.7362 0.00127895
-6.71545 0.00130251
-6.6947 0.00132651
-6.67395 0.00135096
-6.6532 0.00137586
-6.63245 0.00140122
-6.6117 0.00142705
-6.59095 0.00145336
-6.5702 0.00148016
-6.54945 0.00150745
-6.5287 0.00153525
-6.50795 0.00156357
-6.4872 0.00159242
-6.46645 0.00162179
-6.4457 0.00165172
-6.42495 0.0016822
-6.40421 0.00171324
-6.38346 0.00174487
-6.36271 0.00177708
-6.34196 0.00180989
-6.32121 0.0018433
-6.30046 0.00187734
-6.27971 0.00191202
-6.25896 0.00194733
-6.23821 0.0019833
-6.21746 0.00201995
-6.19671 0.00205727
-6.17596 0.00209529
-6.15521 0.00213401
-6.13446 0.00217345
-6.11371 0.00221363
-6.09296 0.00225456
-6.07221 0.00229624
-6.05146 0.00233871
-6.03071 0.00238196
-6.00996 0.00242602
-5.98921 0.0024709
-5.96846 0.00251661
-5.94771 0.00256318
-5.92696 0.00261061
-5.90621 0.00265893
-5.88546 0.00270814
-5.86472 0.00275827
-5.84397 0.00280934
-5.82322 0.00286136
-5.80247 0.00291435
-5.78172 0.00296832
-5.76097 0.0030233
-5.74022 0.00307931
-5.71947 0.00313636
-5.69872 0.00319448
-5.67797 0.00325368
-5.65722 0.00331398
-5.63647 0.00337541
-5.61572 0.00343798
-5.59497 0.00350172
-5.57422 0.00356665
-5.55347 0.00363279
-5.53272 0.00370017
-5.51197 0.0037688
-5.49122 0.00383872
-5.47047 0.00390994
-5.44972 0.00398249
-5.42897 0.00405639
-5.40822 0.00413168
-5.38747 0.00420837
-5.36672 0.00428649
-5.34597 0.00436607
-5.32522 0.00444714
-5.30448 0.00452973
-5.28373 0.00461385
-5.26298 0.00469955
-5.24223 0.00478685
-5.22148 0.00487579
-5.20073 0.00496638
-5.17998 0.00505867
-5.15923 0.00515269
-5.13848 0.00524846
-5.11773 0.00534602
-5.09698 0.00544541
-5.07623 0.00554666
-5.05548 0.0056498
-5.03473 0.00575487
-5.01398 0.0058619
-4.99323 0.00597094
-4.97248 0.00608202
-4.95173 0.00619517
-4.93098 0.00631045
-4.91023 0.00642788
-4.88948 0.00654751
-4.86873 0.00666937
-4.84798 0.00679352
-4.82723 0.00691999
-4.80648 0.00704883
-4.78573 0.00718008
-4.76499 0.00731379
-4.74424 0.00745
-4.72349 0.00758876
-4.70274 0.00773012
-4.68199 0.00787413
-4.66124 0.00802083
-4.64049 0.00817028
-4.61974 0.00832253
-4.59899 0.00847763
-4.57824 0.00863564
-4.55749 0.0087966
-4.53674 0.00896058
-4.51599 0.00912762
-4.49524 0.0092978
-4.47449 0.00947116
-4.45374 0.00964777
-4.43299 0.00982769
-4.41224 0.010011
-4.39149 0.0101977
-4.37074 0.0103879
-4.34999 0.0105817
-4.32924 0.0107791
-4.30849 0.0109802
-4.28774 0.0111851
-4.26699 0.0113938
-4.24624 0.0116064
-4.22549 0.011823
-4.20475 0.0120436
-4.184 0.0122684
-4.16325 0.0124974
-4.1425 0.0127307
-4.12175 0.0129683
-4.101 0.0132104
-4.08025 0.013457
-4.0595 0.0137082
-4.03875 0.0139642
-4.018 0.0142249
-3.99725 0.0144905
-3.9765 0.014761
-3.95575 0.0150366
-3.935 0.0153174
-3.91425 0.0156034
-3.8935 0.0158948
-3.87275 0.0161916
-3.852 0.0164939
-3.83125 0.0168019
-3.8105 0.0171157
-3.78975 0.0174353
-3.769 0.0177608
-3.74825 0.0180925
-3.7275 0.0184303
-3.70675 0.0187745
-3.686 0.019125
-3.66525 0.0194821
-3.64451 0.0198458
-3.62376 0.0202164
-3.60301 0.0205938
-3.58226 0.0209782
-3.56151 0.0213698
-3.54076 0.0217687
-3.52001 0.022175
-3.49926 0.0225888
-3.47851 0.0230104
-3.45776 0.0234398
-3.43701 0.0238771
-3.41626 0.0243226
-3.39551 0.0247763
-3.37476 0.0252384
-3.35401 0.0257091
-3.33326 0.0261885
-3.31251 0.0266768
-3.29176 0.0271741
-3.27101 0.0276806
-3.25026 0.0281965
-3.22951 0.0287219
-3.20876 0.0292569
-3.18801 0.0298019
-3.16726 0.0303568
-3.14651 0.030922
-3.12576 0.0314976
-3.10502 0.0320838
-3.08427 0.0326807
-3.06352 0.0332886
-3.04277 0.0339076
-3.02202 0.034538
-3.00127 0.0351799
-2.98052 0.0358335
-2.95977 0.036499
-2.93902 0.0371767
-2.91827 0.0378668
-2.89752 0.0385694
-2.87677 0.0392847
-2.85602 0.040013
-2.83527 0.0407546
-2.81452 0.0415095
-2.79377 0.0422781
-2.77302 0.0430606
-2.75227 0.0438572
-2.73152 0.0446681
-2.71077 0.0454936
-2.69002 0.0463339
-2.66927 0.0471892
-2.64852 0.0480599
-2.62777 0.048946
-2.60702 0.049848
-2.58627 0.0507659
-2.56552 0.0517002
-2.54478 0.0526509
-2.52403 0.0536185
-2.50328 0.0546031
-2.48253 0.055605
-2.46178 0.0566245
-2.44103 0.0576618
-2.42028 0.0587172
-2.39953 0.059791
-2.37878 0.0608833
-2.35803 0.0619946
-2.33728 0.063125
-2.31653 0.0642749
-2.29578 0.0654444
-2.27503 0.0666339
-2.25428 0.0678437
-2.23353 0.0690739
-2.21278 0.0703249
-2.19203 0.0715969
-2.17128 0.0728903
-2.15053 0.0742052
-2.12978 0.0755419
-2.10903 0.0769007
-2.08828 0.0782818
-2.06753 0.0796856
-2.04678 0.0811122
-2.02603 0.0825619
-2.00528 0.0840349
-1.98454 0.0855314
-1.96379 0.0870518
-1.94304 0.0885962
-1.92229 0.0901648
-1.90154 0.0917579
-1.88079 0.0933756
-1.86004 0.0950182
-1.83929 0.0966858
-1.81854 0.0983785
-1.79779 0.100097
-1.77704 0.10184
-1.75629 0.10361
-1.73554 0.105405
-1.71479 0.107226
-1.69404 0.109072
-1.67329 0.110945
-1.65254 0.112844
-1.63179 0.114769
-1.61104 0.116721
-1.59029 0.118698
-1.56954 0.120701
-1.54879 0.122731
-1.52804 0.124786
-1.50729 0.126868
-1.48654 0.128975
-1.46579 0.131107
-1.44505 0.133265
-1.4243 0.135448
-1.40355 0.137655
-1.3828 0.139888
-1.36205 0.142144
-1.3413 0.144424
-1.32055 0.146728
-1.2998 0.149054
-1.27905 0.151402
-1.2583 0.153773
-1.23755 0.156164
-1.2168 0.158576
-1.19605 0.161007
-1.1753 0.163458
-1.15455 0.165926
-1.1338 0.168411
-1.11305 0.170913
-1.0923 0.173429
-1.07155 0.17596
-1.0508 0.178503
-1.03005 0.181058
-1.0093 0.183623
-0.988553 0.186197
-0.967804 0.188778
-0.947054 0.191365
-0.926304 0.193956
-0.905555 0.196549
-0.884805 0.199143
-0.864056 0.201736
-0.843306 0.204326
-0.822556 0.20691
-0.801807 0.209488
-0.781057 0.212055
-0.760307 0.214611
-0.739558 0.217153
-0.718808 0.219679
-0.698059 0.222185
-0.677309 0.224671
-0.656559 0.227132
-0.63581 0.229566
-0.61506 0.231971
-0.59431 0.234344
-0.573561 0.236682
-0.552811 0.238982
-0.532062 0.241242
-0.511312 0.243458
-0.490562 0.245627
-0.469813 0.247747
-0.449063 0.249815
-0.428313 0.251827
-0.407564 0.253782
-0.386814 0.255675
-0.366065 0.257504
-0.345315 0.259267
-0.324565 0.260961
-0.303816 0.262583
-0.283066 0.26413
-0.262316 0.2656
-0.241567 0.26699
-0.220817 0.268299
-0.200068 0.269524
-0.179318 0.270664
-0.158568 0.271715
-0.137819 0.272677
-0.117069 0.273548
-0.0963195 0.274326
-0.0755698 0.275011
-0.0548202 0.275601
-0.0340706 0.276095
-0.013321 0.276493
0.00742867 0.276794
0.0281783 0.276997
0.0489279 0.277104
0.0696775 0.277112
0.0904272 0.277024
0.111177 0.276839
0.131926 0.276558
0.152676 0.276182
0.173426 0.275712
0.194175 0.275148
0.214925 0.274492
0.235675 0.273747
0.256424 0.272912
0.277174 0.27199
0.297923 0.270984
0.318673 0.269894
0.339423 0.268723
0.360172 0.267474
0.380922 0.266149
0.401672 0.264749
0.422421 0.263278
0.443171 0.261738
0.46392 0.260132
0.48467 0.258462
0.50542 0.256732
0.526169 0.254943
0.546919 0.253099
0.567669 0.251202
0.588418 0.249255
0.609168 0.247261
0.629917 0.245223
0.650667 0.243143
0.671417 0.241023
0.692166 0.238868
0.712916 0.236678
0.733666 0.234458
0.754415 0.232208
0.775165 0.229933
0.795914 0.227633
0.816664 0.225312
0.837414 0.222972
0.858163 0.220615
0.878913 0.218243
0.899663 0.215858
0.920412 0.213463
0.941162 0.211058
0.961911 0.208647
0.982661 0.206231
1.00341 0.203811
1.02416 0.20139
1.04491 0.198969
1.06566 0.196549
1.08641 0.194132
1.10716 0.19172
1.12791 0.189313
1.14866 0.186913
1.16941 0.184521
1.19016 0.182138
1.21091 0.179766
1.23166 0.177405
1.25241 0.175056
1.27316 0.172721
1.29391 0.1704
1.31466 0.168093
1.3354 0.165803
1.35615 0.163528
1.3769 0.16127
1.39765 0.15903
1.4184 0.156809
1.43915 0.154605
1.4599 0.152421
1.48065 0.150257
1.5014 0.148112
1.52215 0.145988
1.5429 0.143884
1.56365 0.141801
1.5844 0.13974
1.60515 0.1377
1.6259 0.135681
1.64665 0.133685
1.6674 0.13171
1.68815 0.129757
1.7089 0.127827
1.72965 0.125919
1.7504 0.124034
1.77115 0.12217
1.7919 0.12033
1.81265 0.118511
1.8334 0.116715
1.85415 0.114942
1.87489 0.113191
1.89564 0.111462
1.91639 0.109756
1.93714 0.108071
1.95789 0.106409
1.97864 0.104769
1.99939 0.10315
2.02014 0.101554
2.04089 0.0999786
2.06164 0.098425
2.08239 0.0968928
2.10314 0.0953817
2.12389 0.0938917
2.14464 0.0924225
2.16539 0.090974
2.18614 0.089546
2.20689 0.0881383
2.22764 0.0867508
2.24839 0.0853833
2.26914 0.0840355
2.28989 0.0827072
2.31064 0.0813984
2.33139 0.0801087
2.35214 0.0788379
2.37289 0.0775859
2.39364 0.0763525
2.41439 0.0751374
2.43513 0.0739405
2.45588 0.0727615
2.47663 0.0716002
2.49738 0.0704564
2.51813 0.0693299
2.53888 0.0682205
2.55963 0.0671279
2.58038 0.0660521
2.60113 0.0649926
2.62188 0.0639494
2.64263 0.0629223
2.66338 0.0619109
2.68413 0.0609152
2.70488 0.0599349
2.72563 0.0589697
2.74638 0.0580196
2.76713 0.0570842
2.78788 0.0561635
2.80863 0.0552571
2.82938 0.0543649
2.85013 0.0534867
2.87088 0.0526223
2.89163 0.0517715
2.91238 0.0509341
2.93313 0.0501099
2.95388 0.0492987
2.97463 0.0485004
2.99537 0.0477147
3.01612 0.0469415
3.03687 0.0461805
3.05762 0.0454317
3.07837 0.0446948
3.09912 0.0439696
3.11987 0.043256
3.14062 0.0425538
3.16137 0.0418628
3.18212 0.0411829
3.20287 0.0405139
3.22362 0.0398556
3.24437 0.0392078
3.26512 0.0385705
3.28587 0.0379434
3.30662 0.0373264
3.32737 0.0367194
3.34812 0.0361221
3.36887 0.0355344
3.38962 0.0349562
3.41037 0.0343874
3.43112 0.0338277
3.45187 0.0332771
3.47262 0.0327354
3.49337 0.0322025
3.51412 0.0316782
3.53486 0.0311624
3.55561 0.0306549
3.57636 0.0301557
3.59711 0.0296645
3.61786 0.0291814
3.63861 0.0287061
3.65936 0.0282385
3.68011 0.0277785
3.70086 0.027326
3.72161 0.0268808
3.74236 0.0264429
3.76311 0.0260121
3.78386 0.0255883
3.80461 0.0251714
3.82536 0.0247613
3.84611 0.0243579
3.86686 0.0239611
3.88761 0.0235707
3.90836 0.0231867
3.92911 0.022809
3.94986 0.0224374
3.97061 0.0220719
3.99136 0.0217123
4.01211 0.0213586
4.03286 0.0210107
4.05361 0.0206685
4.07436 0.0203318
4.0951 0.0200007
4.11585 0.0196749
4.1366 0.0193545
4.15735 0.0190393
4.1781 0.0187293
4.19885 0.0184243
4.2196 0.0181243
4.24035 0.0178293
4.2611 0.017539
4.28185 0.0172535
4.3026 0.0169727
4.32335 0.0166964
4.3441 0.0164247
4.36485 0.0161574
4.3856 0.0158945
4.40635 0.0156358
4.4271 0.0153814
4.44785 0.0151312
4.4686 0.0148851
4.48935 0.0146429
4.5101 0.0144048
4.53085 0.0141705
4.5516 0.0139401
4.57235 0.0137134
4.5931 0.0134905
4.61385 0.0132712
4.63459 0.0130555
4.65534 0.0128433
4.67609 0.0126345
4.69684 0.0124292
4.71759 0.0122273
4.73834 0.0120286
4.75909 0.0118332
4.77984 0.011641
4.80059 0.0114519
4.82134 0.011266
4.84209 0.011083
4.86284 0.0109031
4.88359 0.0107261
4.90434 0.010552
4.92509 0.0103807
4.94584 0.0102123
4.96659 0.0100466
4.98734 0.00988355
5.00809 0.00972322
5.02884 0.0095655
5.04959 0.00941036
5.07034 0.00925775
5.09109 0.00910763
5.11184 0.00895997
5.13259 0.00881472
5.15334 0.00867184
5.17409 0.0085313
5.19483 0.00839305
5.21558 0.00825705
5.23633 0.00812328
5.25708 0.00799169
5.27783 0.00786225
5.29858 0.00773492
5.31933 0.00760967
5.34008 0.00748646
5.36083 0.00736526
5.38158 0.00724604
5.40233 0.00712877
5.42308 0.00701341
5.44383 0.00689992
5.46458 0.00678829
5.48533 0.00667848
5.50608 0.00657046
5.52683 0.0064642
5.54758 0.00635968
5.56833 0.00625685
5.58908 0.0061557
5.60983 0.0060562
5.63058 0.00595832
5.65133 0.00586204
5.67208 0.00576732
5.69283 0.00567415
5.71358 0.00558249
5.73433 0.00549232
5.75507 0.00540363
5.77582 0.00531637
5.79657 0.00523054
5.81732 0.0051461
5.83807 0.00506304
5.85882 0.00498133
5.87957 0.00490095
5.90032 0.00482187
5.92107 0.00474408
5.94182 0.00466756
5.96257 0.00459228
5.98332 0.00451822
6.00407 0.00444537
6.02482 0.0043737
6.04557 0.0043032
6.06632 0.00423384
6.08707 0.00416561
6.10782 0.00409849
6.12857 0.00403246
6.14932 0.0039675
6.17007 0.00390359
6.19082 0.00384072
6.21157 0.00377888
6.23232 0.00371803
6.25307 0.00365818
6.27382 0.00359929
6.29456 0.00354136
6.31531 0.00348437
6.33606 0.0034283
6.35681 0.00337315
6.37756 0.00331889
6.39831 0.0032655
6.41906 0.00321299
6.43981 0.00316132
6.46056 0.00311049
6.48131 0.00306049
6.50206 0.00301129
6.52281 0.00296289
6.54356 0.00291528
6.56431 0.00286844
6.58506 0.00282235
6.60581 0.00277702
6.62656 0.00273241
6.64731 0.00268853
6.66806 0.00264536
6.68881 0.00260288
6.70956 0.0025611
6.73031 0.00251999
6.75106 0.00247954
6.77181 0.00243975
6.79256 0.0024006
6.81331 0.00236209
6.83406 0.00232419
6.8548 0.00228692
6.87555 0.00225024
6.8963 0.00221415
6.91705 0.00217865
6.9378 0.00214372
6.95855 0.00210936
6.9793 0.00207555
7.00005 0.00204229
7.0208 0.00200956
7.04155 0.00197736
7.0623 0.00194569
7.08305 0.00191452
7.1038 0.00188386
7.12455 0.00185369
7.1453 0.00182401
7.16605 0.0017948
7.1868 0.00176607
7.20755 0.0017378
7.2283 0.00170999
7.24905 0.00168262
7.2698 0.0016557
7.29055 0.00162921
7.3113 0.00160315
7.33205 0.0015775
7.3528 0.00155227
7.37355 0.00152745
7.3943 0.00150303
7.41504 0.001479
7.43579 0.00145535
7.45654 0.00143209
7.47729 0.0014092
7.49804 0.00138668
7.51879 0.00136453
7.53954 0.00134273
7.56029 0.00132128
7.58104 0.00130017
7.60179 0.00127941
7.62254 0.00125898
7.64329 0.00123887
7.66404 0.00121909
7.68479 0.00119963
7.70554 0.00118048
7.72629 0.00116164
7.74704 0.0011431
7.76779 0.00112486
7.78854 0.00110692
7.80929 0.00108926
7.83004 0.00107188
7.85079 0.00105479
7.87154 0.00103797
7.89229 0.00102141
7.91304 0.00100513
7.93379 0.000989103
7.95453 0.000973336
7.97528 0.000957822
7.99603 0.000942557
8.01678 0.000927537
8.03753 0.000912758
8.05828 0.000898216
8.07903 0.000883907
8.09978 0.000869827
8.12053 0.000855973
8.14128 0.000842342
8.16203 0.000828929
8.18278 0.000815731
8.20353 0.000802744
8.22428 0.000789965
8.24503 0.000777392
8.26578 0.000765019
8.28653 0.000752845
8.30728 0.000740866
8.32803 0.000729079
8.34878 0.00071748
8.36953 0.000706068
8.39028 0.000694837
8.41103 0.000683787
8.43178 0.000672914
8.45253 0.000662214
8.47328 0.000651686
8.49403 0.000641326
8.51477 0.000631132
8.53552 0.000621101
8.55627 0.00061123
8.57702 0.000601517
8.59777 0.00059196
8.61852 0.000582555
8.63927 0.000573301
8.66002 0.000564195
8.68077 0.000555234
8.70152 0.000546416
8.72227 0.000537739
8.74302 0.000529201
8.76377 0.0005208
8.78452 0.000512532
8.80527 0.000504397
8.82602 0.000496391
8.84677 0.000488513
8.86752 0.000480761
8.88827 0.000473133
8.90902 0.000465627
8.92977 0.00045824
8.95052 0.000450971
8.97127 0.000443819
8.99202 0.00043678
9.01277 0.000429854
9.03352 0.000423038
9.05427 0.000416331
9.07501 0.00040973
9.09576 0.000403236
9.11651 0.000396844
9.13726 0.000390555
9.15801 0.000384365
9.17876 0.000378275
9.19951 0.000372281
9.22026 0.000366383
9.24101 0.000360579
9.26176 0.000354868
9.28251 0.000349247
9.30326 0.000343716
9.32401 0.000338273
9.34476 0.000332917
9.36551 0.000327646
9.38626 0.000322459
9.40701 0.000317355
9.42776 0.000312332
9.44851 0.000307388
9.46926 0.000302524
9.49001 0.000297737
9.51076 0.000293026
9.53151 0.00028839
9.55226 0.000283828
9.57301 0.000279338
9.59376 0.00027492
9.6145 0.000270572
9.63525 0.000266293
9.656 0.000262082
9.67675 0.000257938
9.6975 0.00025386
9.71825 0.000249847
9.739 0.000245897
9.75975 0.000242011
9.7805 0.000238186
9.80125 0.000234422
9.822 0.000230718
9.84275 0.000227072
9.8635 0.000223485
9.88425 0.000219954
9.905 0.00021648
9.92575 0.00021306
9.9465 0.000209695
9.96725 0.000206384
9.988 0.000203125
10.0087 0.000199917
10.0295 0.000196761
10.0502 0.000193655
10.071 0.000190598
10.0917 0.000187589
10.1125 0.000184628
10.1332 0.000181715
10.154 0.000178847
10.1747 0.000176025
10.1955 0.000173248
10.2162 0.000170514
10.237 0.000167824
10.2577 0.000165177
10.2785 0.000162572
10.2992 0.000160008
10.32 0.000157484
10.3407 0.000155001
10.3615 0.000152557
10.3822 0.000150152
10.403 0.000147785
10.4237 0.000145455
10.4445 0.000143162
10.4652 0.000140906
10.486 0.000138685
10.5067 0.000136499
10.5275 0.000134348
10.5482 0.000132232
10.569 0.000130148
10.5897 0.000128098
10.6105 0.00012608
10.6312 0.000124094
10.652 0.000122139
10.6727 0.000120216
10.6935 0.000118323
10.7142 0.000116459
10.735 0.000114626
10.7557 0.000112821
10.7765 0.000111045
10.7972 0.000109297
10.818 0.000107576
10.8387 0.000105883
10.8595 0.000104217
10.8802 0.000102577
10.901 0.000100962
10.9217 9.93737e-05
10.9425 9.78102e-05
10.9632 9.62714e-05
10.984 9.47569e-05
11.0047 9.32663e-05
11.0255 9.17993e-05
11.0462 9.03555e-05
11.067 8.89345e-05
11.0877 8.75359e-05
11.1085 8.61594e-05
11.1292 8.48047e-05
11.15 8.34714e-05
11.1707 8.21591e-05
11.1915 8.08676e-05
11.2122 7.95964e-05
11.233 7.83453e-05
11.2537 7.7114e-05
11.2745 7.59021e-05
11.2952 7.47093e-05
