-0.762699 0.00696297
-0.724164 0.00802951
-0.68563 0.00924331
-0.647095 0.0106205
-0.608561 0.0121778
-0.570027 0.0139324
-0.531492 0.0159016
-0.492958 0.018102
-0.454423 0.0205493
-0.415889 0.0232575
-0.377354 0.0262382
-0.33882 0.0294997
-0.300285 0.0330464
-0.261751 0.0368775
-0.223216 0.0409872
-0.184682 0.0453631
-0.146147 0.049987
-0.107613 0.0548341
-0.0690785 0.0598734
-0.030544 0.065069
0.00799041 0.0703802
0.0465249 0.0757632
0.0850593 0.0811724
0.123594 0.0865621
0.162128 0.0918874
0.200663 0.0971061
0.239197 0.10218
0.277732 0.107074
0.316266 0.111759
0.354801 0.116213
0.393335 0.120416
0.431869 0.124355
0.470404 0.128023
0.508938 0.131414
0.547473 0.13453
0.586007 0.137374
0.624542 0.139952
0.663076 0.142271
0.701611 0.144341
0.740145 0.146175
0.77868 0.147783
0.817214 0.149177
0.855749 0.150371
0.894283 0.151377
0.932817 0.152206
0.971352 0.152872
1.00989 0.153386
1.04842 0.153759
1.08696 0.154002
1.12549 0.154124
1.16402 0.154135
1.20256 0.154045
1.24109 0.153861
1.27963 0.153591
1.31816 0.153243
1.3567 0.152823
1.39523 0.152337
1.43377 0.151792
1.4723 0.151193
1.51083 0.150544
1.54937 0.149851
1.5879 0.149117
1.62644 0.148347
1.66497 0.147544
1.70351 0.146711
1.74204 0.145852
1.78058 0.14497
1.81911 0.144066
1.85764 0.143144
1.89618 0.142205
1.93471 0.141252
1.97325 0.140287
2.01178 0.139311
2.05032 0.138326
2.08885 0.137333
2.12739 0.136333
2.16592 0.135329
2.20445 0.13432
2.24299 0.133309
2.28152 0.132295
2.32006 0.131281
2.35859 0.130266
2.39713 0.129251
2.43566 0.128238
2.4742 0.127226
2.51273 0.126217
2.55126 0.12521
2.5898 0.124207
2.62833 0.123207
2.66687 0.122212
2.7054 0.121221
2.74394 0.120234
2.78247 0.119253
2.82101 0.118277
2.85954 0.117307
2.89807 0.116342
2.93661 0.115384
2.97514 0.114431
3.01368 0.113485
3.05221 0.112546
3.09075 0.111613
3.12928 0.110686
3.16782 0.109767
3.20635 0.108854
3.24489 0.107949
3.28342 0.10705
3.32195 0.106158
3.36049 0.105274
3.39902 0.104397
3.43756 0.103527
3.47609 0.102664
3.51463 0.101808
3.55316 0.100959
3.5917 0.100118
3.63023 0.0992837
3.66876 0.0984567
3.7073 0.0976369
3.74583 0.0968242
3.78437 0.0960187
3.8229 0.0952202
3.86144 0.0944288
3.89997 0.0936445
3.93851 0.0928671
3.97704 0.0920967
4.01557 0.0913333
4.05411 0.0905767
4.09264 0.089827
4.13118 0.089084
4.16971 0.0883479
4.20825 0.0876184
4.24678 0.0868955
4.28532 0.0861793
4.32385 0.0854696
4.36238 0.0847665
4.40092 0.0840697
4.43945 0.0833794
4.47799 0.0826954
4.51652 0.0820177
4.55506 0.0813463
4.59359 0.080681
4.63213 0.0800218
4.67066 0.0793687
4.70919 0.0787217
4.74773 0.0780805
4.78626 0.0774453
4.8248 0.076816
4.86333 0.0761924
4.90187 0.0755746
4.9404 0.0749625
4.97894 0.0743559
5.01747 0.073755
5.056 0.0731596
5.09454 0.0725697
5.13307 0.0719851
5.17161 0.071406
5.21014 0.0708321
5.24868 0.0702635
5.28721 0.0697001
5.32575 0.0691418
5.36428 0.0685887
5.40281 0.0680406
5.44135 0.0674975
5.47988 0.0669593
5.51842 0.066426
5.55695 0.0658976
5.59549 0.065374
5.63402 0.0648551
5.67256 0.0643409
5.71109 0.0638314
5.74963 0.0633264
5.78816 0.062826
5.82669 0.0623302
5.86523 0.0618388
5.90376 0.0613518
5.9423 0.0608692
5.98083 0.0603909
6.01937 0.0599169
6.0579 0.0594471
6.09644 0.0589816
6.13497 0.0585202
6.1735 0.0580629
6.21204 0.0576096
6.25057 0.0571604
6.28911 0.0567152
6.32764 0.0562739
6.36618 0.0558366
6.40471 0.0554031
6.44325 0.0549734
6.48178 0.0545475
6.52031 0.0541254
6.55885 0.0537069
6.59738 0.0532921
6.63592 0.052881
6.67445 0.0524735
6.71299 0.0520695
6.75152 0.0516691
6.79006 0.0512721
6.82859 0.0508786
6.86712 0.0504885
6.90566 0.0501018
6.94419 0.0497185
6.98273 0.0493384
7.02126 0.0489617
7.0598 0.0485882
7.09833 0.0482179
7.13687 0.0478508
7.1754 0.0474869
7.21393 0.0471261
7.25247 0.0467683
7.291 0.0464137
7.32954 0.046062
7.36807 0.0457134
7.40661 0.0453677
7.44514 0.045025
7.48368 0.0446852
7.52221 0.0443482
7.56074 0.0440142
7.59928 0.0436829
7.63781 0.0433545
7.67635 0.0430288
7.71488 0.0427059
7.75342 0.0423857
7.79195 0.0420681
7.83049 0.0417533
7.86902 0.041441
7.90755 0.0411314
7.94609 0.0408244
7.98462 0.04052
8.02316 0.040218
8.06169 0.0399186
8.10023 0.0396217
8.13876 0.0393273
8.1773 0.0390353
8.21583 0.0387457
8.25437 0.0384585
8.2929 0.0381737
8.33143 0.0378912
8.36997 0.0376111
8.4085 0.0373332
8.44704 0.0370577
8.48557 0.0367844
8.52411 0.0365133
8.56264 0.0362445
8.60118 0.0359779
8.63971 0.0357134
8.67824 0.0354511
8.71678 0.0351909
8.75531 0.0349329
8.79385 0.034677
8.83238 0.0344231
8.87092 0.0341713
8.90945 0.0339215
8.94799 0.0336738
8.98652 0.033428
9.02505 0.0331842
9.06359 0.0329424
9.10212 0.0327026
9.14066 0.0324647
9.17919 0.0322286
9.21773 0.0319945
9.25626 0.0317623
9.2948 0.0315319
9.33333 0.0313033
9.37186 0.0310766
9.4104 0.0308517
9.44893 0.0306286
9.48747 0.0304072
9.526 0.0301876
9.56454 0.0299698
9.60307 0.0297537
9.64161 0.0295393
9.68014 0.0293266
9.71867 0.0291155
9.75721 0.0289062
9.79574 0.0286985
9.83428 0.0284924
9.87281 0.028288
9.91135 0.0280851
9.94988 0.0278839
9.98842 0.0276842
10.027 0.0274861
10.0655 0.0272895
10.104 0.0270945
10.1426 0.026901
10.1811 0.026709
10.2196 0.0265186
10.2582 0.0263295
10.2967 0.026142
10.3352 0.0259559
10.3738 0.0257713
10.4123 0.0255881
10.4508 0.0254063
10.4894 0.025226
10.5279 0.025047
10.5664 0.0248694
10.605 0.0246932
10.6435 0.0245183
10.682 0.0243448
10.7206 0.0241726
10.7591 0.0240018
10.7976 0.0238322
10.8362 0.023664
10.8747 0.023497
10.9132 0.0233313
10.9518 0.0231669
10.9903 0.0230038
11.0288 0.0228419
11.0674 0.0226812
11.1059 0.0225218
11.1444 0.0223635
11.183 0.0222065
11.2215 0.0220507
11.2601 0.021896
11.2986 0.0217426
11.3371 0.0215903
11.3757 0.0214391
11.4142 0.0212891
11.4527 0.0211402
11.4913 0.0209925
11.5298 0.0208458
11.5683 0.0207003
11.6069 0.0205559
11.6454 0.0204125
11.6839 0.0202702
11.7225 0.020129
11.761 0.0199889
11.7995 0.0198498
11.8381 0.0197118
11.8766 0.0195748
11.9151 0.0194388
11.9537 0.0193038
11.9922 0.0191699
12.0307 0.0190369
12.0693 0.0189049
12.1078 0.0187739
12.1463 0.0186439
12.1849 0.0185149
12.2234 0.0183868
12.2619 0.0182597
12.3005 0.0181335
12.339 0.0180083
12.3776 0.0178839
12.4161 0.0177605
12.4546 0.0176381
12.4932 0.0175165
12.5317 0.0173958
12.5702 0.017276
12.6088 0.0171571
12.6473 0.0170391
12.6858 0.0169219
12.7244 0.0168056
12.7629 0.0166902
12.8014 0.0165756
12.84 0.0164618
12.8785 0.0163489
12.917 0.0162368
12.9556 0.0161256
12.9941 0.0160151
13.0326 0.0159055
13.0712 0.0157966
13.1097 0.0156886
13.1482 0.0155813
13.1868 0.0154749
13.2253 0.0153692
13.2638 0.0152642
13.3024 0.0151601
13.3409 0.0150567
13.3794 0.014954
13.418 0.0148521
13.4565 0.0147509
13.4951 0.0146505
13.5336 0.0145508
13.5721 0.0144518
13.6107 0.0143536
13.6492 0.014256
13.6877 0.0141592
13.7263 0.014063
13.7648 0.0139675
13.8033 0.0138728
13.8419 0.0137787
13.8804 0.0136853
13.9189 0.0135926
13.9575 0.0135005
13.996 0.0134091
14.0345 0.0133184
14.0731 0.0132283
14.1116 0.0131388
14.1501 0.01305
14.1887 0.0129619
14.2272 0.0128743
14.2657 0.0127874
14.3043 0.0127011
14.3428 0.0126155
14.3813 0.0125304
14.4199 0.012446
14.4584 0.0123621
14.4969 0.0122789
14.5355 0.0121962
14.574 0.0121142
14.6126 0.0120327
14.6511 0.0119518
14.6896 0.0118715
14.7282 0.0117917
14.7667 0.0117125
14.8052 0.0116339
14.8438 0.0115558
14.8823 0.0114783
14.9208 0.0114014
14.9594 0.011325
14.9979 0.0112491
15.0364 0.0111737
15.075 0.0110989
15.1135 0.0110247
15.152 0.0109509
15.1906 0.0108777
15.2291 0.010805
15.2676 0.0107328
15.3062 0.0106611
15.3447 0.0105899
15.3832 0.0105192
15.4218 0.010449
15.4603 0.0103793
15.4988 0.0103101
15.5374 0.0102414
15.5759 0.0101732
15.6144 0.0101054
15.653 0.0100381
15.6915 0.00997132
15.7301 0.00990498
15.7686 0.0098391
15.8071 0.00977369
15.8457 0.00970873
15.8842 0.00964423
15.9227 0.00958017
15.9613 0.00951657
15.9998 0.00945341
16.0383 0.00939069
16.0769 0.0093284
16.1154 0.00926655
16.1539 0.00920514
16.1925 0.00914414
16.231 0.00908358
16.2695 0.00902343
16.3081 0.00896371
16.3466 0.0089044
16.3851 0.0088455
16.4237 0.00878701
16.4622 0.00872892
16.5007 0.00867124
16.5393 0.00861396
16.5778 0.00855708
16.6163 0.00850059
16.6549 0.00844449
16.6934 0.00838877
16.7319 0.00833345
16.7705 0.0082785
16.809 0.00822394
16.8475 0.00816975
16.8861 0.00811594
16.9246 0.0080625
16.9632 0.00800943
17.0017 0.00795672
17.0402 0.00790437
17.0788 0.00785239
17.1173 0.00780076
17.1558 0.00774949
17.1944 0.00769858
17.2329 0.00764801
17.2714 0.00759779
17.31 0.00754791
17.3485 0.00749838
17.387 0.00744919
17.4256 0.00740033
17.4641 0.00735181
17.5026 0.00730362
17.5412 0.00725576
17.5797 0.00720823
17.6182 0.00716103
17.6568 0.00711414
17.6953 0.00706758
17.7338 0.00702134
17.7724 0.00697541
17.8109 0.0069298
17.8494 0.0068845
17.888 0.0068395
17.9265 0.00679482
17.965 0.00675043
18.0036 0.00670635
18.0421 0.00666258
18.0807 0.00661909
18.1192 0.00657591
18.1577 0.00653302
18.1963 0.00649042
18.2348 0.00644811
18.2733 0.00640609
18.3119 0.00636435
18.3504 0.0063229
18.3889 0.00628172
18.4275 0.00624083
18.466 0.00620021
18.5045 0.00615987
18.5431 0.00611981
18.5816 0.00608001
18.6201 0.00604048
18.6587 0.00600123
18.6972 0.00596223
18.7357 0.0059235
18.7743 0.00588504
18.8128 0.00584683
18.8513 0.00580888
18.8899 0.00577119
18.9284 0.00573375
18.9669 0.00569656
19.0055 0.00565963
19.044 0.00562294
19.0825 0.0055865
19.1211 0.00555031
19.1596 0.00551436
19.1982 0.00547865
19.2367 0.00544318
19.2752 0.00540795
19.3138 0.00537296
19.3523 0.0053382
19.3908 0.00530368
19.4294 0.00526939
19.4679 0.00523533
19.5064 0.00520149
19.545 0.00516789
19.5835 0.00513451
19.622 0.00510135
19.6606 0.00506842
19.6991 0.0050357
19.7376 0.00500321
19.7762 0.00497093
19.8147 0.00493887
19.8532 0.00490702
19.8918 0.00487539
19.9303 0.00484397
19.9688 0.00481276
20.0074 0.00478175
20.0459 0.00475096
20.0844 0.00472037
20.123 0.00468998
20.1615 0.0046598
20.2 0.00462981
20.2386 0.00460003
20.2771 0.00457045
20.3157 0.00454106
20.3542 0.00451187
20.3927 0.00448287
20.4313 0.00445407
20.4698 0.00442546
20.5083 0.00439703
20.5469 0.0043688
20.5854 0.00434076
20.6239 0.0043129
20.6625 0.00428522
20.701 0.00425773
20.7395 0.00423043
20.7781 0.0042033
20.8166 0.00417635
20.8551 0.00414959
20.8937 0.004123
20.9322 0.00409658
20.9707 0.00407034
21.0093 0.00404428
21.0478 0.00401839
21.0863 0.00399267
21.1249 0.00396712
21.1634 0.00394173
21.2019 0.00391652
21.2405 0.00389147
21.279 0.00386659
21.3175 0.00384187
21.3561 0.00381732
21.3946 0.00379293
21.4332 0.0037687
21.4717 0.00374463
21.5102 0.00372072
21.5488 0.00369696
21.5873 0.00367336
21.6258 0.00364992
21.6644 0.00362663
21.7029 0.0036035
21.7414 0.00358052
21.78 0.00355769
21.8185 0.00353501
21.857 0.00351248
21.8956 0.00349009
21.9341 0.00346786
21.9726 0.00344577
22.0112 0.00342382
22.0497 0.00340202
22.0882 0.00338037
22.1268 0.00335885
22.1653 0.00333748
22.2038 0.00331625
22.2424 0.00329515
22.2809 0.0032742
22.3194 0.00325338
22.358 0.0032327
22.3965 0.00321215
22.435 0.00319174
22.4736 0.00317146
22.5121 0.00315132
22.5507 0.0031313
22.5892 0.00311142
22.6277 0.00309167
22.6663 0.00307204
22.7048 0.00305255
22.7433 0.00303318
22.7819 0.00301394
22.8204 0.00299483
22.8589 0.00297584
22.8975 0.00295697
22.936 0.00293823
22.9745 0.00291961
23.0131 0.00290111
23.0516 0.00288273
23.0901 0.00286447
23.1287 0.00284633
23.1672 0.00282831
23.2057 0.00281041
23.2443 0.00279262
23.2828 0.00277495
23.3213 0.00275739
23.3599 0.00273995
23.3984 0.00272262
23.4369 0.00270541
23.4755 0.0026883
23.514 0.00267131
23.5525 0.00265443
23.5911 0.00263766
23.6296 0.00262099
23.6681 0.00260444
23.7067 0.00258799
23.7452 0.00257165
23.7838 0.00255541
23.8223 0.00253928
23.8608 0.00252326
23.8994 0.00250734
23.9379 0.00249152
23.9764 0.00247581
24.015 0.00246019
24.0535 0.00244468
24.092 0.00242927
24.1306 0.00241396
24.1691 0.00239875
24.2076 0.00238363
24.2462 0.00236862
24.2847 0.0023537
24.3232 0.00233887
24.3618 0.00232415
24.4003 0.00230952
24.4388 0.00229498
24.4774 0.00228054
24.5159 0.00226619
24.5544 0.00225193
24.593 0.00223777
24.6315 0.00222369
24.67 0.00220971
24.7086 0.00219582
24.7471 0.00218201
24.7856 0.0021683
24.8242 0.00215468
24.8627 0.00214114
24.9013 0.00212769
24.9398 0.00211433
24.9783 0.00210105
25.0169 0.00208786
25.0554 0.00207475
25.0939 0.00206173
25.1325 0.00204879
25.171 0.00203593
25.2095 0.00202316
25.2481 0.00201047
25.2866 0.00199786
25.3251 0.00198533
25.3637 0.00197289
25.4022 0.00196052
25.4407 0.00194823
25.4793 0.00193602
25.5178 0.00192389
25.5563 0.00191184
25.5949 0.00189987
25.6334 0.00188797
25.6719 0.00187615
25.7105 0.0018644
25.749 0.00185273
25.7875 0.00184113
25.8261 0.00182961
25.8646 0.00181817
25.9031 0.00180679
25.9417 0.00179549
25.9802 0.00178426
26.0188 0.0017731
26.0573 0.00176202
26.0958 0.001751
26.1344 0.00174006
26.1729 0.00172919
26.2114 0.00171838
26.25 0.00170765
26.2885 0.00169698
26.327 0.00168638
26.3656 0.00167585
26.4041 0.00166539
26.4426 0.00165499
26.4812 0.00164466
26.5197 0.0016344
26.5582 0.0016242
26.5968 0.00161407
26.6353 0.001604
26.6738 0.00159399
26.7124 0.00158405
26.7509 0.00157418
26.7894 0.00156436
26.828 0.00155461
26.8665 0.00154492
26.905 0.00153529
26.9436 0.00152573
26.9821 0.00151622
27.0206 0.00150678
27.0592 0.00149739
27.0977 0.00148807
27.1363 0.0014788
27.1748 0.0014696
27.2133 0.00146045
27.2519 0.00145136
27.2904 0.00144233
27.3289 0.00143336
27.3675 0.00142444
27.406 0.00141558
27.4445 0.00140677
27.4831 0.00139803
27.5216 0.00138933
27.5601 0.0013807
27.5987 0.00137211
27.6372 0.00136359
27.6757 0.00135511
27.7143 0.00134669
27.7528 0.00133833
27.7913 0.00133001
27.8299 0.00132175
27.8684 0.00131354
27.9069 0.00130539
27.9455 0.00129728
27.984 0.00128923
28.0225 0.00128123
28.0611 0.00127328
28.0996 0.00126538
28.1381 0.00125753
28.1767 0.00124973
28.2152 0.00124197
28.2538 0.00123427
28.2923 0.00122662
28.3308 0.00121901
28.3694 0.00121146
28.4079 0.00120395
28.4464 0.00119648
28.485 0.00118907
28.5235 0.0011817
28.562 0.00117438
28.6006 0.00116711
28.6391 0.00115988
28.6776 0.0011527
28.7162 0.00114556
28.7547 0.00113847
28.7932 0.00113142
28.8318 0.00112441
28.8703 0.00111746
28.9088 0.00111054
28.9474 0.00110367
28.9859 0.00109684
29.0244 0.00109006
29.063 0.00108331
29.1015 0.00107661
29.14 0.00106996
29.1786 0.00106334
29.2171 0.00105677
29.2556 0.00105024
29.2942 0.00104375
29.3327 0.0010373
29.3712 0.00103089
29.4098 0.00102452
29.4483 0.00101819
29.4869 0.0010119
29.5254 0.00100565
29.5639 0.00099944
29.6025 0.000993269
29.641 0.000987137
29.6795 0.000981044
29.7181 0.000974989
29.7566 0.000968972
29.7951 0.000962993
29.8337 0.000957051
29.8722 0.000951147
29.9107 0.00094528
29.9493 0.00093945
29.9878 0.000933656
30.0263 0.000927899
30.0649 0.000922178
30.1034 0.000916493
30.1419 0.000910844
30.1805 0.00090523
30.219 0.000899651
30.2575 0.000894108
30.2961 0.000888599
30.3346 0.000883125
30.3731 0.000877685
30.4117 0.000872279
30.4502 0.000866907
30.4887 0.000861569
30.5273 0.000856265
30.5658 0.000850993
30.6044 0.000845755
30.6429 0.00084055
30.6814 0.000835377
30.72 0.000830237
30.7585 0.000825128
30.797 0.000820052
30.8356 0.000815008
30.8741 0.000809995
30.9126 0.000805014
30.9512 0.000800063
30.9897 0.000795144
31.0282 0.000790256
31.0668 0.000785398
31.1053 0.000780571
31.1438 0.000775773
31.1824 0.000771006
31.2209 0.000766269
31.2594 0.000761561
31.298 0.000756883
31.3365 0.000752234
31.375 0.000747614
31.4136 0.000743022
31.4521 0.00073846
31.4906 0.000733926
31.5292 0.00072942
31.5677 0.000724943
31.6062 0.000720493
31.6448 0.000716072
31.6833 0.000711678
31.7219 0.000707311
31.7604 0.000702972
31.7989 0.000698659
31.8375 0.000694374
31.876 0.000690115
31.9145 0.000685883
31.9531 0.000681677
31.9916 0.000677498
32.0301 0.000673344
32.0687 0.000669217
32.1072 0.000665115
32.1457 0.000661039
32.1843 0.000656988
32.2228 0.000652962
32.2613 0.000648962
32.2999 0.000644986
32.3384 0.000641036
32.3769 0.000637109
32.4155 0.000633208
32.454 0.00062933
32.4925 0.000625477
32.5311 0.000621647
32.5696 0.000617842
32.6081 0.00061406
32.6467 0.000610302
32.6852 0.000606567
32.7237 0.000602855
32.7623 0.000599167
32.8008 0.000595501
32.8394 0.000591858
32.8779 0.000588238
32.9164 0.00058464
32.955 0.000581065
32.9935 0.000577512
33.032 0.000573981
33.0706 0.000570472
33.1091 0.000566985
33.1476 0.000563519
33.1862 0.000560075
33.2247 0.000556652
33.2632 0.000553251
33.3018 0.00054987
33.3403 0.000546511
33.3788 0.000543172
33.4174 0.000539855
33.4559 0.000536557
33.4944 0.000533281
33.533 0.000530024
33.5715 0.000526788
33.61 0.000523572
33.6486 0.000520376
33.6871 0.000517199
33.7256 0.000514042
33.7642 0.000510905
33.8027 0.000507788
33.8412 0.000504689
33.8798 0.00050161
33.9183 0.00049855
33.9569 0.000495509
33.9954 0.000492487
34.0339 0.000489483
34.0725 0.000486498
34.111 0.000483531
34.1495 0.000480583
34.1881 0.000477653
34.2266 0.000474742
34.2651 0.000471848
34.3037 0.000468972
34.3422 0.000466114
34.3807 0.000463274
34.4193 0.000460451
34.4578 0.000457646
34.4963 0.000454858
34.5349 0.000452087
34.5734 0.000449333
34.6119 0.000446597
34.6505 0.000443877
34.689 0.000441174
34.7275 0.000438488
34.7661 0.000435819
34.8046 0.000433166
34.8431 0.000430529
34.8817 0.000427909
34.9202 0.000425304
34.9587 0.000422716
34.9973 0.000420144
35.0358 0.000417588
35.0743 0.000415047
35.1129 0.000412523
35.1514 0.000410013
35.19 0.00040752
35.2285 0.000405041
35.267 0.000402578
35.3056 0.00040013
35.3441 0.000397698
35.3826 0.00039528
35.4212 0.000392877
35.4597 0.000390489
35.4982 0.000388116
35.5368 0.000385757
35.5753 0.000383413
35.6138 0.000381083
35.6524 0.000378768
35.6909 0.000376467
35.7294 0.00037418
35.768 0.000371907
35.8065 0.000369648
35.845 0.000367403
35.8836 0.000365172
35.9221 0.000362955
35.9606 0.000360751
35.9992 0.000358561
36.0377 0.000356385
36.0762 0.000354221
36.1148 0.000352071
36.1533 0.000349935
36.1918 0.000347811
36.2304 0.000345701
36.2689 0.000343603
36.3075 0.000341519
36.346 0.000339447
36.3845 0.000337388
36.4231 0.000335342
36.4616 0.000333308
36.5001 0.000331287
36.5387 0.000329278
36.5772 0.000327281
36.6157 0.000325297
36.6543 0.000323325
36.6928 0.000321365
36.7313 0.000319417
36.7699 0.000317481
36.8084 0.000315557
36.8469 0.000313645
36.8855 0.000311744
36.924 0.000309856
36.9625 0.000307978
37.0011 0.000306113
37.0396 0.000304259
37.0781 0.000302416
37.1167 0.000300584
37.1552 0.000298764
37.1937 0.000296955
37.2323 0.000295157
37.2708 0.00029337
37.3093 0.000291594
37.3479 0.000289828
37.3864 0.000288074
37.425 0.000286331
37.4635 0.000284598
37.502 0.000282875
37.5406 0.000281164
37.5791 0.000279463
37.6176 0.000277772
37.6562 0.000276091
37.6947 0.000274421
37.7332 0.000272761
