1.43922 0.00317054
1.74288 0.00378178
2.04653 0.00436429
2.35019 0.00491286
2.65385 0.00542619
2.9575 0.00590508
3.26116 0.00635129
3.56482 0.00676702
3.86847 0.00715459
4.17213 0.00751622
4.47579 0.00785402
4.77944 0.00816991
5.0831 0.00846565
5.38676 0.00874282
5.69042 0.00900285
5.99407 0.00924703
6.29773 0.00947651
6.60139 0.00969234
6.90504 0.00989546
7.2087 0.0100867
7.51236 0.0102669
7.81601 0.0104367
8.11967 0.0105968
8.42333 0.0107477
8.72698 0.01089
9.03064 0.0110242
9.3343 0.0111507
9.63796 0.01127
9.94161 0.0113823
10.2453 0.0114882
10.5489 0.0115879
10.8526 0.0116818
11.1562 0.0117701
11.4599 0.011853
11.7636 0.0119309
12.0672 0.012004
12.3709 0.0120724
12.6745 0.0121364
12.9782 0.0121963
13.2818 0.0122521
13.5855 0.012304
13.8892 0.0123523
14.1928 0.012397
14.4965 0.0124383
14.8001 0.0124764
15.1038 0.0125113
15.4074 0.0125432
15.7111 0.0125722
16.0148 0.0125985
16.3184 0.0126221
16.6221 0.0126431
16.9257 0.0126616
17.2294 0.0126777
17.533 0.0126916
17.8367 0.0127032
18.1403 0.0127127
18.444 0.0127202
18.7477 0.0127257
19.0513 0.0127292
19.355 0.012731
19.6586 0.0127309
19.9623 0.0127291
20.2659 0.0127257
20.5696 0.0127206
20.8733 0.0127141
21.1769 0.012706
21.4806 0.0126965
21.7842 0.0126856
22.0879 0.0126733
22.3915 0.0126598
22.6952 0.012645
22.9989 0.012629
23.3025 0.0126118
23.6062 0.0125935
23.9098 0.012574
24.2135 0.0125536
24.5171 0.0125321
24.8208 0.0125096
25.1245 0.0124862
25.4281 0.0124618
25.7318 0.0124366
26.0354 0.0124105
26.3391 0.0123835
26.6427 0.0123558
26.9464 0.0123273
27.2501 0.012298
27.5537 0.012268
27.8574 0.0122373
28.161 0.012206
28.4647 0.0121739
28.7683 0.0121413
29.072 0.0121081
29.3757 0.0120742
29.6793 0.0120398
29.983 0.0120049
30.2866 0.0119694
30.5903 0.0119334
30.8939 0.011897
31.1976 0.0118601
31.5013 0.0118227
31.8049 0.0117849
32.1086 0.0117466
32.4122 0.011708
32.7159 0.011669
33.0195 0.0116296
33.3232 0.0115898
33.6269 0.0115497
33.9305 0.0115093
34.2342 0.0114686
34.5378 0.0114275
34.8415 0.0113862
35.1451 0.0113446
35.4488 0.0113027
35.7525 0.0112606
36.0561 0.0112182
36.3598 0.0111756
36.6634 0.0111328
36.9671 0.0110898
37.2707 0.0110466
37.5744 0.0110031
37.8781 0.0109595
38.1817 0.0109158
38.4854 0.0108719
38.789 0.0108278
39.0927 0.0107836
39.3963 0.0107392
39.7 0.0106948
40.0036 0.0106502
40.3073 0.0106055
40.611 0.0105607
40.9146 0.0105158
41.2183 0.0104708
41.5219 0.0104257
41.8256 0.0103806
42.1292 0.0103354
42.4329 0.0102901
42.7366 0.0102448
43.0402 0.0101995
43.3439 0.0101541
43.6475 0.0101086
43.9512 0.0100632
44.2548 0.0100177
44.5585 0.0099722
44.8622 0.00992668
45.1658 0.00988116
45.4695 0.00983564
45.7731 0.00979012
46.0768 0.00974461
46.3804 0.00969911
46.6841 0.00965363
46.9878 0.00960817
47.2914 0.00956274
47.5951 0.00951734
47.8987 0.00947197
48.2024 0.00942664
48.506 0.00938135
48.8097 0.00933611
49.1134 0.00929092
49.417 0.00924578
49.7207 0.0092007
50.0243 0.00915568
50.328 0.00911072
50.6316 0.00906583
50.9353 0.00902101
51.239 0.00897627
51.5426 0.0089316
51.8463 0.00888701
52.1499 0.0088425
52.4536 0.00879807
52.7572 0.00875373
53.0609 0.00870948
53.3646 0.00866533
53.6682 0.00862127
53.9719 0.0085773
54.2755 0.00853344
54.5792 0.00848968
54.8828 0.00844602
55.1865 0.00840246
55.4902 0.00835902
55.7938 0.00831568
56.0975 0.00827246
56.4011 0.00822935
56.7048 0.00818636
57.0084 0.00814348
57.3121 0.00810073
57.6158 0.00805809
57.9194 0.00801558
58.2231 0.00797319
58.5267 0.00793093
58.8304 0.00788879
59.134 0.00784678
59.4377 0.0078049
59.7413 0.00776316
60.045 0.00772154
60.3487 0.00768006
60.6523 0.00763871
60.956 0.0075975
61.2596 0.00755643
61.5633 0.0075155
61.8669 0.0074747
62.1706 0.00743404
62.4743 0.00739353
62.7779 0.00735316
63.0816 0.00731293
63.3852 0.00727284
63.6889 0.0072329
63.9925 0.0071931
64.2962 0.00715345
64.5999 0.00711395
64.9035 0.00707459
65.2072 0.00703539
65.5108 0.00699633
65.8145 0.00695742
66.1181 0.00691866
66.4218 0.00688005
66.7255 0.00684159
67.0291 0.00680329
67.3328 0.00676513
67.6364 0.00672713
67.9401 0.00668928
68.2437 0.00665159
68.5474 0.00661405
68.8511 0.00657666
69.1547 0.00653943
69.4584 0.00650235
69.762 0.00646542
70.0657 0.00642865
70.3693 0.00639204
70.673 0.00635558
70.9767 0.00631928
71.2803 0.00628313
71.584 0.00624714
71.8876 0.00621131
72.1913 0.00617563
72.4949 0.00614011
72.7986 0.00610475
73.1023 0.00606954
73.4059 0.00603449
73.7096 0.00599959
74.0132 0.00596486
74.3169 0.00593027
74.6205 0.00589585
74.9242 0.00586158
75.2279 0.00582747
75.5315 0.00579352
75.8352 0.00575972
76.1388 0.00572608
76.4425 0.00569259
76.7461 0.00565926
77.0498 0.00562609
77.3535 0.00559307
77.6571 0.00556021
77.9608 0.0055275
78.2644 0.00549495
78.5681 0.00546256
78.8717 0.00543032
79.1754 0.00539823
79.479 0.0053663
79.7827 0.00533453
80.0864 0.0053029
80.39 0.00527144
80.6937 0.00524012
80.9973 0.00520896
81.301 0.00517795
81.6046 0.0051471
81.9083 0.0051164
82.212 0.00508585
82.5156 0.00505545
82.8193 0.00502521
83.1229 0.00499511
83.4266 0.00496517
83.7302 0.00493537
84.0339 0.00490573
84.3376 0.00487624
84.6412 0.0048469
84.9449 0.0048177
85.2485 0.00478866
85.5522 0.00475976
85.8558 0.00473102
86.1595 0.00470242
86.4632 0.00467396
86.7668 0.00464566
87.0705 0.0046175
87.3741 0.00458949
87.6778 0.00456162
87.9814 0.0045339
88.2851 0.00450632
88.5888 0.00447889
88.8924 0.0044516
89.1961 0.00442446
89.4997 0.00439746
89.8034 0.0043706
90.107 0.00434388
90.4107 0.00431731
90.7144 0.00429088
91.018 0.00426459
91.3217 0.00423843
91.6253 0.00421242
91.929 0.00418655
92.2326 0.00416082
92.5363 0.00413523
92.84 0.00410977
93.1436 0.00408445
93.4473 0.00405927
93.7509 0.00403423
94.0546 0.00400932
94.3582 0.00398455
94.6619 0.00395991
94.9656 0.00393541
95.2692 0.00391104
95.5729 0.0038868
95.8765 0.0038627
96.1802 0.00383873
96.4838 0.0038149
96.7875 0.00379119
97.0912 0.00376762
97.3948 0.00374418
97.6985 0.00372086
98.0021 0.00369768
98.3058 0.00367463
98.6094 0.0036517
98.9131 0.0036289
99.2168 0.00360623
99.5204 0.00358369
99.8241 0.00356128
100.128 0.00353899
100.431 0.00351682
100.735 0.00349478
101.039 0.00347287
101.342 0.00345108
101.646 0.00342941
101.95 0.00340786
102.253 0.00338644
102.557 0.00336514
102.861 0.00334396
103.164 0.0033229
103.468 0.00330196
103.772 0.00328114
104.075 0.00326044
104.379 0.00323986
104.683 0.0032194
104.986 0.00319906
105.29 0.00317883
105.594 0.00315872
105.897 0.00313872
106.201 0.00311884
106.505 0.00309908
106.808 0.00307942
107.112 0.00305989
107.415 0.00304047
107.719 0.00302115
108.023 0.00300196
108.326 0.00298287
108.63 0.0029639
108.934 0.00294503
109.237 0.00292628
109.541 0.00290763
109.845 0.0028891
110.148 0.00287067
110.452 0.00285236
110.756 0.00283415
111.059 0.00281604
111.363 0.00279805
111.667 0.00278016
111.97 0.00276237
112.274 0.00274469
112.578 0.00272712
112.881 0.00270965
113.185 0.00269228
113.489 0.00267501
113.792 0.00265785
114.096 0.00264079
114.4 0.00262383
114.703 0.00260698
115.007 0.00259022
115.311 0.00257356
115.614 0.00255701
115.918 0.00254055
116.222 0.00252419
116.525 0.00250793
116.829 0.00249176
117.133 0.0024757
117.436 0.00245972
117.74 0.00244385
118.043 0.00242807
118.347 0.00241239
118.651 0.0023968
118.954 0.0023813
119.258 0.0023659
119.562 0.00235059
119.865 0.00233537
120.169 0.00232025
120.473 0.00230522
120.776 0.00229028
121.08 0.00227543
121.384 0.00226067
121.687 0.002246
121.991 0.00223141
122.295 0.00221692
122.598 0.00220252
122.902 0.0021882
123.206 0.00217397
123.509 0.00215983
123.813 0.00214577
124.117 0.0021318
124.42 0.00211792
124.724 0.00210412
125.028 0.00209041
125.331 0.00207678
125.635 0.00206323
125.939 0.00204977
126.242 0.00203639
126.546 0.00202309
126.85 0.00200987
127.153 0.00199674
127.457 0.00198368
127.761 0.00197071
128.064 0.00195782
128.368 0.001945
128.671 0.00193227
128.975 0.00191962
129.279 0.00190704
129.582 0.00189454
129.886 0.00188212
130.19 0.00186977
130.493 0.00185751
130.797 0.00184531
131.101 0.0018332
131.404 0.00182116
131.708 0.00180919
132.012 0.0017973
132.315 0.00178549
132.619 0.00177374
132.923 0.00176207
133.226 0.00175048
133.53 0.00173895
133.834 0.0017275
134.137 0.00171612
134.441 0.00170481
134.745 0.00169357
135.048 0.0016824
135.352 0.00167131
135.656 0.00166028
135.959 0.00164932
136.263 0.00163843
136.567 0.00162761
136.87 0.00161685
137.174 0.00160617
137.478 0.00159555
137.781 0.001585
138.085 0.00157451
138.388 0.00156409
138.692 0.00155374
138.996 0.00154345
139.299 0.00153323
139.603 0.00152307
139.907 0.00151298
140.21 0.00150295
140.514 0.00149298
140.818 0.00148308
141.121 0.00147324
141.425 0.00146346
141.729 0.00145374
142.032 0.00144409
142.336 0.0014345
142.64 0.00142497
142.943 0.00141549
143.247 0.00140608
143.551 0.00139673
143.854 0.00138744
144.158 0.00137821
144.462 0.00136903
144.765 0.00135992
145.069 0.00135086
145.373 0.00134186
145.676 0.00133292
145.98 0.00132404
146.284 0.00131521
146.587 0.00130644
146.891 0.00129772
147.195 0.00128906
147.498 0.00128046
147.802 0.00127191
148.106 0.00126342
148.409 0.00125498
148.713 0.00124659
149.016 0.00123826
149.32 0.00122999
149.624 0.00122176
149.927 0.00121359
150.231 0.00120547
150.535 0.0011974
150.838 0.00118939
151.142 0.00118143
151.446 0.00117351
151.749 0.00116565
152.053 0.00115784
152.357 0.00115008
152.66 0.00114237
152.964 0.00113471
153.268 0.0011271
153.571 0.00111954
153.875 0.00111203
154.179 0.00110456
154.482 0.00109715
154.786 0.00108978
155.09 0.00108246
155.393 0.00107519
155.697 0.00106796
156.001 0.00106079
156.304 0.00105365
156.608 0.00104657
156.912 0.00103953
157.215 0.00103254
157.519 0.00102559
157.823 0.00101868
158.126 0.00101183
158.43 0.00100501
158.734 0.000998243
159.037 0.000991518
159.341 0.000984837
159.644 0.000978199
159.948 0.000971604
160.252 0.000965052
160.555 0.000958543
160.859 0.000952077
161.163 0.000945653
161.466 0.00093927
161.77 0.00093293
162.074 0.00092663
162.377 0.000920372
162.681 0.000914155
162.985 0.000907979
163.288 0.000901843
163.592 0.000895747
163.896 0.000889691
164.199 0.000883675
164.503 0.000877698
164.807 0.00087176
165.11 0.000865861
165.414 0.000860001
165.718 0.00085418
166.021 0.000848396
166.325 0.000842651
166.629 0.000836943
166.932 0.000831273
167.236 0.00082564
167.54 0.000820044
167.843 0.000814485
168.147 0.000808962
168.451 0.000803476
168.754 0.000798026
169.058 0.000792612
169.362 0.000787234
169.665 0.000781891
169.969 0.000776583
170.272 0.00077131
170.576 0.000766072
170.88 0.000760868
171.183 0.000755699
171.487 0.000750564
171.791 0.000745463
172.094 0.000740396
172.398 0.000735362
172.702 0.000730361
173.005 0.000725393
173.309 0.000720459
173.613 0.000715557
173.916 0.000710687
174.22 0.00070585
174.524 0.000701044
174.827 0.000696271
175.131 0.000691529
175.435 0.000686818
175.738 0.000682139
176.042 0.000677491
176.346 0.000672873
176.649 0.000668287
176.953 0.00066373
177.257 0.000659204
177.56 0.000654708
177.864 0.000650242
178.168 0.000645806
178.471 0.000641399
178.775 0.000637021
179.079 0.000632673
179.382 0.000628353
179.686 0.000624062
179.989 0.0006198
180.293 0.000615566
180.597 0.00061136
180.9 0.000607182
181.204 0.000603032
181.508 0.00059891
181.811 0.000594815
182.115 0.000590748
182.419 0.000586708
182.722 0.000582694
183.026 0.000578708
183.33 0.000574748
183.633 0.000570814
183.937 0.000566907
184.241 0.000563026
184.544 0.000559171
184.848 0.000555341
185.152 0.000551538
185.455 0.000547759
185.759 0.000544006
186.063 0.000540278
186.366 0.000536575
186.67 0.000532897
186.974 0.000529243
187.277 0.000525614
187.581 0.000522009
187.885 0.000518428
188.188 0.000514872
188.492 0.000511339
188.796 0.00050783
189.099 0.000504344
189.403 0.000500882
189.707 0.000497443
190.01 0.000494027
190.314 0.000490634
190.617 0.000487264
190.921 0.000483916
191.225 0.000480591
191.528 0.000477288
191.832 0.000474008
192.136 0.000470749
192.439 0.000467513
192.743 0.000464298
193.047 0.000461105
193.35 0.000457933
193.654 0.000454783
193.958 0.000451654
194.261 0.000448546
194.565 0.000445459
194.869 0.000442392
195.172 0.000439347
195.476 0.000436321
195.78 0.000433317
196.083 0.000430332
196.387 0.000427368
196.691 0.000424424
196.994 0.000421499
197.298 0.000418594
197.602 0.000415709
197.905 0.000412843
198.209 0.000409997
198.513 0.00040717
198.816 0.000404362
199.12 0.000401573
199.424 0.000398803
199.727 0.000396051
200.031 0.000393319
200.335 0.000390604
200.638 0.000387908
200.942 0.000385231
201.245 0.000382571
201.549 0.000379929
201.853 0.000377306
202.156 0.0003747
202.46 0.000372111
202.764 0.00036954
203.067 0.000366987
203.371 0.000364451
203.675 0.000361932
203.978 0.00035943
204.282 0.000356946
204.586 0.000354478
204.889 0.000352026
205.193 0.000349592
205.497 0.000347174
205.8 0.000344772
206.104 0.000342386
206.408 0.000340017
206.711 0.000337664
207.015 0.000335327
207.319 0.000333006
207.622 0.0003307
207.926 0.000328411
208.23 0.000326136
208.533 0.000323878
208.837 0.000321634
209.141 0.000319406
209.444 0.000317193
209.748 0.000314995
210.052 0.000312812
210.355 0.000310644
210.659 0.000308491
210.963 0.000306352
211.266 0.000304228
211.57 0.000302118
211.873 0.000300023
212.177 0.000297942
212.481 0.000295875
212.784 0.000293822
213.088 0.000291784
213.392 0.000289759
213.695 0.000287748
213.999 0.00028575
214.303 0.000283767
214.606 0.000281797
214.91 0.00027984
215.214 0.000277897
215.517 0.000275966
215.821 0.00027405
216.125 0.000272146
216.428 0.000270255
216.732 0.000268377
217.036 0.000266512
217.339 0.00026466
217.643 0.00026282
217.947 0.000260993
218.25 0.000259178
218.554 0.000257376
218.858 0.000255586
219.161 0.000253809
219.465 0.000252043
219.769 0.00025029
220.072 0.000248549
220.376 0.000246819
220.68 0.000245101
220.983 0.000243396
221.287 0.000241701
221.59 0.000240019
221.894 0.000238348
222.198 0.000236688
222.501 0.00023504
222.805 0.000233403
223.109 0.000231778
223.412 0.000230163
223.716 0.000228559
224.02 0.000226967
224.323 0.000225385
224.627 0.000223815
224.931 0.000222255
225.234 0.000220706
225.538 0.000219167
225.842 0.000217639
226.145 0.000216122
226.449 0.000214614
226.753 0.000213118
227.056 0.000211631
227.36 0.000210155
227.664 0.000208689
227.967 0.000207233
228.271 0.000205787
228.575 0.000204351
228.878 0.000202924
229.182 0.000201508
229.486 0.000200101
229.789 0.000198704
230.093 0.000197317
230.397 0.000195939
230.7 0.000194571
231.004 0.000193212
231.308 0.000191862
231.611 0.000190522
231.915 0.000189191
232.218 0.000187869
232.522 0.000186556
232.826 0.000185252
233.129 0.000183958
233.433 0.000182672
233.737 0.000181395
234.04 0.000180127
234.344 0.000178867
234.648 0.000177616
234.951 0.000176374
235.255 0.000175141
235.559 0.000173915
235.862 0.000172699
236.166 0.000171491
236.47 0.000170291
236.773 0.000169099
237.077 0.000167916
237.381 0.000166741
237.684 0.000165573
237.988 0.000164414
238.292 0.000163263
238.595 0.00016212
238.899 0.000160985
239.203 0.000159858
239.506 0.000158738
239.81 0.000157626
240.114 0.000156522
240.417 0.000155426
240.721 0.000154337
241.025 0.000153255
241.328 0.000152181
241.632 0.000151115
241.936 0.000150056
242.239 0.000149004
242.543 0.000147959
242.846 0.000146922
243.15 0.000145892
243.454 0.000144869
243.757 0.000143853
244.061 0.000142844
244.365 0.000141842
244.668 0.000140847
244.972 0.000139859
245.276 0.000138878
245.579 0.000137904
245.883 0.000136936
246.187 0.000135975
246.49 0.000135021
246.794 0.000134073
247.098 0.000133132
247.401 0.000132197
247.705 0.000131269
248.009 0.000130347
248.312 0.000129432
248.616 0.000128523
248.92 0.00012762
249.223 0.000126724
249.527 0.000125834
249.831 0.00012495
250.134 0.000124072
250.438 0.0001232
250.742 0.000122334
251.045 0.000121475
251.349 0.000120621
251.653 0.000119773
251.956 0.000118931
252.26 0.000118095
252.564 0.000117265
252.867 0.00011644
253.171 0.000115622
253.474 0.000114809
253.778 0.000114001
254.082 0.000113199
254.385 0.000112403
254.689 0.000111612
254.993 0.000110827
255.296 0.000110047
255.6 0.000109273
255.904 0.000108504
256.207 0.00010774
256.511 0.000106982
256.815 0.000106229
257.118 0.000105481
257.422 0.000104739
257.726 0.000104001
258.029 0.000103269
258.333 0.000102542
258.637 0.00010182
258.94 0.000101103
259.244 0.000100391
259.548 9.96836e-05
259.851 9.89814e-05
260.155 9.8284e-05
260.459 9.75916e-05
260.762 9.6904e-05
261.066 9.62211e-05
261.37 9.5543e-05
261.673 9.48697e-05
261.977 9.4201e-05
262.281 9.3537e-05
262.584 9.28776e-05
262.888 9.22228e-05
263.191 9.15726e-05
263.495 9.0927e-05
263.799 9.02858e-05
264.102 8.96491e-05
264.406 8.90168e-05
264.71 8.8389e-05
265.013 8.77655e-05
265.317 8.71464e-05
265.621 8.65316e-05
265.924 8.59211e-05
266.228 8.53148e-05
266.532 8.47128e-05
266.835 8.4115e-05
267.139 8.35214e-05
267.443 8.29319e-05
267.746 8.23465e-05
268.05 8.17652e-05
268.354 8.1188e-05
268.657 8.06148e-05
268.961 8.00456e-05
269.265 7.94804e-05
269.568 7.89191e-05
269.872 7.83618e-05
270.176 7.78084e-05
270.479 7.72588e-05
270.783 7.6713e-05
271.087 7.61711e-05
271.39 7.5633e-05
271.694 7.50986e-05
271.998 7.4568e-05
272.301 7.40411e-05
272.605 7.35179e-05
272.909 7.29983e-05
273.212 7.24823e-05
273.516 7.197e-05
273.819 7.14613e-05
274.123 7.09561e-05
274.427 7.04544e-05
274.73 6.99563e-05
275.034 6.94617e-05
275.338 6.89705e-05
275.641 6.84827e-05
275.945 6.79984e-05
276.249 6.75175e-05
276.552 6.70399e-05
276.856 6.65657e-05
277.16 6.60948e-05
277.463 6.56272e-05
277.767 6.51628e-05
278.071 6.47018e-05
278.374 6.42439e-05
278.678 6.37893e-05
278.982 6.33378e-05
279.285 6.28895e-05
279.589 6.24444e-05
279.893 6.20024e-05
280.196 6.15634e-05
280.5 6.11276e-05
280.804 6.06948e-05
281.107 6.02651e-05
281.411 5.98383e-05
281.715 5.94146e-05
282.018 5.89938e-05
282.322 5.8576e-05
282.626 5.81611e-05
282.929 5.77491e-05
283.233 5.734e-05
283.537 5.69338e-05
283.84 5.65304e-05
284.144 5.61299e-05
284.447 5.57322e-05
284.751 5.53372e-05
285.055 5.49451e-05
285.358 5.45557e-05
285.662 5.4169e-05
285.966 5.3785e-05
286.269 5.34038e-05
286.573 5.30252e-05
286.877 5.26493e-05
287.18 5.2276e-05
287.484 5.19053e-05
287.788 5.15373e-05
288.091 5.11718e-05
288.395 5.08089e-05
288.699 5.04486e-05
289.002 5.00908e-05
289.306 4.97355e-05
289.61 4.93827e-05
289.913 4.90323e-05
290.217 4.86845e-05
290.521 4.83391e-05
290.824 4.79961e-05
291.128 4.76555e-05
291.432 4.73173e-05
291.735 4.69815e-05
292.039 4.66481e-05
292.343 4.6317e-05
292.646 4.59883e-05
292.95 4.56618e-05
293.254 4.53377e-05
293.557 4.50158e-05
293.861 4.46962e-05
294.165 4.43788e-05
294.468 4.40637e-05
294.772 4.37508e-05
295.075 4.34401e-05
295.379 4.31316e-05
295.683 4.28253e-05
295.986 4.25211e-05
296.29 4.22191e-05
296.594 4.19192e-05
296.897 4.16214e-05
297.201 4.13257e-05
297.505 4.1032e-05
297.808 4.07405e-05
298.112 4.0451e-05
298.416 4.01636e-05
298.719 3.98781e-05
299.023 3.95947e-05
299.327 3.93133e-05
299.63 3.90339e-05
299.934 3.87564e-05
300.238 3.84809e-05
300.541 3.82073e-05
300.845 3.79357e-05
301.149 3.7666e-05
301.452 3.73981e-05
301.756 3.71322e-05
302.06 3.68681e-05
302.363 3.6606e-05
302.667 3.63456e-05
302.971 3.60871e-05
303.274 3.58304e-05
303.578 3.55755e-05
303.882 3.53225e-05
304.185 3.50712e-05
304.489 3.48217e-05
304.792 3.45739e-05
