-58.8932 5.66533e-05
-58.8301 5.70328e-05
-58.767 5.74149e-05
-58.704 5.77996e-05
-58.6409 5.8187e-05
-58.5778 5.8577e-05
-58.5147 5.89697e-05
-58.4517 5.93651e-05
-58.3886 5.97631e-05
-58.3255 6.01639e-05
-58.2625 6.05675e-05
-58.1994 6.09738e-05
-58.1363 6.13829e-05
-58.0732 6.17948e-05
-58.0102 6.22096e-05
-57.9471 6.26271e-05
-57.884 6.30476e-05
-57.821 6.34709e-05
-57.7579 6.38972e-05
-57.6948 6.43263e-05
-57.6317 6.47584e-05
-57.5687 6.51935e-05
-57.5056 6.56316e-05
-57.4425 6.60726e-05
-57.3795 6.65167e-05
-57.3164 6.69639e-05
-57.2533 6.74141e-05
-57.1902 6.78674e-05
-57.1272 6.83239e-05
-57.0641 6.87834e-05
-57.001 6.92462e-05
-56.938 6.97121e-05
-56.8749 7.01812e-05
-56.8118 7.06536e-05
-56.7487 7.11292e-05
-56.6857 7.16081e-05
-56.6226 7.20903e-05
-56.5595 7.25758e-05
-56.4965 7.30646e-05
-56.4334 7.35568e-05
-56.3703 7.40524e-05
-56.3072 7.45515e-05
-56.2442 7.50539e-05
-56.1811 7.55599e-05
-56.118 7.60693e-05
-56.055 7.65822e-05
-55.9919 7.70987e-05
-55.9288 7.76187e-05
-55.8658 7.81424e-05
-55.8027 7.86696e-05
-55.7396 7.92005e-05
-55.6765 7.9735e-05
-55.6135 8.02733e-05
-55.5504 8.08152e-05
-55.4873 8.13609e-05
-55.4243 8.19104e-05
-55.3612 8.24637e-05
-55.2981 8.30208e-05
-55.235 8.35818e-05
-55.172 8.41466e-05
-55.1089 8.47154e-05
-55.0458 8.5288e-05
-54.9828 8.58647e-05
-54.9197 8.64453e-05
-54.8566 8.703e-05
-54.7935 8.76187e-05
-54.7305 8.82115e-05
-54.6674 8.88084e-05
-54.6043 8.94094e-05
-54.5413 9.00146e-05
-54.4782 9.06241e-05
-54.4151 9.12377e-05
-54.352 9.18556e-05
-54.289 9.24777e-05
-54.2259 9.31042e-05
-54.1628 9.37351e-05
-54.0998 9.43703e-05
-54.0367 9.50099e-05
-53.9736 9.5654e-05
-53.9105 9.63025e-05
-53.8475 9.69556e-05
-53.7844 9.76132e-05
-53.7213 9.82753e-05
-53.6583 9.89421e-05
-53.5952 9.96135e-05
-53.5321 0.00010029
-53.4691 0.00010097
-53.406 0.000101656
-53.3429 0.000102346
-53.2798 0.000103041
-53.2168 0.000103741
-53.1537 0.000104446
-53.0906 0.000105156
-53.0276 0.00010587
-52.9645 0.00010659
-52.9014 0.000107315
-52.8383 0.000108044
-52.7753 0.000108779
-52.7122 0.000109519
-52.6491 0.000110264
-52.5861 0.000111015
-52.523 0.00011177
-52.4599 0.000112531
-52.3968 0.000113297
-52.3338 0.000114069
-52.2707 0.000114845
-52.2076 0.000115628
-52.1446 0.000116416
-52.0815 0.000117209
-52.0184 0.000118008
-51.9553 0.000118812
-51.8923 0.000119622
-51.8292 0.000120438
-51.7661 0.000121259
-51.7031 0.000122086
-51.64 0.000122919
-51.5769 0.000123758
-51.5138 0.000124603
-51.4508 0.000125453
-51.3877 0.00012631
-51.3246 0.000127173
-51.2616 0.000128041
-51.1985 0.000128916
-51.1354 0.000129797
-51.0723 0.000130684
-51.0093 0.000131577
-50.9462 0.000132477
-50.8831 0.000133382
-50.8201 0.000134295
-50.757 0.000135213
-50.6939 0.000136138
-50.6309 0.00013707
-50.5678 0.000138008
-50.5047 0.000138953
-50.4416 0.000139904
-50.3786 0.000140862
-50.3155 0.000141827
-50.2524 0.000142799
-50.1894 0.000143777
-50.1263 0.000144763
-50.0632 0.000145755
-50.0001 0.000146754
-49.9371 0.00014776
-49.874 0.000148774
-49.8109 0.000149794
-49.7479 0.000150822
-49.6848 0.000151857
-49.6217 0.0001529
-49.5586 0.000153949
-49.4956 0.000155006
-49.4325 0.000156071
-49.3694 0.000157143
-49.3064 0.000158223
-49.2433 0.00015931
-49.1802 0.000160405
-49.1171 0.000161508
-49.0541 0.000162618
-48.991 0.000163737
-48.9279 0.000164863
-48.8649 0.000165997
-48.8018 0.00016714
-48.7387 0.00016829
-48.6756 0.000169449
-48.6126 0.000170615
-48.5495 0.00017179
-48.4864 0.000172974
-48.4234 0.000174166
-48.3603 0.000175366
-48.2972 0.000176574
-48.2341 0.000177792
-48.1711 0.000179018
-48.108 0.000180252
-48.0449 0.000181496
-47.9819 0.000182748
-47.9188 0.000184009
-47.8557 0.00018528
-47.7927 0.000186559
-47.7296 0.000187847
-47.6665 0.000189144
-47.6034 0.000190451
-47.5404 0.000191767
-47.4773 0.000193093
-47.4142 0.000194427
-47.3512 0.000195772
-47.2881 0.000197126
-47.225 0.000198489
-47.1619 0.000199862
-47.0989 0.000201245
-47.0358 0.000202638
-46.9727 0.000204041
-46.9097 0.000205454
-46.8466 0.000206877
-46.7835 0.00020831
-46.7204 0.000209754
-46.6574 0.000211208
-46.5943 0.000212672
-46.5312 0.000214146
-46.4682 0.000215631
-46.4051 0.000217127
-46.342 0.000218634
-46.2789 0.000220151
-46.2159 0.000221679
-46.1528 0.000223218
-46.0897 0.000224768
-46.0267 0.000226329
-45.9636 0.000227902
-45.9005 0.000229486
-45.8374 0.000231081
-45.7744 0.000232687
-45.7113 0.000234305
-45.6482 0.000235935
-45.5852 0.000237576
-45.5221 0.000239229
-45.459 0.000240894
-45.396 0.000242571
-45.3329 0.00024426
-45.2698 0.000245962
-45.2067 0.000247675
-45.1437 0.000249401
-45.0806 0.000251139
-45.0175 0.00025289
-44.9545 0.000254653
-44.8914 0.000256429
-44.8283 0.000258218
-44.7652 0.00026002
-44.7022 0.000261835
-44.6391 0.000263663
-44.576 0.000265504
-44.513 0.000267358
-44.4499 0.000269226
-44.3868 0.000271107
-44.3237 0.000273002
-44.2607 0.00027491
-44.1976 0.000276833
-44.1345 0.000278769
-44.0715 0.000280719
-44.0084 0.000282684
-43.9453 0.000284662
-43.8822 0.000286655
-43.8192 0.000288663
-43.7561 0.000290685
-43.693 0.000292721
-43.63 0.000294773
-43.5669 0.000296839
-43.5038 0.00029892
-43.4407 0.000301016
-43.3777 0.000303128
-43.3146 0.000305255
-43.2515 0.000307397
-43.1885 0.000309555
-43.1254 0.000311729
-43.0623 0.000313918
-42.9992 0.000316124
-42.9362 0.000318345
-42.8731 0.000320583
-42.81 0.000322837
-42.747 0.000325107
-42.6839 0.000327394
-42.6208 0.000329698
-42.5578 0.000332018
-42.4947 0.000334355
-42.4316 0.00033671
-42.3685 0.000339081
-42.3055 0.00034147
-42.2424 0.000343876
-42.1793 0.0003463
-42.1163 0.000348742
-42.0532 0.000351202
-41.9901 0.000353679
-41.927 0.000356175
-41.864 0.000358689
-41.8009 0.000361221
-41.7378 0.000363772
-41.6748 0.000366341
-41.6117 0.00036893
-41.5486 0.000371537
-41.4855 0.000374164
-41.4225 0.00037681
-41.3594 0.000379475
-41.2963 0.00038216
-41.2333 0.000384864
-41.1702 0.000387589
-41.1071 0.000390333
-41.044 0.000393098
-40.981 0.000395883
-40.9179 0.000398688
-40.8548 0.000401514
-40.7918 0.000404361
-40.7287 0.000407229
-40.6656 0.000410118
-40.6025 0.000413029
-40.5395 0.000415961
-40.4764 0.000418914
-40.4133 0.00042189
-40.3503 0.000424887
-40.2872 0.000427906
-40.2241 0.000430948
-40.161 0.000434012
-40.098 0.000437099
-40.0349 0.000440209
-39.9718 0.000443342
-39.9088 0.000446498
-39.8457 0.000449677
-39.7826 0.00045288
-39.7196 0.000456107
-39.6565 0.000459357
-39.5934 0.000462632
-39.5303 0.000465931
-39.4673 0.000469255
-39.4042 0.000472603
-39.3411 0.000475976
-39.2781 0.000479374
-39.215 0.000482798
-39.1519 0.000486247
-39.0888 0.000489722
-39.0258 0.000493222
-38.9627 0.000496749
-38.8996 0.000500302
-38.8366 0.000503881
-38.7735 0.000507487
-38.7104 0.00051112
-38.6473 0.00051478
-38.5843 0.000518468
-38.5212 0.000522182
-38.4581 0.000525925
-38.3951 0.000529696
-38.332 0.000533495
-38.2689 0.000537322
-38.2058 0.000541178
-38.1428 0.000545063
-38.0797 0.000548977
-38.0166 0.000552921
-37.9536 0.000556893
-37.8905 0.000560896
-37.8274 0.000564929
-37.7643 0.000568992
-37.7013 0.000573086
-37.6382 0.00057721
-37.5751 0.000581365
-37.5121 0.000585552
-37.449 0.00058977
-37.3859 0.00059402
-37.3229 0.000598302
-37.2598 0.000602616
-37.1967 0.000606963
-37.1336 0.000611342
-37.0706 0.000615755
-37.0075 0.0006202
-36.9444 0.00062468
-36.8814 0.000629193
-36.8183 0.00063374
-36.7552 0.000638322
-36.6921 0.000642938
-36.6291 0.00064759
-36.566 0.000652276
-36.5029 0.000656998
-36.4399 0.000661756
-36.3768 0.00066655
-36.3137 0.00067138
-36.2506 0.000676247
-36.1876 0.000681151
-36.1245 0.000686092
-36.0614 0.000691071
-35.9984 0.000696087
-35.9353 0.000701142
-35.8722 0.000706235
-35.8091 0.000711367
-35.7461 0.000716538
-35.683 0.000721749
-35.6199 0.000726999
-35.5569 0.000732289
-35.4938 0.00073762
-35.4307 0.000742991
-35.3676 0.000748403
-35.3046 0.000753857
-35.2415 0.000759353
-35.1784 0.00076489
-35.1154 0.00077047
-35.0523 0.000776093
-34.9892 0.000781758
-34.9261 0.000787467
-34.8631 0.00079322
-34.8 0.000799017
-34.7369 0.000804859
-34.6739 0.000810745
-34.6108 0.000816677
-34.5477 0.000822654
-34.4847 0.000828678
-34.4216 0.000834747
-34.3585 0.000840864
-34.2954 0.000847027
-34.2324 0.000853238
-34.1693 0.000859497
-34.1062 0.000865804
-34.0432 0.00087216
-33.9801 0.000878565
-33.917 0.00088502
-33.8539 0.000891524
-33.7909 0.000898079
-33.7278 0.000904684
-33.6647 0.000911341
-33.6017 0.000918049
-33.5386 0.00092481
-33.4755 0.000931622
-33.4124 0.000938488
-33.3494 0.000945407
-33.2863 0.000952379
-33.2232 0.000959406
-33.1602 0.000966488
-33.0971 0.000973624
-33.034 0.000980817
-32.9709 0.000988065
-32.9079 0.00099537
-32.8448 0.00100273
-32.7817 0.00101015
-32.7187 0.00101763
-32.6556 0.00102516
-32.5925 0.00103276
-32.5294 0.00104041
-32.4664 0.00104813
-32.4033 0.0010559
-32.3402 0.00106373
-32.2772 0.00107163
-32.2141 0.00107959
-32.151 0.00108761
-32.0879 0.00109569
-32.0249 0.00110384
-31.9618 0.00111205
-31.8987 0.00112033
-31.8357 0.00112867
-31.7726 0.00113708
-31.7095 0.00114555
-31.6465 0.00115409
-31.5834 0.0011627
-31.5203 0.00117137
-31.4572 0.00118012
-31.3942 0.00118893
-31.3311 0.00119781
-31.268 0.00120677
-31.205 0.00121579
-31.1419 0.00122489
-31.0788 0.00123405
-31.0157 0.00124329
-30.9527 0.00125261
-30.8896 0.00126199
-30.8265 0.00127146
-30.7635 0.00128099
-30.7004 0.00129061
-30.6373 0.0013003
-30.5742 0.00131007
-30.5112 0.00131991
-30.4481 0.00132983
-30.385 0.00133984
-30.322 0.00134992
-30.2589 0.00136008
-30.1958 0.00137033
-30.1327 0.00138065
-30.0697 0.00139106
-30.0066 0.00140156
-29.9435 0.00141213
-29.8805 0.0014228
-29.8174 0.00143354
-29.7543 0.00144438
-29.6912 0.0014553
-29.6282 0.00146631
-29.5651 0.0014774
-29.502 0.00148859
-29.439 0.00149987
-29.3759 0.00151124
-29.3128 0.0015227
-29.2498 0.00153425
-29.1867 0.0015459
-29.1236 0.00155764
-29.0605 0.00156947
-28.9975 0.0015814
-28.9344 0.00159343
-28.8713 0.00160556
-28.8083 0.00161778
-28.7452 0.0016301
-28.6821 0.00164253
-28.619 0.00165505
-28.556 0.00166768
-28.4929 0.00168041
-28.4298 0.00169324
-28.3668 0.00170618
-28.3037 0.00171922
-28.2406 0.00173237
-28.1775 0.00174563
-28.1145 0.001759
-28.0514 0.00177247
-27.9883 0.00178606
-27.9253 0.00179975
-27.8622 0.00181356
-27.7991 0.00182749
-27.736 0.00184153
-27.673 0.00185568
-27.6099 0.00186995
-27.5468 0.00188434
-27.4838 0.00189884
-27.4207 0.00191347
-27.3576 0.00192822
-27.2945 0.00194309
-27.2315 0.00195808
-27.1684 0.00197319
-27.1053 0.00198843
-27.0423 0.0020038
-26.9792 0.0020193
-26.9161 0.00203492
-26.853 0.00205067
-26.79 0.00206656
-26.7269 0.00208257
-26.6638 0.00209872
-26.6008 0.00211501
-26.5377 0.00213143
-26.4746 0.00214799
-26.4116 0.00216468
-26.3485 0.00218152
-26.2854 0.0021985
-26.2223 0.00221562
-26.1593 0.00223288
-26.0962 0.00225029
-26.0331 0.00226784
-25.9701 0.00228554
-25.907 0.00230339
-25.8439 0.00232139
-25.7808 0.00233955
-25.7178 0.00235785
-25.6547 0.00237631
-25.5916 0.00239493
-25.5286 0.0024137
-25.4655 0.00243264
-25.4024 0.00245173
-25.3393 0.00247098
-25.2763 0.0024904
-25.2132 0.00250999
-25.1501 0.00252974
-25.0871 0.00254966
-25.024 0.00256974
-24.9609 0.00259
-24.8978 0.00261044
-24.8348 0.00263104
-24.7717 0.00265183
-24.7086 0.00267279
-24.6456 0.00269393
-24.5825 0.00271525
-24.5194 0.00273675
-24.4563 0.00275844
-24.3933 0.00278032
-24.3302 0.00280238
-24.2671 0.00282464
-24.2041 0.00284709
-24.141 0.00286973
-24.0779 0.00289256
-24.0148 0.00291559
-23.9518 0.00293883
-23.8887 0.00296226
-23.8256 0.0029859
-23.7626 0.00300974
-23.6995 0.00303379
-23.6364 0.00305805
-23.5734 0.00308252
-23.5103 0.00310721
-23.4472 0.00313211
-23.3841 0.00315722
-23.3211 0.00318256
-23.258 0.00320812
-23.1949 0.0032339
-23.1319 0.00325991
-23.0688 0.00328615
-23.0057 0.00331261
-22.9426 0.00333931
-22.8796 0.00336625
-22.8165 0.00339342
-22.7534 0.00342084
-22.6904 0.00344849
-22.6273 0.00347639
-22.5642 0.00350454
-22.5011 0.00353294
-22.4381 0.00356159
-22.375 0.00359049
-22.3119 0.00361965
-22.2489 0.00364907
-22.1858 0.00367875
-22.1227 0.0037087
-22.0596 0.00373892
-21.9966 0.0037694
-21.9335 0.00380016
-21.8704 0.0038312
-21.8074 0.00386251
-21.7443 0.0038941
-21.6812 0.00392598
-21.6181 0.00395815
-21.5551 0.0039906
-21.492 0.00402335
-21.4289 0.0040564
-21.3659 0.00408974
-21.3028 0.00412339
-21.2397 0.00415734
-21.1766 0.0041916
-21.1136 0.00422617
-21.0505 0.00426106
-20.9874 0.00429627
-20.9244 0.00433179
-20.8613 0.00436764
-20.7982 0.00440382
-20.7352 0.00444033
-20.6721 0.00447718
-20.609 0.00451436
-20.5459 0.00455189
-20.4829 0.00458976
-20.4198 0.00462798
-20.3567 0.00466656
-20.2937 0.00470549
-20.2306 0.00474478
-20.1675 0.00478443
-20.1044 0.00482446
-20.0414 0.00486485
-19.9783 0.00490562
-19.9152 0.00494677
-19.8522 0.00498831
-19.7891 0.00503023
-19.726 0.00507255
-19.6629 0.00511526
-19.5999 0.00515837
-19.5368 0.00520189
-19.4737 0.00524582
-19.4107 0.00529016
-19.3476 0.00533492
-19.2845 0.0053801
-19.2214 0.00542571
-19.1584 0.00547175
-19.0953 0.00551823
-19.0322 0.00556515
-18.9692 0.00561252
-18.9061 0.00566034
-18.843 0.00570862
-18.7799 0.00575735
-18.7169 0.00580656
-18.6538 0.00585623
-18.5907 0.00590638
-18.5277 0.00595702
-18.4646 0.00600814
-18.4015 0.00605976
-18.3385 0.00611187
-18.2754 0.00616449
-18.2123 0.00621762
-18.1492 0.00627126
-18.0862 0.00632542
-18.0231 0.00638012
-17.96 0.00643534
-17.897 0.00649111
-17.8339 0.00654742
-17.7708 0.00660428
-17.7077 0.0066617
-17.6447 0.00671969
-17.5816 0.00677824
-17.5185 0.00683738
-17.4555 0.00689709
-17.3924 0.0069574
-17.3293 0.00701831
-17.2662 0.00707982
-17.2032 0.00714194
-17.1401 0.00720469
-17.077 0.00726805
-17.014 0.00733206
-16.9509 0.0073967
-16.8878 0.00746199
-16.8247 0.00752794
-16.7617 0.00759455
-16.6986 0.00766183
-16.6355 0.0077298
-16.5725 0.00779845
-16.5094 0.00786779
-16.4463 0.00793785
-16.3832 0.00800861
-16.3202 0.0080801
-16.2571 0.00815232
-16.194 0.00822527
-16.131 0.00829897
-16.0679 0.00837344
-16.0048 0.00844866
-15.9417 0.00852467
-15.8787 0.00860146
-15.8156 0.00867904
-15.7525 0.00875743
-15.6895 0.00883663
-15.6264 0.00891666
-15.5633 0.00899752
-15.5003 0.00907923
-15.4372 0.00916179
-15.3741 0.00924523
-15.311 0.00932953
-15.248 0.00941473
-15.1849 0.00950083
-15.1218 0.00958784
-15.0588 0.00967577
-14.9957 0.00976463
-14.9326 0.00985445
-14.8695 0.00994522
-14.8065 0.010037
-14.7434 0.0101297
-14.6803 0.0102234
-14.6173 0.0103181
-14.5542 0.0104139
-14.4911 0.0105107
-14.428 0.0106085
-14.365 0.0107074
-14.3019 0.0108074
-14.2388 0.0109085
-14.1758 0.0110106
-14.1127 0.0111139
-14.0496 0.0112184
-13.9865 0.0113239
-13.9235 0.0114307
-13.8604 0.0115386
-13.7973 0.0116477
-13.7343 0.0117581
-13.6712 0.0118696
-13.6081 0.0119824
-13.545 0.0120965
-13.482 0.0122118
-13.4189 0.0123285
-13.3558 0.0124465
-13.2928 0.0125658
-13.2297 0.0126864
-13.1666 0.0128084
-13.1035 0.0129319
-13.0405 0.0130567
-12.9774 0.0131829
-12.9143 0.0133107
-12.8513 0.0134398
-12.7882 0.0135705
-12.7251 0.0137027
-12.6621 0.0138364
-12.599 0.0139717
-12.5359 0.0141085
-12.4728 0.014247
-12.4098 0.014387
-12.3467 0.0145288
-12.2836 0.0146722
-12.2206 0.0148173
-12.1575 0.0149641
-12.0944 0.0151126
-12.0313 0.015263
-11.9683 0.0154151
-11.9052 0.0155691
-11.8421 0.0157249
-11.7791 0.0158826
-11.716 0.0160422
-11.6529 0.0162037
-11.5898 0.0163673
-11.5268 0.0165328
-11.4637 0.0167003
-11.4006 0.0168699
-11.3376 0.0170416
-11.2745 0.0172154
-11.2114 0.0173914
-11.1483 0.0175696
-11.0853 0.01775
-11.0222 0.0179326
-10.9591 0.0181176
-10.8961 0.0183049
-10.833 0.0184945
-10.7699 0.0186866
-10.7068 0.0188811
-10.6438 0.0190781
-10.5807 0.0192776
-10.5176 0.0194797
-10.4546 0.0196844
-10.3915 0.0198918
-10.3284 0.0201018
-10.2654 0.0203146
-10.2023 0.0205302
-10.1392 0.0207486
-10.0761 0.02097
-10.0131 0.0211942
-9.95 0.0214214
-9.88692 0.0216516
-9.82385 0.021885
-9.76078 0.0221214
-9.69771 0.0223611
-9.63464 0.022604
-9.57157 0.0228502
-9.5085 0.0230997
-9.44543 0.0233527
-9.38236 0.0236092
-9.31928 0.0238692
-9.25621 0.0241328
-9.19314 0.0244001
-9.13007 0.0246711
-9.067 0.0249459
-9.00393 0.0252246
-8.94086 0.0255072
-8.87779 0.0257939
-8.81472 0.0260846
-8.75164 0.0263795
-8.68857 0.0266786
-8.6255 0.0269821
-8.56243 0.02729
-8.49936 0.0276024
-8.43629 0.0279193
-8.37322 0.0282409
-8.31015 0.0285673
-8.24708 0.0288985
-8.184 0.0292346
-8.12093 0.0295758
-8.05786 0.0299221
-7.99479 0.0302736
-7.93172 0.0306305
-7.86865 0.0309928
-7.80558 0.0313607
-7.74251 0.0317342
-7.67944 0.0321136
-7.61636 0.0324988
-7.55329 0.0328901
-7.49022 0.0332875
-7.42715 0.0336911
-7.36408 0.0341012
-7.30101 0.0345178
-7.23794 0.0349411
-7.17487 0.0353713
-7.1118 0.0358084
-7.04872 0.0362526
-6.98565 0.0367041
-6.92258 0.037163
-6.85951 0.0376295
-6.79644 0.0381037
-6.73337 0.0385859
-6.6703 0.0390762
-6.60723 0.0395748
-6.54416 0.0400819
-6.48109 0.0405976
-6.41801 0.0411222
-6.35494 0.0416558
-6.29187 0.0421988
-6.2288 0.0427512
-6.16573 0.0433133
-6.10266 0.0438854
-6.03959 0.0444676
-5.97652 0.0450603
-5.91345 0.0456636
-5.85037 0.0462779
-5.7873 0.0469033
-5.72423 0.0475402
-5.66116 0.0481888
-5.59809 0.0488494
-5.53502 0.0495223
-5.47195 0.0502079
-5.40888 0.0509064
-5.34581 0.0516182
-5.28273 0.0523435
-5.21966 0.0530828
-5.15659 0.0538364
-5.09352 0.0546046
-5.03045 0.0553878
-4.96738 0.0561865
-4.90431 0.0570009
-4.84124 0.0578316
-4.77817 0.058679
-4.71509 0.0595434
-4.65202 0.0604253
-4.58895 0.0613252
-4.52588 0.0622436
-4.46281 0.0631809
-4.39974 0.0641377
-4.33667 0.0651144
-4.2736 0.0661116
-4.21053 0.0671298
-4.14745 0.0681696
-4.08438 0.0692315
-4.02131 0.0703162
-3.95824 0.0714242
-3.89517 0.0725561
-3.8321 0.0737126
-3.76903 0.0748942
-3.70596 0.0761017
-3.64289 0.0773357
-3.57981 0.0785968
-3.51674 0.0798858
-3.45367 0.0812032
-3.3906 0.0825497
-3.32753 0.0839261
-3.26446 0.0853331
-3.20139 0.0867711
-3.13832 0.088241
-3.07525 0.0897433
-3.01217 0.0912787
-2.9491 0.0928477
-2.88603 0.0944508
-2.82296 0.0960886
-2.75989 0.0977614
-2.69682 0.0994697
-2.63375 0.101214
-2.57068 0.102993
-2.50761 0.104809
-2.44453 0.10666
-2.38146 0.108546
-2.31839 0.110467
-2.25532 0.112422
-2.19225 0.11441
-2.12918 0.116429
-2.06611 0.118478
-2.00304 0.120554
-1.93997 0.122654
-1.8769 0.124776
-1.81382 0.126914
-1.75075 0.129064
-1.68768 0.13122
-1.62461 0.133376
-1.56154 0.135522
-1.49847 0.137651
-1.4354 0.139752
-1.37233 0.141811
-1.30926 0.143816
-1.24618 0.14575
-1.18311 0.147596
-1.12004 0.149334
-1.05697 0.150941
-0.9939 0.152396
-0.930829 0.15367
-0.867758 0.154737
-0.804687 0.155567
-0.741615 0.156129
-0.678544 0.156394
-0.615473 0.15633
-0.552402 0.155908
-0.489331 0.155103
-0.42626 0.15389
-0.363189 0.152253
-0.300118 0.150178
-0.237047 0.147663
-0.173976 0.144711
-0.110904 0.141335
-0.0478334 0.137557
0.0152377 0.133409
0.0783088 0.128929
0.14138 0.124162
0.204451 0.119159
0.267522 0.113975
0.330593 0.108662
0.393664 0.103277
0.456735 0.0978702
0.519806 0.0924906
0.582878 0.0871817
0.645949 0.0819813
0.70902 0.0769218
0.772091 0.0720295
0.835162 0.0673251
0.898233 0.0628239
0.961304 0.0585362
1.02438 0.0544684
1.08745 0.0506228
1.15052 0.046999
1.21359 0.0435936
1.27666 0.0404015
1.33973 0.037416
1.4028 0.0346291
1.46587 0.032032
1.52894 0.0296156
1.59202 0.0273701
1.65509 0.0252859
1.71816 0.0233535
1.78123 0.0215632
1.8443 0.019906
1.90737 0.0183729
1.97044 0.0169556
2.03351 0.0156458
2.09658 0.0144359
2.15965 0.0133188
2.22273 0.0122877
2.2858 0.011336
2.34887 0.010458
2.41194 0.0096481
2.47501 0.00890105
2.53808 0.00821208
2.60115 0.00757673
2.66422 0.00699086
2.72729 0.00645065
2.79037 0.00595253
2.85344 0.00549324
2.91651 0.00506974
2.97958 0.00467924
3.04265 0.00431916
3.10572 0.0039871
3.16879 0.00368088
3.23186 0.00339847
3.29493 0.00313799
3.35801 0.00289774
3.42108 0.00267612
3.48415 0.00247166
3.54722 0.00228304
3.61029 0.002109
3.67336 0.00194841
3.73643 0.0018002
3.7995 0.00166342
3.86257 0.00153718
3.92565 0.00142064
3.98872 0.00131305
4.05179 0.00121372
4.11486 0.001122
