1.12508 0.00156717
1.27299 0.0020355
1.42091 0.00256218
1.56882 0.00313981
1.71673 0.00376044
1.86465 0.00441603
2.01256 0.00509893
2.16048 0.00580208
2.30839 0.00651911
2.4563 0.00724443
2.60422 0.00797317
2.75213 0.0087012
2.90004 0.00942499
3.04796 0.0101416
3.19587 0.0108486
3.34379 0.011544
3.4917 0.0122261
3.63961 0.0128938
3.78753 0.013546
3.93544 0.0141819
4.08335 0.0148009
4.23127 0.0154028
4.37918 0.0159871
4.5271 0.0165538
4.67501 0.0171028
4.82292 0.0176343
4.97084 0.0181482
5.11875 0.0186448
5.26667 0.0191243
5.41458 0.019587
5.56249 0.020033
5.71041 0.0204628
5.85832 0.0208766
6.00623 0.0212748
6.15415 0.0216578
6.30206 0.0220258
6.44998 0.0223793
6.59789 0.0227185
6.7458 0.0230439
6.89372 0.0233559
7.04163 0.0236546
7.18954 0.0239406
7.33746 0.0242142
7.48537 0.0244756
7.63329 0.0247253
7.7812 0.0249635
7.92911 0.0251906
8.07703 0.0254069
8.22494 0.0256127
8.37286 0.0258083
8.52077 0.0259939
8.66868 0.02617
8.8166 0.0263366
8.96451 0.0264942
9.11242 0.026643
9.26034 0.0267832
9.40825 0.0269151
9.55617 0.0270389
9.70408 0.0271549
9.85199 0.0272632
9.99991 0.0273642
10.1478 0.027458
10.2957 0.0275449
10.4436 0.0276249
10.5916 0.0276985
10.7395 0.0277656
10.8874 0.0278266
11.0353 0.0278816
11.1832 0.0279308
11.3311 0.0279743
11.479 0.0280124
11.627 0.0280451
11.7749 0.0280727
11.9228 0.0280953
12.0707 0.028113
12.2186 0.028126
12.3665 0.0281344
12.5144 0.0281384
12.6624 0.0281381
12.8103 0.0281337
12.9582 0.0281252
13.1061 0.0281128
13.254 0.0280965
13.4019 0.0280766
13.5498 0.0280531
13.6978 0.0280262
13.8457 0.0279959
13.9936 0.0279623
14.1415 0.0279256
14.2894 0.0278858
14.4373 0.0278431
14.5852 0.0277975
14.7331 0.0277491
14.8811 0.0276981
15.029 0.0276444
15.1769 0.0275882
15.3248 0.0275296
15.4727 0.0274686
15.6206 0.0274053
15.7685 0.0273398
15.9165 0.0272722
16.0644 0.0272025
16.2123 0.0271308
16.3602 0.0270572
16.5081 0.0269817
16.656 0.0269044
16.8039 0.0268253
16.9519 0.0267446
17.0998 0.0266623
17.2477 0.0265784
17.3956 0.026493
17.5435 0.0264061
17.6914 0.0263178
17.8393 0.0262282
17.9873 0.0261373
18.1352 0.0260451
18.2831 0.0259518
18.431 0.0258572
18.5789 0.0257616
18.7268 0.0256649
18.8747 0.0255671
19.0226 0.0254684
19.1706 0.0253687
19.3185 0.0252682
19.4664 0.0251667
19.6143 0.0250645
19.7622 0.0249614
19.9101 0.0248576
20.058 0.0247531
20.206 0.0246478
20.3539 0.024542
20.5018 0.0244355
20.6497 0.0243284
20.7976 0.0242207
20.9455 0.0241126
21.0934 0.0240039
21.2414 0.0238947
21.3893 0.0237852
21.5372 0.0236751
21.6851 0.0235647
21.833 0.023454
21.9809 0.0233429
22.1288 0.0232314
22.2768 0.0231197
22.4247 0.0230077
22.5726 0.0228954
22.7205 0.022783
22.8684 0.0226703
23.0163 0.0225574
23.1642 0.0224444
23.3122 0.0223312
23.4601 0.0222179
23.608 0.0221045
23.7559 0.021991
23.9038 0.0218774
24.0517 0.0217638
24.1996 0.0216501
24.3475 0.0215364
24.4955 0.0214227
24.6434 0.021309
24.7913 0.0211953
24.9392 0.0210817
25.0871 0.0209681
25.235 0.0208546
25.3829 0.0207412
25.5309 0.0206278
25.6788 0.0205146
25.8267 0.0204015
25.9746 0.0202885
26.1225 0.0201756
26.2704 0.0200629
26.4183 0.0199504
26.5663 0.019838
26.7142 0.0197258
26.8621 0.0196138
27.01 0.019502
27.1579 0.0193905
27.3058 0.0192791
27.4537 0.019168
27.6017 0.0190571
27.7496 0.0189465
27.8975 0.0188361
28.0454 0.018726
28.1933 0.0186162
28.3412 0.0185066
28.4891 0.0183973
28.637 0.0182884
28.785 0.0181797
28.9329 0.0180713
29.0808 0.0179633
29.2287 0.0178555
29.3766 0.0177481
29.5245 0.017641
29.6724 0.0175343
29.8204 0.0174279
29.9683 0.0173219
30.1162 0.0172162
30.2641 0.0171108
30.412 0.0170059
30.5599 0.0169012
30.7078 0.016797
30.8558 0.0166931
31.0037 0.0165897
31.1516 0.0164866
31.2995 0.0163839
31.4474 0.0162815
31.5953 0.0161796
31.7432 0.0160781
31.8912 0.015977
32.0391 0.0158762
32.187 0.0157759
32.3349 0.015676
32.4828 0.0155765
32.6307 0.0154775
32.7786 0.0153788
32.9265 0.0152806
33.0745 0.0151827
33.2224 0.0150853
33.3703 0.0149884
33.5182 0.0148918
33.6661 0.0147957
33.814 0.0147001
33.9619 0.0146048
34.1099 0.01451
34.2578 0.0144156
34.4057 0.0143217
34.5536 0.0142282
34.7015 0.0141351
34.8494 0.0140425
34.9973 0.0139503
35.1453 0.0138586
35.2932 0.0137673
35.4411 0.0136765
35.589 0.0135861
35.7369 0.0134961
35.8848 0.0134066
36.0327 0.0133176
36.1807 0.013229
36.3286 0.0131408
36.4765 0.0130531
36.6244 0.0129658
36.7723 0.012879
36.9202 0.0127926
37.0681 0.0127067
37.216 0.0126212
37.364 0.0125362
37.5119 0.0124516
37.6598 0.0123675
37.8077 0.0122838
37.9556 0.0122006
38.1035 0.0121178
38.2514 0.0120354
38.3994 0.0119535
38.5473 0.0118721
38.6952 0.0117911
38.8431 0.0117105
38.991 0.0116304
39.1389 0.0115508
39.2868 0.0114715
39.4348 0.0113927
39.5827 0.0113144
39.7306 0.0112365
39.8785 0.011159
40.0264 0.011082
40.1743 0.0110054
40.3222 0.0109293
40.4702 0.0108535
40.6181 0.0107783
40.766 0.0107034
40.9139 0.010629
41.0618 0.010555
41.2097 0.0104815
41.3576 0.0104084
41.5055 0.0103357
41.6535 0.0102634
41.8014 0.0101916
41.9493 0.0101202
42.0972 0.0100492
42.2451 0.00997861
42.393 0.00990847
42.5409 0.00983874
42.6889 0.00976944
42.8368 0.00970055
42.9847 0.00963208
43.1326 0.00956402
43.2805 0.00949637
43.4284 0.00942914
43.5763 0.00936232
43.7243 0.0092959
43.8722 0.0092299
44.0201 0.00916429
44.168 0.0090991
44.3159 0.0090343
44.4638 0.00896991
44.6117 0.00890592
44.7597 0.00884232
44.9076 0.00877912
45.0555 0.00871632
45.2034 0.00865391
45.3513 0.00859189
45.4992 0.00853027
45.6471 0.00846903
45.795 0.00840818
45.943 0.00834771
46.0909 0.00828763
46.2388 0.00822793
46.3867 0.00816861
46.5346 0.00810966
46.6825 0.0080511
46.8304 0.00799291
46.9784 0.0079351
47.1263 0.00787765
47.2742 0.00782058
47.4221 0.00776388
47.57 0.00770754
47.7179 0.00765157
47.8658 0.00759596
48.0138 0.00754072
48.1617 0.00748583
48.3096 0.0074313
48.4575 0.00737713
48.6054 0.00732332
48.7533 0.00726985
48.9012 0.00721674
49.0492 0.00716398
49.1971 0.00711157
49.345 0.0070595
49.4929 0.00700778
49.6408 0.0069564
49.7887 0.00690536
49.9366 0.00685466
50.0846 0.0068043
50.2325 0.00675428
50.3804 0.00670459
50.5283 0.00665523
50.6762 0.0066062
50.8241 0.0065575
50.972 0.00650913
51.1199 0.00646108
51.2679 0.00641336
51.4158 0.00636596
51.5637 0.00631888
51.7116 0.00627212
51.8595 0.00622568
52.0074 0.00617955
52.1553 0.00613373
52.3033 0.00608823
52.4512 0.00604303
52.5991 0.00599815
52.747 0.00595357
52.8949 0.00590929
53.0428 0.00586532
53.1907 0.00582165
53.3387 0.00577828
53.4866 0.00573521
53.6345 0.00569243
53.7824 0.00564995
53.9303 0.00560776
54.0782 0.00556587
54.2261 0.00552426
54.3741 0.00548294
54.522 0.00544191
54.6699 0.00540116
54.8178 0.00536069
54.9657 0.00532051
55.1136 0.00528061
55.2615 0.00524098
55.4094 0.00520163
55.5574 0.00516256
55.7053 0.00512375
55.8532 0.00508522
56.0011 0.00504696
56.149 0.00500897
56.2969 0.00497125
56.4448 0.00493379
56.5928 0.00489659
56.7407 0.00485965
56.8886 0.00482298
57.0365 0.00478656
57.1844 0.0047504
57.3323 0.0047145
57.4802 0.00467885
57.6282 0.00464346
57.7761 0.00460831
57.924 0.00457341
58.0719 0.00453877
58.2198 0.00450436
58.3677 0.00447021
58.5156 0.00443629
58.6636 0.00440262
58.8115 0.00436919
58.9594 0.00433599
59.1073 0.00430304
59.2552 0.00427032
59.4031 0.00423783
59.551 0.00420558
59.6989 0.00417356
59.8469 0.00414176
59.9948 0.0041102
60.1427 0.00407886
60.2906 0.00404775
60.4385 0.00401686
60.5864 0.0039862
60.7343 0.00395576
60.8823 0.00392553
61.0302 0.00389553
61.1781 0.00386574
61.326 0.00383617
61.4739 0.00380681
61.6218 0.00377766
61.7697 0.00374873
61.9177 0.00372
62.0656 0.00369148
62.2135 0.00366318
62.3614 0.00363507
62.5093 0.00360717
62.6572 0.00357948
62.8051 0.00355199
62.9531 0.00352469
63.101 0.0034976
63.2489 0.0034707
63.3968 0.00344401
63.5447 0.0034175
63.6926 0.00339119
63.8405 0.00336508
63.9884 0.00333915
64.1364 0.00331341
64.2843 0.00328787
64.4322 0.00326251
64.5801 0.00323734
64.728 0.00321235
64.8759 0.00318755
65.0238 0.00316293
65.1718 0.00313849
65.3197 0.00311423
65.4676 0.00309015
65.6155 0.00306625
65.7634 0.00304252
65.9113 0.00301897
66.0592 0.00299559
66.2072 0.00297239
66.3551 0.00294936
66.503 0.0029265
66.6509 0.00290381
66.7988 0.00288129
66.9467 0.00285893
67.0946 0.00283674
67.2426 0.00281472
67.3905 0.00279286
67.5384 0.00277116
67.6863 0.00274962
67.8342 0.00272825
67.9821 0.00270703
68.13 0.00268597
68.2779 0.00266507
68.4259 0.00264433
68.5738 0.00262374
68.7217 0.0026033
68.8696 0.00258302
69.0175 0.00256288
69.1654 0.0025429
69.3133 0.00252307
69.4613 0.00250339
69.6092 0.00248385
69.7571 0.00246446
69.905 0.00244522
70.0529 0.00242612
70.2008 0.00240717
70.3487 0.00238836
70.4967 0.00236968
70.6446 0.00235115
70.7925 0.00233276
70.9404 0.00231451
71.0883 0.0022964
71.2362 0.00227842
71.3841 0.00226057
71.5321 0.00224287
71.68 0.00222529
71.8279 0.00220785
71.9758 0.00219054
72.1237 0.00217336
72.2716 0.00215631
72.4195 0.00213939
72.5675 0.0021226
72.7154 0.00210594
72.8633 0.0020894
73.0112 0.00207299
73.1591 0.0020567
73.307 0.00204053
73.4549 0.00202449
73.6028 0.00200857
73.7508 0.00199277
73.8987 0.00197709
74.0466 0.00196153
74.1945 0.00194609
74.3424 0.00193077
74.4903 0.00191556
74.6382 0.00190047
74.7862 0.0018855
74.9341 0.00187063
75.082 0.00185589
75.2299 0.00184125
75.3778 0.00182673
75.5257 0.00181231
75.6736 0.00179801
75.8216 0.00178382
75.9695 0.00176973
76.1174 0.00175575
76.2653 0.00174188
76.4132 0.00172812
76.5611 0.00171446
76.709 0.00170091
76.857 0.00168746
77.0049 0.00167411
77.1528 0.00166086
77.3007 0.00164772
77.4486 0.00163468
77.5965 0.00162174
77.7444 0.0016089
77.8923 0.00159615
78.0403 0.00158351
78.1882 0.00157096
78.3361 0.00155851
78.484 0.00154615
78.6319 0.00153389
78.7798 0.00152172
78.9277 0.00150965
79.0757 0.00149767
79.2236 0.00148578
79.3715 0.00147399
79.5194 0.00146228
79.6673 0.00145067
79.8152 0.00143915
79.9631 0.00142771
80.1111 0.00141636
80.259 0.0014051
80.4069 0.00139393
80.5548 0.00138285
80.7027 0.00137185
80.8506 0.00136093
80.9985 0.0013501
81.1465 0.00133936
81.2944 0.00132869
81.4423 0.00131811
81.5902 0.00130761
81.7381 0.0012972
81.886 0.00128686
82.0339 0.00127661
82.1818 0.00126643
82.3298 0.00125633
82.4777 0.00124631
82.6256 0.00123637
82.7735 0.00122651
82.9214 0.00121672
83.0693 0.00120701
83.2172 0.00119738
83.3652 0.00118782
83.5131 0.00117833
83.661 0.00116892
83.8089 0.00115958
83.9568 0.00115032
84.1047 0.00114112
84.2526 0.001132
84.4006 0.00112295
84.5485 0.00111397
84.6964 0.00110506
84.8443 0.00109622
84.9922 0.00108745
85.1401 0.00107875
85.288 0.00107011
85.436 0.00106155
85.5839 0.00105305
85.7318 0.00104461
85.8797 0.00103625
86.0276 0.00102794
86.1755 0.00101971
86.3234 0.00101153
86.4713 0.00100342
86.6193 0.00099538
86.7672 0.000987398
86.9151 0.000979478
87.063 0.000971621
87.2109 0.000963825
87.3588 0.000956091
87.5067 0.000948417
87.6547 0.000940803
87.8026 0.00093325
87.9505 0.000925755
88.0984 0.000918319
88.2463 0.000910942
88.3942 0.000903623
88.5421 0.000896362
88.6901 0.000889157
88.838 0.000882009
88.9859 0.000874918
89.1338 0.000867882
89.2817 0.000860901
89.4296 0.000853976
89.5775 0.000847105
89.7255 0.000840288
89.8734 0.000833525
90.0213 0.000826816
90.1692 0.000820159
90.3171 0.000813555
90.465 0.000807002
90.6129 0.000800502
90.7608 0.000794053
90.9088 0.000787655
91.0567 0.000781307
91.2046 0.000775009
91.3525 0.000768761
91.5004 0.000762563
91.6483 0.000756413
91.7962 0.000750313
91.9442 0.00074426
92.0921 0.000738255
92.24 0.000732298
92.3879 0.000726388
92.5358 0.000720525
92.6837 0.000714708
92.8316 0.000708937
92.9796 0.000703212
93.1275 0.000697532
93.2754 0.000691897
93.4233 0.000686307
93.5712 0.000680761
93.7191 0.00067526
93.867 0.000669801
94.015 0.000664386
94.1629 0.000659015
94.3108 0.000653685
94.4587 0.000648398
94.6066 0.000643153
94.7545 0.00063795
94.9024 0.000632788
95.0503 0.000627667
95.1983 0.000622587
95.3462 0.000617547
95.4941 0.000612547
95.642 0.000607587
95.7899 0.000602666
95.9378 0.000597785
96.0857 0.000592942
96.2337 0.000588138
96.3816 0.000583372
96.5295 0.000578645
96.6774 0.000573954
96.8253 0.000569302
96.9732 0.000564686
97.1211 0.000560107
97.2691 0.000555564
97.417 0.000551058
97.5649 0.000546587
97.7128 0.000542153
97.8607 0.000537753
98.0086 0.000533389
98.1565 0.00052906
98.3045 0.000524765
98.4524 0.000520504
98.6003 0.000516278
98.7482 0.000512085
98.8961 0.000507926
99.044 0.000503799
99.1919 0.000499706
99.3399 0.000495646
99.4878 0.000491618
99.6357 0.000487622
99.7836 0.000483658
99.9315 0.000479726
100.079 0.000475826
100.227 0.000471956
100.375 0.000468118
100.523 0.00046431
100.671 0.000460533
100.819 0.000456786
100.967 0.000453069
101.115 0.000449382
101.263 0.000445724
101.411 0.000442096
101.559 0.000438496
101.706 0.000434926
101.854 0.000431384
102.002 0.000427871
102.15 0.000424386
102.298 0.000420928
102.446 0.000417499
102.594 0.000414097
102.742 0.000410722
102.89 0.000407375
103.038 0.000404054
103.186 0.00040076
103.334 0.000397492
103.481 0.000394251
103.629 0.000391036
103.777 0.000387846
103.925 0.000384682
104.073 0.000381544
104.221 0.000378431
104.369 0.000375343
104.517 0.000372279
104.665 0.000369241
104.813 0.000366226
104.961 0.000363236
105.108 0.000360271
105.256 0.000357329
105.404 0.00035441
105.552 0.000351515
105.7 0.000348644
105.848 0.000345795
105.996 0.00034297
106.144 0.000340167
106.292 0.000337387
106.44 0.00033463
106.588 0.000331894
106.736 0.000329181
106.883 0.000326489
107.031 0.000323819
107.179 0.000321171
107.327 0.000318544
107.475 0.000315938
107.623 0.000313354
107.771 0.00031079
107.919 0.000308247
108.067 0.000305724
108.215 0.000303222
108.363 0.00030074
108.511 0.000298278
108.658 0.000295836
108.806 0.000293413
108.954 0.000291011
109.102 0.000288627
109.25 0.000286263
109.398 0.000283918
109.546 0.000281592
109.694 0.000279285
109.842 0.000276996
109.99 0.000274726
110.138 0.000272475
110.285 0.000270241
110.433 0.000268026
110.581 0.000265829
110.729 0.000263649
110.877 0.000261487
111.025 0.000259342
111.173 0.000257215
111.321 0.000255105
111.469 0.000253013
111.617 0.000250937
111.765 0.000248878
111.913 0.000246835
112.06 0.00024481
112.208 0.0002428
112.356 0.000240807
112.504 0.00023883
112.652 0.000236869
112.8 0.000234924
112.948 0.000232995
113.096 0.000231082
113.244 0.000229184
113.392 0.000227301
113.54 0.000225434
113.687 0.000223581
113.835 0.000221744
113.983 0.000219922
114.131 0.000218115
114.279 0.000216322
114.427 0.000214544
114.575 0.00021278
114.723 0.000211031
114.871 0.000209295
115.019 0.000207574
115.167 0.000205867
115.315 0.000204174
115.462 0.000202495
115.61 0.000200829
115.758 0.000199177
115.906 0.000197538
116.054 0.000195912
116.202 0.0001943
116.35 0.000192701
116.498 0.000191115
116.646 0.000189542
116.794 0.000187981
116.942 0.000186434
117.09 0.000184898
117.237 0.000183376
117.385 0.000181866
117.533 0.000180368
117.681 0.000178882
117.829 0.000177409
117.977 0.000175947
118.125 0.000174497
118.273 0.000173059
118.421 0.000171633
118.569 0.000170219
118.717 0.000168816
118.864 0.000167424
119.012 0.000166044
119.16 0.000164675
119.308 0.000163317
119.456 0.000161971
119.604 0.000160635
119.752 0.00015931
119.9 0.000157996
120.048 0.000156693
120.196 0.0001554
120.344 0.000154118
120.492 0.000152847
120.639 0.000151586
120.787 0.000150335
120.935 0.000149094
121.083 0.000147863
121.231 0.000146643
121.379 0.000145432
121.527 0.000144232
121.675 0.000143041
121.823 0.00014186
121.971 0.000140688
122.119 0.000139526
122.266 0.000138374
122.414 0.000137231
122.562 0.000136097
122.71 0.000134973
122.858 0.000133858
123.006 0.000132752
123.154 0.000131655
123.302 0.000130567
123.45 0.000129488
123.598 0.000128418
123.746 0.000127356
123.894 0.000126303
124.041 0.000125259
124.189 0.000124223
124.337 0.000123196
124.485 0.000122178
124.633 0.000121167
124.781 0.000120165
124.929 0.000119171
125.077 0.000118185
125.225 0.000117208
125.373 0.000116238
125.521 0.000115276
125.669 0.000114322
125.816 0.000113376
125.964 0.000112438
126.112 0.000111507
126.26 0.000110584
126.408 0.000109669
126.556 0.000108761
126.704 0.000107861
126.852 0.000106968
127 0.000106082
127.148 0.000105203
127.296 0.000104332
127.443 0.000103468
127.591 0.000102611
127.739 0.000101761
127.887 0.000100918
128.035 0.000100082
128.183 9.92528e-05
128.331 9.84304e-05
128.479 9.76147e-05
128.627 9.68058e-05
128.775 9.60034e-05
128.923 9.52077e-05
129.071 9.44185e-05
129.218 9.36358e-05
129.366 9.28596e-05
129.514 9.20897e-05
129.662 9.13261e-05
129.81 9.05688e-05
129.958 8.98178e-05
130.106 8.90729e-05
130.254 8.83341e-05
130.402 8.76014e-05
130.55 8.68748e-05
130.698 8.61541e-05
130.845 8.54393e-05
130.993 8.47304e-05
131.141 8.40274e-05
131.289 8.33301e-05
131.437 8.26386e-05
131.585 8.19527e-05
131.733 8.12726e-05
131.881 8.0598e-05
132.029 7.99289e-05
132.177 7.92654e-05
132.325 7.86073e-05
132.473 7.79546e-05
132.62 7.73074e-05
132.768 7.66654e-05
132.916 7.60287e-05
133.064 7.53973e-05
133.212 7.47711e-05
133.36 7.415e-05
133.508 7.35341e-05
133.656 7.29232e-05
133.804 7.23174e-05
133.952 7.17165e-05
134.1 7.11206e-05
134.248 7.05296e-05
134.395 6.99435e-05
134.543 6.93622e-05
134.691 6.87857e-05
134.839 6.8214e-05
134.987 6.7647e-05
135.135 6.70846e-05
135.283 6.65269e-05
135.431 6.59738e-05
135.579 6.54253e-05
135.727 6.48812e-05
135.875 6.43417e-05
136.022 6.38066e-05
136.17 6.3276e-05
136.318 6.27497e-05
136.466 6.22277e-05
136.614 6.17101e-05
136.762 6.11967e-05
136.91 6.06876e-05
137.058 6.01827e-05
137.206 5.96819e-05
137.354 5.91853e-05
137.502 5.86928e-05
137.65 5.82043e-05
137.797 5.77199e-05
137.945 5.72395e-05
138.093 5.6763e-05
138.241 5.62905e-05
138.389 5.58219e-05
138.537 5.53572e-05
138.685 5.48963e-05
138.833 5.44392e-05
138.981 5.39859e-05
139.129 5.35363e-05
139.277 5.30904e-05
139.424 5.26483e-05
139.572 5.22098e-05
139.72 5.17749e-05
139.868 5.13436e-05
140.016 5.09159e-05
140.164 5.04917e-05
140.312 5.0071e-05
140.46 4.96538e-05
140.608 4.92401e-05
140.756 4.88297e-05
140.904 4.84228e-05
141.052 4.80192e-05
141.199 4.7619e-05
141.347 4.72221e-05
141.495 4.68285e-05
141.643 4.64381e-05
141.791 4.6051e-05
141.939 4.5667e-05
142.087 4.52863e-05
142.235 4.49087e-05
142.383 4.45342e-05
142.531 4.41628e-05
142.679 4.37945e-05
142.827 4.34292e-05
142.974 4.3067e-05
143.122 4.27078e-05
143.27 4.23515e-05
143.418 4.19982e-05
143.566 4.16479e-05
143.714 4.13004e-05
143.862 4.09558e-05
144.01 4.06141e-05
144.158 4.02752e-05
144.306 3.99391e-05
144.454 3.96057e-05
144.601 3.92752e-05
144.749 3.89474e-05
144.897 3.86223e-05
145.045 3.82999e-05
145.193 3.79802e-05
145.341 3.76631e-05
145.489 3.73487e-05
145.637 3.70368e-05
145.785 3.67276e-05
145.933 3.64209e-05
146.081 3.61167e-05
146.229 3.58151e-05
146.376 3.5516e-05
146.524 3.52194e-05
146.672 3.49252e-05
146.82 3.46335e-05
146.968 3.43442e-05
147.116 3.40572e-05
147.264 3.37727e-05
147.412 3.34905e-05
147.56 3.32107e-05
147.708 3.29332e-05
147.856 3.2658e-05
148.003 3.23851e-05
148.151 3.21144e-05
148.299 3.1846e-05
148.447 3.15799e-05
148.595 3.13159e-05
148.743 3.10541e-05
148.891 3.07945e-05
