-8.21356 0.000213546
-8.19098 0.000218186
-8.16841 0.000222926
-8.14583 0.000227768
-8.12325 0.000232714
-8.10068 0.000237768
-8.0781 0.00024293
-8.05553 0.000248204
-8.03295 0.000253591
-8.01037 0.000259095
-7.9878 0.000264717
-7.96522 0.00027046
-7.94265 0.000276327
-7.92007 0.000282321
-7.89749 0.000288443
-7.87492 0.000294698
-7.85234 0.000301087
-7.82976 0.000307613
-7.80719 0.00031428
-7.78461 0.000321091
-7.76204 0.000328048
-7.73946 0.000335155
-7.71688 0.000342414
-7.69431 0.00034983
-7.67173 0.000357405
-7.64916 0.000365143
-7.62658 0.000373047
-7.604 0.000381121
-7.58143 0.000389368
-7.55885 0.000397792
-7.53627 0.000406398
-7.5137 0.000415188
-7.49112 0.000424166
-7.46855 0.000433338
-7.44597 0.000442706
-7.42339 0.000452275
-7.40082 0.000462049
-7.37824 0.000472032
-7.35567 0.00048223
-7.33309 0.000492646
-7.31051 0.000503285
-7.28794 0.000514153
-7.26536 0.000525252
-7.24278 0.00053659
-7.22021 0.00054817
-7.19763 0.000559998
-7.17506 0.000572079
-7.15248 0.000584419
-7.1299 0.000597022
-7.10733 0.000609894
-7.08475 0.000623042
-7.06218 0.000636471
-7.0396 0.000650187
-7.01702 0.000664195
-6.99445 0.000678503
-6.97187 0.000693116
-6.94929 0.000708041
-6.92672 0.000723285
-6.90414 0.000738853
-6.88157 0.000754754
-6.85899 0.000770994
-6.83641 0.000787579
-6.81384 0.000804518
-6.79126 0.000821818
-6.76869 0.000839487
-6.74611 0.000857532
-6.72353 0.00087596
-6.70096 0.000894781
-6.67838 0.000914002
-6.65581 0.000933632
-6.63323 0.00095368
-6.61065 0.000974154
-6.58808 0.000995062
-6.5655 0.00101642
-6.54292 0.00103822
-6.52035 0.00106049
-6.49777 0.00108323
-6.4752 0.00110646
-6.45262 0.00113017
-6.43004 0.00115439
-6.40747 0.00117913
-6.38489 0.00120439
-6.36232 0.00123018
-6.33974 0.00125652
-6.31716 0.00128341
-6.29459 0.00131088
-6.27201 0.00133893
-6.24943 0.00136757
-6.22686 0.00139682
-6.20428 0.00142668
-6.18171 0.00145718
-6.15913 0.00148832
-6.13655 0.00152011
-6.11398 0.00155258
-6.0914 0.00158574
-6.06883 0.00161959
-6.04625 0.00165416
-6.02367 0.00168945
-6.0011 0.00172549
-5.97852 0.00176229
-5.95594 0.00179987
-5.93337 0.00183823
-5.91079 0.00187741
-5.88822 0.0019174
-5.86564 0.00195824
-5.84306 0.00199994
-5.82049 0.00204251
-5.79791 0.00208598
-5.77534 0.00213036
-5.75276 0.00217567
-5.73018 0.00222193
-5.70761 0.00226916
-5.68503 0.00231738
-5.66245 0.00236661
-5.63988 0.00241688
-5.6173 0.00246819
-5.59473 0.00252058
-5.57215 0.00257407
-5.54957 0.00262867
-5.527 0.00268442
-5.50442 0.00274133
-5.48185 0.00279943
-5.45927 0.00285874
-5.43669 0.00291929
-5.41412 0.0029811
-5.39154 0.00304421
-5.36897 0.00310862
-5.34639 0.00317438
-5.32381 0.00324151
-5.30124 0.00331003
-5.27866 0.00337998
-5.25608 0.00345138
-5.23351 0.00352427
-5.21093 0.00359866
-5.18836 0.00367461
-5.16578 0.00375213
-5.1432 0.00383126
-5.12063 0.00391202
-5.09805 0.00399446
-5.07548 0.00407861
-5.0529 0.0041645
-5.03032 0.00425216
-5.00775 0.00434164
-4.98517 0.00443297
-4.96259 0.00452618
-4.94002 0.00462131
-4.91744 0.00471841
-4.89487 0.00481751
-4.87229 0.00491865
-4.84971 0.00502187
-4.82714 0.00512722
-4.80456 0.00523473
-4.78199 0.00534445
-4.75941 0.00545643
-4.73683 0.0055707
-4.71426 0.00568732
-4.69168 0.00580633
-4.6691 0.00592778
-4.64653 0.00605172
-4.62395 0.00617819
-4.60138 0.00630724
-4.5788 0.00643894
-4.55622 0.00657332
-4.53365 0.00671045
-4.51107 0.00685037
-4.4885 0.00699314
-4.46592 0.00713882
-4.44334 0.00728747
-4.42077 0.00743914
-4.39819 0.00759389
-4.37561 0.00775178
-4.35304 0.00791287
-4.33046 0.00807723
-4.30789 0.00824492
-4.28531 0.00841601
-4.26273 0.00859055
-4.24016 0.00876862
-4.21758 0.00895029
-4.19501 0.00913562
-4.17243 0.00932469
-4.14985 0.00951757
-4.12728 0.00971432
-4.1047 0.00991504
-4.08212 0.0101198
-4.05955 0.0103286
-4.03697 0.0105417
-4.0144 0.010759
-3.99182 0.0109806
-3.96924 0.0112067
-3.94667 0.0114373
-3.92409 0.0116726
-3.90152 0.0119125
-3.87894 0.0121571
-3.85636 0.0124067
-3.83379 0.0126612
-3.81121 0.0129207
-3.78864 0.0131855
-3.76606 0.0134554
-3.74348 0.0137307
-3.72091 0.0140114
-3.69833 0.0142977
-3.67575 0.0145896
-3.65318 0.0148873
-3.6306 0.0151908
-3.60803 0.0155003
-3.58545 0.0158159
-3.56287 0.0161377
-3.5403 0.0164657
-3.51772 0.0168002
-3.49515 0.0171412
-3.47257 0.0174889
-3.44999 0.0178433
-3.42742 0.0182046
-3.40484 0.0185729
-3.38226 0.0189484
-3.35969 0.0193312
-3.33711 0.0197213
-3.31454 0.020119
-3.29196 0.0205244
-3.26938 0.0209375
-3.24681 0.0213586
-3.22423 0.0217878
-3.20166 0.0222252
-3.17908 0.022671
-3.1565 0.0231252
-3.13393 0.0235882
-3.11135 0.0240599
-3.08877 0.0245406
-3.0662 0.0250304
-3.04362 0.0255295
-3.02105 0.026038
-2.99847 0.0265561
-2.97589 0.027084
-2.95332 0.0276217
-2.93074 0.0281695
-2.90817 0.0287276
-2.88559 0.0292961
-2.86301 0.0298752
-2.84044 0.030465
-2.81786 0.0310657
-2.79528 0.0316776
-2.77271 0.0323007
-2.75013 0.0329353
-2.72756 0.0335816
-2.70498 0.0342397
-2.6824 0.0349098
-2.65983 0.0355921
-2.63725 0.0362868
-2.61468 0.036994
-2.5921 0.0377141
-2.56952 0.0384471
-2.54695 0.0391933
-2.52437 0.0399528
-2.5018 0.0407259
-2.47922 0.0415128
-2.45664 0.0423135
-2.43407 0.0431285
-2.41149 0.0439578
-2.38891 0.0448016
-2.36634 0.0456602
-2.34376 0.0465337
-2.32119 0.0474224
-2.29861 0.0483265
-2.27603 0.0492461
-2.25346 0.0501814
-2.23088 0.0511328
-2.20831 0.0521003
-2.18573 0.0530841
-2.16315 0.0540845
-2.14058 0.0551017
-2.118 0.0561359
-2.09542 0.0571872
-2.07285 0.0582558
-2.05027 0.059342
-2.0277 0.0604459
-2.00512 0.0615677
-1.98254 0.0627076
-1.95997 0.0638658
-1.93739 0.0650425
-1.91482 0.0662377
-1.89224 0.0674518
-1.86966 0.0686848
-1.84709 0.0699369
-1.82451 0.0712082
-1.80193 0.072499
-1.77936 0.0738093
-1.75678 0.0751392
-1.73421 0.076489
-1.71163 0.0778586
-1.68905 0.0792482
-1.66648 0.0806579
-1.6439 0.0820878
-1.62133 0.0835379
-1.59875 0.0850084
-1.57617 0.0864992
-1.5536 0.0880103
-1.53102 0.0895419
-1.50844 0.0910939
-1.48587 0.0926662
-1.46329 0.0942589
-1.44072 0.0958719
-1.41814 0.0975051
-1.39556 0.0991584
-1.37299 0.100832
-1.35041 0.102525
-1.32784 0.104238
-1.30526 0.105971
-1.28268 0.107722
-1.26011 0.109493
-1.23753 0.111283
-1.21496 0.113091
-1.19238 0.114917
-1.1698 0.116761
-1.14723 0.118623
-1.12465 0.120501
-1.10207 0.122396
-1.0795 0.124306
-1.05692 0.126232
-1.03435 0.128173
-1.01177 0.130127
-0.989194 0.132095
-0.966618 0.134075
-0.944041 0.136067
-0.921465 0.138069
-0.898889 0.140082
-0.876313 0.142103
-0.853737 0.144132
-0.831161 0.146167
-0.808585 0.148208
-0.786008 0.150253
-0.763432 0.152301
-0.740856 0.15435
-0.71828 0.156399
-0.695704 0.158446
-0.673128 0.16049
-0.650552 0.162529
-0.627975 0.164562
-0.605399 0.166586
-0.582823 0.168599
-0.560247 0.1706
-0.537671 0.172586
-0.515095 0.174556
-0.492519 0.176507
-0.469942 0.178437
-0.447366 0.180343
-0.42479 0.182224
-0.402214 0.184078
-0.379638 0.185901
-0.357062 0.187691
-0.334486 0.189446
-0.311909 0.191163
-0.289333 0.192841
-0.266757 0.194477
-0.244181 0.196067
-0.221605 0.197611
-0.199029 0.199106
-0.176453 0.200549
-0.153876 0.201939
-0.1313 0.203274
-0.108724 0.204551
-0.0861481 0.20577
-0.0635719 0.206928
-0.0409958 0.208024
-0.0184196 0.209056
0.00415651 0.210024
0.0267327 0.210927
0.0493088 0.211763
0.0718849 0.212533
0.0944611 0.213235
0.117037 0.213869
0.139613 0.214436
0.162189 0.214935
0.184766 0.215367
0.207342 0.215732
0.229918 0.21603
0.252494 0.216262
0.27507 0.216429
0.297646 0.216533
0.320222 0.216573
0.342799 0.216551
0.365375 0.216469
0.387951 0.216328
0.410527 0.216128
0.433103 0.215873
0.455679 0.215562
0.478255 0.215198
0.500832 0.214783
0.523408 0.214317
0.545984 0.213803
0.56856 0.213241
0.591136 0.212635
0.613712 0.211985
0.636288 0.211294
0.658865 0.210562
0.681441 0.209791
0.704017 0.208983
0.726593 0.20814
0.749169 0.207263
0.771745 0.206354
0.794321 0.205413
0.816898 0.204443
0.839474 0.203445
0.86205 0.20242
0.884626 0.20137
0.907202 0.200296
0.929778 0.199199
0.952354 0.19808
0.974931 0.196942
0.997507 0.195784
1.02008 0.194608
1.04266 0.193415
1.06524 0.192206
1.08781 0.190983
1.11039 0.189745
1.13296 0.188495
1.15554 0.187233
1.17812 0.185959
1.20069 0.184676
1.22327 0.183383
1.24584 0.182081
1.26842 0.180772
1.291 0.179456
1.31357 0.178133
1.33615 0.176805
1.35872 0.175471
1.3813 0.174133
1.40388 0.172792
1.42645 0.171447
1.44903 0.1701
1.47161 0.16875
1.49418 0.1674
1.51676 0.166048
1.53933 0.164695
1.56191 0.163342
1.58449 0.16199
1.60706 0.160639
1.62964 0.159288
1.65221 0.157939
1.67479 0.156593
1.69737 0.155248
1.71994 0.153906
1.74252 0.152567
1.7651 0.151231
1.78767 0.149899
1.81025 0.148571
1.83282 0.147247
1.8554 0.145927
1.87798 0.144612
1.90055 0.143302
1.92313 0.141996
1.9457 0.140697
1.96828 0.139402
1.99086 0.138114
2.01343 0.136831
2.03601 0.135554
2.05859 0.134284
2.08116 0.13302
2.10374 0.131762
2.12631 0.130511
2.14889 0.129267
2.17147 0.12803
2.19404 0.1268
2.21662 0.125577
2.23919 0.124361
2.26177 0.123153
2.28435 0.121952
2.30692 0.120759
2.3295 0.119574
2.35208 0.118396
2.37465 0.117226
2.39723 0.116063
2.4198 0.114909
2.44238 0.113763
2.46496 0.112624
2.48753 0.111494
2.51011 0.110372
2.53268 0.109258
2.55526 0.108152
2.57784 0.107054
2.60041 0.105964
2.62299 0.104883
2.64556 0.10381
2.66814 0.102745
2.69072 0.101689
2.71329 0.100641
2.73587 0.0996011
2.75845 0.0985696
2.78102 0.0975464
2.8036 0.0965315
2.82617 0.0955249
2.84875 0.0945266
2.87133 0.0935366
2.8939 0.0925549
2.91648 0.0915815
2.93905 0.0906163
2.96163 0.0896594
2.98421 0.0887107
3.00678 0.0877702
3.02936 0.0868378
3.05194 0.0859136
3.07451 0.0849976
3.09709 0.0840896
3.11966 0.0831897
3.14224 0.0822979
3.16482 0.0814141
3.18739 0.0805383
3.20997 0.0796704
3.23254 0.0788104
3.25512 0.0779583
3.2777 0.077114
3.30027 0.0762776
3.32285 0.0754489
3.34543 0.074628
3.368 0.0738147
3.39058 0.0730091
3.41315 0.0722111
3.43573 0.0714206
3.45831 0.0706377
3.48088 0.0698622
3.50346 0.0690942
3.52603 0.0683336
3.54861 0.0675803
3.57119 0.0668343
3.59376 0.0660956
3.61634 0.065364
3.63892 0.0646397
3.66149 0.0639224
3.68407 0.0632122
3.70664 0.062509
3.72922 0.0618128
3.7518 0.0611235
3.77437 0.060441
3.79695 0.0597654
3.81952 0.0590966
3.8421 0.0584345
3.86468 0.057779
3.88725 0.0571302
3.90983 0.0564879
3.93241 0.0558522
3.95498 0.0552229
3.97756 0.0546001
4.00013 0.0539836
4.02271 0.0533734
4.04529 0.0527696
4.06786 0.0521719
4.09044 0.0515804
4.11301 0.0509951
4.13559 0.0504158
4.15817 0.0498425
4.18074 0.0492752
4.20332 0.0487138
4.22589 0.0481583
4.24847 0.0476087
4.27105 0.0470647
4.29362 0.0465266
4.3162 0.0459941
4.33878 0.0454672
4.36135 0.0449459
4.38393 0.0444301
4.4065 0.0439198
4.42908 0.0434149
4.45166 0.0429154
4.47423 0.0424213
4.49681 0.0419324
4.51938 0.0414488
4.54196 0.0409703
4.56454 0.0404971
4.58711 0.0400289
4.60969 0.0395657
4.63227 0.0391076
4.65484 0.0386544
4.67742 0.0382061
4.69999 0.0377627
4.72257 0.0373241
4.74515 0.0368903
4.76772 0.0364612
4.7903 0.0360368
4.81287 0.0356171
4.83545 0.0352019
4.85803 0.0347913
4.8806 0.0343852
4.90318 0.0339835
4.92576 0.0335863
4.94833 0.0331935
4.97091 0.0328049
4.99348 0.0324207
5.01606 0.0320408
5.03864 0.031665
5.06121 0.0312934
5.08379 0.030926
5.10636 0.0305626
5.12894 0.0302033
5.15152 0.0298479
5.17409 0.0294966
5.19667 0.0291491
5.21925 0.0288056
5.24182 0.0284659
5.2644 0.02813
5.28697 0.0277979
5.30955 0.0274695
5.33213 0.0271447
5.3547 0.0268237
5.37728 0.0265063
5.39985 0.0261924
5.42243 0.0258821
5.44501 0.0255753
5.46758 0.025272
5.49016 0.0249721
5.51273 0.0246756
5.53531 0.0243824
5.55789 0.0240926
5.58046 0.0238061
5.60304 0.0235229
5.62562 0.0232428
5.64819 0.022966
5.67077 0.0226923
5.69334 0.0224218
5.71592 0.0221543
5.7385 0.0218899
5.76107 0.0216286
5.78365 0.0213702
5.80622 0.0211148
5.8288 0.0208623
5.85138 0.0206127
5.87395 0.020366
5.89653 0.0201222
5.91911 0.0198811
5.94168 0.0196428
5.96426 0.0194073
5.98683 0.0191745
6.00941 0.0189444
6.03199 0.0187169
6.05456 0.0184921
6.07714 0.0182698
6.09971 0.0180502
6.12229 0.0178331
6.14487 0.0176185
6.16744 0.0174064
6.19002 0.0171968
6.2126 0.0169896
6.23517 0.0167848
6.25775 0.0165824
6.28032 0.0163823
6.3029 0.0161846
6.32548 0.0159892
6.34805 0.0157961
6.37063 0.0156053
6.3932 0.0154166
6.41578 0.0152302
6.43836 0.015046
6.46093 0.0148639
6.48351 0.014684
6.50609 0.0145061
6.52866 0.0143304
6.55124 0.0141567
6.57381 0.0139851
6.59639 0.0138154
6.61897 0.0136478
6.64154 0.0134822
6.66412 0.0133185
6.68669 0.0131567
6.70927 0.0129968
6.73185 0.0128388
6.75442 0.0126827
6.777 0.0125285
6.79957 0.012376
6.82215 0.0122254
6.84473 0.0120765
6.8673 0.0119294
6.88988 0.0117841
6.91246 0.0116404
6.93503 0.0114985
6.95761 0.0113583
6.98018 0.0112197
7.00276 0.0110828
7.02534 0.0109475
7.04791 0.0108138
7.07049 0.0106817
7.09306 0.0105511
7.11564 0.0104221
7.13822 0.0102947
7.16079 0.0101688
7.18337 0.0100444
7.20595 0.00992142
7.22852 0.00979995
7.2511 0.00967993
7.27367 0.00956135
7.29625 0.00944418
7.31883 0.00932842
7.3414 0.00921404
7.36398 0.00910103
7.38655 0.00898937
7.40913 0.00887905
7.43171 0.00877005
7.45428 0.00866236
7.47686 0.00855597
7.49944 0.00845085
7.52201 0.00834699
7.54459 0.00824438
7.56716 0.008143
7.58974 0.00804284
7.61232 0.00794389
7.63489 0.00784613
7.65747 0.00774954
7.68004 0.00765412
7.70262 0.00755985
7.7252 0.00746671
7.74777 0.0073747
7.77035 0.00728379
7.79293 0.00719399
7.8155 0.00710526
7.83808 0.00701761
7.86065 0.00693102
7.88323 0.00684548
7.90581 0.00676097
7.92838 0.00667748
7.95096 0.006595
7.97353 0.00651352
7.99611 0.00643303
8.01869 0.00635351
8.04126 0.00627496
8.06384 0.00619736
8.08641 0.0061207
8.10899 0.00604496
8.13157 0.00597015
8.15414 0.00589625
8.17672 0.00582324
8.1993 0.00575113
8.22187 0.00567988
8.24445 0.00560951
8.26702 0.00553999
8.2896 0.00547131
8.31218 0.00540347
8.33475 0.00533646
8.35733 0.00527027
8.3799 0.00520488
8.40248 0.00514028
8.42506 0.00507648
8.44763 0.00501345
8.47021 0.00495119
8.49279 0.00488969
8.51536 0.00482894
8.53794 0.00476893
8.56051 0.00470966
8.58309 0.00465111
8.60567 0.00459328
8.62824 0.00453615
8.65082 0.00447972
8.67339 0.00442398
8.69597 0.00436893
8.71855 0.00431454
8.74112 0.00426083
8.7637 0.00420777
8.78628 0.00415536
8.80885 0.00410359
8.83143 0.00405246
8.854 0.00400196
8.87658 0.00395207
8.89916 0.0039028
8.92173 0.00385413
8.94431 0.00380606
8.96688 0.00375858
8.98946 0.00371168
9.01204 0.00366536
9.03461 0.00361961
9.05719 0.00357442
9.07977 0.00352978
9.10234 0.0034857
9.12492 0.00344216
9.14749 0.00339915
9.17007 0.00335667
9.19265 0.00331472
9.21522 0.00327328
9.2378 0.00323235
9.26037 0.00319193
9.28295 0.003152
9.30553 0.00311257
9.3281 0.00307362
9.35068 0.00303516
9.37325 0.00299717
9.39583 0.00295965
9.41841 0.00292259
9.44098 0.00288598
9.46356 0.00284984
9.48614 0.00281413
9.50871 0.00277887
9.53129 0.00274405
9.55386 0.00270965
9.57644 0.00267568
9.59902 0.00264213
9.62159 0.002609
9.64417 0.00257627
9.66674 0.00254395
9.68932 0.00251203
9.7119 0.00248051
9.73447 0.00244937
9.75705 0.00241862
9.77963 0.00238826
9.8022 0.00235827
9.82478 0.00232865
9.84735 0.0022994
9.86993 0.00227051
9.89251 0.00224198
9.91508 0.0022138
9.93766 0.00218597
9.96023 0.00215849
9.98281 0.00213135
10.0054 0.00210455
10.028 0.00207808
10.0505 0.00205194
10.0731 0.00202612
10.0957 0.00200063
10.1183 0.00197545
10.1408 0.00195058
10.1634 0.00192603
10.186 0.00190178
10.2086 0.00187783
10.2311 0.00185418
10.2537 0.00183082
10.2763 0.00180775
10.2989 0.00178498
10.3215 0.00176248
10.344 0.00174027
10.3666 0.00171833
10.3892 0.00169667
10.4118 0.00167527
10.4343 0.00165414
10.4569 0.00163328
10.4795 0.00161268
10.5021 0.00159233
10.5246 0.00157224
10.5472 0.00155239
10.5698 0.0015328
10.5924 0.00151345
10.6149 0.00149434
10.6375 0.00147547
10.6601 0.00145684
10.6827 0.00143844
10.7052 0.00142027
10.7278 0.00140232
10.7504 0.0013846
10.773 0.00136711
10.7956 0.00134983
10.8181 0.00133276
10.8407 0.00131591
10.8633 0.00129928
10.8859 0.00128285
10.9084 0.00126662
10.931 0.0012506
10.9536 0.00123478
10.9762 0.00121915
10.9987 0.00120373
11.0213 0.00118849
11.0439 0.00117345
11.0665 0.00115859
11.089 0.00114393
11.1116 0.00112944
11.1342 0.00111514
11.1568 0.00110102
11.1793 0.00108707
11.2019 0.0010733
11.2245 0.0010597
11.2471 0.00104627
11.2697 0.00103301
11.2922 0.00101992
11.3148 0.00100699
11.3374 0.000994223
11.36 0.000981617
11.3825 0.000969169
11.4051 0.000956878
11.4277 0.000944741
11.4503 0.000932756
11.4728 0.000920922
11.4954 0.000909237
11.518 0.000897699
11.5406 0.000886306
11.5631 0.000875057
11.5857 0.000863948
11.6083 0.00085298
11.6309 0.00084215
11.6534 0.000831455
11.676 0.000820896
11.6986 0.000810469
11.7212 0.000800174
11.7437 0.000790008
11.7663 0.00077997
11.7889 0.000770059
11.8115 0.000760273
11.8341 0.00075061
11.8566 0.000741068
11.8792 0.000731647
11.9018 0.000722345
11.9244 0.00071316
11.9469 0.00070409
11.9695 0.000695136
11.9921 0.000686294
12.0147 0.000677563
12.0372 0.000668943
12.0598 0.000660431
12.0824 0.000652027
12.105 0.000643729
12.1275 0.000635536
12.1501 0.000627446
12.1727 0.000619458
12.1953 0.000611571
12.2178 0.000603784
12.2404 0.000596095
12.263 0.000588503
12.2856 0.000581008
12.3082 0.000573606
12.3307 0.000566299
12.3533 0.000559084
12.3759 0.00055196
12.3985 0.000544926
12.421 0.000537981
12.4436 0.000531123
12.4662 0.000524353
12.4888 0.000517668
12.5113 0.000511068
12.5339 0.000504551
12.5565 0.000498117
12.5791 0.000491764
12.6016 0.000485491
12.6242 0.000479298
12.6468 0.000473184
12.6694 0.000467147
12.6919 0.000461186
12.7145 0.000455301
12.7371 0.00044949
12.7597 0.000443753
12.7823 0.000438088
12.8048 0.000432496
12.8274 0.000426974
12.85 0.000421522
12.8726 0.00041614
12.8951 0.000410825
12.9177 0.000405578
12.9403 0.000400398
12.9629 0.000395283
12.9854 0.000390233
13.008 0.000385247
13.0306 0.000380325
13.0532 0.000375464
13.0757 0.000370666
13.0983 0.000365928
13.1209 0.000361251
13.1435 0.000356633
13.166 0.000352073
13.1886 0.000347572
13.2112 0.000343127
13.2338 0.00033874
13.2564 0.000334407
13.2789 0.00033013
13.3015 0.000325907
13.3241 0.000321738
13.3467 0.000317622
13.3692 0.000313558
13.3918 0.000309546
13.4144 0.000305584
13.437 0.000301674
13.4595 0.000297812
13.4821 0.000294
13.5047 0.000290237
13.5273 0.000286521
13.5498 0.000282853
13.5724 0.000279231
13.595 0.000275655
13.6176 0.000272125
13.6401 0.00026864
13.6627 0.000265199
13.6853 0.000261801
13.7079 0.000258447
13.7305 0.000255136
13.753 0.000251867
13.7756 0.00024864
13.7982 0.000245453
13.8208 0.000242308
13.8433 0.000239202
13.8659 0.000236136
13.8885 0.000233109
13.9111 0.00023012
13.9336 0.00022717
13.9562 0.000224257
13.9788 0.000221381
14.0014 0.000218542
14.0239 0.000215739
14.0465 0.000212972
14.0691 0.00021024
14.0917 0.000207543
14.1142 0.000204881
14.1368 0.000202252
14.1594 0.000199657
14.182 0.000197095
14.2045 0.000194565
14.2271 0.000192068
14.2497 0.000189603
14.2723 0.000187169
14.2949 0.000184767
14.3174 0.000182395
14.34 0.000180053
