-2.55614 0.00378637
-2.53137 0.00393716
-2.50661 0.00409378
-2.48184 0.00425644
-2.45707 0.00442538
-2.4323 0.00460083
-2.40753 0.00478301
-2.38276 0.00497218
-2.35799 0.00516858
-2.33322 0.00537249
-2.30845 0.00558417
-2.28369 0.00580391
-2.25892 0.00603198
-2.23415 0.00626869
-2.20938 0.00651434
-2.18461 0.00676925
-2.15984 0.00703375
-2.13507 0.00730817
-2.1103 0.00759285
-2.08553 0.00788816
-2.06077 0.00819446
-2.036 0.00851212
-2.01123 0.00884155
-1.98646 0.00918312
-1.96169 0.00953726
-1.93692 0.00990439
-1.91215 0.0102849
-1.88738 0.0106793
-1.86261 0.0110881
-1.83785 0.0115116
-1.81308 0.0119503
-1.78831 0.0124048
-1.76354 0.0128756
-1.73877 0.0133631
-1.714 0.013868
-1.68923 0.0143906
-1.66446 0.0149316
-1.63969 0.0154916
-1.61493 0.016071
-1.59016 0.0166705
-1.56539 0.0172906
-1.54062 0.017932
-1.51585 0.0185952
-1.49108 0.0192809
-1.46631 0.0199897
-1.44154 0.0207221
-1.41677 0.0214789
-1.39201 0.0222607
-1.36724 0.023068
-1.34247 0.0239015
-1.3177 0.024762
-1.29293 0.0256499
-1.26816 0.0265659
-1.24339 0.0275107
-1.21862 0.0284849
-1.19386 0.0294891
-1.16909 0.0305238
-1.14432 0.0315897
-1.11955 0.0326874
-1.09478 0.0338172
-1.07001 0.0349799
-1.04524 0.0361759
-1.02047 0.0374056
-0.995704 0.0386694
-0.970935 0.0399678
-0.946166 0.0413011
-0.921397 0.0426696
-0.896628 0.0440734
-0.87186 0.0455128
-0.847091 0.046988
-0.822322 0.0484988
-0.797553 0.0500453
-0.772784 0.0516274
-0.748015 0.0532447
-0.723246 0.0548972
-0.698477 0.0565842
-0.673709 0.0583053
-0.64894 0.0600598
-0.624171 0.061847
-0.599402 0.063666
-0.574633 0.0655158
-0.549864 0.0673952
-0.525095 0.0693028
-0.500326 0.0712373
-0.475558 0.073197
-0.450789 0.0751803
-0.42602 0.0771851
-0.401251 0.0792095
-0.376482 0.0812513
-0.351713 0.0833081
-0.326944 0.0853775
-0.302175 0.0874569
-0.277406 0.0895435
-0.252638 0.0916346
-0.227869 0.0937274
-0.2031 0.0958187
-0.178331 0.0979055
-0.153562 0.0999849
-0.128793 0.102054
-0.104024 0.104109
-0.0792554 0.106147
-0.0544866 0.108166
-0.0297177 0.110162
-0.00494879 0.112132
0.0198201 0.114074
0.044589 0.115985
0.0693578 0.117863
0.0941267 0.119705
0.118896 0.121509
0.143664 0.123273
0.168433 0.124995
0.193202 0.126674
0.217971 0.128308
0.24274 0.129895
0.267509 0.131436
0.292278 0.132929
0.317047 0.134373
0.341816 0.135768
0.366584 0.137114
0.391353 0.138409
0.416122 0.139655
0.440891 0.140851
0.46566 0.141998
0.490429 0.143095
0.515198 0.144144
0.539967 0.145144
0.564735 0.146096
0.589504 0.147002
0.614273 0.147861
0.639042 0.148674
0.663811 0.149443
0.68858 0.150168
0.713349 0.150849
0.738118 0.151489
0.762886 0.152087
0.787655 0.152645
0.812424 0.153164
0.837193 0.153644
0.861962 0.154087
0.886731 0.154493
0.9115 0.154864
0.936269 0.1552
0.961038 0.155503
0.985806 0.155773
1.01058 0.156011
1.03534 0.156218
1.06011 0.156396
1.08488 0.156544
1.10965 0.156663
1.13442 0.156756
1.15919 0.156821
1.18396 0.156861
1.20873 0.156876
1.2335 0.156866
1.25826 0.156833
1.28303 0.156777
1.3078 0.156699
1.33257 0.156599
1.35734 0.156479
1.38211 0.156338
1.40688 0.156179
1.43165 0.156
1.45642 0.155803
1.48118 0.155588
1.50595 0.155356
1.53072 0.155108
1.55549 0.154844
1.58026 0.154564
1.60503 0.15427
1.6298 0.153961
1.65457 0.153638
1.67934 0.153301
1.7041 0.152951
1.72887 0.152589
1.75364 0.152215
1.77841 0.151829
1.80318 0.151432
1.82795 0.151024
1.85272 0.150605
1.87749 0.150176
1.90225 0.149737
1.92702 0.149289
1.95179 0.148832
1.97656 0.148366
2.00133 0.147892
2.0261 0.147409
2.05087 0.146919
2.07564 0.146421
2.10041 0.145916
2.12517 0.145404
2.14994 0.144885
2.17471 0.14436
2.19948 0.143829
2.22425 0.143292
2.24902 0.142749
2.27379 0.142201
2.29856 0.141648
2.32333 0.14109
2.34809 0.140527
2.37286 0.13996
2.39763 0.139388
2.4224 0.138812
2.44717 0.138232
2.47194 0.137649
2.49671 0.137062
2.52148 0.136472
2.54625 0.135879
2.57101 0.135282
2.59578 0.134683
2.62055 0.134081
2.64532 0.133477
2.67009 0.13287
2.69486 0.132261
2.71963 0.13165
2.7444 0.131037
2.76917 0.130423
2.79393 0.129806
2.8187 0.129189
2.84347 0.128569
2.86824 0.127949
2.89301 0.127327
2.91778 0.126705
2.94255 0.126081
2.96732 0.125457
2.99209 0.124832
3.01685 0.124206
3.04162 0.12358
3.06639 0.122953
3.09116 0.122326
3.11593 0.121699
3.1407 0.121072
3.16547 0.120444
3.19024 0.119817
3.21501 0.11919
3.23977 0.118563
3.26454 0.117937
3.28931 0.11731
3.31408 0.116684
3.33885 0.116059
3.36362 0.115434
3.38839 0.11481
3.41316 0.114187
3.43793 0.113564
3.46269 0.112943
3.48746 0.112322
3.51223 0.111702
3.537 0.111083
3.56177 0.110465
3.58654 0.109848
3.61131 0.109233
3.63608 0.108619
3.66085 0.108006
3.68561 0.107394
3.71038 0.106784
3.73515 0.106175
3.75992 0.105567
3.78469 0.104961
3.80946 0.104357
3.83423 0.103754
3.859 0.103152
3.88377 0.102553
3.90853 0.101955
3.9333 0.101359
3.95807 0.100764
3.98284 0.100171
4.00761 0.0995806
4.03238 0.0989916
4.05715 0.0984044
4.08192 0.0978191
4.10669 0.0972358
4.13145 0.0966544
4.15622 0.096075
4.18099 0.0954976
4.20576 0.0949222
4.23053 0.0943488
4.2553 0.0937776
4.28007 0.0932084
4.30484 0.0926413
4.32961 0.0920764
4.35437 0.0915136
4.37914 0.0909529
4.40391 0.0903945
4.42868 0.0898383
4.45345 0.0892842
4.47822 0.0887324
4.50299 0.0881829
4.52776 0.0876356
4.55253 0.0870905
4.57729 0.0865478
4.60206 0.0860073
4.62683 0.0854692
4.6516 0.0849333
4.67637 0.0843998
4.70114 0.0838686
4.72591 0.0833398
4.75068 0.0828133
4.77545 0.0822892
4.80021 0.0817675
4.82498 0.0812481
4.84975 0.0807311
4.87452 0.0802165
4.89929 0.0797043
4.92406 0.0791945
4.94883 0.078687
4.9736 0.078182
4.99837 0.0776794
5.02313 0.0771793
5.0479 0.0766815
5.07267 0.0761862
5.09744 0.0756932
5.12221 0.0752027
5.14698 0.0747147
5.17175 0.074229
5.19652 0.0737458
5.22128 0.0732651
5.24605 0.0727867
5.27082 0.0723108
5.29559 0.0718373
5.32036 0.0713662
5.34513 0.0708976
5.3699 0.0704314
5.39467 0.0699676
5.41944 0.0695063
5.4442 0.0690474
5.46897 0.0685909
5.49374 0.0681368
5.51851 0.0676851
5.54328 0.0672359
5.56805 0.066789
5.59282 0.0663446
5.61759 0.0659025
5.64236 0.0654629
5.66712 0.0650257
5.69189 0.0645908
5.71666 0.0641583
5.74143 0.0637283
5.7662 0.0633006
5.79097 0.0628752
5.81574 0.0624523
5.84051 0.0620317
5.86528 0.0616135
5.89004 0.0611976
5.91481 0.0607841
5.93958 0.0603729
5.96435 0.059964
5.98912 0.0595575
6.01389 0.0591533
6.03866 0.0587514
6.06343 0.0583518
6.0882 0.0579546
6.11296 0.0575596
6.13773 0.0571669
6.1625 0.0567765
6.18727 0.0563884
6.21204 0.0560026
6.23681 0.055619
6.26158 0.0552377
6.28635 0.0548586
6.31112 0.0544817
6.33588 0.0541071
6.36065 0.0537348
6.38542 0.0533646
6.41019 0.0529966
6.43496 0.0526309
6.45973 0.0522673
6.4845 0.051906
6.50927 0.0515468
6.53404 0.0511898
6.5588 0.0508349
6.58357 0.0504822
6.60834 0.0501317
6.63311 0.0497832
6.65788 0.0494369
6.68265 0.0490928
6.70742 0.0487507
6.73219 0.0484108
6.75696 0.0480729
6.78172 0.0477371
6.80649 0.0474034
6.83126 0.0470718
6.85603 0.0467422
6.8808 0.0464147
6.90557 0.0460892
6.93034 0.0457658
6.95511 0.0454443
6.97988 0.0451249
7.00464 0.0448075
7.02941 0.0444921
7.05418 0.0441787
7.07895 0.0438672
7.10372 0.0435578
7.12849 0.0432502
7.15326 0.0429447
7.17803 0.0426411
7.2028 0.0423394
7.22756 0.0420396
7.25233 0.0417418
7.2771 0.0414458
7.30187 0.0411518
7.32664 0.0408596
7.35141 0.0405693
7.37618 0.0402809
7.40095 0.0399944
7.42572 0.0397097
7.45048 0.0394268
7.47525 0.0391458
7.50002 0.0388666
7.52479 0.0385892
7.54956 0.0383136
7.57433 0.0380398
7.5991 0.0377678
7.62387 0.0374976
7.64864 0.0372291
7.6734 0.0369624
7.69817 0.0366974
7.72294 0.0364342
7.74771 0.0361727
7.77248 0.035913
7.79725 0.0356549
7.82202 0.0353986
7.84679 0.0351439
7.87156 0.0348909
7.89632 0.0346396
7.92109 0.03439
7.94586 0.034142
7.97063 0.0338957
7.9954 0.033651
8.02017 0.033408
8.04494 0.0331666
8.06971 0.0329268
8.09448 0.0326886
8.11924 0.0324519
8.14401 0.0322169
8.16878 0.0319835
8.19355 0.0317516
8.21832 0.0315213
8.24309 0.0312925
8.26786 0.0310653
8.29263 0.0308396
8.3174 0.0306154
8.34216 0.0303927
8.36693 0.0301716
8.3917 0.029952
8.41647 0.0297338
8.44124 0.0295171
8.46601 0.0293019
8.49078 0.0290882
8.51555 0.0288759
8.54031 0.0286651
8.56508 0.0284557
8.58985 0.0282477
8.61462 0.0280411
8.63939 0.027836
8.66416 0.0276323
8.68893 0.02743
8.7137 0.027229
8.73847 0.0270295
8.76323 0.0268313
8.788 0.0266344
8.81277 0.026439
8.83754 0.0262449
8.86231 0.0260521
8.88708 0.0258606
8.91185 0.0256705
8.93662 0.0254817
8.96139 0.0252942
8.98615 0.025108
9.01092 0.024923
9.03569 0.0247394
9.06046 0.0245571
9.08523 0.024376
9.11 0.0241961
9.13477 0.0240176
9.15954 0.0238402
9.18431 0.0236641
9.20907 0.0234893
9.23384 0.0233156
9.25861 0.0231432
9.28338 0.022972
9.30815 0.0228019
9.33292 0.0226331
9.35769 0.0224655
9.38246 0.022299
9.40723 0.0221337
9.43199 0.0219695
9.45676 0.0218065
9.48153 0.0216447
9.5063 0.021484
9.53107 0.0213244
9.55584 0.021166
9.58061 0.0210087
9.60538 0.0208524
9.63015 0.0206973
9.65491 0.0205433
9.67968 0.0203904
9.70445 0.0202386
9.72922 0.0200878
9.75399 0.0199381
9.77876 0.0197895
9.80353 0.0196419
9.8283 0.0194953
9.85307 0.0193499
9.87783 0.0192054
9.9026 0.019062
9.92737 0.0189196
9.95214 0.0187782
9.97691 0.0186378
10.0017 0.0184984
10.0264 0.01836
10.0512 0.0182226
10.076 0.0180862
10.1008 0.0179508
10.1255 0.0178163
10.1503 0.0176828
10.1751 0.0175503
10.1998 0.0174187
10.2246 0.017288
10.2494 0.0171583
10.2741 0.0170295
10.2989 0.0169017
10.3237 0.0167747
10.3484 0.0166487
10.3732 0.0165236
10.398 0.0163994
10.4227 0.016276
10.4475 0.0161536
10.4723 0.0160321
10.4971 0.0159114
10.5218 0.0157916
10.5466 0.0156727
10.5714 0.0155546
10.5961 0.0154374
10.6209 0.015321
10.6457 0.0152055
10.6704 0.0150908
10.6952 0.0149769
10.72 0.0148639
10.7447 0.0147517
10.7695 0.0146403
10.7943 0.0145297
10.8191 0.0144199
10.8438 0.0143109
10.8686 0.0142027
10.8934 0.0140953
10.9181 0.0139887
10.9429 0.0138828
10.9677 0.0137778
10.9924 0.0136734
11.0172 0.0135699
11.042 0.0134671
11.0667 0.0133651
11.0915 0.0132638
11.1163 0.0131632
11.141 0.0130634
11.1658 0.0129643
11.1906 0.0128659
11.2154 0.0127683
11.2401 0.0126714
11.2649 0.0125751
11.2897 0.0124796
11.3144 0.0123848
11.3392 0.0122907
11.364 0.0121973
11.3887 0.0121045
11.4135 0.0120125
11.4383 0.0119211
11.463 0.0118304
11.4878 0.0117403
11.5126 0.0116509
11.5373 0.0115622
11.5621 0.0114742
11.5869 0.0113867
11.6117 0.0113
11.6364 0.0112138
11.6612 0.0111283
11.686 0.0110435
11.7107 0.0109592
11.7355 0.0108756
11.7603 0.0107926
11.785 0.0107102
11.8098 0.0106284
11.8346 0.0105473
11.8593 0.0104667
11.8841 0.0103867
11.9089 0.0103073
11.9337 0.0102285
11.9584 0.0101503
11.9832 0.0100727
12.008 0.00999564
12.0327 0.00991916
12.0575 0.00984325
12.0823 0.0097679
12.107 0.00969311
12.1318 0.00961887
12.1566 0.00954519
12.1813 0.00947206
12.2061 0.00939947
12.2309 0.00932742
12.2556 0.0092559
12.2804 0.00918492
12.3052 0.00911447
12.33 0.00904455
12.3547 0.00897514
12.3795 0.00890625
12.4043 0.00883788
12.429 0.00877002
12.4538 0.00870266
12.4786 0.00863581
12.5033 0.00856946
12.5281 0.0085036
12.5529 0.00843824
12.5776 0.00837336
12.6024 0.00830897
12.6272 0.00824506
12.6519 0.00818163
12.6767 0.00811868
12.7015 0.00805619
12.7263 0.00799418
12.751 0.00793263
12.7758 0.00787154
12.8006 0.00781091
12.8253 0.00775073
12.8501 0.00769101
12.8749 0.00763174
12.8996 0.00757291
12.9244 0.00751452
12.9492 0.00745657
12.9739 0.00739906
12.9987 0.00734198
13.0235 0.00728532
13.0483 0.0072291
13.073 0.0071733
13.0978 0.00711792
13.1226 0.00706295
13.1473 0.0070084
13.1721 0.00695426
13.1969 0.00690053
13.2216 0.0068472
13.2464 0.00679428
13.2712 0.00674176
13.2959 0.00668963
13.3207 0.00663789
13.3455 0.00658655
13.3702 0.00653559
13.395 0.00648502
13.4198 0.00643483
13.4446 0.00638502
13.4693 0.00633559
13.4941 0.00628653
13.5189 0.00623784
13.5436 0.00618953
13.5684 0.00614157
13.5932 0.00609398
13.6179 0.00604675
13.6427 0.00599988
13.6675 0.00595336
13.6922 0.0059072
13.717 0.00586138
13.7418 0.00581592
13.7665 0.0057708
13.7913 0.00572602
13.8161 0.00568158
13.8409 0.00563748
13.8656 0.00559371
13.8904 0.00555027
13.9152 0.00550717
13.9399 0.00546439
13.9647 0.00542194
13.9895 0.00537981
14.0142 0.005338
14.039 0.00529651
14.0638 0.00525534
14.0885 0.00521448
14.1133 0.00517393
14.1381 0.00513369
14.1629 0.00509375
14.1876 0.00505412
14.2124 0.00501479
14.2372 0.00497576
14.2619 0.00493703
14.2867 0.00489859
14.3115 0.00486045
14.3362 0.0048226
14.361 0.00478504
14.3858 0.00474776
14.4105 0.00471077
14.4353 0.00467406
14.4601 0.00463763
14.4848 0.00460148
14.5096 0.00456561
14.5344 0.00453001
14.5592 0.00449468
14.5839 0.00445962
14.6087 0.00442484
14.6335 0.00439031
14.6582 0.00435605
14.683 0.00432206
14.7078 0.00428832
14.7325 0.00425484
14.7573 0.00422162
14.7821 0.00418866
14.8068 0.00415594
14.8316 0.00412348
14.8564 0.00409126
14.8811 0.0040593
14.9059 0.00402757
14.9307 0.00399609
14.9555 0.00396486
14.9802 0.00393386
15.005 0.0039031
15.0298 0.00387258
15.0545 0.00384229
15.0793 0.00381223
15.1041 0.0037824
15.1288 0.00375281
15.1536 0.00372344
15.1784 0.00369429
15.2031 0.00366538
15.2279 0.00363668
15.2527 0.0036082
15.2775 0.00357995
15.3022 0.00355191
15.327 0.00352408
15.3518 0.00349647
15.3765 0.00346908
15.4013 0.00344189
15.4261 0.00341491
15.4508 0.00338814
15.4756 0.00336158
15.5004 0.00333522
15.5251 0.00330907
15.5499 0.00328312
15.5747 0.00325736
15.5994 0.00323181
15.6242 0.00320645
15.649 0.00318129
15.6738 0.00315632
15.6985 0.00313155
15.7233 0.00310697
15.7481 0.00308257
15.7728 0.00305837
15.7976 0.00303435
15.8224 0.00301052
15.8471 0.00298687
15.8719 0.00296341
15.8967 0.00294012
15.9214 0.00291702
15.9462 0.00289409
15.971 0.00287134
15.9957 0.00284877
16.0205 0.00282637
16.0453 0.00280415
16.0701 0.0027821
16.0948 0.00276022
16.1196 0.00273851
16.1444 0.00271696
16.1691 0.00269558
16.1939 0.00267437
16.2187 0.00265333
16.2434 0.00263244
16.2682 0.00261172
16.293 0.00259116
16.3177 0.00257076
16.3425 0.00255051
16.3673 0.00253043
16.3921 0.0025105
16.4168 0.00249072
16.4416 0.0024711
16.4664 0.00245163
16.4911 0.00243231
16.5159 0.00241314
16.5407 0.00239412
16.5654 0.00237525
16.5902 0.00235652
16.615 0.00233794
16.6397 0.0023195
16.6645 0.00230121
16.6893 0.00228306
16.714 0.00226505
16.7388 0.00224718
16.7636 0.00222945
16.7884 0.00221186
16.8131 0.0021944
16.8379 0.00217708
16.8627 0.0021599
16.8874 0.00214285
16.9122 0.00212593
16.937 0.00210914
16.9617 0.00209248
16.9865 0.00207596
17.0113 0.00205956
17.036 0.00204329
17.0608 0.00202715
17.0856 0.00201113
17.1103 0.00199524
17.1351 0.00197947
17.1599 0.00196382
17.1847 0.0019483
17.2094 0.0019329
17.2342 0.00191761
17.259 0.00190245
17.2837 0.0018874
17.3085 0.00187248
17.3333 0.00185767
17.358 0.00184297
17.3828 0.00182839
17.4076 0.00181392
17.4323 0.00179957
17.4571 0.00178533
17.4819 0.0017712
17.5066 0.00175717
17.5314 0.00174326
17.5562 0.00172946
17.581 0.00171577
17.6057 0.00170218
17.6305 0.0016887
17.6553 0.00167532
17.68 0.00166205
17.7048 0.00164889
17.7296 0.00163582
17.7543 0.00162286
17.7791 0.00161
17.8039 0.00159724
17.8286 0.00158458
17.8534 0.00157202
17.8782 0.00155956
17.903 0.00154719
17.9277 0.00153492
17.9525 0.00152275
17.9773 0.00151068
18.002 0.00149869
18.0268 0.0014868
18.0516 0.00147501
18.0763 0.00146331
18.1011 0.0014517
18.1259 0.00144018
18.1506 0.00142875
18.1754 0.00141741
18.2002 0.00140616
18.2249 0.00139499
18.2497 0.00138392
18.2745 0.00137293
18.2993 0.00136203
18.324 0.00135121
18.3488 0.00134048
18.3736 0.00132983
18.3983 0.00131927
18.4231 0.00130879
18.4479 0.00129839
18.4726 0.00128807
18.4974 0.00127784
18.5222 0.00126768
18.5469 0.00125761
18.5717 0.00124761
18.5965 0.00123769
18.6212 0.00122785
18.646 0.00121809
18.6708 0.0012084
18.6956 0.00119879
18.7203 0.00118926
18.7451 0.0011798
18.7699 0.00117041
18.7946 0.0011611
18.8194 0.00115187
18.8442 0.0011427
18.8689 0.00113361
18.8937 0.00112459
18.9185 0.00111564
18.9432 0.00110676
18.968 0.00109795
18.9928 0.00108921
19.0176 0.00108053
19.0423 0.00107193
19.0671 0.0010634
19.0919 0.00105493
19.1166 0.00104653
19.1414 0.00103819
19.1662 0.00102992
19.1909 0.00102172
19.2157 0.00101358
19.2405 0.0010055
19.2652 0.000997487
19.29 0.000989538
19.3148 0.000981652
19.3395 0.000973828
19.3643 0.000966065
19.3891 0.000958364
19.4139 0.000950724
19.4386 0.000943143
19.4634 0.000935623
19.4882 0.000928162
19.5129 0.00092076
19.5377 0.000913416
19.5625 0.000906131
19.5872 0.000898902
19.612 0.000891731
19.6368 0.000884617
19.6615 0.000877559
19.6863 0.000870556
19.7111 0.000863609
19.7358 0.000856717
19.7606 0.000849879
19.7854 0.000843095
19.8102 0.000836365
19.8349 0.000829688
19.8597 0.000823063
19.8845 0.000816492
19.9092 0.000809972
19.934 0.000803503
19.9588 0.000797086
19.9835 0.00079072
20.0083 0.000784404
20.0331 0.000778137
20.0578 0.000771921
20.0826 0.000765753
20.1074 0.000759635
20.1322 0.000753565
20.1569 0.000747543
20.1817 0.000741568
20.2065 0.000735641
20.2312 0.000729761
20.256 0.000723927
20.2808 0.00071814
20.3055 0.000712398
20.3303 0.000706702
20.3551 0.000701051
20.3798 0.000695445
20.4046 0.000689883
20.4294 0.000684365
20.4541 0.000678891
20.4789 0.00067346
20.5037 0.000668072
20.5285 0.000662728
20.5532 0.000657425
20.578 0.000652164
20.6028 0.000646946
20.6275 0.000641768
20.6523 0.000636632
20.6771 0.000631536
20.7018 0.000626481
20.7266 0.000621466
20.7514 0.00061649
20.7761 0.000611555
20.8009 0.000606658
20.8257 0.0006018
20.8504 0.000596981
20.8752 0.0005922
20.9 0.000587457
20.9248 0.000582751
20.9495 0.000578083
20.9743 0.000573452
20.9991 0.000568858
21.0238 0.0005643
21.0486 0.000559779
21.0734 0.000555293
21.0981 0.000550843
21.1229 0.000546428
21.1477 0.000542049
21.1724 0.000537704
21.1972 0.000533394
21.222 0.000529118
21.2468 0.000524876
21.2715 0.000520668
21.2963 0.000516493
21.3211 0.000512351
21.3458 0.000508242
21.3706 0.000504166
21.3954 0.000500123
21.4201 0.000496111
21.4449 0.000492132
21.4697 0.000488184
21.4944 0.000484267
21.5192 0.000480382
21.544 0.000476528
21.5687 0.000472704
21.5935 0.000468911
21.6183 0.000465148
21.6431 0.000461414
21.6678 0.000457711
21.6926 0.000454037
21.7174 0.000450392
21.7421 0.000446776
21.7669 0.00044319
21.7917 0.000439631
21.8164 0.000436101
21.8412 0.000432599
21.866 0.000429125
21.8907 0.000425679
21.9155 0.00042226
21.9403 0.000418869
21.965 0.000415504
21.9898 0.000412166
22.0146 0.000408855
22.0394 0.00040557
22.0641 0.000402312
22.0889 0.000399079
22.1137 0.000395872
22.1384 0.000392691
22.1632 0.000389535
22.188 0.000386404
