-15.7202 0.000839396
-15.68 0.000851184
-15.6398 0.000863136
-15.5996 0.000875254
-15.5593 0.00088754
-15.5191 0.000899997
-15.4789 0.000912626
-15.4386 0.00092543
-15.3984 0.000938412
-15.3582 0.000951573
-15.3179 0.000964917
-15.2777 0.000978446
-15.2375 0.000992162
-15.1972 0.00100607
-15.157 0.00102017
-15.1168 0.00103446
-15.0765 0.00104895
-15.0363 0.00106364
-14.9961 0.00107854
-14.9559 0.00109364
-14.9156 0.00110895
-14.8754 0.00112447
-14.8352 0.0011402
-14.7949 0.00115616
-14.7547 0.00117233
-14.7145 0.00118872
-14.6742 0.00120535
-14.634 0.0012222
-14.5938 0.00123928
-14.5535 0.0012566
-14.5133 0.00127416
-14.4731 0.00129196
-14.4329 0.00131001
-14.3926 0.0013283
-14.3524 0.00134685
-14.3122 0.00136565
-14.2719 0.00138471
-14.2317 0.00140403
-14.1915 0.00142362
-14.1512 0.00144347
-14.111 0.00146361
-14.0708 0.00148401
-14.0305 0.0015047
-13.9903 0.00152567
-13.9501 0.00154693
-13.9099 0.00156848
-13.8696 0.00159033
-13.8294 0.00161248
-13.7892 0.00163493
-13.7489 0.00165769
-13.7087 0.00168076
-13.6685 0.00170414
-13.6282 0.00172785
-13.588 0.00175188
-13.5478 0.00177624
-13.5075 0.00180093
-13.4673 0.00182597
-13.4271 0.00185134
-13.3868 0.00187706
-13.3466 0.00190313
-13.3064 0.00192956
-13.2662 0.00195635
-13.2259 0.00198351
-13.1857 0.00201104
-13.1455 0.00203894
-13.1052 0.00206722
-13.065 0.00209589
-13.0248 0.00212495
-12.9845 0.00215441
-12.9443 0.00218426
-12.9041 0.00221453
-12.8638 0.0022452
-12.8236 0.00227629
-12.7834 0.00230781
-12.7432 0.00233975
-12.7029 0.00237213
-12.6627 0.00240495
-12.6225 0.00243822
-12.5822 0.00247193
-12.542 0.00250611
-12.5018 0.00254075
-12.4615 0.00257585
-12.4213 0.00261144
-12.3811 0.0026475
-12.3408 0.00268406
-12.3006 0.00272111
-12.2604 0.00275866
-12.2202 0.00279672
-12.1799 0.0028353
-12.1397 0.00287439
-12.0995 0.00291402
-12.0592 0.00295418
-12.019 0.00299488
-11.9788 0.00303614
-11.9385 0.00307795
-11.8983 0.00312032
-11.8581 0.00316327
-11.8178 0.00320679
-11.7776 0.0032509
-11.7374 0.00329561
-11.6971 0.00334091
-11.6569 0.00338683
-11.6167 0.00343336
-11.5765 0.00348052
-11.5362 0.00352831
-11.496 0.00357675
-11.4558 0.00362584
-11.4155 0.00367558
-11.3753 0.00372599
-11.3351 0.00377708
-11.2948 0.00382885
-11.2546 0.00388132
-11.2144 0.00393449
-11.1741 0.00398837
-11.1339 0.00404297
-11.0937 0.0040983
-11.0535 0.00415437
-11.0132 0.00421119
-10.973 0.00426877
-10.9328 0.00432711
-10.8925 0.00438624
-10.8523 0.00444615
-10.8121 0.00450686
-10.7718 0.00456838
-10.7316 0.00463072
-10.6914 0.00469388
-10.6511 0.00475789
-10.6109 0.00482275
-10.5707 0.00488847
-10.5305 0.00495506
-10.4902 0.00502253
-10.45 0.0050909
-10.4098 0.00516018
-10.3695 0.00523037
-10.3293 0.00530149
-10.2891 0.00537356
-10.2488 0.00544657
-10.2086 0.00552055
-10.1684 0.00559551
-10.1281 0.00567146
-10.0879 0.00574841
-10.0477 0.00582637
-10.0074 0.00590536
-9.96722 0.00598539
-9.92699 0.00606647
-9.88676 0.00614862
-9.84652 0.00623185
-9.80629 0.00631617
-9.76606 0.0064016
-9.72583 0.00648815
-9.6856 0.00657583
-9.64537 0.00666466
-9.60514 0.00675465
-9.56491 0.00684582
-9.52468 0.00693819
-9.48445 0.00703175
-9.44422 0.00712654
-9.40398 0.00722257
-9.36375 0.00731985
-9.32352 0.00741839
-9.28329 0.00751822
-9.24306 0.00761934
-9.20283 0.00772178
-9.1626 0.00782555
-9.12237 0.00793066
-9.08214 0.00803714
-9.04191 0.008145
-9.00167 0.00825425
-8.96144 0.00836492
-8.92121 0.00847702
-8.88098 0.00859056
-8.84075 0.00870557
-8.80052 0.00882206
-8.76029 0.00894005
-8.72006 0.00905956
-8.67983 0.00918061
-8.6396 0.00930321
-8.59937 0.00942738
-8.55913 0.00955315
-8.5189 0.00968053
-8.47867 0.00980954
-8.43844 0.0099402
-8.39821 0.0100725
-8.35798 0.0102065
-8.31775 0.0103423
-8.27752 0.0104797
-8.23729 0.0106189
-8.19706 0.0107599
-8.15682 0.0109027
-8.11659 0.0110472
-8.07636 0.0111937
-8.03613 0.0113419
-7.9959 0.0114921
-7.95567 0.0116441
-7.91544 0.0117981
-7.87521 0.0119539
-7.83498 0.0121118
-7.79475 0.0122717
-7.75452 0.0124335
-7.71428 0.0125974
-7.67405 0.0127633
-7.63382 0.0129313
-7.59359 0.0131015
-7.55336 0.0132737
-7.51313 0.0134481
-7.4729 0.0136247
-7.43267 0.0138034
-7.39244 0.0139844
-7.35221 0.0141676
-7.31197 0.0143531
-7.27174 0.0145409
-7.23151 0.0147311
-7.19128 0.0149235
-7.15105 0.0151184
-7.11082 0.0153156
-7.07059 0.0155153
-7.03036 0.0157174
-6.99013 0.015922
-6.9499 0.0161291
-6.90967 0.0163387
-6.86943 0.0165509
-6.8292 0.0167656
-6.78897 0.016983
-6.74874 0.017203
-6.70851 0.0174257
-6.66828 0.0176511
-6.62805 0.0178792
-6.58782 0.0181101
-6.54759 0.0183437
-6.50736 0.0185801
-6.46712 0.0188194
-6.42689 0.0190616
-6.38666 0.0193066
-6.34643 0.0195546
-6.3062 0.0198055
-6.26597 0.0200594
-6.22574 0.0203163
-6.18551 0.0205763
-6.14528 0.0208393
-6.10505 0.0211054
-6.06482 0.0213747
-6.02458 0.0216471
-5.98435 0.0219227
-5.94412 0.0222015
-5.90389 0.0224836
-5.86366 0.022769
-5.82343 0.0230576
-5.7832 0.0233496
-5.74297 0.023645
-5.70274 0.0239438
-5.66251 0.024246
-5.62227 0.0245517
-5.58204 0.0248609
-5.54181 0.0251736
-5.50158 0.0254899
-5.46135 0.0258097
-5.42112 0.0261332
-5.38089 0.0264603
-5.34066 0.026791
-5.30043 0.0271255
-5.2602 0.0274637
-5.21997 0.0278057
-5.17973 0.0281515
-5.1395 0.0285011
-5.09927 0.0288546
-5.05904 0.0292119
-5.01881 0.0295732
-4.97858 0.0299384
-4.93835 0.0303075
-4.89812 0.0306807
-4.85789 0.0310579
-4.81766 0.0314391
-4.77742 0.0318244
-4.73719 0.0322139
-4.69696 0.0326074
-4.65673 0.0330051
-4.6165 0.033407
-4.57627 0.0338131
-4.53604 0.0342234
-4.49581 0.034638
-4.45558 0.0350569
-4.41535 0.03548
-4.37512 0.0359075
-4.33488 0.0363393
-4.29465 0.0367755
-4.25442 0.0372161
-4.21419 0.0376611
-4.17396 0.0381105
-4.13373 0.0385643
-4.0935 0.0390226
-4.05327 0.0394853
-4.01304 0.0399525
-3.97281 0.0404242
-3.93257 0.0409004
-3.89234 0.0413811
-3.85211 0.0418663
-3.81188 0.0423561
-3.77165 0.0428504
-3.73142 0.0433492
-3.69119 0.0438526
-3.65096 0.0443605
-3.61073 0.0448729
-3.5705 0.0453899
-3.53027 0.0459114
-3.49003 0.0464374
-3.4498 0.0469679
-3.40957 0.0475029
-3.36934 0.0480424
-3.32911 0.0485864
-3.28888 0.0491348
-3.24865 0.0496876
-3.20842 0.0502449
-3.16819 0.0508065
-3.12796 0.0513724
-3.08772 0.0519427
-3.04749 0.0525173
-3.00726 0.053096
-2.96703 0.053679
-2.9268 0.054266
-2.88657 0.0548572
-2.84634 0.0554524
-2.80611 0.0560516
-2.76588 0.0566546
-2.72565 0.0572615
-2.68542 0.0578721
-2.64518 0.0584864
-2.60495 0.0591043
-2.56472 0.0597257
-2.52449 0.0603505
-2.48426 0.0609785
-2.44403 0.0616098
-2.4038 0.0622441
-2.36357 0.0628813
-2.32334 0.0635214
-2.28311 0.0641641
-2.24288 0.0648093
-2.20264 0.0654569
-2.16241 0.0661067
-2.12218 0.0667585
-2.08195 0.0674121
-2.04172 0.0680674
-2.00149 0.0687242
-1.96126 0.0693822
-1.92103 0.0700412
-1.8808 0.070701
-1.84057 0.0713613
-1.80033 0.0720219
-1.7601 0.0726825
-1.71987 0.0733428
-1.67964 0.0740026
-1.63941 0.0746614
-1.59918 0.0753191
-1.55895 0.0759752
-1.51872 0.0766294
-1.47849 0.0772813
-1.43826 0.0779305
-1.39803 0.0785767
-1.35779 0.0792194
-1.31756 0.0798582
-1.27733 0.0804926
-1.2371 0.0811222
-1.19687 0.0817464
-1.15664 0.0823649
-1.11641 0.082977
-1.07618 0.0835822
-1.03595 0.08418
-0.995716 0.0847698
-0.955485 0.085351
-0.915254 0.0859231
-0.875023 0.0864854
-0.834792 0.0870373
-0.794561 0.0875782
-0.75433 0.0881074
-0.714099 0.0886243
-0.673868 0.0891282
-0.633637 0.0896186
-0.593406 0.0900947
-0.553175 0.0905559
-0.512944 0.0910016
-0.472713 0.0914311
-0.432482 0.0918439
-0.392251 0.0922394
-0.35202 0.0926169
-0.311789 0.092976
-0.271558 0.0933162
-0.231328 0.0936369
-0.191097 0.0939378
-0.150866 0.0942184
-0.110635 0.0944784
-0.0704037 0.0947175
-0.0301728 0.0949355
0.0100582 0.0951321
0.0502891 0.0953073
0.0905201 0.0954608
0.130751 0.0955927
0.170982 0.0957031
0.211213 0.0957919
0.251444 0.0958593
0.291675 0.0959054
0.331906 0.0959305
0.372137 0.0959349
0.412368 0.0959188
0.452599 0.0958825
0.49283 0.0958265
0.533061 0.0957512
0.573291 0.0956569
0.613522 0.0955441
0.653753 0.0954133
0.693984 0.0952649
0.734215 0.0950996
0.774446 0.0949177
0.814677 0.0947198
0.854908 0.0945064
0.895139 0.094278
0.93537 0.0940352
0.975601 0.0937784
1.01583 0.0935083
1.05606 0.0932252
1.09629 0.0929297
1.13652 0.0926223
1.17676 0.0923035
1.21699 0.0919738
1.25722 0.0916336
1.29745 0.0912834
1.33768 0.0909235
1.37791 0.0905546
1.41814 0.090177
1.45837 0.089791
1.4986 0.0893972
1.53883 0.0889958
1.57907 0.0885873
1.6193 0.088172
1.65953 0.0877504
1.69976 0.0873226
1.73999 0.0868891
1.78022 0.0864502
1.82045 0.0860061
1.86068 0.0855573
1.90091 0.0851039
1.94114 0.0846463
1.98137 0.0841846
2.02161 0.0837193
2.06184 0.0832505
2.10207 0.0827785
2.1423 0.0823035
2.18253 0.0818257
2.22276 0.0813454
2.26299 0.0808627
2.30322 0.0803779
2.34345 0.0798912
2.38368 0.0794026
2.42392 0.0789126
2.46415 0.0784211
2.50438 0.0779283
2.54461 0.0774345
2.58484 0.0769398
2.62507 0.0764443
2.6653 0.0759482
2.70553 0.0754516
2.74576 0.0749546
2.78599 0.0744574
2.82622 0.0739602
2.86646 0.0734629
2.90669 0.0729657
2.94692 0.0724688
2.98715 0.0719723
3.02738 0.0714762
3.06761 0.0709807
3.10784 0.0704857
3.14807 0.0699916
3.1883 0.0694982
3.22853 0.0690058
3.26877 0.0685143
3.309 0.0680239
3.34923 0.0675346
3.38946 0.0670466
3.42969 0.0665598
3.46992 0.0660743
3.51015 0.0655903
3.55038 0.0651077
3.59061 0.0646266
3.63084 0.0641471
3.67107 0.0636693
3.71131 0.0631931
3.75154 0.0627186
3.79177 0.062246
3.832 0.0617751
3.87223 0.0613061
3.91246 0.060839
3.95269 0.0603739
3.99292 0.0599107
4.03315 0.0594495
4.07338 0.0589904
4.11362 0.0585334
4.15385 0.0580785
4.19408 0.0576257
4.23431 0.0571751
4.27454 0.0567266
4.31477 0.0562804
4.355 0.0558364
4.39523 0.0553947
4.43546 0.0549553
4.47569 0.0545181
4.51592 0.0540833
4.55616 0.0536509
4.59639 0.0532207
4.63662 0.052793
4.67685 0.0523676
4.71708 0.0519446
4.75731 0.0515241
4.79754 0.0511059
4.83777 0.0506902
4.878 0.0502769
4.91823 0.0498661
4.95847 0.0494577
4.9987 0.0490518
5.03893 0.0486483
5.07916 0.0482473
5.11939 0.0478488
5.15962 0.0474528
5.19985 0.0470593
5.24008 0.0466683
5.28031 0.0462797
5.32054 0.0458937
5.36077 0.0455101
5.40101 0.0451291
5.44124 0.0447505
5.48147 0.0443744
5.5217 0.0440009
5.56193 0.0436298
5.60216 0.0432612
5.64239 0.0428951
5.68262 0.0425315
5.72285 0.0421704
5.76308 0.0418117
5.80332 0.0414556
5.84355 0.0411018
5.88378 0.0407506
5.92401 0.0404018
5.96424 0.0400555
6.00447 0.0397117
6.0447 0.0393702
6.08493 0.0390312
6.12516 0.0386947
6.16539 0.0383606
6.20562 0.0380288
6.24586 0.0376995
6.28609 0.0373726
6.32632 0.0370481
6.36655 0.036726
6.40678 0.0364062
6.44701 0.0360889
6.48724 0.0357738
6.52747 0.0354612
6.5677 0.0351508
6.60793 0.0348428
6.64816 0.0345372
6.6884 0.0342338
6.72863 0.0339327
6.76886 0.033634
6.80909 0.0333375
6.84932 0.0330433
6.88955 0.0327513
6.92978 0.0324616
6.97001 0.0321742
7.01024 0.0318889
7.05047 0.0316059
7.09071 0.0313251
7.13094 0.0310465
7.17117 0.0307701
7.2114 0.0304958
7.25163 0.0302237
7.29186 0.0299538
7.33209 0.029686
7.37232 0.0294203
7.41255 0.0291567
7.45278 0.0288953
7.49301 0.0286359
7.53325 0.0283786
7.57348 0.0281234
7.61371 0.0278703
7.65394 0.0276192
7.69417 0.0273701
7.7344 0.027123
7.77463 0.026878
7.81486 0.0266349
7.85509 0.0263939
7.89532 0.0261548
7.93556 0.0259176
7.97579 0.0256824
8.01602 0.0254492
8.05625 0.0252179
8.09648 0.0249884
8.13671 0.0247609
8.17694 0.0245353
8.21717 0.0243115
8.2574 0.0240896
8.29763 0.0238696
8.33786 0.0236514
8.3781 0.023435
8.41833 0.0232204
8.45856 0.0230077
8.49879 0.0227967
8.53902 0.0225875
8.57925 0.0223801
8.61948 0.0221744
8.65971 0.0219704
8.69994 0.0217682
8.74017 0.0215677
8.78041 0.021369
8.82064 0.0211719
8.86087 0.0209765
8.9011 0.0207827
8.94133 0.0205906
8.98156 0.0204002
9.02179 0.0202114
9.06202 0.0200242
9.10225 0.0198386
9.14248 0.0196547
9.18271 0.0194723
9.22295 0.0192915
9.26318 0.0191122
9.30341 0.0189345
9.34364 0.0187584
9.38387 0.0185837
9.4241 0.0184106
9.46433 0.018239
9.50456 0.0180689
9.54479 0.0179003
9.58502 0.0177332
9.62526 0.0175675
9.66549 0.0174033
9.70572 0.0172405
9.74595 0.0170791
9.78618 0.0169192
9.82641 0.0167607
9.86664 0.0166035
9.90687 0.0164478
9.9471 0.0162934
9.98733 0.0161404
10.0276 0.0159887
10.0678 0.0158384
10.108 0.0156894
10.1483 0.0155418
10.1885 0.0153954
10.2287 0.0152504
10.269 0.0151066
10.3092 0.0149642
10.3494 0.014823
10.3896 0.014683
10.4299 0.0145443
10.4701 0.0144069
10.5103 0.0142707
10.5506 0.0141357
10.5908 0.0140019
10.631 0.0138693
10.6713 0.0137379
10.7115 0.0136077
10.7517 0.0134787
10.792 0.0133508
10.8322 0.0132241
10.8724 0.0130985
10.9126 0.012974
10.9529 0.0128507
10.9931 0.0127285
11.0333 0.0126074
11.0736 0.0124874
11.1138 0.0123685
11.154 0.0122507
11.1943 0.012134
11.2345 0.0120183
11.2747 0.0119036
11.315 0.01179
11.3552 0.0116775
11.3954 0.0115659
11.4356 0.0114554
11.4759 0.0113459
11.5161 0.0112374
11.5563 0.0111299
11.5966 0.0110234
11.6368 0.0109178
11.677 0.0108133
11.7173 0.0107096
11.7575 0.010607
11.7977 0.0105052
11.838 0.0104045
11.8782 0.0103046
11.9184 0.0102056
11.9587 0.0101076
11.9989 0.0100105
12.0391 0.00991427
12.0793 0.00981893
12.1196 0.00972447
12.1598 0.00963089
12.2 0.00953817
12.2403 0.00944631
12.2805 0.0093553
12.3207 0.00926513
12.361 0.00917581
12.4012 0.00908731
12.4414 0.00899963
12.4817 0.00891277
12.5219 0.00882672
12.5621 0.00874146
12.6023 0.008657
12.6426 0.00857333
12.6828 0.00849044
12.723 0.00840832
12.7633 0.00832697
12.8035 0.00824638
12.8437 0.00816654
12.884 0.00808745
12.9242 0.00800909
12.9644 0.00793147
13.0047 0.00785458
13.0449 0.00777841
13.0851 0.00770295
13.1253 0.0076282
13.1656 0.00755416
13.2058 0.0074808
13.246 0.00740814
13.2863 0.00733616
13.3265 0.00726486
13.3667 0.00719422
13.407 0.00712426
13.4472 0.00705495
13.4874 0.0069863
13.5277 0.00691829
13.5679 0.00685092
13.6081 0.00678419
13.6484 0.00671809
13.6886 0.00665262
13.7288 0.00658776
13.769 0.00652352
13.8093 0.00645989
13.8495 0.00639686
13.8897 0.00633442
13.93 0.00627258
13.9702 0.00621132
14.0104 0.00615064
14.0507 0.00609054
14.0909 0.00603101
14.1311 0.00597205
14.1714 0.00591365
14.2116 0.0058558
14.2518 0.0057985
14.292 0.00574175
14.3323 0.00568553
14.3725 0.00562985
14.4127 0.00557471
14.453 0.00552008
14.4932 0.00546598
14.5334 0.0054124
14.5737 0.00535933
14.6139 0.00530676
14.6541 0.00525469
14.6944 0.00520313
14.7346 0.00515205
14.7748 0.00510147
14.815 0.00505136
14.8553 0.00500174
14.8955 0.00495259
14.9357 0.00490392
14.976 0.00485571
15.0162 0.00480796
15.0564 0.00476067
15.0967 0.00471383
15.1369 0.00466745
15.1771 0.0046215
15.2174 0.004576
15.2576 0.00453094
15.2978 0.00448631
15.3381 0.00444211
15.3783 0.00439833
15.4185 0.00435498
15.4587 0.00431204
15.499 0.00426952
15.5392 0.0042274
15.5794 0.00418569
15.6197 0.00414439
15.6599 0.00410348
15.7001 0.00406297
15.7404 0.00402284
15.7806 0.00398311
15.8208 0.00394376
15.8611 0.00390478
15.9013 0.00386619
15.9415 0.00382797
15.9817 0.00379011
16.022 0.00375263
16.0622 0.00371551
16.1024 0.00367874
16.1427 0.00364233
16.1829 0.00360628
16.2231 0.00357057
16.2634 0.00353521
16.3036 0.00350019
16.3438 0.00346551
16.3841 0.00343117
16.4243 0.00339717
16.4645 0.00336349
16.5047 0.00333014
16.545 0.00329711
16.5852 0.0032644
16.6254 0.00323201
16.6657 0.00319994
16.7059 0.00316818
16.7461 0.00313673
16.7864 0.00310558
16.8266 0.00307474
16.8668 0.00304419
16.9071 0.00301395
16.9473 0.002984
16.9875 0.00295434
17.0278 0.00292497
17.068 0.00289588
17.1082 0.00286708
17.1484 0.00283856
17.1887 0.00281032
17.2289 0.00278236
17.2691 0.00275467
17.3094 0.00272725
17.3496 0.00270009
17.3898 0.0026732
17.4301 0.00264658
17.4703 0.00262021
17.5105 0.00259411
17.5508 0.00256825
17.591 0.00254266
17.6312 0.00251731
17.6714 0.00249221
17.7117 0.00246735
17.7519 0.00244274
17.7921 0.00241837
17.8324 0.00239424
17.8726 0.00237035
17.9128 0.00234669
17.9531 0.00232326
17.9933 0.00230006
18.0335 0.00227709
18.0738 0.00225435
18.114 0.00223183
18.1542 0.00220953
18.1944 0.00218745
18.2347 0.00216558
18.2749 0.00214393
18.3151 0.0021225
18.3554 0.00210127
18.3956 0.00208025
18.4358 0.00205944
18.4761 0.00203884
18.5163 0.00201844
18.5565 0.00199823
18.5968 0.00197823
18.637 0.00195843
18.6772 0.00193882
18.7174 0.0019194
18.7577 0.00190017
18.7979 0.00188114
18.8381 0.00186229
18.8784 0.00184362
18.9186 0.00182515
18.9588 0.00180685
18.9991 0.00178873
19.0393 0.0017708
19.0795 0.00175304
19.1198 0.00173545
19.16 0.00171804
19.2002 0.0017008
19.2405 0.00168374
19.2807 0.00166684
19.3209 0.0016501
19.3611 0.00163354
19.4014 0.00161713
19.4416 0.00160089
19.4818 0.00158481
19.5221 0.00156889
19.5623 0.00155313
19.6025 0.00153752
19.6428 0.00152207
19.683 0.00150677
19.7232 0.00149162
19.7635 0.00147662
19.8037 0.00146178
19.8439 0.00144707
19.8841 0.00143252
19.9244 0.00141811
19.9646 0.00140384
20.0048 0.00138971
20.0451 0.00137572
20.0853 0.00136187
20.1255 0.00134816
20.1658 0.00133459
20.206 0.00132115
20.2462 0.00130784
20.2865 0.00129467
20.3267 0.00128163
20.3669 0.00126871
20.4071 0.00125593
20.4474 0.00124327
20.4876 0.00123074
20.5278 0.00121833
20.5681 0.00120605
20.6083 0.00119389
20.6485 0.00118184
20.6888 0.00116992
20.729 0.00115812
20.7692 0.00114644
20.8095 0.00113487
20.8497 0.00112342
20.8899 0.00111208
20.9302 0.00110085
20.9704 0.00108974
21.0106 0.00107873
21.0508 0.00106784
21.0911 0.00105706
21.1313 0.00104638
21.1715 0.00103581
21.2118 0.00102534
21.252 0.00101498
21.2922 0.00100473
21.3325 0.00099457
21.3727 0.000984517
21.4129 0.000974563
21.4532 0.00096471
21.4934 0.000954954
21.5336 0.000945296
21.5738 0.000935735
21.6141 0.000926269
21.6543 0.000916898
21.6945 0.000907621
21.7348 0.000898436
21.775 0.000889343
21.8152 0.000880341
21.8555 0.000871429
21.8957 0.000862607
21.9359 0.000853872
21.9762 0.000845226
22.0164 0.000836665
22.0566 0.000828191
22.0968 0.000819801
22.1371 0.000811495
22.1773 0.000803273
22.2175 0.000795132
22.2578 0.000787074
22.298 0.000779096
22.3382 0.000771198
22.3785 0.000763379
22.4187 0.000755639
22.4589 0.000747977
22.4992 0.000740391
22.5394 0.000732881
22.5796 0.000725447
22.6199 0.000718087
22.6601 0.000710801
22.7003 0.000703588
22.7405 0.000696448
22.7808 0.000689379
22.821 0.000682382
22.8612 0.000675454
22.9015 0.000668596
22.9417 0.000661807
22.9819 0.000655087
23.0222 0.000648434
23.0624 0.000641847
23.1026 0.000635327
23.1429 0.000628873
23.1831 0.000622483
23.2233 0.000616158
23.2635 0.000609896
23.3038 0.000603697
23.344 0.000597561
23.3842 0.000591486
23.4245 0.000585472
23.4647 0.000579519
23.5049 0.000573626
23.5452 0.000567793
23.5854 0.000562018
23.6256 0.000556301
23.6659 0.000550641
23.7061 0.000545039
23.7463 0.000539493
23.7865 0.000534003
23.8268 0.000528569
23.867 0.000523189
23.9072 0.000517863
23.9475 0.000512591
23.9877 0.000507373
24.0279 0.000502206
24.0682 0.000497092
24.1084 0.00049203
24.1486 0.000487018
24.1889 0.000482058
24.2291 0.000477147
24.2693 0.000472286
24.3096 0.000467473
24.3498 0.00046271
24.39 0.000457994
24.4302 0.000453326
24.4705 0.000448706
