-13.685 0.000499323
-13.6672 0.000503399
-13.6493 0.000507509
-13.6315 0.000511652
-13.6137 0.00051583
-13.5958 0.000520042
-13.578 0.000524289
-13.5602 0.000528571
-13.5424 0.000532889
-13.5245 0.000537242
-13.5067 0.000541631
-13.4889 0.000546057
-13.471 0.000550519
-13.4532 0.000555018
-13.4354 0.000559554
-13.4176 0.000564127
-13.3997 0.000568738
-13.3819 0.000573388
-13.3641 0.000578076
-13.3462 0.000582803
-13.3284 0.000587568
-13.3106 0.000592374
-13.2927 0.000597219
-13.2749 0.000602104
-13.2571 0.000607029
-13.2393 0.000611995
-13.2214 0.000617003
-13.2036 0.000622052
-13.1858 0.000627142
-13.1679 0.000632275
-13.1501 0.00063745
-13.1323 0.000642668
-13.1145 0.00064793
-13.0966 0.000653235
-13.0788 0.000658584
-13.061 0.000663977
-13.0431 0.000669415
-13.0253 0.000674898
-13.0075 0.000680426
-12.9897 0.000686001
-12.9718 0.000691621
-12.954 0.000697288
-12.9362 0.000703003
-12.9183 0.000708764
-12.9005 0.000714574
-12.8827 0.000720431
-12.8648 0.000726337
-12.847 0.000732292
-12.8292 0.000738297
-12.8114 0.000744351
-12.7935 0.000750456
-12.7757 0.000756612
-12.7579 0.000762818
-12.74 0.000769076
-12.7222 0.000775386
-12.7044 0.000781749
-12.6866 0.000788164
-12.6687 0.000794633
-12.6509 0.000801155
-12.6331 0.000807732
-12.6152 0.000814363
-12.5974 0.00082105
-12.5796 0.000827792
-12.5617 0.00083459
-12.5439 0.000841445
-12.5261 0.000848356
-12.5083 0.000855325
-12.4904 0.000862353
-12.4726 0.000869438
-12.4548 0.000876583
-12.4369 0.000883787
-12.4191 0.000891051
-12.4013 0.000898376
-12.3835 0.000905762
-12.3656 0.000913209
-12.3478 0.000920718
-12.33 0.00092829
-12.3121 0.000935924
-12.2943 0.000943623
-12.2765 0.000951386
-12.2587 0.000959213
-12.2408 0.000967105
-12.223 0.000975064
-12.2052 0.000983089
-12.1873 0.00099118
-12.1695 0.00099934
-12.1517 0.00100757
-12.1338 0.00101586
-12.116 0.00102423
-12.0982 0.00103266
-12.0804 0.00104117
-12.0625 0.00104974
-12.0447 0.00105839
-12.0269 0.00106711
-12.009 0.00107591
-11.9912 0.00108477
-11.9734 0.00109371
-11.9556 0.00110273
-11.9377 0.00111182
-11.9199 0.00112099
-11.9021 0.00113023
-11.8842 0.00113955
-11.8664 0.00114895
-11.8486 0.00115843
-11.8308 0.00116798
-11.8129 0.00117762
-11.7951 0.00118734
-11.7773 0.00119713
-11.7594 0.00120702
-11.7416 0.00121698
-11.7238 0.00122702
-11.7059 0.00123716
-11.6881 0.00124737
-11.6703 0.00125767
-11.6525 0.00126806
-11.6346 0.00127853
-11.6168 0.0012891
-11.599 0.00129975
-11.5811 0.00131049
-11.5633 0.00132132
-11.5455 0.00133224
-11.5277 0.00134325
-11.5098 0.00135436
-11.492 0.00136555
-11.4742 0.00137685
-11.4563 0.00138823
-11.4385 0.00139972
-11.4207 0.00141129
-11.4028 0.00142297
-11.385 0.00143474
-11.3672 0.00144662
-11.3494 0.00145859
-11.3315 0.00147066
-11.3137 0.00148284
-11.2959 0.00149512
-11.278 0.0015075
-11.2602 0.00151998
-11.2424 0.00153257
-11.2246 0.00154526
-11.2067 0.00155807
-11.1889 0.00157098
-11.1711 0.00158399
-11.1532 0.00159712
-11.1354 0.00161036
-11.1176 0.00162371
-11.0998 0.00163717
-11.0819 0.00165075
-11.0641 0.00166444
-11.0463 0.00167824
-11.0284 0.00169217
-11.0106 0.00170621
-10.9928 0.00172036
-10.9749 0.00173464
-10.9571 0.00174904
-10.9393 0.00176355
-10.9215 0.0017782
-10.9036 0.00179296
-10.8858 0.00180785
-10.868 0.00182286
-10.8501 0.00183801
-10.8323 0.00185327
-10.8145 0.00186867
-10.7967 0.0018842
-10.7788 0.00189986
-10.761 0.00191565
-10.7432 0.00193158
-10.7253 0.00194764
-10.7075 0.00196383
-10.6897 0.00198016
-10.6718 0.00199664
-10.654 0.00201325
-10.6362 0.00203
-10.6184 0.00204689
-10.6005 0.00206392
-10.5827 0.0020811
-10.5649 0.00209843
-10.547 0.0021159
-10.5292 0.00213352
-10.5114 0.00215128
-10.4936 0.0021692
-10.4757 0.00218727
-10.4579 0.0022055
-10.4401 0.00222388
-10.4222 0.00224241
-10.4044 0.0022611
-10.3866 0.00227995
-10.3688 0.00229896
-10.3509 0.00231813
-10.3331 0.00233747
-10.3153 0.00235696
-10.2974 0.00237663
-10.2796 0.00239646
-10.2618 0.00241646
-10.2439 0.00243663
-10.2261 0.00245697
-10.2083 0.00247748
-10.1905 0.00249817
-10.1726 0.00251903
-10.1548 0.00254007
-10.137 0.00256129
-10.1191 0.00258269
-10.1013 0.00260427
-10.0835 0.00262603
-10.0657 0.00264799
-10.0478 0.00267012
-10.03 0.00269245
-10.0122 0.00271497
-9.99434 0.00273767
-9.97651 0.00276057
-9.95868 0.00278367
-9.94085 0.00280697
-9.92302 0.00283046
-9.90519 0.00285415
-9.88736 0.00287804
-9.86953 0.00290214
-9.8517 0.00292645
-9.83387 0.00295096
-9.81605 0.00297568
-9.79822 0.00300061
-9.78039 0.00302575
-9.76256 0.00305111
-9.74473 0.00307669
-9.7269 0.00310248
-9.70907 0.0031285
-9.69124 0.00315474
-9.67341 0.0031812
-9.65558 0.00320789
-9.63775 0.0032348
-9.61992 0.00326195
-9.60209 0.00328933
-9.58427 0.00331694
-9.56644 0.00334479
-9.54861 0.00337288
-9.53078 0.00340121
-9.51295 0.00342978
-9.49512 0.0034586
-9.47729 0.00348766
-9.45946 0.00351697
-9.44163 0.00354653
-9.4238 0.00357635
-9.40597 0.00360643
-9.38814 0.00363676
-9.37031 0.00366735
-9.35248 0.0036982
-9.33466 0.00372932
-9.31683 0.00376071
-9.299 0.00379236
-9.28117 0.00382429
-9.26334 0.00385649
-9.24551 0.00388897
-9.22768 0.00392173
-9.20985 0.00395477
-9.19202 0.0039881
-9.17419 0.00402171
-9.15636 0.00405561
-9.13853 0.0040898
-9.1207 0.00412429
-9.10288 0.00415907
-9.08505 0.00419416
-9.06722 0.00422954
-9.04939 0.00426523
-9.03156 0.00430123
-9.01373 0.00433754
-8.9959 0.00437417
-8.97807 0.0044111
-8.96024 0.00444836
-8.94241 0.00448594
-8.92458 0.00452384
-8.90675 0.00456207
-8.88892 0.00460064
-8.8711 0.00463953
-8.85327 0.00467876
-8.83544 0.00471833
-8.81761 0.00475824
-8.79978 0.0047985
-8.78195 0.0048391
-8.76412 0.00488006
-8.74629 0.00492137
-8.72846 0.00496304
-8.71063 0.00500507
-8.6928 0.00504747
-8.67497 0.00509023
-8.65714 0.00513336
-8.63931 0.00517687
-8.62149 0.00522075
-8.60366 0.00526501
-8.58583 0.00530966
-8.568 0.0053547
-8.55017 0.00540012
-8.53234 0.00544595
-8.51451 0.00549217
-8.49668 0.00553879
-8.47885 0.00558581
-8.46102 0.00563325
-8.44319 0.0056811
-8.42536 0.00572936
-8.40753 0.00577804
-8.38971 0.00582715
-8.37188 0.00587669
-8.35405 0.00592665
-8.33622 0.00597705
-8.31839 0.00602789
-8.30056 0.00607918
-8.28273 0.00613091
-8.2649 0.00618309
-8.24707 0.00623573
-8.22924 0.00628882
-8.21141 0.00634238
-8.19358 0.00639641
-8.17575 0.00645091
-8.15793 0.00650589
-8.1401 0.00656134
-8.12227 0.00661728
-8.10444 0.00667371
-8.08661 0.00673064
-8.06878 0.00678806
-8.05095 0.00684598
-8.03312 0.00690441
-8.01529 0.00696336
-7.99746 0.00702282
-7.97963 0.0070828
-7.9618 0.0071433
-7.94397 0.00720434
-7.92614 0.00726591
-7.90832 0.00732802
-7.89049 0.00739068
-7.87266 0.00745388
-7.85483 0.00751764
-7.837 0.00758197
-7.81917 0.00764685
-7.80134 0.00771231
-7.78351 0.00777834
-7.76568 0.00784496
-7.74785 0.00791216
-7.73002 0.00797995
-7.71219 0.00804833
-7.69436 0.00811732
-7.67654 0.00818692
-7.65871 0.00825713
-7.64088 0.00832796
-7.62305 0.00839942
-7.60522 0.0084715
-7.58739 0.00854422
-7.56956 0.00861758
-7.55173 0.00869159
-7.5339 0.00876626
-7.51607 0.00884158
-7.49824 0.00891757
-7.48041 0.00899423
-7.46258 0.00907157
-7.44476 0.00914959
-7.42693 0.00922831
-7.4091 0.00930772
-7.39127 0.00938783
-7.37344 0.00946865
-7.35561 0.00955019
-7.33778 0.00963246
-7.31995 0.00971545
-7.30212 0.00979918
-7.28429 0.00988365
-7.26646 0.00996887
-7.24863 0.0100548
-7.2308 0.0101416
-7.21297 0.0102291
-7.19515 0.0103174
-7.17732 0.0104065
-7.15949 0.0104963
-7.14166 0.010587
-7.12383 0.0106785
-7.106 0.0107708
-7.08817 0.0108639
-7.07034 0.0109578
-7.05251 0.0110526
-7.03468 0.0111482
-7.01685 0.0112447
-6.99902 0.0113421
-6.98119 0.0114403
-6.96337 0.0115393
-6.94554 0.0116393
-6.92771 0.0117402
-6.90988 0.011842
-6.89205 0.0119446
-6.87422 0.0120482
-6.85639 0.0121528
-6.83856 0.0122582
-6.82073 0.0123646
-6.8029 0.012472
-6.78507 0.0125803
-6.76724 0.0126896
-6.74941 0.0127999
-6.73159 0.0129111
-6.71376 0.0130234
-6.69593 0.0131367
-6.6781 0.013251
-6.66027 0.0133663
-6.64244 0.0134827
-6.62461 0.0136001
-6.60678 0.0137185
-6.58895 0.013838
-6.57112 0.0139587
-6.55329 0.0140803
-6.53546 0.0142031
-6.51763 0.014327
-6.49981 0.0144521
-6.48198 0.0145782
-6.46415 0.0147055
-6.44632 0.0148339
-6.42849 0.0149635
-6.41066 0.0150943
-6.39283 0.0152262
-6.375 0.0153594
-6.35717 0.0154937
-6.33934 0.0156293
-6.32151 0.0157661
-6.30368 0.0159041
-6.28585 0.0160434
-6.26802 0.016184
-6.2502 0.0163258
-6.23237 0.016469
-6.21454 0.0166134
-6.19671 0.0167591
-6.17888 0.0169062
-6.16105 0.0170546
-6.14322 0.0172043
-6.12539 0.0173554
-6.10756 0.0175079
-6.08973 0.0176618
-6.0719 0.0178171
-6.05407 0.0179738
-6.03624 0.018132
-6.01842 0.0182915
-6.00059 0.0184526
-5.98276 0.0186151
-5.96493 0.0187791
-5.9471 0.0189446
-5.92927 0.0191116
-5.91144 0.0192801
-5.89361 0.0194502
-5.87578 0.0196219
-5.85795 0.0197951
-5.84012 0.0199699
-5.82229 0.0201463
-5.80446 0.0203244
-5.78664 0.0205041
-5.76881 0.0206854
-5.75098 0.0208684
-5.73315 0.0210531
-5.71532 0.0212395
-5.69749 0.0214276
-5.67966 0.0216174
-5.66183 0.021809
-5.644 0.0220023
-5.62617 0.0221975
-5.60834 0.0223944
-5.59051 0.0225932
-5.57268 0.0227938
-5.55485 0.0229963
-5.53703 0.0232006
-5.5192 0.0234068
-5.50137 0.023615
-5.48354 0.023825
-5.46571 0.0240371
-5.44788 0.024251
-5.43005 0.024467
-5.41222 0.024685
-5.39439 0.024905
-5.37656 0.0251271
-5.35873 0.0253512
-5.3409 0.0255774
-5.32307 0.0258057
-5.30525 0.0260362
-5.28742 0.0262688
-5.26959 0.0265035
-5.25176 0.0267405
-5.23393 0.0269797
-5.2161 0.0272211
-5.19827 0.0274647
-5.18044 0.0277107
-5.16261 0.0279589
-5.14478 0.0282095
-5.12695 0.0284625
-5.10912 0.0287178
-5.09129 0.0289755
-5.07347 0.0292356
-5.05564 0.0294981
-5.03781 0.0297632
-5.01998 0.0300307
-5.00215 0.0303007
-4.98432 0.0305733
-4.96649 0.0308485
-4.94866 0.0311262
-4.93083 0.0314066
-4.913 0.0316896
-4.89517 0.0319753
-4.87734 0.0322637
-4.85951 0.0325549
-4.84168 0.0328488
-4.82386 0.0331454
-4.80603 0.0334449
-4.7882 0.0337472
-4.77037 0.0340524
-4.75254 0.0343605
-4.73471 0.0346715
-4.71688 0.0349855
-4.69905 0.0353024
-4.68122 0.0356224
-4.66339 0.0359454
-4.64556 0.0362715
-4.62773 0.0366007
-4.6099 0.0369331
-4.59208 0.0372686
-4.57425 0.0376073
-4.55642 0.0379493
-4.53859 0.0382945
-4.52076 0.0386431
-4.50293 0.0389949
-4.4851 0.0393502
-4.46727 0.0397089
-4.44944 0.040071
-4.43161 0.0404366
-4.41378 0.0408057
-4.39595 0.0411783
-4.37812 0.0415545
-4.3603 0.0419344
-4.34247 0.0423179
-4.32464 0.0427051
-4.30681 0.0430961
-4.28898 0.0434908
-4.27115 0.0438894
-4.25332 0.0442918
-4.23549 0.044698
-4.21766 0.0451083
-4.19983 0.0455225
-4.182 0.0459407
-4.16417 0.046363
-4.14634 0.0467893
-4.12851 0.0472198
-4.11069 0.0476545
-4.09286 0.0480935
-4.07503 0.0485367
-4.0572 0.0489842
-4.03937 0.0494361
-4.02154 0.0498923
-4.00371 0.0503531
-3.98588 0.0508183
-3.96805 0.0512881
-3.95022 0.0517625
-3.93239 0.0522415
-3.91456 0.0527253
-3.89673 0.0532137
-3.87891 0.053707
-3.86108 0.0542051
-3.84325 0.0547081
-3.82542 0.055216
-3.80759 0.0557289
-3.78976 0.0562469
-3.77193 0.05677
-3.7541 0.0572982
-3.73627 0.0578317
-3.71844 0.0583704
-3.70061 0.0589144
-3.68278 0.0594638
-3.66495 0.0600187
-3.64713 0.060579
-3.6293 0.0611449
-3.61147 0.0617164
-3.59364 0.0622936
-3.57581 0.0628764
-3.55798 0.0634651
-3.54015 0.0640597
-3.52232 0.0646601
-3.50449 0.0652665
-3.48666 0.065879
-3.46883 0.0664975
-3.451 0.0671223
-3.43317 0.0677532
-3.41534 0.0683905
-3.39752 0.0690341
-3.37969 0.0696842
-3.36186 0.0703407
-3.34403 0.0710039
-3.3262 0.0716737
-3.30837 0.0723501
-3.29054 0.0730334
-3.27271 0.0737235
-3.25488 0.0744206
-3.23705 0.0751247
-3.21922 0.0758358
-3.20139 0.0765541
-3.18356 0.0772796
-3.16574 0.0780125
-3.14791 0.0787527
-3.13008 0.0795003
-3.11225 0.0802556
-3.09442 0.0810184
-3.07659 0.0817889
-3.05876 0.0825673
-3.04093 0.0833534
-3.0231 0.0841476
-3.00527 0.0849498
-2.98744 0.08576
-2.96961 0.0865785
-2.95178 0.0874053
-2.93396 0.0882405
-2.91613 0.0890841
-2.8983 0.0899363
-2.88047 0.0907971
-2.86264 0.0916667
-2.84481 0.0925451
-2.82698 0.0934324
-2.80915 0.0943287
-2.79132 0.0952342
-2.77349 0.0961488
-2.75566 0.0970727
-2.73783 0.098006
-2.72 0.0989489
-2.70217 0.0999013
-2.68435 0.100863
-2.66652 0.101835
-2.64869 0.102817
-2.63086 0.103809
-2.61303 0.104811
-2.5952 0.105823
-2.57737 0.106845
-2.55954 0.107877
-2.54171 0.108921
-2.52388 0.109974
-2.50605 0.111039
-2.48822 0.112114
-2.47039 0.1132
-2.45257 0.114298
-2.43474 0.115406
-2.41691 0.116526
-2.39908 0.117657
-2.38125 0.118799
-2.36342 0.119953
-2.34559 0.121119
-2.32776 0.122296
-2.30993 0.123485
-2.2921 0.124686
-2.27427 0.1259
-2.25644 0.127125
-2.23861 0.128363
-2.22079 0.129613
-2.20296 0.130876
-2.18513 0.132151
-2.1673 0.133439
-2.14947 0.13474
-2.13164 0.136054
-2.11381 0.137381
-2.09598 0.138721
-2.07815 0.140074
-2.06032 0.141441
-2.04249 0.142821
-2.02466 0.144215
-2.00683 0.145622
-1.98901 0.147043
-1.97118 0.148477
-1.95335 0.149926
-1.93552 0.151388
-1.91769 0.152865
-1.89986 0.154355
-1.88203 0.15586
-1.8642 0.157379
-1.84637 0.158912
-1.82854 0.16046
-1.81071 0.162022
-1.79288 0.163598
-1.77505 0.165189
-1.75722 0.166795
-1.7394 0.168415
-1.72157 0.170049
-1.70374 0.171698
-1.68591 0.173362
-1.66808 0.175041
-1.65025 0.176734
-1.63242 0.178441
-1.61459 0.180163
-1.59676 0.1819
-1.57893 0.183651
-1.5611 0.185416
-1.54327 0.187195
-1.52544 0.188989
-1.50762 0.190796
-1.48979 0.192618
-1.47196 0.194453
-1.45413 0.196302
-1.4363 0.198164
-1.41847 0.20004
-1.40064 0.201928
-1.38281 0.203829
-1.36498 0.205742
-1.34715 0.207668
-1.32932 0.209605
-1.31149 0.211554
-1.29366 0.213513
-1.27584 0.215484
-1.25801 0.217464
-1.24018 0.219453
-1.22235 0.221452
-1.20452 0.223459
-1.18669 0.225474
-1.16886 0.227497
-1.15103 0.229525
-1.1332 0.231559
-1.11537 0.233598
-1.09754 0.235641
-1.07971 0.237686
-1.06188 0.239734
-1.04405 0.241782
-1.02623 0.24383
-1.0084 0.245877
-0.990567 0.247921
-0.972738 0.24996
-0.954909 0.251994
-0.937079 0.254021
-0.91925 0.256038
-0.901421 0.258046
-0.883592 0.26004
-0.865762 0.262021
-0.847933 0.263985
-0.830104 0.26593
-0.812275 0.267855
-0.794445 0.269757
-0.776616 0.271633
-0.758787 0.273481
-0.740958 0.275298
-0.723128 0.277082
-0.705299 0.278829
-0.68747 0.280536
-0.669641 0.2822
-0.651811 0.283819
-0.633982 0.285387
-0.616153 0.286902
-0.598324 0.288361
-0.580494 0.289759
-0.562665 0.291093
-0.544836 0.292358
-0.527007 0.293551
-0.509177 0.294667
-0.491348 0.295703
-0.473519 0.296653
-0.45569 0.297515
-0.43786 0.298283
-0.420031 0.298954
-0.402202 0.299522
-0.384373 0.299985
-0.366543 0.300337
-0.348714 0.300576
-0.330885 0.300696
-0.313056 0.300695
-0.295226 0.300568
-0.277397 0.300313
-0.259568 0.299927
-0.241739 0.299406
-0.223909 0.298748
-0.20608 0.297951
-0.188251 0.297014
-0.170422 0.295935
-0.152592 0.294712
-0.134763 0.293346
-0.116934 0.291837
-0.0991046 0.290184
-0.0812754 0.28839
-0.0634461 0.286454
-0.0456169 0.28438
-0.0277876 0.282169
-0.00995839 0.279825
0.00787086 0.27735
0.0257001 0.274749
0.0435294 0.272026
0.0613586 0.269185
0.0791879 0.266231
0.0970171 0.26317
0.114846 0.260008
0.132676 0.25675
0.150505 0.253402
0.168334 0.249971
0.186163 0.246464
0.203993 0.242886
0.221822 0.239246
0.239651 0.235548
0.25748 0.231801
0.27531 0.22801
0.293139 0.224182
0.310968 0.220324
0.328797 0.216442
0.346627 0.212542
0.364456 0.20863
0.382285 0.204712
0.400114 0.200793
0.417944 0.196878
0.435773 0.192973
0.453602 0.189082
0.471431 0.18521
0.489261 0.18136
0.50709 0.177537
0.524919 0.173745
0.542748 0.169987
0.560578 0.166265
0.578407 0.162584
0.596236 0.158945
0.614065 0.15535
0.631895 0.151803
0.649724 0.148304
0.667553 0.144857
0.685382 0.141461
0.703212 0.138118
0.721041 0.13483
0.73887 0.131598
0.756699 0.128421
0.774529 0.125302
0.792358 0.12224
0.810187 0.119235
0.828016 0.116288
0.845846 0.113399
0.863675 0.110568
0.881504 0.107795
0.899333 0.105079
0.917163 0.10242
0.934992 0.0998187
0.952821 0.0972736
0.97065 0.0947844
0.98848 0.0923507
1.00631 0.0899718
1.02414 0.087647
1.04197 0.0853758
1.0598 0.0831572
1.07763 0.0809907
1.09546 0.0788753
1.11328 0.0768104
1.13111 0.074795
1.14894 0.0728283
1.16677 0.0709095
1.1846 0.0690377
1.20243 0.0672121
1.22026 0.0654316
1.23809 0.0636956
1.25592 0.062003
1.27375 0.060353
1.29158 0.0587446
1.30941 0.0571772
1.32724 0.0556496
1.34506 0.0541612
1.36289 0.052711
1.38072 0.0512981
1.39855 0.0499218
1.41638 0.0485812
1.43421 0.0472754
1.45204 0.0460037
1.46987 0.0447652
1.4877 0.0435592
1.50553 0.0423849
1.52336 0.0412416
1.54119 0.0401284
1.55902 0.0390446
1.57684 0.0379895
1.59467 0.0369625
1.6125 0.0359627
1.63033 0.0349896
1.64816 0.0340425
1.66599 0.0331206
1.68382 0.0322234
1.70165 0.0313502
1.71948 0.0305004
1.73731 0.0296734
1.75514 0.0288687
1.77297 0.0280856
1.7908 0.0273236
1.80863 0.0265821
1.82645 0.0258607
1.84428 0.0251587
1.86211 0.0244756
1.87994 0.0238111
1.89777 0.0231645
1.9156 0.0225354
1.93343 0.0219234
1.95126 0.0213279
1.96909 0.0207486
1.98692 0.020185
2.00475 0.0196367
2.02258 0.0191033
2.04041 0.0185844
2.05823 0.0180796
2.07606 0.0175885
2.09389 0.0171108
2.11172 0.0166461
2.12955 0.016194
2.14738 0.0157542
2.16521 0.0153264
2.18304 0.0149102
2.20087 0.0145053
2.2187 0.0141115
2.23653 0.0137284
2.25436 0.0133558
2.27219 0.0129933
2.29001 0.0126407
2.30784 0.0122977
2.32567 0.011964
2.3435 0.0116394
2.36133 0.0113237
2.37916 0.0110166
2.39699 0.0107179
2.41482 0.0104273
2.43265 0.0101446
2.45048 0.00986959
2.46831 0.0096021
2.48614 0.00934191
2.50397 0.00908881
2.52179 0.0088426
2.53962 0.0086031
2.55745 0.00837013
2.57528 0.0081435
2.59311 0.00792305
2.61094 0.00770861
2.62877 0.0075
2.6466 0.00729708
2.66443 0.00709968
2.68226 0.00690766
2.70009 0.00672086
2.71792 0.00653915
2.73575 0.00636239
2.75358 0.00619043
2.7714 0.00602316
2.78923 0.00586044
2.80706 0.00570214
2.82489 0.00554815
2.84272 0.00539834
2.86055 0.00525261
2.87838 0.00511084
2.89621 0.00497292
2.91404 0.00483875
2.93187 0.00470823
2.9497 0.00458125
2.96753 0.00445772
2.98536 0.00433755
3.00318 0.00422064
3.02101 0.0041069
3.03884 0.00399625
3.05667 0.0038886
3.0745 0.00378388
3.09233 0.00368199
3.11016 0.00358287
3.12799 0.00348643
3.14582 0.00339261
3.16365 0.00330133
3.18148 0.00321253
3.19931 0.00312613
3.21714 0.00304207
3.23496 0.00296029
3.25279 0.00288072
3.27062 0.00280331
3.28845 0.00272799
3.30628 0.00265471
3.32411 0.00258341
3.34194 0.00251405
3.35977 0.00244655
3.3776 0.00238088
3.39543 0.00231699
3.41326 0.00225483
3.43109 0.00219434
3.44892 0.00213549
3.46675 0.00207823
3.48457 0.00202251
3.5024 0.0019683
3.52023 0.00191555
3.53806 0.00186422
3.55589 0.00181428
3.57372 0.00176569
3.59155 0.00171841
3.60938 0.0016724
3.62721 0.00162763
3.64504 0.00158407
3.66287 0.00154169
3.6807 0.00150044
3.69853 0.00146031
3.71635 0.00142125
3.73418 0.00138325
3.75201 0.00134627
3.76984 0.00131029
3.78767 0.00127528
3.8055 0.0012412
3.82333 0.00120805
3.84116 0.00117578
3.85899 0.00114438
3.87682 0.00111383
3.89465 0.0010841
3.91248 0.00105517
3.93031 0.00102701
3.94813 0.00099961
3.96596 0.000972945
3.98379 0.000946997
4.00162 0.000921745
4.01945 0.000897171
4.03728 0.000873257
4.05511 0.000849984
4.07294 0.000827335
4.09077 0.000805293
4.1086 0.000783843
4.12643 0.000762967
