-13.7285 1.69001e-05
-13.677 1.74604e-05
-13.6255 1.80395e-05
-13.574 1.8638e-05
-13.5225 1.92566e-05
-13.4709 1.9896e-05
-13.4194 2.05567e-05
-13.3679 2.12397e-05
-13.3164 2.19456e-05
-13.2648 2.26752e-05
-13.2133 2.34294e-05
-13.1618 2.42089e-05
-13.1103 2.50146e-05
-13.0587 2.58475e-05
-13.0072 2.67084e-05
-12.9557 2.75983e-05
-12.9042 2.85181e-05
-12.8526 2.9469e-05
-12.8011 3.0452e-05
-12.7496 3.14682e-05
-12.6981 3.25186e-05
-12.6466 3.36045e-05
-12.595 3.47271e-05
-12.5435 3.58877e-05
-12.492 3.70875e-05
-12.4405 3.8328e-05
-12.3889 3.96104e-05
-12.3374 4.09362e-05
-12.2859 4.2307e-05
-12.2344 4.37243e-05
-12.1828 4.51896e-05
-12.1313 4.67047e-05
-12.0798 4.82712e-05
-12.0283 4.9891e-05
-11.9767 5.15657e-05
-11.9252 5.32975e-05
-11.8737 5.50881e-05
-11.8222 5.69398e-05
-11.7707 5.88544e-05
-11.7191 6.08344e-05
-11.6676 6.28818e-05
-11.6161 6.49991e-05
-11.5646 6.71886e-05
-11.513 6.94529e-05
-11.4615 7.17946e-05
-11.41 7.42164e-05
-11.3585 7.67209e-05
-11.3069 7.93113e-05
-11.2554 8.19903e-05
-11.2039 8.47611e-05
-11.1524 8.76269e-05
-11.1008 9.0591e-05
-11.0493 9.36569e-05
-10.9978 9.6828e-05
-10.9463 0.000100108
-10.8948 0.000103501
-10.8432 0.000107011
-10.7917 0.000110641
-10.7402 0.000114397
-10.6887 0.000118282
-10.6371 0.000122301
-10.5856 0.000126459
-10.5341 0.00013076
-10.4826 0.00013521
-10.431 0.000139814
-10.3795 0.000144577
-10.328 0.000149505
-10.2765 0.000154604
-10.2249 0.00015988
-10.1734 0.000165338
-10.1219 0.000170987
-10.0704 0.000176831
-10.0189 0.000182879
-9.96733 0.000189137
-9.91581 0.000195613
-9.86428 0.000202315
-9.81276 0.00020925
-9.76123 0.000216427
-9.70971 0.000223855
-9.65819 0.000231543
-9.60666 0.000239499
-9.55514 0.000247734
-9.50362 0.000256257
-9.45209 0.000265079
-9.40057 0.00027421
-9.34905 0.000283663
-9.29752 0.000293447
-9.246 0.000303575
-9.19448 0.000314059
-9.14295 0.000324913
-9.09143 0.00033615
-9.03991 0.000347782
-8.98838 0.000359826
-8.93686 0.000372295
-8.88533 0.000385205
-8.83381 0.000398572
-8.78229 0.000412413
-8.73076 0.000426745
-8.67924 0.000441585
-8.62772 0.000456952
-8.57619 0.000472866
-8.52467 0.000489346
-8.47315 0.000506413
-8.42162 0.000524089
-8.3701 0.000542396
-8.31858 0.000561357
-8.26705 0.000580995
-8.21553 0.000601337
-8.16401 0.000622407
-8.11248 0.000644234
-8.06096 0.000666843
-8.00944 0.000690266
-7.95791 0.000714531
-7.90639 0.000739669
-7.85486 0.000765714
-7.80334 0.000792699
-7.75182 0.000820659
-7.70029 0.00084963
-7.64877 0.00087965
-7.59725 0.000910758
-7.54572 0.000942995
-7.4942 0.000976403
-7.44268 0.00101103
-7.39115 0.00104691
-7.33963 0.0010841
-7.28811 0.00112265
-7.23658 0.00116261
-7.18506 0.00120403
-7.13354 0.00124697
-7.08201 0.00129148
-7.03049 0.00133762
-6.97896 0.00138547
-6.92744 0.00143507
-6.87592 0.0014865
-6.82439 0.00153983
-6.77287 0.00159514
-6.72135 0.00165249
-6.66982 0.00171196
-6.6183 0.00177364
-6.56678 0.00183761
-6.51525 0.00190397
-6.46373 0.00197279
-6.41221 0.00204419
-6.36068 0.00211825
-6.30916 0.00219509
-6.25764 0.0022748
-6.20611 0.00235751
-6.15459 0.00244333
-6.10307 0.00253238
-6.05154 0.00262478
-6.00002 0.00272068
-5.94849 0.0028202
-5.89697 0.0029235
-5.84545 0.00303071
-5.79392 0.003142
-5.7424 0.00325753
-5.69088 0.00337747
-5.63935 0.00350199
-5.58783 0.00363127
-5.53631 0.00376551
-5.48478 0.0039049
-5.43326 0.00404966
-5.38174 0.00419999
-5.33021 0.00435613
-5.27869 0.00451831
-5.22717 0.00468678
-5.17564 0.00486178
-5.12412 0.0050436
-5.07259 0.00523249
-5.02107 0.00542877
-4.96955 0.00563272
-4.91802 0.00584467
-4.8665 0.00606495
-4.81498 0.00629389
-4.76345 0.00653186
-4.71193 0.00677924
-4.66041 0.00703641
-4.60888 0.00730379
-4.55736 0.0075818
-4.50584 0.00787088
-4.45431 0.00817152
-4.40279 0.00848418
-4.35127 0.00880939
-4.29974 0.00914766
-4.24822 0.00949957
-4.1967 0.00986568
-4.14517 0.0102466
-4.09365 0.010643
-4.04212 0.0110555
-3.9906 0.0114847
-3.93908 0.0119315
-3.88755 0.0123966
-3.83603 0.0128808
-3.78451 0.0133849
-3.73298 0.0139097
-3.68146 0.0144562
-3.62994 0.0150254
-3.57841 0.0156181
-3.52689 0.0162355
-3.47537 0.0168786
-3.42384 0.0175485
-3.37232 0.0182465
-3.3208 0.0189737
-3.26927 0.0197315
-3.21775 0.0205212
-3.16622 0.0213443
-3.1147 0.0222021
-3.06318 0.0230962
-3.01165 0.0240283
-2.96013 0.025
-2.90861 0.026013
-2.85708 0.0270693
-2.80556 0.0281706
-2.75404 0.0293189
-2.70251 0.0305164
-2.65099 0.0317651
-2.59947 0.0330673
-2.54794 0.0344253
-2.49642 0.0358415
-2.4449 0.0373184
-2.39337 0.0388585
-2.34185 0.0404645
-2.29033 0.0421392
-2.2388 0.0438852
-2.18728 0.0457055
-2.13575 0.0476031
-2.08423 0.0495809
-2.03271 0.051642
-1.98118 0.0537893
-1.92966 0.0560261
-1.87814 0.0583554
-1.82661 0.0607801
-1.77509 0.0633033
-1.72357 0.0659278
-1.67204 0.0686564
-1.62052 0.0714916
-1.569 0.0744357
-1.51747 0.0774907
-1.46595 0.0806582
-1.41443 0.0839392
-1.3629 0.0873345
-1.31138 0.0908439
-1.25985 0.0944665
-1.20833 0.0982007
-1.15681 0.102043
-1.10528 0.105991
-1.05376 0.110038
-1.00224 0.114177
-0.950714 0.118401
-0.89919 0.122698
-0.847667 0.127057
-0.796143 0.131463
-0.74462 0.135899
-0.693096 0.140348
-0.641573 0.144789
-0.590049 0.149197
-0.538526 0.153549
-0.487002 0.157819
-0.435479 0.161977
-0.383955 0.165994
-0.332432 0.169843
-0.280908 0.173492
-0.229384 0.176914
-0.177861 0.180081
-0.126337 0.182968
-0.0748139 0.185553
-0.0232904 0.187817
0.0282331 0.189745
0.0797566 0.191326
0.13128 0.192554
0.182804 0.193428
0.234327 0.193949
0.285851 0.194126
0.337374 0.193968
0.388898 0.193491
0.440421 0.192711
0.491945 0.191647
0.543468 0.19032
0.594992 0.188753
0.646515 0.186969
0.698039 0.184989
0.749562 0.182837
0.801086 0.180535
0.852609 0.178103
0.904133 0.175562
0.955656 0.172929
1.00718 0.170223
1.0587 0.167458
1.11023 0.16465
1.16175 0.161812
1.21327 0.158955
1.2648 0.156089
1.31632 0.153224
1.36784 0.150369
1.41937 0.147529
1.47089 0.144711
1.52242 0.141921
1.57394 0.139163
1.62546 0.13644
1.67699 0.133757
1.72851 0.131114
1.78003 0.128516
1.83156 0.125962
1.88308 0.123455
1.9346 0.120995
1.98613 0.118583
2.03765 0.11622
2.08917 0.113905
2.1407 0.111639
2.19222 0.109421
2.24374 0.107252
2.29527 0.105129
2.34679 0.103054
2.39831 0.101025
2.44984 0.0990422
2.50136 0.097104
2.55289 0.0952098
2.60441 0.093359
2.65593 0.0915506
2.70746 0.0897836
2.75898 0.0880574
2.8105 0.0863708
2.86203 0.0847231
2.91355 0.0831132
2.96507 0.0815404
3.0166 0.0800037
3.06812 0.0785022
3.11964 0.0770351
3.17117 0.0756014
3.22269 0.0742004
3.27421 0.0728311
3.32574 0.0714929
3.37726 0.0701848
3.42879 0.0689061
3.48031 0.0676561
3.53183 0.0664339
3.58336 0.065239
3.63488 0.0640704
3.6864 0.0629277
3.73793 0.06181
3.78945 0.0607168
3.84097 0.0596473
3.8925 0.0586011
3.94402 0.0575774
3.99554 0.0565757
4.04707 0.0555954
4.09859 0.0546359
4.15011 0.0536969
4.20164 0.0527776
4.25316 0.0518776
4.30468 0.0509964
4.35621 0.0501335
4.40773 0.0492885
4.45926 0.0484609
4.51078 0.0476503
4.5623 0.0468563
4.61383 0.0460783
4.66535 0.0453161
4.71687 0.0445693
4.7684 0.0438374
4.81992 0.0431201
4.87144 0.0424171
4.92297 0.041728
4.97449 0.0410524
5.02601 0.04039
5.07754 0.0397406
5.12906 0.0391038
5.18058 0.0384793
5.23211 0.0378668
5.28363 0.037266
5.33516 0.0366767
5.38668 0.0360986
5.4382 0.0355315
5.48973 0.034975
5.54125 0.0344289
5.59277 0.0338931
5.6443 0.0333672
5.69582 0.0328511
5.74734 0.0323444
5.79887 0.0318471
5.85039 0.0313589
5.90191 0.0308795
5.95344 0.0304089
6.00496 0.0299468
6.05648 0.029493
6.10801 0.0290473
6.15953 0.0286096
6.21105 0.0281797
6.26258 0.0277574
6.3141 0.0273425
6.36563 0.026935
6.41715 0.0265346
6.46867 0.0261412
6.5202 0.0257546
6.57172 0.0253748
6.62324 0.0250015
6.67477 0.0246346
6.72629 0.024274
6.77781 0.0239196
6.82934 0.0235712
6.88086 0.0232288
6.93238 0.0228921
6.98391 0.0225611
7.03543 0.0222357
7.08695 0.0219157
7.13848 0.021601
7.19 0.0212916
7.24153 0.0209873
7.29305 0.0206881
7.34457 0.0203938
7.3961 0.0201043
7.44762 0.0198196
7.49914 0.0195395
7.55067 0.0192639
7.60219 0.0189929
7.65371 0.0187262
7.70524 0.0184638
7.75676 0.0182056
7.80828 0.0179516
7.85981 0.0177016
7.91133 0.0174556
7.96285 0.0172135
8.01438 0.0169753
8.0659 0.0167408
8.11742 0.01651
8.16895 0.0162829
8.22047 0.0160593
8.272 0.0158392
8.32352 0.0156225
8.37504 0.0154092
8.42657 0.0151992
8.47809 0.0149924
8.52961 0.0147888
8.58114 0.0145884
8.63266 0.014391
8.68418 0.0141967
8.73571 0.0140053
8.78723 0.0138168
8.83875 0.0136312
8.89028 0.0134484
8.9418 0.0132684
8.99332 0.013091
9.04485 0.0129164
9.09637 0.0127443
9.1479 0.0125749
9.19942 0.0124079
9.25094 0.0122435
9.30247 0.0120815
9.35399 0.0119219
9.40551 0.0117646
9.45704 0.0116097
9.50856 0.011457
9.56008 0.0113066
9.61161 0.0111584
9.66313 0.0110124
9.71465 0.0108685
9.76618 0.0107267
9.8177 0.0105869
9.86922 0.0104492
9.92075 0.0103135
9.97227 0.0101797
10.0238 0.0100479
10.0753 0.00991791
10.1268 0.00978983
10.1784 0.00966358
10.2299 0.00953913
10.2814 0.00941646
10.3329 0.00929553
10.3845 0.00917632
10.436 0.0090588
10.4875 0.00894295
10.539 0.00882873
10.5906 0.00871612
10.6421 0.00860509
10.6936 0.00849562
10.7451 0.00838769
10.7966 0.00828126
10.8482 0.00817633
10.8997 0.00807285
10.9512 0.00797081
11.0027 0.00787019
11.0543 0.00777097
11.1058 0.00767312
11.1573 0.00757662
11.2088 0.00748145
11.2604 0.00738759
11.3119 0.00729502
11.3634 0.00720372
11.4149 0.00711367
11.4665 0.00702485
11.518 0.00693724
11.5695 0.00685083
11.621 0.00676559
11.6725 0.00668151
11.7241 0.00659857
11.7756 0.00651675
11.8271 0.00643604
11.8786 0.00635642
11.9302 0.00627787
11.9817 0.00620038
12.0332 0.00612392
12.0847 0.00604849
12.1363 0.00597408
12.1878 0.00590065
12.2393 0.00582821
12.2908 0.00575673
12.3424 0.0056862
12.3939 0.00561661
12.4454 0.00554795
12.4969 0.00548019
12.5484 0.00541333
12.6 0.00534735
12.6515 0.00528225
12.703 0.005218
12.7545 0.00515459
12.8061 0.00509202
12.8576 0.00503027
12.9091 0.00496933
12.9606 0.00490918
13.0122 0.00484982
13.0637 0.00479124
13.1152 0.00473341
13.1667 0.00467634
13.2183 0.00462002
13.2698 0.00456442
13.3213 0.00450954
13.3728 0.00445537
13.4243 0.00440191
13.4759 0.00434913
13.5274 0.00429703
13.5789 0.00424561
13.6304 0.00419484
13.682 0.00414473
13.7335 0.00409526
13.785 0.00404642
13.8365 0.00399821
13.8881 0.00395062
13.9396 0.00390363
13.9911 0.00385724
14.0426 0.00381144
14.0942 0.00376622
14.1457 0.00372158
14.1972 0.0036775
14.2487 0.00363399
14.3002 0.00359102
14.3518 0.0035486
14.4033 0.00350671
14.4548 0.00346535
14.5063 0.00342451
14.5579 0.00338419
14.6094 0.00334437
14.6609 0.00330505
14.7124 0.00326623
14.764 0.00322789
14.8155 0.00319003
14.867 0.00315265
14.9185 0.00311573
14.9701 0.00307927
15.0216 0.00304327
15.0731 0.00300771
15.1246 0.0029726
15.1761 0.00293792
15.2277 0.00290367
15.2792 0.00286985
15.3307 0.00283645
15.3822 0.00280346
15.4338 0.00277087
15.4853 0.00273869
15.5368 0.00270691
15.5883 0.00267552
15.6399 0.00264451
15.6914 0.00261389
15.7429 0.00258364
15.7944 0.00255376
15.846 0.00252425
15.8975 0.0024951
15.949 0.00246631
16.0005 0.00243787
16.052 0.00240977
16.1036 0.00238202
16.1551 0.00235461
16.2066 0.00232753
16.2581 0.00230078
16.3097 0.00227436
16.3612 0.00224825
16.4127 0.00222247
16.4642 0.00219699
16.5158 0.00217183
16.5673 0.00214697
16.6188 0.0021224
16.6703 0.00209814
16.7219 0.00207417
16.7734 0.00205049
16.8249 0.00202709
16.8764 0.00200397
16.9279 0.00198114
16.9795 0.00195857
17.031 0.00193628
17.0825 0.00191426
17.134 0.0018925
17.1856 0.001871
17.2371 0.00184975
17.2886 0.00182876
17.3401 0.00180802
17.3917 0.00178753
17.4432 0.00176729
17.4947 0.00174728
17.5462 0.00172751
17.5978 0.00170798
17.6493 0.00168868
17.7008 0.00166961
17.7523 0.00165077
17.8038 0.00163215
17.8554 0.00161375
17.9069 0.00159556
17.9584 0.0015776
18.0099 0.00155984
18.0615 0.0015423
18.113 0.00152496
18.1645 0.00150782
18.216 0.00149089
18.2676 0.00147416
18.3191 0.00145762
18.3706 0.00144128
18.4221 0.00142513
18.4737 0.00140917
18.5252 0.0013934
18.5767 0.00137781
18.6282 0.00136241
18.6797 0.00134718
18.7313 0.00133214
18.7828 0.00131727
18.8343 0.00130257
18.8858 0.00128805
18.9374 0.00127369
18.9889 0.0012595
19.0404 0.00124548
19.0919 0.00123162
19.1435 0.00121792
19.195 0.00120438
19.2465 0.001191
19.298 0.00117777
19.3496 0.0011647
19.4011 0.00115178
19.4526 0.001139
19.5041 0.00112638
19.5556 0.0011139
19.6072 0.00110157
19.6587 0.00108938
19.7102 0.00107733
19.7617 0.00106541
19.8133 0.00105364
19.8648 0.001042
19.9163 0.0010305
19.9678 0.00101912
20.0194 0.00100788
20.0709 0.000996771
20.1224 0.000985787
20.1739 0.000974928
20.2255 0.000964195
20.277 0.000953584
20.3285 0.000943095
20.38 0.000932726
20.4315 0.000922476
20.4831 0.000912343
20.5346 0.000902326
20.5861 0.000892423
20.6376 0.000882633
20.6892 0.000872955
20.7407 0.000863387
20.7922 0.000853929
20.8437 0.000844578
20.8953 0.000835334
20.9468 0.000826194
20.9983 0.000817159
21.0498 0.000808226
21.1014 0.000799395
21.1529 0.000790664
21.2044 0.000782032
21.2559 0.000773498
21.3074 0.000765061
21.359 0.000756719
21.4105 0.000748472
21.462 0.000740318
21.5135 0.000732256
21.5651 0.000724285
21.6166 0.000716405
21.6681 0.000708613
21.7196 0.000700909
21.7712 0.000693292
21.8227 0.000685761
21.8742 0.000678314
21.9257 0.000670952
21.9773 0.000663672
22.0288 0.000656474
22.0803 0.000649357
22.1318 0.00064232
22.1833 0.000635362
22.2349 0.000628482
22.2864 0.000621679
22.3379 0.000614953
22.3894 0.000608302
22.441 0.000601725
22.4925 0.000595222
22.544 0.000588792
22.5955 0.000582433
22.6471 0.000576146
22.6986 0.000569929
22.7501 0.000563781
22.8016 0.000557702
22.8532 0.00055169
22.9047 0.000545746
22.9562 0.000539868
23.0077 0.000534055
23.0592 0.000528308
23.1108 0.000522624
23.1623 0.000517003
23.2138 0.000511445
23.2653 0.000505948
23.3169 0.000500512
23.3684 0.000495137
23.4199 0.000489822
23.4714 0.000484565
23.523 0.000479367
23.5745 0.000474226
23.626 0.000469142
23.6775 0.000464115
23.729 0.000459143
23.7806 0.000454226
23.8321 0.000449363
23.8836 0.000444554
23.9351 0.000439799
23.9867 0.000435095
24.0382 0.000430444
24.0897 0.000425844
24.1412 0.000421294
24.1928 0.000416795
24.2443 0.000412345
24.2958 0.000407945
24.3473 0.000403592
24.3989 0.000399288
24.4504 0.000395031
24.5019 0.000390821
24.5534 0.000386656
24.6049 0.000382538
24.6565 0.000378465
24.708 0.000374436
24.7595 0.000370452
24.811 0.000366511
24.8626 0.000362614
24.9141 0.000358759
24.9656 0.000354947
25.0171 0.000351176
25.0687 0.000347446
25.1202 0.000343757
25.1717 0.000340109
25.2232 0.0003365
25.2748 0.000332931
25.3263 0.000329401
25.3778 0.000325909
25.4293 0.000322455
25.4808 0.000319039
25.5324 0.00031566
25.5839 0.000312318
25.6354 0.000309013
25.6869 0.000305743
25.7385 0.000302509
25.79 0.00029931
25.8415 0.000296146
25.893 0.000293016
25.9446 0.000289921
25.9961 0.000286858
26.0476 0.00028383
26.0991 0.000280834
26.1507 0.00027787
26.2022 0.000274939
26.2537 0.000272039
26.3052 0.000269171
26.3567 0.000266334
26.4083 0.000263528
26.4598 0.000260752
26.5113 0.000258006
26.5628 0.000255289
26.6144 0.000252602
26.6659 0.000249944
26.7174 0.000247315
26.7689 0.000244714
26.8205 0.000242142
26.872 0.000239597
26.9235 0.000237079
26.975 0.000234589
27.0266 0.000232125
27.0781 0.000229688
27.1296 0.000227278
27.1811 0.000224893
27.2326 0.000222534
27.2842 0.0002202
27.3357 0.000217892
27.3872 0.000215608
27.4387 0.000213349
27.4903 0.000211114
27.5418 0.000208903
27.5933 0.000206715
27.6448 0.000204552
27.6964 0.000202411
27.7479 0.000200294
27.7994 0.000198199
27.8509 0.000196126
27.9025 0.000194076
27.954 0.000192048
28.0055 0.000190042
28.057 0.000188056
28.1085 0.000186093
28.1601 0.00018415
28.2116 0.000182228
28.2631 0.000180326
28.3146 0.000178445
28.3662 0.000176584
28.4177 0.000174743
28.4692 0.000172922
28.5207 0.00017112
28.5723 0.000169337
28.6238 0.000167573
28.6753 0.000165828
28.7268 0.000164101
28.7784 0.000162393
28.8299 0.000160704
28.8814 0.000159032
28.9329 0.000157378
28.9844 0.000155741
29.036 0.000154122
29.0875 0.000152521
29.139 0.000150936
29.1905 0.000149368
29.2421 0.000147817
29.2936 0.000146282
29.3451 0.000144763
29.3966 0.000143261
29.4482 0.000141775
29.4997 0.000140304
29.5512 0.000138849
29.6027 0.000137409
29.6543 0.000135985
29.7058 0.000134576
29.7573 0.000133181
29.8088 0.000131802
29.8603 0.000130437
29.9119 0.000129086
29.9634 0.00012775
30.0149 0.000126428
30.0664 0.00012512
30.118 0.000123826
30.1695 0.000122545
30.221 0.000121278
30.2725 0.000120024
30.3241 0.000118784
30.3756 0.000117557
30.4271 0.000116342
30.4786 0.000115141
30.5302 0.000113952
30.5817 0.000112775
30.6332 0.000111612
30.6847 0.00011046
30.7362 0.00010932
30.7878 0.000108193
30.8393 0.000107077
30.8908 0.000105973
30.9423 0.000104881
30.9939 0.0001038
31.0454 0.000102731
31.0969 0.000101672
31.1484 0.000100625
31.2 9.95892e-05
31.2515 9.8564e-05
31.303 9.75496e-05
31.3545 9.65458e-05
31.4061 9.55526e-05
31.4576 9.45698e-05
31.5091 9.35973e-05
31.5606 9.2635e-05
31.6121 9.16828e-05
31.6637 9.07406e-05
31.7152 8.98083e-05
31.7667 8.88857e-05
31.8182 8.79728e-05
31.8698 8.70695e-05
31.9213 8.61756e-05
31.9728 8.52911e-05
32.0243 8.44158e-05
32.0759 8.35497e-05
32.1274 8.26927e-05
32.1789 8.18446e-05
32.2304 8.10054e-05
32.282 8.0175e-05
32.3335 7.93532e-05
32.385 7.854e-05
32.4365 7.77354e-05
32.488 7.69391e-05
32.5396 7.61511e-05
32.5911 7.53714e-05
32.6426 7.45998e-05
32.6941 7.38362e-05
32.7457 7.30806e-05
32.7972 7.23329e-05
32.8487 7.1593e-05
32.9002 7.08608e-05
32.9518 7.01362e-05
33.0033 6.94192e-05
33.0548 6.87096e-05
33.1063 6.80074e-05
33.1579 6.73125e-05
33.2094 6.66249e-05
33.2609 6.59444e-05
33.3124 6.5271e-05
33.3639 6.46046e-05
33.4155 6.39451e-05
33.467 6.32925e-05
33.5185 6.26467e-05
33.57 6.20075e-05
33.6216 6.13751e-05
33.6731 6.07491e-05
33.7246 6.01297e-05
33.7761 5.95167e-05
33.8277 5.89101e-05
33.8792 5.83098e-05
33.9307 5.77156e-05
33.9822 5.71277e-05
34.0338 5.65458e-05
34.0853 5.597e-05
34.1368 5.54002e-05
34.1883 5.48362e-05
34.2398 5.42781e-05
34.2914 5.37258e-05
34.3429 5.31791e-05
34.3944 5.26382e-05
34.4459 5.21028e-05
34.4975 5.1573e-05
34.549 5.10487e-05
34.6005 5.05298e-05
34.652 5.00162e-05
34.7036 4.9508e-05
34.7551 4.9005e-05
34.8066 4.85072e-05
34.8581 4.80146e-05
34.9097 4.7527e-05
34.9612 4.70445e-05
35.0127 4.65669e-05
35.0642 4.60943e-05
35.1157 4.56266e-05
35.1673 4.51637e-05
35.2188 4.47055e-05
35.2703 4.42521e-05
35.3218 4.38034e-05
35.3734 4.33593e-05
35.4249 4.29198e-05
35.4764 4.24848e-05
35.5279 4.20542e-05
35.5795 4.16282e-05
35.631 4.12065e-05
35.6825 4.07891e-05
35.734 4.0376e-05
35.7856 3.99672e-05
35.8371 3.95626e-05
35.8886 3.91622e-05
35.9401 3.87659e-05
35.9916 3.83736e-05
36.0432 3.79854e-05
36.0947 3.76012e-05
36.1462 3.72209e-05
36.1977 3.68445e-05
36.2493 3.6472e-05
36.3008 3.61034e-05
36.3523 3.57385e-05
36.4038 3.53773e-05
36.4554 3.50199e-05
36.5069 3.46661e-05
36.5584 3.4316e-05
36.6099 3.39694e-05
36.6615 3.36264e-05
36.713 3.3287e-05
36.7645 3.2951e-05
36.816 3.26184e-05
36.8675 3.22893e-05
36.9191 3.19635e-05
36.9706 3.16411e-05
37.0221 3.13219e-05
37.0736 3.10061e-05
37.1252 3.06934e-05
37.1767 3.0384e-05
37.2282 3.00777e-05
37.2797 2.97746e-05
37.3313 2.94746e-05
37.3828 2.91776e-05
37.4343 2.88837e-05
37.4858 2.85928e-05
37.5374 2.83049e-05
37.5889 2.80199e-05
37.6404 2.77378e-05
37.6919 2.74586e-05
37.7434 2.71822e-05
