-0.32628 0.000711932
-0.300321 0.000839808
-0.274362 0.000987898
-0.248403 0.00115883
-0.222445 0.00135545
-0.196486 0.00158087
-0.170527 0.00183841
-0.144568 0.00213163
-0.118609 0.0024643
-0.0926504 0.00284041
-0.0666915 0.00326413
-0.0407327 0.0037398
-0.0147739 0.00427188
0.011185 0.00486495
0.0371438 0.00552366
0.0631027 0.00625267
0.0890615 0.00705663
0.11502 0.00794012
0.140979 0.00890761
0.166938 0.00996339
0.192897 0.0111116
0.218856 0.0123559
0.244815 0.0137
0.270773 0.0151468
0.296732 0.0166992
0.322691 0.0183594
0.34865 0.0201291
0.374609 0.0220098
0.400568 0.024002
0.426526 0.0261061
0.452485 0.0283216
0.478444 0.0306475
0.504403 0.0330824
0.530362 0.0356242
0.556321 0.0382704
0.582279 0.0410177
0.608238 0.0438626
0.634197 0.0468009
0.660156 0.0498282
0.686115 0.0529396
0.712074 0.0561297
0.738032 0.059393
0.763991 0.0627236
0.78995 0.0661155
0.815909 0.0695623
0.841868 0.0730576
0.867827 0.076595
0.893786 0.0801678
0.919744 0.0837695
0.945703 0.0873934
0.971662 0.091033
0.997621 0.0946818
1.02358 0.0983336
1.04954 0.101982
1.0755 0.105621
1.10146 0.109245
1.12742 0.112848
1.15337 0.116424
1.17933 0.119969
1.20529 0.123478
1.23125 0.126945
1.25721 0.130367
1.28317 0.133738
1.30913 0.137056
1.33509 0.140316
1.36104 0.143515
1.387 0.14665
1.41296 0.149718
1.43892 0.152716
1.46488 0.155643
1.49084 0.158495
1.5168 0.161271
1.54276 0.16397
1.56872 0.166589
1.59467 0.169128
1.62063 0.171585
1.64659 0.173961
1.67255 0.176253
1.69851 0.178462
1.72447 0.180587
1.75043 0.182629
1.77639 0.184586
1.80234 0.18646
1.8283 0.188251
1.85426 0.189959
1.88022 0.191584
1.90618 0.193127
1.93214 0.194589
1.9581 0.195971
1.98406 0.197273
2.01002 0.198497
2.03597 0.199644
2.06193 0.200714
2.08789 0.201709
2.11385 0.20263
2.13981 0.203478
2.16577 0.204255
2.19173 0.204962
2.21769 0.2056
2.24365 0.206171
2.2696 0.206676
2.29556 0.207116
2.32152 0.207494
2.34748 0.20781
2.37344 0.208066
2.3994 0.208263
2.42536 0.208403
2.45132 0.208487
2.47727 0.208517
2.50323 0.208494
2.52919 0.20842
2.55515 0.208296
2.58111 0.208124
2.60707 0.207904
2.63303 0.207639
2.65899 0.20733
2.68495 0.206978
2.7109 0.206584
2.73686 0.20615
2.76282 0.205677
2.78878 0.205167
2.81474 0.204621
2.8407 0.204039
2.86666 0.203424
2.89262 0.202776
2.91858 0.202097
2.94453 0.201387
2.97049 0.200649
2.99645 0.199882
3.02241 0.199089
3.04837 0.19827
3.07433 0.197426
3.10029 0.196559
3.12625 0.195668
3.1522 0.194757
3.17816 0.193824
3.20412 0.192872
3.23008 0.1919
3.25604 0.190911
3.282 0.189905
3.30796 0.188882
3.33392 0.187844
3.35988 0.186791
3.38583 0.185724
3.41179 0.184645
3.43775 0.183552
3.46371 0.182449
3.48967 0.181334
3.51563 0.180209
3.54159 0.179074
3.56755 0.177931
3.5935 0.176779
3.61946 0.175619
3.64542 0.174452
3.67138 0.173279
3.69734 0.172099
3.7233 0.170914
3.74926 0.169724
3.77522 0.16853
3.80118 0.167331
3.82713 0.166129
3.85309 0.164924
3.87905 0.163717
3.90501 0.162507
3.93097 0.161295
3.95693 0.160082
3.98289 0.158868
4.00885 0.157654
4.03481 0.156439
4.06076 0.155224
4.08672 0.154009
4.11268 0.152796
4.13864 0.151583
4.1646 0.150372
4.19056 0.149162
4.21652 0.147955
4.24248 0.146749
4.26843 0.145546
4.29439 0.144346
4.32035 0.143149
4.34631 0.141955
4.37227 0.140764
4.39823 0.139577
4.42419 0.138393
4.45015 0.137214
4.47611 0.136039
4.50206 0.134868
4.52802 0.133701
4.55398 0.13254
4.57994 0.131383
4.6059 0.130231
4.63186 0.129085
4.65782 0.127944
4.68378 0.126808
4.70973 0.125678
4.73569 0.124553
4.76165 0.123434
4.78761 0.122321
4.81357 0.121214
4.83953 0.120113
4.86549 0.119018
4.89145 0.11793
4.91741 0.116848
4.94336 0.115772
4.96932 0.114702
4.99528 0.11364
5.02124 0.112584
5.0472 0.111534
5.07316 0.110491
5.09912 0.109455
5.12508 0.108426
5.15104 0.107404
5.17699 0.106388
5.20295 0.10538
5.22891 0.104378
5.25487 0.103384
5.28083 0.102396
5.30679 0.101416
5.33275 0.100443
5.35871 0.0994763
5.38466 0.0985171
5.41062 0.097565
5.43658 0.0966201
5.46254 0.0956822
5.4885 0.0947516
5.51446 0.093828
5.54042 0.0929116
5.56638 0.0920024
5.59234 0.0911002
5.61829 0.0902053
5.64425 0.0893174
5.67021 0.0884367
5.69617 0.087563
5.72213 0.0866965
5.74809 0.085837
5.77405 0.0849846
5.80001 0.0841393
5.82597 0.083301
5.85192 0.0824697
5.87788 0.0816454
5.90384 0.0808281
5.9298 0.0800177
5.95576 0.0792143
5.98172 0.0784177
6.00768 0.0776281
6.03364 0.0768452
6.05959 0.0760692
6.08555 0.0753
6.11151 0.0745375
6.13747 0.0737818
6.16343 0.0730328
6.18939 0.0722904
6.21535 0.0715547
6.24131 0.0708255
6.26727 0.070103
6.29322 0.0693869
6.31918 0.0686774
6.34514 0.0679743
6.3711 0.0672776
6.39706 0.0665873
6.42302 0.0659034
6.44898 0.0652257
6.47494 0.0645544
6.50089 0.0638892
6.52685 0.0632303
6.55281 0.0625775
6.57877 0.0619308
6.60473 0.0612902
6.63069 0.0606557
6.65665 0.0600271
6.68261 0.0594045
6.70857 0.0587878
6.73452 0.058177
6.76048 0.0575719
6.78644 0.0569727
6.8124 0.0563792
6.83836 0.0557915
6.86432 0.0552094
6.89028 0.0546329
6.91624 0.054062
6.9422 0.0534966
6.96815 0.0529367
6.99411 0.0523823
7.02007 0.0518333
7.04603 0.0512896
7.07199 0.0507513
7.09795 0.0502183
7.12391 0.0496905
7.14987 0.0491679
7.17582 0.0486505
7.20178 0.0481382
7.22774 0.047631
7.2537 0.0471288
7.27966 0.0466315
7.30562 0.0461393
7.33158 0.0456519
7.35754 0.0451695
7.3835 0.0446918
7.40945 0.044219
7.43541 0.0437508
7.46137 0.0432874
7.48733 0.0428287
7.51329 0.0423746
7.53925 0.041925
7.56521 0.04148
7.59117 0.0410396
7.61713 0.0406035
7.64308 0.0401719
7.66904 0.0397447
7.695 0.0393219
7.72096 0.0389033
7.74692 0.038489
7.77288 0.038079
7.79884 0.0376731
7.8248 0.0372714
7.85075 0.0368738
7.87671 0.0364803
7.90267 0.0360908
7.92863 0.0357054
7.95459 0.0353239
7.98055 0.0349463
8.00651 0.0345726
8.03247 0.0342028
8.05843 0.0338368
8.08438 0.0334746
8.11034 0.0331162
8.1363 0.0327614
8.16226 0.0324104
8.18822 0.032063
8.21418 0.0317192
8.24014 0.0313789
8.2661 0.0310423
8.29205 0.0307091
8.31801 0.0303794
8.34397 0.0300531
8.36993 0.0297303
8.39589 0.0294108
8.42185 0.0290947
8.44781 0.0287818
8.47377 0.0284723
8.49973 0.028166
8.52568 0.0278629
8.55164 0.027563
8.5776 0.0272662
8.60356 0.0269726
8.62952 0.026682
8.65548 0.0263946
8.68144 0.0261101
8.7074 0.0258286
8.73336 0.0255502
8.75931 0.0252746
8.78527 0.025002
8.81123 0.0247322
8.83719 0.0244653
8.86315 0.0242012
8.88911 0.0239399
8.91507 0.0236814
8.94103 0.0234256
8.96698 0.0231726
8.99294 0.0229222
9.0189 0.0226745
9.04486 0.0224294
9.07082 0.0221869
9.09678 0.021947
9.12274 0.0217097
9.1487 0.0214748
9.17466 0.0212425
9.20061 0.0210126
9.22657 0.0207852
9.25253 0.0205603
9.27849 0.0203377
9.30445 0.0201175
9.33041 0.0198996
9.35637 0.0196841
9.38233 0.0194709
9.40829 0.0192599
9.43424 0.0190513
9.4602 0.0188448
9.48616 0.0186406
9.51212 0.0184385
9.53808 0.0182386
9.56404 0.0180409
9.59 0.0178452
9.61596 0.0176517
9.64191 0.0174602
9.66787 0.0172708
9.69383 0.0170835
9.71979 0.0168981
9.74575 0.0167147
9.77171 0.0165333
9.79767 0.0163539
9.82363 0.0161764
9.84959 0.0160008
9.87554 0.0158271
9.9015 0.0156552
9.92746 0.0154852
9.95342 0.015317
9.97938 0.0151507
10.0053 0.0149861
10.0313 0.0148233
10.0573 0.0146623
10.0832 0.014503
10.1092 0.0143454
10.1351 0.0141895
10.1611 0.0140353
10.1871 0.0138828
10.213 0.0137319
10.239 0.0135826
10.2649 0.013435
10.2909 0.0132889
10.3168 0.0131445
10.3428 0.0130016
10.3688 0.0128602
10.3947 0.0127204
10.4207 0.012582
10.4466 0.0124452
10.4726 0.0123098
10.4986 0.012176
10.5245 0.0120435
10.5505 0.0119125
10.5764 0.0117829
10.6024 0.0116548
10.6284 0.011528
10.6543 0.0114026
10.6803 0.0112785
10.7062 0.0111558
10.7322 0.0110344
10.7581 0.0109143
10.7841 0.0107956
10.8101 0.0106781
10.836 0.0105619
10.862 0.010447
10.8879 0.0103333
10.9139 0.0102208
10.9399 0.0101096
10.9658 0.00999953
10.9918 0.00989069
11.0177 0.00978304
11.0437 0.00967655
11.0697 0.00957122
11.0956 0.00946704
11.1216 0.00936398
11.1475 0.00926205
11.1735 0.00916122
11.1994 0.00906149
11.2254 0.00896284
11.2514 0.00886527
11.2773 0.00876876
11.3033 0.00867329
11.3292 0.00857886
11.3552 0.00848547
11.3812 0.00839308
11.4071 0.0083017
11.4331 0.00821132
11.459 0.00812192
11.485 0.00803349
11.511 0.00794602
11.5369 0.00785951
11.5629 0.00777394
11.5888 0.0076893
11.6148 0.00760558
11.6407 0.00752277
11.6667 0.00744086
11.6927 0.00735984
11.7186 0.00727971
11.7446 0.00720045
11.7705 0.00712205
11.7965 0.00704451
11.8225 0.00696781
11.8484 0.00689195
11.8744 0.00681691
11.9003 0.00674269
11.9263 0.00666928
11.9523 0.00659667
11.9782 0.00652485
12.0042 0.00645381
12.0301 0.00638355
12.0561 0.00631405
12.082 0.00624531
12.108 0.00617732
12.134 0.00611007
12.1599 0.00604356
12.1859 0.00597777
12.2118 0.00591269
12.2378 0.00584833
12.2638 0.00578466
12.2897 0.0057217
12.3157 0.00565941
12.3416 0.00559781
12.3676 0.00553688
12.3936 0.00547661
12.4195 0.005417
12.4455 0.00535804
12.4714 0.00529972
12.4974 0.00524204
12.5233 0.00518499
12.5493 0.00512856
12.5753 0.00507275
12.6012 0.00501754
12.6272 0.00496294
12.6531 0.00490893
12.6791 0.00485551
12.7051 0.00480267
12.731 0.00475041
12.757 0.00469872
12.7829 0.0046476
12.8089 0.00459703
12.8349 0.00454701
12.8608 0.00449754
12.8868 0.00444861
12.9127 0.00440021
12.9387 0.00435234
12.9646 0.004305
12.9906 0.00425817
13.0166 0.00421185
13.0425 0.00416603
13.0685 0.00412072
13.0944 0.0040759
13.1204 0.00403157
13.1464 0.00398772
13.1723 0.00394435
13.1983 0.00390145
13.2242 0.00385902
13.2502 0.00381706
13.2762 0.00377555
13.3021 0.0037345
13.3281 0.00369389
13.354 0.00365373
13.38 0.003614
13.4059 0.00357471
13.4319 0.00353585
13.4579 0.00349741
13.4838 0.00345939
13.5098 0.00342178
13.5357 0.00338459
13.5617 0.0033478
13.5877 0.00331141
13.6136 0.00327542
13.6396 0.00323982
13.6655 0.00320461
13.6915 0.00316978
13.7175 0.00313534
13.7434 0.00310127
13.7694 0.00306757
13.7953 0.00303424
13.8213 0.00300127
13.8472 0.00296866
13.8732 0.00293641
13.8992 0.00290451
13.9251 0.00287296
13.9511 0.00284175
13.977 0.00281088
14.003 0.00278035
14.029 0.00275015
14.0549 0.00272028
14.0809 0.00269074
14.1068 0.00266152
14.1328 0.00263261
14.1588 0.00260403
14.1847 0.00257575
14.2107 0.00254778
14.2366 0.00252012
14.2626 0.00249276
14.2885 0.0024657
14.3145 0.00243893
14.3405 0.00241245
14.3664 0.00238627
14.3924 0.00236037
14.4183 0.00233475
14.4443 0.00230941
14.4703 0.00228434
14.4962 0.00225955
14.5222 0.00223503
14.5481 0.00221078
14.5741 0.00218679
14.6001 0.00216306
14.626 0.0021396
14.652 0.00211638
14.6779 0.00209342
14.7039 0.00207071
14.7298 0.00204825
14.7558 0.00202604
14.7818 0.00200406
14.8077 0.00198232
14.8337 0.00196083
14.8596 0.00193956
14.8856 0.00191853
14.9116 0.00189773
14.9375 0.00187715
14.9635 0.0018568
14.9894 0.00183666
15.0154 0.00181675
15.0414 0.00179706
15.0673 0.00177758
15.0933 0.00175831
15.1192 0.00173925
15.1452 0.0017204
15.1711 0.00170175
15.1971 0.00168331
15.2231 0.00166507
15.249 0.00164703
15.275 0.00162918
15.3009 0.00161153
15.3269 0.00159407
15.3529 0.0015768
15.3788 0.00155972
15.4048 0.00154282
15.4307 0.00152611
15.4567 0.00150958
15.4827 0.00149323
15.5086 0.00147705
15.5346 0.00146106
15.5605 0.00144524
15.5865 0.00142959
15.6124 0.00141411
15.6384 0.0013988
15.6644 0.00138365
15.6903 0.00136867
15.7163 0.00135385
15.7422 0.0013392
15.7682 0.0013247
15.7942 0.00131036
15.8201 0.00129618
15.8461 0.00128215
15.872 0.00126828
15.898 0.00125455
15.924 0.00124098
15.9499 0.00122755
15.9759 0.00121427
16.0018 0.00120113
16.0278 0.00118814
16.0537 0.00117528
16.0797 0.00116257
16.1057 0.00114999
16.1316 0.00113756
16.1576 0.00112525
16.1835 0.00111308
16.2095 0.00110105
16.2355 0.00108914
16.2614 0.00107736
16.2874 0.00106571
16.3133 0.00105419
16.3393 0.00104279
16.3653 0.00103152
16.3912 0.00102037
16.4172 0.00100934
16.4431 0.000998431
16.4691 0.00098764
16.495 0.000976966
16.521 0.000966408
16.547 0.000955964
16.5729 0.000945634
16.5989 0.000935417
16.6248 0.00092531
16.6508 0.000915313
16.6768 0.000905425
16.7027 0.000895644
16.7287 0.000885969
16.7546 0.000876399
16.7806 0.000866933
16.8066 0.00085757
16.8325 0.000848309
16.8585 0.000839148
16.8844 0.000830087
16.9104 0.000821124
16.9363 0.000812258
16.9623 0.000803488
16.9883 0.000794814
17.0142 0.000786234
17.0402 0.000777747
17.0661 0.000769352
17.0921 0.000761048
17.1181 0.000752834
17.144 0.000744709
17.17 0.000736673
17.1959 0.000728723
17.2219 0.00072086
17.2479 0.000713082
17.2738 0.000705389
17.2998 0.000697779
17.3257 0.000690251
17.3517 0.000682805
17.3776 0.00067544
17.4036 0.000668155
17.4296 0.000660949
17.4555 0.00065382
17.4815 0.00064677
17.5074 0.000639795
17.5334 0.000632896
17.5594 0.000626072
17.5853 0.000619322
17.6113 0.000612645
17.6372 0.000606041
17.6632 0.000599508
17.6892 0.000593045
17.7151 0.000586653
17.7411 0.00058033
17.767 0.000574076
17.793 0.000567889
17.8189 0.00056177
17.8449 0.000555716
17.8709 0.000549729
17.8968 0.000543806
17.9228 0.000537947
17.9487 0.000532152
17.9747 0.000526419
18.0007 0.000520749
18.0266 0.00051514
18.0526 0.000509592
18.0785 0.000504103
18.1045 0.000498674
18.1305 0.000493304
18.1564 0.000487993
18.1824 0.000482738
18.2083 0.000477541
18.2343 0.000472399
18.2602 0.000467314
18.2862 0.000462283
18.3122 0.000457307
18.3381 0.000452385
18.3641 0.000447516
18.39 0.000442699
18.416 0.000437935
18.442 0.000433222
18.4679 0.00042856
18.4939 0.000423949
18.5198 0.000419388
18.5458 0.000414876
18.5718 0.000410412
18.5977 0.000405997
18.6237 0.00040163
18.6496 0.00039731
18.6756 0.000393037
18.7015 0.000388809
18.7275 0.000384628
18.7535 0.000380492
18.7794 0.0003764
18.8054 0.000372353
18.8313 0.000368349
18.8573 0.000364389
18.8833 0.000360472
18.9092 0.000356597
18.9352 0.000352763
18.9611 0.000348971
18.9871 0.000345221
19.0131 0.00034151
19.039 0.00033784
19.065 0.000334209
19.0909 0.000330618
19.1169 0.000327065
19.1428 0.000323551
19.1688 0.000320075
19.1948 0.000316636
19.2207 0.000313235
19.2467 0.00030987
19.2726 0.000306541
19.2986 0.000303249
19.3246 0.000299992
19.3505 0.00029677
19.3765 0.000293583
19.4024 0.00029043
19.4284 0.000287311
19.4544 0.000284226
19.4803 0.000281175
19.5063 0.000278156
19.5322 0.00027517
19.5582 0.000272216
19.5842 0.000269294
19.6101 0.000266403
19.6361 0.000263544
19.662 0.000260715
19.688 0.000257917
19.7139 0.000255149
19.7399 0.000252411
19.7659 0.000249703
19.7918 0.000247024
19.8178 0.000244373
19.8437 0.000241752
19.8697 0.000239158
19.8957 0.000236593
19.9216 0.000234055
19.9476 0.000231544
19.9735 0.000229061
19.9995 0.000226604
20.0255 0.000224174
20.0514 0.00022177
20.0774 0.000219392
20.1033 0.00021704
20.1293 0.000214712
20.1552 0.00021241
20.1812 0.000210133
20.2072 0.000207881
20.2331 0.000205652
20.2591 0.000203448
20.285 0.000201267
20.311 0.00019911
20.337 0.000196976
20.3629 0.000194865
20.3889 0.000192777
20.4148 0.000190711
20.4408 0.000188668
20.4668 0.000186646
20.4927 0.000184647
20.5187 0.000182669
20.5446 0.000180712
20.5706 0.000178776
20.5965 0.000176861
20.6225 0.000174967
20.6485 0.000173093
20.6744 0.000171239
20.7004 0.000169405
20.7263 0.000167591
20.7523 0.000165797
20.7783 0.000164021
20.8042 0.000162265
20.8302 0.000160528
20.8561 0.000158809
20.8821 0.000157109
20.9081 0.000155428
20.934 0.000153764
20.96 0.000152118
20.9859 0.00015049
21.0119 0.00014888
21.0378 0.000147286
21.0638 0.00014571
21.0898 0.000144151
21.1157 0.000142609
21.1417 0.000141083
21.1676 0.000139573
21.1936 0.00013808
21.2196 0.000136603
21.2455 0.000135142
21.2715 0.000133696
21.2974 0.000132266
21.3234 0.000130852
21.3494 0.000129452
21.3753 0.000128068
21.4013 0.000126698
21.4272 0.000125344
21.4532 0.000124003
21.4791 0.000122678
21.5051 0.000121366
21.5311 0.000120069
21.557 0.000118785
21.583 0.000117515
21.6089 0.000116259
21.6349 0.000115016
21.6609 0.000113787
21.6868 0.000112571
21.7128 0.000111368
21.7387 0.000110178
21.7647 0.000109001
21.7907 0.000107836
21.8166 0.000106684
21.8426 0.000105544
21.8685 0.000104416
21.8945 0.000103301
21.9204 0.000102197
21.9464 0.000101106
21.9724 0.000100026
21.9983 9.89575e-05
22.0243 9.79006e-05
22.0502 9.68551e-05
22.0762 9.58208e-05
22.1022 9.47975e-05
22.1281 9.37853e-05
22.1541 9.27839e-05
22.18 9.17933e-05
22.206 9.08133e-05
22.232 8.98438e-05
22.2579 8.88847e-05
22.2839 8.79359e-05
22.3098 8.69972e-05
22.3358 8.60687e-05
22.3617 8.515e-05
22.3877 8.42413e-05
22.4137 8.33423e-05
22.4396 8.24529e-05
22.4656 8.15731e-05
22.4915 8.07026e-05
22.5175 7.98416e-05
22.5435 7.89897e-05
22.5694 7.8147e-05
22.5954 7.73133e-05
22.6213 7.64886e-05
22.6473 7.56727e-05
22.6733 7.48655e-05
22.6992 7.4067e-05
22.7252 7.3277e-05
22.7511 7.24956e-05
22.7771 7.17224e-05
22.803 7.09576e-05
22.829 7.0201e-05
22.855 6.94524e-05
22.8809 6.87119e-05
22.9069 6.79793e-05
22.9328 6.72546e-05
22.9588 6.65376e-05
22.9848 6.58283e-05
23.0107 6.51266e-05
23.0367 6.44324e-05
23.0626 6.37457e-05
23.0886 6.30663e-05
23.1146 6.23942e-05
23.1405 6.17292e-05
23.1665 6.10714e-05
23.1924 6.04206e-05
23.2184 5.97768e-05
23.2443 5.91399e-05
23.2703 5.85098e-05
23.2963 5.78865e-05
23.3222 5.72698e-05
23.3482 5.66597e-05
23.3741 5.60562e-05
23.4001 5.54591e-05
23.4261 5.48684e-05
23.452 5.4284e-05
23.478 5.37059e-05
23.5039 5.31339e-05
23.5299 5.25681e-05
23.5559 5.20083e-05
23.5818 5.14545e-05
23.6078 5.09067e-05
23.6337 5.03647e-05
23.6597 4.98285e-05
23.6856 4.9298e-05
23.7116 4.87732e-05
23.7376 4.8254e-05
23.7635 4.77404e-05
23.7895 4.72322e-05
23.8154 4.67295e-05
23.8414 4.62322e-05
23.8674 4.57402e-05
23.8933 4.52534e-05
23.9193 4.47719e-05
23.9452 4.42954e-05
23.9712 4.38241e-05
23.9972 4.33579e-05
24.0231 4.28966e-05
24.0491 4.24402e-05
24.075 4.19887e-05
24.101 4.1542e-05
24.1269 4.11001e-05
24.1529 4.0663e-05
24.1789 4.02305e-05
24.2048 3.98026e-05
24.2308 3.93793e-05
24.2567 3.89605e-05
24.2827 3.85462e-05
24.3087 3.81363e-05
24.3346 3.77308e-05
24.3606 3.73296e-05
24.3865 3.69327e-05
24.4125 3.654e-05
24.4385 3.61516e-05
24.4644 3.57672e-05
24.4904 3.5387e-05
24.5163 3.50109e-05
24.5423 3.46387e-05
24.5682 3.42706e-05
24.5942 3.39063e-05
24.6202 3.3546e-05
24.6461 3.31895e-05
24.6721 3.28368e-05
24.698 3.24878e-05
24.724 3.21426e-05
24.75 3.18011e-05
24.7759 3.14632e-05
24.8019 3.1129e-05
24.8278 3.07982e-05
24.8538 3.04711e-05
24.8798 3.01474e-05
24.9057 2.98271e-05
24.9317 2.95103e-05
24.9576 2.91969e-05
24.9836 2.88868e-05
25.0095 2.858e-05
25.0355 2.82765e-05
25.0615 2.79762e-05
25.0874 2.76791e-05
25.1134 2.73852e-05
25.1393 2.70944e-05
25.1653 2.68068e-05
25.1913 2.65222e-05
25.2172 2.62406e-05
25.2432 2.5962e-05
25.2691 2.56864e-05
25.2951 2.54137e-05
25.3211 2.5144e-05
25.347 2.48771e-05
25.373 2.46131e-05
25.3989 2.43518e-05
25.4249 2.40934e-05
25.4508 2.38377e-05
25.4768 2.35848e-05
25.5028 2.33345e-05
25.5287 2.30869e-05
25.5547 2.28419e-05
25.5806 2.25996e-05
25.6066 2.23598e-05
