-1.54633 0.000659708
-1.53287 0.000699123
-1.51941 0.000740814
-1.50594 0.000784906
-1.49248 0.00083153
-1.47902 0.000880825
-1.46555 0.000932936
-1.45209 0.000988014
-1.43862 0.00104622
-1.42516 0.00110772
-1.4117 0.0011727
-1.39823 0.00124133
-1.38477 0.00131382
-1.37131 0.00139035
-1.35784 0.00147116
-1.34438 0.00155645
-1.33092 0.00164646
-1.31745 0.00174145
-1.30399 0.00184165
-1.29052 0.00194734
-1.27706 0.00205881
-1.2636 0.00217633
-1.25013 0.00230021
-1.23667 0.00243078
-1.22321 0.00256837
-1.20974 0.00271331
-1.19628 0.00286598
-1.18282 0.00302675
-1.16935 0.003196
-1.15589 0.00337416
-1.14242 0.00356163
-1.12896 0.00375887
-1.1155 0.00396634
-1.10203 0.0041845
-1.08857 0.00441386
-1.07511 0.00465493
-1.06164 0.00490824
-1.04818 0.00517434
-1.03472 0.00545381
-1.02125 0.00574723
-1.00779 0.00605523
-0.994324 0.00637842
-0.980861 0.00671747
-0.967397 0.00707305
-0.953933 0.00744586
-0.94047 0.00783661
-0.927006 0.00824604
-0.913542 0.00867491
-0.900079 0.009124
-0.886615 0.00959412
-0.873151 0.0100861
-0.859688 0.0106007
-0.846224 0.011139
-0.83276 0.0117016
-0.819297 0.0122896
-0.805833 0.0129039
-0.792369 0.0135454
-0.778906 0.0142151
-0.765442 0.0149139
-0.751979 0.0156428
-0.738515 0.0164029
-0.725051 0.0171952
-0.711588 0.0180207
-0.698124 0.0188804
-0.68466 0.0197754
-0.671197 0.0207068
-0.657733 0.0216756
-0.644269 0.022683
-0.630806 0.0237299
-0.617342 0.0248175
-0.603878 0.0259468
-0.590415 0.027119
-0.576951 0.028335
-0.563487 0.0295959
-0.550024 0.0309028
-0.53656 0.0322567
-0.523096 0.0336586
-0.509633 0.0351095
-0.496169 0.0366103
-0.482705 0.038162
-0.469242 0.0397656
-0.455778 0.0414218
-0.442314 0.0431315
-0.428851 0.0448956
-0.415387 0.0467147
-0.401923 0.0485895
-0.38846 0.0505208
-0.374996 0.0525091
-0.361533 0.0545549
-0.348069 0.0566588
-0.334605 0.0588211
-0.321142 0.0610422
-0.307678 0.0633223
-0.294214 0.0656617
-0.280751 0.0680604
-0.267287 0.0705185
-0.253823 0.073036
-0.24036 0.0756127
-0.226896 0.0782483
-0.213432 0.0809426
-0.199969 0.0836952
-0.186505 0.0865055
-0.173041 0.089373
-0.159578 0.0922969
-0.146114 0.0952765
-0.13265 0.0983107
-0.119187 0.101399
-0.105723 0.104539
-0.0922595 0.107732
-0.0787958 0.110974
-0.0653321 0.114265
-0.0518685 0.117603
-0.0384048 0.120987
-0.0249412 0.124415
-0.0114775 0.127885
0.00198613 0.131395
0.0154498 0.134944
0.0289134 0.138528
0.0423771 0.142148
0.0558407 0.145799
0.0693044 0.149479
0.0827681 0.153187
0.0962317 0.156921
0.109695 0.160676
0.123159 0.164452
0.136623 0.168245
0.150086 0.172052
0.16355 0.175872
0.177014 0.179701
0.190477 0.183537
0.203941 0.187377
0.217405 0.191218
0.230868 0.195057
0.244332 0.198892
0.257796 0.20272
0.271259 0.206538
0.284723 0.210344
0.298187 0.214133
0.31165 0.217905
0.325114 0.221656
0.338577 0.225383
0.352041 0.229084
0.365505 0.232756
0.378968 0.236397
0.392432 0.240003
0.405896 0.243574
0.419359 0.247106
0.432823 0.250596
0.446287 0.254044
0.45975 0.257445
0.473214 0.260799
0.486678 0.264104
0.500141 0.267356
0.513605 0.270555
0.527069 0.273698
0.540532 0.276784
0.553996 0.279811
0.56746 0.282778
0.580923 0.285683
0.594387 0.288524
0.607851 0.2913
0.621314 0.294011
0.634778 0.296654
0.648242 0.299229
0.661705 0.301735
0.675169 0.304171
0.688632 0.306536
0.702096 0.308829
0.71556 0.31105
0.729023 0.313198
0.742487 0.315272
0.755951 0.317273
0.769414 0.3192
0.782878 0.321052
0.796342 0.32283
0.809805 0.324533
0.823269 0.326162
0.836733 0.327715
0.850196 0.329194
0.86366 0.330599
0.877124 0.33193
0.890587 0.333186
0.904051 0.334369
0.917515 0.335479
0.930978 0.336515
0.944442 0.33748
0.957906 0.338373
0.971369 0.339194
0.984833 0.339945
0.998297 0.340627
1.01176 0.341239
1.02522 0.341782
1.03869 0.342258
1.05215 0.342667
1.06561 0.34301
1.07908 0.343289
1.09254 0.343502
1.10601 0.343653
1.11947 0.343741
1.13293 0.343768
1.1464 0.343735
1.15986 0.343642
1.17332 0.343491
1.18679 0.343282
1.20025 0.343018
1.21372 0.342698
1.22718 0.342324
1.24064 0.341897
1.25411 0.341418
1.26757 0.340888
1.28103 0.340308
1.2945 0.33968
1.30796 0.339004
1.32142 0.338282
1.33489 0.337514
1.34835 0.336702
1.36182 0.335847
1.37528 0.33495
1.38874 0.334011
1.40221 0.333033
1.41567 0.332016
1.42913 0.330961
1.4426 0.329869
1.45606 0.328742
1.46952 0.32758
1.48299 0.326385
1.49645 0.325156
1.50992 0.323897
1.52338 0.322606
1.53684 0.321286
1.55031 0.319938
1.56377 0.318562
1.57723 0.317159
1.5907 0.31573
1.60416 0.314277
1.61762 0.3128
1.63109 0.3113
1.64455 0.309777
1.65802 0.308234
1.67148 0.30667
1.68494 0.305086
1.69841 0.303484
1.71187 0.301864
1.72533 0.300227
1.7388 0.298574
1.75226 0.296905
1.76572 0.295221
1.77919 0.293523
1.79265 0.291813
1.80612 0.290089
1.81958 0.288354
1.83304 0.286607
1.84651 0.28485
1.85997 0.283084
1.87343 0.281308
1.8869 0.279523
1.90036 0.277731
1.91383 0.275931
1.92729 0.274125
1.94075 0.272312
1.95422 0.270494
1.96768 0.26867
1.98114 0.266842
1.99461 0.265011
2.00807 0.263175
2.02153 0.261337
2.035 0.259496
2.04846 0.257653
2.06193 0.255809
2.07539 0.253963
2.08885 0.252117
2.10232 0.25027
2.11578 0.248424
2.12924 0.246578
2.14271 0.244733
2.15617 0.24289
2.16963 0.241048
2.1831 0.239208
2.19656 0.237371
2.21003 0.235536
2.22349 0.233704
2.23695 0.231876
2.25042 0.230052
2.26388 0.228231
2.27734 0.226415
2.29081 0.224603
2.30427 0.222796
2.31773 0.220994
2.3312 0.219197
2.34466 0.217406
2.35813 0.215621
2.37159 0.213842
2.38505 0.212069
2.39852 0.210302
2.41198 0.208543
2.42544 0.20679
2.43891 0.205044
2.45237 0.203305
2.46583 0.201574
2.4793 0.19985
2.49276 0.198134
2.50623 0.196426
2.51969 0.194726
2.53315 0.193034
2.54662 0.191351
2.56008 0.189675
2.57354 0.188009
2.58701 0.186351
2.60047 0.184702
2.61394 0.183062
2.6274 0.181431
2.64086 0.179809
2.65433 0.178196
2.66779 0.176592
2.68125 0.174998
2.69472 0.173413
2.70818 0.171838
2.72164 0.170272
2.73511 0.168716
2.74857 0.16717
2.76204 0.165634
2.7755 0.164107
2.78896 0.16259
2.80243 0.161083
2.81589 0.159586
2.82935 0.158099
2.84282 0.156622
2.85628 0.155155
2.86974 0.153698
2.88321 0.152251
2.89667 0.150814
2.91014 0.149388
2.9236 0.147971
2.93706 0.146565
2.95053 0.145169
2.96399 0.143783
2.97745 0.142407
2.99092 0.141042
3.00438 0.139686
3.01784 0.138341
3.03131 0.137006
3.04477 0.135681
3.05824 0.134366
3.0717 0.133062
3.08516 0.131767
3.09863 0.130483
3.11209 0.129209
3.12555 0.127944
3.13902 0.12669
3.15248 0.125446
3.16594 0.124212
3.17941 0.122988
3.19287 0.121774
3.20634 0.120569
3.2198 0.119375
3.23326 0.11819
3.24673 0.117015
3.26019 0.115851
3.27365 0.114695
3.28712 0.11355
3.30058 0.112414
3.31405 0.111288
3.32751 0.110171
3.34097 0.109064
3.35444 0.107966
3.3679 0.106878
3.38136 0.1058
3.39483 0.10473
3.40829 0.10367
3.42175 0.10262
3.43522 0.101578
3.44868 0.100546
3.46215 0.099523
3.47561 0.0985089
3.48907 0.097504
3.50254 0.096508
3.516 0.0955209
3.52946 0.0945428
3.54293 0.0935734
3.55639 0.0926129
3.56985 0.0916611
3.58332 0.090718
3.59678 0.0897835
3.61025 0.0888576
3.62371 0.0879401
3.63717 0.0870312
3.65064 0.0861307
3.6641 0.0852385
3.67756 0.0843546
3.69103 0.0834789
3.70449 0.0826115
3.71795 0.0817522
3.73142 0.0809009
3.74488 0.0800577
3.75835 0.0792224
3.77181 0.078395
3.78527 0.0775755
3.79874 0.0767638
3.8122 0.0759598
3.82566 0.0751635
3.83913 0.0743749
3.85259 0.0735938
3.86605 0.0728202
3.87952 0.072054
3.89298 0.0712953
3.90645 0.0705439
3.91991 0.0697998
3.93337 0.0690629
3.94684 0.0683332
3.9603 0.0676106
3.97376 0.0668951
3.98723 0.0661866
4.00069 0.065485
4.01416 0.0647903
4.02762 0.0641024
4.04108 0.0634214
4.05455 0.0627471
4.06801 0.0620794
4.08147 0.0614183
4.09494 0.0607639
4.1084 0.0601159
4.12186 0.0594744
4.13533 0.0588392
4.14879 0.0582105
4.16226 0.057588
4.17572 0.0569717
4.18918 0.0563617
4.20265 0.0557578
4.21611 0.0551599
4.22957 0.0545681
4.24304 0.0539823
4.2565 0.0534023
4.26996 0.0528283
4.28343 0.0522601
4.29689 0.0516976
4.31036 0.0511408
4.32382 0.0505898
4.33728 0.0500443
4.35075 0.0495044
4.36421 0.04897
4.37767 0.0484411
4.39114 0.0479176
4.4046 0.0473995
4.41806 0.0468867
4.43153 0.0463791
4.44499 0.0458768
4.45846 0.0453797
4.47192 0.0448877
4.48538 0.0444008
4.49885 0.0439189
4.51231 0.0434419
4.52577 0.04297
4.53924 0.0425029
4.5527 0.0420407
4.56616 0.0415832
4.57963 0.0411306
4.59309 0.0406826
4.60656 0.0402394
4.62002 0.0398007
4.63348 0.0393666
4.64695 0.0389371
4.66041 0.038512
4.67387 0.0380914
4.68734 0.0376753
4.7008 0.0372635
4.71427 0.036856
4.72773 0.0364528
4.74119 0.0360538
4.75466 0.035659
4.76812 0.0352684
4.78158 0.0348819
4.79505 0.0344995
4.80851 0.0341212
4.82197 0.0337468
4.83544 0.0333764
4.8489 0.0330099
4.86237 0.0326473
4.87583 0.0322886
4.88929 0.0319336
4.90276 0.0315825
4.91622 0.031235
4.92968 0.0308913
4.94315 0.0305512
4.95661 0.0302148
4.97007 0.0298819
4.98354 0.0295526
4.997 0.0292268
5.01047 0.0289045
5.02393 0.0285856
5.03739 0.0282701
5.05086 0.027958
5.06432 0.0276493
5.07778 0.0273439
5.09125 0.0270417
5.10471 0.0267428
5.11817 0.0264471
5.13164 0.0261546
5.1451 0.0258652
5.15857 0.025579
5.17203 0.0252958
5.18549 0.0250156
5.19896 0.0247385
5.21242 0.0244644
5.22588 0.0241933
5.23935 0.023925
5.25281 0.0236597
5.26627 0.0233972
5.27974 0.0231376
5.2932 0.0228808
5.30667 0.0226267
5.32013 0.0223755
5.33359 0.0221269
5.34706 0.021881
5.36052 0.0216378
5.37398 0.0213973
5.38745 0.0211593
5.40091 0.020924
5.41438 0.0206912
5.42784 0.0204609
5.4413 0.0202332
5.45477 0.0200079
5.46823 0.019785
5.48169 0.0195647
5.49516 0.0193467
5.50862 0.019131
5.52208 0.0189178
5.53555 0.0187068
5.54901 0.0184982
5.56248 0.0182919
5.57594 0.0180878
5.5894 0.0178859
5.60287 0.0176863
5.61633 0.0174888
5.62979 0.0172935
5.64326 0.0171003
5.65672 0.0169093
5.67018 0.0167203
5.68365 0.0165334
5.69711 0.0163486
5.71058 0.0161658
5.72404 0.015985
5.7375 0.0158062
5.75097 0.0156294
5.76443 0.0154545
5.77789 0.0152815
5.79136 0.0151104
5.80482 0.0149412
5.81828 0.0147739
5.83175 0.0146084
5.84521 0.0144448
5.85868 0.0142829
5.87214 0.0141228
5.8856 0.0139645
5.89907 0.013808
5.91253 0.0136531
5.92599 0.0135
5.93946 0.0133486
5.95292 0.0131988
5.96638 0.0130507
5.97985 0.0129043
5.99331 0.0127594
6.00678 0.0126162
6.02024 0.0124745
6.0337 0.0123344
6.04717 0.0121959
6.06063 0.0120589
6.07409 0.0119234
6.08756 0.0117894
6.10102 0.0116569
6.11449 0.0115259
6.12795 0.0113963
6.14141 0.0112682
6.15488 0.0111415
6.16834 0.0110161
6.1818 0.0108922
6.19527 0.0107697
6.20873 0.0106485
6.22219 0.0105287
6.23566 0.0104102
6.24912 0.010293
6.26259 0.0101771
6.27605 0.0100625
6.28951 0.00994918
6.30298 0.00983712
6.31644 0.00972631
6.3299 0.00961674
6.34337 0.00950838
6.35683 0.00940123
6.37029 0.00929528
6.38376 0.00919051
6.39722 0.0090869
6.41069 0.00898445
6.42415 0.00888314
6.43761 0.00878296
6.45108 0.0086839
6.46454 0.00858595
6.478 0.00848909
6.49147 0.00839331
6.50493 0.0082986
6.51839 0.00820495
6.53186 0.00811234
6.54532 0.00802077
6.55879 0.00793023
6.57225 0.00784069
6.58571 0.00775216
6.59918 0.00766461
6.61264 0.00757805
6.6261 0.00749245
6.63957 0.00740782
6.65303 0.00732413
6.66649 0.00724137
6.67996 0.00715955
6.69342 0.00707864
6.70689 0.00699863
6.72035 0.00691953
6.73381 0.0068413
6.74728 0.00676396
6.76074 0.00668748
6.7742 0.00661186
6.78767 0.00653709
6.80113 0.00646316
6.8146 0.00639005
6.82806 0.00631777
6.84152 0.0062463
6.85499 0.00617563
6.86845 0.00610575
6.88191 0.00603666
6.89538 0.00596834
6.90884 0.00590079
6.9223 0.005834
6.93577 0.00576796
6.94923 0.00570266
6.9627 0.00563809
6.97616 0.00557425
6.98962 0.00551113
7.00309 0.00544872
7.01655 0.00538701
7.03001 0.00532599
7.04348 0.00526566
7.05694 0.00520601
7.0704 0.00514703
7.08387 0.00508872
7.09733 0.00503106
7.1108 0.00497405
7.12426 0.00491768
7.13772 0.00486194
7.15119 0.00480684
7.16465 0.00475235
7.17811 0.00469848
7.19158 0.00464521
7.20504 0.00459255
7.2185 0.00454047
7.23197 0.00448899
7.24543 0.00443808
7.2589 0.00438775
7.27236 0.00433799
7.28582 0.00428879
7.29929 0.00424014
7.31275 0.00419204
7.32621 0.00414448
7.33968 0.00409746
7.35314 0.00405097
7.36661 0.00400501
7.38007 0.00395956
7.39353 0.00391463
7.407 0.0038702
7.42046 0.00382628
7.43392 0.00378285
7.44739 0.00373991
7.46085 0.00369746
7.47431 0.00365548
7.48778 0.00361398
7.50124 0.00357295
7.51471 0.00353238
7.52817 0.00349227
7.54163 0.00345262
7.5551 0.00341341
7.56856 0.00337465
7.58202 0.00333632
7.59549 0.00329842
7.60895 0.00326096
7.62241 0.00322392
7.63588 0.0031873
7.64934 0.00315109
7.66281 0.00311529
7.67627 0.00307989
7.68973 0.0030449
7.7032 0.0030103
7.71666 0.0029761
7.73012 0.00294228
7.74359 0.00290884
7.75705 0.00287578
7.77051 0.0028431
7.78398 0.00281078
7.79744 0.00277883
7.81091 0.00274725
7.82437 0.00271602
7.83783 0.00268514
7.8513 0.00265462
7.86476 0.00262444
7.87822 0.0025946
7.89169 0.0025651
7.90515 0.00253593
7.91861 0.0025071
7.93208 0.00247859
7.94554 0.0024504
7.95901 0.00242254
7.97247 0.00239498
7.98593 0.00236775
7.9994 0.00234082
8.01286 0.00231419
8.02632 0.00228787
8.03979 0.00226184
8.05325 0.00223611
8.06672 0.00221068
8.08018 0.00218553
8.09364 0.00216066
8.10711 0.00213608
8.12057 0.00211178
8.13403 0.00208775
8.1475 0.00206399
8.16096 0.00204051
8.17442 0.00201729
8.18789 0.00199433
8.20135 0.00197164
8.21482 0.0019492
8.22828 0.00192702
8.24174 0.00190509
8.25521 0.0018834
8.26867 0.00186197
8.28213 0.00184077
8.2956 0.00181982
8.30906 0.00179911
8.32252 0.00177863
8.33599 0.00175838
8.34945 0.00173836
8.36292 0.00171857
8.37638 0.00169901
8.38984 0.00167966
8.40331 0.00166054
8.41677 0.00164163
8.43023 0.00162294
8.4437 0.00160446
8.45716 0.00158619
8.47062 0.00156813
8.48409 0.00155027
8.49755 0.00153262
8.51102 0.00151517
8.52448 0.00149791
8.53794 0.00148085
8.55141 0.00146399
8.56487 0.00144732
8.57833 0.00143083
8.5918 0.00141453
8.60526 0.00139842
8.61872 0.0013825
8.63219 0.00136675
8.64565 0.00135118
8.65912 0.00133579
8.67258 0.00132057
8.68604 0.00130553
8.69951 0.00129066
8.71297 0.00127595
8.72643 0.00126142
8.7399 0.00124705
8.75336 0.00123284
8.76683 0.00121879
8.78029 0.00120491
8.79375 0.00119118
8.80722 0.00117761
8.82068 0.00116419
8.83414 0.00115093
8.84761 0.00113781
8.86107 0.00112485
8.87453 0.00111203
8.888 0.00109936
8.90146 0.00108683
8.91493 0.00107444
8.92839 0.0010622
8.94185 0.0010501
8.95532 0.00103813
8.96878 0.0010263
8.98224 0.0010146
8.99571 0.00100304
9.00917 0.000991607
9.02263 0.000980306
9.0361 0.000969133
9.04956 0.000958087
9.06303 0.000947167
9.07649 0.000936371
9.08995 0.000925699
9.10342 0.000915147
9.11688 0.000904716
9.13034 0.000894404
9.14381 0.000884209
9.15727 0.00087413
9.17073 0.000864165
9.1842 0.000854314
9.19766 0.000844576
9.21113 0.000834948
9.22459 0.00082543
9.23805 0.00081602
9.25152 0.000806717
9.26498 0.000797521
9.27844 0.000788429
9.29191 0.00077944
9.30537 0.000770554
9.31883 0.000761769
9.3323 0.000753084
9.34576 0.000744498
9.35923 0.00073601
9.37269 0.000727619
9.38615 0.000719323
9.39962 0.000711121
9.41308 0.000703013
9.42654 0.000694998
9.44001 0.000687073
9.45347 0.000679239
9.46694 0.000671494
9.4804 0.000663838
9.49386 0.000656268
9.50733 0.000648785
9.52079 0.000641387
9.53425 0.000634074
9.54772 0.000626843
9.56118 0.000619696
9.57464 0.000612629
9.58811 0.000605643
9.60157 0.000598737
9.61504 0.000591909
9.6285 0.000585159
9.64196 0.000578486
9.65543 0.000571889
9.66889 0.000565368
9.68235 0.00055892
9.69582 0.000552546
9.70928 0.000546245
9.72274 0.000540016
9.73621 0.000533857
9.74967 0.000527769
9.76314 0.00052175
9.7766 0.0005158
9.79006 0.000509917
9.80353 0.000504102
9.81699 0.000498353
9.83045 0.000492669
9.84392 0.00048705
9.85738 0.000481495
9.87084 0.000476004
9.88431 0.000470575
9.89777 0.000465208
9.91124 0.000459902
9.9247 0.000454657
9.93816 0.000449472
9.95163 0.000444345
9.96509 0.000439277
9.97855 0.000434267
9.99202 0.000429314
10.0055 0.000424417
10.0189 0.000419577
10.0324 0.000414791
10.0459 0.00041006
10.0593 0.000405383
10.0728 0.000400759
10.0863 0.000396188
10.0997 0.000391669
10.1132 0.000387202
10.1267 0.000382785
10.1401 0.000378419
10.1536 0.000374103
10.167 0.000369836
10.1805 0.000365618
10.194 0.000361447
10.2074 0.000357324
10.2209 0.000353249
10.2344 0.000349219
10.2478 0.000345236
10.2613 0.000341298
10.2748 0.000337405
10.2882 0.000333557
10.3017 0.000329752
10.3151 0.000325991
10.3286 0.000322272
10.3421 0.000318596
10.3555 0.000314962
10.369 0.000311369
10.3825 0.000307818
10.3959 0.000304307
10.4094 0.000300836
10.4229 0.000297404
10.4363 0.000294012
10.4498 0.000290658
10.4632 0.000287342
10.4767 0.000284065
10.4902 0.000280825
10.5036 0.000277621
10.5171 0.000274455
10.5306 0.000271324
10.544 0.000268229
10.5575 0.000265169
10.571 0.000262145
10.5844 0.000259154
10.5979 0.000256198
10.6113 0.000253276
10.6248 0.000250387
10.6383 0.000247531
10.6517 0.000244707
10.6652 0.000241916
10.6787 0.000239157
10.6921 0.000236429
10.7056 0.000233732
10.7191 0.000231066
10.7325 0.00022843
10.746 0.000225824
10.7594 0.000223248
10.7729 0.000220702
10.7864 0.000218184
10.7998 0.000215696
10.8133 0.000213235
10.8268 0.000210803
10.8402 0.000208398
10.8537 0.000206021
10.8672 0.000203671
10.8806 0.000201348
10.8941 0.000199051
10.9075 0.000196781
10.921 0.000194536
10.9345 0.000192317
10.9479 0.000190124
10.9614 0.000187955
10.9749 0.000185811
10.9883 0.000183692
11.0018 0.000181597
11.0153 0.000179525
11.0287 0.000177477
11.0422 0.000175453
11.0556 0.000173452
11.0691 0.000171473
11.0826 0.000169518
11.096 0.000167584
11.1095 0.000165673
11.123 0.000163783
11.1364 0.000161915
11.1499 0.000160068
11.1634 0.000158242
11.1768 0.000156437
11.1903 0.000154653
11.2037 0.000152889
11.2172 0.000151145
11.2307 0.000149421
11.2441 0.000147717
11.2576 0.000146032
11.2711 0.000144367
11.2845 0.00014272
11.298 0.000141092
11.3115 0.000139483
11.3249 0.000137892
11.3384 0.000136319
11.3518 0.000134765
11.3653 0.000133228
11.3788 0.000131708
11.3922 0.000130206
11.4057 0.000128721
11.4192 0.000127253
11.4326 0.000125802
11.4461 0.000124367
11.4596 0.000122948
11.473 0.000121546
11.4865 0.00012016
11.4999 0.000118789
11.5134 0.000117435
11.5269 0.000116095
11.5403 0.000114771
11.5538 0.000113462
11.5673 0.000112168
11.5807 0.000110889
11.5942 0.000109625
11.6077 0.000108374
11.6211 0.000107138
11.6346 0.000105917
11.648 0.000104709
11.6615 0.000103515
11.675 0.000102334
11.6884 0.000101167
11.7019 0.000100013
11.7154 9.88728e-05
11.7288 9.77453e-05
11.7423 9.66306e-05
11.7558 9.55287e-05
11.7692 9.44393e-05
11.7827 9.33624e-05
11.7961 9.22977e-05
11.8096 9.12452e-05
11.8231 9.02047e-05
11.8365 8.9176e-05
11.85 8.81591e-05
11.8635 8.71538e-05
11.8769 8.616e-05
11.8904 8.51775e-05
11.9039 8.42062e-05
