-1.46082 0.000315535
-1.39788 0.000399302
-1.33493 0.00050425
-1.27199 0.000635336
-1.20904 0.000798531
-1.1461 0.00100097
-1.08315 0.00125111
-1.02021 0.00155886
-0.957263 0.00193577
-0.894318 0.00239503
-0.831373 0.00295161
-0.768428 0.00362217
-0.705484 0.00442491
-0.642539 0.00537935
-0.579594 0.00650586
-0.516649 0.0078251
-0.453704 0.00935724
-0.390759 0.0111211
-0.327814 0.013133
-0.264869 0.0154057
-0.201925 0.0179477
-0.13898 0.0207615
-0.0760348 0.0238435
-0.01309 0.0271834
0.0498549 0.0307641
0.1128 0.0345618
0.175745 0.0385472
0.23869 0.0426858
0.301634 0.0469402
0.364579 0.0512704
0.427524 0.0556362
0.490469 0.0599979
0.553414 0.0643179
0.616359 0.0685615
0.679304 0.0726977
0.742248 0.0766994
0.805193 0.0805441
0.868138 0.0842133
0.931083 0.0876929
0.994028 0.0909728
1.05697 0.0940461
1.11992 0.0969095
1.18286 0.0995621
1.24581 0.102005
1.30875 0.104243
1.3717 0.106279
1.43464 0.108121
1.49759 0.109775
1.56053 0.11125
1.62348 0.112552
1.68642 0.113692
1.74937 0.114677
1.81231 0.115515
1.87526 0.116217
1.9382 0.116789
2.00115 0.11724
2.06409 0.117578
2.12704 0.117809
2.18998 0.117942
2.25293 0.117984
2.31587 0.11794
2.37882 0.117816
2.44176 0.117619
2.5047 0.117355
2.56765 0.117027
2.63059 0.116641
2.69354 0.116202
2.75648 0.115714
2.81943 0.11518
2.88237 0.114605
2.94532 0.113992
3.00826 0.113345
3.07121 0.112665
3.13415 0.111957
3.1971 0.111222
3.26004 0.110464
3.32299 0.109684
3.38593 0.108885
3.44888 0.108068
3.51182 0.107236
3.57477 0.10639
3.63771 0.105532
3.70066 0.104664
3.7636 0.103786
3.82655 0.1029
3.88949 0.102008
3.95244 0.101109
4.01538 0.100207
4.07833 0.0993003
4.14127 0.0983912
4.20422 0.0974801
4.26716 0.0965679
4.33011 0.0956553
4.39305 0.094743
4.456 0.0938315
4.51894 0.0929214
4.58189 0.0920133
4.64483 0.0911076
4.70778 0.0902048
4.77072 0.0893053
4.83366 0.0884095
4.89661 0.0875177
4.95955 0.0866303
5.0225 0.0857475
5.08544 0.0848697
5.14839 0.083997
5.21133 0.0831297
5.27428 0.0822681
5.33722 0.0814122
5.40017 0.0805623
5.46311 0.0797186
5.52606 0.0788811
5.589 0.07805
5.65195 0.0772254
5.71489 0.0764074
5.77784 0.0755961
5.84078 0.0747916
5.90373 0.0739939
5.96667 0.0732031
6.02962 0.0724193
6.09256 0.0716425
6.15551 0.0708727
6.21845 0.07011
6.2814 0.0693543
6.34434 0.0686057
6.40729 0.0678643
6.47023 0.0671299
6.53318 0.0664026
6.59612 0.0656824
6.65907 0.0649693
6.72201 0.0642633
6.78496 0.0635643
6.8479 0.0628724
6.91085 0.0621874
6.97379 0.0615095
7.03674 0.0608384
7.09968 0.0601743
7.16263 0.0595171
7.22557 0.0588667
7.28851 0.0582231
7.35146 0.0575862
7.4144 0.0569561
7.47735 0.0563326
7.54029 0.0557158
7.60324 0.0551055
7.66618 0.0545018
7.72913 0.0539045
7.79207 0.0533137
7.85502 0.0527292
7.91796 0.0521511
7.98091 0.0515792
8.04385 0.0510136
8.1068 0.0504541
8.16974 0.0499007
8.23269 0.0493534
8.29563 0.0488121
8.35858 0.0482767
8.42152 0.0477472
8.48447 0.0472236
8.54741 0.0467057
8.61036 0.0461935
8.6733 0.0456871
8.73625 0.0451862
8.79919 0.0446909
8.86214 0.0442011
8.92508 0.0437167
8.98803 0.0432377
9.05097 0.042764
9.11392 0.0422957
9.17686 0.0418325
9.23981 0.0413745
9.30275 0.0409217
9.3657 0.0404739
9.42864 0.0400311
9.49159 0.0395932
9.55453 0.0391603
9.61747 0.0387322
9.68042 0.0383089
9.74336 0.0378904
9.80631 0.0374765
9.86925 0.0370673
9.9322 0.0366627
9.99514 0.0362626
10.0581 0.035867
10.121 0.0354759
10.184 0.0350891
10.2469 0.0347067
10.3099 0.0343286
10.3728 0.0339547
10.4358 0.033585
10.4987 0.0332195
10.5616 0.032858
10.6246 0.0325007
10.6875 0.0321473
10.7505 0.031798
10.8134 0.0314525
10.8764 0.0311109
10.9393 0.0307732
11.0023 0.0304392
11.0652 0.030109
11.1282 0.0297825
11.1911 0.0294597
11.254 0.0291404
11.317 0.0288248
11.3799 0.0285127
11.4429 0.0282041
11.5058 0.027899
11.5688 0.0275972
11.6317 0.0272989
11.6947 0.0270039
11.7576 0.0267122
11.8205 0.0264237
11.8835 0.0261385
11.9464 0.0258565
12.0094 0.0255776
12.0723 0.0253019
12.1353 0.0250292
12.1982 0.0247596
12.2612 0.024493
12.3241 0.0242293
12.387 0.0239686
12.45 0.0237109
12.5129 0.0234559
12.5759 0.0232039
12.6388 0.0229546
12.7018 0.0227081
12.7647 0.0224644
12.8277 0.0222233
12.8906 0.021985
12.9536 0.0217493
13.0165 0.0215162
13.0794 0.0212857
13.1424 0.0210578
13.2053 0.0208324
13.2683 0.0206095
13.3312 0.0203891
13.3942 0.0201711
13.4571 0.0199555
13.5201 0.0197423
13.583 0.0195315
13.6459 0.019323
13.7089 0.0191168
13.7718 0.0189129
13.8348 0.0187113
13.8977 0.0185119
13.9607 0.0183147
14.0236 0.0181196
14.0866 0.0179267
14.1495 0.017736
14.2125 0.0175473
14.2754 0.0173607
14.3383 0.0171762
14.4013 0.0169937
14.4642 0.0168132
14.5272 0.0166347
14.5901 0.0164582
14.6531 0.0162836
14.716 0.0161109
14.779 0.0159401
14.8419 0.0157712
14.9048 0.0156042
14.9678 0.0154389
15.0307 0.0152755
15.0937 0.0151139
15.1566 0.014954
15.2196 0.0147959
15.2825 0.0146395
15.3455 0.0144849
15.4084 0.0143319
15.4713 0.0141806
15.5343 0.0140309
15.5972 0.0138829
15.6602 0.0137365
15.7231 0.0135917
15.7861 0.0134485
15.849 0.0133068
15.912 0.0131667
15.9749 0.0130281
16.0379 0.012891
16.1008 0.0127554
16.1637 0.0126212
16.2267 0.0124885
16.2896 0.0123573
16.3526 0.0122275
16.4155 0.0120991
16.4785 0.0119721
16.5414 0.0118465
16.6044 0.0117222
16.6673 0.0115993
16.7302 0.0114777
16.7932 0.0113574
16.8561 0.0112384
16.9191 0.0111207
16.982 0.0110043
17.045 0.0108891
17.1079 0.0107752
17.1709 0.0106625
17.2338 0.0105511
17.2967 0.0104408
17.3597 0.0103317
17.4226 0.0102238
17.4856 0.010117
17.5485 0.0100114
17.6115 0.00990699
17.6744 0.00980365
17.7374 0.00970142
17.8003 0.0096003
17.8633 0.00950025
17.9262 0.00940129
17.9891 0.00930338
18.0521 0.00920653
18.115 0.00911071
18.178 0.00901592
18.2409 0.00892215
18.3039 0.00882938
18.3668 0.0087376
18.4298 0.00864681
18.4927 0.00855699
18.5556 0.00846812
18.6186 0.00838021
18.6815 0.00829324
18.7445 0.00820719
18.8074 0.00812207
18.8704 0.00803785
18.9333 0.00795453
18.9963 0.0078721
19.0592 0.00779055
19.1222 0.00770987
19.1851 0.00763004
19.248 0.00755107
19.311 0.00747294
19.3739 0.00739563
19.4369 0.00731915
19.4998 0.00724349
19.5628 0.00716862
19.6257 0.00709455
19.6887 0.00702127
19.7516 0.00694877
19.8145 0.00687703
19.8775 0.00680606
19.9404 0.00673584
20.0034 0.00666636
20.0663 0.00659762
20.1293 0.0065296
20.1922 0.00646231
20.2552 0.00639573
20.3181 0.00632985
20.381 0.00626467
20.444 0.00620018
20.5069 0.00613637
20.5699 0.00607323
20.6328 0.00601076
20.6958 0.00594895
20.7587 0.00588779
20.8217 0.00582727
20.8846 0.0057674
20.9476 0.00570815
21.0105 0.00564953
21.0734 0.00559153
21.1364 0.00553414
21.1993 0.00547735
21.2623 0.00542116
21.3252 0.00536556
21.3882 0.00531054
21.4511 0.00525611
21.5141 0.00520224
21.577 0.00514894
21.6399 0.0050962
21.7029 0.00504401
21.7658 0.00499237
21.8288 0.00494128
21.8917 0.00489071
21.9547 0.00484068
22.0176 0.00479117
22.0806 0.00474219
22.1435 0.00469371
22.2064 0.00464574
22.2694 0.00459827
22.3323 0.0045513
22.3953 0.00450482
22.4582 0.00445883
22.5212 0.00441332
22.5841 0.00436828
22.6471 0.00432371
22.71 0.00427961
22.773 0.00423597
22.8359 0.00419279
22.8988 0.00415005
22.9618 0.00410776
23.0247 0.00406591
23.0877 0.0040245
23.1506 0.00398352
23.2136 0.00394296
23.2765 0.00390283
23.3395 0.00386311
23.4024 0.00382381
23.4653 0.00378492
23.5283 0.00374643
23.5912 0.00370834
23.6542 0.00367065
23.7171 0.00363335
23.7801 0.00359643
23.843 0.0035599
23.906 0.00352375
23.9689 0.00348797
24.0318 0.00345257
24.0948 0.00341753
24.1577 0.00338286
24.2207 0.00334854
24.2836 0.00331458
24.3466 0.00328097
24.4095 0.00324771
24.4725 0.0032148
24.5354 0.00318222
24.5984 0.00314998
24.6613 0.00311808
24.7242 0.0030865
24.7872 0.00305525
24.8501 0.00302433
24.9131 0.00299372
24.976 0.00296343
25.039 0.00293345
25.1019 0.00290379
25.1649 0.00287442
25.2278 0.00284536
25.2907 0.00281661
25.3537 0.00278814
25.4166 0.00275997
25.4796 0.0027321
25.5425 0.0027045
25.6055 0.0026772
25.6684 0.00265017
25.7314 0.00262342
25.7943 0.00259695
25.8573 0.00257075
25.9202 0.00254482
25.9831 0.00251915
26.0461 0.00249375
26.109 0.00246861
26.172 0.00244373
26.2349 0.00241911
26.2979 0.00239474
26.3608 0.00237061
26.4238 0.00234674
26.4867 0.00232311
26.5496 0.00229972
26.6126 0.00227657
26.6755 0.00225366
26.7385 0.00223099
26.8014 0.00220855
26.8644 0.00218633
26.9273 0.00216435
26.9903 0.00214259
27.0532 0.00212105
27.1161 0.00209973
27.1791 0.00207864
27.242 0.00205775
27.305 0.00203708
27.3679 0.00201663
27.4309 0.00199638
27.4938 0.00197634
27.5568 0.0019565
27.6197 0.00193687
27.6827 0.00191743
27.7456 0.0018982
27.8085 0.00187916
27.8715 0.00186031
27.9344 0.00184166
27.9974 0.0018232
28.0603 0.00180493
28.1233 0.00178684
28.1862 0.00176894
28.2492 0.00175122
28.3121 0.00173368
28.375 0.00171632
28.438 0.00169913
28.5009 0.00168212
28.5639 0.00166529
28.6268 0.00164862
28.6898 0.00163213
28.7527 0.0016158
28.8157 0.00159964
28.8786 0.00158364
28.9415 0.00156781
29.0045 0.00155214
29.0674 0.00153662
29.1304 0.00152127
29.1933 0.00150607
29.2563 0.00149102
29.3192 0.00147613
29.3822 0.00146139
29.4451 0.00144679
29.5081 0.00143235
29.571 0.00141805
29.6339 0.0014039
29.6969 0.00138989
29.7598 0.00137602
29.8228 0.0013623
29.8857 0.00134871
29.9487 0.00133526
30.0116 0.00132195
30.0746 0.00130877
30.1375 0.00129572
30.2004 0.00128281
30.2634 0.00127003
30.3263 0.00125737
30.3893 0.00124485
30.4522 0.00123245
30.5152 0.00122018
30.5781 0.00120803
30.6411 0.001196
30.704 0.0011841
30.767 0.00117232
30.8299 0.00116065
30.8928 0.0011491
30.9558 0.00113767
31.0187 0.00112636
31.0817 0.00111516
31.1446 0.00110407
31.2076 0.00109309
31.2705 0.00108223
31.3335 0.00107147
31.3964 0.00106083
31.4593 0.00105029
31.5223 0.00103985
31.5852 0.00102952
31.6482 0.0010193
31.7111 0.00100918
31.7741 0.00099916
31.837 0.000989241
31.9 0.000979423
31.9629 0.000969703
32.0258 0.000960082
32.0888 0.000950557
32.1517 0.000941128
32.2147 0.000931794
32.2776 0.000922553
32.3406 0.000913406
32.4035 0.000904351
32.4665 0.000895387
32.5294 0.000886512
32.5924 0.000877727
32.6553 0.000869031
32.7182 0.000860421
32.7812 0.000851898
32.8441 0.000843461
32.9071 0.000835109
32.97 0.00082684
33.033 0.000818654
33.0959 0.000810551
33.1589 0.000802528
33.2218 0.000794587
33.2847 0.000786724
33.3477 0.000778941
33.4106 0.000771236
33.4736 0.000763608
33.5365 0.000756057
33.5995 0.000748581
33.6624 0.00074118
33.7254 0.000733853
33.7883 0.0007266
33.8512 0.000719419
33.9142 0.00071231
33.9771 0.000705272
34.0401 0.000698305
34.103 0.000691408
34.166 0.000684579
34.2289 0.000677819
34.2919 0.000671126
34.3548 0.000664501
34.4178 0.000657941
34.4807 0.000651448
34.5436 0.000645019
34.6066 0.000638654
34.6695 0.000632353
34.7325 0.000626115
34.7954 0.000619939
34.8584 0.000613825
34.9213 0.000607772
34.9843 0.00060178
35.0472 0.000595847
35.1101 0.000589974
35.1731 0.000584159
35.236 0.000578402
35.299 0.000572703
35.3619 0.00056706
35.4249 0.000561474
35.4878 0.000555943
35.5508 0.000550468
35.6137 0.000545047
35.6767 0.00053968
35.7396 0.000534367
35.8025 0.000529106
35.8655 0.000523898
35.9284 0.000518742
35.9914 0.000513638
36.0543 0.000508584
36.1173 0.00050358
36.1802 0.000498627
36.2432 0.000493722
36.3061 0.000488866
36.369 0.000484059
36.432 0.0004793
36.4949 0.000474588
36.5579 0.000469922
36.6208 0.000465303
36.6838 0.000460731
36.7467 0.000456203
36.8097 0.000451721
36.8726 0.000447283
36.9355 0.000442889
36.9985 0.000438539
37.0614 0.000434232
37.1244 0.000429968
37.1873 0.000425746
37.2503 0.000421566
37.3132 0.000417428
37.3762 0.00041333
37.4391 0.000409274
37.5021 0.000405258
37.565 0.000401281
37.6279 0.000397344
37.6909 0.000393446
37.7538 0.000389587
37.8168 0.000385766
37.8797 0.000381983
37.9427 0.000378237
38.0056 0.000374529
38.0686 0.000370857
38.1315 0.000367221
38.1944 0.000363622
38.2574 0.000360059
38.3203 0.00035653
38.3833 0.000353037
38.4462 0.000349578
38.5092 0.000346154
38.5721 0.000342763
38.6351 0.000339406
38.698 0.000336082
38.7609 0.000332791
38.8239 0.000329533
38.8868 0.000326307
38.9498 0.000323112
39.0127 0.00031995
39.0757 0.000316819
39.1386 0.000313718
39.2016 0.000310649
39.2645 0.000307609
39.3275 0.0003046
39.3904 0.00030162
39.4533 0.00029867
39.5163 0.000295749
39.5792 0.000292857
39.6422 0.000289994
39.7051 0.000287159
39.7681 0.000284351
39.831 0.000281572
39.894 0.00027882
39.9569 0.000276095
40.0198 0.000273397
40.0828 0.000270726
40.1457 0.000268081
40.2087 0.000265462
40.2716 0.000262869
40.3346 0.000260301
40.3975 0.000257759
40.4605 0.000255242
40.5234 0.00025275
40.5864 0.000250282
40.6493 0.000247839
40.7122 0.00024542
40.7752 0.000243024
40.8381 0.000240653
40.9011 0.000238304
40.964 0.000235979
41.027 0.000233677
41.0899 0.000231397
41.1529 0.00022914
41.2158 0.000226905
41.2787 0.000224692
41.3417 0.000222501
41.4046 0.000220331
41.4676 0.000218183
41.5305 0.000216056
41.5935 0.00021395
41.6564 0.000211864
41.7194 0.000209799
41.7823 0.000207755
41.8452 0.00020573
41.9082 0.000203726
41.9711 0.000201741
42.0341 0.000199775
42.097 0.000197829
42.16 0.000195903
42.2229 0.000193995
42.2859 0.000192105
42.3488 0.000190235
42.4118 0.000188383
42.4747 0.000186549
42.5376 0.000184733
42.6006 0.000182934
42.6635 0.000181154
42.7265 0.000179391
42.7894 0.000177645
42.8524 0.000175917
42.9153 0.000174205
42.9783 0.00017251
43.0412 0.000170832
43.1041 0.00016917
43.1671 0.000167525
43.23 0.000165896
43.293 0.000164283
43.3559 0.000162685
43.4189 0.000161104
43.4818 0.000159537
43.5448 0.000157986
43.6077 0.000156451
43.6706 0.00015493
43.7336 0.000153425
43.7965 0.000151934
43.8595 0.000150457
43.9224 0.000148995
43.9854 0.000147548
44.0483 0.000146115
44.1113 0.000144695
44.1742 0.00014329
44.2372 0.000141898
44.3001 0.00014052
44.363 0.000139156
44.426 0.000137805
44.4889 0.000136467
44.5519 0.000135142
44.6148 0.00013383
44.6778 0.000132531
44.7407 0.000131245
44.8037 0.000129971
44.8666 0.00012871
44.9295 0.000127461
44.9925 0.000126225
45.0554 0.000125
45.1184 0.000123788
45.1813 0.000122587
45.2443 0.000121398
45.3072 0.000120221
45.3702 0.000119055
45.4331 0.0001179
45.4961 0.000116757
45.559 0.000115625
45.6219 0.000114504
45.6849 0.000113394
45.7478 0.000112295
45.8108 0.000111207
45.8737 0.000110129
45.9367 0.000109062
45.9996 0.000108005
46.0626 0.000106959
46.1255 0.000105923
46.1884 0.000104897
46.2514 0.00010388
46.3143 0.000102874
46.3773 0.000101878
46.4402 0.000100891
46.5032 9.99143e-05
46.5661 9.89469e-05
46.6291 9.79889e-05
46.692 9.70402e-05
46.7549 9.61008e-05
46.8179 9.51706e-05
46.8808 9.42494e-05
46.9438 9.33372e-05
47.0067 9.24339e-05
47.0697 9.15395e-05
47.1326 9.06537e-05
47.1956 8.97766e-05
47.2585 8.89081e-05
47.3215 8.8048e-05
47.3844 8.71963e-05
47.4473 8.63528e-05
47.5103 8.55177e-05
47.5732 8.46906e-05
47.6362 8.38716e-05
47.6991 8.30606e-05
47.7621 8.22575e-05
47.825 8.14622e-05
47.888 8.06747e-05
47.9509 7.98949e-05
48.0138 7.91226e-05
48.0768 7.83578e-05
48.1397 7.76005e-05
48.2027 7.68506e-05
48.2656 7.6108e-05
48.3286 7.53726e-05
48.3915 7.46444e-05
48.4545 7.39232e-05
48.5174 7.32091e-05
48.5803 7.25019e-05
48.6433 7.18016e-05
48.7062 7.11081e-05
48.7692 7.04214e-05
48.8321 6.97413e-05
48.8951 6.90679e-05
48.958 6.8401e-05
49.021 6.77406e-05
49.0839 6.70866e-05
49.1469 6.6439e-05
49.2098 6.57977e-05
49.2727 6.51626e-05
49.3357 6.45337e-05
49.3986 6.39109e-05
49.4616 6.32941e-05
49.5245 6.26834e-05
49.5875 6.20785e-05
49.6504 6.14796e-05
49.7134 6.08865e-05
49.7763 6.02991e-05
49.8392 5.97175e-05
49.9022 5.91415e-05
49.9651 5.8571e-05
50.0281 5.80062e-05
50.091 5.74468e-05
50.154 5.68928e-05
50.2169 5.63443e-05
50.2799 5.5801e-05
50.3428 5.52631e-05
50.4057 5.47303e-05
50.4687 5.42027e-05
50.5316 5.36803e-05
50.5946 5.31629e-05
50.6575 5.26505e-05
50.7205 5.21431e-05
50.7834 5.16407e-05
50.8464 5.11431e-05
50.9093 5.06503e-05
50.9723 5.01623e-05
51.0352 4.9679e-05
51.0981 4.92005e-05
51.1611 4.87266e-05
51.224 4.82572e-05
51.287 4.77924e-05
51.3499 4.73322e-05
51.4129 4.68764e-05
51.4758 4.6425e-05
51.5388 4.5978e-05
51.6017 4.55353e-05
51.6646 4.50969e-05
51.7276 4.46627e-05
51.7905 4.42328e-05
51.8535 4.3807e-05
51.9164 4.33854e-05
51.9794 4.29678e-05
52.0423 4.25543e-05
52.1053 4.21448e-05
52.1682 4.17393e-05
52.2312 4.13376e-05
52.2941 4.09399e-05
52.357 4.0546e-05
52.42 4.0156e-05
52.4829 3.97697e-05
52.5459 3.93872e-05
52.6088 3.90083e-05
52.6718 3.86331e-05
52.7347 3.82616e-05
52.7977 3.78937e-05
52.8606 3.75293e-05
52.9235 3.71684e-05
52.9865 3.6811e-05
53.0494 3.64571e-05
53.1124 3.61067e-05
53.1753 3.57596e-05
53.2383 3.54158e-05
53.3012 3.50754e-05
53.3642 3.47383e-05
53.4271 3.44044e-05
53.49 3.40738e-05
53.553 3.37464e-05
53.6159 3.34221e-05
53.6789 3.3101e-05
53.7418 3.27829e-05
53.8048 3.2468e-05
53.8677 3.21561e-05
53.9307 3.18472e-05
53.9936 3.15413e-05
54.0566 3.12383e-05
54.1195 3.09383e-05
54.1824 3.06412e-05
54.2454 3.03469e-05
54.3083 3.00555e-05
54.3713 2.97669e-05
54.4342 2.94811e-05
54.4972 2.91981e-05
54.5601 2.89178e-05
54.6231 2.86402e-05
54.686 2.83652e-05
54.7489 2.8093e-05
54.8119 2.78233e-05
54.8748 2.75563e-05
54.9378 2.72918e-05
55.0007 2.70299e-05
55.0637 2.67706e-05
55.1266 2.65137e-05
55.1896 2.62593e-05
55.2525 2.60074e-05
55.3154 2.57579e-05
55.3784 2.55108e-05
55.4413 2.5266e-05
55.5043 2.50237e-05
55.5672 2.47837e-05
55.6302 2.4546e-05
55.6931 2.43106e-05
55.7561 2.40774e-05
55.819 2.38466e-05
55.882 2.36179e-05
55.9449 2.33914e-05
56.0078 2.31672e-05
56.0708 2.29451e-05
56.1337 2.27251e-05
56.1967 2.25072e-05
56.2596 2.22915e-05
56.3226 2.20778e-05
56.3855 2.18662e-05
56.4485 2.16567e-05
56.5114 2.14491e-05
56.5743 2.12436e-05
56.6373 2.104e-05
56.7002 2.08384e-05
56.7632 2.06387e-05
56.8261 2.0441e-05
56.8891 2.02452e-05
56.952 2.00512e-05
57.015 1.98592e-05
57.0779 1.96689e-05
57.1409 1.94805e-05
57.2038 1.9294e-05
57.2667 1.91092e-05
57.3297 1.89262e-05
57.3926 1.87449e-05
57.4556 1.85654e-05
57.5185 1.83877e-05
57.5815 1.82116e-05
57.6444 1.80373e-05
57.7074 1.78646e-05
57.7703 1.76936e-05
57.8332 1.75242e-05
57.8962 1.73564e-05
57.9591 1.71903e-05
58.0221 1.70258e-05
58.085 1.68628e-05
58.148 1.67015e-05
58.2109 1.65416e-05
58.2739 1.63833e-05
58.3368 1.62266e-05
58.3997 1.60713e-05
58.4627 1.59176e-05
58.5256 1.57653e-05
58.5886 1.56144e-05
58.6515 1.54651e-05
58.7145 1.53171e-05
58.7774 1.51706e-05
58.8404 1.50255e-05
58.9033 1.48818e-05
58.9663 1.47395e-05
59.0292 1.45985e-05
59.0921 1.44589e-05
59.1551 1.43207e-05
59.218 1.41838e-05
59.281 1.40481e-05
59.3439 1.39138e-05
59.4069 1.37808e-05
59.4698 1.36491e-05
59.5328 1.35186e-05
59.5957 1.33894e-05
59.6586 1.32614e-05
59.7216 1.31346e-05
59.7845 1.30091e-05
59.8475 1.28848e-05
59.9104 1.27616e-05
59.9734 1.26397e-05
60.0363 1.25189e-05
60.0993 1.23993e-05
60.1622 1.22808e-05
60.2251 1.21635e-05
60.2881 1.20473e-05
60.351 1.19322e-05
60.414 1.18182e-05
60.4769 1.17053e-05
60.5399 1.15935e-05
60.6028 1.14828e-05
60.6658 1.13731e-05
60.7287 1.12645e-05
60.7917 1.11569e-05
60.8546 1.10504e-05
60.9175 1.09449e-05
60.9805 1.08404e-05
61.0434 1.07368e-05
61.1064 1.06343e-05
61.1693 1.05328e-05
61.2323 1.04323e-05
61.2952 1.03327e-05
61.3582 1.0234e-05
61.4211 1.01363e-05
