-0.535933 0.000335627
-0.0169803 0.00123665
0.501973 0.00275877
1.02093 0.00426345
1.53988 0.00550525
2.05883 0.00651269
2.57778 0.0073439
3.09674 0.008043
3.61569 0.00864045
4.13464 0.00915746
4.6536 0.0096092
5.17255 0.0100068
5.6915 0.0103588
6.21046 0.0106717
6.72941 0.0109507
7.24836 0.0112001
7.76731 0.0114232
8.28627 0.0116229
8.80522 0.0118016
9.32417 0.0119614
9.84313 0.0121041
10.3621 0.0122311
10.881 0.0123438
11.4 0.0124435
11.9189 0.0125311
12.4379 0.0126076
12.9568 0.0126737
13.4758 0.0127304
13.9948 0.0127781
14.5137 0.0128176
15.0327 0.0128494
15.5516 0.0128741
16.0706 0.012892
16.5895 0.0129036
17.1085 0.0129094
17.6274 0.0129096
18.1464 0.0129047
18.6653 0.0128949
19.1843 0.0128805
19.7032 0.0128618
20.2222 0.0128391
20.7411 0.0128126
21.2601 0.0127826
21.779 0.0127491
22.298 0.0127125
22.817 0.0126729
23.3359 0.0126305
23.8549 0.0125855
24.3738 0.0125379
24.8928 0.012488
25.4117 0.012436
25.9307 0.0123818
26.4496 0.0123257
26.9686 0.0122677
27.4875 0.0122081
28.0065 0.0121468
28.5254 0.012084
29.0444 0.0120197
29.5633 0.0119542
30.0823 0.0118874
30.6012 0.0118194
31.1202 0.0117503
31.6392 0.0116802
32.1581 0.0116092
32.6771 0.0115373
33.196 0.0114646
33.715 0.0113912
34.2339 0.011317
34.7529 0.0112423
35.2718 0.0111669
35.7908 0.011091
36.3097 0.0110146
36.8287 0.0109378
37.3476 0.0108606
37.8666 0.010783
38.3855 0.0107052
38.9045 0.010627
39.4234 0.0105487
39.9424 0.0104701
40.4614 0.0103914
40.9803 0.0103125
41.4993 0.0102335
42.0182 0.0101545
42.5372 0.0100754
43.0561 0.00999625
43.5751 0.00991715
44.094 0.00983807
44.613 0.00975905
45.1319 0.00968011
45.6509 0.00960127
46.1698 0.00952255
46.6888 0.00944397
47.2077 0.00936554
47.7267 0.00928729
48.2457 0.00920923
48.7646 0.00913138
49.2836 0.00905376
49.8025 0.00897637
50.3215 0.00889924
50.8404 0.00882237
51.3594 0.00874579
51.8783 0.00866949
52.3973 0.0085935
52.9162 0.00851782
53.4352 0.00844246
53.9541 0.00836744
54.4731 0.00829277
54.992 0.00821844
55.511 0.00814448
56.0299 0.00807089
56.5489 0.00799767
57.0679 0.00792483
57.5868 0.00785239
58.1058 0.00778035
58.6247 0.0077087
59.1437 0.00763747
59.6626 0.00756665
60.1816 0.00749625
60.7005 0.00742627
61.2195 0.00735672
61.7384 0.00728761
62.2574 0.00721893
62.7763 0.00715069
63.2953 0.00708289
63.8142 0.00701554
64.3332 0.00694863
64.8521 0.00688218
65.3711 0.00681618
65.8901 0.00675063
66.409 0.00668555
66.928 0.00662092
67.4469 0.00655675
67.9659 0.00649305
68.4848 0.0064298
69.0038 0.00636702
69.5227 0.00630471
70.0417 0.00624286
70.5606 0.00618147
71.0796 0.00612056
71.5985 0.0060601
72.1175 0.00600012
72.6364 0.0059406
73.1554 0.00588154
73.6743 0.00582295
74.1933 0.00576483
74.7123 0.00570717
75.2312 0.00564997
75.7502 0.00559323
76.2691 0.00553696
76.7881 0.00548115
77.307 0.0054258
77.826 0.0053709
78.3449 0.00531647
78.8639 0.00526249
79.3828 0.00520896
79.9018 0.00515589
80.4207 0.00510327
80.9397 0.0050511
81.4586 0.00499938
81.9776 0.0049481
82.4965 0.00489727
83.0155 0.00484688
83.5345 0.00479694
84.0534 0.00474743
84.5724 0.00469836
85.0913 0.00464972
85.6103 0.00460152
86.1292 0.00455374
86.6482 0.0045064
87.1671 0.00445948
87.6861 0.00441298
88.205 0.00436691
88.724 0.00432126
89.2429 0.00427602
89.7619 0.0042312
90.2808 0.00418679
90.7998 0.00414278
91.3188 0.00409919
91.8377 0.004056
92.3567 0.00401322
92.8756 0.00397083
93.3946 0.00392884
93.9135 0.00388724
94.4325 0.00384604
94.9514 0.00380523
95.4704 0.0037648
95.9893 0.00372476
96.5083 0.00368509
97.0272 0.00364581
97.5462 0.0036069
98.0651 0.00356837
98.5841 0.00353021
99.103 0.00349242
99.622 0.00345499
100.141 0.00341792
100.66 0.00338122
101.179 0.00334487
101.698 0.00330888
102.217 0.00327324
102.736 0.00323795
103.255 0.00320301
103.774 0.00316841
104.293 0.00313415
104.812 0.00310023
105.33 0.00306665
105.849 0.0030334
106.368 0.00300048
106.887 0.00296789
107.406 0.00293563
107.925 0.00290369
108.444 0.00287206
108.963 0.00284076
109.482 0.00280977
110.001 0.0027791
110.52 0.00274873
111.039 0.00271867
111.558 0.00268892
112.077 0.00265946
112.596 0.00263031
113.115 0.00260145
113.634 0.00257289
114.153 0.00254462
114.672 0.00251664
115.191 0.00248895
115.71 0.00246154
116.228 0.00243441
116.747 0.00240756
117.266 0.00238099
117.785 0.00235469
118.304 0.00232867
118.823 0.00230291
119.342 0.00227742
119.861 0.0022522
120.38 0.00222724
120.899 0.00220254
121.418 0.00217809
121.937 0.0021539
122.456 0.00212997
122.975 0.00210628
123.494 0.00208284
124.013 0.00205965
124.532 0.0020367
125.051 0.002014
125.57 0.00199153
126.089 0.0019693
126.608 0.0019473
127.127 0.00192554
127.645 0.00190401
128.164 0.0018827
128.683 0.00186162
129.202 0.00184077
129.721 0.00182013
130.24 0.00179972
130.759 0.00177952
131.278 0.00175954
131.797 0.00173977
132.316 0.00172021
132.835 0.00170086
133.354 0.00168172
133.873 0.00166279
134.392 0.00164406
134.911 0.00162552
135.43 0.00160719
135.949 0.00158906
136.468 0.00157112
136.987 0.00155337
137.506 0.00153582
138.025 0.00151845
138.543 0.00150127
139.062 0.00148428
139.581 0.00146747
140.1 0.00145085
140.619 0.0014344
141.138 0.00141813
141.657 0.00140204
142.176 0.00138613
142.695 0.00137039
143.214 0.00135482
143.733 0.00133941
144.252 0.00132418
144.771 0.00130912
145.29 0.00129421
145.809 0.00127948
146.328 0.0012649
146.847 0.00125048
147.366 0.00123622
147.885 0.00122212
148.404 0.00120817
148.923 0.00119437
149.441 0.00118073
149.96 0.00116724
150.479 0.00115389
150.998 0.00114069
151.517 0.00112764
152.036 0.00111473
152.555 0.00110197
153.074 0.00108934
153.593 0.00107686
154.112 0.00106451
154.631 0.0010523
155.15 0.00104022
155.669 0.00102828
156.188 0.00101647
156.707 0.0010048
157.226 0.000993249
157.745 0.000981829
158.264 0.000970537
158.783 0.00095937
159.302 0.000948327
159.821 0.000937408
160.34 0.00092661
160.858 0.000915933
161.377 0.000905375
161.896 0.000894935
162.415 0.000884612
162.934 0.000874404
163.453 0.00086431
163.972 0.000854329
164.491 0.000844461
165.01 0.000834702
165.529 0.000825053
166.048 0.000815513
166.567 0.00080608
167.086 0.000796752
167.605 0.000787529
168.124 0.000778411
168.643 0.000769394
169.162 0.00076048
169.681 0.000751665
170.2 0.00074295
170.719 0.000734333
171.238 0.000725814
171.756 0.000717391
172.275 0.000709062
172.794 0.000700828
173.313 0.000692687
173.832 0.000684638
174.351 0.00067668
174.87 0.000668812
175.389 0.000661034
175.908 0.000653343
176.427 0.00064574
176.946 0.000638223
177.465 0.000630791
177.984 0.000623443
178.503 0.000616179
179.022 0.000608998
179.541 0.000601898
180.06 0.000594879
180.579 0.00058794
181.098 0.000581079
181.617 0.000574297
182.136 0.000567593
182.654 0.000560964
183.173 0.000554411
183.692 0.000547933
184.211 0.000541529
184.73 0.000535198
185.249 0.00052894
185.768 0.000522753
186.287 0.000516636
186.806 0.00051059
187.325 0.000504613
187.844 0.000498704
188.363 0.000492863
188.882 0.000487088
189.401 0.00048138
189.92 0.000475738
190.439 0.00047016
190.958 0.000464646
191.477 0.000459195
191.996 0.000453807
192.515 0.000448481
193.034 0.000443216
193.552 0.000438011
194.071 0.000432867
194.59 0.000427782
195.109 0.000422755
195.628 0.000417786
196.147 0.000412874
196.666 0.000408019
197.185 0.000403219
197.704 0.000398476
198.223 0.000393786
198.742 0.000389151
199.261 0.00038457
199.78 0.000380041
200.299 0.000375565
200.818 0.00037114
201.337 0.000366766
201.856 0.000362443
202.375 0.00035817
202.894 0.000353947
203.413 0.000349772
203.932 0.000345646
204.451 0.000341567
204.969 0.000337536
205.488 0.000333551
206.007 0.000329613
206.526 0.00032572
207.045 0.000321872
207.564 0.000318069
208.083 0.000314311
208.602 0.000310595
209.121 0.000306923
209.64 0.000303294
210.159 0.000299707
210.678 0.000296161
211.197 0.000292657
211.716 0.000289193
212.235 0.00028577
212.754 0.000282387
213.273 0.000279043
213.792 0.000275737
214.311 0.000272471
214.83 0.000269242
215.349 0.000266051
215.867 0.000262898
216.386 0.000259781
216.905 0.0002567
217.424 0.000253656
217.943 0.000250646
218.462 0.000247672
218.981 0.000244733
219.5 0.000241828
220.019 0.000238957
220.538 0.00023612
221.057 0.000233316
221.576 0.000230544
222.095 0.000227805
222.614 0.000225098
223.133 0.000222423
223.652 0.000219779
224.171 0.000217166
224.69 0.000214583
225.209 0.000212031
225.728 0.000209509
226.247 0.000207016
226.765 0.000204552
227.284 0.000202118
227.803 0.000199712
228.322 0.000197334
228.841 0.000194984
229.36 0.000192661
229.879 0.000190366
230.398 0.000188098
230.917 0.000185857
231.436 0.000183642
231.955 0.000181452
232.474 0.000179289
232.993 0.000177151
233.512 0.000175038
234.031 0.00017295
234.55 0.000170887
235.069 0.000168848
235.588 0.000166833
236.107 0.000164841
236.626 0.000162873
237.145 0.000160929
237.664 0.000159007
238.182 0.000157108
238.701 0.000155231
239.22 0.000153376
239.739 0.000151543
240.258 0.000149732
240.777 0.000147942
241.296 0.000146173
241.815 0.000144426
242.334 0.000142698
242.853 0.000140992
243.372 0.000139305
243.891 0.000137638
244.41 0.000135991
244.929 0.000134364
245.448 0.000132755
245.967 0.000131166
246.486 0.000129595
247.005 0.000128044
247.524 0.00012651
248.043 0.000124994
248.562 0.000123497
249.08 0.000122017
249.599 0.000120555
250.118 0.00011911
250.637 0.000117682
251.156 0.000116271
251.675 0.000114877
252.194 0.000113499
252.713 0.000112138
253.232 0.000110793
253.751 0.000109464
254.27 0.00010815
254.789 0.000106852
255.308 0.00010557
255.827 0.000104302
256.346 0.00010305
256.865 0.000101813
257.384 0.00010059
257.903 9.93818e-05
258.422 9.8188e-05
258.941 9.70084e-05
259.46 9.58427e-05
259.978 9.4691e-05
260.497 9.35529e-05
261.016 9.24283e-05
261.535 9.13172e-05
262.054 9.02192e-05
262.573 8.91343e-05
263.092 8.80623e-05
263.611 8.7003e-05
264.13 8.59564e-05
264.649 8.49222e-05
265.168 8.39004e-05
265.687 8.28907e-05
266.206 8.1893e-05
266.725 8.09072e-05
267.244 7.99332e-05
267.763 7.89707e-05
268.282 7.80198e-05
268.801 7.70801e-05
269.32 7.61517e-05
269.839 7.52343e-05
270.358 7.43279e-05
270.876 7.34323e-05
271.395 7.25474e-05
271.914 7.1673e-05
272.433 7.08091e-05
272.952 6.99554e-05
273.471 6.9112e-05
273.99 6.82786e-05
274.509 6.74552e-05
275.028 6.66417e-05
275.547 6.58378e-05
276.066 6.50435e-05
276.585 6.42588e-05
277.104 6.34834e-05
277.623 6.27173e-05
278.142 6.19603e-05
278.661 6.12124e-05
279.18 6.04734e-05
279.699 5.97433e-05
280.218 5.90219e-05
280.737 5.83091e-05
281.256 5.76049e-05
281.775 5.69091e-05
282.293 5.62216e-05
282.812 5.55423e-05
283.331 5.48712e-05
283.85 5.42081e-05
284.369 5.35529e-05
284.888 5.29056e-05
285.407 5.22661e-05
285.926 5.16342e-05
286.445 5.10099e-05
286.964 5.03931e-05
287.483 4.97836e-05
288.002 4.91815e-05
288.521 4.85866e-05
289.04 4.79988e-05
289.559 4.74181e-05
290.078 4.68443e-05
290.597 4.62774e-05
291.116 4.57173e-05
291.635 4.5164e-05
292.154 4.46172e-05
292.673 4.40771e-05
293.191 4.35434e-05
293.71 4.30161e-05
294.229 4.24952e-05
294.748 4.19805e-05
295.267 4.1472e-05
295.786 4.09696e-05
296.305 4.04733e-05
296.824 3.99829e-05
297.343 3.94984e-05
297.862 3.90197e-05
298.381 3.85468e-05
298.9 3.80796e-05
299.419 3.76179e-05
299.938 3.71619e-05
300.457 3.67113e-05
300.976 3.62661e-05
301.495 3.58263e-05
302.014 3.53918e-05
302.533 3.49625e-05
303.052 3.45384e-05
303.571 3.41194e-05
304.089 3.37054e-05
304.608 3.32964e-05
305.127 3.28923e-05
305.646 3.24931e-05
306.165 3.20987e-05
306.684 3.17091e-05
307.203 3.13242e-05
307.722 3.09438e-05
308.241 3.05681e-05
308.76 3.01969e-05
309.279 2.98302e-05
309.798 2.94679e-05
310.317 2.91099e-05
310.836 2.87563e-05
311.355 2.8407e-05
311.874 2.80618e-05
312.393 2.77208e-05
312.912 2.73839e-05
313.431 2.70511e-05
313.95 2.67223e-05
314.469 2.63975e-05
314.988 2.60766e-05
315.506 2.57596e-05
316.025 2.54464e-05
316.544 2.51369e-05
317.063 2.48313e-05
317.582 2.45293e-05
318.101 2.42309e-05
318.62 2.39362e-05
319.139 2.3645e-05
319.658 2.33573e-05
320.177 2.30731e-05
320.696 2.27923e-05
321.215 2.2515e-05
321.734 2.22409e-05
322.253 2.19702e-05
322.772 2.17028e-05
323.291 2.14386e-05
323.81 2.11776e-05
324.329 2.09197e-05
324.848 2.0665e-05
325.367 2.04134e-05
325.886 2.01647e-05
326.404 1.99191e-05
326.923 1.96765e-05
327.442 1.94368e-05
327.961 1.92e-05
328.48 1.89661e-05
328.999 1.8735e-05
329.518 1.85067e-05
330.037 1.82812e-05
330.556 1.80584e-05
331.075 1.78383e-05
331.594 1.76208e-05
332.113 1.7406e-05
332.632 1.71938e-05
333.151 1.69842e-05
333.67 1.67771e-05
334.189 1.65725e-05
334.708 1.63704e-05
335.227 1.61707e-05
335.746 1.59735e-05
336.265 1.57786e-05
336.784 1.55861e-05
337.302 1.5396e-05
337.821 1.52081e-05
338.34 1.50226e-05
338.859 1.48392e-05
339.378 1.46581e-05
339.897 1.44792e-05
340.416 1.43025e-05
340.935 1.41279e-05
341.454 1.39555e-05
341.973 1.37851e-05
342.492 1.36168e-05
343.011 1.34505e-05
343.53 1.32863e-05
344.049 1.3124e-05
344.568 1.29637e-05
345.087 1.28054e-05
345.606 1.2649e-05
346.125 1.24944e-05
346.644 1.23418e-05
347.163 1.2191e-05
347.682 1.20421e-05
348.2 1.18949e-05
348.719 1.17495e-05
349.238 1.1606e-05
349.757 1.14641e-05
350.276 1.1324e-05
350.795 1.11856e-05
351.314 1.10488e-05
351.833 1.09137e-05
352.352 1.07803e-05
352.871 1.06485e-05
353.39 1.05183e-05
353.909 1.03896e-05
354.428 1.02626e-05
354.947 1.01371e-05
355.466 1.00131e-05
355.985 9.89059e-06
356.504 9.7696e-06
357.023 9.65007e-06
357.542 9.53201e-06
358.061 9.41537e-06
358.58 9.30016e-06
359.099 9.18635e-06
359.617 9.07393e-06
360.136 8.96287e-06
360.655 8.85316e-06
361.174 8.74479e-06
361.693 8.63774e-06
362.212 8.532e-06
362.731 8.42754e-06
363.25 8.32435e-06
363.769 8.22242e-06
364.288 8.12173e-06
364.807 8.02227e-06
365.326 7.92402e-06
365.845 7.82696e-06
366.364 7.73109e-06
366.883 7.63639e-06
367.402 7.54284e-06
367.921 7.45043e-06
368.44 7.35915e-06
368.959 7.26898e-06
369.478 7.1799e-06
369.997 7.09192e-06
370.515 7.005e-06
371.034 6.91915e-06
371.553 6.83434e-06
372.072 6.75057e-06
372.591 6.66782e-06
373.11 6.58608e-06
373.629 6.50534e-06
374.148 6.42558e-06
374.667 6.34679e-06
375.186 6.26896e-06
375.705 6.19209e-06
376.224 6.11615e-06
376.743 6.04114e-06
377.262 5.96704e-06
377.781 5.89385e-06
378.3 5.82155e-06
378.819 5.75014e-06
379.338 5.67959e-06
379.857 5.60991e-06
380.376 5.54108e-06
380.895 5.47309e-06
381.413 5.40593e-06
381.932 5.33959e-06
382.451 5.27405e-06
382.97 5.20932e-06
383.489 5.14538e-06
384.008 5.08223e-06
384.527 5.01984e-06
385.046 4.95821e-06
385.565 4.89734e-06
386.084 4.83721e-06
386.603 4.77782e-06
387.122 4.71915e-06
387.641 4.6612e-06
388.16 4.60396e-06
388.679 4.54742e-06
389.198 4.49156e-06
389.717 4.4364e-06
390.236 4.3819e-06
390.755 4.32807e-06
391.274 4.2749e-06
391.793 4.22238e-06
392.312 4.17051e-06
392.83 4.11926e-06
393.349 4.06865e-06
393.868 4.01865e-06
394.387 3.96927e-06
394.906 3.92049e-06
395.425 3.8723e-06
395.944 3.82471e-06
396.463 3.77769e-06
396.982 3.73126e-06
397.501 3.68539e-06
398.02 3.64008e-06
398.539 3.59533e-06
399.058 3.55112e-06
399.577 3.50746e-06
400.096 3.46433e-06
400.615 3.42173e-06
401.134 3.37965e-06
401.653 3.33808e-06
402.172 3.29703e-06
402.691 3.25648e-06
403.21 3.21642e-06
403.728 3.17685e-06
404.247 3.13777e-06
404.766 3.09917e-06
405.285 3.06104e-06
405.804 3.02338e-06
406.323 2.98618e-06
406.842 2.94943e-06
407.361 2.91314e-06
407.88 2.87729e-06
408.399 2.84188e-06
408.918 2.8069e-06
409.437 2.77235e-06
409.956 2.73823e-06
410.475 2.70452e-06
410.994 2.67123e-06
411.513 2.63834e-06
412.032 2.60586e-06
412.551 2.57378e-06
413.07 2.54209e-06
413.589 2.51079e-06
414.108 2.47987e-06
414.626 2.44933e-06
415.145 2.41916e-06
415.664 2.38937e-06
416.183 2.35994e-06
416.702 2.33087e-06
417.221 2.30216e-06
417.74 2.2738e-06
418.259 2.24579e-06
418.778 2.21813e-06
419.297 2.1908e-06
419.816 2.16381e-06
420.335 2.13715e-06
420.854 2.11081e-06
421.373 2.0848e-06
421.892 2.05911e-06
422.411 2.03373e-06
422.93 2.00867e-06
423.449 1.98391e-06
423.968 1.95946e-06
424.487 1.93531e-06
425.006 1.91145e-06
425.524 1.88789e-06
426.043 1.86461e-06
426.562 1.84163e-06
427.081 1.81892e-06
427.6 1.79649e-06
428.119 1.77434e-06
428.638 1.75246e-06
429.157 1.73085e-06
429.676 1.70951e-06
430.195 1.68842e-06
430.714 1.6676e-06
431.233 1.64703e-06
431.752 1.62672e-06
432.271 1.60665e-06
432.79 1.58683e-06
433.309 1.56726e-06
433.828 1.54792e-06
434.347 1.52883e-06
434.866 1.50996e-06
435.385 1.49133e-06
435.904 1.47293e-06
436.423 1.45476e-06
436.941 1.43681e-06
437.46 1.41907e-06
437.979 1.40156e-06
438.498 1.38426e-06
439.017 1.36718e-06
439.536 1.3503e-06
440.055 1.33364e-06
440.574 1.31717e-06
441.093 1.30091e-06
441.612 1.28485e-06
442.131 1.26899e-06
442.65 1.25332e-06
443.169 1.23785e-06
443.688 1.22257e-06
444.207 1.20747e-06
444.726 1.19256e-06
445.245 1.17783e-06
445.764 1.16329e-06
446.283 1.14892e-06
446.802 1.13473e-06
447.321 1.12072e-06
447.839 1.10687e-06
448.358 1.0932e-06
448.877 1.0797e-06
449.396 1.06636e-06
449.915 1.05319e-06
450.434 1.04018e-06
450.953 1.02732e-06
451.472 1.01463e-06
451.991 1.00209e-06
452.51 9.89712e-07
453.029 9.77483e-07
453.548 9.65403e-07
454.067 9.53473e-07
454.586 9.4169e-07
455.105 9.30051e-07
455.624 9.18557e-07
456.143 9.07203e-07
456.662 8.9599e-07
457.181 8.84914e-07
457.7 8.73976e-07
458.219 8.63171e-07
458.737 8.52501e-07
459.256 8.41961e-07
459.775 8.31551e-07
460.294 8.2127e-07
460.813 8.11115e-07
461.332 8.01086e-07
461.851 7.9118e-07
462.37 7.81396e-07
462.889 7.71733e-07
463.408 7.62189e-07
463.927 7.52763e-07
464.446 7.43452e-07
464.965 7.34257e-07
465.484 7.25175e-07
466.003 7.16205e-07
466.522 7.07345e-07
467.041 6.98595e-07
467.56 6.89953e-07
468.079 6.81417e-07
468.598 6.72987e-07
469.117 6.6466e-07
469.636 6.56436e-07
470.154 6.48314e-07
470.673 6.40292e-07
471.192 6.32368e-07
471.711 6.24543e-07
472.23 6.16814e-07
472.749 6.0918e-07
473.268 6.01641e-07
473.787 5.94195e-07
474.306 5.8684e-07
474.825 5.79576e-07
475.344 5.72402e-07
475.863 5.65317e-07
476.382 5.58318e-07
476.901 5.51407e-07
477.42 5.4458e-07
477.939 5.37838e-07
478.458 5.31179e-07
478.977 5.24602e-07
479.496 5.18106e-07
480.015 5.11691e-07
480.534 5.05355e-07
481.052 4.99097e-07
481.571 4.92916e-07
482.09 4.86812e-07
482.609 4.80783e-07
483.128 4.74828e-07
483.647 4.68947e-07
484.166 4.63138e-07
484.685 4.57402e-07
485.204 4.51736e-07
485.723 4.4614e-07
486.242 4.40613e-07
486.761 4.35155e-07
487.28 4.29764e-07
487.799 4.24439e-07
488.318 4.1918e-07
488.837 4.13987e-07
489.356 4.08857e-07
489.875 4.03791e-07
490.394 3.98787e-07
490.913 3.93846e-07
491.432 3.88965e-07
491.95 3.84144e-07
492.469 3.79384e-07
492.988 3.74682e-07
493.507 3.70038e-07
494.026 3.65451e-07
494.545 3.60921e-07
495.064 3.56448e-07
495.583 3.52029e-07
496.102 3.47665e-07
496.621 3.43355e-07
497.14 3.39099e-07
497.659 3.34894e-07
498.178 3.30742e-07
498.697 3.26642e-07
499.216 3.22592e-07
499.735 3.18592e-07
500.254 3.14641e-07
500.773 3.1074e-07
501.292 3.06886e-07
501.811 3.0308e-07
502.33 2.99322e-07
502.848 2.9561e-07
503.367 2.91943e-07
503.886 2.88322e-07
504.405 2.84746e-07
504.924 2.81214e-07
505.443 2.77726e-07
505.962 2.74281e-07
506.481 2.70879e-07
507 2.67518e-07
507.519 2.64199e-07
508.038 2.60922e-07
508.557 2.57685e-07
509.076 2.54488e-07
509.595 2.5133e-07
510.114 2.48212e-07
510.633 2.45132e-07
511.152 2.4209e-07
511.671 2.39086e-07
512.19 2.36119e-07
512.709 2.33189e-07
513.228 2.30295e-07
513.747 2.27437e-07
514.265 2.24614e-07
514.784 2.21826e-07
515.303 2.19073e-07
515.822 2.16354e-07
516.341 2.13668e-07
516.86 2.11016e-07
517.379 2.08396e-07
517.898 2.05809e-07
