-22.8929 1.44429e-05
-22.8459 1.4711e-05
-22.7988 1.49841e-05
-22.7517 1.52623e-05
-22.7047 1.55457e-05
-22.6576 1.58344e-05
-22.6105 1.61285e-05
-22.5634 1.6428e-05
-22.5164 1.67332e-05
-22.4693 1.70441e-05
-22.4222 1.73608e-05
-22.3752 1.76834e-05
-22.3281 1.8012e-05
-22.281 1.83468e-05
-22.2339 1.86878e-05
-22.1869 1.90352e-05
-22.1398 1.93891e-05
-22.0927 1.97496e-05
-22.0457 2.01169e-05
-21.9986 2.0491e-05
-21.9515 2.08722e-05
-21.9044 2.12604e-05
-21.8574 2.1656e-05
-21.8103 2.20589e-05
-21.7632 2.24694e-05
-21.7162 2.28876e-05
-21.6691 2.33136e-05
-21.622 2.37475e-05
-21.5749 2.41896e-05
-21.5279 2.464e-05
-21.4808 2.50989e-05
-21.4337 2.55663e-05
-21.3867 2.60425e-05
-21.3396 2.65276e-05
-21.2925 2.70218e-05
-21.2454 2.75252e-05
-21.1984 2.80382e-05
-21.1513 2.85607e-05
-21.1042 2.9093e-05
-21.0572 2.96353e-05
-21.0101 3.01878e-05
-20.963 3.07507e-05
-20.9159 3.13241e-05
-20.8689 3.19083e-05
-20.8218 3.25034e-05
-20.7747 3.31098e-05
-20.7277 3.37275e-05
-20.6806 3.43568e-05
-20.6335 3.49979e-05
-20.5864 3.56511e-05
-20.5394 3.63166e-05
-20.4923 3.69945e-05
-20.4452 3.76852e-05
-20.3982 3.83889e-05
-20.3511 3.91058e-05
-20.304 3.98362e-05
-20.2569 4.05803e-05
-20.2099 4.13385e-05
-20.1628 4.21109e-05
-20.1157 4.28978e-05
-20.0687 4.36995e-05
-20.0216 4.45164e-05
-19.9745 4.53486e-05
-19.9274 4.61964e-05
-19.8804 4.70603e-05
-19.8333 4.79404e-05
-19.7862 4.88371e-05
-19.7392 4.97506e-05
-19.6921 5.06814e-05
-19.645 5.16298e-05
-19.5979 5.2596e-05
-19.5509 5.35804e-05
-19.5038 5.45834e-05
-19.4567 5.56053e-05
-19.4097 5.66465e-05
-19.3626 5.77073e-05
-19.3155 5.87881e-05
-19.2685 5.98893e-05
-19.2214 6.10113e-05
-19.1743 6.21545e-05
-19.1272 6.33193e-05
-19.0802 6.45061e-05
-19.0331 6.57153e-05
-18.986 6.69473e-05
-18.939 6.82026e-05
-18.8919 6.94817e-05
-18.8448 7.07849e-05
-18.7977 7.21127e-05
-18.7507 7.34657e-05
-18.7036 7.48442e-05
-18.6565 7.62488e-05
-18.6095 7.768e-05
-18.5624 7.91383e-05
-18.5153 8.06242e-05
-18.4682 8.21381e-05
-18.4212 8.36808e-05
-18.3741 8.52527e-05
-18.327 8.68543e-05
-18.28 8.84863e-05
-18.2329 9.01492e-05
-18.1858 9.18436e-05
-18.1387 9.35701e-05
-18.0917 9.53293e-05
-18.0446 9.71219e-05
-17.9975 9.89485e-05
-17.9505 0.00010081
-17.9034 0.000102706
-17.8563 0.000104639
-17.8092 0.000106608
-17.7622 0.000108615
-17.7151 0.000110659
-17.668 0.000112743
-17.621 0.000114866
-17.5739 0.000117029
-17.5268 0.000119234
-17.4797 0.00012148
-17.4327 0.00012377
-17.3856 0.000126102
-17.3385 0.000128479
-17.2915 0.000130902
-17.2444 0.00013337
-17.1973 0.000135885
-17.1502 0.000138448
-17.1032 0.00014106
-17.0561 0.000143722
-17.009 0.000146435
-16.962 0.000149199
-16.9149 0.000152015
-16.8678 0.000154886
-16.8207 0.000157811
-16.7737 0.000160792
-16.7266 0.00016383
-16.6795 0.000166925
-16.6325 0.00017008
-16.5854 0.000173295
-16.5383 0.000176572
-16.4912 0.000179911
-16.4442 0.000183313
-16.3971 0.000186781
-16.35 0.000190315
-16.303 0.000193916
-16.2559 0.000197587
-16.2088 0.000201327
-16.1617 0.000205139
-16.1147 0.000209024
-16.0676 0.000212983
-16.0205 0.000217018
-15.9735 0.000221131
-15.9264 0.000225322
-15.8793 0.000229593
-15.8322 0.000233946
-15.7852 0.000238383
-15.7381 0.000242904
-15.691 0.000247512
-15.644 0.000252209
-15.5969 0.000256996
-15.5498 0.000261874
-15.5027 0.000266846
-15.4557 0.000271914
-15.4086 0.000277079
-15.3615 0.000282343
-15.3145 0.000287708
-15.2674 0.000293176
-15.2203 0.00029875
-15.1732 0.00030443
-15.1262 0.00031022
-15.0791 0.000316121
-15.032 0.000322136
-14.985 0.000328266
-14.9379 0.000334515
-14.8908 0.000340884
-14.8437 0.000347375
-14.7967 0.000353992
-14.7496 0.000360736
-14.7025 0.00036761
-14.6555 0.000374616
-14.6084 0.000381758
-14.5613 0.000389038
-14.5142 0.000396458
-14.4672 0.000404021
-14.4201 0.000411731
-14.373 0.000419589
-14.326 0.000427599
-14.2789 0.000435765
-14.2318 0.000444087
-14.1847 0.000452571
-14.1377 0.000461219
-14.0906 0.000470035
-14.0435 0.000479021
-13.9965 0.000488181
-13.9494 0.000497518
-13.9023 0.000507037
-13.8552 0.00051674
-13.8082 0.000526631
-13.7611 0.000536714
-13.714 0.000546992
-13.667 0.00055747
-13.6199 0.000568152
-13.5728 0.000579041
-13.5258 0.000590141
-13.4787 0.000601457
-13.4316 0.000612993
-13.3845 0.000624754
-13.3375 0.000636743
-13.2904 0.000648966
-13.2433 0.000661426
-13.1963 0.000674129
-13.1492 0.00068708
-13.1021 0.000700283
-13.055 0.000713743
-13.008 0.000727466
-12.9609 0.000741456
-12.9138 0.00075572
-12.8668 0.000770262
-12.8197 0.000785088
-12.7726 0.000800203
-12.7255 0.000815614
-12.6785 0.000831326
-12.6314 0.000847346
-12.5843 0.000863679
-12.5373 0.000880331
-12.4902 0.00089731
-12.4431 0.000914621
-12.396 0.000932272
-12.349 0.000950268
-12.3019 0.000968617
-12.2548 0.000987327
-12.2078 0.0010064
-12.1607 0.00102585
-12.1136 0.00104569
-12.0665 0.00106591
-12.0195 0.00108653
-11.9724 0.00110756
-11.9253 0.001129
-11.8783 0.00115086
-11.8312 0.00117315
-11.7841 0.00119588
-11.737 0.00121906
-11.69 0.00124269
-11.6429 0.0012668
-11.5958 0.00129137
-11.5488 0.00131644
-11.5017 0.00134199
-11.4546 0.00136806
-11.4075 0.00139463
-11.3605 0.00142174
-11.3134 0.00144938
-11.2663 0.00147756
-11.2193 0.00150631
-11.1722 0.00153562
-11.1251 0.00156552
-11.078 0.00159601
-11.031 0.0016271
-10.9839 0.00165881
-10.9368 0.00169115
-10.8898 0.00172413
-10.8427 0.00175777
-10.7956 0.00179208
-10.7485 0.00182707
-10.7015 0.00186275
-10.6544 0.00189915
-10.6073 0.00193627
-10.5603 0.00197414
-10.5132 0.00201275
-10.4661 0.00205214
-10.419 0.00209232
-10.372 0.0021333
-10.3249 0.00217509
-10.2778 0.00221773
-10.2308 0.00226121
-10.1837 0.00230557
-10.1366 0.00235081
-10.0895 0.00239697
-10.0425 0.00244404
-9.9954 0.00249207
-9.94833 0.00254105
-9.90126 0.00259102
-9.85419 0.002642
-9.80712 0.002694
-9.76005 0.00274705
-9.71297 0.00280116
-9.6659 0.00285637
-9.61883 0.00291268
-9.57176 0.00297014
-9.52469 0.00302875
-9.47762 0.00308855
-9.43055 0.00314955
-9.38348 0.00321179
-9.3364 0.00327529
-9.28933 0.00334008
-9.24226 0.00340617
-9.19519 0.00347361
-9.14812 0.00354241
-9.10105 0.00361262
-9.05398 0.00368424
-9.0069 0.00375733
-8.95983 0.00383189
-8.91276 0.00390798
-8.86569 0.00398562
-8.81862 0.00406484
-8.77155 0.00414567
-8.72448 0.00422815
-8.67741 0.00431232
-8.63033 0.00439821
-8.58326 0.00448586
-8.53619 0.00457529
-8.48912 0.00466656
-8.44205 0.0047597
-8.39498 0.00485476
-8.34791 0.00495176
-8.30084 0.00505075
-8.25376 0.00515178
-8.20669 0.00525489
-8.15962 0.00536012
-8.11255 0.00546752
-8.06548 0.00557713
-8.01841 0.00568901
-7.97134 0.00580319
-7.92426 0.00591974
-7.87719 0.0060387
-7.83012 0.00616011
-7.78305 0.00628405
-7.73598 0.00641055
-7.68891 0.00653968
-7.64184 0.0066715
-7.59477 0.00680605
-7.54769 0.0069434
-7.50062 0.00708361
-7.45355 0.00722675
-7.40648 0.00737287
-7.35941 0.00752204
-7.31234 0.00767433
-7.26527 0.0078298
-7.21819 0.00798853
-7.17112 0.00815059
-7.12405 0.00831604
-7.07698 0.00848497
-7.02991 0.00865745
-6.98284 0.00883355
-6.93577 0.00901336
-6.8887 0.00919697
-6.84162 0.00938444
-6.79455 0.00957587
-6.74748 0.00977135
-6.70041 0.00997097
-6.65334 0.0101748
-6.60627 0.010383
-6.5592 0.0105956
-6.51213 0.0108126
-6.46505 0.0110344
-6.41798 0.0112608
-6.37091 0.0114921
-6.32384 0.0117282
-6.27677 0.0119695
-6.2297 0.0122159
-6.18263 0.0124675
-6.13555 0.0127246
-6.08848 0.0129871
-6.04141 0.0132554
-5.99434 0.0135293
-5.94727 0.0138092
-5.9002 0.0140951
-5.85313 0.0143871
-5.80606 0.0146855
-5.75898 0.0149903
-5.71191 0.0153017
-5.66484 0.0156199
-5.61777 0.015945
-5.5707 0.0162771
-5.52363 0.0166164
-5.47656 0.0169632
-5.42949 0.0173175
-5.38241 0.0176795
-5.33534 0.0180494
-5.28827 0.0184274
-5.2412 0.0188137
-5.19413 0.0192085
-5.14706 0.019612
-5.09999 0.0200243
-5.05291 0.0204457
-5.00584 0.0208763
-4.95877 0.0213165
-4.9117 0.0217664
-4.86463 0.0222263
-4.81756 0.0226963
-4.77049 0.0231768
-4.72342 0.0236679
-4.67634 0.0241699
-4.62927 0.0246832
-4.5822 0.0252078
-4.53513 0.0257442
-4.48806 0.0262925
-4.44099 0.0268531
-4.39392 0.0274263
-4.34684 0.0280123
-4.29977 0.0286115
-4.2527 0.0292241
-4.20563 0.0298505
-4.15856 0.0304911
-4.11149 0.031146
-4.06442 0.0318158
-4.01735 0.0325007
-3.97027 0.033201
-3.9232 0.0339173
-3.87613 0.0346497
-3.82906 0.0353988
-3.78199 0.0361649
-3.73492 0.0369484
-3.68785 0.0377497
-3.64078 0.0385693
-3.5937 0.0394075
-3.54663 0.0402648
-3.49956 0.0411416
-3.45249 0.0420384
-3.40542 0.0429557
-3.35835 0.043894
-3.31128 0.0448536
-3.2642 0.0458351
-3.21713 0.0468391
-3.17006 0.0478659
-3.12299 0.0489161
-3.07592 0.0499903
-3.02885 0.0510889
-2.98178 0.0522126
-2.93471 0.0533617
-2.88763 0.054537
-2.84056 0.0557388
-2.79349 0.0569679
-2.74642 0.0582246
-2.69935 0.0595097
-2.65228 0.0608236
-2.60521 0.0621668
-2.55814 0.06354
-2.51106 0.0649436
-2.46399 0.0663782
-2.41692 0.0678444
-2.36985 0.0693425
-2.32278 0.0708731
-2.27571 0.0724366
-2.22864 0.0740335
-2.18156 0.0756642
-2.13449 0.0773289
-2.08742 0.0790281
-2.04035 0.0807619
-1.99328 0.0825306
-1.94621 0.0843343
-1.89914 0.086173
-1.85207 0.0880468
-1.80499 0.0899554
-1.75792 0.0918986
-1.71085 0.093876
-1.66378 0.0958871
-1.61671 0.0979312
-1.56964 0.100007
-1.52257 0.102115
-1.47549 0.104252
-1.42842 0.106417
-1.38135 0.108609
-1.33428 0.110825
-1.28721 0.113063
-1.24014 0.115321
-1.19307 0.117594
-1.146 0.11988
-1.09892 0.122175
-1.05185 0.124474
-1.00478 0.126773
-0.95771 0.129065
-0.910639 0.131346
-0.863568 0.133609
-0.816497 0.135846
-0.769425 0.138052
-0.722354 0.140217
-0.675283 0.142333
-0.628211 0.144392
-0.58114 0.146385
-0.534069 0.148302
-0.486997 0.150134
-0.439926 0.151871
-0.392855 0.153504
-0.345783 0.155024
-0.298712 0.156421
-0.251641 0.157688
-0.20457 0.158817
-0.157498 0.1598
-0.110427 0.160633
-0.0633556 0.16131
-0.0162843 0.161827
0.030787 0.162183
0.0778584 0.162377
0.12493 0.162409
0.172001 0.16228
0.219072 0.161994
0.266144 0.161555
0.313215 0.160968
0.360286 0.160239
0.407358 0.159374
0.454429 0.158383
0.5015 0.157272
0.548571 0.15605
0.595643 0.154726
0.642714 0.153308
0.689785 0.151805
0.736857 0.150226
0.783928 0.148579
0.830999 0.146872
0.878071 0.145113
0.925142 0.143308
0.972213 0.141466
1.01928 0.139592
1.06636 0.137693
1.11343 0.135774
1.1605 0.13384
1.20757 0.131896
1.25464 0.129946
1.30171 0.127994
1.34878 0.126044
1.39586 0.124099
1.44293 0.122161
1.49 0.120235
1.53707 0.11832
1.58414 0.11642
1.63121 0.114537
1.67828 0.112672
1.72535 0.110826
1.77243 0.109
1.8195 0.107196
1.86657 0.105415
1.91364 0.103656
1.96071 0.101922
2.00778 0.100211
2.05485 0.0985248
2.10192 0.0968634
2.149 0.0952271
2.19607 0.093616
2.24314 0.09203
2.29021 0.0904694
2.33728 0.0889339
2.38435 0.0874235
2.43142 0.0859382
2.4785 0.0844777
2.52557 0.0830418
2.57264 0.0816304
2.61971 0.0802431
2.66678 0.0788799
2.71385 0.0775403
2.76092 0.076224
2.80799 0.0749309
2.85507 0.0736605
2.90214 0.0724125
2.94921 0.0711867
2.99628 0.0699826
3.04335 0.0688
3.09042 0.0676385
3.13749 0.0664977
3.18456 0.0653774
3.23164 0.0642771
3.27871 0.0631966
3.32578 0.0621354
3.37285 0.0610933
3.41992 0.0600699
3.46699 0.0590649
3.51406 0.058078
3.56114 0.0571087
3.60821 0.0561569
3.65528 0.0552221
3.70235 0.0543041
3.74942 0.0534025
3.79649 0.0525171
3.84356 0.0516475
3.89063 0.0507935
3.93771 0.0499547
3.98478 0.0491309
4.03185 0.0483217
4.07892 0.0475269
4.12599 0.0467463
4.17306 0.0459795
4.22013 0.0452263
4.26721 0.0444865
4.31428 0.0437597
4.36135 0.0430457
4.40842 0.0423443
4.45549 0.0416553
4.50256 0.0409784
4.54963 0.0403133
4.5967 0.0396599
4.64378 0.039018
4.69085 0.0383872
4.73792 0.0377675
4.78499 0.0371585
4.83206 0.0365601
4.87913 0.0359721
4.9262 0.0353943
4.97327 0.0348265
5.02035 0.0342685
5.06742 0.0337201
5.11449 0.0331811
5.16156 0.0326514
5.20863 0.0321308
5.2557 0.0316192
5.30277 0.0311162
5.34985 0.0306219
5.39692 0.030136
5.44399 0.0296583
5.49106 0.0291888
5.53813 0.0287272
5.5852 0.0282735
5.63227 0.0278274
5.67934 0.0273889
5.72642 0.0269578
5.77349 0.0265339
5.82056 0.0261171
5.86763 0.0257074
5.9147 0.0253045
5.96177 0.0249083
6.00884 0.0245188
6.05591 0.0241357
6.10299 0.0237591
6.15006 0.0233887
6.19713 0.0230244
6.2442 0.0226662
6.29127 0.0223139
6.33834 0.0219675
6.38541 0.0216268
6.43249 0.0212917
6.47956 0.0209621
6.52663 0.0206379
6.5737 0.020319
6.62077 0.0200054
6.66784 0.0196969
6.71491 0.0193935
6.76198 0.019095
6.80906 0.0188014
6.85613 0.0185125
6.9032 0.0182284
6.95027 0.0179488
6.99734 0.0176738
7.04441 0.0174033
7.09148 0.0171371
7.13856 0.0168753
7.18563 0.0166176
7.2327 0.0163641
7.27977 0.0161147
7.32684 0.0158693
7.37391 0.0156279
7.42098 0.0153903
7.46805 0.0151565
7.51513 0.0149265
7.5622 0.0147001
7.60927 0.0144773
7.65634 0.0142581
7.70341 0.0140424
7.75048 0.0138302
7.79755 0.0136213
7.84462 0.0134157
7.8917 0.0132133
7.93877 0.0130142
7.98584 0.0128182
8.03291 0.0126253
8.07998 0.0124355
8.12705 0.0122487
8.17412 0.0120648
8.2212 0.0118838
8.26827 0.0117056
8.31534 0.0115302
8.36241 0.0113576
8.40948 0.0111877
8.45655 0.0110204
8.50362 0.0108558
8.55069 0.0106937
8.59777 0.0105342
8.64484 0.0103771
8.69191 0.0102225
8.73898 0.0100703
8.78605 0.00992048
8.83312 0.00977297
8.88019 0.00962775
8.92726 0.00948478
8.97434 0.00934403
9.02141 0.00920545
9.06848 0.00906901
9.11555 0.00893468
9.16262 0.00880242
9.20969 0.0086722
9.25676 0.00854398
9.30384 0.00841774
9.35091 0.00829344
9.39798 0.00817105
9.44505 0.00805054
9.49212 0.00793187
9.53919 0.00781502
9.58626 0.00769996
9.63333 0.00758666
9.68041 0.00747509
9.72748 0.00736523
9.77455 0.00725704
9.82162 0.0071505
9.86869 0.00704559
9.91576 0.00694227
9.96283 0.00684052
10.0099 0.00674032
10.057 0.00664163
10.104 0.00654445
10.1511 0.00644874
10.1982 0.00635448
10.2453 0.00626165
10.2923 0.00617022
10.3394 0.00608017
10.3865 0.00599148
10.4335 0.00590414
10.4806 0.0058181
10.5277 0.00573337
10.5748 0.00564991
10.6218 0.00556771
10.6689 0.00548674
10.716 0.00540699
10.763 0.00532844
10.8101 0.00525107
10.8572 0.00517486
10.9043 0.00509979
10.9513 0.00502584
10.9984 0.004953
11.0455 0.00488125
11.0925 0.00481057
11.1396 0.00474095
11.1867 0.00467237
11.2338 0.00460481
11.2808 0.00453826
11.3279 0.0044727
11.375 0.00440811
11.422 0.00434449
11.4691 0.00428181
11.5162 0.00422006
11.5633 0.00415923
11.6103 0.00409931
11.6574 0.00404027
11.7045 0.00398211
11.7515 0.00392481
11.7986 0.00386836
11.8457 0.00381274
11.8928 0.00375795
11.9398 0.00370396
11.9869 0.00365078
12.034 0.00359838
12.081 0.00354675
12.1281 0.00349588
12.1752 0.00344576
12.2223 0.00339639
12.2693 0.00334773
12.3164 0.0032998
12.3635 0.00325257
12.4105 0.00320603
12.4576 0.00316018
12.5047 0.003115
12.5518 0.00307048
12.5988 0.00302662
12.6459 0.0029834
12.693 0.00294081
12.74 0.00289884
12.7871 0.0028575
12.8342 0.00281675
12.8813 0.0027766
12.9283 0.00273704
12.9754 0.00269805
13.0225 0.00265964
13.0695 0.00262178
13.1166 0.00258448
13.1637 0.00254772
13.2108 0.0025115
13.2578 0.0024758
13.3049 0.00244063
13.352 0.00240596
13.399 0.0023718
13.4461 0.00233814
13.4932 0.00230497
13.5403 0.00227227
13.5873 0.00224005
13.6344 0.0022083
13.6815 0.00217701
13.7285 0.00214618
13.7756 0.00211579
13.8227 0.00208584
13.8698 0.00205632
13.9168 0.00202723
13.9639 0.00199856
14.011 0.00197031
14.058 0.00194246
14.1051 0.00191502
14.1522 0.00188797
14.1993 0.00186132
14.2463 0.00183504
14.2934 0.00180915
14.3405 0.00178363
14.3875 0.00175848
14.4346 0.00173369
14.4817 0.00170926
14.5288 0.00168517
14.5758 0.00166144
14.6229 0.00163804
14.67 0.00161499
14.717 0.00159226
14.7641 0.00156986
14.8112 0.00154778
14.8583 0.00152602
14.9053 0.00150457
14.9524 0.00148343
14.9995 0.00146259
15.0465 0.00144205
15.0936 0.0014218
15.1407 0.00140184
15.1877 0.00138217
15.2348 0.00136278
15.2819 0.00134367
15.329 0.00132483
15.376 0.00130626
15.4231 0.00128796
15.4702 0.00126992
15.5172 0.00125213
15.5643 0.0012346
15.6114 0.00121732
15.6585 0.00120028
15.7055 0.00118349
15.7526 0.00116694
15.7997 0.00115062
15.8467 0.00113453
15.8938 0.00111868
15.9409 0.00110305
15.988 0.00108764
16.035 0.00107245
16.0821 0.00105748
16.1292 0.00104272
16.1762 0.00102817
16.2233 0.00101382
16.2704 0.000999683
16.3175 0.000985744
16.3645 0.000972002
16.4116 0.000958455
16.4587 0.0009451
16.5057 0.000931934
16.5528 0.000918955
16.5999 0.00090616
16.647 0.000893545
16.694 0.00088111
16.7411 0.00086885
16.7882 0.000856764
16.8352 0.000844849
16.8823 0.000833102
16.9294 0.000821521
16.9765 0.000810104
17.0235 0.000798848
17.0706 0.000787751
17.1177 0.000776811
17.1647 0.000766025
17.2118 0.000755391
17.2589 0.000744907
17.306 0.000734571
17.353 0.00072438
17.4001 0.000714334
17.4472 0.000704428
17.4942 0.000694663
17.5413 0.000685034
17.5884 0.000675542
17.6355 0.000666182
17.6825 0.000656955
17.7296 0.000647857
17.7767 0.000638887
17.8237 0.000630043
17.8708 0.000621324
17.9179 0.000612727
17.965 0.00060425
18.012 0.000595893
18.0591 0.000587653
18.1062 0.000579529
18.1532 0.000571518
18.2003 0.00056362
18.2474 0.000555833
18.2945 0.000548154
18.3415 0.000540584
18.3886 0.000533119
18.4357 0.000525759
18.4827 0.000518502
18.5298 0.000511347
18.5769 0.000504292
18.624 0.000497335
18.671 0.000490476
18.7181 0.000483712
18.7652 0.000477044
18.8122 0.000470468
18.8593 0.000463984
18.9064 0.000457591
18.9535 0.000451288
19.0005 0.000445072
19.0476 0.000438943
19.0947 0.000432899
19.1417 0.00042694
19.1888 0.000421064
19.2359 0.00041527
19.283 0.000409557
19.33 0.000403923
19.3771 0.000398368
19.4242 0.00039289
19.4712 0.000387489
19.5183 0.000382163
19.5654 0.00037691
19.6125 0.000371731
19.6595 0.000366625
19.7066 0.000361589
19.7537 0.000356623
19.8007 0.000351726
19.8478 0.000346898
19.8949 0.000342136
19.942 0.000337441
19.989 0.000332811
20.0361 0.000328245
20.0832 0.000323743
20.1302 0.000319303
20.1773 0.000314924
20.2244 0.000310607
20.2715 0.000306349
20.3185 0.000302151
20.3656 0.000298011
20.4127 0.000293928
20.4597 0.000289902
20.5068 0.000285931
20.5539 0.000282016
20.6009 0.000278155
20.648 0.000274347
20.6951 0.000270592
20.7422 0.000266889
20.7892 0.000263238
20.8363 0.000259636
20.8834 0.000256085
20.9304 0.000252583
20.9775 0.000249129
21.0246 0.000245723
21.0717 0.000242364
21.1187 0.000239052
21.1658 0.000235785
21.2129 0.000232564
21.2599 0.000229387
21.307 0.000226254
21.3541 0.000223164
21.4012 0.000220117
21.4482 0.000217112
21.4953 0.000214148
21.5424 0.000211225
21.5894 0.000208343
21.6365 0.0002055
21.6836 0.000202697
21.7307 0.000199932
21.7777 0.000197205
21.8248 0.000194516
21.8719 0.000191864
21.9189 0.000189249
21.966 0.000186669
22.0131 0.000184126
22.0602 0.000181617
22.1072 0.000179142
22.1543 0.000176702
22.2014 0.000174295
22.2484 0.000171922
22.2955 0.000169581
22.3426 0.000167272
22.3897 0.000164995
22.4367 0.00016275
22.4838 0.000160535
22.5309 0.000158351
22.5779 0.000156196
22.625 0.000154072
22.6721 0.000151976
22.7192 0.000149909
22.7662 0.000147871
22.8133 0.000145861
22.8604 0.000143878
22.9074 0.000141922
22.9545 0.000139994
23.0016 0.000138091
23.0487 0.000136215
23.0957 0.000134365
23.1428 0.00013254
23.1899 0.00013074
23.2369 0.000128965
23.284 0.000127214
23.3311 0.000125487
23.3782 0.000123783
23.4252 0.000122103
23.4723 0.000120447
23.5194 0.000118812
23.5664 0.0001172
23.6135 0.000115611
23.6606 0.000114043
23.7077 0.000112496
23.7547 0.000110971
23.8018 0.000109466
23.8489 0.000107982
23.8959 0.000106519
23.943 0.000105075
23.9901 0.000103651
24.0372 0.000102247
24.0842 0.000100862
24.1313 9.94953e-05
