-5.46109 0.000216374
-5.45175 0.000219687
-5.4424 0.00022305
-5.43305 0.000226465
-5.4237 0.000229933
-5.41436 0.000233453
-5.40501 0.000237028
-5.39566 0.000240658
-5.38632 0.000244343
-5.37697 0.000248085
-5.36762 0.000251884
-5.35827 0.000255741
-5.34893 0.000259658
-5.33958 0.000263635
-5.33023 0.000267673
-5.32089 0.000271773
-5.31154 0.000275936
-5.30219 0.000280163
-5.29285 0.000284455
-5.2835 0.000288813
-5.27415 0.000293237
-5.2648 0.00029773
-5.25546 0.000302292
-5.24611 0.000306923
-5.23676 0.000311626
-5.22742 0.000316401
-5.21807 0.000321249
-5.20872 0.000326172
-5.19937 0.000331171
-5.19003 0.000336246
-5.18068 0.000341399
-5.17133 0.000346632
-5.16199 0.000351945
-5.15264 0.000357339
-5.14329 0.000362817
-5.13395 0.000368378
-5.1246 0.000374025
-5.11525 0.000379759
-5.1059 0.000385581
-5.09656 0.000391492
-5.08721 0.000397495
-5.07786 0.000403589
-5.06852 0.000409777
-5.05917 0.000416061
-5.04982 0.000422441
-5.04047 0.000428918
-5.03113 0.000435496
-5.02178 0.000442175
-5.01243 0.000448956
-5.00309 0.000455842
-4.99374 0.000462833
-4.98439 0.000469932
-4.97505 0.00047714
-4.9657 0.000484459
-4.95635 0.000491891
-4.947 0.000499437
-4.93766 0.000507098
-4.92831 0.000514878
-4.91896 0.000522778
-4.90962 0.000530798
-4.90027 0.000538943
-4.89092 0.000547212
-4.88158 0.000555609
-4.87223 0.000564135
-4.86288 0.000572792
-4.85353 0.000581582
-4.84419 0.000590507
-4.83484 0.00059957
-4.82549 0.000608772
-4.81615 0.000618116
-4.8068 0.000627603
-4.79745 0.000637237
-4.7881 0.000647019
-4.77876 0.000656951
-4.76941 0.000667036
-4.76006 0.000677276
-4.75072 0.000687674
-4.74137 0.000698232
-4.73202 0.000708952
-4.72268 0.000719838
-4.71333 0.000730891
-4.70398 0.000742114
-4.69463 0.00075351
-4.68529 0.000765081
-4.67594 0.00077683
-4.66659 0.000788761
-4.65725 0.000800875
-4.6479 0.000813175
-4.63855 0.000825665
-4.6292 0.000838347
-4.61986 0.000851224
-4.61051 0.0008643
-4.60116 0.000877577
-4.59182 0.000891058
-4.58247 0.000904748
-4.57312 0.000918647
-4.56378 0.000932761
-4.55443 0.000947093
-4.54508 0.000961645
-4.53573 0.000976421
-4.52639 0.000991424
-4.51704 0.00100666
-4.50769 0.00102213
-4.49835 0.00103784
-4.489 0.00105379
-4.47965 0.00106998
-4.4703 0.00108643
-4.46096 0.00110312
-4.45161 0.00112008
-4.44226 0.0011373
-4.43292 0.00115478
-4.42357 0.00117253
-4.41422 0.00119055
-4.40488 0.00120886
-4.39553 0.00122744
-4.38618 0.00124631
-4.37683 0.00126547
-4.36749 0.00128493
-4.35814 0.00130469
-4.34879 0.00132475
-4.33945 0.00134512
-4.3301 0.0013658
-4.32075 0.00138681
-4.3114 0.00140813
-4.30206 0.00142979
-4.29271 0.00145178
-4.28336 0.00147411
-4.27402 0.00149678
-4.26467 0.0015198
-4.25532 0.00154318
-4.24598 0.00156692
-4.23663 0.00159102
-4.22728 0.00161549
-4.21793 0.00164034
-4.20859 0.00166558
-4.19924 0.0016912
-4.18989 0.00171722
-4.18055 0.00174364
-4.1712 0.00177047
-4.16185 0.00179771
-4.1525 0.00182537
-4.14316 0.00185346
-4.13381 0.00188198
-4.12446 0.00191094
-4.11512 0.00194035
-4.10577 0.00197021
-4.09642 0.00200053
-4.08708 0.00203132
-4.07773 0.00206258
-4.06838 0.00209433
-4.05903 0.00212656
-4.04969 0.00215929
-4.04034 0.00219253
-4.03099 0.00222628
-4.02165 0.00226055
-4.0123 0.00229535
-4.00295 0.00233068
-3.9936 0.00236656
-3.98426 0.002403
-3.97491 0.00243999
-3.96556 0.00247756
-3.95622 0.0025157
-3.94687 0.00255444
-3.93752 0.00259377
-3.92818 0.00263371
-3.91883 0.00267426
-3.90948 0.00271544
-3.90013 0.00275726
-3.89079 0.00279971
-3.88144 0.00284283
-3.87209 0.00288661
-3.86275 0.00293106
-3.8534 0.0029762
-3.84405 0.00302204
-3.8347 0.00306858
-3.82536 0.00311585
-3.81601 0.00316384
-3.80666 0.00321257
-3.79732 0.00326205
-3.78797 0.0033123
-3.77862 0.00336332
-3.76928 0.00341512
-3.75993 0.00346773
-3.75058 0.00352115
-3.74123 0.00357539
-3.73189 0.00363047
-3.72254 0.0036864
-3.71319 0.00374319
-3.70385 0.00380086
-3.6945 0.00385942
-3.68515 0.00391888
-3.6758 0.00397926
-3.66646 0.00404056
-3.65711 0.00410282
-3.64776 0.00416603
-3.63842 0.00423022
-3.62907 0.0042954
-3.61972 0.00436159
-3.61038 0.00442879
-3.60103 0.00449704
-3.59168 0.00456633
-3.58233 0.00463669
-3.57299 0.00470814
-3.56364 0.00478069
-3.55429 0.00485436
-3.54495 0.00492917
-3.5356 0.00500513
-3.52625 0.00508226
-3.5169 0.00516058
-3.50756 0.00524011
-3.49821 0.00532086
-3.48886 0.00540286
-3.47952 0.00548612
-3.47017 0.00557067
-3.46082 0.00565652
-3.45148 0.00574369
-3.44213 0.00583221
-3.43278 0.00592209
-3.42343 0.00601336
-3.41409 0.00610604
-3.40474 0.00620014
-3.39539 0.0062957
-3.38605 0.00639272
-3.3767 0.00649125
-3.36735 0.00659129
-3.358 0.00669287
-3.34866 0.00679602
-3.33931 0.00690076
-3.32996 0.00700711
-3.32062 0.0071151
-3.31127 0.00722475
-3.30192 0.0073361
-3.29258 0.00744915
-3.28323 0.00756396
-3.27388 0.00768052
-3.26453 0.00779889
-3.25519 0.00791908
-3.24584 0.00804112
-3.23649 0.00816503
-3.22715 0.00829086
-3.2178 0.00841863
-3.20845 0.00854836
-3.19911 0.00868008
-3.18976 0.00881384
-3.18041 0.00894966
-3.17106 0.00908756
-3.16172 0.00922759
-3.15237 0.00936978
-3.14302 0.00951415
-3.13368 0.00966074
-3.12433 0.00980959
-3.11498 0.00996073
-3.10563 0.0101142
-3.09629 0.01027
-3.08694 0.0104282
-3.07759 0.0105889
-3.06825 0.010752
-3.0589 0.0109176
-3.04955 0.0110858
-3.04021 0.0112566
-3.03086 0.01143
-3.02151 0.011606
-3.01216 0.0117848
-3.00282 0.0119663
-2.99347 0.0121506
-2.98412 0.0123377
-2.97478 0.0125277
-2.96543 0.0127206
-2.95608 0.0129165
-2.94673 0.0131154
-2.93739 0.0133174
-2.92804 0.0135224
-2.91869 0.0137306
-2.90935 0.013942
-2.9 0.0141566
-2.89065 0.0143745
-2.88131 0.0145958
-2.87196 0.0148204
-2.86261 0.0150485
-2.85326 0.0152801
-2.84392 0.0155153
-2.83457 0.015754
-2.82522 0.0159964
-2.81588 0.0162425
-2.80653 0.0164924
-2.79718 0.0167461
-2.78783 0.0170037
-2.77849 0.0172653
-2.76914 0.0175308
-2.75979 0.0178005
-2.75045 0.0180742
-2.7411 0.0183521
-2.73175 0.0186343
-2.72241 0.0189208
-2.71306 0.0192116
-2.70371 0.019507
-2.69436 0.0198068
-2.68502 0.0201112
-2.67567 0.0204202
-2.66632 0.020734
-2.65698 0.0210526
-2.64763 0.021376
-2.63828 0.0217043
-2.62893 0.0220377
-2.61959 0.0223761
-2.61024 0.0227197
-2.60089 0.0230686
-2.59155 0.0234227
-2.5822 0.0237823
-2.57285 0.0241473
-2.56351 0.0245179
-2.55416 0.0248941
-2.54481 0.025276
-2.53546 0.0256638
-2.52612 0.0260574
-2.51677 0.0264571
-2.50742 0.0268627
-2.49808 0.0272746
-2.48873 0.0276927
-2.47938 0.0281172
-2.47003 0.028548
-2.46069 0.0289855
-2.45134 0.0294295
-2.44199 0.0298803
-2.43265 0.0303379
-2.4233 0.0308024
-2.41395 0.031274
-2.40461 0.0317527
-2.39526 0.0322386
-2.38591 0.0327319
-2.37656 0.0332326
-2.36722 0.0337409
-2.35787 0.0342569
-2.34852 0.0347806
-2.33918 0.0353123
-2.32983 0.0358519
-2.32048 0.0363997
-2.31113 0.0369557
-2.30179 0.0375201
-2.29244 0.038093
-2.28309 0.0386745
-2.27375 0.0392647
-2.2644 0.0398638
-2.25505 0.0404719
-2.24571 0.0410891
-2.23636 0.0417155
-2.22701 0.0423514
-2.21766 0.0429967
-2.20832 0.0436517
-2.19897 0.0443165
-2.18962 0.0449912
-2.18028 0.045676
-2.17093 0.046371
-2.16158 0.0470764
-2.15223 0.0477922
-2.14289 0.0485188
-2.13354 0.0492561
-2.12419 0.0500044
-2.11485 0.0507638
-2.1055 0.0515345
-2.09615 0.0523166
-2.08681 0.0531103
-2.07746 0.0539158
-2.06811 0.0547331
-2.05876 0.0555626
-2.04942 0.0564043
-2.04007 0.0572584
-2.03072 0.058125
-2.02138 0.0590045
-2.01203 0.0598969
-2.00268 0.0608024
-1.99333 0.0617212
-1.98399 0.0626534
-1.97464 0.0635994
-1.96529 0.0645591
-1.95595 0.0655329
-1.9466 0.0665209
-1.93725 0.0675233
-1.92791 0.0685404
-1.91856 0.0695722
-1.90921 0.070619
-1.89986 0.071681
-1.89052 0.0727584
-1.88117 0.0738514
-1.87182 0.0749602
-1.86248 0.076085
-1.85313 0.0772261
-1.84378 0.0783835
-1.83443 0.0795576
-1.82509 0.0807486
-1.81574 0.0819566
-1.80639 0.0831819
-1.79705 0.0844248
-1.7877 0.0856853
-1.77835 0.0869638
-1.76901 0.0882605
-1.75966 0.0895756
-1.75031 0.0909094
-1.74096 0.092262
-1.73162 0.0936337
-1.72227 0.0950247
-1.71292 0.0964353
-1.70358 0.0978658
-1.69423 0.0993162
-1.68488 0.100787
-1.67553 0.102278
-1.66619 0.10379
-1.65684 0.105323
-1.64749 0.106878
-1.63815 0.108453
-1.6288 0.110051
-1.61945 0.11167
-1.61011 0.113312
-1.60076 0.114976
-1.59141 0.116663
-1.58206 0.118373
-1.57272 0.120106
-1.56337 0.121863
-1.55402 0.123643
-1.54468 0.125448
-1.53533 0.127277
-1.52598 0.12913
-1.51664 0.131008
-1.50729 0.13291
-1.49794 0.134838
-1.48859 0.136792
-1.47925 0.138771
-1.4699 0.140777
-1.46055 0.142808
-1.45121 0.144866
-1.44186 0.146951
-1.43251 0.149063
-1.42316 0.151202
-1.41382 0.153368
-1.40447 0.155562
-1.39512 0.157784
-1.38578 0.160034
-1.37643 0.162312
-1.36708 0.164619
-1.35774 0.166955
-1.34839 0.169319
-1.33904 0.171713
-1.32969 0.174137
-1.32035 0.17659
-1.311 0.179073
-1.30165 0.181585
-1.29231 0.184128
-1.28296 0.186702
-1.27361 0.189306
-1.26426 0.19194
-1.25492 0.194606
-1.24557 0.197302
-1.23622 0.20003
-1.22688 0.202788
-1.21753 0.205579
-1.20818 0.2084
-1.19884 0.211254
-1.18949 0.214139
-1.18014 0.217055
-1.17079 0.220004
-1.16145 0.222985
-1.1521 0.225997
-1.14275 0.229041
-1.13341 0.232118
-1.12406 0.235226
-1.11471 0.238366
-1.10536 0.241538
-1.09602 0.244742
-1.08667 0.247978
-1.07732 0.251246
-1.06798 0.254545
-1.05863 0.257875
-1.04928 0.261237
-1.03994 0.26463
-1.03059 0.268054
-1.02124 0.271508
-1.01189 0.274994
-1.00255 0.278509
-0.9932 0.282054
-0.983853 0.285629
-0.974506 0.289233
-0.965159 0.292867
-0.955812 0.296528
-0.946465 0.300218
-0.937118 0.303935
-0.927771 0.307679
-0.918423 0.31145
-0.909076 0.315247
-0.899729 0.319069
-0.890382 0.322916
-0.881035 0.326787
-0.871688 0.330682
-0.862341 0.334598
-0.852994 0.338537
-0.843647 0.342497
-0.8343 0.346476
-0.824953 0.350475
-0.815606 0.354492
-0.806259 0.358526
-0.796912 0.362576
-0.787565 0.366641
-0.778218 0.37072
-0.768871 0.374811
-0.759523 0.378913
-0.750176 0.383026
-0.740829 0.387146
-0.731482 0.391274
-0.722135 0.395408
-0.712788 0.399546
-0.703441 0.403686
-0.694094 0.407827
-0.684747 0.411967
-0.6754 0.416104
-0.666053 0.420237
-0.656706 0.424363
-0.647359 0.428481
-0.638012 0.432588
-0.628665 0.436683
-0.619318 0.440764
-0.609971 0.444827
-0.600624 0.448872
-0.591276 0.452895
-0.581929 0.456895
-0.572582 0.460868
-0.563235 0.464813
-0.553888 0.468727
-0.544541 0.472607
-0.535194 0.47645
-0.525847 0.480254
-0.5165 0.484017
-0.507153 0.487735
-0.497806 0.491405
-0.488459 0.495025
-0.479112 0.498592
-0.469765 0.502103
-0.460418 0.505554
-0.451071 0.508943
-0.441724 0.512267
-0.432377 0.515523
-0.423029 0.518707
-0.413682 0.521817
-0.404335 0.524849
-0.394988 0.5278
-0.385641 0.530668
-0.376294 0.533448
-0.366947 0.536138
-0.3576 0.538736
-0.348253 0.541237
-0.338906 0.543638
-0.329559 0.545938
-0.320212 0.548132
-0.310865 0.550218
-0.301518 0.552193
-0.292171 0.554054
-0.282824 0.555799
-0.273477 0.557424
-0.26413 0.558928
-0.254782 0.560307
-0.245435 0.56156
-0.236088 0.562683
-0.226741 0.563675
-0.217394 0.564534
-0.208047 0.565258
-0.1987 0.565844
-0.189353 0.566292
-0.180006 0.566599
-0.170659 0.566765
-0.161312 0.566787
-0.151965 0.566666
-0.142618 0.566399
-0.133271 0.565986
-0.123924 0.565427
-0.114577 0.56472
-0.10523 0.563867
-0.0958826 0.562866
-0.0865355 0.561717
-0.0771884 0.560422
-0.0678414 0.55898
-0.0584943 0.557393
-0.0491473 0.55566
-0.0398002 0.553783
-0.0304532 0.551763
-0.0211061 0.549602
-0.011759 0.5473
-0.00241199 0.544861
0.00693506 0.542284
0.0162821 0.539574
0.0256292 0.536731
0.0349762 0.533759
0.0443233 0.530659
0.0536703 0.527435
0.0630174 0.524089
0.0723645 0.520625
0.0817115 0.517045
0.0910586 0.513352
0.100406 0.50955
0.109753 0.505642
0.1191 0.501633
0.128447 0.497524
0.137794 0.493321
0.147141 0.489027
0.156488 0.484645
0.165835 0.48018
0.175182 0.475636
0.184529 0.471016
0.193876 0.466325
0.203223 0.461566
0.21257 0.456744
0.221917 0.451862
0.231264 0.446925
0.240611 0.441937
0.249959 0.436902
0.259306 0.431823
0.268653 0.426705
0.278 0.421552
0.287347 0.416367
0.296694 0.411154
0.306041 0.405918
0.315388 0.400661
0.324735 0.395388
0.334082 0.390101
0.343429 0.384806
0.352776 0.379504
0.362123 0.374199
0.37147 0.368895
0.380817 0.363595
0.390164 0.358301
0.399511 0.353017
0.408858 0.347746
0.418206 0.34249
0.427553 0.337252
0.4369 0.332034
0.446247 0.32684
0.455594 0.321672
0.464941 0.316531
0.474288 0.31142
0.483635 0.306341
0.492982 0.301296
0.502329 0.296288
0.511676 0.291317
0.521023 0.286386
0.53037 0.281495
0.539717 0.276648
0.549064 0.271844
0.558411 0.267085
0.567758 0.262374
0.577105 0.25771
0.586453 0.253094
0.5958 0.248529
0.605147 0.244014
0.614494 0.239551
0.623841 0.23514
0.633188 0.230783
0.642535 0.226478
0.651882 0.222228
0.661229 0.218033
0.670576 0.213892
0.679923 0.209807
0.68927 0.205778
0.698617 0.201804
0.707964 0.197887
0.717311 0.194026
0.726658 0.190221
0.736005 0.186472
0.745352 0.18278
0.7547 0.179144
0.764047 0.175564
0.773394 0.17204
0.782741 0.168572
0.792088 0.165159
0.801435 0.161802
0.810782 0.1585
0.820129 0.155252
0.829476 0.152059
0.838823 0.14892
0.84817 0.145835
0.857517 0.142803
0.866864 0.139823
0.876211 0.136896
0.885558 0.134021
0.894905 0.131197
0.904252 0.128423
0.913599 0.1257
0.922947 0.123027
0.932294 0.120403
0.941641 0.117828
0.950988 0.115301
0.960335 0.112821
0.969682 0.110388
0.979029 0.108001
0.988376 0.10566
0.997723 0.103365
1.00707 0.101113
1.01642 0.0989055
1.02576 0.0967412
1.03511 0.0946193
1.04446 0.0925395
1.05381 0.090501
1.06315 0.0885032
1.0725 0.0865454
1.08185 0.0846272
1.09119 0.0827477
1.10054 0.0809065
1.10989 0.0791028
1.11923 0.0773361
1.12858 0.0756058
1.13793 0.0739112
1.14728 0.0722517
1.15662 0.0706268
1.16597 0.0690358
1.17532 0.0674782
1.18466 0.0659533
1.19401 0.0644605
1.20336 0.0629994
1.21271 0.0615693
1.22205 0.0601696
1.2314 0.0587999
1.24075 0.0574594
1.25009 0.0561478
1.25944 0.0548644
1.26879 0.0536087
1.27813 0.0523802
1.28748 0.0511784
1.29683 0.0500028
1.30618 0.0488527
1.31552 0.0477279
1.32487 0.0466277
1.33422 0.0455516
1.34356 0.0444992
1.35291 0.0434701
1.36226 0.0424637
1.37161 0.0414796
1.38095 0.0405174
1.3903 0.0395765
1.39965 0.0386567
1.40899 0.0377573
1.41834 0.0368781
1.42769 0.0360186
1.43703 0.0351783
1.44638 0.034357
1.45573 0.0335542
1.46508 0.0327694
1.47442 0.0320024
1.48377 0.0312528
1.49312 0.0305201
1.50246 0.0298041
1.51181 0.0291044
1.52116 0.0284205
1.53051 0.0277523
1.53985 0.0270993
1.5492 0.0264613
1.55855 0.0258378
1.56789 0.0252287
1.57724 0.0246335
1.58659 0.0240519
1.59593 0.0234838
1.60528 0.0229287
1.61463 0.0223865
1.62398 0.0218567
1.63332 0.0213392
1.64267 0.0208336
1.65202 0.0203398
1.66136 0.0198574
1.67071 0.0193862
1.68006 0.0189259
1.68941 0.0184764
1.69875 0.0180372
1.7081 0.0176084
1.71745 0.0171895
1.72679 0.0167804
1.73614 0.0163808
1.74549 0.0159906
1.75483 0.0156095
1.76418 0.0152373
1.77353 0.0148738
1.78288 0.0145189
1.79222 0.0141723
1.80157 0.0138338
1.81092 0.0135033
1.82026 0.0131805
1.82961 0.0128654
1.83896 0.0125577
1.84831 0.0122572
1.85765 0.0119638
1.867 0.0116773
1.87635 0.0113976
1.88569 0.0111245
1.89504 0.0108578
1.90439 0.0105975
1.91373 0.0103433
1.92308 0.0100951
1.93243 0.00985285
1.94178 0.00961631
1.95112 0.00938539
1.96047 0.00915994
1.96982 0.00893984
1.97916 0.00872497
1.98851 0.00851521
1.99786 0.00831044
2.0072 0.00811054
2.01655 0.00791539
2.0259 0.0077249
2.03525 0.00753894
2.04459 0.00735741
2.05394 0.00718022
2.06329 0.00700725
2.07263 0.00683841
2.08198 0.0066736
2.09133 0.00651272
2.10068 0.00635569
2.11002 0.00620241
2.11937 0.0060528
2.12872 0.00590677
2.13806 0.00576423
2.14741 0.00562511
2.15676 0.00548931
2.1661 0.00535677
2.17545 0.00522741
2.1848 0.00510114
2.19415 0.00497791
2.20349 0.00485763
2.21284 0.00474023
2.22219 0.00462566
2.23153 0.00451383
2.24088 0.00440469
2.25023 0.00429818
2.25958 0.00419422
2.26892 0.00409276
2.27827 0.00399374
2.28762 0.0038971
2.29696 0.00380279
2.30631 0.00371075
2.31566 0.00362092
2.325 0.00353325
2.33435 0.0034477
2.3437 0.0033642
2.35305 0.00328272
2.36239 0.0032032
2.37174 0.0031256
2.38109 0.00304987
2.39043 0.00297597
2.39978 0.00290384
2.40913 0.00283346
2.41848 0.00276478
2.42782 0.00269775
2.43717 0.00263234
2.44652 0.00256851
2.45586 0.00250623
2.46521 0.00244544
2.47456 0.00238613
2.4839 0.00232825
2.49325 0.00227176
2.5026 0.00221664
2.51195 0.00216286
2.52129 0.00211037
2.53064 0.00205916
2.53999 0.00200918
2.54933 0.00196041
2.55868 0.00191282
2.56803 0.00186639
2.57738 0.00182108
2.58672 0.00177686
2.59607 0.00173371
2.60542 0.00169161
2.61476 0.00165053
2.62411 0.00161044
2.63346 0.00157133
2.6428 0.00153316
2.65215 0.00149592
2.6615 0.00145957
2.67085 0.00142411
2.68019 0.00138951
2.68954 0.00135575
2.69889 0.00132281
2.70823 0.00129066
2.71758 0.0012593
2.72693 0.00122869
2.73628 0.00119883
2.74562 0.00116969
2.75497 0.00114126
2.76432 0.00111352
2.77366 0.00108645
2.78301 0.00106003
2.79236 0.00103426
2.8017 0.00100912
2.81105 0.000984582
2.8204 0.000960642
2.82975 0.000937283
2.83909 0.000914491
2.84844 0.000892253
2.85779 0.000870554
2.86713 0.000849383
2.87648 0.000828726
2.88583 0.00080857
2.89518 0.000788904
2.90452 0.000769715
2.91387 0.000750993
2.92322 0.000732726
2.93256 0.000714902
2.94191 0.000697511
2.95126 0.000680543
2.9606 0.000663988
2.96995 0.000647834
2.9793 0.000632073
2.98865 0.000616696
2.99799 0.000601692
3.00734 0.000587052
3.01669 0.000572769
3.02603 0.000558833
3.03538 0.000545235
3.04473 0.000531968
3.05408 0.000519024
3.06342 0.000506395
3.07277 0.000494072
3.08212 0.000482049
3.09146 0.000470319
3.10081 0.000458874
3.11016 0.000447707
3.1195 0.000436812
3.12885 0.000426181
3.1382 0.00041581
3.14755 0.00040569
3.15689 0.000395817
3.16624 0.000386184
3.17559 0.000376785
3.18493 0.000367615
3.19428 0.000358668
3.20363 0.000349939
3.21298 0.000341422
3.22232 0.000333112
3.23167 0.000325005
3.24102 0.000317094
3.25036 0.000309377
3.25971 0.000301847
3.26906 0.0002945
3.2784 0.000287332
3.28775 0.000280338
3.2971 0.000273515
3.30645 0.000266858
3.31579 0.000260362
3.32514 0.000254025
3.33449 0.000247842
3.34383 0.00024181
3.35318 0.000235924
3.36253 0.000230182
3.37188 0.000224579
3.38122 0.000219113
3.39057 0.00021378
3.39992 0.000208576
3.40926 0.000203499
3.41861 0.000198546
3.42796 0.000193714
3.4373 0.000188999
3.44665 0.000184399
3.456 0.00017991
3.46535 0.000175531
3.47469 0.000171259
3.48404 0.000167091
3.49339 0.000163024
3.50273 0.000159056
3.51208 0.000155185
3.52143 0.000151408
3.53078 0.000147723
3.54012 0.000144127
3.54947 0.000140619
3.55882 0.000137197
3.56816 0.000133858
3.57751 0.0001306
3.58686 0.000127421
3.5962 0.00012432
3.60555 0.000121295
3.6149 0.000118343
3.62425 0.000115463
3.63359 0.000112653
3.64294 0.000109911
3.65229 0.000107236
3.66163 0.000104626
3.67098 0.00010208
3.68033 9.95961e-05
3.68967 9.71724e-05
3.69902 9.48078e-05
3.70837 9.25006e-05
3.71772 9.02497e-05
3.72706 8.80535e-05
3.73641 8.59108e-05
3.74576 8.38203e-05
3.7551 8.17807e-05
3.76445 7.97907e-05
3.7738 7.78492e-05
3.78315 7.59549e-05
3.79249 7.41068e-05
3.80184 7.23037e-05
3.81119 7.05444e-05
3.82053 6.8828e-05
3.82988 6.71534e-05
3.83923 6.55195e-05
3.84857 6.39254e-05
3.85792 6.23701e-05
3.86727 6.08527e-05
3.87662 5.93722e-05
