-10.8211 2.04438e-05
-10.7949 2.09644e-05
-10.7687 2.14981e-05
-10.7425 2.20453e-05
-10.7163 2.26064e-05
-10.6901 2.31818e-05
-10.6639 2.37717e-05
-10.6378 2.43766e-05
-10.6116 2.49967e-05
-10.5854 2.56326e-05
-10.5592 2.62846e-05
-10.533 2.69531e-05
-10.5068 2.76385e-05
-10.4806 2.83413e-05
-10.4544 2.90619e-05
-10.4282 2.98006e-05
-10.4021 3.05581e-05
-10.3759 3.13348e-05
-10.3497 3.21311e-05
-10.3235 3.29475e-05
-10.2973 3.37845e-05
-10.2711 3.46428e-05
-10.2449 3.55227e-05
-10.2187 3.64249e-05
-10.1926 3.73498e-05
-10.1664 3.82982e-05
-10.1402 3.92705e-05
-10.114 4.02673e-05
-10.0878 4.12894e-05
-10.0616 4.23372e-05
-10.0354 4.34115e-05
-10.0092 4.45129e-05
-9.98306 4.56421e-05
-9.95687 4.67999e-05
-9.93068 4.79868e-05
-9.9045 4.92037e-05
-9.87831 5.04512e-05
-9.85212 5.17303e-05
-9.82593 5.30415e-05
-9.79975 5.43859e-05
-9.77356 5.57641e-05
-9.74737 5.71771e-05
-9.72118 5.86256e-05
-9.695 6.01107e-05
-9.66881 6.16332e-05
-9.64262 6.3194e-05
-9.61643 6.47941e-05
-9.59024 6.64345e-05
-9.56406 6.81162e-05
-9.53787 6.98403e-05
-9.51168 7.16077e-05
-9.48549 7.34196e-05
-9.45931 7.52771e-05
-9.43312 7.71812e-05
-9.40693 7.91333e-05
-9.38074 8.11344e-05
-9.35456 8.31859e-05
-9.32837 8.52889e-05
-9.30218 8.74448e-05
-9.27599 8.96548e-05
-9.24981 9.19203e-05
-9.22362 9.42427e-05
-9.19743 9.66234e-05
-9.17124 9.90639e-05
-9.14505 0.000101566
-9.11887 0.00010413
-9.09268 0.000106759
-9.06649 0.000109454
-9.0403 0.000112216
-9.01412 0.000115048
-8.98793 0.000117951
-8.96174 0.000120926
-8.93555 0.000123976
-8.90937 0.000127102
-8.88318 0.000130307
-8.85699 0.000133592
-8.8308 0.000136959
-8.80462 0.000140411
-8.77843 0.000143949
-8.75224 0.000147575
-8.72605 0.000151292
-8.69986 0.000155102
-8.67368 0.000159008
-8.64749 0.000163011
-8.6213 0.000167114
-8.59511 0.000171319
-8.56893 0.00017563
-8.54274 0.000180048
-8.51655 0.000184577
-8.49036 0.000189219
-8.46418 0.000193976
-8.43799 0.000198853
-8.4118 0.000203851
-8.38561 0.000208973
-8.35943 0.000214224
-8.33324 0.000219605
-8.30705 0.00022512
-8.28086 0.000230773
-8.25467 0.000236567
-8.22849 0.000242505
-8.2023 0.000248591
-8.17611 0.000254828
-8.14992 0.000261221
-8.12374 0.000267772
-8.09755 0.000274487
-8.07136 0.000281368
-8.04517 0.000288421
-8.01899 0.000295649
-7.9928 0.000303056
-7.96661 0.000310648
-7.94042 0.000318428
-7.91424 0.000326401
-7.88805 0.000334572
-7.86186 0.000342946
-7.83567 0.000351528
-7.80948 0.000360322
-7.7833 0.000369335
-7.75711 0.000378571
-7.73092 0.000388036
-7.70473 0.000397735
-7.67855 0.000407674
-7.65236 0.00041786
-7.62617 0.000428297
-7.59998 0.000438993
-7.5738 0.000449953
-7.54761 0.000461185
-7.52142 0.000472694
-7.49523 0.000484487
-7.46905 0.000496572
-7.44286 0.000508955
-7.41667 0.000521644
-7.39048 0.000534646
-7.36429 0.000547968
-7.33811 0.00056162
-7.31192 0.000575608
-7.28573 0.000589941
-7.25954 0.000604626
-7.23336 0.000619674
-7.20717 0.000635092
-7.18098 0.00065089
-7.15479 0.000667076
-7.12861 0.00068366
-7.10242 0.000700652
-7.07623 0.000718062
-7.05004 0.0007359
-7.02385 0.000754175
-6.99767 0.0007729
-6.97148 0.000792084
-6.94529 0.000811738
-6.9191 0.000831874
-6.89292 0.000852505
-6.86673 0.00087364
-6.84054 0.000895294
-6.81435 0.000917477
-6.78817 0.000940204
-6.76198 0.000963486
-6.73579 0.000987338
-6.7096 0.00101177
-6.68342 0.0010368
-6.65723 0.00106245
-6.63104 0.00108872
-6.60485 0.00111563
-6.57866 0.0011432
-6.55248 0.00117143
-6.52629 0.00120036
-6.5001 0.00122999
-6.47391 0.00126035
-6.44773 0.00129144
-6.42154 0.00132329
-6.39535 0.00135591
-6.36916 0.00138933
-6.34298 0.00142356
-6.31679 0.00145862
-6.2906 0.00149453
-6.26441 0.00153131
-6.23823 0.00156898
-6.21204 0.00160757
-6.18585 0.00164709
-6.15966 0.00168757
-6.13347 0.00172903
-6.10729 0.00177149
-6.0811 0.00181497
-6.05491 0.00185951
-6.02872 0.00190512
-6.00254 0.00195183
-5.97635 0.00199967
-5.95016 0.00204867
-5.92397 0.00209884
-5.89779 0.00215022
-5.8716 0.00220284
-5.84541 0.00225673
-5.81922 0.0023119
-5.79304 0.00236841
-5.76685 0.00242627
-5.74066 0.00248552
-5.71447 0.00254619
-5.68828 0.00260832
-5.6621 0.00267193
-5.63591 0.00273706
-5.60972 0.00280376
-5.58353 0.00287205
-5.55735 0.00294196
-5.53116 0.00301355
-5.50497 0.00308685
-5.47878 0.00316189
-5.4526 0.00323872
-5.42641 0.00331738
-5.40022 0.00339791
-5.37403 0.00348036
-5.34785 0.00356476
-5.32166 0.00365117
-5.29547 0.00373962
-5.26928 0.00383018
-5.24309 0.00392288
-5.21691 0.00401777
-5.19072 0.0041149
-5.16453 0.00421433
-5.13834 0.00431611
-5.11216 0.00442029
-5.08597 0.00452693
-5.05978 0.00463607
-5.03359 0.00474779
-5.00741 0.00486213
-4.98122 0.00497915
-4.95503 0.00509893
-4.92884 0.00522151
-4.90265 0.00534696
-4.87647 0.00547535
-4.85028 0.00560674
-4.82409 0.0057412
-4.7979 0.0058788
-4.77172 0.0060196
-4.74553 0.00616369
-4.71934 0.00631113
-4.69315 0.00646199
-4.66697 0.00661636
-4.64078 0.00677431
-4.61459 0.00693592
-4.5884 0.00710127
-4.56222 0.00727044
-4.53603 0.00744352
-4.50984 0.0076206
-4.48365 0.00780175
-4.45746 0.00798707
-4.43128 0.00817666
-4.40509 0.00837059
-4.3789 0.00856898
-4.35271 0.0087719
-4.32653 0.00897947
-4.30034 0.00919178
-4.27415 0.00940894
-4.24796 0.00963104
-4.22178 0.0098582
-4.19559 0.0100905
-4.1694 0.0103281
-4.14321 0.0105711
-4.11703 0.0108196
-4.09084 0.0110737
-4.06465 0.0113335
-4.03846 0.0115991
-4.01227 0.0118708
-3.98609 0.0121485
-3.9599 0.0124325
-3.93371 0.0127229
-3.90752 0.0130197
-3.88134 0.0133231
-3.85515 0.0136333
-3.82896 0.0139504
-3.80277 0.0142746
-3.77659 0.0146059
-3.7504 0.0149445
-3.72421 0.0152907
-3.69802 0.0156444
-3.67184 0.0160059
-3.64565 0.0163754
-3.61946 0.0167529
-3.59327 0.0171387
-3.56708 0.0175329
-3.5409 0.0179357
-3.51471 0.0183473
-3.48852 0.0187677
-3.46233 0.0191973
-3.43615 0.0196361
-3.40996 0.0200843
-3.38377 0.0205422
-3.35758 0.0210098
-3.3314 0.0214875
-3.30521 0.0219753
-3.27902 0.0224735
-3.25283 0.0229822
-3.22665 0.0235017
-3.20046 0.0240321
-3.17427 0.0245737
-3.14808 0.0251266
-3.12189 0.025691
-3.09571 0.0262673
-3.06952 0.0268554
-3.04333 0.0274557
-3.01714 0.0280684
-2.99096 0.0286937
-2.96477 0.0293318
-2.93858 0.0299829
-2.91239 0.0306473
-2.88621 0.0313251
-2.86002 0.0320165
-2.83383 0.0327219
-2.80764 0.0334413
-2.78146 0.0341751
-2.75527 0.0349235
-2.72908 0.0356867
-2.70289 0.0364648
-2.6767 0.0372582
-2.65052 0.0380671
-2.62433 0.0388916
-2.59814 0.039732
-2.57195 0.0405886
-2.54577 0.0414615
-2.51958 0.042351
-2.49339 0.0432573
-2.4672 0.0441806
-2.44102 0.0451211
-2.41483 0.0460791
-2.38864 0.0470547
-2.36245 0.0480482
-2.33626 0.0490598
-2.31008 0.0500896
-2.28389 0.0511379
-2.2577 0.0522048
-2.23151 0.0532905
-2.20533 0.0543953
-2.17914 0.0555193
-2.15295 0.0566626
-2.12676 0.0578255
-2.10058 0.059008
-2.07439 0.0602104
-2.0482 0.0614327
-2.02201 0.0626751
-1.99583 0.0639376
-1.96964 0.0652205
-1.94345 0.0665238
-1.91726 0.0678475
-1.89107 0.0691917
-1.86489 0.0705566
-1.8387 0.071942
-1.81251 0.0733481
-1.78632 0.0747748
-1.76014 0.0762221
-1.73395 0.07769
-1.70776 0.0791784
-1.68157 0.0806873
-1.65539 0.0822165
-1.6292 0.083766
-1.60301 0.0853355
-1.57682 0.086925
-1.55064 0.0885341
-1.52445 0.0901627
-1.49826 0.0918105
-1.47207 0.0934772
-1.44588 0.0951626
-1.4197 0.0968661
-1.39351 0.0985876
-1.36732 0.100326
-1.34113 0.102082
-1.31495 0.103855
-1.28876 0.105643
-1.26257 0.107446
-1.23638 0.109265
-1.2102 0.111097
-1.18401 0.112942
-1.15782 0.114801
-1.13163 0.116671
-1.10545 0.118551
-1.07926 0.120442
-1.05307 0.122342
-1.02688 0.12425
-1.00069 0.126165
-0.974507 0.128086
-0.948319 0.130011
-0.922132 0.13194
-0.895944 0.133871
-0.869756 0.135804
-0.843569 0.137735
-0.817381 0.139665
-0.791193 0.141592
-0.765006 0.143513
-0.738818 0.145429
-0.71263 0.147336
-0.686443 0.149234
-0.660255 0.15112
-0.634067 0.152994
-0.60788 0.154852
-0.581692 0.156694
-0.555504 0.158518
-0.529317 0.160322
-0.503129 0.162103
-0.476942 0.163861
-0.450754 0.165593
-0.424566 0.167297
-0.398379 0.168972
-0.372191 0.170615
-0.346003 0.172226
-0.319816 0.173801
-0.293628 0.17534
-0.26744 0.17684
-0.241253 0.1783
-0.215065 0.179718
-0.188877 0.181092
-0.16269 0.182422
-0.136502 0.183705
-0.110314 0.18494
-0.0841267 0.186126
-0.057939 0.187261
-0.0317514 0.188345
-0.00556374 0.189376
0.0206239 0.190353
0.0468116 0.191276
0.0729992 0.192144
0.0991869 0.192955
0.125375 0.19371
0.151562 0.194408
0.17775 0.195049
0.203937 0.195632
0.230125 0.196157
0.256313 0.196625
0.2825 0.197035
0.308688 0.197387
0.334876 0.197682
0.361063 0.19792
0.387251 0.198102
0.413439 0.198227
0.439626 0.198297
0.465814 0.198312
0.492002 0.198274
0.518189 0.198182
0.544377 0.198038
0.570565 0.197843
0.596752 0.197597
0.62294 0.197302
0.649128 0.196958
0.675315 0.196568
0.701503 0.196131
0.727691 0.19565
0.753878 0.195125
0.780066 0.194558
0.806254 0.193949
0.832441 0.193301
0.858629 0.192614
0.884816 0.19189
0.911004 0.191129
0.937192 0.190334
0.963379 0.189505
0.989567 0.188644
1.01575 0.187751
1.04194 0.186829
1.06813 0.185879
1.09432 0.184901
1.12051 0.183896
1.14669 0.182867
1.17288 0.181814
1.19907 0.180738
1.22526 0.179641
1.25144 0.178523
1.27763 0.177386
1.30382 0.17623
1.33001 0.175057
1.35619 0.173868
1.38238 0.172663
1.40857 0.171444
1.43476 0.170212
1.46094 0.168967
1.48713 0.16771
1.51332 0.166443
1.53951 0.165166
1.5657 0.163879
1.59188 0.162585
1.61807 0.161282
1.64426 0.159973
1.67045 0.158658
1.69663 0.157337
1.72282 0.156012
1.74901 0.154682
1.7752 0.153349
1.80138 0.152013
1.82757 0.150675
1.85376 0.149335
1.87995 0.147994
1.90613 0.146652
1.93232 0.14531
1.95851 0.143969
1.9847 0.142628
2.01089 0.141288
2.03707 0.13995
2.06326 0.138615
2.08945 0.137281
2.11564 0.135951
2.14182 0.134624
2.16801 0.1333
2.1942 0.131981
2.22039 0.130665
2.24657 0.129355
2.27276 0.128049
2.29895 0.126748
2.32514 0.125453
2.35133 0.124163
2.37751 0.122879
2.4037 0.121602
2.42989 0.12033
2.45608 0.119066
2.48226 0.117808
2.50845 0.116557
2.53464 0.115313
2.56083 0.114076
2.58701 0.112847
2.6132 0.111625
2.63939 0.110412
2.66558 0.109206
2.69176 0.108008
2.71795 0.106818
2.74414 0.105637
2.77033 0.104464
2.79652 0.103299
2.8227 0.102143
2.84889 0.100995
2.87508 0.0998563
2.90127 0.0987261
2.92745 0.0976048
2.95364 0.0964923
2.97983 0.0953887
3.00602 0.0942941
3.0322 0.0932086
3.05839 0.092132
3.08458 0.0910646
3.11077 0.0900062
3.13695 0.088957
3.16314 0.0879169
3.18933 0.086886
3.21552 0.0858642
3.24171 0.0848516
3.26789 0.0838482
3.29408 0.082854
3.32027 0.0818689
3.34646 0.0808931
3.37264 0.0799263
3.39883 0.0789688
3.42502 0.0780203
3.45121 0.077081
3.47739 0.0761507
3.50358 0.0752296
3.52977 0.0743174
3.55596 0.0734143
3.58214 0.0725202
3.60833 0.071635
3.63452 0.0707587
3.66071 0.0698914
3.6869 0.0690328
3.71308 0.0681831
3.73927 0.0673421
3.76546 0.0665099
3.79165 0.0656863
3.81783 0.0648714
3.84402 0.0640651
3.87021 0.0632673
3.8964 0.0624779
3.92258 0.0616971
3.94877 0.0609246
3.97496 0.0601604
4.00115 0.0594045
4.02733 0.0586569
4.05352 0.0579174
4.07971 0.057186
4.1059 0.0564627
4.13209 0.0557475
4.15827 0.0550401
4.18446 0.0543406
4.21065 0.053649
4.23684 0.0529652
4.26302 0.052289
4.28921 0.0516205
4.3154 0.0509596
4.34159 0.0503062
4.36777 0.0496603
4.39396 0.0490218
4.42015 0.0483906
4.44634 0.0477667
4.47253 0.0471501
4.49871 0.0465406
4.5249 0.0459382
4.55109 0.0453428
4.57728 0.0447544
4.60346 0.0441729
4.62965 0.0435983
4.65584 0.0430304
4.68203 0.0424693
4.70821 0.0419148
4.7344 0.041367
4.76059 0.0408256
4.78678 0.0402908
4.81296 0.0397623
4.83915 0.0392402
4.86534 0.0387244
4.89153 0.0382148
4.91772 0.0377114
4.9439 0.0372141
4.97009 0.0367228
4.99628 0.0362375
5.02247 0.0357581
5.04865 0.0352847
5.07484 0.034817
5.10103 0.034355
5.12722 0.0338987
5.1534 0.0334481
5.17959 0.033003
5.20578 0.0325634
5.23197 0.0321293
5.25815 0.0317006
5.28434 0.0312772
5.31053 0.0308591
5.33672 0.0304462
5.36291 0.0300385
5.38909 0.0296359
5.41528 0.0292383
5.44147 0.0288458
5.46766 0.0284582
5.49384 0.0280754
5.52003 0.0276976
5.54622 0.0273245
5.57241 0.0269561
5.59859 0.0265924
5.62478 0.0262333
5.65097 0.0258788
5.67716 0.0255288
5.70334 0.0251833
5.72953 0.0248422
5.75572 0.0245055
5.78191 0.0241731
5.8081 0.0238449
5.83428 0.023521
5.86047 0.0232013
5.88666 0.0228856
5.91285 0.0225741
5.93903 0.0222665
5.96522 0.021963
5.99141 0.0216634
6.0176 0.0213677
6.04378 0.0210758
6.06997 0.0207877
6.09616 0.0205033
6.12235 0.0202227
6.14853 0.0199457
6.17472 0.0196724
6.20091 0.0194026
6.2271 0.0191364
6.25329 0.0188736
6.27947 0.0186143
6.30566 0.0183584
6.33185 0.0181059
6.35804 0.0178567
6.38422 0.0176108
6.41041 0.0173681
6.4366 0.0171286
6.46279 0.0168923
6.48897 0.0166591
6.51516 0.0164291
6.54135 0.016202
6.56754 0.015978
6.59373 0.0157569
6.61991 0.0155388
6.6461 0.0153236
6.67229 0.0151113
6.69848 0.0149018
6.72466 0.0146951
6.75085 0.0144911
6.77704 0.0142899
6.80323 0.0140913
6.82941 0.0138955
6.8556 0.0137022
6.88179 0.0135116
6.90798 0.0133235
6.93416 0.0131379
6.96035 0.0129548
6.98654 0.0127742
7.01273 0.012596
7.03892 0.0124203
7.0651 0.0122469
7.09129 0.0120758
7.11748 0.011907
7.14367 0.0117406
7.16985 0.0115764
7.19604 0.0114144
7.22223 0.0112546
7.24842 0.0110969
7.2746 0.0109414
7.30079 0.0107881
7.32698 0.0106368
7.35317 0.0104875
7.37935 0.0103403
7.40554 0.0101951
7.43173 0.0100519
7.45792 0.00991062
7.48411 0.00977127
7.51029 0.00963383
7.53648 0.00949827
7.56267 0.00936456
7.58886 0.00923268
7.61504 0.00910261
7.64123 0.00897432
7.66742 0.00884778
7.69361 0.00872298
7.71979 0.0085999
7.74598 0.0084785
7.77217 0.00835878
7.79836 0.0082407
7.82454 0.00812424
7.85073 0.00800939
7.87692 0.00789612
7.90311 0.0077844
7.9293 0.00767423
7.95548 0.00756558
7.98167 0.00745843
8.00786 0.00735276
8.03405 0.00724855
8.06023 0.00714579
8.08642 0.00704444
8.11261 0.00694449
8.1388 0.00684593
8.16498 0.00674874
8.19117 0.00665289
8.21736 0.00655838
8.24355 0.00646517
8.26973 0.00637326
8.29592 0.00628262
8.32211 0.00619325
8.3483 0.00610512
8.37449 0.00601821
8.40067 0.00593251
8.42686 0.00584801
8.45305 0.00576469
8.47924 0.00568252
8.50542 0.00560151
8.53161 0.00552162
8.5578 0.00544285
8.58399 0.00536517
8.61017 0.00528859
8.63636 0.00521307
8.66255 0.00513861
8.68874 0.00506519
8.71492 0.0049928
8.74111 0.00492142
8.7673 0.00485105
8.79349 0.00478165
8.81968 0.00471324
8.84586 0.00464578
8.87205 0.00457927
8.89824 0.00451369
8.92443 0.00444903
8.95061 0.00438528
8.9768 0.00432243
9.00299 0.00426046
9.02918 0.00419937
9.05536 0.00413913
9.08155 0.00407974
9.10774 0.00402119
9.13393 0.00396346
9.16012 0.00390655
9.1863 0.00385044
9.21249 0.00379512
9.23868 0.00374058
9.26487 0.00368681
9.29105 0.0036338
9.31724 0.00358154
9.34343 0.00353002
9.36962 0.00347922
9.3958 0.00342915
9.42199 0.00337978
9.44818 0.00333111
9.47437 0.00328314
9.50055 0.00323584
9.52674 0.00318921
9.55293 0.00314324
9.57912 0.00309792
9.60531 0.00305325
9.63149 0.00300921
9.65768 0.00296579
9.68387 0.00292299
9.71006 0.0028808
9.73624 0.00283921
9.76243 0.00279821
9.78862 0.00275779
9.81481 0.00271795
9.84099 0.00267867
9.86718 0.00263996
9.89337 0.00260179
9.91956 0.00256417
9.94574 0.00252708
9.97193 0.00249052
9.99812 0.00245449
10.0243 0.00241896
10.0505 0.00238395
10.0767 0.00234943
10.1029 0.0023154
10.1291 0.00228186
10.1552 0.0022488
10.1814 0.00221622
10.2076 0.00218409
10.2338 0.00215243
10.26 0.00212122
10.2862 0.00209045
10.3124 0.00206013
10.3386 0.00203024
10.3647 0.00200078
10.3909 0.00197174
10.4171 0.00194311
10.4433 0.00191489
10.4695 0.00188708
10.4957 0.00185967
10.5219 0.00183265
10.5481 0.00180602
10.5742 0.00177977
10.6004 0.0017539
10.6266 0.00172839
10.6528 0.00170326
10.679 0.00167848
10.7052 0.00165406
10.7314 0.00162999
10.7576 0.00160627
10.7837 0.00158289
10.8099 0.00155984
10.8361 0.00153713
10.8623 0.00151474
10.8885 0.00149267
10.9147 0.00147093
10.9409 0.00144949
10.9671 0.00142836
10.9933 0.00140754
11.0194 0.00138702
11.0456 0.00136679
11.0718 0.00134686
11.098 0.00132721
11.1242 0.00130785
11.1504 0.00128876
11.1766 0.00126995
11.2028 0.00125141
11.2289 0.00123314
11.2551 0.00121513
11.2813 0.00119739
11.3075 0.0011799
11.3337 0.00116266
11.3599 0.00114567
11.3861 0.00112892
11.4123 0.00111242
11.4384 0.00109616
11.4646 0.00108013
11.4908 0.00106433
11.517 0.00104877
11.5432 0.00103342
11.5694 0.0010183
11.5956 0.0010034
11.6218 0.000988717
11.6479 0.000974244
11.6741 0.000959981
11.7003 0.000945924
11.7265 0.000932071
11.7527 0.000918419
11.7789 0.000904965
11.8051 0.000891706
11.8313 0.000878639
11.8574 0.000865761
11.8836 0.000853071
11.9098 0.000840565
11.936 0.00082824
11.9622 0.000816094
11.9884 0.000804124
12.0146 0.000792329
12.0408 0.000780704
12.0669 0.000769249
12.0931 0.00075796
12.1193 0.000746835
12.1455 0.000735872
12.1717 0.000725068
12.1979 0.000714421
12.2241 0.00070393
12.2503 0.000693591
12.2764 0.000683402
12.3026 0.000673361
12.3288 0.000663467
12.355 0.000653717
12.3812 0.000644109
12.4074 0.00063464
12.4336 0.00062531
12.4598 0.000616115
12.4859 0.000607055
12.5121 0.000598127
12.5383 0.000589328
12.5645 0.000580658
12.5907 0.000572115
12.6169 0.000563696
12.6431 0.0005554
12.6693 0.000547224
12.6954 0.000539169
12.7216 0.00053123
12.7478 0.000523408
12.774 0.0005157
12.8002 0.000508104
12.8264 0.000500619
12.8526 0.000493244
12.8788 0.000485976
12.9049 0.000478815
12.9311 0.000471758
12.9573 0.000464805
12.9835 0.000457953
13.0097 0.000451201
13.0359 0.000444548
13.0621 0.000437992
13.0883 0.000431532
13.1145 0.000425167
13.1406 0.000418894
13.1668 0.000412714
13.193 0.000406624
13.2192 0.000400623
13.2454 0.00039471
13.2716 0.000388884
13.2978 0.000383143
13.324 0.000377486
13.3501 0.000371912
13.3763 0.000366419
13.4025 0.000361008
13.4287 0.000355675
13.4549 0.000350421
13.4811 0.000345243
13.5073 0.000340142
13.5335 0.000335115
13.5596 0.000330162
13.5858 0.000325282
13.612 0.000320473
13.6382 0.000315735
13.6644 0.000311067
13.6906 0.000306467
13.7168 0.000301934
13.743 0.000297468
13.7691 0.000293068
13.7953 0.000288732
13.8215 0.00028446
13.8477 0.000280251
13.8739 0.000276103
13.9001 0.000272017
13.9263 0.00026799
13.9525 0.000264023
13.9786 0.000260114
14.0048 0.000256263
14.031 0.000252468
14.0572 0.000248729
14.0834 0.000245045
14.1096 0.000241415
14.1358 0.000237838
14.162 0.000234315
14.1881 0.000230843
14.2143 0.000227422
14.2405 0.000224051
14.2667 0.00022073
14.2929 0.000217458
14.3191 0.000214234
14.3453 0.000211058
14.3715 0.000207929
14.3976 0.000204845
14.4238 0.000201807
14.45 0.000198814
14.4762 0.000195865
14.5024 0.000192959
14.5286 0.000190096
14.5548 0.000187275
14.581 0.000184496
14.6071 0.000181758
14.6333 0.000179061
14.6595 0.000176403
14.6857 0.000173784
14.7119 0.000171204
14.7381 0.000168662
14.7643 0.000166157
14.7905 0.00016369
14.8166 0.000161259
14.8428 0.000158863
14.869 0.000156504
14.8952 0.000154179
14.9214 0.000151888
14.9476 0.000149631
14.9738 0.000147407
15 0.000145217
15.0261 0.000143058
15.0523 0.000140932
15.0785 0.000138837
15.1047 0.000136773
15.1309 0.000134739
15.1571 0.000132736
15.1833 0.000130762
15.2095 0.000128817
15.2357 0.000126901
15.2618 0.000125014
15.288 0.000123154
15.3142 0.000121322
15.3404 0.000119517
