-8.77202 3.20182e-05
-8.75516 3.26406e-05
-8.73831 3.32752e-05
-8.72145 3.39221e-05
-8.7046 3.45816e-05
-8.68774 3.5254e-05
-8.67089 3.59395e-05
-8.65403 3.66383e-05
-8.63718 3.73508e-05
-8.62032 3.80771e-05
-8.60347 3.88177e-05
-8.58661 3.95726e-05
-8.56976 4.03423e-05
-8.5529 4.1127e-05
-8.53605 4.19269e-05
-8.51919 4.27425e-05
-8.50234 4.3574e-05
-8.48548 4.44217e-05
-8.46863 4.52859e-05
-8.45177 4.6167e-05
-8.43492 4.70653e-05
-8.41806 4.79811e-05
-8.40121 4.89147e-05
-8.38436 4.98666e-05
-8.3675 5.0837e-05
-8.35065 5.18264e-05
-8.33379 5.28351e-05
-8.31694 5.38634e-05
-8.30008 5.49118e-05
-8.28323 5.59807e-05
-8.26637 5.70704e-05
-8.24952 5.81814e-05
-8.23266 5.93141e-05
-8.21581 6.04689e-05
-8.19895 6.16462e-05
-8.1821 6.28465e-05
-8.16524 6.40702e-05
-8.14839 6.53178e-05
-8.13153 6.65898e-05
-8.11468 6.78866e-05
-8.09782 6.92087e-05
-8.08097 7.05567e-05
-8.06411 7.19309e-05
-8.04726 7.3332e-05
-8.0304 7.47605e-05
-8.01355 7.62168e-05
-7.99669 7.77016e-05
-7.97984 7.92154e-05
-7.96298 8.07588e-05
-7.94613 8.23323e-05
-7.92927 8.39365e-05
-7.91242 8.55721e-05
-7.89557 8.72396e-05
-7.87871 8.89397e-05
-7.86186 9.06731e-05
-7.845 9.24403e-05
-7.82815 9.4242e-05
-7.81129 9.60789e-05
-7.79444 9.79518e-05
-7.77758 9.98612e-05
-7.76073 0.000101808
-7.74387 0.000103793
-7.72702 0.000105816
-7.71016 0.000107879
-7.69331 0.000109983
-7.67645 0.000112128
-7.6596 0.000114314
-7.64274 0.000116543
-7.62589 0.000118816
-7.60903 0.000121134
-7.59218 0.000123496
-7.57532 0.000125905
-7.55847 0.000128361
-7.54161 0.000130865
-7.52476 0.000133418
-7.5079 0.000136021
-7.49105 0.000138674
-7.47419 0.00014138
-7.45734 0.000144139
-7.44048 0.000146951
-7.42363 0.000149819
-7.40677 0.000152743
-7.38992 0.000155723
-7.37307 0.000158763
-7.35621 0.000161861
-7.33936 0.000165021
-7.3225 0.000168242
-7.30565 0.000171526
-7.28879 0.000174875
-7.27194 0.000178289
-7.25508 0.00018177
-7.23823 0.000185319
-7.22137 0.000188937
-7.20452 0.000192626
-7.18766 0.000196388
-7.17081 0.000200223
-7.15395 0.000204133
-7.1371 0.00020812
-7.12024 0.000212185
-7.10339 0.00021633
-7.08653 0.000220556
-7.06968 0.000224864
-7.05282 0.000229257
-7.03597 0.000233736
-7.01911 0.000238302
-7.00226 0.000242958
-6.9854 0.000247706
-6.96855 0.000252546
-6.95169 0.000257481
-6.93484 0.000262513
-6.91798 0.000267643
-6.90113 0.000272874
-6.88427 0.000278208
-6.86742 0.000283646
-6.85057 0.00028919
-6.83371 0.000294844
-6.81686 0.000300608
-6.8 0.000306485
-6.78315 0.000312477
-6.76629 0.000318586
-6.74944 0.000324816
-6.73258 0.000331167
-6.71573 0.000337643
-6.69887 0.000344246
-6.68202 0.000350979
-6.66516 0.000357843
-6.64831 0.000364843
-6.63145 0.000371979
-6.6146 0.000379255
-6.59774 0.000386674
-6.58089 0.000394239
-6.56403 0.000401952
-6.54718 0.000409816
-6.53032 0.000417834
-6.51347 0.00042601
-6.49661 0.000434346
-6.47976 0.000442846
-6.4629 0.000451512
-6.44605 0.000460349
-6.42919 0.000469358
-6.41234 0.000478545
-6.39548 0.000487912
-6.37863 0.000497463
-6.36178 0.000507201
-6.34492 0.00051713
-6.32807 0.000527254
-6.31121 0.000537577
-6.29436 0.000548102
-6.2775 0.000558834
-6.26065 0.000569777
-6.24379 0.000580934
-6.22694 0.000592311
-6.21008 0.00060391
-6.19323 0.000615738
-6.17637 0.000627798
-6.15952 0.000640094
-6.14266 0.000652632
-6.12581 0.000665416
-6.10895 0.000678452
-6.0921 0.000691743
-6.07524 0.000705295
-6.05839 0.000719113
-6.04153 0.000733203
-6.02468 0.000747569
-6.00782 0.000762218
-5.99097 0.000777154
-5.97411 0.000792384
-5.95726 0.000807912
-5.9404 0.000823746
-5.92355 0.000839891
-5.90669 0.000856353
-5.88984 0.000873138
-5.87298 0.000890254
-5.85613 0.000907705
-5.83928 0.000925499
-5.82242 0.000943643
-5.80557 0.000962143
-5.78871 0.000981007
-5.77186 0.00100024
-5.755 0.00101985
-5.73815 0.00103985
-5.72129 0.00106024
-5.70444 0.00108103
-5.68758 0.00110223
-5.67073 0.00112385
-5.65387 0.00114589
-5.63702 0.00116837
-5.62016 0.00119128
-5.60331 0.00121465
-5.58645 0.00123848
-5.5696 0.00126277
-5.55274 0.00128754
-5.53589 0.0013128
-5.51903 0.00133856
-5.50218 0.00136482
-5.48532 0.0013916
-5.46847 0.0014189
-5.45161 0.00144674
-5.43476 0.00147513
-5.4179 0.00150408
-5.40105 0.00153359
-5.38419 0.00156369
-5.36734 0.00159437
-5.35049 0.00162566
-5.33363 0.00165757
-5.31678 0.0016901
-5.29992 0.00172327
-5.28307 0.0017571
-5.26621 0.00179159
-5.24936 0.00182675
-5.2325 0.00186261
-5.21565 0.00189918
-5.19879 0.00193646
-5.18194 0.00197447
-5.16508 0.00201324
-5.14823 0.00205276
-5.13137 0.00209306
-5.11452 0.00213416
-5.09766 0.00217606
-5.08081 0.00221878
-5.06395 0.00226235
-5.0471 0.00230677
-5.03024 0.00235206
-5.01339 0.00239825
-4.99653 0.00244534
-4.97968 0.00249336
-4.96282 0.00254232
-4.94597 0.00259225
-4.92911 0.00264315
-4.91226 0.00269506
-4.8954 0.00274799
-4.87855 0.00280195
-4.86169 0.00285698
-4.84484 0.00291309
-4.82799 0.0029703
-4.81113 0.00302863
-4.79428 0.00308812
-4.77742 0.00314877
-4.76057 0.00321061
-4.74371 0.00327366
-4.72686 0.00333796
-4.71 0.00340352
-4.69315 0.00347036
-4.67629 0.00353852
-4.65944 0.00360802
-4.64258 0.00367889
-4.62573 0.00375114
-4.60887 0.00382481
-4.59202 0.00389993
-4.57516 0.00397653
-4.55831 0.00405463
-4.54145 0.00413426
-4.5246 0.00421546
-4.50774 0.00429825
-4.49089 0.00438266
-4.47403 0.00446873
-4.45718 0.00455649
-4.44032 0.00464598
-4.42347 0.00473721
-4.40661 0.00483024
-4.38976 0.00492509
-4.3729 0.00502181
-4.35605 0.00512042
-4.3392 0.00522096
-4.32234 0.00532348
-4.30549 0.005428
-4.28863 0.00553458
-4.27178 0.00564324
-4.25492 0.00575403
-4.23807 0.00586699
-4.22121 0.00598217
-4.20436 0.0060996
-4.1875 0.00621934
-4.17065 0.00634141
-4.15379 0.00646588
-4.13694 0.00659279
-4.12008 0.00672218
-4.10323 0.0068541
-4.08637 0.0069886
-4.06952 0.00712574
-4.05266 0.00726555
-4.03581 0.00740811
-4.01895 0.00755344
-4.0021 0.00770163
-3.98524 0.0078527
-3.96839 0.00800673
-3.95153 0.00816377
-3.93468 0.00832387
-3.91782 0.00848711
-3.90097 0.00865352
-3.88411 0.00882319
-3.86726 0.00899617
-3.8504 0.00917252
-3.83355 0.00935232
-3.8167 0.00953562
-3.79984 0.00972249
-3.78299 0.009913
-3.76613 0.0101072
-3.74928 0.0103052
-3.73242 0.0105071
-3.71557 0.0107129
-3.69871 0.0109227
-3.68186 0.0111366
-3.665 0.0113546
-3.64815 0.0115769
-3.63129 0.0118035
-3.61444 0.0120345
-3.59758 0.01227
-3.58073 0.01251
-3.56387 0.0127547
-3.54702 0.0130042
-3.53016 0.0132585
-3.51331 0.0135177
-3.49645 0.013782
-3.4796 0.0140513
-3.46274 0.0143259
-3.44589 0.0146058
-3.42903 0.0148911
-3.41218 0.0151819
-3.39532 0.0154784
-3.37847 0.0157805
-3.36161 0.0160885
-3.34476 0.0164025
-3.3279 0.0167224
-3.31105 0.0170486
-3.2942 0.017381
-3.27734 0.0177198
-3.26049 0.0180652
-3.24363 0.0184172
-3.22678 0.0187759
-3.20992 0.0191415
-3.19307 0.0195142
-3.17621 0.019894
-3.15936 0.0202811
-3.1425 0.0206755
-3.12565 0.0210776
-3.10879 0.0214873
-3.09194 0.0219048
-3.07508 0.0223303
-3.05823 0.0227639
-3.04137 0.0232058
-3.02452 0.0236561
-3.00766 0.024115
-2.99081 0.0245825
-2.97395 0.025059
-2.9571 0.0255445
-2.94024 0.0260392
-2.92339 0.0265433
-2.90653 0.0270569
-2.88968 0.0275802
-2.87282 0.0281134
-2.85597 0.0286566
-2.83911 0.0292101
-2.82226 0.029774
-2.80541 0.0303485
-2.78855 0.0309337
-2.7717 0.03153
-2.75484 0.0321374
-2.73799 0.0327561
-2.72113 0.0333864
-2.70428 0.0340285
-2.68742 0.0346825
-2.67057 0.0353487
-2.65371 0.0360272
-2.63686 0.0367184
-2.62 0.0374223
-2.60315 0.0381392
-2.58629 0.0388694
-2.56944 0.039613
-2.55258 0.0403703
-2.53573 0.0411415
-2.51887 0.0419268
-2.50202 0.0427265
-2.48516 0.0435408
-2.46831 0.0443699
-2.45145 0.0452141
-2.4346 0.0460736
-2.41774 0.0469486
-2.40089 0.0478395
-2.38403 0.0487464
-2.36718 0.0496697
-2.35032 0.0506095
-2.33347 0.0515661
-2.31661 0.0525398
-2.29976 0.0535308
-2.28291 0.0545395
-2.26605 0.055566
-2.2492 0.0566106
-2.23234 0.0576736
-2.21549 0.0587553
-2.19863 0.0598559
-2.18178 0.0609758
-2.16492 0.0621151
-2.14807 0.0632741
-2.13121 0.0644532
-2.11436 0.0656526
-2.0975 0.0668725
-2.08065 0.0681133
-2.06379 0.0693752
-2.04694 0.0706585
-2.03008 0.0719635
-2.01323 0.0732904
-1.99637 0.0746395
-1.97952 0.0760111
-1.96266 0.0774055
-1.94581 0.0788229
-1.92895 0.0802635
-1.9121 0.0817277
-1.89524 0.0832157
-1.87839 0.0847278
-1.86153 0.0862641
-1.84468 0.0878251
-1.82782 0.0894108
-1.81097 0.0910215
-1.79412 0.0926576
-1.77726 0.0943191
-1.76041 0.0960063
-1.74355 0.0977195
-1.7267 0.0994588
-1.70984 0.101224
-1.69299 0.103017
-1.67613 0.104835
-1.65928 0.106681
-1.64242 0.108554
-1.62557 0.110454
-1.60871 0.112381
-1.59186 0.114336
-1.575 0.116318
-1.55815 0.118328
-1.54129 0.120365
-1.52444 0.12243
-1.50758 0.124523
-1.49073 0.126644
-1.47387 0.128793
-1.45702 0.130969
-1.44016 0.133174
-1.42331 0.135406
-1.40645 0.137665
-1.3896 0.139953
-1.37274 0.142267
-1.35589 0.144609
-1.33903 0.146978
-1.32218 0.149373
-1.30532 0.151796
-1.28847 0.154244
-1.27162 0.156719
-1.25476 0.159219
-1.23791 0.161744
-1.22105 0.164294
-1.2042 0.166869
-1.18734 0.169467
-1.17049 0.172089
-1.15363 0.174734
-1.13678 0.1774
-1.11992 0.180089
-1.10307 0.182797
-1.08621 0.185526
-1.06936 0.188274
-1.0525 0.19104
-1.03565 0.193824
-1.01879 0.196624
-1.00194 0.199439
-0.985083 0.202269
-0.968228 0.205112
-0.951373 0.207967
-0.934519 0.210832
-0.917664 0.213707
-0.900809 0.21659
-0.883954 0.21948
-0.867099 0.222375
-0.850244 0.225273
-0.83339 0.228173
-0.816535 0.231074
-0.79968 0.233974
-0.782825 0.23687
-0.76597 0.239761
-0.749115 0.242645
-0.732261 0.245521
-0.715406 0.248385
-0.698551 0.251237
-0.681696 0.254074
-0.664841 0.256893
-0.647986 0.259693
-0.631132 0.262472
-0.614277 0.265226
-0.597422 0.267954
-0.580567 0.270654
-0.563712 0.273322
-0.546857 0.275957
-0.530003 0.278555
-0.513148 0.281115
-0.496293 0.283635
-0.479438 0.28611
-0.462583 0.28854
-0.445728 0.290921
-0.428874 0.29325
-0.412019 0.295527
-0.395164 0.297747
-0.378309 0.299908
-0.361454 0.302008
-0.344599 0.304045
-0.327745 0.306016
-0.31089 0.307919
-0.294035 0.309752
-0.27718 0.311511
-0.260325 0.313196
-0.24347 0.314804
-0.226616 0.316333
-0.209761 0.317781
-0.192906 0.319147
-0.176051 0.320428
-0.159196 0.321623
-0.142341 0.322731
-0.125487 0.323749
-0.108632 0.324678
-0.0917769 0.325515
-0.074922 0.32626
-0.0580672 0.326911
-0.0412124 0.327468
-0.0243575 0.327931
-0.00750269 0.328298
0.00935214 0.328569
0.026207 0.328745
0.0430618 0.328825
0.0599166 0.328808
0.0767715 0.328696
0.0936263 0.328489
0.110481 0.328186
0.127336 0.32779
0.144191 0.327299
0.161046 0.326716
0.1779 0.326041
0.194755 0.325275
0.21161 0.324419
0.228465 0.323476
0.24532 0.322445
0.262175 0.32133
0.279029 0.320131
0.295884 0.31885
0.312739 0.317489
0.329594 0.31605
0.346449 0.314535
0.363304 0.312946
0.380158 0.311286
0.397013 0.309555
0.413868 0.307757
0.430723 0.305893
0.447578 0.303967
0.464433 0.30198
0.481287 0.299934
0.498142 0.297833
0.514997 0.295678
0.531852 0.293473
0.548707 0.291218
0.565562 0.288917
0.582416 0.286573
0.599271 0.284186
0.616126 0.281761
0.632981 0.279299
0.649836 0.276803
0.666691 0.274274
0.683546 0.271716
0.7004 0.26913
0.717255 0.266518
0.73411 0.263884
0.750965 0.261228
0.76782 0.258553
0.784675 0.255862
0.801529 0.253155
0.818384 0.250435
0.835239 0.247704
0.852094 0.244963
0.868949 0.242216
0.885804 0.239462
0.902658 0.236704
0.919513 0.233943
0.936368 0.231182
0.953223 0.228421
0.970078 0.225662
0.986933 0.222907
1.00379 0.220156
1.02064 0.217411
1.0375 0.214674
1.05435 0.211945
1.07121 0.209225
1.08806 0.206517
1.10492 0.20382
1.12177 0.201136
1.13863 0.198466
1.15548 0.19581
1.17234 0.193169
1.18919 0.190545
1.20605 0.187938
1.2229 0.185349
1.23976 0.182777
1.25661 0.180225
1.27346 0.177693
1.29032 0.175181
1.30717 0.172689
1.32403 0.170218
1.34088 0.167769
1.35774 0.165343
1.37459 0.162938
1.39145 0.160556
1.4083 0.158197
1.42516 0.155862
1.44201 0.15355
1.45887 0.151262
1.47572 0.148998
1.49258 0.146759
1.50943 0.144543
1.52629 0.142353
1.54314 0.140186
1.56 0.138045
1.57685 0.135928
1.59371 0.133837
1.61056 0.13177
1.62742 0.129728
1.64427 0.127711
1.66113 0.125718
1.67798 0.123751
1.69484 0.121809
1.71169 0.119891
1.72855 0.117998
1.7454 0.116129
1.76225 0.114285
1.77911 0.112465
1.79596 0.11067
1.81282 0.108899
1.82967 0.107152
1.84653 0.105429
1.86338 0.103729
1.88024 0.102053
1.89709 0.100401
1.91395 0.0987712
1.9308 0.0971649
1.94766 0.0955815
1.96451 0.0940208
1.98137 0.0924826
1.99822 0.0909666
2.01508 0.0894728
2.03193 0.0880008
2.04879 0.0865505
2.06564 0.0851216
2.0825 0.083714
2.09935 0.0823274
2.11621 0.0809617
2.13306 0.0796165
2.14992 0.0782916
2.16677 0.0769869
2.18363 0.0757021
2.20048 0.074437
2.21734 0.0731914
2.23419 0.0719649
2.25105 0.0707575
2.2679 0.0695688
2.28475 0.0683986
2.30161 0.0672468
2.31846 0.066113
2.33532 0.0649971
2.35217 0.0638988
2.36903 0.0628179
2.38588 0.0617541
2.40274 0.0607073
2.41959 0.0596772
2.43645 0.0586635
2.4533 0.0576662
2.47016 0.0566849
2.48701 0.0557194
2.50387 0.0547695
2.52072 0.053835
2.53758 0.0529156
2.55443 0.0520113
2.57129 0.0511216
2.58814 0.0502465
2.605 0.0493857
2.62185 0.0485391
2.63871 0.0477063
2.65556 0.0468873
2.67242 0.0460817
2.68927 0.0452895
2.70613 0.0445103
2.72298 0.0437441
2.73984 0.0429906
2.75669 0.0422496
2.77354 0.041521
2.7904 0.0408045
2.80725 0.0400999
2.82411 0.0394072
2.84096 0.038726
2.85782 0.0380563
2.87467 0.0373978
2.89153 0.0367504
2.90838 0.0361139
2.92524 0.0354881
2.94209 0.0348728
2.95895 0.034268
2.9758 0.0336734
2.99266 0.0330888
3.00951 0.0325142
3.02637 0.0319493
3.04322 0.031394
3.06008 0.0308481
3.07693 0.0303115
3.09379 0.029784
3.11064 0.0292656
3.1275 0.028756
3.14435 0.0282551
3.16121 0.0277627
3.17806 0.0272788
3.19492 0.0268031
3.21177 0.0263356
3.22863 0.0258761
3.24548 0.0254245
3.26234 0.0249807
3.27919 0.0245445
3.29604 0.0241157
3.3129 0.0236944
3.32975 0.0232803
3.34661 0.0228733
3.36346 0.0224734
3.38032 0.0220803
3.39717 0.0216941
3.41403 0.0213145
3.43088 0.0209414
3.44774 0.0205749
3.46459 0.0202146
3.48145 0.0198606
3.4983 0.0195127
3.51516 0.0191709
3.53201 0.018835
3.54887 0.0185049
3.56572 0.0181805
3.58258 0.0178618
3.59943 0.0175486
3.61629 0.0172408
3.63314 0.0169384
3.65 0.0166412
3.66685 0.0163492
3.68371 0.0160623
3.70056 0.0157804
3.71742 0.0155034
3.73427 0.0152313
3.75113 0.0149638
3.76798 0.0147011
3.78483 0.0144429
3.80169 0.0141892
3.81854 0.0139399
3.8354 0.013695
3.85225 0.0134544
3.86911 0.013218
3.88596 0.0129857
3.90282 0.0127575
3.91967 0.0125332
3.93653 0.0123129
3.95338 0.0120965
3.97024 0.0118838
3.98709 0.0116748
4.00395 0.0114695
4.0208 0.0112678
4.03766 0.0110697
4.05451 0.010875
4.07137 0.0106837
4.08822 0.0104958
4.10508 0.0103111
4.12193 0.0101297
4.13879 0.00995149
4.15564 0.0097764
4.1725 0.00960437
4.18935 0.00943537
4.20621 0.00926933
4.22306 0.00910621
4.23992 0.00894595
4.25677 0.0087885
4.27363 0.00863382
4.29048 0.00848186
4.30733 0.00833256
4.32419 0.00818589
4.34104 0.00804179
4.3579 0.00790023
4.37475 0.00776116
4.39161 0.00762453
4.40846 0.0074903
4.42532 0.00735843
4.44217 0.00722888
4.45903 0.00710161
4.47588 0.00697658
4.49274 0.00685375
4.50959 0.00673308
4.52645 0.00661453
4.5433 0.00649807
4.56016 0.00638366
4.57701 0.00627126
4.59387 0.00616083
4.61072 0.00605236
4.62758 0.00594579
4.64443 0.0058411
4.66129 0.00573825
4.67814 0.00563721
4.695 0.00553795
4.71185 0.00544044
4.72871 0.00534465
4.74556 0.00525054
4.76242 0.0051581
4.77927 0.00506728
4.79613 0.00497806
4.81298 0.00489041
4.82983 0.0048043
4.84669 0.00471971
4.86354 0.00463662
4.8804 0.00455498
4.89725 0.00447479
4.91411 0.00439601
4.93096 0.00431862
4.94782 0.00424259
4.96467 0.0041679
4.98153 0.00409452
4.99838 0.00402244
5.01524 0.00395163
5.03209 0.00388207
5.04895 0.00381373
5.0658 0.0037466
5.08266 0.00368066
5.09951 0.00361587
5.11637 0.00355223
5.13322 0.0034897
5.15008 0.00342828
5.16693 0.00336795
5.18379 0.00330867
5.20064 0.00325044
5.2175 0.00319324
5.23435 0.00313705
5.25121 0.00308184
5.26806 0.00302761
5.28492 0.00297434
5.30177 0.00292201
5.31862 0.00287059
5.33548 0.00282009
5.35233 0.00277047
5.36919 0.00272173
5.38604 0.00267385
5.4029 0.00262681
5.41975 0.0025806
5.43661 0.00253521
5.45346 0.00249061
5.47032 0.0024468
5.48717 0.00240377
5.50403 0.00236149
5.52088 0.00231996
5.53774 0.00227916
5.55459 0.00223908
5.57145 0.0021997
5.5883 0.00216102
5.60516 0.00212302
5.62201 0.00208569
5.63887 0.00204902
5.65572 0.002013
5.67258 0.00197761
5.68943 0.00194284
5.70629 0.00190869
5.72314 0.00187514
5.74 0.00184218
5.75685 0.0018098
5.77371 0.00177799
5.79056 0.00174674
5.80742 0.00171604
5.82427 0.00168588
5.84112 0.00165626
5.85798 0.00162715
5.87483 0.00159856
5.89169 0.00157047
5.90854 0.00154288
5.9254 0.00151578
5.94225 0.00148915
5.95911 0.00146299
5.97596 0.00143729
5.99282 0.00141204
6.00967 0.00138724
6.02653 0.00136287
6.04338 0.00133894
6.06024 0.00131542
6.07709 0.00129232
6.09395 0.00126963
6.1108 0.00124733
6.12766 0.00122543
6.14451 0.00120392
6.16137 0.00118278
6.17822 0.00116202
6.19508 0.00114162
6.21193 0.00112158
6.22879 0.00110189
6.24564 0.00108255
6.2625 0.00106355
6.27935 0.00104488
6.29621 0.00102655
6.31306 0.00100853
6.32991 0.000990833
6.34677 0.000973447
6.36362 0.000956367
6.38048 0.000939588
6.39733 0.000923103
6.41419 0.000906909
6.43104 0.000891
6.4479 0.000875371
6.46475 0.000860016
6.48161 0.000844932
6.49846 0.000830113
6.51532 0.000815555
6.53217 0.000801252
6.54903 0.000787202
6.56588 0.000773398
6.58274 0.000759837
6.59959 0.000746515
6.61645 0.000733427
6.6333 0.000720569
6.65016 0.000707938
6.66701 0.000695528
6.68387 0.000683337
6.70072 0.000671359
6.71758 0.000659593
6.73443 0.000648033
6.75129 0.000636677
6.76814 0.00062552
6.785 0.000614559
6.80185 0.000603791
6.81871 0.000593212
6.83556 0.000582819
6.85241 0.000572609
6.86927 0.000562578
6.88612 0.000552723
6.90298 0.000543041
6.91983 0.00053353
6.93669 0.000524186
6.95354 0.000515005
6.9704 0.000505986
6.98725 0.000497126
7.00411 0.000488421
7.02096 0.000479869
7.03782 0.000471467
7.05467 0.000463213
7.07153 0.000455104
7.08838 0.000447137
7.10524 0.00043931
7.12209 0.00043162
7.13895 0.000424066
7.1558 0.000416644
7.17266 0.000409352
7.18951 0.000402189
7.20637 0.000395151
7.22322 0.000388236
7.24008 0.000381443
7.25693 0.00037477
7.27379 0.000368213
7.29064 0.000361771
7.3075 0.000355443
7.32435 0.000349225
7.3412 0.000343117
7.35806 0.000337115
7.37491 0.000331219
7.39177 0.000325427
7.40862 0.000319736
7.42548 0.000314145
7.44233 0.000308652
7.45919 0.000303255
7.47604 0.000297953
7.4929 0.000292744
7.50975 0.000287626
7.52661 0.000282598
7.54346 0.000277658
7.56032 0.000272805
7.57717 0.000268037
7.59403 0.000263352
7.61088 0.00025875
7.62774 0.000254228
7.64459 0.000249786
7.66145 0.000245421
7.6783 0.000241133
7.69516 0.00023692
7.71201 0.000232781
7.72887 0.000228714
7.74572 0.000224719
7.76258 0.000220793
7.77943 0.000216937
7.79629 0.000213148
7.81314 0.000209425
7.83 0.000205768
7.84685 0.000202174
7.8637 0.000198644
7.88056 0.000195175
7.89741 0.000191767
7.91427 0.000188419
7.93112 0.00018513
7.94798 0.000181898
7.96483 0.000178722
7.98169 0.000175602
7.99854 0.000172537
8.0154 0.000169526
8.03225 0.000166567
8.04911 0.00016366
8.06596 0.000160804
