-3.92907 0.000128805
-3.92089 0.000131328
-3.91271 0.0001339
-3.90453 0.000136523
-3.89635 0.000139198
-3.88817 0.000141926
-3.87999 0.000144707
-3.8718 0.000147543
-3.86362 0.000150434
-3.85544 0.000153383
-3.84726 0.00015639
-3.83908 0.000159456
-3.8309 0.000162582
-3.82272 0.00016577
-3.81454 0.000169021
-3.80636 0.000172336
-3.79818 0.000175716
-3.79 0.000179163
-3.78182 0.000182678
-3.77364 0.000186262
-3.76546 0.000189916
-3.75728 0.000193643
-3.7491 0.000197443
-3.74092 0.000201318
-3.73274 0.00020527
-3.72456 0.000209299
-3.71638 0.000213408
-3.70819 0.000217598
-3.70001 0.000221871
-3.69183 0.000226228
-3.68365 0.000230671
-3.67547 0.000235201
-3.66729 0.000239821
-3.65911 0.000244532
-3.65093 0.000249336
-3.64275 0.000254235
-3.63457 0.000259231
-3.62639 0.000264326
-3.61821 0.000269521
-3.61003 0.000274818
-3.60185 0.00028022
-3.59367 0.000285729
-3.58549 0.000291347
-3.57731 0.000297076
-3.56913 0.000302918
-3.56095 0.000308875
-3.55277 0.00031495
-3.54458 0.000321145
-3.5364 0.000327463
-3.52822 0.000333905
-3.52004 0.000340475
-3.51186 0.000347175
-3.50368 0.000354007
-3.4955 0.000360975
-3.48732 0.00036808
-3.47914 0.000375326
-3.47096 0.000382715
-3.46278 0.00039025
-3.4546 0.000397934
-3.44642 0.000405771
-3.43824 0.000413762
-3.43006 0.000421912
-3.42188 0.000430223
-3.4137 0.000438698
-3.40552 0.000447341
-3.39734 0.000456156
-3.38915 0.000465145
-3.38097 0.000474312
-3.37279 0.00048366
-3.36461 0.000493194
-3.35643 0.000502916
-3.34825 0.000512831
-3.34007 0.000522943
-3.33189 0.000533255
-3.32371 0.000543771
-3.31553 0.000554495
-3.30735 0.000565433
-3.29917 0.000576587
-3.29099 0.000587962
-3.28281 0.000599562
-3.27463 0.000611393
-3.26645 0.000623458
-3.25827 0.000635763
-3.25009 0.000648311
-3.24191 0.000661109
-3.23373 0.00067416
-3.22554 0.00068747
-3.21736 0.000701045
-3.20918 0.000714888
-3.201 0.000729007
-3.19282 0.000743405
-3.18464 0.00075809
-3.17646 0.000773066
-3.16828 0.000788339
-3.1601 0.000803915
-3.15192 0.000819801
-3.14374 0.000836002
-3.13556 0.000852525
-3.12738 0.000869376
-3.1192 0.000886562
-3.11102 0.000904089
-3.10284 0.000921964
-3.09466 0.000940194
-3.08648 0.000958787
-3.0783 0.000977749
-3.07012 0.000997088
-3.06193 0.00101681
-3.05375 0.00103693
-3.04557 0.00105744
-3.03739 0.00107837
-3.02921 0.0010997
-3.02103 0.00112147
-3.01285 0.00114366
-3.00467 0.0011663
-2.99649 0.00118939
-2.98831 0.00121294
-2.98013 0.00123695
-2.97195 0.00126144
-2.96377 0.00128642
-2.95559 0.0013119
-2.94741 0.00133789
-2.93923 0.00136439
-2.93105 0.00139142
-2.92287 0.00141898
-2.91469 0.0014471
-2.90651 0.00147577
-2.89832 0.00150502
-2.89014 0.00153485
-2.88196 0.00156527
-2.87378 0.0015963
-2.8656 0.00162794
-2.85742 0.00166022
-2.84924 0.00169314
-2.84106 0.00172671
-2.83288 0.00176096
-2.8247 0.00179588
-2.81652 0.0018315
-2.80834 0.00186784
-2.80016 0.00190489
-2.79198 0.00194268
-2.7838 0.00198123
-2.77562 0.00202055
-2.76744 0.00206064
-2.75926 0.00210154
-2.75108 0.00214325
-2.7429 0.0021858
-2.73471 0.00222919
-2.72653 0.00227345
-2.71835 0.00231859
-2.71017 0.00236463
-2.70199 0.00241158
-2.69381 0.00245948
-2.68563 0.00250833
-2.67745 0.00255815
-2.66927 0.00260897
-2.66109 0.0026608
-2.65291 0.00271366
-2.64473 0.00276758
-2.63655 0.00282258
-2.62837 0.00287867
-2.62019 0.00293588
-2.61201 0.00299423
-2.60383 0.00305375
-2.59565 0.00311445
-2.58747 0.00317637
-2.57929 0.00323952
-2.5711 0.00330393
-2.56292 0.00336962
-2.55474 0.00343663
-2.54656 0.00350497
-2.53838 0.00357468
-2.5302 0.00364578
-2.52202 0.0037183
-2.51384 0.00379226
-2.50566 0.00386771
-2.49748 0.00394465
-2.4893 0.00402314
-2.48112 0.00410319
-2.47294 0.00418483
-2.46476 0.00426811
-2.45658 0.00435305
-2.4484 0.00443969
-2.44022 0.00452805
-2.43204 0.00461818
-2.42386 0.00471011
-2.41568 0.00480387
-2.40749 0.0048995
-2.39931 0.00499704
-2.39113 0.00509653
-2.38295 0.00519801
-2.37477 0.00530151
-2.36659 0.00540708
-2.35841 0.00551475
-2.35023 0.00562457
-2.34205 0.00573659
-2.33387 0.00585084
-2.32569 0.00596737
-2.31751 0.00608622
-2.30933 0.00620745
-2.30115 0.0063311
-2.29297 0.00645721
-2.28479 0.00658584
-2.27661 0.00671704
-2.26843 0.00685086
-2.26025 0.00698734
-2.25207 0.00712655
-2.24388 0.00726853
-2.2357 0.00741335
-2.22752 0.00756105
-2.21934 0.0077117
-2.21116 0.00786536
-2.20298 0.00802207
-2.1948 0.00818192
-2.18662 0.00834495
-2.17844 0.00851123
-2.17026 0.00868082
-2.16208 0.0088538
-2.1539 0.00903022
-2.14572 0.00921016
-2.13754 0.00939368
-2.12936 0.00958086
-2.12118 0.00977177
-2.113 0.00996648
-2.10482 0.0101651
-2.09664 0.0103676
-2.08846 0.0105742
-2.08027 0.0107849
-2.07209 0.0109997
-2.06391 0.0112189
-2.05573 0.0114424
-2.04755 0.0116704
-2.03937 0.0119029
-2.03119 0.01214
-2.02301 0.0123818
-2.01483 0.0126285
-2.00665 0.01288
-1.99847 0.0131366
-1.99029 0.0133982
-1.98211 0.013665
-1.97393 0.0139372
-1.96575 0.0142147
-1.95757 0.0144977
-1.94939 0.0147864
-1.94121 0.0150808
-1.93303 0.015381
-1.92485 0.0156872
-1.91666 0.0159994
-1.90848 0.0163179
-1.9003 0.0166426
-1.89212 0.0169738
-1.88394 0.0173115
-1.87576 0.0176559
-1.86758 0.0180071
-1.8594 0.0183653
-1.85122 0.0187305
-1.84304 0.019103
-1.83486 0.0194828
-1.82668 0.0198702
-1.8185 0.0202651
-1.81032 0.0206679
-1.80214 0.0210786
-1.79396 0.0214974
-1.78578 0.0219245
-1.7776 0.02236
-1.76942 0.022804
-1.76124 0.0232568
-1.75305 0.0237185
-1.74487 0.0241892
-1.73669 0.0246693
-1.72851 0.0251587
-1.72033 0.0256578
-1.71215 0.0261666
-1.70397 0.0266854
-1.69579 0.0272144
-1.68761 0.0277537
-1.67943 0.0283036
-1.67125 0.0288643
-1.66307 0.0294359
-1.65489 0.0300187
-1.64671 0.0306128
-1.63853 0.0312186
-1.63035 0.0318361
-1.62217 0.0324657
-1.61399 0.0331076
-1.60581 0.0337619
-1.59763 0.0344289
-1.58944 0.0351089
-1.58126 0.0358021
-1.57308 0.0365087
-1.5649 0.037229
-1.55672 0.0379632
-1.54854 0.0387117
-1.54036 0.0394746
-1.53218 0.0402522
-1.524 0.0410448
-1.51582 0.0418527
-1.50764 0.0426761
-1.49946 0.0435153
-1.49128 0.0443707
-1.4831 0.0452424
-1.47492 0.0461309
-1.46674 0.0470363
-1.45856 0.0479591
-1.45038 0.0488994
-1.4422 0.0498577
-1.43402 0.0508343
-1.42583 0.0518294
-1.41765 0.0528434
-1.40947 0.0538766
-1.40129 0.0549293
-1.39311 0.056002
-1.38493 0.057095
-1.37675 0.0582085
-1.36857 0.059343
-1.36039 0.0604988
-1.35221 0.0616763
-1.34403 0.0628758
-1.33585 0.0640977
-1.32767 0.0653425
-1.31949 0.0666104
-1.31131 0.0679019
-1.30313 0.0692174
-1.29495 0.0705573
-1.28677 0.0719219
-1.27859 0.0733116
-1.27041 0.074727
-1.26222 0.0761683
-1.25404 0.0776361
-1.24586 0.0791307
-1.23768 0.0806525
-1.2295 0.0822021
-1.22132 0.0837797
-1.21314 0.085386
-1.20496 0.0870212
-1.19678 0.0886859
-1.1886 0.0903804
-1.18042 0.0921054
-1.17224 0.0938611
-1.16406 0.0956481
-1.15588 0.0974668
-1.1477 0.0993177
-1.13952 0.101201
-1.13134 0.103118
-1.12316 0.105068
-1.11498 0.107053
-1.1068 0.109071
-1.09861 0.111125
-1.09043 0.113214
-1.08225 0.11534
-1.07407 0.117501
-1.06589 0.1197
-1.05771 0.121936
-1.04953 0.12421
-1.04135 0.126522
-1.03317 0.128872
-1.02499 0.131263
-1.01681 0.133692
-1.00863 0.136162
-1.00045 0.138673
-0.992268 0.141224
-0.984088 0.143818
-0.975907 0.146453
-0.967727 0.14913
-0.959546 0.15185
-0.951366 0.154614
-0.943185 0.157421
-0.935005 0.160272
-0.926824 0.163168
-0.918644 0.166108
-0.910463 0.169094
-0.902283 0.172125
-0.894102 0.175202
-0.885922 0.178326
-0.877741 0.181496
-0.869561 0.184713
-0.86138 0.187977
-0.8532 0.191288
-0.845019 0.194647
-0.836839 0.198054
-0.828658 0.201509
-0.820478 0.205012
-0.812297 0.208564
-0.804117 0.212165
-0.795936 0.215814
-0.787756 0.219512
-0.779575 0.223259
-0.771395 0.227054
-0.763214 0.230899
-0.755034 0.234793
-0.746853 0.238735
-0.738673 0.242726
-0.730492 0.246765
-0.722312 0.250853
-0.714131 0.254989
-0.705951 0.259173
-0.69777 0.263405
-0.68959 0.267684
-0.681409 0.272009
-0.673229 0.276381
-0.665048 0.2808
-0.656868 0.285263
-0.648687 0.289771
-0.640507 0.294324
-0.632326 0.298919
-0.624146 0.303558
-0.615965 0.308238
-0.607785 0.31296
-0.599604 0.317721
-0.591424 0.322522
-0.583243 0.32736
-0.575063 0.332236
-0.566882 0.337147
-0.558702 0.342092
-0.550521 0.347071
-0.542341 0.352081
-0.53416 0.357121
-0.52598 0.36219
-0.517799 0.367286
-0.509619 0.372407
-0.501438 0.377552
-0.493258 0.382718
-0.485077 0.387904
-0.476897 0.393108
-0.468716 0.398327
-0.460536 0.40356
-0.452355 0.408804
-0.444175 0.414056
-0.435994 0.419315
-0.427814 0.424578
-0.419633 0.429843
-0.411453 0.435106
-0.403272 0.440365
-0.395092 0.445617
-0.386911 0.45086
-0.378731 0.456091
-0.37055 0.461306
-0.36237 0.466502
-0.354189 0.471677
-0.346009 0.476827
-0.337828 0.481949
-0.329648 0.48704
-0.321467 0.492096
-0.313287 0.497114
-0.305106 0.502091
-0.296926 0.507023
-0.288745 0.511906
-0.280565 0.516737
-0.272384 0.521513
-0.264204 0.52623
-0.256023 0.530884
-0.247843 0.535472
-0.239662 0.539991
-0.231482 0.544436
-0.223301 0.548804
-0.215121 0.553091
-0.20694 0.557294
-0.19876 0.56141
-0.190579 0.565434
-0.182399 0.569364
-0.174218 0.573197
-0.166038 0.576927
-0.157857 0.580554
-0.149677 0.584072
-0.141496 0.58748
-0.133316 0.590773
-0.125135 0.59395
-0.116955 0.597007
-0.108774 0.599941
-0.100594 0.60275
-0.0924132 0.605431
-0.0842327 0.607981
-0.0760522 0.6104
-0.0678717 0.612683
-0.0596912 0.614829
-0.0515107 0.616837
-0.0433302 0.618704
-0.0351497 0.620428
-0.0269692 0.622009
-0.0187887 0.623445
-0.0106082 0.624735
-0.00242766 0.625878
0.00575284 0.626872
0.0139333 0.627717
0.0221138 0.628413
0.0302943 0.62896
0.0384748 0.629356
0.0466553 0.629603
0.0548358 0.629699
0.0630163 0.629646
0.0711968 0.629444
0.0793773 0.629093
0.0875578 0.628595
0.0957383 0.627949
0.103919 0.627158
0.112099 0.626223
0.12028 0.625144
0.12846 0.623923
0.136641 0.622562
0.144821 0.621063
0.153002 0.619428
0.161182 0.617658
0.169363 0.615756
0.177543 0.613724
0.185724 0.611565
0.193904 0.60928
0.202085 0.606873
0.210265 0.604346
0.218446 0.601702
0.226626 0.598944
0.234807 0.596074
0.242987 0.593096
0.251168 0.590012
0.259348 0.586826
0.267529 0.583541
0.275709 0.580159
0.28389 0.576685
0.29207 0.57312
0.300251 0.56947
0.308431 0.565736
0.316612 0.561922
0.324792 0.558031
0.332973 0.554067
0.341153 0.550033
0.349334 0.545932
0.357514 0.541768
0.365695 0.537543
0.373875 0.533261
0.382056 0.528925
0.390236 0.524538
0.398417 0.520103
0.406597 0.515624
0.414778 0.511103
0.422958 0.506544
0.431139 0.50195
0.439319 0.497322
0.4475 0.492665
0.45568 0.487981
0.463861 0.483273
0.472041 0.478543
0.480222 0.473794
0.488402 0.469029
0.496583 0.46425
0.504763 0.45946
0.512944 0.454661
0.521124 0.449856
0.529305 0.445046
0.537485 0.440234
0.545666 0.435422
0.553846 0.430613
0.562027 0.425807
0.570207 0.421007
0.578388 0.416216
0.586568 0.411434
0.594749 0.406664
0.602929 0.401907
0.61111 0.397165
0.61929 0.392439
0.627471 0.387732
0.635651 0.383043
0.643832 0.378376
0.652012 0.37373
0.660193 0.369108
0.668373 0.36451
0.676554 0.359938
0.684734 0.355393
0.692915 0.350876
0.701095 0.346387
0.709276 0.341928
0.717456 0.3375
0.725637 0.333104
0.733817 0.328739
0.741998 0.324408
0.750178 0.32011
0.758359 0.315847
0.766539 0.311618
0.77472 0.307426
0.7829 0.303269
0.791081 0.299149
0.799261 0.295065
0.807442 0.291019
0.815622 0.287011
0.823803 0.283041
0.831983 0.27911
0.840164 0.275217
0.848344 0.271363
0.856525 0.267548
0.864705 0.263772
0.872886 0.260036
0.881066 0.256339
0.889247 0.252683
0.897427 0.249066
0.905608 0.245488
0.913788 0.241951
0.921969 0.238453
0.930149 0.234995
0.93833 0.231577
0.94651 0.228199
0.954691 0.224861
0.962871 0.221562
0.971052 0.218302
0.979232 0.215082
0.987413 0.211901
0.995593 0.208759
1.00377 0.205656
1.01195 0.202592
1.02013 0.199566
1.02832 0.196578
1.0365 0.193629
1.04468 0.190717
1.05286 0.187843
1.06104 0.185007
1.06922 0.182207
1.0774 0.179444
1.08558 0.176718
1.09376 0.174029
1.10194 0.171375
1.11012 0.168757
1.1183 0.166174
1.12648 0.163627
1.13466 0.161114
1.14284 0.158636
1.15102 0.156193
1.1592 0.153783
1.16738 0.151406
1.17556 0.149063
1.18374 0.146753
1.19193 0.144475
1.20011 0.14223
1.20829 0.140016
1.21647 0.137834
1.22465 0.135684
1.23283 0.133564
1.24101 0.131474
1.24919 0.129415
1.25737 0.127386
1.26555 0.125387
1.27373 0.123416
1.28191 0.121475
1.29009 0.119562
1.29827 0.117677
1.30645 0.11582
1.31463 0.11399
1.32281 0.112188
1.33099 0.110413
1.33917 0.108664
1.34735 0.106941
1.35554 0.105244
1.36372 0.103572
1.3719 0.101926
1.38008 0.100305
1.38826 0.0987078
1.39644 0.0971351
1.40462 0.0955864
1.4128 0.0940612
1.42098 0.0925593
1.42916 0.0910804
1.43734 0.0896241
1.44552 0.0881901
1.4537 0.0867782
1.46188 0.085388
1.47006 0.0840192
1.47824 0.0826716
1.48642 0.0813448
1.4946 0.0800386
1.50278 0.0787527
1.51096 0.0774867
1.51915 0.0762405
1.52733 0.0750136
1.53551 0.0738059
1.54369 0.0726171
1.55187 0.0714469
1.56005 0.070295
1.56823 0.0691611
1.57641 0.0680451
1.58459 0.0669466
1.59277 0.0658654
1.60095 0.0648013
1.60913 0.0637539
1.61731 0.0627231
1.62549 0.0617086
1.63367 0.0607101
1.64185 0.0597274
1.65003 0.0587603
1.65821 0.0578086
1.66639 0.056872
1.67458 0.0559503
1.68276 0.0550432
1.69094 0.0541506
1.69912 0.0532722
1.7073 0.0524078
1.71548 0.0515573
1.72366 0.0507203
1.73184 0.0498967
1.74002 0.0490862
1.7482 0.0482888
1.75638 0.0475041
1.76456 0.046732
1.77274 0.0459723
1.78092 0.0452248
1.7891 0.0444893
1.79728 0.0437657
1.80546 0.0430536
1.81364 0.042353
1.82182 0.0416638
1.83 0.0409856
1.83819 0.0403183
1.84637 0.0396618
1.85455 0.0390159
1.86273 0.0383804
1.87091 0.0377552
1.87909 0.0371401
1.88727 0.036535
1.89545 0.0359396
1.90363 0.0353539
1.91181 0.0347776
1.91999 0.0342107
1.92817 0.0336529
1.93635 0.0331042
1.94453 0.0325644
1.95271 0.0320334
1.96089 0.031511
1.96907 0.030997
1.97725 0.0304914
1.98543 0.029994
1.99361 0.0295047
2.0018 0.0290233
2.00998 0.0285498
2.01816 0.028084
2.02634 0.0276257
2.03452 0.0271749
2.0427 0.0267315
2.05088 0.0262952
2.05906 0.0258661
2.06724 0.0254439
2.07542 0.0250286
2.0836 0.0246201
2.09178 0.0242183
2.09996 0.023823
2.10814 0.0234341
2.11632 0.0230516
2.1245 0.0226754
2.13268 0.0223052
2.14086 0.0219411
2.14904 0.021583
2.15722 0.0212307
2.16541 0.0208841
2.17359 0.0205432
2.18177 0.0202079
2.18995 0.019878
2.19813 0.0195536
2.20631 0.0192344
2.21449 0.0189205
2.22267 0.0186116
2.23085 0.0183079
2.23903 0.0180091
2.24721 0.0177151
2.25539 0.017426
2.26357 0.0171416
2.27175 0.0168619
2.27993 0.0165867
2.28811 0.0163161
2.29629 0.0160498
2.30447 0.0157879
2.31265 0.0155303
2.32083 0.015277
2.32902 0.0150277
2.3372 0.0147825
2.34538 0.0145414
2.35356 0.0143042
2.36174 0.0140709
2.36992 0.0138414
2.3781 0.0136156
2.38628 0.0133936
2.39446 0.0131751
2.40264 0.0129603
2.41082 0.0127489
2.419 0.0125411
2.42718 0.0123366
2.43536 0.0121355
2.44354 0.0119377
2.45172 0.0117431
2.4599 0.0115516
2.46808 0.0113634
2.47626 0.0111782
2.48444 0.010996
2.49263 0.0108168
2.50081 0.0106406
2.50899 0.0104672
2.51717 0.0102967
2.52535 0.010129
2.53353 0.00996398
2.54171 0.00980169
2.54989 0.00964205
2.55807 0.00948503
2.56625 0.00933058
2.57443 0.00917866
2.58261 0.00902922
2.59079 0.00888223
2.59897 0.00873764
2.60715 0.00859542
2.61533 0.00845553
2.62351 0.00831793
2.63169 0.00818257
2.63987 0.00804943
2.64805 0.00791847
2.65624 0.00778966
2.66442 0.00766295
2.6726 0.00753831
2.68078 0.00741571
2.68896 0.00729511
2.69714 0.00717649
2.70532 0.00705981
2.7135 0.00694504
2.72168 0.00683214
2.72986 0.00672109
2.73804 0.00661185
2.74622 0.0065044
2.7544 0.00639871
2.76258 0.00629474
2.77076 0.00619248
2.77894 0.00609188
2.78712 0.00599293
2.7953 0.0058956
2.80348 0.00579986
2.81166 0.00570568
2.81985 0.00561304
2.82803 0.00552191
2.83621 0.00543227
2.84439 0.0053441
2.85257 0.00525737
2.86075 0.00517205
2.86893 0.00508813
2.87711 0.00500557
2.88529 0.00492437
2.89347 0.00484449
2.90165 0.00476592
2.90983 0.00468862
2.91801 0.00461259
2.92619 0.0045378
2.93437 0.00446423
2.94255 0.00439186
2.95073 0.00432068
2.95891 0.00425065
2.96709 0.00418176
2.97527 0.004114
2.98346 0.00404735
2.99164 0.00398178
2.99982 0.00391728
3.008 0.00385383
3.01618 0.00379142
3.02436 0.00373003
3.03254 0.00366963
3.04072 0.00361022
3.0489 0.00355178
3.05708 0.00349429
3.06526 0.00343774
3.07344 0.00338211
3.08162 0.00332738
3.0898 0.00327355
3.09798 0.00322059
3.10616 0.0031685
3.11434 0.00311725
3.12252 0.00306684
3.1307 0.00301725
3.13888 0.00296847
3.14707 0.00292048
3.15525 0.00287327
3.16343 0.00282683
3.17161 0.00278115
3.17979 0.0027362
3.18797 0.002692
3.19615 0.00264851
3.20433 0.00260572
3.21251 0.00256363
3.22069 0.00252223
3.22887 0.0024815
3.23705 0.00244144
3.24523 0.00240202
3.25341 0.00236324
3.26159 0.0023251
3.26977 0.00228757
3.27795 0.00225066
3.28613 0.00221434
3.29431 0.00217862
3.30249 0.00214347
3.31068 0.0021089
3.31886 0.00207489
3.32704 0.00204143
3.33522 0.00200851
3.3434 0.00197613
3.35158 0.00194427
3.35976 0.00191293
3.36794 0.0018821
3.37612 0.00185177
3.3843 0.00182193
3.39248 0.00179257
3.40066 0.0017637
3.40884 0.00173529
3.41702 0.00170734
3.4252 0.00167984
3.43338 0.00165279
3.44156 0.00162618
3.44974 0.0016
3.45792 0.00157424
3.4661 0.00154891
3.47429 0.00152398
3.48247 0.00149945
3.49065 0.00147533
3.49883 0.00145159
3.50701 0.00142824
3.51519 0.00140527
3.52337 0.00138267
3.53155 0.00136043
3.53973 0.00133856
3.54791 0.00131704
3.55609 0.00129586
3.56427 0.00127503
3.57245 0.00125454
3.58063 0.00123438
3.58881 0.00121455
3.59699 0.00119503
3.60517 0.00117583
3.61335 0.00115695
3.62153 0.00113836
3.62971 0.00112008
3.6379 0.0011021
3.64608 0.0010844
3.65426 0.00106699
3.66244 0.00104986
3.67062 0.00103301
3.6788 0.00101643
3.68698 0.00100012
3.69516 0.000984073
3.70334 0.000968285
3.71152 0.000952751
3.7197 0.000937469
3.72788 0.000922433
3.73606 0.00090764
3.74424 0.000893086
3.75242 0.000878767
3.7606 0.000864679
3.76878 0.000850818
3.77696 0.000837181
3.78514 0.000823764
3.79332 0.000810563
3.80151 0.000797576
3.80969 0.000784797
3.81787 0.000772225
3.82605 0.000759856
3.83423 0.000747686
3.84241 0.000735712
3.85059 0.000723932
3.85877 0.000712341
3.86695 0.000700937
3.87513 0.000689716
3.88331 0.000678677
3.89149 0.000667815
3.89967 0.000657129
3.90785 0.000646614
3.91603 0.000636269
3.92421 0.00062609
3.93239 0.000616075
3.94057 0.000606222
3.94875 0.000596527
3.95693 0.000586988
3.96512 0.000577603
3.9733 0.000568369
3.98148 0.000559283
3.98966 0.000550343
3.99784 0.000541548
4.00602 0.000532893
4.0142 0.000524378
4.02238 0.000516
4.03056 0.000507757
4.03874 0.000499646
4.04692 0.000491665
4.0551 0.000483813
4.06328 0.000476087
4.07146 0.000468485
4.07964 0.000461005
4.08782 0.000453646
4.096 0.000446405
4.10418 0.00043928
4.11236 0.000432269
4.12054 0.000425371
4.12873 0.000418584
4.13691 0.000411906
4.14509 0.000405335
4.15327 0.000398869
4.16145 0.000392507
4.16963 0.000386248
4.17781 0.000380089
4.18599 0.000374028
4.19417 0.000368065
4.20235 0.000362197
4.21053 0.000356424
4.21871 0.000350743
4.22689 0.000345154
4.23507 0.000339654
4.24325 0.000334242
