-17.2615 6.70756e-05
-17.2387 6.77971e-05
-17.2158 6.85265e-05
-17.1929 6.92638e-05
-17.1701 7.00092e-05
-17.1472 7.07626e-05
-17.1243 7.15243e-05
-17.1015 7.22942e-05
-17.0786 7.30726e-05
-17.0557 7.38594e-05
-17.0329 7.46548e-05
-17.01 7.54588e-05
-16.9871 7.62716e-05
-16.9643 7.70933e-05
-16.9414 7.79239e-05
-16.9185 7.87636e-05
-16.8957 7.96124e-05
-16.8728 8.04705e-05
-16.85 8.1338e-05
-16.8271 8.22149e-05
-16.8042 8.31013e-05
-16.7814 8.39975e-05
-16.7585 8.49034e-05
-16.7356 8.58192e-05
-16.7128 8.6745e-05
-16.6899 8.76809e-05
-16.667 8.8627e-05
-16.6442 8.95835e-05
-16.6213 9.05504e-05
-16.5984 9.15279e-05
-16.5756 9.2516e-05
-16.5527 9.3515e-05
-16.5298 9.45248e-05
-16.507 9.55457e-05
-16.4841 9.65778e-05
-16.4612 9.76211e-05
-16.4384 9.86759e-05
-16.4155 9.97422e-05
-16.3926 0.00010082
-16.3698 0.00010191
-16.3469 0.000103012
-16.324 0.000104125
-16.3012 0.000105251
-16.2783 0.000106389
-16.2555 0.00010754
-16.2326 0.000108704
-16.2097 0.00010988
-16.1869 0.000111069
-16.164 0.00011227
-16.1411 0.000113486
-16.1183 0.000114714
-16.0954 0.000115956
-16.0725 0.000117212
-16.0497 0.000118481
-16.0268 0.000119764
-16.0039 0.000121061
-15.9811 0.000122373
-15.9582 0.000123699
-15.9353 0.000125039
-15.9125 0.000126395
-15.8896 0.000127765
-15.8667 0.00012915
-15.8439 0.00013055
-15.821 0.000131966
-15.7981 0.000133397
-15.7753 0.000134844
-15.7524 0.000136307
-15.7295 0.000137786
-15.7067 0.000139281
-15.6838 0.000140793
-15.661 0.000142321
-15.6381 0.000143866
-15.6152 0.000145428
-15.5924 0.000147008
-15.5695 0.000148604
-15.5466 0.000150218
-15.5238 0.000151851
-15.5009 0.000153501
-15.478 0.000155169
-15.4552 0.000156855
-15.4323 0.00015856
-15.4094 0.000160284
-15.3866 0.000162027
-15.3637 0.000163789
-15.3408 0.000165571
-15.318 0.000167372
-15.2951 0.000169193
-15.2722 0.000171034
-15.2494 0.000172896
-15.2265 0.000174778
-15.2036 0.00017668
-15.1808 0.000178604
-15.1579 0.000180549
-15.135 0.000182515
-15.1122 0.000184504
-15.0893 0.000186514
-15.0665 0.000188546
-15.0436 0.000190601
-15.0207 0.000192679
-14.9979 0.000194779
-14.975 0.000196903
-14.9521 0.00019905
-14.9293 0.000201221
-14.9064 0.000203416
-14.8835 0.000205635
-14.8607 0.000207879
-14.8378 0.000210148
-14.8149 0.000212441
-14.7921 0.000214761
-14.7692 0.000217105
-14.7463 0.000219476
-14.7235 0.000221873
-14.7006 0.000224297
-14.6777 0.000226748
-14.6549 0.000229225
-14.632 0.000231731
-14.6091 0.000234264
-14.5863 0.000236825
-14.5634 0.000239414
-14.5405 0.000242032
-14.5177 0.00024468
-14.4948 0.000247356
-14.472 0.000250063
-14.4491 0.000252799
-14.4262 0.000255566
-14.4034 0.000258363
-14.3805 0.000261192
-14.3576 0.000264052
-14.3348 0.000266944
-14.3119 0.000269868
-14.289 0.000272825
-14.2662 0.000275814
-14.2433 0.000278837
-14.2204 0.000281893
-14.1976 0.000284984
-14.1747 0.000288109
-14.1518 0.000291268
-14.129 0.000294463
-14.1061 0.000297693
-14.0832 0.00030096
-14.0604 0.000304263
-14.0375 0.000307602
-14.0146 0.000310979
-13.9918 0.000314393
-13.9689 0.000317846
-13.9461 0.000321337
-13.9232 0.000324867
-13.9003 0.000328437
-13.8775 0.000332046
-13.8546 0.000335695
-13.8317 0.000339386
-13.8089 0.000343117
-13.786 0.000346891
-13.7631 0.000350706
-13.7403 0.000354564
-13.7174 0.000358465
-13.6945 0.00036241
-13.6717 0.000366399
-13.6488 0.000370433
-13.6259 0.000374512
-13.6031 0.000378636
-13.5802 0.000382807
-13.5573 0.000387024
-13.5345 0.000391288
-13.5116 0.000395601
-13.4887 0.000399961
-13.4659 0.000404371
-13.443 0.00040883
-13.4201 0.000413339
-13.3973 0.000417898
-13.3744 0.000422509
-13.3516 0.000427171
-13.3287 0.000431886
-13.3058 0.000436653
-13.283 0.000441475
-13.2601 0.00044635
-13.2372 0.00045128
-13.2144 0.000456265
-13.1915 0.000461307
-13.1686 0.000466405
-13.1458 0.000471561
-13.1229 0.000476774
-13.1 0.000482046
-13.0772 0.000487378
-13.0543 0.000492769
-13.0314 0.000498221
-13.0086 0.000503735
-12.9857 0.00050931
-12.9628 0.000514949
-12.94 0.000520651
-12.9171 0.000526417
-12.8942 0.000532248
-12.8714 0.000538145
-12.8485 0.000544109
-12.8256 0.00055014
-12.8028 0.000556239
-12.7799 0.000562406
-12.7571 0.000568644
-12.7342 0.000574951
-12.7113 0.00058133
-12.6885 0.000587782
-12.6656 0.000594306
-12.6427 0.000600903
-12.6199 0.000607576
-12.597 0.000614324
-12.5741 0.000621148
-12.5513 0.000628049
-12.5284 0.000635029
-12.5055 0.000642087
-12.4827 0.000649226
-12.4598 0.000656445
-12.4369 0.000663746
-12.4141 0.00067113
-12.3912 0.000678598
-12.3683 0.00068615
-12.3455 0.000693788
-12.3226 0.000701513
-12.2997 0.000709325
-12.2769 0.000717226
-12.254 0.000725217
-12.2311 0.000733298
-12.2083 0.000741471
-12.1854 0.000749737
-12.1626 0.000758097
-12.1397 0.000766553
-12.1168 0.000775104
-12.094 0.000783752
-12.0711 0.000792499
-12.0482 0.000801346
-12.0254 0.000810293
-12.0025 0.000819342
-11.9796 0.000828495
-11.9568 0.000837751
-11.9339 0.000847113
-11.911 0.000856582
-11.8882 0.000866158
-11.8653 0.000875844
-11.8424 0.000885641
-11.8196 0.000895549
-11.7967 0.000905571
-11.7738 0.000915707
-11.751 0.000925958
-11.7281 0.000936327
-11.7052 0.000946814
-11.6824 0.000957422
-11.6595 0.00096815
-11.6366 0.000979001
-11.6138 0.000989977
-11.5909 0.00100108
-11.5681 0.00101231
-11.5452 0.00102366
-11.5223 0.00103515
-11.4995 0.00104677
-11.4766 0.00105852
-11.4537 0.00107041
-11.4309 0.00108243
-11.408 0.00109459
-11.3851 0.00110689
-11.3623 0.00111933
-11.3394 0.00113192
-11.3165 0.00114465
-11.2937 0.00115752
-11.2708 0.00117054
-11.2479 0.00118372
-11.2251 0.00119704
-11.2022 0.00121052
-11.1793 0.00122415
-11.1565 0.00123794
-11.1336 0.00125189
-11.1107 0.001266
-11.0879 0.00128027
-11.065 0.00129471
-11.0421 0.00130931
-11.0193 0.00132408
-10.9964 0.00133902
-10.9736 0.00135414
-10.9507 0.00136943
-10.9278 0.00138489
-10.905 0.00140054
-10.8821 0.00141636
-10.8592 0.00143237
-10.8364 0.00144856
-10.8135 0.00146494
-10.7906 0.00148151
-10.7678 0.00149827
-10.7449 0.00151523
-10.722 0.00153238
-10.6992 0.00154973
-10.6763 0.00156728
-10.6534 0.00158504
-10.6306 0.001603
-10.6077 0.00162117
-10.5848 0.00163955
-10.562 0.00165814
-10.5391 0.00167695
-10.5162 0.00169598
-10.4934 0.00171523
-10.4705 0.0017347
-10.4477 0.0017544
-10.4248 0.00177433
-10.4019 0.00179449
-10.3791 0.00181488
-10.3562 0.00183552
-10.3333 0.00185639
-10.3105 0.00187751
-10.2876 0.00189887
-10.2647 0.00192048
-10.2419 0.00194234
-10.219 0.00196446
-10.1961 0.00198684
-10.1733 0.00200948
-10.1504 0.00203238
-10.1275 0.00205555
-10.1047 0.00207899
-10.0818 0.00210271
-10.0589 0.0021267
-10.0361 0.00215098
-10.0132 0.00217554
-9.99034 0.00220038
-9.96748 0.00222552
-9.94461 0.00225095
-9.92175 0.00227668
-9.89888 0.00230271
-9.87602 0.00232905
-9.85315 0.0023557
-9.83029 0.00238266
-9.80742 0.00240993
-9.78455 0.00243753
-9.76169 0.00246545
-9.73882 0.0024937
-9.71596 0.00252228
-9.69309 0.0025512
-9.67023 0.00258046
-9.64736 0.00261006
-9.6245 0.00264001
-9.60163 0.00267032
-9.57877 0.00270098
-9.5559 0.00273201
-9.53304 0.0027634
-9.51017 0.00279516
-9.48731 0.0028273
-9.46444 0.00285981
-9.44157 0.00289271
-9.41871 0.002926
-9.39584 0.00295969
-9.37298 0.00299377
-9.35011 0.00302826
-9.32725 0.00306315
-9.30438 0.00309846
-9.28152 0.00313419
-9.25865 0.00317034
-9.23579 0.00320692
-9.21292 0.00324393
-9.19006 0.00328138
-9.16719 0.00331928
-9.14432 0.00335763
-9.12146 0.00339644
-9.09859 0.0034357
-9.07573 0.00347544
-9.05286 0.00351564
-9.03 0.00355633
-9.00713 0.0035975
-8.98427 0.00363916
-8.9614 0.00368132
-8.93854 0.00372398
-8.91567 0.00376715
-8.89281 0.00381084
-8.86994 0.00385504
-8.84708 0.00389978
-8.82421 0.00394505
-8.80134 0.00399086
-8.77848 0.00403722
-8.75561 0.00408414
-8.73275 0.00413162
-8.70988 0.00417967
-8.68702 0.00422829
-8.66415 0.0042775
-8.64129 0.00432729
-8.61842 0.00437769
-8.59556 0.00442869
-8.57269 0.0044803
-8.54983 0.00453254
-8.52696 0.0045854
-8.50409 0.0046389
-8.48123 0.00469304
-8.45836 0.00474783
-8.4355 0.00480329
-8.41263 0.00485941
-8.38977 0.00491621
-8.3669 0.0049737
-8.34404 0.00503188
-8.32117 0.00509076
-8.29831 0.00515036
-8.27544 0.00521067
-8.25258 0.00527172
-8.22971 0.0053335
-8.20685 0.00539603
-8.18398 0.00545932
-8.16111 0.00552338
-8.13825 0.00558821
-8.11538 0.00565384
-8.09252 0.00572025
-8.06965 0.00578748
-8.04679 0.00585552
-8.02392 0.00592438
-8.00106 0.00599409
-7.97819 0.00606464
-7.95533 0.00613606
-7.93246 0.00620834
-7.9096 0.0062815
-7.88673 0.00635556
-7.86386 0.00643052
-7.841 0.0065064
-7.81813 0.0065832
-7.79527 0.00666094
-7.7724 0.00673963
-7.74954 0.00681928
-7.72667 0.00689991
-7.70381 0.00698153
-7.68094 0.00706414
-7.65808 0.00714777
-7.63521 0.00723243
-7.61235 0.00731812
-7.58948 0.00740487
-7.56662 0.00749268
-7.54375 0.00758157
-7.52088 0.00767155
-7.49802 0.00776265
-7.47515 0.00785486
-7.45229 0.00794821
-7.42942 0.00804271
-7.40656 0.00813838
-7.38369 0.00823522
-7.36083 0.00833326
-7.33796 0.00843252
-7.3151 0.008533
-7.29223 0.00863472
-7.26937 0.0087377
-7.2465 0.00884196
-7.22363 0.00894751
-7.20077 0.00905437
-7.1779 0.00916255
-7.15504 0.00927207
-7.13217 0.00938296
-7.10931 0.00949522
-7.08644 0.00960888
-7.06358 0.00972395
-7.04071 0.00984046
-7.01785 0.00995841
-6.99498 0.0100778
-6.97212 0.0101988
-6.94925 0.0103212
-6.92639 0.0104451
-6.90352 0.0105706
-6.88065 0.0106977
-6.85779 0.0108264
-6.83492 0.0109566
-6.81206 0.0110885
-6.78919 0.0112221
-6.76633 0.0113573
-6.74346 0.0114942
-6.7206 0.0116329
-6.69773 0.0117732
-6.67487 0.0119154
-6.652 0.0120593
-6.62914 0.0122051
-6.60627 0.0123527
-6.5834 0.0125021
-6.56054 0.0126534
-6.53767 0.0128067
-6.51481 0.0129618
-6.49194 0.0131189
-6.46908 0.0132781
-6.44621 0.0134392
-6.42335 0.0136023
-6.40048 0.0137676
-6.37762 0.0139349
-6.35475 0.0141044
-6.33189 0.0142759
-6.30902 0.0144497
-6.28616 0.0146257
-6.26329 0.0148039
-6.24042 0.0149844
-6.21756 0.0151672
-6.19469 0.0153523
-6.17183 0.0155398
-6.14896 0.0157296
-6.1261 0.0159219
-6.10323 0.0161167
-6.08037 0.0163139
-6.0575 0.0165137
-6.03464 0.016716
-6.01177 0.0169209
-5.98891 0.0171284
-5.96604 0.0173386
-5.94317 0.0175515
-5.92031 0.0177671
-5.89744 0.0179855
-5.87458 0.0182067
-5.85171 0.0184307
-5.82885 0.0186576
-5.80598 0.0188875
-5.78312 0.0191203
-5.76025 0.0193561
-5.73739 0.019595
-5.71452 0.0198369
-5.69166 0.020082
-5.66879 0.0203303
-5.64593 0.0205817
-5.62306 0.0208364
-5.60019 0.0210945
-5.57733 0.0213558
-5.55446 0.0216206
-5.5316 0.0218888
-5.50873 0.0221605
-5.48587 0.0224357
-5.463 0.0227145
-5.44014 0.022997
-5.41727 0.0232831
-5.39441 0.0235729
-5.37154 0.0238666
-5.34868 0.024164
-5.32581 0.0244654
-5.30294 0.0247707
-5.28008 0.02508
-5.25721 0.0253934
-5.23435 0.0257108
-5.21148 0.0260324
-5.18862 0.0263583
-5.16575 0.0266884
-5.14289 0.0270229
-5.12002 0.0273617
-5.09716 0.0277051
-5.07429 0.0280529
-5.05143 0.0284054
-5.02856 0.0287624
-5.0057 0.0291242
-4.98283 0.0294908
-4.95996 0.0298622
-4.9371 0.0302386
-4.91423 0.0306199
-4.89137 0.0310062
-4.8685 0.0313977
-4.84564 0.0317944
-4.82277 0.0321964
-4.79991 0.0326036
-4.77704 0.0330163
-4.75418 0.0334345
-4.73131 0.0338583
-4.70845 0.0342877
-4.68558 0.0347228
-4.66271 0.0351637
-4.63985 0.0356105
-4.61698 0.0360632
-4.59412 0.0365221
-4.57125 0.036987
-4.54839 0.0374582
-4.52552 0.0379356
-4.50266 0.0384195
-4.47979 0.0389098
-4.45693 0.0394068
-4.43406 0.0399103
-4.4112 0.0404207
-4.38833 0.0409379
-4.36546 0.041462
-4.3426 0.0419932
-4.31973 0.0425316
-4.29687 0.0430772
-4.274 0.0436301
-4.25114 0.0441905
-4.22827 0.0447584
-4.20541 0.0453341
-4.18254 0.0459174
-4.15968 0.0465087
-4.13681 0.0471079
-4.11395 0.0477153
-4.09108 0.0483308
-4.06822 0.0489547
-4.04535 0.049587
-4.02248 0.0502279
-3.99962 0.0508774
-3.97675 0.0515358
-3.95389 0.0522031
-3.93102 0.0528794
-3.90816 0.0535649
-3.88529 0.0542597
-3.86243 0.0549639
-3.83956 0.0556777
-3.8167 0.0564012
-3.79383 0.0571345
-3.77097 0.0578778
-3.7481 0.0586311
-3.72523 0.0593947
-3.70237 0.0601687
-3.6795 0.0609532
-3.65664 0.0617483
-3.63377 0.0625543
-3.61091 0.0633712
-3.58804 0.0641992
-3.56518 0.0650385
-3.54231 0.0658891
-3.51945 0.0667514
-3.49658 0.0676253
-3.47372 0.0685111
-3.45085 0.069409
-3.42799 0.070319
-3.40512 0.0712414
-3.38225 0.0721762
-3.35939 0.0731238
-3.33652 0.0740842
-3.31366 0.0750576
-3.29079 0.0760442
-3.26793 0.0770442
-3.24506 0.0780576
-3.2222 0.0790848
-3.19933 0.0801258
-3.17647 0.0811809
-3.1536 0.0822501
-3.13074 0.0833338
-3.10787 0.0844321
-3.085 0.0855451
-3.06214 0.086673
-3.03927 0.087816
-3.01641 0.0889744
-2.99354 0.0901482
-2.97068 0.0913376
-2.94781 0.0925429
-2.92495 0.0937642
-2.90208 0.0950018
-2.87922 0.0962557
-2.85635 0.0975261
-2.83349 0.0988133
-2.81062 0.100117
-2.78776 0.101439
-2.76489 0.102777
-2.74202 0.104133
-2.71916 0.105507
-2.69629 0.106898
-2.67343 0.108308
-2.65056 0.109735
-2.6277 0.111181
-2.60483 0.112645
-2.58197 0.114128
-2.5591 0.11563
-2.53624 0.117151
-2.51337 0.11869
-2.49051 0.120249
-2.46764 0.121828
-2.44477 0.123426
-2.42191 0.125043
-2.39904 0.12668
-2.37618 0.128337
-2.35331 0.130014
-2.33045 0.131711
-2.30758 0.133428
-2.28472 0.135166
-2.26185 0.136923
-2.23899 0.138701
-2.21612 0.140499
-2.19326 0.142318
-2.17039 0.144157
-2.14753 0.146016
-2.12466 0.147895
-2.10179 0.149795
-2.07893 0.151716
-2.05606 0.153656
-2.0332 0.155616
-2.01033 0.157596
-1.98747 0.159596
-1.9646 0.161616
-1.94174 0.163655
-1.91887 0.165713
-1.89601 0.167791
-1.87314 0.169887
-1.85028 0.172001
-1.82741 0.174133
-1.80454 0.176282
-1.78168 0.178449
-1.75881 0.180633
-1.73595 0.182832
-1.71308 0.185048
-1.69022 0.187278
-1.66735 0.189522
-1.64449 0.19178
-1.62162 0.194051
-1.59876 0.196334
-1.57589 0.198627
-1.55303 0.200931
-1.53016 0.203245
-1.5073 0.205566
-1.48443 0.207894
-1.46156 0.210227
-1.4387 0.212565
-1.41583 0.214906
-1.39297 0.217248
-1.3701 0.21959
-1.34724 0.221931
-1.32437 0.224267
-1.30151 0.226599
-1.27864 0.228923
-1.25578 0.231237
-1.23291 0.233541
-1.21005 0.23583
-1.18718 0.238103
-1.16431 0.240358
-1.14145 0.242591
-1.11858 0.244801
-1.09572 0.246984
-1.07285 0.249137
-1.04999 0.251258
-1.02712 0.253343
-1.00426 0.255388
-0.981392 0.257392
-0.958527 0.25935
-0.935661 0.261258
-0.912796 0.263113
-0.889931 0.264912
-0.867065 0.266649
-0.8442 0.268322
-0.821334 0.269927
-0.798469 0.271459
-0.775604 0.272914
-0.752738 0.274288
-0.729873 0.275577
-0.707008 0.276777
-0.684142 0.277883
-0.661277 0.278891
-0.638412 0.279798
-0.615546 0.280599
-0.592681 0.281289
-0.569816 0.281866
-0.54695 0.282325
-0.524085 0.282663
-0.501219 0.282876
-0.478354 0.28296
-0.455489 0.282913
-0.432623 0.282732
-0.409758 0.282414
-0.386893 0.281956
-0.364027 0.281357
-0.341162 0.280615
-0.318297 0.279728
-0.295431 0.278696
-0.272566 0.277517
-0.249701 0.276192
-0.226835 0.27472
-0.20397 0.273102
-0.181104 0.27134
-0.158239 0.269433
-0.135374 0.267385
-0.112508 0.265197
-0.089643 0.262873
-0.0667777 0.260415
-0.0439123 0.257826
-0.0210469 0.255112
0.00181842 0.252275
0.0246838 0.249321
0.0475491 0.246255
0.0704145 0.243081
0.0932799 0.239806
0.116145 0.236435
0.139011 0.232975
0.161876 0.229431
0.184741 0.225811
0.207607 0.22212
0.230472 0.218365
0.253337 0.214553
0.276203 0.210691
0.299068 0.206785
0.321933 0.202841
0.344799 0.198868
0.367664 0.19487
0.39053 0.190855
0.413395 0.186828
0.43626 0.182796
0.459126 0.178765
0.481991 0.17474
0.504856 0.170726
0.527722 0.16673
0.550587 0.162754
0.573452 0.158806
0.596318 0.154888
0.619183 0.151005
0.642048 0.147161
0.664914 0.14336
0.687779 0.139604
0.710645 0.135897
0.73351 0.132242
0.756375 0.128641
0.779241 0.125097
0.802106 0.121611
0.824971 0.118185
0.847837 0.114821
0.870702 0.111521
0.893567 0.108285
0.916433 0.105114
0.939298 0.102009
0.962163 0.0989708
0.985029 0.0959996
1.00789 0.0930956
1.03076 0.090259
1.05362 0.0874896
1.07649 0.0847873
1.09936 0.0821517
1.12222 0.0795825
1.14509 0.0770791
1.16795 0.074641
1.19082 0.0722673
1.21368 0.0699575
1.23655 0.0677105
1.25941 0.0655257
1.28228 0.0634018
1.30514 0.0613381
1.32801 0.0593334
1.35087 0.0573867
1.37374 0.0554968
1.39661 0.0536627
1.41947 0.0518832
1.44234 0.0501571
1.4652 0.0484833
1.48807 0.0468605
1.51093 0.0452876
1.5338 0.0437634
1.55666 0.0422867
1.57953 0.0408563
1.60239 0.039471
1.62526 0.0381297
1.64812 0.0368312
1.67099 0.0355744
1.69385 0.034358
1.71672 0.0331811
1.73959 0.0320425
1.76245 0.0309411
1.78532 0.0298758
1.80818 0.0288456
1.83105 0.0278495
1.85391 0.0268864
1.87678 0.0259554
1.89964 0.0250556
1.92251 0.0241858
1.94537 0.0233453
1.96824 0.0225331
1.9911 0.0217484
2.01397 0.0209903
2.03684 0.0202579
2.0597 0.0195504
2.08257 0.0188671
2.10543 0.0182071
2.1283 0.0175697
2.15116 0.0169542
2.17403 0.0163599
2.19689 0.015786
2.21976 0.015232
2.24262 0.014697
2.26549 0.0141806
2.28835 0.0136821
2.31122 0.0132009
2.33408 0.0127364
2.35695 0.0122881
2.37982 0.0118553
2.40268 0.0114377
2.42555 0.0110347
2.44841 0.0106457
2.47128 0.0102703
2.49414 0.00990807
2.51701 0.00955853
2.53987 0.00922124
2.56274 0.00889578
2.5856 0.00858176
2.60847 0.00827876
2.63133 0.00798642
2.6542 0.00770436
2.67707 0.00743224
2.69993 0.00716969
2.7228 0.0069164
2.74566 0.00667203
2.76853 0.00643629
2.79139 0.00620886
2.81426 0.00598946
2.83712 0.00577781
2.85999 0.00557363
2.88285 0.00537667
2.90572 0.00518667
2.92858 0.00500338
2.95145 0.00482658
2.97431 0.00465603
2.99718 0.00449151
3.02005 0.00433282
3.04291 0.00417974
3.06578 0.00403208
3.08864 0.00388965
3.11151 0.00375226
3.13437 0.00361973
3.15724 0.0034919
3.1801 0.00336859
3.20297 0.00324966
3.22583 0.00313493
3.2487 0.00302427
3.27156 0.00291753
3.29443 0.00281456
3.3173 0.00271525
3.34016 0.00261945
3.36303 0.00252705
3.38589 0.00243792
3.40876 0.00235195
3.43162 0.00226902
3.45449 0.00218903
3.47735 0.00211187
3.50022 0.00203744
3.52308 0.00196565
3.54595 0.0018964
3.56881 0.0018296
3.59168 0.00176517
3.61455 0.00170302
3.63741 0.00164306
3.66028 0.00158523
3.68314 0.00152944
3.70601 0.00147563
3.72887 0.00142372
3.75174 0.00137365
3.7746 0.00132535
3.79747 0.00127875
3.82033 0.00123381
3.8432 0.00119045
3.86606 0.00114862
3.88893 0.00110827
3.91179 0.00106935
3.93466 0.0010318
3.95753 0.000995579
3.98039 0.000960636
4.00326 0.000926927
4.02612 0.000894407
4.04899 0.000863035
4.07185 0.00083277
4.09472 0.000803573
4.11758 0.000775405
4.14045 0.000748231
4.16331 0.000722014
4.18618 0.000696722
4.20904 0.000672321
4.23191 0.00064878
4.25478 0.000626068
4.27764 0.000604156
4.30051 0.000583016
4.32337 0.00056262
4.34624 0.000542942
4.3691 0.000523956
4.39197 0.000505638
4.41483 0.000487965
4.4377 0.000470913
4.46056 0.00045446
4.48343 0.000438586
4.50629 0.00042327
4.52916 0.000408492
4.55202 0.000394233
4.57489 0.000380474
4.59776 0.000367199
4.62062 0.00035439
4.64349 0.000342031
4.66635 0.000330105
4.68922 0.000318597
4.71208 0.000307493
4.73495 0.000296779
4.75781 0.00028644
4.78068 0.000276463
4.80354 0.000266836
4.82641 0.000257547
4.84927 0.000248582
4.87214 0.000239932
4.89501 0.000231584
4.91787 0.000223529
4.94074 0.000215755
4.9636 0.000208254
4.98647 0.000201015
5.00933 0.000194029
5.0322 0.000187287
5.05506 0.000180781
5.07793 0.000174502
5.10079 0.000168442
5.12366 0.000162595
5.14652 0.000156951
5.16939 0.000151504
5.19225 0.000146248
5.21512 0.000141175
5.23799 0.000136279
5.26085 0.000131554
5.28372 0.000126993
5.30658 0.000122592
5.32945 0.000118344
5.35231 0.000114244
5.37518 0.000110287
5.39804 0.000106468
5.42091 0.000102782
5.44377 9.92238e-05
5.46664 9.57897e-05
5.4895 9.24753e-05
5.51237 8.92761e-05
5.53524 8.61883e-05
5.5581 8.32078e-05
5.58097 8.0331e-05
