-0.330122 0.000268059
0.195371 0.000803073
0.720864 0.00170073
1.24636 0.00277247
1.77185 0.00383873
2.29734 0.00481992
2.82284 0.00569685
3.34833 0.00647365
3.87382 0.00716118
4.39932 0.00777109
4.92481 0.0083139
5.4503 0.00879861
5.9758 0.00923276
6.50129 0.00962265
7.02678 0.00997352
7.55228 0.0102898
8.07777 0.0105752
8.60326 0.010833
9.12876 0.0110659
9.65425 0.0112762
10.1797 0.0114659
10.7052 0.011637
11.2307 0.0117909
11.7562 0.0119291
12.2817 0.0120528
12.8072 0.0121631
13.3327 0.012261
13.8582 0.0123475
14.3837 0.0124234
14.9092 0.0124893
15.4347 0.0125459
15.9602 0.012594
16.4857 0.0126339
17.0112 0.0126664
17.5367 0.0126917
18.0621 0.0127105
18.5876 0.012723
19.1131 0.0127297
19.6386 0.0127309
20.1641 0.012727
20.6896 0.0127182
21.2151 0.0127049
21.7406 0.0126872
22.2661 0.0126655
22.7916 0.01264
23.3171 0.0126109
23.8426 0.0125784
24.3681 0.0125428
24.8936 0.0125041
25.4191 0.0124626
25.9445 0.0124184
26.47 0.0123717
26.9955 0.0123226
27.521 0.0122713
28.0465 0.0122179
28.572 0.0121625
29.0975 0.0121052
29.623 0.0120462
30.1485 0.0119856
30.674 0.0119234
31.1995 0.0118598
31.725 0.0117949
32.2505 0.0117286
32.776 0.0116612
33.3015 0.0115927
33.8269 0.0115231
34.3524 0.0114526
34.8779 0.0113812
35.4034 0.011309
35.9289 0.011236
36.4544 0.0111623
36.9799 0.011088
37.5054 0.011013
38.0309 0.0109375
38.5564 0.0108616
39.0819 0.0107852
39.6074 0.0107083
40.1329 0.0106312
40.6584 0.0105537
41.1839 0.0104759
41.7093 0.0103979
42.2348 0.0103197
42.7603 0.0102413
43.2858 0.0101628
43.8113 0.0100841
44.3368 0.0100054
44.8623 0.00992666
45.3878 0.00984788
45.9133 0.00976911
46.4388 0.00969037
46.9643 0.00961169
47.4898 0.00953308
48.0153 0.00945457
48.5408 0.00937618
49.0663 0.00929793
49.5917 0.00921983
50.1172 0.00914192
50.6427 0.0090642
51.1682 0.00898668
51.6937 0.0089094
52.2192 0.00883235
52.7447 0.00875556
53.2702 0.00867904
53.7957 0.0086028
54.3212 0.00852685
54.8467 0.00845121
55.3722 0.00837589
55.8977 0.00830089
56.4232 0.00822623
56.9487 0.00815192
57.4741 0.00807796
57.9996 0.00800437
58.5251 0.00793115
59.0506 0.00785831
59.5761 0.00778586
60.1016 0.0077138
60.6271 0.00764214
61.1526 0.00757089
61.6781 0.00750005
62.2036 0.00742964
62.7291 0.00735964
63.2546 0.00729007
63.7801 0.00722093
64.3056 0.00715223
64.8311 0.00708397
65.3565 0.00701615
65.882 0.00694878
66.4075 0.00688186
66.933 0.00681539
67.4585 0.00674938
67.984 0.00668382
68.5095 0.00661872
69.035 0.00655409
69.5605 0.00648991
70.086 0.0064262
70.6115 0.00636296
71.137 0.00630018
71.6625 0.00623787
72.188 0.00617602
72.7135 0.00611465
73.239 0.00605374
73.7644 0.0059933
74.2899 0.00593334
74.8154 0.00587384
75.3409 0.00581481
75.8664 0.00575625
76.3919 0.00569816
76.9174 0.00564053
77.4429 0.00558338
77.9684 0.00552668
78.4939 0.00547046
79.0194 0.0054147
79.5449 0.0053594
80.0704 0.00530457
80.5959 0.00525019
81.1214 0.00519628
81.6468 0.00514282
82.1723 0.00508983
82.6978 0.00503728
83.2233 0.00498519
83.7488 0.00493356
84.2743 0.00488237
84.7998 0.00483163
85.3253 0.00478134
85.8508 0.00473149
86.3763 0.00468209
86.9018 0.00463312
87.4273 0.0045846
87.9528 0.00453651
88.4783 0.00448886
89.0038 0.00444163
89.5292 0.00439484
90.0547 0.00434848
90.5802 0.00430253
91.1057 0.00425702
91.6312 0.00421192
92.1567 0.00416724
92.6822 0.00412298
93.2077 0.00407913
93.7332 0.00403569
94.2587 0.00399265
94.7842 0.00395003
95.3097 0.0039078
95.8352 0.00386598
96.3607 0.00382455
96.8862 0.00378352
97.4116 0.00374288
97.9371 0.00370263
98.4626 0.00366277
98.9881 0.00362329
99.5136 0.00358419
100.039 0.00354548
100.565 0.00350714
101.09 0.00346917
101.616 0.00343157
102.141 0.00339434
102.667 0.00335748
103.192 0.00332098
103.718 0.00328484
104.243 0.00324906
104.769 0.00321363
105.294 0.00317855
105.82 0.00314382
106.345 0.00310944
106.871 0.0030754
107.396 0.00304171
107.922 0.00300835
108.447 0.00297532
108.973 0.00294263
109.498 0.00291027
110.023 0.00287824
110.549 0.00284653
111.074 0.00281514
111.6 0.00278408
112.125 0.00275333
112.651 0.00272289
113.176 0.00269276
113.702 0.00266295
114.227 0.00263344
114.753 0.00260423
115.278 0.00257532
115.804 0.00254671
116.329 0.0025184
116.855 0.00249038
117.38 0.00246265
117.906 0.00243521
118.431 0.00240805
118.957 0.00238118
119.482 0.00235458
120.008 0.00232827
120.533 0.00230223
121.059 0.00227646
121.584 0.00225096
122.11 0.00222573
122.635 0.00220077
123.161 0.00217607
123.686 0.00215163
124.212 0.00212744
124.737 0.00210352
125.263 0.00207984
125.788 0.00205642
126.314 0.00203325
126.839 0.00201032
127.365 0.00198763
127.89 0.00196519
128.416 0.00194299
128.941 0.00192102
129.467 0.00189929
129.992 0.00187779
130.518 0.00185653
131.043 0.00183549
131.569 0.00181467
132.094 0.00179408
132.62 0.00177372
133.145 0.00175357
133.671 0.00173364
134.196 0.00171392
134.722 0.00169442
135.247 0.00167513
135.773 0.00165604
136.298 0.00163717
136.824 0.0016185
137.349 0.00160003
137.875 0.00158176
138.4 0.0015637
138.926 0.00154583
139.451 0.00152815
139.977 0.00151067
140.502 0.00149337
141.028 0.00147627
141.553 0.00145936
142.079 0.00144263
142.604 0.00142608
143.13 0.00140972
143.655 0.00139353
144.181 0.00137752
144.706 0.00136169
145.232 0.00134604
145.757 0.00133055
146.283 0.00131524
146.808 0.0013001
147.334 0.00128512
147.859 0.00127031
148.385 0.00125566
148.91 0.00124118
149.435 0.00122686
149.961 0.00121269
150.486 0.00119868
151.012 0.00118483
151.537 0.00117113
152.063 0.00115759
152.588 0.00114419
153.114 0.00113095
153.639 0.00111785
154.165 0.0011049
154.69 0.0010921
155.216 0.00107943
155.741 0.00106691
156.267 0.00105453
156.792 0.00104229
157.318 0.00103018
157.843 0.00101821
158.369 0.00100638
158.894 0.000994675
159.42 0.000983105
159.945 0.000971664
160.471 0.000960352
160.996 0.000949168
161.522 0.00093811
162.047 0.000927176
162.573 0.000916366
163.098 0.000905678
163.624 0.000895111
164.149 0.000884663
164.675 0.000874333
165.2 0.000864121
165.726 0.000854024
166.251 0.000844041
166.777 0.000834171
167.302 0.000824414
167.828 0.000814767
168.353 0.00080523
168.879 0.000795801
169.404 0.000786479
169.93 0.000777264
170.455 0.000768153
170.981 0.000759146
171.506 0.000750242
172.032 0.000741439
172.557 0.000732737
173.083 0.000724134
173.608 0.000715629
174.134 0.000707222
174.659 0.00069891
175.185 0.000690694
175.71 0.000682571
176.236 0.000674542
176.761 0.000666604
177.287 0.000658758
177.812 0.000651001
178.338 0.000643334
178.863 0.000635754
179.389 0.000628262
179.914 0.000620855
180.44 0.000613534
180.965 0.000606297
181.491 0.000599143
182.016 0.000592071
182.542 0.000585081
183.067 0.000578172
183.593 0.000571342
184.118 0.00056459
184.644 0.000557917
185.169 0.000551321
185.695 0.0005448
186.22 0.000538356
186.746 0.000531985
187.271 0.000525688
187.797 0.000519464
188.322 0.000513312
188.847 0.000507232
189.373 0.000501221
189.898 0.000495281
190.424 0.000489409
190.949 0.000483605
191.475 0.000477869
192 0.000472199
192.526 0.000466595
193.051 0.000461056
193.577 0.000455581
194.102 0.00045017
194.628 0.000444822
195.153 0.000439536
195.679 0.000434311
196.204 0.000429148
196.73 0.000424044
197.255 0.000419
197.781 0.000414015
198.306 0.000409088
198.832 0.000404218
199.357 0.000399405
199.883 0.000394648
200.408 0.000389947
200.934 0.000385301
201.459 0.000380709
201.985 0.00037617
202.51 0.000371685
203.036 0.000367252
203.561 0.000362871
204.087 0.000358541
204.612 0.000354262
205.138 0.000350033
205.663 0.000345854
206.189 0.000341723
206.714 0.000337641
207.24 0.000333607
207.765 0.00032962
208.291 0.00032568
208.816 0.000321786
209.342 0.000317938
209.867 0.000314135
210.393 0.000310377
210.918 0.000306663
211.444 0.000302993
211.969 0.000299365
212.495 0.000295781
213.02 0.000292238
213.546 0.000288738
214.071 0.000285278
214.597 0.000281859
215.122 0.000278481
215.648 0.000275142
216.173 0.000271843
216.699 0.000268583
217.224 0.000265361
217.75 0.000262177
218.275 0.00025903
218.801 0.000255921
219.326 0.000252849
219.852 0.000249812
220.377 0.000246812
220.903 0.000243847
221.428 0.000240917
221.954 0.000238022
222.479 0.000235161
223.005 0.000232334
223.53 0.000229541
224.056 0.00022678
224.581 0.000224052
225.107 0.000221357
225.632 0.000218693
226.158 0.000216061
226.683 0.00021346
227.209 0.00021089
227.734 0.00020835
228.259 0.000205841
228.785 0.000203361
229.31 0.000200911
229.836 0.00019849
230.361 0.000196098
230.887 0.000193734
231.412 0.000191398
231.938 0.00018909
232.463 0.000186809
232.989 0.000184556
233.514 0.000182329
234.04 0.000180129
234.565 0.000177955
235.091 0.000175806
235.616 0.000173684
236.142 0.000171586
236.667 0.000169514
237.193 0.000167466
237.718 0.000165443
238.244 0.000163444
238.769 0.000161468
239.295 0.000159517
239.82 0.000157588
240.346 0.000155683
240.871 0.0001538
241.397 0.00015194
241.922 0.000150101
242.448 0.000148285
242.973 0.000146491
243.499 0.000144718
244.024 0.000142966
244.55 0.000141235
245.075 0.000139525
245.601 0.000137835
246.126 0.000136166
246.652 0.000134516
247.177 0.000132886
247.703 0.000131276
248.228 0.000129685
248.754 0.000128113
249.279 0.000126559
249.805 0.000125025
250.33 0.000123509
250.856 0.000122011
251.381 0.00012053
251.907 0.000119068
252.432 0.000117623
252.958 0.000116196
253.483 0.000114785
254.009 0.000113392
254.534 0.000112015
255.06 0.000110655
255.585 0.000109311
256.111 0.000107983
256.636 0.000106671
257.162 0.000105375
257.687 0.000104095
258.213 0.00010283
258.738 0.00010158
259.264 0.000100345
259.789 9.91247e-05
260.315 9.79193e-05
260.84 9.67284e-05
261.366 9.55519e-05
261.891 9.43895e-05
262.417 9.3241e-05
262.942 9.21064e-05
263.468 9.09855e-05
263.993 8.9878e-05
264.519 8.87839e-05
265.044 8.77029e-05
265.57 8.6635e-05
266.095 8.55799e-05
266.621 8.45376e-05
267.146 8.35078e-05
267.672 8.24904e-05
268.197 8.14853e-05
268.722 8.04923e-05
269.248 7.95113e-05
269.773 7.85421e-05
270.299 7.75846e-05
270.824 7.66387e-05
271.35 7.57042e-05
271.875 7.47809e-05
272.401 7.38688e-05
272.926 7.29677e-05
273.452 7.20775e-05
273.977 7.11981e-05
274.503 7.03293e-05
275.028 6.94709e-05
275.554 6.8623e-05
276.079 6.77853e-05
276.605 6.69577e-05
277.13 6.61401e-05
277.656 6.53324e-05
278.181 6.45345e-05
278.707 6.37462e-05
279.232 6.29675e-05
279.758 6.21982e-05
280.283 6.14382e-05
280.809 6.06874e-05
281.334 5.99457e-05
281.86 5.92129e-05
282.385 5.84891e-05
282.911 5.7774e-05
283.436 5.70675e-05
283.962 5.63696e-05
284.487 5.56802e-05
285.013 5.49992e-05
285.538 5.43264e-05
286.064 5.36617e-05
286.589 5.30051e-05
287.115 5.23565e-05
287.64 5.17157e-05
288.166 5.10827e-05
288.691 5.04574e-05
289.217 4.98396e-05
289.742 4.92294e-05
290.268 4.86266e-05
290.793 4.80311e-05
291.319 4.74428e-05
291.844 4.68616e-05
292.37 4.62876e-05
292.895 4.57204e-05
293.421 4.51602e-05
293.946 4.46068e-05
294.472 4.40601e-05
294.997 4.35201e-05
295.523 4.29866e-05
296.048 4.24596e-05
296.574 4.1939e-05
297.099 4.14247e-05
297.625 4.09167e-05
298.15 4.04149e-05
298.676 3.99191e-05
299.201 3.94294e-05
299.727 3.89457e-05
300.252 3.84678e-05
300.778 3.79958e-05
301.303 3.75295e-05
301.829 3.70689e-05
302.354 3.66138e-05
302.88 3.61644e-05
303.405 3.57204e-05
303.931 3.52818e-05
304.456 3.48485e-05
304.982 3.44206e-05
305.507 3.39978e-05
306.033 3.35802e-05
306.558 3.31677e-05
307.084 3.27602e-05
307.609 3.23577e-05
308.134 3.19601e-05
308.66 3.15673e-05
309.185 3.11793e-05
309.711 3.07961e-05
310.236 3.04175e-05
310.762 3.00436e-05
311.287 2.96742e-05
311.813 2.93093e-05
312.338 2.89489e-05
312.864 2.85928e-05
313.389 2.82412e-05
313.915 2.78938e-05
314.44 2.75506e-05
314.966 2.72117e-05
315.491 2.68768e-05
316.017 2.65461e-05
316.542 2.62194e-05
317.068 2.58967e-05
317.593 2.5578e-05
318.119 2.52631e-05
318.644 2.49521e-05
319.17 2.46449e-05
319.695 2.43414e-05
320.221 2.40417e-05
320.746 2.37456e-05
321.272 2.34532e-05
321.797 2.31643e-05
322.323 2.28789e-05
322.848 2.25971e-05
323.374 2.23187e-05
323.899 2.20436e-05
324.425 2.1772e-05
324.95 2.15037e-05
325.476 2.12387e-05
326.001 2.09769e-05
326.527 2.07183e-05
327.052 2.04629e-05
327.578 2.02106e-05
328.103 1.99614e-05
328.629 1.97152e-05
329.154 1.94721e-05
329.68 1.92319e-05
330.205 1.89947e-05
330.731 1.87604e-05
331.256 1.8529e-05
331.782 1.83004e-05
332.307 1.80746e-05
332.833 1.78516e-05
333.358 1.76313e-05
333.884 1.74137e-05
334.409 1.71987e-05
334.935 1.69864e-05
335.46 1.67768e-05
335.986 1.65696e-05
336.511 1.63651e-05
337.037 1.6163e-05
337.562 1.59634e-05
338.088 1.57663e-05
338.613 1.55716e-05
339.139 1.53792e-05
339.664 1.51893e-05
340.19 1.50016e-05
340.715 1.48163e-05
341.241 1.46332e-05
341.766 1.44524e-05
342.292 1.42738e-05
342.817 1.40974e-05
343.343 1.39232e-05
343.868 1.37511e-05
344.394 1.35811e-05
344.919 1.34132e-05
345.445 1.32474e-05
345.97 1.30836e-05
346.496 1.29219e-05
347.021 1.27621e-05
347.546 1.26042e-05
348.072 1.24484e-05
348.597 1.22944e-05
349.123 1.21423e-05
349.648 1.19921e-05
350.174 1.18438e-05
350.699 1.16972e-05
351.225 1.15525e-05
351.75 1.14096e-05
352.276 1.12684e-05
352.801 1.11289e-05
353.327 1.09912e-05
353.852 1.08551e-05
354.378 1.07208e-05
354.903 1.0588e-05
355.429 1.0457e-05
355.954 1.03275e-05
356.48 1.01996e-05
357.005 1.00733e-05
357.531 9.94858e-06
358.056 9.82537e-06
358.582 9.70368e-06
359.107 9.58348e-06
359.633 9.46477e-06
360.158 9.34752e-06
360.684 9.23172e-06
361.209 9.11734e-06
361.735 9.00437e-06
362.26 8.89279e-06
362.786 8.78259e-06
363.311 8.67375e-06
363.837 8.56625e-06
364.362 8.46007e-06
364.888 8.3552e-06
365.413 8.25163e-06
365.939 8.14933e-06
366.464 8.04829e-06
366.99 7.9485e-06
367.515 7.84994e-06
368.041 7.7526e-06
368.566 7.65645e-06
369.092 7.5615e-06
369.617 7.46771e-06
370.143 7.37508e-06
370.668 7.28359e-06
371.194 7.19324e-06
371.719 7.104e-06
372.245 7.01586e-06
372.77 6.9288e-06
373.296 6.84282e-06
373.821 6.75791e-06
374.347 6.67404e-06
374.872 6.59121e-06
375.398 6.5094e-06
375.923 6.4286e-06
376.449 6.3488e-06
376.974 6.26998e-06
377.5 6.19214e-06
378.025 6.11526e-06
378.551 6.03933e-06
379.076 5.96433e-06
379.602 5.89027e-06
380.127 5.81712e-06
380.653 5.74487e-06
381.178 5.67351e-06
381.704 5.60304e-06
382.229 5.53344e-06
382.755 5.4647e-06
383.28 5.39681e-06
383.806 5.32976e-06
384.331 5.26353e-06
384.857 5.19813e-06
385.382 5.13353e-06
385.908 5.06974e-06
386.433 5.00673e-06
386.958 4.9445e-06
387.484 4.88304e-06
388.009 4.82235e-06
388.535 4.7624e-06
389.06 4.70319e-06
389.586 4.64472e-06
390.111 4.58697e-06
390.637 4.52994e-06
391.162 4.47361e-06
391.688 4.41798e-06
392.213 4.36303e-06
392.739 4.30877e-06
393.264 4.25518e-06
393.79 4.20225e-06
394.315 4.14998e-06
394.841 4.09836e-06
395.366 4.04737e-06
395.892 3.99701e-06
396.417 3.94728e-06
396.943 3.89817e-06
397.468 3.84966e-06
397.994 3.80176e-06
398.519 3.75445e-06
399.045 3.70772e-06
399.57 3.66157e-06
400.096 3.616e-06
400.621 3.57099e-06
401.147 3.52653e-06
401.672 3.48263e-06
402.198 3.43928e-06
402.723 3.39646e-06
403.249 3.35417e-06
403.774 3.3124e-06
404.3 3.27115e-06
404.825 3.23042e-06
405.351 3.19019e-06
405.876 3.15045e-06
406.402 3.11122e-06
406.927 3.07246e-06
407.453 3.03419e-06
407.978 2.99639e-06
408.504 2.95906e-06
409.029 2.9222e-06
409.555 2.88579e-06
410.08 2.84984e-06
410.606 2.81432e-06
411.131 2.77926e-06
411.657 2.74462e-06
412.182 2.71042e-06
412.708 2.67664e-06
413.233 2.64328e-06
413.759 2.61033e-06
414.284 2.57779e-06
414.81 2.54566e-06
415.335 2.51392e-06
415.861 2.48258e-06
416.386 2.45163e-06
416.912 2.42106e-06
417.437 2.39087e-06
417.963 2.36106e-06
418.488 2.33162e-06
419.014 2.30254e-06
419.539 2.27382e-06
420.065 2.24546e-06
420.59 2.21746e-06
421.116 2.1898e-06
421.641 2.16248e-06
422.167 2.13551e-06
422.692 2.10887e-06
423.218 2.08256e-06
423.743 2.05657e-06
424.269 2.03091e-06
424.794 2.00557e-06
425.32 1.98055e-06
425.845 1.95583e-06
426.371 1.93142e-06
426.896 1.90732e-06
427.421 1.88351e-06
427.947 1.86e-06
428.472 1.83679e-06
428.998 1.81386e-06
429.523 1.79122e-06
430.049 1.76886e-06
430.574 1.74677e-06
431.1 1.72496e-06
431.625 1.70343e-06
432.151 1.68216e-06
432.676 1.66115e-06
433.202 1.64041e-06
433.727 1.61992e-06
434.253 1.59969e-06
434.778 1.57972e-06
435.304 1.55998e-06
435.829 1.5405e-06
436.355 1.52126e-06
436.88 1.50226e-06
437.406 1.48349e-06
437.931 1.46496e-06
438.457 1.44665e-06
438.982 1.42858e-06
439.508 1.41073e-06
440.033 1.3931e-06
440.559 1.3757e-06
441.084 1.35851e-06
441.61 1.34153e-06
442.135 1.32476e-06
442.661 1.30821e-06
443.186 1.29186e-06
443.712 1.27571e-06
444.237 1.25976e-06
444.763 1.24402e-06
445.288 1.22846e-06
445.814 1.21311e-06
446.339 1.19794e-06
446.865 1.18296e-06
447.39 1.16817e-06
447.916 1.15357e-06
448.441 1.13914e-06
448.967 1.1249e-06
449.492 1.11083e-06
450.018 1.09694e-06
450.543 1.08322e-06
451.069 1.06967e-06
451.594 1.0563e-06
452.12 1.04308e-06
452.645 1.03004e-06
453.171 1.01715e-06
453.696 1.00443e-06
454.222 9.91862e-07
454.747 9.79454e-07
455.273 9.672e-07
455.798 9.55098e-07
456.324 9.43148e-07
456.849 9.31347e-07
457.375 9.19692e-07
457.9 9.08184e-07
458.426 8.96818e-07
458.951 8.85595e-07
459.477 8.74511e-07
460.002 8.63566e-07
460.528 8.52757e-07
461.053 8.42084e-07
461.579 8.31543e-07
462.104 8.21134e-07
462.63 8.10854e-07
463.155 8.00703e-07
463.681 7.90679e-07
464.206 7.80779e-07
464.732 7.71004e-07
465.257 7.6135e-07
465.783 7.51817e-07
466.308 7.42402e-07
466.833 7.33105e-07
467.359 7.23925e-07
467.884 7.14859e-07
468.41 7.05906e-07
468.935 6.97064e-07
469.461 6.88334e-07
469.986 6.79712e-07
470.512 6.71198e-07
471.037 6.6279e-07
471.563 6.54487e-07
472.088 6.46288e-07
472.614 6.38191e-07
473.139 6.30195e-07
473.665 6.223e-07
474.19 6.14502e-07
474.716 6.06803e-07
475.241 5.99199e-07
475.767 5.9169e-07
476.292 5.84275e-07
476.818 5.76953e-07
477.343 5.69723e-07
477.869 5.62582e-07
478.394 5.55531e-07
478.92 5.48568e-07
479.445 5.41692e-07
479.971 5.34902e-07
480.496 5.28197e-07
481.022 5.21575e-07
481.547 5.15037e-07
482.073 5.0858e-07
482.598 5.02203e-07
483.124 4.95907e-07
483.649 4.89689e-07
484.175 4.83549e-07
484.7 4.77485e-07
485.226 4.71498e-07
485.751 4.65585e-07
486.277 4.59746e-07
486.802 4.53981e-07
487.328 4.48287e-07
487.853 4.42665e-07
488.379 4.37112e-07
488.904 4.3163e-07
489.43 4.26216e-07
489.955 4.20869e-07
490.481 4.1559e-07
491.006 4.10376e-07
491.532 4.05228e-07
492.057 4.00144e-07
492.583 3.95123e-07
493.108 3.90166e-07
493.634 3.8527e-07
494.159 3.80436e-07
494.685 3.75662e-07
495.21 3.70948e-07
495.736 3.66293e-07
496.261 3.61697e-07
496.787 3.57157e-07
497.312 3.52675e-07
497.838 3.48249e-07
498.363 3.43878e-07
498.889 3.39561e-07
499.414 3.35299e-07
499.94 3.3109e-07
500.465 3.26934e-07
500.991 3.2283e-07
501.516 3.18777e-07
502.042 3.14775e-07
502.567 3.10823e-07
503.093 3.06921e-07
503.618 3.03067e-07
504.144 2.99262e-07
504.669 2.95504e-07
505.195 2.91794e-07
505.72 2.88129e-07
506.245 2.84511e-07
506.771 2.80938e-07
507.296 2.7741e-07
507.822 2.73926e-07
508.347 2.70485e-07
508.873 2.67088e-07
509.398 2.63733e-07
509.924 2.60421e-07
510.449 2.57149e-07
510.975 2.53919e-07
511.5 2.50729e-07
512.026 2.4758e-07
512.551 2.44469e-07
513.077 2.41398e-07
513.602 2.38365e-07
514.128 2.3537e-07
514.653 2.32413e-07
515.179 2.29493e-07
515.704 2.26609e-07
516.23 2.23761e-07
516.755 2.20949e-07
517.281 2.18173e-07
517.806 2.15431e-07
518.332 2.12724e-07
518.857 2.1005e-07
519.383 2.0741e-07
519.908 2.04803e-07
520.434 2.02229e-07
520.959 1.99687e-07
521.485 1.97177e-07
522.01 1.94698e-07
522.536 1.92251e-07
523.061 1.89834e-07
523.587 1.87447e-07
524.112 1.85091e-07
524.638 1.82764e-07
