-1.90489 9.71944e-05
-1.87184 0.000111437
-1.83878 0.000127727
-1.80572 0.000146351
-1.77266 0.000167634
-1.7396 0.000191944
-1.70654 0.000219697
-1.67348 0.000251365
-1.64042 0.000287481
-1.60736 0.000328644
-1.57431 0.000375534
-1.54125 0.000428912
-1.50819 0.000489636
-1.47513 0.00055867
-1.44207 0.000637092
-1.40901 0.000726111
-1.37595 0.000827079
-1.34289 0.0009415
-1.30983 0.00107105
-1.27677 0.00121761
-1.24372 0.00138322
-1.21066 0.00157019
-1.1776 0.00178103
-1.14454 0.00201853
-1.11148 0.00228573
-1.07842 0.00258599
-1.04536 0.00292294
-1.0123 0.00330055
-0.979244 0.00372313
-0.946185 0.0041953
-0.913126 0.00472207
-0.880067 0.00530878
-0.847008 0.00596112
-0.813949 0.00668512
-0.78089 0.00748714
-0.747831 0.00837385
-0.714772 0.00935219
-0.681713 0.0104293
-0.648654 0.0116126
-0.615595 0.0129094
-0.582536 0.0143274
-0.549477 0.0158738
-0.516418 0.0175562
-0.483359 0.0193814
-0.4503 0.0213563
-0.417241 0.0234871
-0.384182 0.0257792
-0.351124 0.0282376
-0.318065 0.0308662
-0.285006 0.0336679
-0.251947 0.0366446
-0.218888 0.0397966
-0.185829 0.0431233
-0.15277 0.0466223
-0.119711 0.0502899
-0.0866518 0.0541207
-0.0535928 0.0581079
-0.0205339 0.0622432
0.0125251 0.0665166
0.0455841 0.0709168
0.078643 0.0754315
0.111702 0.0800467
0.144761 0.0847478
0.17782 0.0895192
0.210879 0.0943445
0.243938 0.0992072
0.276997 0.10409
0.310056 0.108976
0.343115 0.113848
0.376174 0.11869
0.409233 0.123485
0.442292 0.128218
0.475351 0.132874
0.50841 0.137438
0.541469 0.141899
0.574528 0.146243
0.607586 0.150461
0.640645 0.154542
0.673704 0.158478
0.706763 0.162262
0.739822 0.165887
0.772881 0.169348
0.80594 0.172641
0.838999 0.175764
0.872058 0.178714
0.905117 0.181489
0.938176 0.184091
0.971235 0.186519
1.00429 0.188774
1.03735 0.190858
1.07041 0.192774
1.10347 0.194524
1.13653 0.196112
1.16959 0.197541
1.20265 0.198817
1.23571 0.199942
1.26877 0.200921
1.30182 0.201759
1.33488 0.202461
1.36794 0.203032
1.401 0.203477
1.43406 0.2038
1.46712 0.204007
1.50018 0.204103
1.53324 0.204092
1.5663 0.20398
1.59936 0.203771
1.63241 0.20347
1.66547 0.203081
1.69853 0.20261
1.73159 0.20206
1.76465 0.201436
1.79771 0.200741
1.83077 0.19998
1.86383 0.199157
1.89689 0.198276
1.92995 0.197339
1.963 0.19635
1.99606 0.195314
2.02912 0.194232
2.06218 0.193108
2.09524 0.191944
2.1283 0.190745
2.16136 0.189512
2.19442 0.188247
2.22748 0.186954
2.26053 0.185634
2.29359 0.18429
2.32665 0.182924
2.35971 0.181538
2.39277 0.180134
2.42583 0.178714
2.45889 0.177278
2.49195 0.17583
2.52501 0.17437
2.55807 0.172901
2.59112 0.171422
2.62418 0.169937
2.65724 0.168445
2.6903 0.166948
2.72336 0.165448
2.75642 0.163945
2.78948 0.162441
2.82254 0.160935
2.8556 0.15943
2.88866 0.157926
2.92171 0.156423
2.95477 0.154923
2.98783 0.153426
3.02089 0.151933
3.05395 0.150444
3.08701 0.148961
3.12007 0.147482
3.15313 0.14601
3.18619 0.144545
3.21924 0.143086
3.2523 0.141635
3.28536 0.140192
3.31842 0.138756
3.35148 0.137329
3.38454 0.135911
3.4176 0.134502
3.45066 0.133102
3.48372 0.131711
3.51678 0.130331
3.54983 0.12896
3.58289 0.127599
3.61595 0.126249
3.64901 0.124909
3.68207 0.12358
3.71513 0.122261
3.74819 0.120953
3.78125 0.119656
3.81431 0.11837
3.84737 0.117095
3.88042 0.115832
3.91348 0.114579
3.94654 0.113338
3.9796 0.112108
4.01266 0.110889
4.04572 0.109681
4.07878 0.108485
4.11184 0.1073
4.1449 0.106126
4.17795 0.104964
4.21101 0.103813
4.24407 0.102673
4.27713 0.101545
4.31019 0.100428
4.34325 0.0993214
4.37631 0.0982264
4.40937 0.0971425
4.44243 0.0960697
4.47549 0.0950078
4.50854 0.0939569
4.5416 0.0929168
4.57466 0.0918876
4.60772 0.0908691
4.64078 0.0898614
4.67384 0.0888642
4.7069 0.0878776
4.73996 0.0869015
4.77302 0.0859359
4.80608 0.0849805
4.83913 0.0840355
4.87219 0.0831006
4.90525 0.0821758
4.93831 0.081261
4.97137 0.0803562
5.00443 0.0794613
5.03749 0.0785762
5.07055 0.0777007
5.10361 0.0768349
5.13666 0.0759786
5.16972 0.0751317
5.20278 0.0742942
5.23584 0.073466
5.2689 0.072647
5.30196 0.0718371
5.33502 0.0710362
5.36808 0.0702442
5.40114 0.0694611
5.4342 0.0686867
5.46725 0.067921
5.50031 0.067164
5.53337 0.0664154
5.56643 0.0656752
5.59949 0.0649433
5.63255 0.0642198
5.66561 0.0635043
5.69867 0.062797
5.73173 0.0620976
5.76479 0.0614062
5.79784 0.0607225
5.8309 0.0600467
5.86396 0.0593785
5.89702 0.0587178
5.93008 0.0580647
5.96314 0.057419
5.9962 0.0567806
6.02926 0.0561495
6.06232 0.0555256
6.09537 0.0549087
6.12843 0.0542989
6.16149 0.0536961
6.19455 0.0531001
6.22761 0.0525109
6.26067 0.0519284
6.29373 0.0513526
6.32679 0.0507833
6.35985 0.0502205
6.39291 0.0496642
6.42596 0.0491142
6.45902 0.0485705
6.49208 0.0480329
6.52514 0.0475016
6.5582 0.0469763
6.59126 0.046457
6.62432 0.0459436
6.65738 0.0454361
6.69044 0.0449343
6.7235 0.0444384
6.75655 0.043948
6.78961 0.0434633
6.82267 0.0429841
6.85573 0.0425104
6.88879 0.0420421
6.92185 0.0415791
6.95491 0.0411214
6.98797 0.0406689
7.02103 0.0402216
7.05408 0.0397794
7.08714 0.0393423
7.1202 0.0389101
7.15326 0.0384829
7.18632 0.0380605
7.21938 0.0376429
7.25244 0.0372301
7.2855 0.036822
7.31856 0.0364186
7.35162 0.0360197
7.38467 0.0356254
7.41773 0.0352355
7.45079 0.0348501
7.48385 0.0344691
7.51691 0.0340924
7.54997 0.03372
7.58303 0.0333518
7.61609 0.0329878
7.64915 0.0326279
7.68221 0.0322721
7.71526 0.0319204
7.74832 0.0315726
7.78138 0.0312288
7.81444 0.0308889
7.8475 0.0305528
7.88056 0.0302205
7.91362 0.029892
7.94668 0.0295672
7.97974 0.0292461
8.01279 0.0289286
8.04585 0.0286147
8.07891 0.0283044
8.11197 0.0279975
8.14503 0.0276941
8.17809 0.0273941
8.21115 0.0270976
8.24421 0.0268043
8.27727 0.0265144
8.31033 0.0262277
8.34338 0.0259443
8.37644 0.025664
8.4095 0.0253869
8.44256 0.0251129
8.47562 0.024842
8.50868 0.0245741
8.54174 0.0243092
8.5748 0.0240473
8.60786 0.0237884
8.64092 0.0235323
8.67397 0.0232792
8.70703 0.0230288
8.74009 0.0227813
8.77315 0.0225365
8.80621 0.0222944
8.83927 0.0220551
8.87233 0.0218184
8.90539 0.0215844
8.93845 0.021353
8.9715 0.0211242
9.00456 0.0208979
9.03762 0.0206742
9.07068 0.0204529
9.10374 0.0202341
9.1368 0.0200178
9.16986 0.0198038
9.20292 0.0195923
9.23598 0.019383
9.26904 0.0191761
9.30209 0.0189716
9.33515 0.0187692
9.36821 0.0185691
9.40127 0.0183713
9.43433 0.0181756
9.46739 0.0179821
9.50045 0.0177907
9.53351 0.0176015
9.56657 0.0174143
9.59963 0.0172293
9.63268 0.0170462
9.66574 0.0168652
9.6988 0.0166862
9.73186 0.0165091
9.76492 0.016334
9.79798 0.0161609
9.83104 0.0159896
9.8641 0.0158203
9.89716 0.0156528
9.93021 0.0154871
9.96327 0.0153233
9.99633 0.0151612
10.0294 0.015001
10.0625 0.0148425
10.0955 0.0146857
10.1286 0.0145307
10.1616 0.0143773
10.1947 0.0142257
10.2277 0.0140756
10.2608 0.0139273
10.2939 0.0137806
10.3269 0.0136354
10.36 0.0134919
10.393 0.0133499
10.4261 0.0132095
10.4592 0.0130706
10.4922 0.0129332
10.5253 0.0127973
10.5583 0.0126629
10.5914 0.01253
10.6245 0.0123985
10.6575 0.0122685
10.6906 0.0121398
10.7236 0.0120126
10.7567 0.0118867
10.7897 0.0117622
10.8228 0.0116391
10.8559 0.0115173
10.8889 0.0113968
10.922 0.0112776
10.955 0.0111597
10.9881 0.0110431
11.0212 0.0109278
11.0542 0.0108137
11.0873 0.0107008
11.1203 0.0105892
11.1534 0.0104788
11.1865 0.0103695
11.2195 0.0102615
11.2526 0.0101546
11.2856 0.0100488
11.3187 0.00994421
11.3518 0.00984073
11.3848 0.00973837
11.4179 0.00963711
11.4509 0.00953695
11.484 0.00943785
11.517 0.00933983
11.5501 0.00924286
11.5832 0.00914693
11.6162 0.00905203
11.6493 0.00895815
11.6823 0.00886527
11.7154 0.00877339
11.7485 0.0086825
11.7815 0.00859258
11.8146 0.00850363
11.8476 0.00841562
11.8807 0.00832856
11.9138 0.00824243
11.9468 0.00815722
11.9799 0.00807292
12.0129 0.00798952
12.046 0.00790701
12.079 0.00782538
12.1121 0.00774462
12.1452 0.00766473
12.1782 0.00758568
12.2113 0.00750748
12.2443 0.00743011
12.2774 0.00735357
12.3105 0.00727783
12.3435 0.00720291
12.3766 0.00712878
12.4096 0.00705544
12.4427 0.00698287
12.4758 0.00691108
12.5088 0.00684005
12.5419 0.00676977
12.5749 0.00670024
12.608 0.00663145
12.6411 0.00656338
12.6741 0.00649604
12.7072 0.00642941
12.7402 0.00636348
12.7733 0.00629825
12.8063 0.00623371
12.8394 0.00616985
12.8725 0.00610667
12.9055 0.00604416
12.9386 0.0059823
12.9716 0.0059211
13.0047 0.00586054
13.0378 0.00580062
13.0708 0.00574134
13.1039 0.00568267
13.1369 0.00562463
13.17 0.0055672
13.2031 0.00551037
13.2361 0.00545414
13.2692 0.0053985
13.3022 0.00534344
13.3353 0.00528896
13.3683 0.00523506
13.4014 0.00518172
13.4345 0.00512894
13.4675 0.00507672
13.5006 0.00502504
13.5336 0.0049739
13.5667 0.0049233
13.5998 0.00487323
13.6328 0.00482369
13.6659 0.00477466
13.6989 0.00472614
13.732 0.00467814
13.7651 0.00463063
13.7981 0.00458362
13.8312 0.00453711
13.8642 0.00449107
13.8973 0.00444552
13.9303 0.00440045
13.9634 0.00435584
13.9965 0.0043117
14.0295 0.00426802
14.0626 0.00422479
14.0956 0.00418202
14.1287 0.00413969
14.1618 0.0040978
14.1948 0.00405634
14.2279 0.00401532
14.2609 0.00397473
14.294 0.00393455
14.3271 0.0038948
14.3601 0.00385545
14.3932 0.00381652
14.4262 0.00377798
14.4593 0.00373985
14.4924 0.00370212
14.5254 0.00366477
14.5585 0.00362781
14.5915 0.00359124
14.6246 0.00355504
14.6576 0.00351922
14.6907 0.00348377
14.7238 0.00344869
14.7568 0.00341397
14.7899 0.0033796
14.8229 0.0033456
14.856 0.00331194
14.8891 0.00327863
14.9221 0.00324567
14.9552 0.00321304
14.9882 0.00318076
15.0213 0.0031488
15.0544 0.00311718
15.0874 0.00308588
15.1205 0.0030549
15.1535 0.00302425
15.1866 0.0029939
15.2196 0.00296387
15.2527 0.00293415
15.2858 0.00290474
15.3188 0.00287563
15.3519 0.00284681
15.3849 0.0028183
15.418 0.00279007
15.4511 0.00276214
15.4841 0.00273449
15.5172 0.00270713
15.5502 0.00268004
15.5833 0.00265324
15.6164 0.00262671
15.6494 0.00260045
15.6825 0.00257446
15.7155 0.00254874
15.7486 0.00252328
15.7817 0.00249808
15.8147 0.00247314
15.8478 0.00244845
15.8808 0.00242402
15.9139 0.00239983
15.9469 0.0023759
15.98 0.00235221
16.0131 0.00232876
16.0461 0.00230555
16.0792 0.00228257
16.1122 0.00225983
16.1453 0.00223733
16.1784 0.00221505
16.2114 0.002193
16.2445 0.00217117
16.2775 0.00214957
16.3106 0.00212819
16.3437 0.00210702
16.3767 0.00208607
16.4098 0.00206533
16.4428 0.00204481
16.4759 0.00202449
16.5089 0.00200438
16.542 0.00198447
16.5751 0.00196477
16.6081 0.00194527
16.6412 0.00192596
16.6742 0.00190685
16.7073 0.00188794
16.7404 0.00186921
16.7734 0.00185068
16.8065 0.00183233
16.8395 0.00181418
16.8726 0.0017962
16.9057 0.00177841
16.9387 0.00176079
16.9718 0.00174336
17.0048 0.0017261
17.0379 0.00170902
17.071 0.00169211
17.104 0.00167537
17.1371 0.0016588
17.1701 0.00164239
17.2032 0.00162616
17.2362 0.00161008
17.2693 0.00159417
17.3024 0.00157842
17.3354 0.00156283
17.3685 0.0015474
17.4015 0.00153212
17.4346 0.001517
17.4677 0.00150203
17.5007 0.00148721
17.5338 0.00147254
17.5668 0.00145801
17.5999 0.00144364
17.633 0.00142941
17.666 0.00141532
17.6991 0.00140137
17.7321 0.00138756
17.7652 0.0013739
17.7982 0.00136037
17.8313 0.00134697
17.8644 0.00133371
17.8974 0.00132059
17.9305 0.00130759
17.9635 0.00129473
17.9966 0.001282
18.0297 0.00126939
18.0627 0.00125691
18.0958 0.00124456
18.1288 0.00123233
18.1619 0.00122022
18.195 0.00120823
18.228 0.00119636
18.2611 0.00118462
18.2941 0.00117299
18.3272 0.00116147
18.3603 0.00115008
18.3933 0.00113879
18.4264 0.00112762
18.4594 0.00111656
18.4925 0.00110561
18.5255 0.00109477
18.5586 0.00108404
18.5917 0.00107342
18.6247 0.0010629
18.6578 0.00105249
18.6908 0.00104218
18.7239 0.00103198
18.757 0.00102187
18.79 0.00101187
18.8231 0.00100197
18.8561 0.000992166
18.8892 0.00098246
18.9223 0.000972851
18.9553 0.000963338
18.9884 0.000953919
19.0214 0.000944595
19.0545 0.000935363
19.0875 0.000926223
19.1206 0.000917175
19.1537 0.000908216
19.1867 0.000899347
19.2198 0.000890565
19.2528 0.000881872
19.2859 0.000873264
19.319 0.000864743
19.352 0.000856306
19.3851 0.000847952
19.4181 0.000839682
19.4512 0.000831494
19.4843 0.000823388
19.5173 0.000815362
19.5504 0.000807415
19.5834 0.000799548
19.6165 0.000791758
19.6496 0.000784046
19.6826 0.000776411
19.7157 0.000768851
19.7487 0.000761366
19.7818 0.000753955
19.8148 0.000746618
19.8479 0.000739353
19.881 0.00073216
19.914 0.000725039
19.9471 0.000717988
19.9801 0.000711007
20.0132 0.000704095
20.0463 0.000697252
20.0793 0.000690476
20.1124 0.000683767
20.1454 0.000677124
20.1785 0.000670548
20.2116 0.000664036
20.2446 0.000657588
20.2777 0.000651205
20.3107 0.000644884
20.3438 0.000638626
20.3768 0.000632429
20.4099 0.000626294
20.443 0.000620219
20.476 0.000614205
20.5091 0.000608249
20.5421 0.000602353
20.5752 0.000596514
20.6083 0.000590733
20.6413 0.000585009
20.6744 0.000579342
20.7074 0.00057373
20.7405 0.000568173
20.7736 0.000562672
20.8066 0.000557224
20.8397 0.00055183
20.8727 0.00054649
20.9058 0.000541201
20.9389 0.000535965
20.9719 0.000530781
21.005 0.000525647
21.038 0.000520564
21.0711 0.000515531
21.1041 0.000510547
21.1372 0.000505612
21.1703 0.000500726
21.2033 0.000495888
21.2364 0.000491097
21.2694 0.000486353
21.3025 0.000481656
21.3356 0.000477005
21.3686 0.0004724
21.4017 0.00046784
21.4347 0.000463324
21.4678 0.000458853
21.5009 0.000454426
21.5339 0.000450042
21.567 0.000445701
21.6 0.000441402
21.6331 0.000437146
21.6661 0.000432932
21.6992 0.000428758
21.7323 0.000424626
21.7653 0.000420534
21.7984 0.000416482
21.8314 0.00041247
21.8645 0.000408497
21.8976 0.000404563
21.9306 0.000400667
21.9637 0.00039681
21.9967 0.00039299
22.0298 0.000389208
22.0629 0.000385462
22.0959 0.000381753
22.129 0.000378081
22.162 0.000374444
22.1951 0.000370843
22.2282 0.000367277
22.2612 0.000363746
22.2943 0.000360249
22.3273 0.000356786
22.3604 0.000353357
22.3934 0.000349962
22.4265 0.0003466
22.4596 0.00034327
22.4926 0.000339973
22.5257 0.000336708
22.5587 0.000333475
22.5918 0.000330274
22.6249 0.000327104
22.6579 0.000323964
22.691 0.000320855
22.724 0.000317777
22.7571 0.000314728
22.7902 0.000311709
22.8232 0.00030872
22.8563 0.000305759
22.8893 0.000302828
22.9224 0.000299925
22.9554 0.00029705
22.9885 0.000294203
23.0216 0.000291384
23.0546 0.000288592
23.0877 0.000285827
23.1207 0.00028309
23.1538 0.000280378
23.1869 0.000277694
23.2199 0.000275035
23.253 0.000272402
23.286 0.000269795
23.3191 0.000267213
23.3522 0.000264656
23.3852 0.000262123
23.4183 0.000259616
23.4513 0.000257133
23.4844 0.000254673
23.5174 0.000252238
23.5505 0.000249826
23.5836 0.000247438
23.6166 0.000245073
23.6497 0.000242731
23.6827 0.000240411
23.7158 0.000238114
23.7489 0.000235839
23.7819 0.000233586
23.815 0.000231355
23.848 0.000229146
23.8811 0.000226958
23.9142 0.000224791
23.9472 0.000222646
23.9803 0.000220521
24.0133 0.000218416
24.0464 0.000216332
24.0795 0.000214268
24.1125 0.000212224
24.1456 0.0002102
24.1786 0.000208195
24.2117 0.00020621
24.2447 0.000204244
24.2778 0.000202297
24.3109 0.000200368
24.3439 0.000198459
24.377 0.000196567
24.41 0.000194694
24.4431 0.00019284
24.4762 0.000191003
24.5092 0.000189183
24.5423 0.000187382
24.5753 0.000185597
24.6084 0.00018383
24.6415 0.00018208
24.6745 0.000180347
24.7076 0.000178631
24.7406 0.000176931
24.7737 0.000175247
24.8067 0.00017358
24.8398 0.000171929
24.8729 0.000170294
24.9059 0.000168674
24.939 0.00016707
24.972 0.000165482
25.0051 0.000163908
25.0382 0.00016235
25.0712 0.000160807
25.1043 0.000159279
25.1373 0.000157766
25.1704 0.000156267
25.2035 0.000154782
25.2365 0.000153312
25.2696 0.000151856
25.3026 0.000150414
25.3357 0.000148986
25.3688 0.000147571
25.4018 0.00014617
25.4349 0.000144783
25.4679 0.000143409
25.501 0.000142048
25.534 0.0001407
25.5671 0.000139366
25.6002 0.000138044
25.6332 0.000136734
25.6663 0.000135437
25.6993 0.000134153
25.7324 0.000132881
25.7655 0.000131621
25.7985 0.000130374
25.8316 0.000129138
25.8646 0.000127914
25.8977 0.000126702
25.9308 0.000125502
25.9638 0.000124313
25.9969 0.000123135
26.0299 0.000121969
26.063 0.000120814
26.096 0.00011967
26.1291 0.000118537
26.1622 0.000117414
26.1952 0.000116303
26.2283 0.000115202
26.2613 0.000114112
26.2944 0.000113032
26.3275 0.000111963
26.3605 0.000110903
26.3936 0.000109854
26.4266 0.000108815
26.4597 0.000107786
26.4928 0.000106767
26.5258 0.000105757
26.5589 0.000104758
26.5919 0.000103767
26.625 0.000102786
26.6581 0.000101815
26.6911 0.000100853
26.7242 9.98999e-05
26.7572 9.8956e-05
26.7903 9.80212e-05
26.8233 9.70953e-05
26.8564 9.61782e-05
26.8895 9.527e-05
26.9225 9.43703e-05
26.9556 9.34793e-05
26.9886 9.25968e-05
27.0217 9.17227e-05
27.0548 9.0857e-05
27.0878 8.99995e-05
27.1209 8.91502e-05
27.1539 8.83091e-05
27.187 8.74759e-05
27.2201 8.66507e-05
27.2531 8.58334e-05
27.2862 8.50238e-05
27.3192 8.4222e-05
27.3523 8.34278e-05
27.3853 8.26412e-05
27.4184 8.18621e-05
27.4515 8.10905e-05
27.4845 8.03261e-05
27.5176 7.95691e-05
27.5506 7.88193e-05
27.5837 7.80766e-05
27.6168 7.7341e-05
27.6498 7.66124e-05
27.6829 7.58908e-05
27.7159 7.5176e-05
27.749 7.4468e-05
27.7821 7.37668e-05
27.8151 7.30722e-05
27.8482 7.23843e-05
27.8812 7.17029e-05
27.9143 7.10279e-05
27.9474 7.03594e-05
27.9804 6.96973e-05
28.0135 6.90415e-05
28.0465 6.83919e-05
28.0796 6.77484e-05
28.1126 6.71111e-05
28.1457 6.64799e-05
28.1788 6.58546e-05
28.2118 6.52353e-05
28.2449 6.46219e-05
28.2779 6.40143e-05
28.311 6.34125e-05
28.3441 6.28164e-05
28.3771 6.2226e-05
28.4102 6.16412e-05
28.4432 6.10619e-05
28.4763 6.04881e-05
28.5094 5.99198e-05
28.5424 5.93569e-05
28.5755 5.87993e-05
28.6085 5.8247e-05
28.6416 5.77e-05
28.6746 5.71581e-05
28.7077 5.66214e-05
28.7408 5.60898e-05
28.7738 5.55632e-05
28.8069 5.50416e-05
28.8399 5.4525e-05
28.873 5.40132e-05
28.9061 5.35063e-05
28.9391 5.30043e-05
28.9722 5.25069e-05
29.0052 5.20143e-05
29.0383 5.15264e-05
29.0714 5.10431e-05
29.1044 5.05643e-05
29.1375 5.00901e-05
29.1705 4.96204e-05
29.2036 4.91552e-05
29.2367 4.86943e-05
29.2697 4.82378e-05
29.3028 4.77856e-05
29.3358 4.73378e-05
29.3689 4.68941e-05
29.4019 4.64547e-05
29.435 4.60194e-05
29.4681 4.55882e-05
29.5011 4.51611e-05
29.5342 4.47381e-05
29.5672 4.4319e-05
29.6003 4.39039e-05
29.6334 4.34928e-05
29.6664 4.30855e-05
29.6995 4.26821e-05
29.7325 4.22825e-05
29.7656 4.18867e-05
29.7987 4.14946e-05
29.8317 4.11062e-05
29.8648 4.07215e-05
29.8978 4.03404e-05
29.9309 3.9963e-05
29.9639 3.95891e-05
29.997 3.92187e-05
30.0301 3.88518e-05
30.0631 3.84884e-05
30.0962 3.81284e-05
30.1292 3.77718e-05
30.1623 3.74186e-05
30.1954 3.70688e-05
30.2284 3.67222e-05
30.2615 3.63789e-05
30.2945 3.60388e-05
30.3276 3.5702e-05
30.3607 3.53683e-05
30.3937 3.50378e-05
30.4268 3.47103e-05
30.4598 3.4386e-05
30.4929 3.40648e-05
30.526 3.37465e-05
30.559 3.34313e-05
30.5921 3.3119e-05
30.6251 3.28097e-05
30.6582 3.25033e-05
30.6912 3.21998e-05
30.7243 3.18992e-05
30.7574 3.16013e-05
30.7904 3.13063e-05
30.8235 3.10141e-05
30.8565 3.07246e-05
30.8896 3.04379e-05
30.9227 3.01538e-05
30.9557 2.98724e-05
30.9888 2.95937e-05
31.0218 2.93176e-05
31.0549 2.90441e-05
31.088 2.87732e-05
31.121 2.85048e-05
