-6.35946 0.000173202
-6.34425 0.000176708
-6.32904 0.000180286
-6.31383 0.000183935
-6.29863 0.000187659
-6.28342 0.000191458
-6.26821 0.000195335
-6.253 0.00019929
-6.23779 0.000203325
-6.22258 0.000207442
-6.20737 0.000211642
-6.19216 0.000215928
-6.17695 0.000220301
-6.16174 0.000224762
-6.14653 0.000229314
-6.13132 0.000233958
-6.11611 0.000238697
-6.1009 0.000243531
-6.08569 0.000248464
-6.07048 0.000253497
-6.05527 0.000258632
-6.04006 0.000263871
-6.02485 0.000269216
-6.00964 0.00027467
-5.99443 0.000280235
-5.97922 0.000285912
-5.96401 0.000291705
-5.94881 0.000297615
-5.9336 0.000303646
-5.91839 0.000309798
-5.90318 0.000316076
-5.88797 0.000322481
-5.87276 0.000329016
-5.85755 0.000335683
-5.84234 0.000342486
-5.82713 0.000349427
-5.81192 0.000356509
-5.79671 0.000363735
-5.7815 0.000371107
-5.76629 0.000378629
-5.75108 0.000386304
-5.73587 0.000394135
-5.72066 0.000402124
-5.70545 0.000410276
-5.69024 0.000418593
-5.67503 0.000427079
-5.65982 0.000435738
-5.64461 0.000444572
-5.6294 0.000453585
-5.61419 0.000462782
-5.59899 0.000472165
-5.58378 0.000481739
-5.56857 0.000491507
-5.55336 0.000501474
-5.53815 0.000511643
-5.52294 0.000522018
-5.50773 0.000532604
-5.49252 0.000543406
-5.47731 0.000554426
-5.4621 0.00056567
-5.44689 0.000577143
-5.43168 0.000588848
-5.41647 0.000600792
-5.40126 0.000612978
-5.38605 0.000625411
-5.37084 0.000638097
-5.35563 0.00065104
-5.34042 0.000664246
-5.32521 0.000677721
-5.31 0.000691469
-5.29479 0.000705496
-5.27958 0.000719809
-5.26437 0.000734411
-5.24917 0.000749311
-5.23396 0.000764513
-5.21875 0.000780024
-5.20354 0.00079585
-5.18833 0.000811997
-5.17312 0.000828472
-5.15791 0.000845282
-5.1427 0.000862433
-5.12749 0.000879932
-5.11228 0.000897787
-5.09707 0.000916004
-5.08186 0.000934591
-5.06665 0.000953556
-5.05144 0.000972906
-5.03623 0.000992649
-5.02102 0.00101279
-5.00581 0.00103335
-4.9906 0.00105432
-4.97539 0.00107571
-4.96018 0.00109754
-4.94497 0.00111982
-4.92976 0.00114254
-4.91455 0.00116573
-4.89935 0.00118939
-4.88414 0.00121353
-4.86893 0.00123815
-4.85372 0.00126328
-4.83851 0.00128892
-4.8233 0.00131508
-4.80809 0.00134177
-4.79288 0.001369
-4.77767 0.00139679
-4.76246 0.00142514
-4.74725 0.00145406
-4.73204 0.00148357
-4.71683 0.00151368
-4.70162 0.00154441
-4.68641 0.00157575
-4.6712 0.00160773
-4.65599 0.00164036
-4.64078 0.00167366
-4.62557 0.00170762
-4.61036 0.00174228
-4.59515 0.00177764
-4.57994 0.00181372
-4.56473 0.00185053
-4.54952 0.00188809
-4.53432 0.0019264
-4.51911 0.0019655
-4.5039 0.00200539
-4.48869 0.00204608
-4.47348 0.00208761
-4.45827 0.00212997
-4.44306 0.0021732
-4.42785 0.0022173
-4.41264 0.00226229
-4.39743 0.0023082
-4.38222 0.00235503
-4.36701 0.00240282
-4.3518 0.00245158
-4.33659 0.00250132
-4.32138 0.00255207
-4.30617 0.00260385
-4.29096 0.00265668
-4.27575 0.00271057
-4.26054 0.00276556
-4.24533 0.00282167
-4.23012 0.00287891
-4.21491 0.00293731
-4.1997 0.00299689
-4.1845 0.00305768
-4.16929 0.0031197
-4.15408 0.00318297
-4.13887 0.00324753
-4.12366 0.00331339
-4.10845 0.00338058
-4.09324 0.00344913
-4.07803 0.00351907
-4.06282 0.00359043
-4.04761 0.00366322
-4.0324 0.00373749
-4.01719 0.00381326
-4.00198 0.00389056
-3.98677 0.00396943
-3.97156 0.00404989
-3.95635 0.00413197
-3.94114 0.00421571
-3.92593 0.00430114
-3.91072 0.0043883
-3.89551 0.00447722
-3.8803 0.00456793
-3.86509 0.00466047
-3.84988 0.00475489
-3.83468 0.0048512
-3.81947 0.00494946
-3.80426 0.0050497
-3.78905 0.00515196
-3.77384 0.00525628
-3.75863 0.00536271
-3.74342 0.00547128
-3.72821 0.00558203
-3.713 0.00569502
-3.69779 0.00581028
-3.68258 0.00592786
-3.66737 0.00604781
-3.65216 0.00617017
-3.63695 0.006295
-3.62174 0.00642233
-3.60653 0.00655222
-3.59132 0.00668473
-3.57611 0.00681989
-3.5609 0.00695777
-3.54569 0.00709842
-3.53048 0.00724189
-3.51527 0.00738825
-3.50006 0.00753754
-3.48486 0.00768982
-3.46965 0.00784515
-3.45444 0.0080036
-3.43923 0.00816522
-3.42402 0.00833008
-3.40881 0.00849824
-3.3936 0.00866977
-3.37839 0.00884473
-3.36318 0.00902318
-3.34797 0.0092052
-3.33276 0.00939086
-3.31755 0.00958023
-3.30234 0.00977338
-3.28713 0.00997038
-3.27192 0.0101713
-3.25671 0.0103763
-3.2415 0.0105853
-3.22629 0.0107985
-3.21108 0.0110159
-3.19587 0.0112376
-3.18066 0.0114638
-3.16545 0.0116945
-3.15024 0.0119297
-3.13504 0.0121696
-3.11983 0.0124143
-3.10462 0.0126639
-3.08941 0.0129183
-3.0742 0.0131779
-3.05899 0.0134425
-3.04378 0.0137124
-3.02857 0.0139877
-3.01336 0.0142683
-2.99815 0.0145545
-2.98294 0.0148464
-2.96773 0.015144
-2.95252 0.0154475
-2.93731 0.015757
-2.9221 0.0160726
-2.90689 0.0163943
-2.89168 0.0167224
-2.87647 0.0170569
-2.86126 0.017398
-2.84605 0.0177458
-2.83084 0.0181004
-2.81563 0.0184619
-2.80042 0.0188305
-2.78522 0.0192063
-2.77001 0.0195895
-2.7548 0.0199801
-2.73959 0.0203783
-2.72438 0.0207843
-2.70917 0.0211981
-2.69396 0.02162
-2.67875 0.0220501
-2.66354 0.0224885
-2.64833 0.0229354
-2.63312 0.023391
-2.61791 0.0238553
-2.6027 0.0243286
-2.58749 0.024811
-2.57228 0.0253027
-2.55707 0.0258039
-2.54186 0.0263147
-2.52665 0.0268353
-2.51144 0.0273658
-2.49623 0.0279065
-2.48102 0.0284575
-2.46581 0.029019
-2.4506 0.0295912
-2.4354 0.0301742
-2.42019 0.0307684
-2.40498 0.0313738
-2.38977 0.0319906
-2.37456 0.0326191
-2.35935 0.0332594
-2.34414 0.0339118
-2.32893 0.0345765
-2.31372 0.0352536
-2.29851 0.0359433
-2.2833 0.036646
-2.26809 0.0373617
-2.25288 0.0380908
-2.23767 0.0388334
-2.22246 0.0395898
-2.20725 0.0403601
-2.19204 0.0411446
-2.17683 0.0419436
-2.16162 0.0427572
-2.14641 0.0435858
-2.1312 0.0444294
-2.11599 0.0452885
-2.10078 0.0461631
-2.08557 0.0470536
-2.07037 0.0479602
-2.05516 0.0488831
-2.03995 0.0498226
-2.02474 0.050779
-2.00953 0.0517524
-1.99432 0.0527431
-1.97911 0.0537514
-1.9639 0.0547776
-1.94869 0.0558218
-1.93348 0.0568844
-1.91827 0.0579656
-1.90306 0.0590656
-1.88785 0.0601847
-1.87264 0.0613232
-1.85743 0.0624813
-1.84222 0.0636593
-1.82701 0.0648574
-1.8118 0.0660759
-1.79659 0.067315
-1.78138 0.068575
-1.76617 0.0698562
-1.75096 0.0711587
-1.73575 0.0724829
-1.72055 0.073829
-1.70534 0.0751971
-1.69013 0.0765877
-1.67492 0.0780008
-1.65971 0.0794367
-1.6445 0.0808957
-1.62929 0.082378
-1.61408 0.0838838
-1.59887 0.0854133
-1.58366 0.0869667
-1.56845 0.0885443
-1.55324 0.0901462
-1.53803 0.0917725
-1.52282 0.0934236
-1.50761 0.0950995
-1.4924 0.0968005
-1.47719 0.0985266
-1.46198 0.100278
-1.44677 0.102055
-1.43156 0.103858
-1.41635 0.105686
-1.40114 0.10754
-1.38593 0.10942
-1.37073 0.111325
-1.35552 0.113257
-1.34031 0.115215
-1.3251 0.117199
-1.30989 0.119209
-1.29468 0.121245
-1.27947 0.123308
-1.26426 0.125396
-1.24905 0.12751
-1.23384 0.12965
-1.21863 0.131816
-1.20342 0.134007
-1.18821 0.136224
-1.173 0.138466
-1.15779 0.140733
-1.14258 0.143026
-1.12737 0.145342
-1.11216 0.147683
-1.09695 0.150048
-1.08174 0.152437
-1.06653 0.154849
-1.05132 0.157283
-1.03611 0.15974
-1.02091 0.162219
-1.0057 0.16472
-0.990486 0.167241
-0.975277 0.169782
-0.960067 0.172344
-0.944857 0.174924
-0.929648 0.177522
-0.914438 0.180138
-0.899229 0.182771
-0.884019 0.185419
-0.86881 0.188083
-0.8536 0.190761
-0.83839 0.193451
-0.823181 0.196155
-0.807971 0.198869
-0.792762 0.201593
-0.777552 0.204326
-0.762343 0.207067
-0.747133 0.209814
-0.731923 0.212567
-0.716714 0.215324
-0.701504 0.218083
-0.686295 0.220843
-0.671085 0.223603
-0.655876 0.226362
-0.640666 0.229117
-0.625456 0.231867
-0.610247 0.234611
-0.595037 0.237346
-0.579828 0.240072
-0.564618 0.242787
-0.549409 0.245488
-0.534199 0.248174
-0.518989 0.250843
-0.50378 0.253494
-0.48857 0.256124
-0.473361 0.258732
-0.458151 0.261316
-0.442942 0.263873
-0.427732 0.266402
-0.412523 0.268901
-0.397313 0.271368
-0.382103 0.273801
-0.366894 0.276198
-0.351684 0.278557
-0.336475 0.280876
-0.321265 0.283154
-0.306056 0.285388
-0.290846 0.287576
-0.275636 0.289716
-0.260427 0.291808
-0.245217 0.293848
-0.230008 0.295835
-0.214798 0.297768
-0.199589 0.299644
-0.184379 0.301462
-0.169169 0.30322
-0.15396 0.304918
-0.13875 0.306552
-0.123541 0.308123
-0.108331 0.309627
-0.0931216 0.311065
-0.077912 0.312436
-0.0627025 0.313736
-0.0474929 0.314967
-0.0322833 0.316126
-0.0170738 0.317214
-0.00186418 0.318228
0.0133454 0.319168
0.028555 0.320034
0.0437645 0.320825
0.0589741 0.321541
0.0741837 0.322181
0.0893932 0.322744
0.104603 0.323231
0.119812 0.323642
0.135022 0.323977
0.150231 0.324234
0.165441 0.324416
0.180651 0.324521
0.19586 0.324551
0.21107 0.324506
0.226279 0.324385
0.241489 0.32419
0.256698 0.323922
0.271908 0.323581
0.287118 0.323168
0.302327 0.322683
0.317537 0.322129
0.332746 0.321505
0.347956 0.320813
0.363165 0.320054
0.378375 0.319229
0.393585 0.318339
0.408794 0.317386
0.424004 0.316371
0.439213 0.315295
0.454423 0.31416
0.469632 0.312968
0.484842 0.311719
0.500052 0.310415
0.515261 0.309058
0.530471 0.307649
0.54568 0.306189
0.56089 0.304682
0.576099 0.303127
0.591309 0.301527
0.606519 0.299883
0.621728 0.298197
0.636938 0.29647
0.652147 0.294704
0.667357 0.292901
0.682566 0.291063
0.697776 0.28919
0.712986 0.287284
0.728195 0.285348
0.743405 0.283381
0.758614 0.281387
0.773824 0.279367
0.789033 0.277322
0.804243 0.275253
0.819452 0.273162
0.834662 0.27105
0.849872 0.26892
0.865081 0.266771
0.880291 0.264606
0.8955 0.262426
0.91071 0.260232
0.925919 0.258026
0.941129 0.255808
0.956339 0.25358
0.971548 0.251343
0.986758 0.249098
1.00197 0.246846
1.01718 0.244589
1.03239 0.242327
1.0476 0.240062
1.06281 0.237794
1.07802 0.235524
1.09322 0.233254
1.10843 0.230983
1.12364 0.228714
1.13885 0.226447
1.15406 0.224183
1.16927 0.221922
1.18448 0.219665
1.19969 0.217413
1.2149 0.215167
1.23011 0.212927
1.24532 0.210695
1.26053 0.208469
1.27574 0.206252
1.29095 0.204044
1.30616 0.201845
1.32137 0.199656
1.33658 0.197477
1.35179 0.195309
1.367 0.193152
1.38221 0.191007
1.39742 0.188874
1.41263 0.186753
1.42784 0.184645
1.44304 0.18255
1.45825 0.180469
1.47346 0.178402
1.48867 0.176348
1.50388 0.174309
1.51909 0.172284
1.5343 0.170274
1.54951 0.168279
1.56472 0.1663
1.57993 0.164335
1.59514 0.162387
1.61035 0.160454
1.62556 0.158537
1.64077 0.156636
1.65598 0.154751
1.67119 0.152882
1.6864 0.15103
1.70161 0.149195
1.71682 0.147375
1.73203 0.145573
1.74724 0.143787
1.76245 0.142017
1.77766 0.140265
1.79286 0.138529
1.80807 0.13681
1.82328 0.135107
1.83849 0.133422
1.8537 0.131753
1.86891 0.130101
1.88412 0.128466
1.89933 0.126847
1.91454 0.125246
1.92975 0.12366
1.94496 0.122092
1.96017 0.12054
1.97538 0.119004
1.99059 0.117485
2.0058 0.115983
2.02101 0.114496
2.03622 0.113026
2.05143 0.111572
2.06664 0.110134
2.08185 0.108712
2.09706 0.107307
2.11227 0.105916
2.12748 0.104542
2.14268 0.103183
2.15789 0.10184
2.1731 0.100512
2.18831 0.0991997
2.20352 0.0979025
2.21873 0.0966204
2.23394 0.0953532
2.24915 0.094101
2.26436 0.0928635
2.27957 0.0916407
2.29478 0.0904325
2.30999 0.0892387
2.3252 0.0880591
2.34041 0.0868938
2.35562 0.0857426
2.37083 0.0846053
2.38604 0.0834818
2.40125 0.082372
2.41646 0.0812758
2.43167 0.080193
2.44688 0.0791236
2.46209 0.0780674
2.4773 0.0770242
2.4925 0.075994
2.50771 0.0749767
2.52292 0.073972
2.53813 0.0729799
2.55334 0.0720002
2.56855 0.0710329
2.58376 0.0700777
2.59897 0.0691347
2.61418 0.0682035
2.62939 0.0672842
2.6446 0.0663766
2.65981 0.0654806
2.67502 0.064596
2.69023 0.0637227
2.70544 0.0628606
2.72065 0.0620096
2.73586 0.0611696
2.75107 0.0603403
2.76628 0.0595219
2.78149 0.058714
2.7967 0.0579165
2.81191 0.0571295
2.82712 0.0563526
2.84233 0.0555859
2.85753 0.0548292
2.87274 0.0540824
2.88795 0.0533454
2.90316 0.052618
2.91837 0.0519002
2.93358 0.0511918
2.94879 0.0504927
2.964 0.0498029
2.97921 0.0491221
2.99442 0.0484503
3.00963 0.0477875
3.02484 0.0471334
3.04005 0.046488
3.05526 0.0458511
3.07047 0.0452228
3.08568 0.0446027
3.10089 0.043991
3.1161 0.0433874
3.13131 0.0427919
3.14652 0.0422043
3.16173 0.0416245
3.17694 0.0410526
3.19215 0.0404883
3.20735 0.0399316
3.22256 0.0393823
3.23777 0.0388404
3.25298 0.0383058
3.26819 0.0377785
3.2834 0.0372582
3.29861 0.0367449
3.31382 0.0362386
3.32903 0.0357391
3.34424 0.0352463
3.35945 0.0347602
3.37466 0.0342807
3.38987 0.0338077
3.40508 0.0333411
3.42029 0.0328808
3.4355 0.0324268
3.45071 0.0319789
3.46592 0.0315371
3.48113 0.0311013
3.49634 0.0306715
3.51155 0.0302475
3.52676 0.0298293
3.54197 0.0294167
3.55717 0.0290098
3.57238 0.0286085
3.58759 0.0282126
3.6028 0.0278222
3.61801 0.0274371
3.63322 0.0270572
3.64843 0.0266825
3.66364 0.026313
3.67885 0.0259485
3.69406 0.0255891
3.70927 0.0252345
3.72448 0.0248848
3.73969 0.0245399
3.7549 0.0241997
3.77011 0.0238642
3.78532 0.0235334
3.80053 0.023207
3.81574 0.0228852
3.83095 0.0225677
3.84616 0.0222547
3.86137 0.0219459
3.87658 0.0216414
3.89179 0.0213411
3.90699 0.0210449
3.9222 0.0207528
3.93741 0.0204647
3.95262 0.0201806
3.96783 0.0199004
3.98304 0.0196241
3.99825 0.0193516
4.01346 0.0190828
4.02867 0.0188178
4.04388 0.0185564
4.05909 0.0182987
4.0743 0.0180444
4.08951 0.0177938
4.10472 0.0175465
4.11993 0.0173027
4.13514 0.0170623
4.15035 0.0168252
4.16556 0.0165913
4.18077 0.0163607
4.19598 0.0161333
4.21119 0.0159091
4.2264 0.0156879
4.24161 0.0154699
4.25681 0.0152548
4.27202 0.0150427
4.28723 0.0148336
4.30244 0.0146273
4.31765 0.0144239
4.33286 0.0142234
4.34807 0.0140256
4.36328 0.0138306
4.37849 0.0136382
4.3937 0.0134486
4.40891 0.0132615
4.42412 0.0130771
4.43933 0.0128952
4.45454 0.0127159
4.46975 0.012539
4.48496 0.0123646
4.50017 0.0121926
4.51538 0.012023
4.53059 0.0118558
4.5458 0.0116909
4.56101 0.0115282
4.57622 0.0113679
4.59143 0.0112097
4.60663 0.0110538
4.62184 0.0109
4.63705 0.0107484
4.65226 0.0105989
4.66747 0.0104514
4.68268 0.010306
4.69789 0.0101627
4.7131 0.0100213
4.72831 0.00988189
4.74352 0.00974443
4.75873 0.00960887
4.77394 0.0094752
4.78915 0.00934339
4.80436 0.00921341
4.81957 0.00908524
4.83478 0.00895886
4.84999 0.00883424
4.8652 0.00871135
4.88041 0.00859017
4.89562 0.00847068
4.91083 0.00835285
4.92604 0.00823666
4.94125 0.00812209
4.95645 0.00800911
4.97166 0.00789771
4.98687 0.00778786
5.00208 0.00767954
5.01729 0.00757273
5.0325 0.00746741
5.04771 0.00736355
5.06292 0.00726114
5.07813 0.00716015
5.09334 0.00706057
5.10855 0.00696238
5.12376 0.00686556
5.13897 0.00677009
5.15418 0.00667594
5.16939 0.00658311
5.1846 0.00649157
5.19981 0.0064013
5.21502 0.0063123
5.23023 0.00622453
5.24544 0.00613799
5.26065 0.00605265
5.27586 0.0059685
5.29107 0.00588552
5.30628 0.0058037
5.32148 0.00572302
5.33669 0.00564347
5.3519 0.00556502
5.36711 0.00548766
5.38232 0.00541139
5.39753 0.00533617
5.41274 0.005262
5.42795 0.00518887
5.44316 0.00511676
5.45837 0.00504565
5.47358 0.00497553
5.48879 0.00490639
5.504 0.00483821
5.51921 0.00477098
5.53442 0.00470469
5.54963 0.00463932
5.56484 0.00457487
5.58005 0.00451131
5.59526 0.00444863
5.61047 0.00438683
5.62568 0.00432589
5.64089 0.0042658
5.6561 0.00420655
5.6713 0.00414812
5.68651 0.00409051
5.70172 0.0040337
5.71693 0.00397768
5.73214 0.00392244
5.74735 0.00386797
5.76256 0.00381426
5.77777 0.0037613
5.79298 0.00370907
5.80819 0.00365757
5.8234 0.00360679
5.83861 0.00355672
5.85382 0.00350734
5.86903 0.00345866
5.88424 0.00341065
5.89945 0.0033633
5.91466 0.00331662
5.92987 0.00327059
5.94508 0.0032252
5.96029 0.00318044
5.9755 0.00313631
5.99071 0.00309278
6.00592 0.00304987
6.02112 0.00300755
6.03633 0.00296582
6.05154 0.00292468
6.06675 0.0028841
6.08196 0.00284409
6.09717 0.00280464
6.11238 0.00276574
6.12759 0.00272737
6.1428 0.00268955
6.15801 0.00265224
6.17322 0.00261546
6.18843 0.00257919
6.20364 0.00254343
6.21885 0.00250816
6.23406 0.00247338
6.24927 0.00243909
6.26448 0.00240527
6.27969 0.00237193
6.2949 0.00233905
6.31011 0.00230662
6.32532 0.00227465
6.34053 0.00224312
6.35574 0.00221203
6.37094 0.00218138
6.38615 0.00215115
6.40136 0.00212134
6.41657 0.00209194
6.43178 0.00206295
6.44699 0.00203437
6.4622 0.00200619
6.47741 0.00197839
6.49262 0.00195098
6.50783 0.00192396
6.52304 0.00189731
6.53825 0.00187103
6.55346 0.00184511
6.56867 0.00181956
6.58388 0.00179436
6.59909 0.00176951
6.6143 0.00174501
6.62951 0.00172085
6.64472 0.00169702
6.65993 0.00167352
6.67514 0.00165036
6.69035 0.00162751
6.70556 0.00160498
6.72076 0.00158276
6.73597 0.00156086
6.75118 0.00153925
6.76639 0.00151795
6.7816 0.00149694
6.79681 0.00147623
6.81202 0.0014558
6.82723 0.00143566
6.84244 0.00141579
6.85765 0.0013962
6.87286 0.00137689
6.88807 0.00135784
6.90328 0.00133906
6.91849 0.00132053
6.9337 0.00130227
6.94891 0.00128426
6.96412 0.0012665
6.97933 0.00124898
6.99454 0.00123171
7.00975 0.00121468
7.02496 0.00119788
7.04017 0.00118132
7.05538 0.00116499
7.07058 0.00114888
7.08579 0.001133
7.101 0.00111734
7.11621 0.00110189
7.13142 0.00108666
7.14663 0.00107164
7.16184 0.00105683
7.17705 0.00104223
7.19226 0.00102783
7.20747 0.00101362
7.22268 0.000999619
7.23789 0.000985808
7.2531 0.000972188
7.26831 0.000958758
7.28352 0.000945513
7.29873 0.000932452
7.31394 0.000919573
7.32915 0.000906872
7.34436 0.000894347
7.35957 0.000881996
7.37478 0.000869816
7.38999 0.000857804
7.4052 0.00084596
7.4204 0.000834279
7.43561 0.000822761
7.45082 0.000811402
7.46603 0.0008002
7.48124 0.000789154
7.49645 0.000778261
7.51166 0.000767519
7.52687 0.000756925
7.54208 0.000746479
7.55729 0.000736177
7.5725 0.000726018
7.58771 0.000715999
7.60292 0.00070612
7.61813 0.000696377
7.63334 0.000686769
7.64855 0.000677295
7.66376 0.000667951
7.67897 0.000658737
7.69418 0.000649651
7.70939 0.00064069
7.7246 0.000631853
7.73981 0.000623139
7.75502 0.000614545
7.77023 0.000606071
7.78543 0.000597713
7.80064 0.000589472
7.81585 0.000581344
7.83106 0.000573329
7.84627 0.000565425
7.86148 0.00055763
7.87669 0.000549943
7.8919 0.000542363
7.90711 0.000534887
7.92232 0.000527515
7.93753 0.000520245
7.95274 0.000513075
7.96795 0.000506005
7.98316 0.000499032
7.99837 0.000492156
8.01358 0.000485375
8.02879 0.000478688
8.044 0.000472093
8.05921 0.00046559
8.07442 0.000459176
8.08963 0.000452851
8.10484 0.000446614
8.12005 0.000440462
8.13525 0.000434396
8.15046 0.000428414
8.16567 0.000422514
8.18088 0.000416696
8.19609 0.000410958
8.2113 0.0004053
8.22651 0.00039972
8.24172 0.000394217
8.25693 0.00038879
8.27214 0.000383438
8.28735 0.000378159
8.30256 0.000372954
8.31777 0.000367821
8.33298 0.000362759
8.34819 0.000357766
8.3634 0.000352843
8.37861 0.000347988
8.39382 0.000343199
8.40903 0.000338477
8.42424 0.00033382
8.43945 0.000329227
8.45466 0.000324698
8.46987 0.000320231
8.48507 0.000315826
8.50028 0.000311482
8.51549 0.000307198
8.5307 0.000302973
8.54591 0.000298806
8.56112 0.000294697
8.57633 0.000290644
8.59154 0.000286647
8.60675 0.000282706
8.62196 0.000278819
8.63717 0.000274985
8.65238 0.000271205
8.66759 0.000267477
8.6828 0.0002638
8.69801 0.000260173
8.71322 0.000256597
8.72843 0.00025307
8.74364 0.000249592
8.75885 0.000246162
8.77406 0.000242779
8.78927 0.000239443
8.80448 0.000236153
8.81969 0.000232908
8.83489 0.000229708
