-111.651 8.76572e-06
-111.533 8.85759e-06
-111.414 8.95041e-06
-111.296 9.04421e-06
-111.178 9.13898e-06
-111.059 9.23474e-06
-110.941 9.3315e-06
-110.822 9.42927e-06
-110.704 9.52806e-06
-110.586 9.62789e-06
-110.467 9.72875e-06
-110.349 9.83066e-06
-110.23 9.93364e-06
-110.112 1.00377e-05
-109.993 1.01428e-05
-109.875 1.02491e-05
-109.757 1.03564e-05
-109.638 1.04649e-05
-109.52 1.05745e-05
-109.401 1.06852e-05
-109.283 1.07971e-05
-109.165 1.09101e-05
-109.046 1.10244e-05
-108.928 1.11398e-05
-108.809 1.12564e-05
-108.691 1.13743e-05
-108.572 1.14934e-05
-108.454 1.16137e-05
-108.336 1.17352e-05
-108.217 1.18581e-05
-108.099 1.19822e-05
-107.98 1.21076e-05
-107.862 1.22343e-05
-107.744 1.23624e-05
-107.625 1.24917e-05
-107.507 1.26224e-05
-107.388 1.27545e-05
-107.27 1.2888e-05
-107.152 1.30228e-05
-107.033 1.31591e-05
-106.915 1.32967e-05
-106.796 1.34358e-05
-106.678 1.35764e-05
-106.559 1.37184e-05
-106.441 1.38619e-05
-106.323 1.40069e-05
-106.204 1.41534e-05
-106.086 1.43014e-05
-105.967 1.4451e-05
-105.849 1.46021e-05
-105.731 1.47548e-05
-105.612 1.49091e-05
-105.494 1.5065e-05
-105.375 1.52225e-05
-105.257 1.53816e-05
-105.138 1.55424e-05
-105.02 1.57049e-05
-104.902 1.58691e-05
-104.783 1.6035e-05
-104.665 1.62026e-05
-104.546 1.63719e-05
-104.428 1.6543e-05
-104.31 1.67159e-05
-104.191 1.68906e-05
-104.073 1.70671e-05
-103.954 1.72454e-05
-103.836 1.74256e-05
-103.718 1.76077e-05
-103.599 1.77917e-05
-103.481 1.79775e-05
-103.362 1.81654e-05
-103.244 1.83551e-05
-103.125 1.85468e-05
-103.007 1.87406e-05
-102.889 1.89363e-05
-102.77 1.91341e-05
-102.652 1.93339e-05
-102.533 1.95358e-05
-102.415 1.97398e-05
-102.297 1.99459e-05
-102.178 2.01542e-05
-102.06 2.03646e-05
-101.941 2.05772e-05
-101.823 2.07921e-05
-101.704 2.10091e-05
-101.586 2.12284e-05
-101.468 2.145e-05
-101.349 2.16739e-05
-101.231 2.19001e-05
-101.112 2.21287e-05
-100.994 2.23596e-05
-100.876 2.2593e-05
-100.757 2.28287e-05
-100.639 2.30669e-05
-100.52 2.33076e-05
-100.402 2.35508e-05
-100.284 2.37965e-05
-100.165 2.40447e-05
-100.047 2.42955e-05
-99.9283 2.4549e-05
-99.8099 2.4805e-05
-99.6915 2.50637e-05
-99.573 2.53251e-05
-99.4546 2.55893e-05
-99.3362 2.58561e-05
-99.2178 2.61257e-05
-99.0994 2.63981e-05
-98.981 2.66734e-05
-98.8626 2.69515e-05
-98.7441 2.72325e-05
-98.6257 2.75164e-05
-98.5073 2.78032e-05
-98.3889 2.8093e-05
-98.2705 2.83858e-05
-98.1521 2.86817e-05
-98.0337 2.89806e-05
-97.9152 2.92826e-05
-97.7968 2.95878e-05
-97.6784 2.98961e-05
-97.56 3.02076e-05
-97.4416 3.05223e-05
-97.3232 3.08403e-05
-97.2048 3.11616e-05
-97.0864 3.14862e-05
-96.9679 3.18142e-05
-96.8495 3.21456e-05
-96.7311 3.24804e-05
-96.6127 3.28186e-05
-96.4943 3.31604e-05
-96.3759 3.35058e-05
-96.2575 3.38546e-05
-96.139 3.42072e-05
-96.0206 3.45633e-05
-95.9022 3.49232e-05
-95.7838 3.52867e-05
-95.6654 3.56541e-05
-95.547 3.60252e-05
-95.4286 3.64002e-05
-95.3101 3.67791e-05
-95.1917 3.71618e-05
-95.0733 3.75486e-05
-94.9549 3.79393e-05
-94.8365 3.83341e-05
-94.7181 3.8733e-05
-94.5997 3.9136e-05
-94.4812 3.95431e-05
-94.3628 3.99545e-05
-94.2444 4.03701e-05
-94.126 4.07901e-05
-94.0076 4.12143e-05
-93.8892 4.1643e-05
-93.7708 4.20761e-05
-93.6523 4.25137e-05
-93.5339 4.29557e-05
-93.4155 4.34024e-05
-93.2971 4.38537e-05
-93.1787 4.43096e-05
-93.0603 4.47703e-05
-92.9419 4.52357e-05
-92.8235 4.57059e-05
-92.705 4.6181e-05
-92.5866 4.6661e-05
-92.4682 4.71459e-05
-92.3498 4.76359e-05
-92.2314 4.81309e-05
-92.113 4.8631e-05
-91.9946 4.91363e-05
-91.8761 4.96468e-05
-91.7577 5.01626e-05
-91.6393 5.06837e-05
-91.5209 5.12102e-05
-91.4025 5.17421e-05
-91.2841 5.22796e-05
-91.1657 5.28225e-05
-91.0472 5.33711e-05
-90.9288 5.39253e-05
-90.8104 5.44852e-05
-90.692 5.5051e-05
-90.5736 5.56225e-05
-90.4552 5.62e-05
-90.3368 5.67834e-05
-90.2183 5.73728e-05
-90.0999 5.79683e-05
-89.9815 5.857e-05
-89.8631 5.91778e-05
-89.7447 5.97919e-05
-89.6263 6.04124e-05
-89.5079 6.10392e-05
-89.3894 6.16726e-05
-89.271 6.23124e-05
-89.1526 6.29588e-05
-89.0342 6.36119e-05
-88.9158 6.42717e-05
-88.7974 6.49384e-05
-88.679 6.56118e-05
-88.5606 6.62923e-05
-88.4421 6.69797e-05
-88.3237 6.76742e-05
-88.2053 6.83759e-05
-88.0869 6.90848e-05
-87.9685 6.9801e-05
-87.8501 7.05246e-05
-87.7317 7.12556e-05
-87.6132 7.19941e-05
-87.4948 7.27403e-05
-87.3764 7.34941e-05
-87.258 7.42557e-05
-87.1396 7.50251e-05
-87.0212 7.58025e-05
-86.9028 7.65878e-05
-86.7843 7.73812e-05
-86.6659 7.81828e-05
-86.5475 7.89926e-05
-86.4291 7.98108e-05
-86.3107 8.06374e-05
-86.1923 8.14724e-05
-86.0739 8.23161e-05
-85.9554 8.31684e-05
-85.837 8.40295e-05
-85.7186 8.48995e-05
-85.6002 8.57784e-05
-85.4818 8.66663e-05
-85.3634 8.75633e-05
-85.245 8.84696e-05
-85.1266 8.93852e-05
-85.0081 9.03102e-05
-84.8897 9.12447e-05
-84.7713 9.21887e-05
-84.6529 9.31425e-05
-84.5345 9.41061e-05
-84.4161 9.50796e-05
-84.2977 9.6063e-05
-84.1792 9.70566e-05
-84.0608 9.80604e-05
-83.9424 9.90744e-05
-83.824 0.000100099
-83.7056 0.000101134
-83.5872 0.00010218
-83.4688 0.000103236
-83.3503 0.000104303
-83.2319 0.000105381
-83.1135 0.00010647
-82.9951 0.000107571
-82.8767 0.000108682
-82.7583 0.000109805
-82.6399 0.00011094
-82.5214 0.000112086
-82.403 0.000113244
-82.2846 0.000114414
-82.1662 0.000115596
-82.0478 0.00011679
-81.9294 0.000117996
-81.811 0.000119214
-81.6925 0.000120445
-81.5741 0.000121689
-81.4557 0.000122945
-81.3373 0.000124214
-81.2189 0.000125497
-81.1005 0.000126792
-80.9821 0.0001281
-80.8637 0.000129422
-80.7452 0.000130758
-80.6268 0.000132107
-80.5084 0.00013347
-80.39 0.000134847
-80.2716 0.000136238
-80.1532 0.000137643
-80.0348 0.000139063
-79.9163 0.000140497
-79.7979 0.000141946
-79.6795 0.00014341
-79.5611 0.000144888
-79.4427 0.000146382
-79.3243 0.000147891
-79.2059 0.000149415
-79.0874 0.000150955
-78.969 0.000152511
-78.8506 0.000154083
-78.7322 0.000155671
-78.6138 0.000157274
-78.4954 0.000158895
-78.377 0.000160532
-78.2585 0.000162185
-78.1401 0.000163856
-78.0217 0.000165543
-77.9033 0.000167248
-77.7849 0.00016897
-77.6665 0.00017071
-77.5481 0.000172467
-77.4296 0.000174243
-77.3112 0.000176036
-77.1928 0.000177848
-77.0744 0.000179678
-76.956 0.000181527
-76.8376 0.000183395
-76.7192 0.000185282
-76.6008 0.000187188
-76.4823 0.000189113
-76.3639 0.000191059
-76.2455 0.000193024
-76.1271 0.000195009
-76.0087 0.000197014
-75.8903 0.00019904
-75.7719 0.000201086
-75.6534 0.000203153
-75.535 0.000205241
-75.4166 0.000207351
-75.2982 0.000209482
-75.1798 0.000211634
-75.0614 0.000213809
-74.943 0.000216005
-74.8245 0.000218224
-74.7061 0.000220466
-74.5877 0.00022273
-74.4693 0.000225018
-74.3509 0.000227329
-74.2325 0.000229663
-74.1141 0.000232021
-73.9956 0.000234403
-73.8772 0.000236809
-73.7588 0.000239239
-73.6404 0.000241695
-73.522 0.000244175
-73.4036 0.00024668
-73.2852 0.000249211
-73.1668 0.000251768
-73.0483 0.000254351
-72.9299 0.000256959
-72.8115 0.000259595
-72.6931 0.000262257
-72.5747 0.000264946
-72.4563 0.000267662
-72.3379 0.000270406
-72.2194 0.000273178
-72.101 0.000275978
-71.9826 0.000278806
-71.8642 0.000281663
-71.7458 0.000284549
-71.6274 0.000287464
-71.509 0.000290409
-71.3905 0.000293383
-71.2721 0.000296388
-71.1537 0.000299423
-71.0353 0.000302489
-70.9169 0.000305586
-70.7985 0.000308715
-70.6801 0.000311875
-70.5616 0.000315067
-70.4432 0.000318291
-70.3248 0.000321548
-70.2064 0.000324838
-70.088 0.000328162
-69.9696 0.000331519
-69.8512 0.00033491
-69.7327 0.000338335
-69.6143 0.000341795
-69.4959 0.000345289
-69.3775 0.00034882
-69.2591 0.000352385
-69.1407 0.000355987
-69.0223 0.000359626
-68.9039 0.000363301
-68.7854 0.000367013
-68.667 0.000370763
-68.5486 0.00037455
-68.4302 0.000378376
-68.3118 0.00038224
-68.1934 0.000386144
-68.075 0.000390087
-67.9565 0.000394069
-67.8381 0.000398092
-67.7197 0.000402156
-67.6013 0.00040626
-67.4829 0.000410406
-67.3645 0.000414594
-67.2461 0.000418823
-67.1276 0.000423096
-67.0092 0.000427411
-66.8908 0.00043177
-66.7724 0.000436173
-66.654 0.000440621
-66.5356 0.000445113
-66.4172 0.00044965
-66.2987 0.000454233
-66.1803 0.000458862
-66.0619 0.000463538
-65.9435 0.000468261
-65.8251 0.000473031
-65.7067 0.000477849
-65.5883 0.000482716
-65.4698 0.000487632
-65.3514 0.000492597
-65.233 0.000497612
-65.1146 0.000502678
-64.9962 0.000507794
-64.8778 0.000512962
-64.7594 0.000518182
-64.641 0.000523454
-64.5225 0.000528779
-64.4041 0.000534157
-64.2857 0.00053959
-64.1673 0.000545077
-64.0489 0.000550619
-63.9305 0.000556217
-63.8121 0.000561871
-63.6936 0.000567581
-63.5752 0.000573349
-63.4568 0.000579175
-63.3384 0.000585059
-63.22 0.000591002
-63.1016 0.000597004
-62.9832 0.000603067
-62.8647 0.000609191
-62.7463 0.000615375
-62.6279 0.000621622
-62.5095 0.000627931
-62.3911 0.000634304
-62.2727 0.00064074
-62.1543 0.00064724
-62.0358 0.000653806
-61.9174 0.000660437
-61.799 0.000667135
-61.6806 0.000673899
-61.5622 0.000680731
-61.4438 0.000687631
-61.3254 0.000694601
-61.207 0.00070164
-61.0885 0.000708749
-60.9701 0.000715929
-60.8517 0.000723181
-60.7333 0.000730505
-60.6149 0.000737902
-60.4965 0.000745373
-60.3781 0.000752919
-60.2596 0.000760539
-60.1412 0.000768236
-60.0228 0.00077601
-59.9044 0.000783861
-59.786 0.00079179
-59.6676 0.000799798
-59.5492 0.000807886
-59.4307 0.000816054
-59.3123 0.000824304
-59.1939 0.000832636
-59.0755 0.000841051
-58.9571 0.000849549
-58.8387 0.000858132
-58.7203 0.0008668
-58.6018 0.000875555
-58.4834 0.000884396
-58.365 0.000893326
-58.2466 0.000902344
-58.1282 0.000911451
-58.0098 0.000920649
-57.8914 0.000929938
-57.7729 0.00093932
-57.6545 0.000948795
-57.5361 0.000958363
-57.4177 0.000968027
-57.2993 0.000977786
-57.1809 0.000987642
-57.0625 0.000997596
-56.9441 0.00100765
-56.8256 0.0010178
-56.7072 0.00102805
-56.5888 0.00103841
-56.4704 0.00104886
-56.352 0.00105942
-56.2336 0.00107009
-56.1152 0.00108086
-55.9967 0.00109173
-55.8783 0.00110272
-55.7599 0.00111381
-55.6415 0.00112501
-55.5231 0.00113632
-55.4047 0.00114775
-55.2863 0.00115929
-55.1678 0.00117094
-55.0494 0.0011827
-54.931 0.00119458
-54.8126 0.00120658
-54.6942 0.0012187
-54.5758 0.00123094
-54.4574 0.0012433
-54.3389 0.00125577
-54.2205 0.00126838
-54.1021 0.0012811
-53.9837 0.00129395
-53.8653 0.00130693
-53.7469 0.00132004
-53.6285 0.00133327
-53.51 0.00134664
-53.3916 0.00136013
-53.2732 0.00137376
-53.1548 0.00138752
-53.0364 0.00140142
-52.918 0.00141546
-52.7996 0.00142963
-52.6812 0.00144394
-52.5627 0.00145839
-52.4443 0.00147298
-52.3259 0.00148772
-52.2075 0.0015026
-52.0891 0.00151763
-51.9707 0.0015328
-51.8523 0.00154812
-51.7338 0.00156359
-51.6154 0.00157922
-51.497 0.00159499
-51.3786 0.00161092
-51.2602 0.00162701
-51.1418 0.00164325
-51.0234 0.00165966
-50.9049 0.00167622
-50.7865 0.00169294
-50.6681 0.00170983
-50.5497 0.00172688
-50.4313 0.0017441
-50.3129 0.00176149
-50.1945 0.00177904
-50.076 0.00179677
-49.9576 0.00181467
-49.8392 0.00183274
-49.7208 0.00185099
-49.6024 0.00186942
-49.484 0.00188803
-49.3656 0.00190682
-49.2472 0.00192579
-49.1287 0.00194494
-49.0103 0.00196428
-48.8919 0.00198381
-48.7735 0.00200353
-48.6551 0.00202344
-48.5367 0.00204354
-48.4183 0.00206384
-48.2998 0.00208433
-48.1814 0.00210502
-48.063 0.00212592
-47.9446 0.00214701
-47.8262 0.00216831
-47.7078 0.00218982
-47.5894 0.00221153
-47.4709 0.00223346
-47.3525 0.00225559
-47.2341 0.00227794
-47.1157 0.00230051
-46.9973 0.00232329
-46.8789 0.00234629
-46.7605 0.00236952
-46.642 0.00239297
-46.5236 0.00241664
-46.4052 0.00244054
-46.2868 0.00246468
-46.1684 0.00248904
-46.05 0.00251364
-45.9316 0.00253848
-45.8131 0.00256355
-45.6947 0.00258887
-45.5763 0.00261443
-45.4579 0.00264023
-45.3395 0.00266628
-45.2211 0.00269258
-45.1027 0.00271914
-44.9843 0.00274595
-44.8658 0.00277301
-44.7474 0.00280034
-44.629 0.00282792
-44.5106 0.00285578
-44.3922 0.00288389
-44.2738 0.00291228
-44.1554 0.00294093
-44.0369 0.00296986
-43.9185 0.00299907
-43.8001 0.00302856
-43.6817 0.00305832
-43.5633 0.00308837
-43.4449 0.00311871
-43.3265 0.00314933
-43.208 0.00318025
-43.0896 0.00321146
-42.9712 0.00324297
-42.8528 0.00327478
-42.7344 0.00330689
-42.616 0.0033393
-42.4976 0.00337202
-42.3791 0.00340505
-42.2607 0.0034384
-42.1423 0.00347206
-42.0239 0.00350604
-41.9055 0.00354034
-41.7871 0.00357497
-41.6687 0.00360992
-41.5502 0.00364521
-41.4318 0.00368082
-41.3134 0.00371678
-41.195 0.00375307
-41.0766 0.00378971
-40.9582 0.00382669
-40.8398 0.00386401
-40.7214 0.00390169
-40.6029 0.00393973
-40.4845 0.00397812
-40.3661 0.00401687
-40.2477 0.00405599
-40.1293 0.00409548
-40.0109 0.00413533
-39.8925 0.00417556
-39.774 0.00421616
-39.6556 0.00425715
-39.5372 0.00429852
-39.4188 0.00434027
-39.3004 0.00438242
-39.182 0.00442496
-39.0636 0.0044679
-38.9451 0.00451123
-38.8267 0.00455498
-38.7083 0.00459913
-38.5899 0.00464369
-38.4715 0.00468866
-38.3531 0.00473405
-38.2347 0.00477987
-38.1162 0.00482611
-37.9978 0.00487278
-37.8794 0.00491988
-37.761 0.00496742
-37.6426 0.0050154
-37.5242 0.00506382
-37.4058 0.00511269
-37.2874 0.00516202
-37.1689 0.0052118
-37.0505 0.00526203
-36.9321 0.00531273
-36.8137 0.0053639
-36.6953 0.00541554
-36.5769 0.00546766
-36.4585 0.00552025
-36.34 0.00557333
-36.2216 0.00562689
-36.1032 0.00568095
-35.9848 0.0057355
-35.8664 0.00579055
-35.748 0.0058461
-35.6296 0.00590216
-35.5111 0.00595874
-35.3927 0.00601583
-35.2743 0.00607344
-35.1559 0.00613158
-35.0375 0.00619024
-34.9191 0.00624944
-34.8007 0.00630918
-34.6822 0.00636946
-34.5638 0.00643029
-34.4454 0.00649167
-34.327 0.0065536
-34.2086 0.0066161
-34.0902 0.00667916
-33.9718 0.00674279
-33.8533 0.00680699
-33.7349 0.00687177
-33.6165 0.00693714
-33.4981 0.0070031
-33.3797 0.00706965
-33.2613 0.00713679
-33.1429 0.00720454
-33.0245 0.0072729
-32.906 0.00734186
-32.7876 0.00741145
-32.6692 0.00748166
-32.5508 0.00755249
-32.4324 0.00762396
-32.314 0.00769606
-32.1956 0.0077688
-32.0771 0.0078422
-31.9587 0.00791624
-31.8403 0.00799094
-31.7219 0.0080663
-31.6035 0.00814233
-31.4851 0.00821903
-31.3667 0.00829641
-31.2482 0.00837447
-31.1298 0.00845322
-31.0114 0.00853266
-30.893 0.0086128
-30.7746 0.00869365
-30.6562 0.0087752
-30.5378 0.00885747
-30.4193 0.00894045
-30.3009 0.00902417
-30.1825 0.00910861
-30.0641 0.00919379
-29.9457 0.00927971
-29.8273 0.00936637
-29.7089 0.00945379
-29.5904 0.00954197
-29.472 0.00963091
-29.3536 0.00972062
-29.2352 0.0098111
-29.1168 0.00990236
-28.9984 0.00999441
-28.88 0.0100872
-28.7616 0.0101809
-28.6431 0.0102753
-28.5247 0.0103706
-28.4063 0.0104666
-28.2879 0.0105635
-28.1695 0.0106612
-28.0511 0.0107598
-27.9327 0.0108591
-27.8142 0.0109593
-27.6958 0.0110604
-27.5774 0.0111623
-27.459 0.0112651
-27.3406 0.0113687
-27.2222 0.0114733
-27.1038 0.0115786
-26.9853 0.0116849
-26.8669 0.0117921
-26.7485 0.0119001
-26.6301 0.0120091
-26.5117 0.012119
-26.3933 0.0122297
-26.2749 0.0123414
-26.1564 0.012454
-26.038 0.0125676
-25.9196 0.0126821
-25.8012 0.0127975
-25.6828 0.0129139
-25.5644 0.0130312
-25.446 0.0131495
-25.3276 0.0132687
-25.2091 0.0133889
-25.0907 0.0135101
-24.9723 0.0136323
-24.8539 0.0137554
-24.7355 0.0138796
-24.6171 0.0140047
-24.4987 0.0141309
-24.3802 0.014258
-24.2618 0.0143862
-24.1434 0.0145154
-24.025 0.0146456
-23.9066 0.0147769
-23.7882 0.0149092
-23.6698 0.0150425
-23.5513 0.0151769
-23.4329 0.0153123
-23.3145 0.0154488
-23.1961 0.0155864
-23.0777 0.015725
-22.9593 0.0158647
-22.8409 0.0160055
-22.7224 0.0161474
-22.604 0.0162903
-22.4856 0.0164344
-22.3672 0.0165795
-22.2488 0.0167258
-22.1304 0.0168732
-22.012 0.0170216
-21.8935 0.0171712
-21.7751 0.0173219
-21.6567 0.0174738
-21.5383 0.0176268
-21.4199 0.0177809
-21.3015 0.0179361
-21.1831 0.0180925
-21.0647 0.0182501
-20.9462 0.0184088
-20.8278 0.0185687
-20.7094 0.0187297
-20.591 0.0188919
-20.4726 0.0190552
-20.3542 0.0192197
-20.2358 0.0193854
-20.1173 0.0195523
-19.9989 0.0197203
-19.8805 0.0198895
-19.7621 0.0200599
-19.6437 0.0202315
-19.5253 0.0204043
-19.4069 0.0205783
-19.2884 0.0207535
-19.17 0.0209298
-19.0516 0.0211074
-18.9332 0.0212862
-18.8148 0.0214661
-18.6964 0.0216473
-18.578 0.0218296
-18.4595 0.0220132
-18.3411 0.0221979
-18.2227 0.0223839
-18.1043 0.022571
-17.9859 0.0227594
-17.8675 0.022949
-17.7491 0.0231397
-17.6306 0.0233317
-17.5122 0.0235248
-17.3938 0.0237192
-17.2754 0.0239147
-17.157 0.0241114
-17.0386 0.0243093
-16.9202 0.0245084
-16.8018 0.0247087
-16.6833 0.0249101
-16.5649 0.0251128
-16.4465 0.0253165
-16.3281 0.0255215
-16.2097 0.0257276
-16.0913 0.0259348
-15.9729 0.0261432
-15.8544 0.0263528
-15.736 0.0265634
-15.6176 0.0267752
-15.4992 0.0269881
-15.3808 0.0272021
-15.2624 0.0274172
-15.144 0.0276333
-15.0255 0.0278506
-14.9071 0.0280689
-14.7887 0.0282883
-14.6703 0.0285087
-14.5519 0.0287301
-14.4335 0.0289525
-14.3151 0.029176
-14.1966 0.0294004
-14.0782 0.0296257
-13.9598 0.0298521
-13.8414 0.0300793
-13.723 0.0303075
-13.6046 0.0305366
-13.4862 0.0307665
-13.3678 0.0309973
-13.2493 0.031229
-13.1309 0.0314614
-13.0125 0.0316947
-12.8941 0.0319286
-12.7757 0.0321634
-12.6573 0.0323988
-12.5389 0.0326349
-12.4204 0.0328717
-12.302 0.033109
-12.1836 0.033347
-12.0652 0.0335855
-11.9468 0.0338246
-11.8284 0.0340641
-11.71 0.0343041
-11.5915 0.0345445
-11.4731 0.0347852
-11.3547 0.0350263
-11.2363 0.0352676
-11.1179 0.0355092
-10.9995 0.035751
-10.8811 0.0359929
-10.7626 0.0362349
-10.6442 0.0364769
-10.5258 0.036719
-10.4074 0.0369609
-10.289 0.0372027
-10.1706 0.0374443
-10.0522 0.0376857
-9.93375 0.0379267
-9.81533 0.0381673
-9.69692 0.0384074
-9.57851 0.038647
-9.46009 0.038886
-9.34168 0.0391242
-9.22327 0.0393617
-9.10485 0.0395983
-8.98644 0.0398339
-8.86802 0.0400685
-8.74961 0.0403019
-8.6312 0.040534
-8.51278 0.0407647
-8.39437 0.040994
-8.27595 0.0412217
-8.15754 0.0414476
-8.03913 0.0416718
-7.92071 0.0418939
-7.8023 0.0421139
-7.68389 0.0423317
-7.56547 0.0425471
-7.44706 0.04276
-7.32864 0.0429701
-7.21023 0.0431773
-7.09182 0.0433816
-6.9734 0.0435825
-6.85499 0.0437801
-6.73657 0.043974
-6.61816 0.0441641
-6.49975 0.0443502
-6.38133 0.044532
-6.26292 0.0447093
-6.14451 0.0448819
-6.02609 0.0450494
-5.90768 0.0452117
-5.78926 0.0453684
-5.67085 0.0455192
-5.55244 0.0456639
-5.43402 0.0458021
-5.31561 0.0459334
-5.19719 0.0460574
-5.07878 0.0461739
-4.96037 0.0462824
-4.84195 0.0463824
-4.72354 0.0464735
-4.60513 0.0465552
-4.48671 0.0466271
-4.3683 0.0466886
-4.24988 0.046739
-4.13147 0.0467779
-4.01306 0.0468046
-3.89464 0.0468183
-3.77623 0.0468183
-3.65781 0.0468039
-3.5394 0.0467742
-3.42099 0.0467284
-3.30257 0.0466653
-3.18416 0.0465841
-3.06574 0.0464834
-2.94733 0.0463623
-2.82892 0.0462192
-2.7105 0.0460528
-2.59209 0.0458614
-2.47368 0.0456433
-2.35526 0.0453967
-2.23685 0.0451194
-2.11843 0.0448092
-2.00002 0.0444633
-1.88161 0.044079
-1.76319 0.0436531
-1.64478 0.043182
-1.52636 0.0426616
-1.40795 0.0420873
-1.28954 0.0414541
-1.17112 0.0407562
-1.05271 0.039987
-0.934295 0.0391395
-0.815881 0.0382057
-0.697468 0.0371774
-0.579054 0.0360464
-0.46064 0.0348053
-0.342226 0.033449
-0.223812 0.0319769
-0.105398 0.0303946
0.0130156 0.0287162
0.131429 0.026964
0.249843 0.0251672
0.368257 0.0233579
0.486671 0.0215674
0.605085 0.0198231
0.723499 0.0181468
0.841913 0.0165541
0.960326 0.0150554
1.07874 0.0136562
1.19715 0.0123586
1.31557 0.0111618
1.43398 0.0100631
1.5524 0.00905833
1.67081 0.00814255
1.78922 0.00731027
1.90764 0.00655573
2.02605 0.00587316
2.14447 0.00525686
2.26288 0.00470133
2.38129 0.00420131
2.49971 0.00375186
2.61812 0.00334835
2.73653 0.00298647
2.85495 0.00266224
2.97336 0.00237201
3.09178 0.00211242
3.21019 0.0018804
3.3286 0.00167318
3.44702 0.00148822
3.56543 0.00132322
3.68385 0.00117612
3.80226 0.00104503
3.92067 0.000928264
4.03909 0.00082431
4.1575 0.000731798
4.27591 0.000649501
4.39433 0.000576316
4.51274 0.000511258
4.63116 0.000453443
4.74957 0.000402081
4.86798 0.000356464
4.9864 0.000315961
5.10481 0.000280008
5.22323 0.000248102
5.34164 0.000219794
5.46005 0.000194685
5.57847 0.000172416
5.69688 0.000152672
5.81529 0.000135169
5.93371 0.000119656
6.05212 0.00010591
6.17054 9.37299e-05
6.28895 8.29406e-05
6.40736 7.33843e-05
6.52578 6.49216e-05
6.64419 5.74283e-05
