-4.14945 0.000355993
-4.13947 0.000363673
-4.12948 0.000371519
-4.1195 0.000379533
-4.10951 0.00038772
-4.09953 0.000396084
-4.08954 0.000404627
-4.07956 0.000413354
-4.06957 0.00042227
-4.05959 0.000431377
-4.0496 0.00044068
-4.03962 0.000450183
-4.02963 0.000459891
-4.01964 0.000469808
-4.00966 0.000479938
-3.99967 0.000490285
-3.98969 0.000500856
-3.9797 0.000511654
-3.96972 0.000522684
-3.95973 0.000533951
-3.94975 0.000545461
-3.93976 0.000557218
-3.92978 0.000569228
-3.91979 0.000581496
-3.9098 0.000594027
-3.89982 0.000606828
-3.88983 0.000619904
-3.87985 0.000633261
-3.86986 0.000646905
-3.85988 0.000660842
-3.84989 0.000675079
-3.83991 0.000689621
-3.82992 0.000704475
-3.81994 0.000719648
-3.80995 0.000735147
-3.79997 0.000750979
-3.78998 0.000767151
-3.77999 0.000783669
-3.77001 0.000800543
-3.76002 0.000817778
-3.75004 0.000835382
-3.74005 0.000853365
-3.73007 0.000871733
-3.72008 0.000890495
-3.7101 0.000909659
-3.70011 0.000929234
-3.69013 0.000949229
-3.68014 0.000969652
-3.67016 0.000990512
-3.66017 0.00101182
-3.65018 0.00103358
-3.6402 0.00105581
-3.63021 0.00107852
-3.62023 0.00110171
-3.61024 0.0011254
-3.60026 0.0011496
-3.59027 0.00117431
-3.58029 0.00119955
-3.5703 0.00122534
-3.56032 0.00125167
-3.55033 0.00127857
-3.54035 0.00130604
-3.53036 0.0013341
-3.52037 0.00136276
-3.51039 0.00139203
-3.5004 0.00142192
-3.49042 0.00145246
-3.48043 0.00148365
-3.47045 0.0015155
-3.46046 0.00154803
-3.45048 0.00158126
-3.44049 0.0016152
-3.43051 0.00164986
-3.42052 0.00168526
-3.41054 0.00172141
-3.40055 0.00175834
-3.39056 0.00179605
-3.38058 0.00183456
-3.37059 0.0018739
-3.36061 0.00191408
-3.35062 0.00195511
-3.34064 0.00199701
-3.33065 0.0020398
-3.32067 0.00208351
-3.31068 0.00212815
-3.3007 0.00217373
-3.29071 0.00222028
-3.28073 0.00226783
-3.27074 0.00231638
-3.26075 0.00236597
-3.25077 0.00241661
-3.24078 0.00246832
-3.2308 0.00252113
-3.22081 0.00257506
-3.21083 0.00263014
-3.20084 0.00268639
-3.19086 0.00274382
-3.18087 0.00280248
-3.17089 0.00286237
-3.1609 0.00292354
-3.15092 0.002986
-3.14093 0.00304978
-3.13094 0.00311492
-3.12096 0.00318143
-3.11097 0.00324934
-3.10099 0.0033187
-3.091 0.00338952
-3.08102 0.00346183
-3.07103 0.00353567
-3.06105 0.00361107
-3.05106 0.00368806
-3.04108 0.00376668
-3.03109 0.00384695
-3.0211 0.00392892
-3.01112 0.00401261
-3.00113 0.00409806
-2.99115 0.00418532
-2.98116 0.0042744
-2.97118 0.00436537
-2.96119 0.00445824
-2.95121 0.00455307
-2.94122 0.00464989
-2.93124 0.00474875
-2.92125 0.00484967
-2.91127 0.00495272
-2.90128 0.00505793
-2.89129 0.00516534
-2.88131 0.005275
-2.87132 0.00538696
-2.86134 0.00550126
-2.85135 0.00561795
-2.84137 0.00573709
-2.83138 0.00585871
-2.8214 0.00598287
-2.81141 0.00610963
-2.80143 0.00623903
-2.79144 0.00637113
-2.78146 0.00650598
-2.77147 0.00664364
-2.76148 0.00678417
-2.7515 0.00692762
-2.74151 0.00707406
-2.73153 0.00722354
-2.72154 0.00737612
-2.71156 0.00753187
-2.70157 0.00769085
-2.69159 0.00785313
-2.6816 0.00801877
-2.67162 0.00818784
-2.66163 0.00836041
-2.65165 0.00853655
-2.64166 0.00871633
-2.63167 0.00889982
-2.62169 0.0090871
-2.6117 0.00927824
-2.60172 0.00947331
-2.59173 0.00967241
-2.58175 0.0098756
-2.57176 0.010083
-2.56178 0.0102946
-2.55179 0.0105106
-2.54181 0.010731
-2.53182 0.0109559
-2.52184 0.0111855
-2.51185 0.0114197
-2.50186 0.0116587
-2.49188 0.0119026
-2.48189 0.0121515
-2.47191 0.0124054
-2.46192 0.0126646
-2.45194 0.012929
-2.44195 0.0131988
-2.43197 0.0134741
-2.42198 0.0137549
-2.412 0.0140415
-2.40201 0.0143338
-2.39203 0.0146321
-2.38204 0.0149364
-2.37205 0.0152469
-2.36207 0.0155636
-2.35208 0.0158868
-2.3421 0.0162164
-2.33211 0.0165526
-2.32213 0.0168957
-2.31214 0.0172456
-2.30216 0.0176025
-2.29217 0.0179665
-2.28219 0.0183379
-2.2722 0.0187167
-2.26222 0.019103
-2.25223 0.019497
-2.24224 0.0198989
-2.23226 0.0203087
-2.22227 0.0207267
-2.21229 0.021153
-2.2023 0.0215878
-2.19232 0.0220311
-2.18233 0.0224832
-2.17235 0.0229442
-2.16236 0.0234143
-2.15238 0.0238936
-2.14239 0.0243824
-2.13241 0.0248807
-2.12242 0.0253888
-2.11243 0.0259068
-2.10245 0.0264349
-2.09246 0.0269734
-2.08248 0.0275223
-2.07249 0.0280818
-2.06251 0.0286522
-2.05252 0.0292337
-2.04254 0.0298264
-2.03255 0.0304305
-2.02257 0.0310462
-2.01258 0.0316738
-2.00259 0.0323135
-1.99261 0.0329653
-1.98262 0.0336297
-1.97264 0.0343067
-1.96265 0.0349966
-1.95267 0.0356996
-1.94268 0.0364159
-1.9327 0.0371458
-1.92271 0.0378895
-1.91273 0.0386472
-1.90274 0.0394191
-1.89276 0.0402055
-1.88277 0.0410066
-1.87278 0.0418227
-1.8628 0.042654
-1.85281 0.0435007
-1.84283 0.0443631
-1.83284 0.0452415
-1.82286 0.046136
-1.81287 0.047047
-1.80289 0.0479747
-1.7929 0.0489194
-1.78292 0.0498814
-1.77293 0.0508608
-1.76295 0.051858
-1.75296 0.0528732
-1.74297 0.0539067
-1.73299 0.0549589
-1.723 0.0560299
-1.71302 0.05712
-1.70303 0.0582295
-1.69305 0.0593588
-1.68306 0.060508
-1.67308 0.0616775
-1.66309 0.0628675
-1.65311 0.0640784
-1.64312 0.0653105
-1.63314 0.0665639
-1.62315 0.0678391
-1.61316 0.0691362
-1.60318 0.0704557
-1.59319 0.0717978
-1.58321 0.0731627
-1.57322 0.0745508
-1.56324 0.0759624
-1.55325 0.0773978
-1.54327 0.0788572
-1.53328 0.080341
-1.5233 0.0818494
-1.51331 0.0833828
-1.50333 0.0849414
-1.49334 0.0865256
-1.48335 0.0881355
-1.47337 0.0897716
-1.46338 0.091434
-1.4534 0.0931231
-1.44341 0.0948392
-1.43343 0.0965825
-1.42344 0.0983533
-1.41346 0.100152
-1.40347 0.101978
-1.39349 0.103833
-1.3835 0.105717
-1.37352 0.107629
-1.36353 0.109571
-1.35354 0.111541
-1.34356 0.113542
-1.33357 0.115572
-1.32359 0.117632
-1.3136 0.119722
-1.30362 0.121843
-1.29363 0.123994
-1.28365 0.126177
-1.27366 0.12839
-1.26368 0.130634
-1.25369 0.13291
-1.24371 0.135218
-1.23372 0.137557
-1.22373 0.139928
-1.21375 0.142332
-1.20376 0.144767
-1.19378 0.147234
-1.18379 0.149734
-1.17381 0.152266
-1.16382 0.154831
-1.15384 0.157428
-1.14385 0.160057
-1.13387 0.162719
-1.12388 0.165414
-1.11389 0.168141
-1.10391 0.170901
-1.09392 0.173693
-1.08394 0.176517
-1.07395 0.179374
-1.06397 0.182263
-1.05398 0.185184
-1.044 0.188137
-1.03401 0.191122
-1.02403 0.194138
-1.01404 0.197186
-1.00406 0.200264
-0.99407 0.203374
-0.984085 0.206514
-0.974099 0.209684
-0.964114 0.212884
-0.954129 0.216114
-0.944143 0.219372
-0.934158 0.222659
-0.924172 0.225975
-0.914187 0.229318
-0.904202 0.232689
-0.894216 0.236086
-0.884231 0.239509
-0.874246 0.242958
-0.86426 0.246431
-0.854275 0.249929
-0.844289 0.25345
-0.834304 0.256994
-0.824319 0.26056
-0.814333 0.264147
-0.804348 0.267754
-0.794362 0.271381
-0.784377 0.275026
-0.774392 0.278689
-0.764406 0.282369
-0.754421 0.286064
-0.744435 0.289773
-0.73445 0.293496
-0.724465 0.297231
-0.714479 0.300977
-0.704494 0.304733
-0.694508 0.308498
-0.684523 0.31227
-0.674538 0.316048
-0.664552 0.319831
-0.654567 0.323618
-0.644581 0.327406
-0.634596 0.331194
-0.624611 0.334982
-0.614625 0.338767
-0.60464 0.342548
-0.594655 0.346324
-0.584669 0.350092
-0.574684 0.353851
-0.564698 0.3576
-0.554713 0.361336
-0.544728 0.365059
-0.534742 0.368765
-0.524757 0.372454
-0.514771 0.376124
-0.504786 0.379772
-0.494801 0.383398
-0.484815 0.386998
-0.47483 0.390572
-0.464844 0.394117
-0.454859 0.397632
-0.444874 0.401114
-0.434888 0.404561
-0.424903 0.407972
-0.414917 0.411345
-0.404932 0.414677
-0.394947 0.417967
-0.384961 0.421213
-0.374976 0.424413
-0.36499 0.427564
-0.355005 0.430666
-0.34502 0.433715
-0.335034 0.43671
-0.325049 0.43965
-0.315064 0.442532
-0.305078 0.445354
-0.295093 0.448114
-0.285107 0.450812
-0.275122 0.453444
-0.265137 0.456009
-0.255151 0.458505
-0.245166 0.460931
-0.23518 0.463285
-0.225195 0.465566
-0.21521 0.46777
-0.205224 0.469898
-0.195239 0.471948
-0.185253 0.473918
-0.175268 0.475806
-0.165283 0.477612
-0.155297 0.479334
-0.145312 0.480971
-0.135326 0.482521
-0.125341 0.483984
-0.115356 0.485358
-0.10537 0.486642
-0.0953849 0.487836
-0.0853995 0.488939
-0.0754141 0.489949
-0.0654287 0.490867
-0.0554433 0.49169
-0.0454579 0.49242
-0.0354725 0.493054
-0.0254871 0.493594
-0.0155017 0.494038
-0.00551633 0.494386
0.00446906 0.494638
0.0144545 0.494794
0.0244398 0.494853
0.0344252 0.494816
0.0444106 0.494683
0.054396 0.494454
0.0643814 0.494128
0.0743668 0.493708
0.0843522 0.493192
0.0943376 0.492581
0.104323 0.491877
0.114308 0.491078
0.124294 0.490187
0.134279 0.489204
0.144265 0.488129
0.15425 0.486963
0.164235 0.485709
0.174221 0.484365
0.184206 0.482934
0.194192 0.481417
0.204177 0.479815
0.214162 0.478128
0.224148 0.476359
0.234133 0.474509
0.244118 0.472579
0.254104 0.47057
0.264089 0.468484
0.274075 0.466323
0.28406 0.464088
0.294045 0.461781
0.304031 0.459403
0.314016 0.456957
0.324002 0.454443
0.333987 0.451864
0.343972 0.449221
0.353958 0.446516
0.363943 0.443752
0.373929 0.440929
0.383914 0.438049
0.393899 0.435116
0.403885 0.43213
0.41387 0.429093
0.423856 0.426007
0.433841 0.422874
0.443826 0.419697
0.453812 0.416476
0.463797 0.413214
0.473783 0.409913
0.483768 0.406575
0.493753 0.403201
0.503739 0.399794
0.513724 0.396355
0.523709 0.392886
0.533695 0.38939
0.54368 0.385867
0.553666 0.38232
0.563651 0.37875
0.573636 0.37516
0.583622 0.371551
0.593607 0.367924
0.603593 0.364282
0.613578 0.360626
0.623563 0.356958
0.633549 0.353279
0.643534 0.349592
0.65352 0.345897
0.663505 0.342196
0.67349 0.338491
0.683476 0.334783
0.693461 0.331074
0.703447 0.327365
0.713432 0.323657
0.723417 0.319952
0.733403 0.316251
0.743388 0.312555
0.753374 0.308866
0.763359 0.305185
0.773344 0.301513
0.78333 0.297851
0.793315 0.2942
0.8033 0.290562
0.813286 0.286937
0.823271 0.283326
0.833257 0.279731
0.843242 0.276153
0.853227 0.272591
0.863213 0.269047
0.873198 0.265523
0.883184 0.262018
0.893169 0.258534
0.903154 0.255071
0.91314 0.25163
0.923125 0.248212
0.933111 0.244817
0.943096 0.241445
0.953081 0.238099
0.963067 0.234777
0.973052 0.231481
0.983038 0.228211
0.993023 0.224968
1.00301 0.221752
1.01299 0.218563
1.02298 0.215402
1.03296 0.212269
1.04295 0.209164
1.05294 0.206089
1.06292 0.203042
1.07291 0.200025
1.08289 0.197038
1.09288 0.19408
1.10286 0.191153
1.11285 0.188255
1.12283 0.185388
1.13282 0.182552
1.1428 0.179746
1.15279 0.176971
1.16277 0.174227
1.17276 0.171513
1.18275 0.168831
1.19273 0.166179
1.20272 0.163559
1.2127 0.160969
1.22269 0.15841
1.23267 0.155883
1.24266 0.153386
1.25264 0.15092
1.26263 0.148484
1.27261 0.14608
1.2826 0.143706
1.29258 0.141362
1.30257 0.139049
1.31256 0.136766
1.32254 0.134513
1.33253 0.13229
1.34251 0.130097
1.3525 0.127934
1.36248 0.125799
1.37247 0.123695
1.38245 0.121619
1.39244 0.119572
1.40242 0.117554
1.41241 0.115564
1.42239 0.113603
1.43238 0.111669
1.44237 0.109764
1.45235 0.107886
1.46234 0.106035
1.47232 0.104212
1.48231 0.102415
1.49229 0.100646
1.50228 0.098902
1.51226 0.0971847
1.52225 0.0954932
1.53223 0.0938273
1.54222 0.0921869
1.5522 0.0905715
1.56219 0.088981
1.57218 0.0874151
1.58216 0.0858735
1.59215 0.0843559
1.60213 0.0828621
1.61212 0.0813919
1.6221 0.0799448
1.63209 0.0785208
1.64207 0.0771194
1.65206 0.0757405
1.66204 0.0743837
1.67203 0.0730488
1.68202 0.0717355
1.692 0.0704436
1.70199 0.0691728
1.71197 0.0679227
1.72196 0.0666932
1.73194 0.0654839
1.74193 0.0642947
1.75191 0.0631252
1.7619 0.0619751
1.77188 0.0608443
1.78187 0.0597324
1.79185 0.0586392
1.80184 0.0575644
1.81183 0.0565078
1.82181 0.0554692
1.8318 0.0544481
1.84178 0.0534445
1.85177 0.0524581
1.86175 0.0514885
1.87174 0.0505356
1.88172 0.0495992
1.89171 0.0486789
1.90169 0.0477746
1.91168 0.0468859
1.92166 0.0460127
1.93165 0.0451548
1.94164 0.0443119
1.95162 0.0434837
1.96161 0.0426701
1.97159 0.0418708
1.98158 0.0410856
1.99156 0.0403143
2.00155 0.0395567
2.01153 0.0388125
2.02152 0.0380815
2.0315 0.0373636
2.04149 0.0366585
2.05147 0.035966
2.06146 0.035286
2.07145 0.0346181
2.08143 0.0339623
2.09142 0.0333182
2.1014 0.0326858
2.11139 0.0320649
2.12137 0.0314552
2.13136 0.0308565
2.14134 0.0302688
2.15133 0.0296917
2.16131 0.0291252
2.1713 0.028569
2.18128 0.028023
2.19127 0.027487
2.20126 0.0269608
2.21124 0.0264443
2.22123 0.0259373
2.23121 0.0254397
2.2412 0.0249512
2.25118 0.0244718
2.26117 0.0240012
2.27115 0.0235393
2.28114 0.023086
2.29112 0.0226412
2.30111 0.0222046
2.31109 0.0217761
2.32108 0.0213556
2.33107 0.020943
2.34105 0.0205381
2.35104 0.0201407
2.36102 0.0197508
2.37101 0.0193682
2.38099 0.0189928
2.39098 0.0186245
2.40096 0.0182631
2.41095 0.0179084
2.42093 0.0175605
2.43092 0.0172192
2.4409 0.0168842
2.45089 0.0165557
2.46088 0.0162333
2.47086 0.015917
2.48085 0.0156068
2.49083 0.0153024
2.50082 0.0150038
2.5108 0.0147109
2.52079 0.0144236
2.53077 0.0141418
2.54076 0.0138653
2.55074 0.0135941
2.56073 0.0133281
2.57072 0.0130671
2.5807 0.0128112
2.59069 0.0125601
2.60067 0.0123139
2.61066 0.0120724
2.62064 0.0118355
2.63063 0.0116032
2.64061 0.0113753
2.6506 0.0111518
2.66058 0.0109326
2.67057 0.0107177
2.68055 0.0105069
2.69054 0.0103001
2.70053 0.0100974
2.71051 0.00989852
2.7205 0.00970352
2.73048 0.0095123
2.74047 0.00932477
2.75045 0.00914087
2.76044 0.00896054
2.77042 0.0087837
2.78041 0.0086103
2.79039 0.00844026
2.80038 0.00827352
2.81036 0.00811003
2.82035 0.00794971
2.83034 0.00779251
2.84032 0.00763837
2.85031 0.00748723
2.86029 0.00733904
2.87028 0.00719374
2.88026 0.00705127
2.89025 0.00691159
2.90023 0.00677463
2.91022 0.00664034
2.9202 0.00650869
2.93019 0.0063796
2.94017 0.00625304
2.95016 0.00612896
2.96015 0.00600731
2.97013 0.00588804
2.98012 0.00577111
2.9901 0.00565648
3.00009 0.00554409
3.01007 0.00543391
3.02006 0.00532589
3.03004 0.00522
3.04003 0.00511618
3.05001 0.00501441
3.06 0.00491463
3.06998 0.00481682
3.07997 0.00472094
3.08996 0.00462694
3.09994 0.0045348
3.10993 0.00444447
3.11991 0.00435592
3.1299 0.00426912
3.13988 0.00418403
3.14987 0.00410062
3.15985 0.00401886
3.16984 0.00393871
3.17982 0.00386014
3.18981 0.00378313
3.19979 0.00370764
3.20978 0.00363364
3.21977 0.0035611
3.22975 0.00349001
3.23974 0.00342031
3.24972 0.003352
3.25971 0.00328504
3.26969 0.00321941
3.27968 0.00315508
3.28966 0.00309202
3.29965 0.00303021
3.30963 0.00296963
3.31962 0.00291025
3.3296 0.00285205
3.33959 0.002795
3.34958 0.00273909
3.35956 0.00268429
3.36955 0.00263057
3.37953 0.00257793
3.38952 0.00252633
3.3995 0.00247575
3.40949 0.00242618
3.41947 0.0023776
3.42946 0.00232998
3.43944 0.00228331
3.44943 0.00223757
3.45941 0.00219274
3.4694 0.00214881
3.47939 0.00210574
3.48937 0.00206354
3.49936 0.00202218
3.50934 0.00198164
3.51933 0.00194191
3.52931 0.00190297
3.5393 0.00186481
3.54928 0.00182741
3.55927 0.00179075
3.56925 0.00175483
3.57924 0.00171962
3.58923 0.00168512
3.59921 0.0016513
3.6092 0.00161816
3.61918 0.00158568
3.62917 0.00155385
3.63915 0.00152266
3.64914 0.00149209
3.65912 0.00146213
3.66911 0.00143277
3.67909 0.001404
3.68908 0.0013758
3.69906 0.00134817
3.70905 0.00132108
3.71904 0.00129454
3.72902 0.00126854
3.73901 0.00124305
3.74899 0.00121807
3.75898 0.00119359
3.76896 0.0011696
3.77895 0.0011461
3.78893 0.00112306
3.79892 0.00110048
3.8089 0.00107836
3.81889 0.00105668
3.82887 0.00103543
3.83886 0.00101461
3.84885 0.00099421
3.85883 0.000974217
3.86882 0.000954623
3.8788 0.000935423
3.88879 0.000916608
3.89877 0.00089817
3.90876 0.000880101
3.91874 0.000862396
3.92873 0.000845045
3.93871 0.000828042
3.9487 0.000811381
3.95868 0.000795054
3.96867 0.000779055
3.97866 0.000763376
3.98864 0.000748013
3.99863 0.000732957
4.00861 0.000718205
4.0186 0.000703748
4.02858 0.000689582
4.03857 0.0006757
4.04855 0.000662097
4.05854 0.000648767
4.06852 0.000635705
4.07851 0.000622905
4.08849 0.000610363
4.09848 0.000598072
4.10847 0.000586029
4.11845 0.000574227
4.12844 0.000562663
4.13842 0.000551331
4.14841 0.000540227
4.15839 0.000529347
4.16838 0.000518685
4.17836 0.000508237
4.18835 0.000497999
4.19833 0.000487968
4.20832 0.000478138
4.2183 0.000468505
4.22829 0.000459067
4.23828 0.000449818
4.24826 0.000440756
4.25825 0.000431875
4.26823 0.000423174
4.27822 0.000414647
4.2882 0.000406292
4.29819 0.000398106
4.30817 0.000390083
4.31816 0.000382223
4.32814 0.00037452
4.33813 0.000366973
4.34811 0.000359577
4.3581 0.000352331
4.36809 0.00034523
4.37807 0.000338272
4.38806 0.000331455
4.39804 0.000324774
4.40803 0.000318228
4.41801 0.000311814
4.428 0.000305529
4.43798 0.000299371
4.44797 0.000293337
4.45795 0.000287424
4.46794 0.00028163
4.47793 0.000275953
4.48791 0.00027039
4.4979 0.00026494
4.50788 0.000259599
4.51787 0.000254365
4.52785 0.000249238
4.53784 0.000244213
4.54782 0.00023929
4.55781 0.000234466
4.56779 0.000229739
4.57778 0.000225107
4.58776 0.000220569
4.59775 0.000216122
4.60774 0.000211765
4.61772 0.000207495
4.62771 0.000203312
4.63769 0.000199213
4.64768 0.000195196
4.65766 0.000191261
4.66765 0.000187404
4.67763 0.000183626
4.68762 0.000179924
4.6976 0.000176296
4.70759 0.000172741
4.71757 0.000169258
4.72756 0.000165846
4.73755 0.000162502
4.74753 0.000159225
4.75752 0.000156015
4.7675 0.000152869
4.77749 0.000149787
4.78747 0.000146767
4.79746 0.000143807
4.80744 0.000140908
4.81743 0.000138067
4.82741 0.000135283
4.8374 0.000132555
4.84738 0.000129882
4.85737 0.000127263
4.86736 0.000124697
4.87734 0.000122183
4.88733 0.00011972
4.89731 0.000117306
4.9073 0.00011494
4.91728 0.000112623
4.92727 0.000110352
4.93725 0.000108127
4.94724 0.000105947
4.95722 0.000103811
4.96721 0.000101718
4.97719 9.96668e-05
4.98718 9.76573e-05
4.99717 9.56883e-05
5.00715 9.3759e-05
5.01714 9.18686e-05
5.02712 9.00164e-05
5.03711 8.82015e-05
5.04709 8.64232e-05
5.05708 8.46808e-05
5.06706 8.29735e-05
5.07705 8.13006e-05
5.08703 7.96615e-05
5.09702 7.80555e-05
5.107 7.64818e-05
5.11699 7.49399e-05
5.12698 7.34291e-05
5.13696 7.19487e-05
5.14695 7.04982e-05
5.15693 6.9077e-05
5.16692 6.76844e-05
5.1769 6.63199e-05
5.18689 6.4983e-05
5.19687 6.3673e-05
5.20686 6.23894e-05
5.21684 6.11317e-05
5.22683 5.98994e-05
5.23681 5.8692e-05
5.2468 5.75088e-05
5.25679 5.63496e-05
5.26677 5.52137e-05
5.27676 5.41008e-05
5.28674 5.30103e-05
5.29673 5.19418e-05
5.30671 5.08948e-05
5.3167 4.9869e-05
5.32668 4.88638e-05
5.33667 4.78789e-05
5.34665 4.69139e-05
5.35664 4.59683e-05
5.36663 4.50419e-05
5.37661 4.41341e-05
5.3866 4.32446e-05
5.39658 4.2373e-05
5.40657 4.15191e-05
5.41655 4.06823e-05
5.42654 3.98624e-05
5.43652 3.90591e-05
5.44651 3.8272e-05
5.45649 3.75007e-05
5.46648 3.6745e-05
5.47646 3.60045e-05
5.48645 3.5279e-05
5.49644 3.45681e-05
5.50642 3.38715e-05
5.51641 3.3189e-05
5.52639 3.25203e-05
5.53638 3.1865e-05
5.54636 3.1223e-05
5.55635 3.05939e-05
5.56633 2.99774e-05
5.57632 2.93734e-05
5.5863 2.87816e-05
5.59629 2.82018e-05
5.60627 2.76336e-05
5.61626 2.70769e-05
5.62625 2.65314e-05
5.63623 2.59969e-05
5.64622 2.54731e-05
5.6562 2.496e-05
5.66619 2.44572e-05
5.67617 2.39645e-05
5.68616 2.34818e-05
5.69614 2.30088e-05
5.70613 2.25453e-05
5.71611 2.20912e-05
5.7261 2.16462e-05
5.73608 2.12102e-05
5.74607 2.0783e-05
5.75606 2.03644e-05
5.76604 1.99542e-05
5.77603 1.95523e-05
5.78601 1.91586e-05
5.796 1.87727e-05
5.80598 1.83946e-05
5.81597 1.80242e-05
5.82595 1.76612e-05
