-20.2725 3.47026e-05
-20.2273 3.53248e-05
-20.1822 3.59582e-05
-20.137 3.6603e-05
-20.0919 3.72595e-05
-20.0468 3.79279e-05
-20.0016 3.86083e-05
-19.9565 3.9301e-05
-19.9114 4.00063e-05
-19.8662 4.07243e-05
-19.8211 4.14553e-05
-19.776 4.21995e-05
-19.7308 4.29571e-05
-19.6857 4.37285e-05
-19.6406 4.45138e-05
-19.5954 4.53134e-05
-19.5503 4.61274e-05
-19.5052 4.69561e-05
-19.46 4.77999e-05
-19.4149 4.86589e-05
-19.3698 4.95335e-05
-19.3246 5.0424e-05
-19.2795 5.13305e-05
-19.2344 5.22535e-05
-19.1892 5.31933e-05
-19.1441 5.415e-05
-19.099 5.51242e-05
-19.0538 5.61159e-05
-19.0087 5.71257e-05
-18.9635 5.81538e-05
-18.9184 5.92005e-05
-18.8733 6.02663e-05
-18.8281 6.13514e-05
-18.783 6.24561e-05
-18.7379 6.3581e-05
-18.6927 6.47262e-05
-18.6476 6.58923e-05
-18.6025 6.70796e-05
-18.5573 6.82884e-05
-18.5122 6.95192e-05
-18.4671 7.07724e-05
-18.4219 7.20483e-05
-18.3768 7.33475e-05
-18.3317 7.46703e-05
-18.2865 7.60171e-05
-18.2414 7.73885e-05
-18.1963 7.87848e-05
-18.1511 8.02065e-05
-18.106 8.16542e-05
-18.0609 8.31281e-05
-18.0157 8.46289e-05
-17.9706 8.61571e-05
-17.9254 8.77131e-05
-17.8803 8.92975e-05
-17.8352 9.09107e-05
-17.79 9.25533e-05
-17.7449 9.42259e-05
-17.6998 9.5929e-05
-17.6546 9.76632e-05
-17.6095 9.9429e-05
-17.5644 0.000101227
-17.5192 0.000103058
-17.4741 0.000104922
-17.429 0.000106821
-17.3838 0.000108754
-17.3387 0.000110722
-17.2936 0.000112726
-17.2484 0.000114767
-17.2033 0.000116845
-17.1582 0.000118961
-17.113 0.000121116
-17.0679 0.000123311
-17.0228 0.000125545
-16.9776 0.000127821
-16.9325 0.000130138
-16.8874 0.000132497
-16.8422 0.0001349
-16.7971 0.000137346
-16.7519 0.000139838
-16.7068 0.000142375
-16.6617 0.000144959
-16.6165 0.00014759
-16.5714 0.000150269
-16.5263 0.000152998
-16.4811 0.000155776
-16.436 0.000158605
-16.3909 0.000161487
-16.3457 0.000164421
-16.3006 0.000167409
-16.2555 0.000170452
-16.2103 0.000173551
-16.1652 0.000176707
-16.1201 0.000179921
-16.0749 0.000183194
-16.0298 0.000186528
-15.9847 0.000189922
-15.9395 0.000193379
-15.8944 0.0001969
-15.8493 0.000200485
-15.8041 0.000204137
-15.759 0.000207856
-15.7138 0.000211643
-15.6687 0.0002155
-15.6236 0.000219428
-15.5784 0.000223429
-15.5333 0.000227503
-15.4882 0.000231652
-15.443 0.000235879
-15.3979 0.000240183
-15.3528 0.000244566
-15.3076 0.000249031
-15.2625 0.000253578
-15.2174 0.000258209
-15.1722 0.000262925
-15.1271 0.000267729
-15.082 0.000272622
-15.0368 0.000277605
-14.9917 0.00028268
-14.9466 0.000287849
-14.9014 0.000293114
-14.8563 0.000298477
-14.8112 0.000303939
-14.766 0.000309502
-14.7209 0.000315168
-14.6758 0.000320939
-14.6306 0.000326818
-14.5855 0.000332805
-14.5403 0.000338903
-14.4952 0.000345115
-14.4501 0.000351442
-14.4049 0.000357886
-14.3598 0.000364451
-14.3147 0.000371137
-14.2695 0.000377948
-14.2244 0.000384885
-14.1793 0.000391951
-14.1341 0.000399149
-14.089 0.000406481
-14.0439 0.000413949
-13.9987 0.000421556
-13.9536 0.000429306
-13.9085 0.000437199
-13.8633 0.00044524
-13.8182 0.000453431
-13.7731 0.000461774
-13.7279 0.000470274
-13.6828 0.000478932
-13.6377 0.000487752
-13.5925 0.000496736
-13.5474 0.000505889
-13.5022 0.000515212
-13.4571 0.00052471
-13.412 0.000534386
-13.3668 0.000544243
-13.3217 0.000554284
-13.2766 0.000564513
-13.2314 0.000574934
-13.1863 0.000585551
-13.1412 0.000596366
-13.096 0.000607384
-13.0509 0.00061861
-13.0058 0.000630045
-12.9606 0.000641696
-12.9155 0.000653565
-12.8704 0.000665658
-12.8252 0.000677977
-12.7801 0.000690529
-12.735 0.000703316
-12.6898 0.000716345
-12.6447 0.000729618
-12.5996 0.000743142
-12.5544 0.00075692
-12.5093 0.000770958
-12.4642 0.000785261
-12.419 0.000799834
-12.3739 0.000814682
-12.3287 0.00082981
-12.2836 0.000845224
-12.2385 0.00086093
-12.1933 0.000876932
-12.1482 0.000893237
-12.1031 0.00090985
-12.0579 0.000926778
-12.0128 0.000944027
-11.9677 0.000961602
-11.9225 0.00097951
-11.8774 0.000997758
-11.8323 0.00101635
-11.7871 0.0010353
-11.742 0.00105461
-11.6969 0.00107428
-11.6517 0.00109433
-11.6066 0.00111476
-11.5615 0.00113558
-11.5163 0.00115679
-11.4712 0.00117841
-11.4261 0.00120044
-11.3809 0.00122289
-11.3358 0.00124576
-11.2906 0.00126908
-11.2455 0.00129284
-11.2004 0.00131705
-11.1552 0.00134173
-11.1101 0.00136688
-11.065 0.0013925
-11.0198 0.00141862
-10.9747 0.00144524
-10.9296 0.00147237
-10.8844 0.00150002
-10.8393 0.0015282
-10.7942 0.00155692
-10.749 0.00158619
-10.7039 0.00161603
-10.6588 0.00164643
-10.6136 0.00167742
-10.5685 0.00170901
-10.5234 0.00174121
-10.4782 0.00177403
-10.4331 0.00180747
-10.388 0.00184157
-10.3428 0.00187632
-10.2977 0.00191174
-10.2526 0.00194785
-10.2074 0.00198465
-10.1623 0.00202217
-10.1171 0.00206041
-10.072 0.0020994
-10.0269 0.00213914
-9.98174 0.00217965
-9.93661 0.00222094
-9.89147 0.00226304
-9.84634 0.00230595
-9.8012 0.0023497
-9.75607 0.0023943
-9.71093 0.00243977
-9.6658 0.00248612
-9.62066 0.00253338
-9.57553 0.00258156
-9.5304 0.00263067
-9.48526 0.00268075
-9.44013 0.00273181
-9.39499 0.00278386
-9.34986 0.00283694
-9.30472 0.00289105
-9.25959 0.00294622
-9.21445 0.00300248
-9.16932 0.00305983
-9.12418 0.00311832
-9.07905 0.00317795
-9.03391 0.00323876
-8.98878 0.00330077
-8.94364 0.00336399
-8.89851 0.00342846
-8.85337 0.00349421
-8.80824 0.00356125
-8.76311 0.00362962
-8.71797 0.00369934
-8.67284 0.00377043
-8.6277 0.00384294
-8.58257 0.00391688
-8.53743 0.0039923
-8.4923 0.0040692
-8.44716 0.00414764
-8.40203 0.00422764
-8.35689 0.00430923
-8.31176 0.00439244
-8.26662 0.00447732
-8.22149 0.00456388
-8.17635 0.00465218
-8.13122 0.00474224
-8.08608 0.00483411
-8.04095 0.00492782
-7.99582 0.0050234
-7.95068 0.0051209
-7.90555 0.00522036
-7.86041 0.00532183
-7.81528 0.00542533
-7.77014 0.00553092
-7.72501 0.00563864
-7.67987 0.00574853
-7.63474 0.00586064
-7.5896 0.00597502
-7.54447 0.00609172
-7.49933 0.00621078
-7.4542 0.00633226
-7.40906 0.00645621
-7.36393 0.00658267
-7.3188 0.00671171
-7.27366 0.00684338
-7.22853 0.00697774
-7.18339 0.00711484
-7.13826 0.00725475
-7.09312 0.00739751
-7.04799 0.00754321
-7.00285 0.00769189
-6.95772 0.00784363
-6.91258 0.00799849
-6.86745 0.00815654
-6.82231 0.00831784
-6.77718 0.00848248
-6.73204 0.00865052
-6.68691 0.00882204
-6.64177 0.00899711
-6.59664 0.00917582
-6.55151 0.00935823
-6.50637 0.00954445
-6.46124 0.00973454
-6.4161 0.0099286
-6.37097 0.0101267
-6.32583 0.010329
-6.2807 0.0105355
-6.23556 0.0107463
-6.19043 0.0109615
-6.14529 0.0111813
-6.10016 0.0114057
-6.05502 0.0116349
-6.00989 0.0118689
-5.96475 0.0121078
-5.91962 0.0123518
-5.87448 0.012601
-5.82935 0.0128555
-5.78422 0.0131154
-5.73908 0.0133809
-5.69395 0.013652
-5.64881 0.013929
-5.60368 0.0142118
-5.55854 0.0145008
-5.51341 0.014796
-5.46827 0.0150975
-5.42314 0.0154055
-5.378 0.0157202
-5.33287 0.0160418
-5.28773 0.0163703
-5.2426 0.0167059
-5.19746 0.0170489
-5.15233 0.0173994
-5.10719 0.0177575
-5.06206 0.0181235
-5.01693 0.0184975
-4.97179 0.0188797
-4.92666 0.0192704
-4.88152 0.0196697
-4.83639 0.0200779
-4.79125 0.0204951
-4.74612 0.0209216
-4.70098 0.0213577
-4.65585 0.0218034
-4.61071 0.0222592
-4.56558 0.0227251
-4.52044 0.0232016
-4.47531 0.0236888
-4.43017 0.024187
-4.38504 0.0246965
-4.3399 0.0252176
-4.29477 0.0257505
-4.24964 0.0262956
-4.2045 0.0268532
-4.15937 0.0274236
-4.11423 0.0280071
-4.0691 0.028604
-4.02396 0.0292148
-3.97883 0.0298397
-3.93369 0.0304792
-3.88856 0.0311336
-3.84342 0.0318033
-3.79829 0.0324887
-3.75315 0.0331902
-3.70802 0.0339082
-3.66288 0.0346433
-3.61775 0.0353958
-3.57261 0.0361662
-3.52748 0.036955
-3.48235 0.0377627
-3.43721 0.0385897
-3.39208 0.0394368
-3.34694 0.0403043
-3.30181 0.0411928
-3.25667 0.042103
-3.21154 0.0430354
-3.1664 0.0439907
-3.12127 0.0449694
-3.07613 0.0459723
-3.031 0.047
-2.98586 0.0480532
-2.94073 0.0491326
-2.89559 0.050239
-2.85046 0.0513732
-2.80533 0.052536
-2.76019 0.0537281
-2.71506 0.0549504
-2.66992 0.0562039
-2.62479 0.0574893
-2.57965 0.0588076
-2.53452 0.0601598
-2.48938 0.0615469
-2.44425 0.0629699
-2.39911 0.0644297
-2.35398 0.0659275
-2.30884 0.0674645
-2.26371 0.0690416
-2.21857 0.0706602
-2.17344 0.0723213
-2.1283 0.0740262
-2.08317 0.0757761
-2.03804 0.0775723
-1.9929 0.0794162
-1.94777 0.0813089
-1.90263 0.0832519
-1.8575 0.0852465
-1.81236 0.087294
-1.76723 0.0893958
-1.72209 0.0915532
-1.67696 0.0937675
-1.63182 0.09604
-1.58669 0.0983719
-1.54155 0.100764
-1.49642 0.103219
-1.45128 0.105736
-1.40615 0.108316
-1.36101 0.110961
-1.31588 0.11367
-1.27075 0.116444
-1.22561 0.119283
-1.18048 0.122186
-1.13534 0.125152
-1.09021 0.12818
-1.04507 0.131268
-0.999937 0.134412
-0.954802 0.137609
-0.909668 0.140855
-0.864533 0.144142
-0.819398 0.147464
-0.774264 0.150812
-0.729129 0.154175
-0.683994 0.15754
-0.638859 0.160894
-0.593725 0.164218
-0.54859 0.167494
-0.503455 0.170701
-0.458321 0.173813
-0.413186 0.176805
-0.368051 0.179649
-0.322917 0.182316
-0.277782 0.184775
-0.232647 0.186996
-0.187512 0.188951
-0.142378 0.190614
-0.0972431 0.191961
-0.0521084 0.192975
-0.00697369 0.193643
0.038161 0.193958
0.0832957 0.19392
0.12843 0.193535
0.173565 0.192815
0.2187 0.191778
0.263835 0.190447
0.308969 0.188845
0.354104 0.186999
0.399239 0.184939
0.444373 0.182692
0.489508 0.180286
0.534643 0.177747
0.579777 0.1751
0.624912 0.172367
0.670047 0.169568
0.715182 0.166722
0.760316 0.163846
0.805451 0.160952
0.850586 0.158053
0.89572 0.15516
0.940855 0.152282
0.98599 0.149425
1.03112 0.146596
1.07626 0.143801
1.12139 0.141044
1.16653 0.138327
1.21166 0.135653
1.2568 0.133025
1.30193 0.130444
1.34707 0.127912
1.3922 0.125428
1.43734 0.122993
1.48247 0.120607
1.52761 0.118271
1.57274 0.115984
1.61788 0.113745
1.66301 0.111555
1.70814 0.109411
1.75328 0.107315
1.79841 0.105264
1.84355 0.103258
1.88868 0.101296
1.93382 0.0993778
1.97895 0.0975017
2.02409 0.0956669
2.06922 0.0938725
2.11436 0.0921177
2.15949 0.0904015
2.20463 0.0887229
2.24976 0.0870811
2.2949 0.0854751
2.34003 0.0839041
2.38517 0.0823671
2.4303 0.0808634
2.47543 0.0793922
2.52057 0.0779525
2.5657 0.0765436
2.61084 0.0751648
2.65597 0.0738152
2.70111 0.0724942
2.74624 0.0712009
2.79138 0.0699348
2.83651 0.0686952
2.88165 0.0674813
2.92678 0.0662925
2.97192 0.0651283
3.01705 0.0639879
3.06219 0.0628709
3.10732 0.0617766
3.15246 0.0607045
3.19759 0.059654
3.24272 0.0586247
3.28786 0.0576159
3.33299 0.0566273
3.37813 0.0556583
3.42326 0.0547084
3.4684 0.0537773
3.51353 0.0528644
3.55867 0.0519693
3.6038 0.0510917
3.64894 0.050231
3.69407 0.049387
3.73921 0.0485592
3.78434 0.0477473
3.82948 0.0469508
3.87461 0.0461695
3.91975 0.0454031
3.96488 0.044651
4.01001 0.0439131
4.05515 0.0431891
4.10028 0.0424786
4.14542 0.0417812
4.19055 0.0410969
4.23569 0.0404251
4.28082 0.0397658
4.32596 0.0391185
4.37109 0.0384831
4.41623 0.0378593
4.46136 0.0372468
4.5065 0.0366454
4.55163 0.0360549
4.59677 0.035475
4.6419 0.0349056
4.68704 0.0343463
4.73217 0.033797
4.7773 0.0332575
4.82244 0.0327275
4.86757 0.032207
4.91271 0.0316956
4.95784 0.0311932
5.00298 0.0306996
5.04811 0.0302147
5.09325 0.0297382
5.13838 0.0292701
5.18352 0.02881
5.22865 0.0283579
5.27379 0.0279136
5.31892 0.027477
5.36406 0.0270479
5.40919 0.0266261
5.45432 0.0262115
5.49946 0.0258041
5.54459 0.0254035
5.58973 0.0250097
5.63486 0.0246227
5.68 0.0242421
5.72513 0.023868
5.77027 0.0235001
5.8154 0.0231385
5.86054 0.0227829
5.90567 0.0224332
5.95081 0.0220894
5.99594 0.0217512
6.04108 0.0214187
6.08621 0.0210918
6.13135 0.0207702
6.17648 0.0204539
6.22161 0.0201428
6.26675 0.0198369
6.31188 0.0195359
6.35702 0.0192399
6.40215 0.0189488
6.44729 0.0186623
6.49242 0.0183806
6.53756 0.0181034
6.58269 0.0178307
6.62783 0.0175624
6.67296 0.0172985
6.7181 0.0170388
6.76323 0.0167833
6.80837 0.0165319
6.8535 0.0162846
6.89864 0.0160412
6.94377 0.0158017
6.9889 0.015566
7.03404 0.0153341
7.07917 0.0151059
7.12431 0.0148813
7.16944 0.0146603
7.21458 0.0144428
7.25971 0.0142287
7.30485 0.014018
7.34998 0.0138106
7.39512 0.0136065
7.44025 0.0134056
7.48539 0.0132078
7.53052 0.0130132
7.57566 0.0128216
7.62079 0.012633
7.66593 0.0124473
7.71106 0.0122645
7.75619 0.0120846
7.80133 0.0119075
7.84646 0.0117331
7.8916 0.0115614
7.93673 0.0113924
7.98187 0.011226
8.027 0.0110622
8.07214 0.0109009
8.11727 0.010742
8.16241 0.0105857
8.20754 0.0104317
8.25268 0.0102801
8.29781 0.0101308
8.34295 0.00998378
8.38808 0.00983903
8.43322 0.00969648
8.47835 0.00955611
8.52348 0.00941788
8.56862 0.00928175
8.61375 0.00914769
8.65889 0.00901567
8.70402 0.00888564
8.74916 0.00875759
8.79429 0.00863148
8.83943 0.00850727
8.88456 0.00838494
8.9297 0.00826445
8.97483 0.00814578
9.01997 0.00802889
9.0651 0.00791376
9.11024 0.00780036
9.15537 0.00768867
9.20051 0.00757864
9.24564 0.00747027
9.29077 0.00736351
9.33591 0.00725835
9.38104 0.00715477
9.42618 0.00705272
9.47131 0.0069522
9.51645 0.00685317
9.56158 0.00675562
9.60672 0.00665951
9.65185 0.00656483
9.69699 0.00647156
9.74212 0.00637967
9.78726 0.00628913
9.83239 0.00619994
9.87753 0.00611207
9.92266 0.00602549
9.96779 0.00594019
10.0129 0.00585615
10.0581 0.00577334
10.1032 0.00569175
10.1483 0.00561136
10.1935 0.00553216
10.2386 0.00545411
10.2837 0.00537721
10.3289 0.00530144
10.374 0.00522677
10.4191 0.0051532
10.4643 0.0050807
10.5094 0.00500927
10.5545 0.00493887
10.5997 0.0048695
10.6448 0.00480114
10.69 0.00473378
10.7351 0.0046674
10.7802 0.00460198
10.8254 0.00453751
10.8705 0.00447398
10.9156 0.00441137
10.9608 0.00434966
11.0059 0.00428885
11.051 0.00422893
11.0962 0.00416986
11.1413 0.00411165
11.1864 0.00405428
11.2316 0.00399774
11.2767 0.00394202
11.3218 0.0038871
11.367 0.00383296
11.4121 0.00377961
11.4572 0.00372703
11.5024 0.0036752
11.5475 0.00362411
11.5926 0.00357376
11.6378 0.00352413
11.6829 0.00347521
11.728 0.003427
11.7732 0.00337947
11.8183 0.00333262
11.8635 0.00328644
11.9086 0.00324093
11.9537 0.00319606
11.9989 0.00315183
12.044 0.00310824
12.0891 0.00306526
12.1343 0.0030229
12.1794 0.00298114
12.2245 0.00293997
12.2697 0.00289939
12.3148 0.00285939
12.3599 0.00281996
12.4051 0.00278108
12.4502 0.00274276
12.4953 0.00270498
12.5405 0.00266773
12.5856 0.00263101
12.6307 0.00259481
12.6759 0.00255913
12.721 0.00252395
12.7661 0.00248926
12.8113 0.00245507
12.8564 0.00242136
12.9016 0.00238812
12.9467 0.00235535
12.9918 0.00232305
13.037 0.0022912
13.0821 0.00225979
13.1272 0.00222883
13.1724 0.00219831
13.2175 0.00216821
13.2626 0.00213854
13.3078 0.00210928
13.3529 0.00208044
13.398 0.002052
13.4432 0.00202395
13.4883 0.00199631
13.5334 0.00196904
13.5786 0.00194216
13.6237 0.00191566
13.6688 0.00188952
13.714 0.00186376
13.7591 0.00183835
13.8042 0.0018133
13.8494 0.00178859
13.8945 0.00176423
13.9396 0.00174021
13.9848 0.00171653
14.0299 0.00169318
14.0751 0.00167015
14.1202 0.00164744
14.1653 0.00162505
14.2105 0.00160297
14.2556 0.00158119
14.3007 0.00155972
14.3459 0.00153855
14.391 0.00151767
14.4361 0.00149708
14.4813 0.00147678
14.5264 0.00145676
14.5715 0.00143701
14.6167 0.00141754
14.6618 0.00139834
14.7069 0.0013794
14.7521 0.00136073
14.7972 0.00134232
14.8423 0.00132416
14.8875 0.00130625
14.9326 0.00128858
14.9777 0.00127117
15.0229 0.00125399
15.068 0.00123705
15.1132 0.00122034
15.1583 0.00120387
15.2034 0.00118762
15.2486 0.00117159
15.2937 0.00115579
15.3388 0.0011402
15.384 0.00112483
15.4291 0.00110967
15.4742 0.00109471
15.5194 0.00107997
15.5645 0.00106542
15.6096 0.00105108
15.6548 0.00103693
15.6999 0.00102298
15.745 0.00100921
15.7902 0.00099564
15.8353 0.000982253
15.8804 0.000969049
15.9256 0.000956026
15.9707 0.000943182
16.0158 0.000930513
16.061 0.000918018
16.1061 0.000905694
16.1512 0.000893539
16.1964 0.000881549
16.2415 0.000869724
16.2867 0.00085806
16.3318 0.000846555
16.3769 0.000835208
16.4221 0.000824015
16.4672 0.000812975
16.5123 0.000802086
16.5575 0.000791345
16.6026 0.00078075
16.6477 0.0007703
16.6929 0.000759993
16.738 0.000749825
16.7831 0.000739797
16.8283 0.000729904
16.8734 0.000720146
16.9185 0.000710521
16.9637 0.000701027
17.0088 0.000691662
17.0539 0.000682424
17.0991 0.000673312
17.1442 0.000664323
17.1893 0.000655456
17.2345 0.00064671
17.2796 0.000638082
17.3248 0.000629572
17.3699 0.000621177
17.415 0.000612895
17.4602 0.000604726
17.5053 0.000596667
17.5504 0.000588718
17.5956 0.000580876
17.6407 0.000573141
17.6858 0.00056551
17.731 0.000557982
17.7761 0.000550556
17.8212 0.000543231
17.8664 0.000536004
17.9115 0.000528876
17.9566 0.000521843
18.0018 0.000514905
18.0469 0.000508062
18.092 0.00050131
18.1372 0.00049465
18.1823 0.000488079
18.2274 0.000481597
18.2726 0.000475203
18.3177 0.000468894
18.3628 0.000462671
18.408 0.000456532
18.4531 0.000450475
18.4983 0.000444499
18.5434 0.000438605
18.5885 0.000432789
18.6337 0.000427052
18.6788 0.000421392
18.7239 0.000415808
18.7691 0.000410299
18.8142 0.000404864
18.8593 0.000399502
18.9045 0.000394213
18.9496 0.000388994
18.9947 0.000383845
19.0399 0.000378766
19.085 0.000373754
19.1301 0.00036881
19.1753 0.000363932
19.2204 0.00035912
19.2655 0.000354372
19.3107 0.000349688
19.3558 0.000345066
19.4009 0.000340507
19.4461 0.000336008
19.4912 0.00033157
19.5364 0.000327191
19.5815 0.000322871
19.6266 0.000318608
19.6718 0.000314403
19.7169 0.000310254
19.762 0.00030616
19.8072 0.000302121
19.8523 0.000298136
19.8974 0.000294205
19.9426 0.000290326
19.9877 0.000286498
20.0328 0.000282722
20.078 0.000278996
20.1231 0.00027532
20.1682 0.000271693
20.2134 0.000268114
20.2585 0.000264584
20.3036 0.0002611
20.3488 0.000257662
20.3939 0.000254271
20.439 0.000250924
20.4842 0.000247623
20.5293 0.000244365
20.5744 0.000241151
20.6196 0.000237979
20.6647 0.00023485
20.7099 0.000231762
20.755 0.000228715
20.8001 0.000225709
20.8453 0.000222743
20.8904 0.000219817
20.9355 0.000216929
20.9807 0.00021408
21.0258 0.000211268
21.0709 0.000208494
21.1161 0.000205757
21.1612 0.000203056
21.2063 0.000200391
21.2515 0.000197761
21.2966 0.000195167
21.3417 0.000192606
21.3869 0.00019008
21.432 0.000187587
21.4771 0.000185128
21.5223 0.0001827
21.5674 0.000180306
21.6125 0.000177942
21.6577 0.000175611
21.7028 0.00017331
21.748 0.000171039
21.7931 0.000168799
21.8382 0.000166588
21.8834 0.000164407
21.9285 0.000162254
21.9736 0.00016013
22.0188 0.000158034
22.0639 0.000155966
22.109 0.000153925
22.1542 0.000151911
22.1993 0.000149924
22.2444 0.000147963
22.2896 0.000146028
22.3347 0.000144119
22.3798 0.000142234
22.425 0.000140375
22.4701 0.00013854
22.5152 0.00013673
22.5604 0.000134943
22.6055 0.00013318
22.6506 0.000131441
22.6958 0.000129724
22.7409 0.00012803
22.786 0.000126358
22.8312 0.000124708
22.8763 0.00012308
22.9215 0.000121474
22.9666 0.000119888
23.0117 0.000118324
23.0569 0.00011678
23.102 0.000115257
23.1471 0.000113753
23.1923 0.00011227
23.2374 0.000110806
23.2825 0.000109361
23.3277 0.000107935
23.3728 0.000106528
23.4179 0.00010514
23.4631 0.00010377
23.5082 0.000102418
23.5533 0.000101083
23.5985 9.97667e-05
23.6436 9.84672e-05
23.6887 9.71849e-05
23.7339 9.59194e-05
23.779 9.46705e-05
23.8241 9.3438e-05
23.8693 9.22218e-05
23.9144 9.10215e-05
23.9596 8.9837e-05
24.0047 8.86681e-05
24.0498 8.75145e-05
24.095 8.6376e-05
24.1401 8.52525e-05
24.1852 8.41438e-05
24.2304 8.30496e-05
24.2755 8.19697e-05
24.3206 8.09041e-05
24.3658 7.98524e-05
24.4109 7.88145e-05
24.456 7.77902e-05
24.5012 7.67794e-05
24.5463 7.57818e-05
24.5914 7.47973e-05
24.6366 7.38257e-05
24.6817 7.28668e-05
24.7268 7.19205e-05
24.772 7.09866e-05
24.8171 7.00649e-05
