-5.12399 6.29917e-05
-5.08866 6.67599e-05
-5.05332 7.07514e-05
-5.01799 7.49795e-05
-4.98266 7.94578e-05
-4.94733 8.42011e-05
-4.912 8.92249e-05
-4.87667 9.45455e-05
-4.84134 0.00010018
-4.80601 0.000106147
-4.77068 0.000112466
-4.73535 0.000119158
-4.70001 0.000126243
-4.66468 0.000133745
-4.62935 0.000141688
-4.59402 0.000150097
-4.55869 0.000159
-4.52336 0.000168424
-4.48803 0.000178401
-4.4527 0.000188962
-4.41737 0.00020014
-4.38204 0.000211971
-4.3467 0.000224493
-4.31137 0.000237745
-4.27604 0.000251768
-4.24071 0.000266609
-4.20538 0.000282311
-4.17005 0.000298926
-4.13472 0.000316505
-4.09939 0.000335102
-4.06406 0.000354776
-4.02873 0.000375588
-3.9934 0.000397602
-3.95806 0.000420886
-3.92273 0.000445512
-3.8874 0.000471555
-3.85207 0.000499094
-3.81674 0.000528215
-3.78141 0.000559005
-3.74608 0.000591559
-3.71075 0.000625973
-3.67542 0.000662352
-3.64009 0.000700805
-3.60475 0.000741447
-3.56942 0.0007844
-3.53409 0.00082979
-3.49876 0.000877752
-3.46343 0.000928427
-3.4281 0.000981964
-3.39277 0.00103852
-3.35744 0.00109826
-3.32211 0.00116135
-3.28678 0.00122798
-3.25145 0.00129834
-3.21611 0.00137264
-3.18078 0.00145107
-3.14545 0.00153386
-3.11012 0.00162125
-3.07479 0.00171348
-3.03946 0.00181081
-3.00413 0.00191351
-2.9688 0.00202185
-2.93347 0.00213614
-2.89814 0.00225668
-2.8628 0.0023838
-2.82747 0.00251784
-2.79214 0.00265916
-2.75681 0.00280813
-2.72148 0.00296514
-2.68615 0.0031306
-2.65082 0.00330493
-2.61549 0.00348859
-2.58016 0.00368202
-2.54483 0.00388574
-2.5095 0.00410023
-2.47416 0.00432602
-2.43883 0.00456368
-2.4035 0.00481376
-2.36817 0.00507687
-2.33284 0.00535363
-2.29751 0.00564467
-2.26218 0.00595068
-2.22685 0.00627234
-2.19152 0.00661037
-2.15619 0.00696552
-2.12085 0.00733856
-2.08552 0.00773028
-2.05019 0.00814151
-2.01486 0.0085731
-1.97953 0.00902591
-1.9442 0.00950086
-1.90887 0.00999886
-1.87354 0.0105209
-1.83821 0.0110678
-1.80288 0.0116408
-1.76755 0.0122407
-1.73221 0.0128686
-1.69688 0.0135256
-1.66155 0.0142128
-1.62622 0.0149311
-1.59089 0.0156817
-1.55556 0.0164657
-1.52023 0.0172842
-1.4849 0.0181382
-1.44957 0.0190289
-1.41424 0.0199574
-1.3789 0.0209246
-1.34357 0.0219318
-1.30824 0.0229797
-1.27291 0.0240696
-1.23758 0.0252022
-1.20225 0.0263785
-1.16692 0.0275993
-1.13159 0.0288653
-1.09626 0.0301774
-1.06093 0.0315359
-1.02559 0.0329416
-0.990264 0.0343947
-0.954933 0.0358955
-0.919602 0.0374442
-0.884271 0.0390409
-0.84894 0.0406853
-0.813609 0.0423772
-0.778278 0.044116
-0.742947 0.0459012
-0.707616 0.047732
-0.672285 0.0496071
-0.636954 0.0515255
-0.601624 0.0534857
-0.566293 0.0554859
-0.530962 0.0575243
-0.495631 0.0595988
-0.4603 0.0617071
-0.424969 0.0638465
-0.389638 0.0660144
-0.354307 0.0682079
-0.318976 0.0704237
-0.283645 0.0726586
-0.248314 0.0749091
-0.212983 0.0771716
-0.177652 0.0794425
-0.142321 0.0817178
-0.10699 0.0839937
-0.0716591 0.0862664
-0.0363282 0.0885317
-0.000997229 0.0907859
0.0343337 0.093025
0.0696647 0.0952452
0.104996 0.0974426
0.140327 0.0996137
0.175658 0.101755
0.210989 0.103863
0.246319 0.105935
0.28165 0.107967
0.316981 0.109957
0.352312 0.111902
0.387643 0.113799
0.422974 0.115648
0.458305 0.117445
0.493636 0.119189
0.528967 0.120878
0.564298 0.122511
0.599629 0.124087
0.63496 0.125605
0.670291 0.127065
0.705622 0.128466
0.740953 0.129807
0.776284 0.131089
0.811615 0.132311
0.846946 0.133474
0.882277 0.134577
0.917608 0.135622
0.952939 0.136609
0.98827 0.137538
1.0236 0.138411
1.05893 0.139227
1.09426 0.139988
1.12959 0.140695
1.16492 0.141348
1.20026 0.141949
1.23559 0.142499
1.27092 0.142999
1.30625 0.14345
1.34158 0.143853
1.37691 0.144209
1.41224 0.14452
1.44757 0.144786
1.4829 0.145009
1.51823 0.145191
1.55356 0.145331
1.5889 0.145432
1.62423 0.145494
1.65956 0.14552
1.69489 0.145509
1.73022 0.145462
1.76555 0.145382
1.80088 0.14527
1.83621 0.145125
1.87154 0.14495
1.90687 0.144745
1.94221 0.144512
1.97754 0.14425
2.01287 0.143963
2.0482 0.143649
2.08353 0.143311
2.11886 0.142949
2.15419 0.142564
2.18952 0.142157
2.22485 0.141728
2.26018 0.141279
2.29552 0.140811
2.33085 0.140324
2.36618 0.139818
2.40151 0.139295
2.43684 0.138756
2.47217 0.138201
2.5075 0.137631
2.54283 0.137046
2.57816 0.136447
2.61349 0.135834
2.64882 0.13521
2.68416 0.134573
2.71949 0.133924
2.75482 0.133265
2.79015 0.132595
2.82548 0.131915
2.86081 0.131226
2.89614 0.130528
2.93147 0.129822
2.9668 0.129107
3.00213 0.128385
3.03747 0.127656
3.0728 0.126921
3.10813 0.126179
3.14346 0.125432
3.17879 0.124678
3.21412 0.12392
3.24945 0.123157
3.28478 0.12239
3.32011 0.121619
3.35544 0.120844
3.39077 0.120066
3.42611 0.119284
3.46144 0.1185
3.49677 0.117713
3.5321 0.116925
3.56743 0.116134
3.60276 0.115341
3.63809 0.114547
3.67342 0.113752
3.70875 0.112956
3.74408 0.112159
3.77942 0.111362
3.81475 0.110564
3.85008 0.109766
3.88541 0.108968
3.92074 0.108171
3.95607 0.107374
3.9914 0.106577
4.02673 0.105782
4.06206 0.104987
4.09739 0.104194
4.13272 0.103402
4.16806 0.102611
4.20339 0.101822
4.23872 0.101035
4.27405 0.100249
4.30938 0.0994654
4.34471 0.0986839
4.38004 0.0979046
4.41537 0.0971276
4.4507 0.096353
4.48603 0.095581
4.52137 0.0948116
4.5567 0.0940449
4.59203 0.0932811
4.62736 0.0925202
4.66269 0.0917622
4.69802 0.0910073
4.73335 0.0902556
4.76868 0.0895071
4.80401 0.0887619
4.83934 0.08802
4.87467 0.0872816
4.91001 0.0865467
4.94534 0.0858153
4.98067 0.0850875
5.016 0.0843633
5.05133 0.0836429
5.08666 0.0829262
5.12199 0.0822133
5.15732 0.0815042
5.19265 0.080799
5.22798 0.0800978
5.26332 0.0794005
5.29865 0.0787071
5.33398 0.0780178
5.36931 0.0773326
5.40464 0.0766514
5.43997 0.0759743
5.4753 0.0753013
5.51063 0.0746325
5.54596 0.0739679
5.58129 0.0733074
5.61662 0.0726512
5.65196 0.0719992
5.68729 0.0713514
5.72262 0.0707078
5.75795 0.0700686
5.79328 0.0694335
5.82861 0.0688028
5.86394 0.0681764
5.89927 0.0675542
5.9346 0.0669363
5.96993 0.0663228
6.00527 0.0657135
6.0406 0.0651086
6.07593 0.0645079
6.11126 0.0639116
6.14659 0.0633196
6.18192 0.0627318
6.21725 0.0621484
6.25258 0.0615693
6.28791 0.0609944
6.32324 0.0604239
6.35858 0.0598576
6.39391 0.0592956
6.42924 0.0587378
6.46457 0.0581843
6.4999 0.0576351
6.53523 0.0570901
6.57056 0.0565493
6.60589 0.0560127
6.64122 0.0554803
6.67655 0.0549521
6.71188 0.0544281
6.74722 0.0539082
6.78255 0.0533925
6.81788 0.0528809
6.85321 0.0523734
6.88854 0.0518701
6.92387 0.0513708
6.9592 0.0508756
6.99453 0.0503844
7.02986 0.0498973
7.06519 0.0494142
7.10053 0.0489351
7.13586 0.0484599
7.17119 0.0479888
7.20652 0.0475216
7.24185 0.0470583
7.27718 0.0465989
7.31251 0.0461433
7.34784 0.0456917
7.38317 0.0452439
7.4185 0.0447999
7.45383 0.0443598
7.48917 0.0439234
7.5245 0.0434908
7.55983 0.0430619
7.59516 0.0426367
7.63049 0.0422152
7.66582 0.0417975
7.70115 0.0413833
7.73648 0.0409728
7.77181 0.040566
7.80714 0.0401627
7.84248 0.0397629
7.87781 0.0393667
7.91314 0.0389741
7.94847 0.0385849
7.9838 0.0381992
8.01913 0.037817
8.05446 0.0374382
8.08979 0.0370628
8.12512 0.0366908
8.16045 0.0363222
8.19578 0.0359569
8.23112 0.0355949
8.26645 0.0352362
8.30178 0.0348808
8.33711 0.0345286
8.37244 0.0341797
8.40777 0.033834
8.4431 0.0334914
8.47843 0.033152
8.51376 0.0328158
8.54909 0.0324826
8.58443 0.0321526
8.61976 0.0318256
8.65509 0.0315016
8.69042 0.0311807
8.72575 0.0308628
8.76108 0.0305478
8.79641 0.0302358
8.83174 0.0299268
8.86707 0.0296206
8.9024 0.0293173
8.93773 0.0290169
8.97307 0.0287193
9.0084 0.0284246
9.04373 0.0281326
9.07906 0.0278434
9.11439 0.027557
9.14972 0.0272733
9.18505 0.0269923
9.22038 0.026714
9.25571 0.0264384
9.29104 0.0261654
9.32638 0.025895
9.36171 0.0256273
9.39704 0.0253621
9.43237 0.0250994
9.4677 0.0248393
9.50303 0.0245818
9.53836 0.0243267
9.57369 0.0240741
9.60902 0.0238239
9.64435 0.0235762
9.67969 0.0233309
9.71502 0.023088
9.75035 0.0228474
9.78568 0.0226092
9.82101 0.0223734
9.85634 0.0221398
9.89167 0.0219086
9.927 0.0216796
9.96233 0.0214529
9.99766 0.0212284
10.033 0.0210061
10.0683 0.020786
10.1037 0.0205681
10.139 0.0203523
10.1743 0.0201387
10.2096 0.0199272
10.245 0.0197178
10.2803 0.0195104
10.3156 0.0193052
10.351 0.019102
10.3863 0.0189008
10.4216 0.0187016
10.457 0.0185044
10.4923 0.0183092
10.5276 0.0181159
10.563 0.0179246
10.5983 0.0177352
10.6336 0.0175477
10.669 0.017362
10.7043 0.0171783
10.7396 0.0169964
10.7749 0.0168163
10.8103 0.016638
10.8456 0.0164616
10.8809 0.0162869
10.9163 0.016114
10.9516 0.0159428
10.9869 0.0157734
11.0223 0.0156057
11.0576 0.0154397
11.0929 0.0152754
11.1283 0.0151127
11.1636 0.0149518
11.1989 0.0147924
11.2342 0.0146347
11.2696 0.0144786
11.3049 0.014324
11.3402 0.0141711
11.3756 0.0140197
11.4109 0.0138699
11.4462 0.0137216
11.4816 0.0135748
11.5169 0.0134296
11.5522 0.0132858
11.5876 0.0131435
11.6229 0.0130027
11.6582 0.0128633
11.6935 0.0127253
11.7289 0.0125888
11.7642 0.0124537
11.7995 0.0123199
11.8349 0.0121876
11.8702 0.0120566
11.9055 0.011927
11.9409 0.0117987
11.9762 0.0116718
12.0115 0.0115461
12.0469 0.0114218
12.0822 0.0112987
12.1175 0.011177
12.1529 0.0110565
12.1882 0.0109372
12.2235 0.0108192
12.2588 0.0107024
12.2942 0.0105869
12.3295 0.0104725
12.3648 0.0103594
12.4002 0.0102474
12.4355 0.0101366
12.4708 0.0100269
12.5062 0.0099184
12.5415 0.00981103
12.5768 0.00970478
12.6122 0.00959964
12.6475 0.0094956
12.6828 0.00939266
12.7181 0.0092908
12.7535 0.00919
12.7888 0.00909027
12.8241 0.00899158
12.8595 0.00889394
12.8948 0.00879732
12.9301 0.00870171
12.9655 0.00860712
13.0008 0.00851352
13.0361 0.00842091
13.0715 0.00832927
13.1068 0.0082386
13.1421 0.00814889
13.1774 0.00806013
13.2128 0.00797231
13.2481 0.00788542
13.2834 0.00779944
13.3188 0.00771438
13.3541 0.00763022
13.3894 0.00754695
13.4248 0.00746456
13.4601 0.00738305
13.4954 0.0073024
13.5308 0.00722261
13.5661 0.00714367
13.6014 0.00706557
13.6368 0.0069883
13.6721 0.00691185
13.7074 0.00683621
13.7427 0.00676138
13.7781 0.00668735
13.8134 0.00661411
13.8487 0.00654165
13.8841 0.00646996
13.9194 0.00639903
13.9547 0.00632887
13.9901 0.00625945
14.0254 0.00619078
14.0607 0.00612284
14.0961 0.00605563
14.1314 0.00598913
14.1667 0.00592335
14.202 0.00585828
14.2374 0.0057939
14.2727 0.00573021
14.308 0.00566721
14.3434 0.00560488
14.3787 0.00554322
14.414 0.00548222
14.4494 0.00542188
14.4847 0.00536219
14.52 0.00530313
14.5554 0.00524472
14.5907 0.00518693
14.626 0.00512976
14.6614 0.00507321
14.6967 0.00501727
14.732 0.00496194
14.7673 0.0049072
14.8027 0.00485305
14.838 0.00479948
14.8733 0.00474649
14.9087 0.00469408
14.944 0.00464223
14.9793 0.00459094
15.0147 0.0045402
15.05 0.00449002
15.0853 0.00444037
15.1207 0.00439127
15.156 0.0043427
15.1913 0.00429465
15.2266 0.00424712
15.262 0.00420011
15.2973 0.0041536
15.3326 0.00410761
15.368 0.00406211
15.4033 0.0040171
15.4386 0.00397258
15.474 0.00392855
15.5093 0.003885
15.5446 0.00384191
15.58 0.0037993
15.6153 0.00375715
15.6506 0.00371546
15.6859 0.00367422
15.7213 0.00363343
15.7566 0.00359309
15.7919 0.00355318
15.8273 0.00351371
15.8626 0.00347467
15.8979 0.00343606
15.9333 0.00339786
15.9686 0.00336009
16.0039 0.00332272
16.0393 0.00328576
16.0746 0.00324921
16.1099 0.00321306
16.1453 0.0031773
16.1806 0.00314193
16.2159 0.00310695
16.2512 0.00307235
16.2866 0.00303813
16.3219 0.00300428
16.3572 0.0029708
16.3926 0.00293769
16.4279 0.00290495
16.4632 0.00287256
16.4986 0.00284053
16.5339 0.00280884
16.5692 0.00277751
16.6046 0.00274652
16.6399 0.00271587
16.6752 0.00268555
16.7105 0.00265557
16.7459 0.00262592
16.7812 0.00259659
16.8165 0.00256758
16.8519 0.0025389
16.8872 0.00251052
16.9225 0.00248246
16.9579 0.00245471
16.9932 0.00242727
17.0285 0.00240012
17.0639 0.00237328
17.0992 0.00234673
17.1345 0.00232047
17.1698 0.0022945
17.2052 0.00226882
17.2405 0.00224342
17.2758 0.0022183
17.3112 0.00219346
17.3465 0.00216889
17.3818 0.0021446
17.4172 0.00212057
17.4525 0.0020968
17.4878 0.0020733
17.5232 0.00205006
17.5585 0.00202707
17.5938 0.00200434
17.6292 0.00198186
17.6645 0.00195963
17.6998 0.00193764
17.7351 0.0019159
17.7705 0.0018944
17.8058 0.00187313
17.8411 0.0018521
17.8765 0.00183131
17.9118 0.00181074
17.9471 0.0017904
17.9825 0.00177029
18.0178 0.00175039
18.0531 0.00173072
18.0885 0.00171127
18.1238 0.00169203
18.1591 0.00167301
18.1944 0.0016542
18.2298 0.00163559
18.2651 0.0016172
18.3004 0.001599
18.3358 0.00158101
18.3711 0.00156322
18.4064 0.00154562
18.4418 0.00152822
18.4771 0.00151102
18.5124 0.001494
18.5478 0.00147718
18.5831 0.00146054
18.6184 0.00144409
18.6537 0.00142782
18.6891 0.00141173
18.7244 0.00139581
18.7597 0.00138008
18.7951 0.00136452
18.8304 0.00134914
18.8657 0.00133392
18.9011 0.00131888
18.9364 0.001304
18.9717 0.00128929
19.0071 0.00127474
19.0424 0.00126036
19.0777 0.00124613
19.1131 0.00123206
19.1484 0.00121816
19.1837 0.0012044
19.219 0.0011908
19.2544 0.00117735
19.2897 0.00116405
19.325 0.0011509
19.3604 0.0011379
19.3957 0.00112504
19.431 0.00111232
19.4664 0.00109975
19.5017 0.00108732
19.537 0.00107502
19.5724 0.00106287
19.6077 0.00105084
19.643 0.00103896
19.6783 0.00102721
19.7137 0.00101558
19.749 0.00100409
19.7843 0.000992728
19.8197 0.000981492
19.855 0.000970381
19.8903 0.000959395
19.9257 0.000948532
19.961 0.000937791
19.9963 0.000927169
20.0317 0.000916667
20.067 0.000906283
20.1023 0.000896014
20.1376 0.000885861
20.173 0.000875822
20.2083 0.000865895
20.2436 0.00085608
20.279 0.000846374
20.3143 0.000836778
20.3496 0.000827289
20.385 0.000817907
20.4203 0.000808629
20.4556 0.000799456
20.491 0.000790386
20.5263 0.000781418
20.5616 0.000772551
20.597 0.000763783
20.6323 0.000755113
20.6676 0.000746541
20.7029 0.000738065
20.7383 0.000729685
20.7736 0.000721399
20.8089 0.000713205
20.8443 0.000705104
20.8796 0.000697094
20.9149 0.000689175
20.9503 0.000681344
20.9856 0.000673601
21.0209 0.000665946
21.0563 0.000658376
21.0916 0.000650892
21.1269 0.000643492
21.1622 0.000636175
21.1976 0.000628941
21.2329 0.000621788
21.2682 0.000614716
21.3036 0.000607723
21.3389 0.00060081
21.3742 0.000593974
21.4096 0.000587215
21.4449 0.000580532
21.4802 0.000573925
21.5156 0.000567392
21.5509 0.000560933
21.5862 0.000554547
21.6215 0.000548232
21.6569 0.000541989
21.6922 0.000535817
21.7275 0.000529714
21.7629 0.00052368
21.7982 0.000517714
21.8335 0.000511815
21.8689 0.000505983
21.9042 0.000500217
21.9395 0.000494516
21.9749 0.000488879
22.0102 0.000483306
22.0455 0.000477796
22.0809 0.000472348
22.1162 0.000466962
22.1515 0.000461637
22.1868 0.000456372
22.2222 0.000451166
22.2575 0.00044602
22.2928 0.000440931
22.3282 0.0004359
22.3635 0.000430926
22.3988 0.000426008
22.4342 0.000421146
22.4695 0.000416339
22.5048 0.000411586
22.5402 0.000406888
22.5755 0.000402242
22.6108 0.000397649
22.6461 0.000393108
22.6815 0.000388618
22.7168 0.000384179
22.7521 0.000379791
22.7875 0.000375452
22.8228 0.000371162
22.8581 0.000366921
22.8935 0.000362728
22.9288 0.000358583
22.9641 0.000354484
22.9995 0.000350432
23.0348 0.000346426
23.0701 0.000342465
23.1054 0.00033855
23.1408 0.000334678
23.1761 0.000330851
23.2114 0.000327067
23.2468 0.000323326
23.2821 0.000319628
23.3174 0.000315971
23.3528 0.000312356
23.3881 0.000308782
23.4234 0.000305248
23.4588 0.000301755
23.4941 0.000298301
23.5294 0.000294887
23.5648 0.000291511
23.6001 0.000288174
23.6354 0.000284875
23.6707 0.000281613
23.7061 0.000278388
23.7414 0.0002752
23.7767 0.000272048
23.8121 0.000268932
23.8474 0.000265851
23.8827 0.000262805
23.9181 0.000259794
23.9534 0.000256817
23.9887 0.000253875
24.0241 0.000250965
24.0594 0.000248089
24.0947 0.000245245
24.13 0.000242434
24.1654 0.000239655
24.2007 0.000236907
24.236 0.000234191
24.2714 0.000231505
24.3067 0.00022885
24.342 0.000226226
24.3774 0.000223631
24.4127 0.000221066
24.448 0.00021853
24.4834 0.000216023
24.5187 0.000213544
24.554 0.000211094
24.5893 0.000208671
24.6247 0.000206277
24.66 0.000203909
24.6953 0.000201569
24.7307 0.000199255
24.766 0.000196967
24.8013 0.000194706
24.8367 0.000192471
24.872 0.00019026
24.9073 0.000188076
24.9427 0.000185916
24.978 0.00018378
25.0133 0.000181669
25.0487 0.000179583
25.084 0.00017752
25.1193 0.00017548
25.1546 0.000173464
25.19 0.000171471
25.2253 0.0001695
25.2606 0.000167552
25.296 0.000165626
25.3313 0.000163723
25.3666 0.000161841
25.402 0.00015998
25.4373 0.000158141
25.4726 0.000156323
25.508 0.000154525
25.5433 0.000152748
25.5786 0.000150992
25.6139 0.000149255
25.6493 0.000147538
25.6846 0.000145841
25.7199 0.000144164
25.7553 0.000142505
25.7906 0.000140866
25.8259 0.000139245
25.8613 0.000137643
25.8966 0.000136059
25.9319 0.000134493
25.9673 0.000132945
26.0026 0.000131415
26.0379 0.000129902
26.0732 0.000128406
26.1086 0.000126928
26.1439 0.000125467
26.1792 0.000124022
26.2146 0.000122594
26.2499 0.000121182
26.2852 0.000119787
26.3206 0.000118407
26.3559 0.000117043
26.3912 0.000115695
26.4266 0.000114362
26.4619 0.000113045
26.4972 0.000111742
26.5326 0.000110455
26.5679 0.000109182
26.6032 0.000107924
26.6385 0.00010668
26.6739 0.00010545
26.7092 0.000104235
26.7445 0.000103033
26.7799 0.000101846
26.8152 0.000100672
26.8505 9.95109e-05
26.8859 9.83636e-05
26.9212 9.72294e-05
26.9565 9.61082e-05
26.9919 9.49998e-05
27.0272 9.39042e-05
27.0625 9.28211e-05
27.0978 9.17505e-05
27.1332 9.06921e-05
27.1685 8.96459e-05
27.2038 8.86116e-05
27.2392 8.75893e-05
27.2745 8.65786e-05
27.3098 8.55796e-05
27.3452 8.4592e-05
27.3805 8.36158e-05
27.4158 8.26508e-05
27.4512 8.16968e-05
27.4865 8.07538e-05
27.5218 7.98216e-05
27.5571 7.89002e-05
27.5925 7.79893e-05
27.6278 7.70888e-05
27.6631 7.61987e-05
27.6985 7.53189e-05
27.7338 7.44491e-05
27.7691 7.35893e-05
27.8045 7.27394e-05
27.8398 7.18993e-05
27.8751 7.10688e-05
27.9105 7.02479e-05
27.9458 6.94364e-05
27.9811 6.86342e-05
28.0165 6.78412e-05
28.0518 6.70574e-05
28.0871 6.62825e-05
28.1224 6.55166e-05
28.1578 6.47595e-05
28.1931 6.40111e-05
28.2284 6.32712e-05
28.2638 6.25399e-05
28.2991 6.1817e-05
28.3344 6.11024e-05
28.3698 6.03961e-05
28.4051 5.96978e-05
28.4404 5.90076e-05
28.4758 5.83253e-05
28.5111 5.76509e-05
28.5464 5.69843e-05
28.5817 5.63253e-05
28.6171 5.56739e-05
28.6524 5.50299e-05
28.6877 5.43934e-05
28.7231 5.37643e-05
28.7584 5.31423e-05
28.7937 5.25276e-05
28.8291 5.19199e-05
28.8644 5.13192e-05
28.8997 5.07254e-05
28.9351 5.01384e-05
28.9704 4.95582e-05
29.0057 4.89847e-05
29.041 4.84178e-05
29.0764 4.78575e-05
29.1117 4.73035e-05
29.147 4.6756e-05
29.1824 4.62148e-05
29.2177 4.56798e-05
29.253 4.51509e-05
29.2884 4.46282e-05
29.3237 4.41115e-05
29.359 4.36007e-05
29.3944 4.30958e-05
29.4297 4.25968e-05
29.465 4.21035e-05
29.5004 4.16159e-05
29.5357 4.11339e-05
29.571 4.06574e-05
29.6063 4.01865e-05
29.6417 3.9721e-05
29.677 3.92608e-05
29.7123 3.8806e-05
29.7477 3.83564e-05
29.783 3.7912e-05
29.8183 3.74727e-05
29.8537 3.70385e-05
29.889 3.66093e-05
29.9243 3.6185e-05
29.9597 3.57656e-05
29.995 3.53511e-05
30.0303 3.49414e-05
30.0656 3.45364e-05
30.101 3.4136e-05
30.1363 3.37403e-05
30.1716 3.33491e-05
