-5.31757 2.09369e-05
-5.28817 2.21144e-05
-5.25877 2.33584e-05
-5.22937 2.46727e-05
-5.19997 2.60612e-05
-5.17057 2.75282e-05
-5.14117 2.90781e-05
-5.11176 3.07156e-05
-5.08236 3.24457e-05
-5.05296 3.42736e-05
-5.02356 3.6205e-05
-4.99416 3.82455e-05
-4.96476 4.04016e-05
-4.93536 4.26797e-05
-4.90596 4.50868e-05
-4.87656 4.76302e-05
-4.84716 5.03176e-05
-4.81776 5.31573e-05
-4.78835 5.61579e-05
-4.75895 5.93286e-05
-4.72955 6.2679e-05
-4.70015 6.62193e-05
-4.67075 6.99605e-05
-4.64135 7.39139e-05
-4.61195 7.80915e-05
-4.58255 8.25063e-05
-4.55315 8.71716e-05
-4.52375 9.21018e-05
-4.49435 9.7312e-05
-4.46494 0.000102818
-4.43554 0.000108637
-4.40614 0.000114786
-4.37674 0.000121285
-4.34734 0.000128154
-4.31794 0.000135413
-4.28854 0.000143084
-4.25914 0.000151192
-4.22974 0.000159762
-4.20034 0.000168818
-4.17094 0.000178391
-4.14153 0.000188508
-4.11213 0.0001992
-4.08273 0.000210502
-4.05333 0.000222447
-4.02393 0.000235073
-3.99453 0.000248418
-3.96513 0.000262523
-3.93573 0.000277432
-3.90633 0.000293191
-3.87693 0.000309847
-3.84753 0.000327454
-3.81812 0.000346064
-3.78872 0.000365735
-3.75932 0.000386528
-3.72992 0.000408507
-3.70052 0.000431739
-3.67112 0.000456297
-3.64172 0.000482255
-3.61232 0.000509695
-3.58292 0.0005387
-3.55352 0.00056936
-3.52412 0.00060177
-3.49471 0.000636029
-3.46531 0.000672243
-3.43591 0.000710523
-3.40651 0.000750988
-3.37711 0.000793762
-3.34771 0.000838977
-3.31831 0.000886771
-3.28891 0.000937293
-3.25951 0.000990697
-3.23011 0.00104715
-3.20071 0.00110682
-3.1713 0.00116989
-3.1419 0.00123656
-3.1125 0.00130703
-3.0831 0.00138152
-3.0537 0.00146025
-3.0243 0.00154347
-2.9949 0.00163143
-2.9655 0.0017244
-2.9361 0.00182267
-2.9067 0.00192652
-2.8773 0.00203628
-2.84789 0.00215229
-2.81849 0.00227488
-2.78909 0.00240444
-2.75969 0.00254136
-2.73029 0.00268605
-2.70089 0.00283895
-2.67149 0.00300051
-2.64209 0.00317122
-2.61269 0.0033516
-2.58329 0.00354217
-2.55389 0.00374352
-2.52448 0.00395623
-2.49508 0.00418094
-2.46568 0.00441831
-2.43628 0.00466905
-2.40688 0.00493388
-2.37748 0.00521358
-2.34808 0.00550896
-2.31868 0.00582088
-2.28928 0.00615025
-2.25988 0.00649801
-2.23048 0.00686514
-2.20107 0.00725271
-2.17167 0.0076618
-2.14227 0.00809356
-2.11287 0.00854919
-2.08347 0.00902998
-2.05407 0.00953723
-2.02467 0.0100723
-1.99527 0.0106367
-1.96587 0.011232
-1.93647 0.0118596
-1.90707 0.0125213
-1.87766 0.0132189
-1.84826 0.013954
-1.81886 0.0147285
-1.78946 0.0155446
-1.76006 0.016404
-1.73066 0.0173091
-1.70126 0.0182619
-1.67186 0.0192647
-1.64246 0.0203199
-1.61306 0.0214298
-1.58366 0.0225971
-1.55425 0.0238242
-1.52485 0.0251139
-1.49545 0.0264687
-1.46605 0.0278915
-1.43665 0.0293851
-1.40725 0.0309525
-1.37785 0.0325964
-1.34845 0.0343199
-1.31905 0.036126
-1.28965 0.0380177
-1.26025 0.0399979
-1.23084 0.0420697
-1.20144 0.0442359
-1.17204 0.0464996
-1.14264 0.0488635
-1.11324 0.0513303
-1.08384 0.0539027
-1.05444 0.0565831
-1.02504 0.0593738
-0.995637 0.0622769
-0.966236 0.0652942
-0.936835 0.0684274
-0.907434 0.0716775
-0.878033 0.0750457
-0.848633 0.0785323
-0.819232 0.0821374
-0.789831 0.0858606
-0.76043 0.089701
-0.731029 0.0936572
-0.701628 0.0977269
-0.672227 0.101908
-0.642826 0.106196
-0.613425 0.110588
-0.584024 0.115078
-0.554623 0.119661
-0.525223 0.124331
-0.495822 0.12908
-0.466421 0.133901
-0.43702 0.138785
-0.407619 0.143722
-0.378218 0.148703
-0.348817 0.153716
-0.319416 0.158749
-0.290015 0.163791
-0.260614 0.168829
-0.231213 0.173851
-0.201812 0.178841
-0.172412 0.183788
-0.143011 0.188676
-0.11361 0.193493
-0.0842089 0.198224
-0.0548079 0.202856
-0.025407 0.207376
0.00399388 0.21177
0.0333948 0.216027
0.0627957 0.220135
0.0921966 0.224082
0.121598 0.22786
0.150998 0.231459
0.180399 0.234869
0.2098 0.238085
0.239201 0.241101
0.268602 0.24391
0.298003 0.246509
0.327404 0.248895
0.356805 0.251066
0.386206 0.253021
0.415607 0.25476
0.445008 0.256285
0.474408 0.257597
0.503809 0.258698
0.53321 0.259594
0.562611 0.260287
0.592012 0.260782
0.621413 0.261085
0.650814 0.261202
0.680215 0.261139
0.709616 0.260902
0.739017 0.260499
0.768418 0.259936
0.797818 0.259221
0.827219 0.258361
0.85662 0.257364
0.886021 0.256236
0.915422 0.254986
0.944823 0.25362
0.974224 0.252145
1.00362 0.25057
1.03303 0.248899
1.06243 0.247141
1.09183 0.245302
1.12123 0.243387
1.15063 0.241404
1.18003 0.239358
1.20943 0.237254
1.23883 0.235098
1.26823 0.232894
1.29763 0.230649
1.32703 0.228367
1.35644 0.226051
1.38584 0.223707
1.41524 0.221337
1.44464 0.218947
1.47404 0.216539
1.50344 0.214117
1.53284 0.211683
1.56224 0.209242
1.59164 0.206795
1.62104 0.204345
1.65044 0.201895
1.67985 0.199447
1.70925 0.197002
1.73865 0.194563
1.76805 0.192132
1.79745 0.189711
1.82685 0.1873
1.85625 0.184901
1.88565 0.182516
1.91505 0.180146
1.94445 0.177791
1.97385 0.175454
2.00326 0.173134
2.03266 0.170833
2.06206 0.168551
2.09146 0.16629
2.12086 0.164049
2.15026 0.16183
2.17966 0.159632
2.20906 0.157456
2.23846 0.155303
2.26786 0.153173
2.29726 0.151066
2.32667 0.148982
2.35607 0.146922
2.38547 0.144885
2.41487 0.142873
2.44427 0.140884
2.47367 0.13892
2.50307 0.136979
2.53247 0.135063
2.56187 0.13317
2.59127 0.131302
2.62067 0.129458
2.65008 0.127637
2.67948 0.12584
2.70888 0.124067
2.73828 0.122317
2.76768 0.120591
2.79708 0.118888
2.82648 0.117208
2.85588 0.115551
2.88528 0.113917
2.91468 0.112305
2.94408 0.110715
2.97349 0.109148
3.00289 0.107602
3.03229 0.106079
3.06169 0.104576
3.09109 0.103095
3.12049 0.101635
3.14989 0.100196
3.17929 0.0987768
3.20869 0.0973782
3.23809 0.0959997
3.2675 0.094641
3.2969 0.0933019
3.3263 0.0919821
3.3557 0.0906815
3.3851 0.0893996
3.4145 0.0881364
3.4439 0.0868915
3.4733 0.0856647
3.5027 0.0844558
3.5321 0.0832645
3.5615 0.0820907
3.59091 0.0809339
3.62031 0.0797941
3.64971 0.078671
3.67911 0.0775644
3.70851 0.0764739
3.73791 0.0753995
3.76731 0.0743408
3.79671 0.0732976
3.82611 0.0722698
3.85551 0.0712571
3.88491 0.0702592
3.91432 0.069276
3.94372 0.0683072
3.97312 0.0673527
4.00252 0.0664122
4.03192 0.0654855
4.06132 0.0645724
4.09072 0.0636727
4.12012 0.0627862
4.14952 0.0619127
4.17892 0.0610521
4.20832 0.0602041
4.23773 0.0593685
4.26713 0.0585452
4.29653 0.0577339
4.32593 0.0569345
4.35533 0.0561468
4.38473 0.0553706
4.41413 0.0546058
4.44353 0.0538522
4.47293 0.0531096
4.50233 0.0523778
4.53173 0.0516567
4.56114 0.0509461
4.59054 0.0502458
4.61994 0.0495558
4.64934 0.0488758
4.67874 0.0482057
4.70814 0.0475453
4.73754 0.0468945
4.76694 0.0462532
4.79634 0.0456212
4.82574 0.0449983
4.85514 0.0443844
4.88455 0.0437794
4.91395 0.0431832
4.94335 0.0425956
4.97275 0.0420164
5.00215 0.0414456
5.03155 0.040883
5.06095 0.0403286
5.09035 0.0397821
5.11975 0.0392434
5.14915 0.0387125
5.17855 0.0381892
5.20796 0.0376734
5.23736 0.037165
5.26676 0.0366639
5.29616 0.0361699
5.32556 0.035683
5.35496 0.035203
5.38436 0.0347299
5.41376 0.0342635
5.44316 0.0338038
5.47256 0.0333506
5.50196 0.0329038
5.53137 0.0324634
5.56077 0.0320292
5.59017 0.0316012
5.61957 0.0311792
5.64897 0.0307632
5.67837 0.030353
5.70777 0.0299487
5.73717 0.0295501
5.76657 0.029157
5.79597 0.0287695
5.82537 0.0283875
5.85478 0.0280108
5.88418 0.0276394
5.91358 0.0272733
5.94298 0.0269122
5.97238 0.0265562
6.00178 0.0262052
6.03118 0.0258591
6.06058 0.0255178
6.08998 0.0251813
6.11938 0.0248495
6.14878 0.0245223
6.17819 0.0241996
6.20759 0.0238814
6.23699 0.0235677
6.26639 0.0232583
6.29579 0.0229532
6.32519 0.0226523
6.35459 0.0223555
6.38399 0.0220629
6.41339 0.0217743
6.44279 0.0214897
6.47219 0.021209
6.5016 0.0209322
6.531 0.0206592
6.5604 0.0203899
6.5898 0.0201244
6.6192 0.0198625
6.6486 0.0196041
6.678 0.0193494
6.7074 0.0190981
6.7368 0.0188502
6.7662 0.0186057
6.7956 0.0183646
6.82501 0.0181267
6.85441 0.0178921
6.88381 0.0176607
6.91321 0.0174325
6.94261 0.0172073
6.97201 0.0169852
7.00141 0.0167661
7.03081 0.01655
7.06021 0.0163368
7.08961 0.0161265
7.11901 0.015919
7.14842 0.0157144
7.17782 0.0155125
7.20722 0.0153133
7.23662 0.0151168
7.26602 0.014923
7.29542 0.0147317
7.32482 0.0145431
7.35422 0.0143569
7.38362 0.0141733
7.41302 0.0139921
7.44242 0.0138134
7.47183 0.013637
7.50123 0.0134631
7.53063 0.0132914
7.56003 0.013122
7.58943 0.0129549
7.61883 0.0127901
7.64823 0.0126274
7.67763 0.0124669
7.70703 0.0123085
7.73643 0.0121522
7.76583 0.011998
7.79524 0.0118459
7.82464 0.0116957
7.85404 0.0115476
7.88344 0.0114014
7.91284 0.0112572
7.94224 0.0111148
7.97164 0.0109744
8.00104 0.0108358
8.03044 0.010699
8.05984 0.0105641
8.08924 0.0104309
8.11865 0.0102994
8.14805 0.0101697
8.17745 0.0100417
8.20685 0.00991542
8.23625 0.00979076
8.26565 0.00966774
8.29505 0.00954633
8.32445 0.00942651
8.35385 0.00930826
8.38325 0.00919155
8.41265 0.00907637
8.44206 0.0089627
8.47146 0.00885051
8.50086 0.00873979
8.53026 0.0086305
8.55966 0.00852264
8.58906 0.00841619
8.61846 0.00831112
8.64786 0.00820742
8.67726 0.00810506
8.70666 0.00800403
8.73606 0.00790432
8.76547 0.00780589
8.79487 0.00770875
8.82427 0.00761286
8.85367 0.00751821
8.88307 0.00742478
8.91247 0.00733256
8.94187 0.00724154
8.97127 0.00715169
9.00067 0.00706299
9.03007 0.00697544
9.05947 0.00688902
9.08888 0.00680371
9.11828 0.0067195
9.14768 0.00663637
9.17708 0.00655431
9.20648 0.00647331
9.23588 0.00639334
9.26528 0.0063144
9.29468 0.00623647
9.32408 0.00615954
9.35348 0.00608359
9.38288 0.00600861
9.41229 0.0059346
9.44169 0.00586153
9.47109 0.00578939
9.50049 0.00571817
9.52989 0.00564786
9.55929 0.00557845
9.58869 0.00550992
9.61809 0.00544227
9.64749 0.00537548
9.67689 0.00530953
9.70629 0.00524442
9.7357 0.00518015
9.7651 0.00511668
9.7945 0.00505402
9.8239 0.00499216
9.8533 0.00493108
9.8827 0.00487078
9.9121 0.00481123
9.9415 0.00475244
9.9709 0.0046944
10.0003 0.00463709
10.0297 0.0045805
10.0591 0.00452463
10.0885 0.00446946
10.1179 0.00441498
10.1473 0.0043612
10.1767 0.00430809
10.2061 0.00425565
10.2355 0.00420387
10.2649 0.00415274
10.2943 0.00410225
10.3237 0.0040524
10.3531 0.00400318
10.3825 0.00395457
10.4119 0.00390657
10.4413 0.00385917
10.4707 0.00381237
10.5001 0.00376615
10.5295 0.00372051
10.5589 0.00367545
10.5883 0.00363094
10.6177 0.003587
10.6471 0.0035436
10.6765 0.00350074
10.7059 0.00345842
10.7353 0.00341663
10.7647 0.00337535
10.7941 0.00333459
10.8235 0.00329434
10.8529 0.00325459
10.8823 0.00321534
10.9117 0.00317657
10.9411 0.00313828
10.9705 0.00310047
10.9999 0.00306313
11.0293 0.00302626
11.0587 0.00298984
11.0881 0.00295387
11.1175 0.00291835
11.1469 0.00288327
11.1763 0.00284862
11.2057 0.0028144
11.2351 0.00278061
11.2645 0.00274723
11.2939 0.00271426
11.3233 0.00268171
11.3527 0.00264955
11.3821 0.00261779
11.4115 0.00258642
11.4409 0.00255544
11.4703 0.00252485
11.4998 0.00249462
11.5292 0.00246478
11.5586 0.00243529
11.588 0.00240617
11.6174 0.00237741
11.6468 0.00234901
11.6762 0.00232095
11.7056 0.00229323
11.735 0.00226586
11.7644 0.00223882
11.7938 0.00221212
11.8232 0.00218574
11.8526 0.00215968
11.882 0.00213395
11.9114 0.00210853
11.9408 0.00208342
11.9702 0.00205861
11.9996 0.00203411
12.029 0.00200991
12.0584 0.00198601
12.0878 0.0019624
12.1172 0.00193907
12.1466 0.00191604
12.176 0.00189328
12.2054 0.0018708
12.2348 0.00184859
12.2642 0.00182665
12.2936 0.00180498
12.323 0.00178358
12.3524 0.00176243
12.3818 0.00174155
12.4112 0.00172091
12.4406 0.00170053
12.47 0.0016804
12.4994 0.00166051
12.5288 0.00164086
12.5582 0.00162145
12.5876 0.00160227
12.617 0.00158333
12.6464 0.00156462
12.6758 0.00154613
12.7052 0.00152787
12.7346 0.00150983
12.764 0.001492
12.7934 0.0014744
12.8228 0.001457
12.8522 0.00143982
12.8816 0.00142284
12.911 0.00140607
12.9404 0.0013895
12.9698 0.00137313
12.9992 0.00135696
13.0286 0.00134098
13.058 0.0013252
13.0874 0.00130961
13.1168 0.0012942
13.1462 0.00127898
13.1756 0.00126395
13.205 0.00124909
13.2344 0.00123441
13.2638 0.00121991
13.2932 0.00120559
13.3226 0.00119143
13.352 0.00117745
13.3814 0.00116363
13.4108 0.00114998
13.4402 0.0011365
13.4696 0.00112317
13.499 0.00111001
13.5284 0.001097
13.5578 0.00108415
13.5872 0.00107145
13.6166 0.00105891
13.646 0.00104651
13.6754 0.00103427
13.7048 0.00102217
13.7342 0.00101021
13.7636 0.000998402
13.793 0.000986731
13.8224 0.0009752
13.8518 0.000963806
13.8812 0.000952549
13.9106 0.000941426
13.94 0.000930435
13.9694 0.000919576
13.9988 0.000908846
14.0282 0.000898244
14.0576 0.000887769
14.087 0.000877418
14.1164 0.000867191
14.1458 0.000857085
14.1752 0.0008471
14.2046 0.000837233
14.234 0.000827484
14.2634 0.000817851
14.2928 0.000808332
14.3222 0.000798926
14.3516 0.000789632
14.381 0.000780449
14.4104 0.000771374
14.4398 0.000762408
14.4692 0.000753547
14.4986 0.000744792
14.528 0.000736141
14.5574 0.000727592
14.5868 0.000719144
14.6162 0.000710797
14.6456 0.000702548
14.675 0.000694397
14.7044 0.000686343
14.7339 0.000678383
14.7633 0.000670518
14.7927 0.000662746
14.8221 0.000655066
14.8515 0.000647477
14.8809 0.000639977
14.9103 0.000632566
14.9397 0.000625243
14.9691 0.000618006
14.9985 0.000610854
15.0279 0.000603787
15.0573 0.000596803
15.0867 0.000589901
15.1161 0.000583081
15.1455 0.000576341
15.1749 0.000569681
15.2043 0.000563099
15.2337 0.000556594
15.2631 0.000550166
15.2925 0.000543814
15.3219 0.000537537
15.3513 0.000531333
15.3807 0.000525202
15.4101 0.000519144
15.4395 0.000513156
15.4689 0.000507239
15.4983 0.000501392
15.5277 0.000495613
15.5571 0.000489902
15.5865 0.000484258
15.6159 0.00047868
15.6453 0.000473167
15.6747 0.00046772
15.7041 0.000462336
15.7335 0.000457015
15.7629 0.000451756
15.7923 0.00044656
15.8217 0.000441424
15.8511 0.000436348
15.8805 0.000431331
15.9099 0.000426374
15.9393 0.000421474
15.9687 0.000416632
15.9981 0.000411846
16.0275 0.000407116
16.0569 0.000402442
16.0863 0.000397822
16.1157 0.000393256
16.1451 0.000388743
16.1745 0.000384283
16.2039 0.000379875
16.2333 0.000375519
16.2627 0.000371213
16.2921 0.000366958
16.3215 0.000362752
16.3509 0.000358595
16.3803 0.000354487
16.4097 0.000350427
16.4391 0.000346414
16.4685 0.000342447
16.4979 0.000338527
16.5273 0.000334652
16.5567 0.000330823
16.5861 0.000327038
16.6155 0.000323297
16.6449 0.0003196
16.6743 0.000315945
16.7037 0.000312334
16.7331 0.000308764
16.7625 0.000305235
16.7919 0.000301748
16.8213 0.000298301
16.8507 0.000294894
16.8801 0.000291526
16.9095 0.000288198
16.9389 0.000284908
16.9683 0.000281657
16.9977 0.000278443
17.0271 0.000275266
17.0565 0.000272127
17.0859 0.000269023
17.1153 0.000265956
17.1447 0.000262924
17.1741 0.000259927
17.2035 0.000256965
17.2329 0.000254038
17.2623 0.000251144
17.2917 0.000248283
17.3211 0.000245456
17.3505 0.000242661
17.3799 0.000239899
17.4093 0.000237169
17.4387 0.00023447
17.4681 0.000231802
17.4975 0.000229166
17.5269 0.000226559
17.5563 0.000223983
17.5857 0.000221436
17.6151 0.000218919
17.6445 0.000216431
17.6739 0.000213972
17.7033 0.000211541
17.7327 0.000209138
17.7621 0.000206763
17.7915 0.000204415
17.8209 0.000202094
17.8503 0.0001998
17.8797 0.000197532
17.9091 0.000195291
17.9385 0.000193075
17.968 0.000190885
17.9974 0.00018872
18.0268 0.00018658
18.0562 0.000184465
18.0856 0.000182374
18.115 0.000180307
18.1444 0.000178263
18.1738 0.000176244
18.2032 0.000174247
18.2326 0.000172273
18.262 0.000170322
18.2914 0.000168394
18.3208 0.000166487
18.3502 0.000164603
18.3796 0.00016274
18.409 0.000160899
18.4384 0.000159078
18.4678 0.000157279
18.4972 0.0001555
18.5266 0.000153742
18.556 0.000152003
18.5854 0.000150285
18.6148 0.000148586
18.6442 0.000146907
18.6736 0.000145247
18.703 0.000143607
18.7324 0.000141984
18.7618 0.000140381
18.7912 0.000138796
18.8206 0.000137229
18.85 0.00013568
18.8794 0.000134148
18.9088 0.000132634
18.9382 0.000131138
18.9676 0.000129658
18.997 0.000128196
19.0264 0.00012675
19.0558 0.000125321
19.0852 0.000123908
19.1146 0.000122511
19.144 0.00012113
19.1734 0.000119765
19.2028 0.000118416
19.2322 0.000117082
19.2616 0.000115763
19.291 0.000114459
19.3204 0.00011317
19.3498 0.000111896
19.3792 0.000110637
19.4086 0.000109391
19.438 0.00010816
19.4674 0.000106943
19.4968 0.00010574
19.5262 0.00010455
19.5556 0.000103374
19.585 0.000102212
19.6144 0.000101063
19.6438 9.99265e-05
19.6732 9.88032e-05
19.7026 9.76927e-05
19.732 9.65949e-05
19.7614 9.55096e-05
19.7908 9.44366e-05
19.8202 9.33758e-05
19.8496 9.23271e-05
19.879 9.12903e-05
19.9084 9.02653e-05
19.9378 8.92519e-05
19.9672 8.82501e-05
19.9966 8.72596e-05
20.026 8.62804e-05
20.0554 8.53124e-05
20.0848 8.43553e-05
20.1142 8.34091e-05
20.1436 8.24736e-05
20.173 8.15488e-05
20.2024 8.06344e-05
20.2318 7.97305e-05
20.2612 7.88368e-05
20.2906 7.79532e-05
20.32 7.70797e-05
20.3494 7.6216e-05
20.3788 7.53622e-05
20.4082 7.4518e-05
20.4376 7.36834e-05
20.467 7.28583e-05
20.4964 7.20425e-05
20.5258 7.12359e-05
20.5552 7.04385e-05
20.5846 6.96502e-05
20.614 6.88707e-05
20.6434 6.81001e-05
20.6728 6.73382e-05
20.7022 6.65849e-05
20.7316 6.58402e-05
20.761 6.51039e-05
20.7904 6.43759e-05
20.8198 6.36561e-05
20.8492 6.29445e-05
20.8786 6.2241e-05
20.908 6.15453e-05
20.9374 6.08576e-05
20.9668 6.01776e-05
20.9962 5.95053e-05
21.0256 5.88406e-05
21.055 5.81835e-05
21.0844 5.75337e-05
21.1138 5.68913e-05
21.1432 5.62561e-05
21.1726 5.56281e-05
21.2021 5.50072e-05
21.2315 5.43933e-05
21.2609 5.37864e-05
21.2903 5.31862e-05
21.3197 5.25929e-05
21.3491 5.20062e-05
21.3785 5.14262e-05
21.4079 5.08527e-05
21.4373 5.02857e-05
21.4667 4.9725e-05
21.4961 4.91707e-05
21.5255 4.86226e-05
21.5549 4.80807e-05
21.5843 4.7545e-05
21.6137 4.70152e-05
21.6431 4.64914e-05
21.6725 4.59735e-05
21.7019 4.54615e-05
21.7313 4.49552e-05
21.7607 4.44546e-05
21.7901 4.39596e-05
21.8195 4.34703e-05
21.8489 4.29864e-05
21.8783 4.25079e-05
21.9077 4.20349e-05
21.9371 4.15671e-05
21.9665 4.11047e-05
21.9959 4.06474e-05
22.0253 4.01953e-05
22.0547 3.97482e-05
22.0841 3.93062e-05
22.1135 3.88691e-05
22.1429 3.8437e-05
22.1723 3.80097e-05
22.2017 3.75872e-05
22.2311 3.71695e-05
22.2605 3.67564e-05
22.2899 3.6348e-05
22.3193 3.59441e-05
22.3487 3.55448e-05
22.3781 3.515e-05
22.4075 3.47596e-05
22.4369 3.43736e-05
22.4663 3.3992e-05
22.4957 3.36146e-05
22.5251 3.32414e-05
22.5545 3.28724e-05
22.5839 3.25076e-05
22.6133 3.21468e-05
22.6427 3.17901e-05
22.6721 3.14374e-05
22.7015 3.10887e-05
22.7309 3.07438e-05
22.7603 3.04028e-05
22.7897 3.00657e-05
22.8191 2.97323e-05
22.8485 2.94026e-05
22.8779 2.90766e-05
22.9073 2.87543e-05
22.9367 2.84356e-05
22.9661 2.81205e-05
22.9955 2.78089e-05
23.0249 2.75008e-05
23.0543 2.71961e-05
23.0837 2.68948e-05
23.1131 2.65969e-05
23.1425 2.63023e-05
23.1719 2.60111e-05
23.2013 2.57231e-05
23.2307 2.54383e-05
23.2601 2.51566e-05
23.2895 2.48782e-05
23.3189 2.46028e-05
23.3483 2.43306e-05
23.3777 2.40613e-05
23.4071 2.37951e-05
23.4365 2.35318e-05
23.4659 2.32715e-05
23.4953 2.30141e-05
23.5247 2.27596e-05
23.5541 2.25079e-05
23.5835 2.2259e-05
23.6129 2.20129e-05
23.6423 2.17696e-05
23.6717 2.15289e-05
23.7011 2.1291e-05
23.7305 2.10557e-05
23.7599 2.0823e-05
23.7893 2.05929e-05
23.8187 2.03654e-05
23.8481 2.01404e-05
23.8775 1.9918e-05
23.9069 1.9698e-05
23.9363 1.94804e-05
23.9657 1.92653e-05
23.9951 1.90526e-05
24.0245 1.88423e-05
24.0539 1.86343e-05
