-13.7048 1.19426e-05
-13.687 1.2097e-05
-13.6692 1.22534e-05
-13.6514 1.24118e-05
-13.6336 1.25723e-05
-13.6158 1.27348e-05
-13.598 1.28995e-05
-13.5802 1.30664e-05
-13.5624 1.32354e-05
-13.5446 1.34066e-05
-13.5268 1.35801e-05
-13.509 1.37558e-05
-13.4912 1.39338e-05
-13.4733 1.41141e-05
-13.4555 1.42968e-05
-13.4377 1.44819e-05
-13.4199 1.46694e-05
-13.4021 1.48593e-05
-13.3843 1.50517e-05
-13.3665 1.52466e-05
-13.3487 1.54441e-05
-13.3309 1.56441e-05
-13.3131 1.58468e-05
-13.2953 1.60521e-05
-13.2775 1.62601e-05
-13.2597 1.64708e-05
-13.2419 1.66843e-05
-13.2241 1.69005e-05
-13.2063 1.71196e-05
-13.1885 1.73416e-05
-13.1707 1.75664e-05
-13.1528 1.77942e-05
-13.135 1.8025e-05
-13.1172 1.82587e-05
-13.0994 1.84956e-05
-13.0816 1.87355e-05
-13.0638 1.89786e-05
-13.046 1.92249e-05
-13.0282 1.94744e-05
-13.0104 1.97271e-05
-12.9926 1.99832e-05
-12.9748 2.02426e-05
-12.957 2.05054e-05
-12.9392 2.07717e-05
-12.9214 2.10414e-05
-12.9036 2.13147e-05
-12.8858 2.15915e-05
-12.868 2.1872e-05
-12.8501 2.21562e-05
-12.8323 2.24441e-05
-12.8145 2.27357e-05
-12.7967 2.30312e-05
-12.7789 2.33306e-05
-12.7611 2.36339e-05
-12.7433 2.39411e-05
-12.7255 2.42524e-05
-12.7077 2.45678e-05
-12.6899 2.48873e-05
-12.6721 2.52111e-05
-12.6543 2.5539e-05
-12.6365 2.58713e-05
-12.6187 2.62079e-05
-12.6009 2.6549e-05
-12.5831 2.68945e-05
-12.5653 2.72446e-05
-12.5474 2.75992e-05
-12.5296 2.79586e-05
-12.5118 2.83226e-05
-12.494 2.86915e-05
-12.4762 2.90652e-05
-12.4584 2.94438e-05
-12.4406 2.98273e-05
-12.4228 3.0216e-05
-12.405 3.06097e-05
-12.3872 3.10086e-05
-12.3694 3.14128e-05
-12.3516 3.18222e-05
-12.3338 3.22371e-05
-12.316 3.26574e-05
-12.2982 3.30833e-05
-12.2804 3.35148e-05
-12.2626 3.39519e-05
-12.2448 3.43948e-05
-12.2269 3.48436e-05
-12.2091 3.52982e-05
-12.1913 3.57589e-05
-12.1735 3.62256e-05
-12.1557 3.66985e-05
-12.1379 3.71776e-05
-12.1201 3.7663e-05
-12.1023 3.81548e-05
-12.0845 3.86531e-05
-12.0667 3.9158e-05
-12.0489 3.96695e-05
-12.0311 4.01878e-05
-12.0133 4.07129e-05
-11.9955 4.1245e-05
-11.9777 4.17841e-05
-11.9599 4.23303e-05
-11.9421 4.28837e-05
-11.9242 4.34444e-05
-11.9064 4.40125e-05
-11.8886 4.45881e-05
-11.8708 4.51714e-05
-11.853 4.57623e-05
-11.8352 4.63611e-05
-11.8174 4.69677e-05
-11.7996 4.75824e-05
-11.7818 4.82052e-05
-11.764 4.88363e-05
-11.7462 4.94757e-05
-11.7284 5.01236e-05
-11.7106 5.078e-05
-11.6928 5.14451e-05
-11.675 5.2119e-05
-11.6572 5.28019e-05
-11.6394 5.34938e-05
-11.6216 5.41948e-05
-11.6037 5.49052e-05
-11.5859 5.56249e-05
-11.5681 5.63542e-05
-11.5503 5.70931e-05
-11.5325 5.78419e-05
-11.5147 5.86005e-05
-11.4969 5.93693e-05
-11.4791 6.01482e-05
-11.4613 6.09374e-05
-11.4435 6.17371e-05
-11.4257 6.25475e-05
-11.4079 6.33685e-05
-11.3901 6.42005e-05
-11.3723 6.50435e-05
-11.3545 6.58977e-05
-11.3367 6.67633e-05
-11.3189 6.76403e-05
-11.301 6.8529e-05
-11.2832 6.94295e-05
-11.2654 7.0342e-05
-11.2476 7.12666e-05
-11.2298 7.22035e-05
-11.212 7.31528e-05
-11.1942 7.41148e-05
-11.1764 7.50895e-05
-11.1586 7.60773e-05
-11.1408 7.70781e-05
-11.123 7.80923e-05
-11.1052 7.912e-05
-11.0874 8.01613e-05
-11.0696 8.12166e-05
-11.0518 8.22858e-05
-11.034 8.33693e-05
-11.0162 8.44673e-05
-10.9984 8.55799e-05
-10.9805 8.67073e-05
-10.9627 8.78497e-05
-10.9449 8.90074e-05
-10.9271 9.01804e-05
-10.9093 9.13692e-05
-10.8915 9.25738e-05
-10.8737 9.37944e-05
-10.8559 9.50314e-05
-10.8381 9.62848e-05
-10.8203 9.7555e-05
-10.8025 9.88422e-05
-10.7847 0.000100146
-10.7669 0.000101468
-10.7491 0.000102808
-10.7313 0.000104165
-10.7135 0.00010554
-10.6957 0.000106934
-10.6778 0.000108347
-10.66 0.000109778
-10.6422 0.000111228
-10.6244 0.000112698
-10.6066 0.000114188
-10.5888 0.000115697
-10.571 0.000117227
-10.5532 0.000118777
-10.5354 0.000120348
-10.5176 0.00012194
-10.4998 0.000123553
-10.482 0.000125188
-10.4642 0.000126845
-10.4464 0.000128524
-10.4286 0.000130226
-10.4108 0.00013195
-10.393 0.000133697
-10.3752 0.000135468
-10.3573 0.000137263
-10.3395 0.000139082
-10.3217 0.000140925
-10.3039 0.000142793
-10.2861 0.000144685
-10.2683 0.000146604
-10.2505 0.000148548
-10.2327 0.000150518
-10.2149 0.000152515
-10.1971 0.000154539
-10.1793 0.000156589
-10.1615 0.000158668
-10.1437 0.000160774
-10.1259 0.000162909
-10.1081 0.000165072
-10.0903 0.000167265
-10.0725 0.000169487
-10.0546 0.000171738
-10.0368 0.000174021
-10.019 0.000176334
-10.0012 0.000178678
-9.98342 0.000181053
-9.96562 0.000183461
-9.94781 0.000185901
-9.93001 0.000188375
-9.9122 0.000190881
-9.8944 0.000193421
-9.87659 0.000195996
-9.85878 0.000198605
-9.84098 0.00020125
-9.82317 0.00020393
-9.80537 0.000206646
-9.78756 0.0002094
-9.76976 0.00021219
-9.75195 0.000215018
-9.73414 0.000217884
-9.71634 0.000220789
-9.69853 0.000223734
-9.68073 0.000226718
-9.66292 0.000229742
-9.64512 0.000232808
-9.62731 0.000235915
-9.6095 0.000239064
-9.5917 0.000242255
-9.57389 0.00024549
-9.55609 0.000248769
-9.53828 0.000252092
-9.52048 0.00025546
-9.50267 0.000258874
-9.48486 0.000262334
-9.46706 0.000265841
-9.44925 0.000269396
-9.43145 0.000272999
-9.41364 0.000276651
-9.39584 0.000280352
-9.37803 0.000284104
-9.36022 0.000287907
-9.34242 0.000291761
-9.32461 0.000295668
-9.30681 0.000299628
-9.289 0.000303641
-9.2712 0.00030771
-9.25339 0.000311833
-9.23558 0.000316013
-9.21778 0.00032025
-9.19997 0.000324544
-9.18217 0.000328897
-9.16436 0.000333309
-9.14656 0.000337781
-9.12875 0.000342314
-9.11094 0.000346909
-9.09314 0.000351567
-9.07533 0.000356288
-9.05753 0.000361074
-9.03972 0.000365925
-9.02192 0.000370842
-9.00411 0.000375826
-8.9863 0.000380879
-8.9685 0.000386
-8.95069 0.000391192
-8.93289 0.000396454
-8.91508 0.000401788
-8.89728 0.000407195
-8.87947 0.000412677
-8.86166 0.000418233
-8.84386 0.000423865
-8.82605 0.000429575
-8.80825 0.000435362
-8.79044 0.000441229
-8.77264 0.000447176
-8.75483 0.000453205
-8.73702 0.000459316
-8.71922 0.000465512
-8.70141 0.000471792
-8.68361 0.000478158
-8.6658 0.000484612
-8.64799 0.000491154
-8.63019 0.000497787
-8.61238 0.00050451
-8.59458 0.000511326
-8.57677 0.000518235
-8.55897 0.00052524
-8.54116 0.00053234
-8.52335 0.000539539
-8.50555 0.000546836
-8.48774 0.000554234
-8.46994 0.000561734
-8.45213 0.000569337
-8.43433 0.000577045
-8.41652 0.000584859
-8.39871 0.000592781
-8.38091 0.000600812
-8.3631 0.000608954
-8.3453 0.000617208
-8.32749 0.000625576
-8.30969 0.00063406
-8.29188 0.000642661
-8.27407 0.00065138
-8.25627 0.00066022
-8.23846 0.000669183
-8.22066 0.000678269
-8.20285 0.000687481
-8.18505 0.00069682
-8.16724 0.000706289
-8.14943 0.000715889
-8.13163 0.000725621
-8.11382 0.000735489
-8.09602 0.000745493
-8.07821 0.000755636
-8.06041 0.00076592
-8.0426 0.000776346
-8.02479 0.000786917
-8.00699 0.000797635
-7.98918 0.000808501
-7.97138 0.000819519
-7.95357 0.000830689
-7.93577 0.000842015
-7.91796 0.000853498
-7.90015 0.000865141
-7.88235 0.000876946
-7.86454 0.000888915
-7.84674 0.000901051
-7.82893 0.000913356
-7.81113 0.000925833
-7.79332 0.000938483
-7.77551 0.000951309
-7.75771 0.000964315
-7.7399 0.000977501
-7.7221 0.000990872
-7.70429 0.00100443
-7.68649 0.00101818
-7.66868 0.00103212
-7.65087 0.00104625
-7.63307 0.00106058
-7.61526 0.00107511
-7.59746 0.00108985
-7.57965 0.00110479
-7.56185 0.00111994
-7.54404 0.0011353
-7.52623 0.00115088
-7.50843 0.00116668
-7.49062 0.00118269
-7.47282 0.00119894
-7.45501 0.00121541
-7.43721 0.00123211
-7.4194 0.00124904
-7.40159 0.00126622
-7.38379 0.00128363
-7.36598 0.00130129
-7.34818 0.0013192
-7.33037 0.00133736
-7.31257 0.00135578
-7.29476 0.00137445
-7.27695 0.00139339
-7.25915 0.00141259
-7.24134 0.00143207
-7.22354 0.00145182
-7.20573 0.00147185
-7.18793 0.00149216
-7.17012 0.00151276
-7.15231 0.00153364
-7.13451 0.00155483
-7.1167 0.00157631
-7.0989 0.0015981
-7.08109 0.00162019
-7.06329 0.0016426
-7.04548 0.00166533
-7.02767 0.00168837
-7.00987 0.00171175
-6.99206 0.00173545
-6.97426 0.00175949
-6.95645 0.00178388
-6.93864 0.0018086
-6.92084 0.00183368
-6.90303 0.00185912
-6.88523 0.00188491
-6.86742 0.00191108
-6.84962 0.00193761
-6.83181 0.00196453
-6.814 0.00199182
-6.7962 0.00201951
-6.77839 0.00204758
-6.76059 0.00207606
-6.74278 0.00210495
-6.72498 0.00213425
-6.70717 0.00216396
-6.68936 0.0021941
-6.67156 0.00222467
-6.65375 0.00225568
-6.63595 0.00228713
-6.61814 0.00231903
-6.60034 0.00235138
-6.58253 0.0023842
-6.56472 0.00241749
-6.54692 0.00245126
-6.52911 0.00248551
-6.51131 0.00252025
-6.4935 0.00255549
-6.4757 0.00259124
-6.45789 0.0026275
-6.44008 0.00266428
-6.42228 0.00270159
-6.40447 0.00273943
-6.38667 0.00277782
-6.36886 0.00281677
-6.35106 0.00285627
-6.33325 0.00289634
-6.31544 0.00293699
-6.29764 0.00297823
-6.27983 0.00302006
-6.26203 0.0030625
-6.24422 0.00310555
-6.22642 0.00314922
-6.20861 0.00319352
-6.1908 0.00323847
-6.173 0.00328406
-6.15519 0.00333032
-6.13739 0.00337724
-6.11958 0.00342485
-6.10178 0.00347314
-6.08397 0.00352214
-6.06616 0.00357185
-6.04836 0.00362228
-6.03055 0.00367344
-6.01275 0.00372535
-5.99494 0.00377801
-5.97714 0.00383144
-5.95933 0.00388564
-5.94152 0.00394064
-5.92372 0.00399644
-5.90591 0.00405305
-5.88811 0.00411049
-5.8703 0.00416877
-5.8525 0.0042279
-5.83469 0.00428789
-5.81688 0.00434876
-5.79908 0.00441052
-5.78127 0.00447319
-5.76347 0.00453678
-5.74566 0.00460129
-5.72786 0.00466676
-5.71005 0.00473318
-5.69224 0.00480058
-5.67444 0.00486897
-5.65663 0.00493837
-5.63883 0.00500879
-5.62102 0.00508024
-5.60322 0.00515275
-5.58541 0.00522632
-5.5676 0.00530098
-5.5498 0.00537674
-5.53199 0.00545362
-5.51419 0.00553164
-5.49638 0.00561081
-5.47858 0.00569114
-5.46077 0.00577267
-5.44296 0.00585541
-5.42516 0.00593937
-5.40735 0.00602458
-5.38955 0.00611105
-5.37174 0.00619881
-5.35393 0.00628786
-5.33613 0.00637825
-5.31832 0.00646997
-5.30052 0.00656307
-5.28271 0.00665754
-5.26491 0.00675343
-5.2471 0.00685075
-5.22929 0.00694952
-5.21149 0.00704976
-5.19368 0.0071515
-5.17588 0.00725476
-5.15807 0.00735957
-5.14027 0.00746595
-5.12246 0.00757392
-5.10465 0.0076835
-5.08685 0.00779474
-5.06904 0.00790764
-5.05124 0.00802224
-5.03343 0.00813856
-5.01563 0.00825663
-4.99782 0.00837648
-4.98001 0.00849813
-4.96221 0.00862162
-4.9444 0.00874697
-4.9266 0.00887421
-4.90879 0.00900338
-4.89099 0.0091345
-4.87318 0.0092676
-4.85537 0.00940271
-4.83757 0.00953988
-4.81976 0.00967912
-4.80196 0.00982047
-4.78415 0.00996397
-4.76635 0.0101097
-4.74854 0.0102576
-4.73073 0.0104077
-4.71293 0.0105601
-4.69512 0.0107149
-4.67732 0.010872
-4.65951 0.0110315
-4.64171 0.0111935
-4.6239 0.0113579
-4.60609 0.0115249
-4.58829 0.0116944
-4.57048 0.0118664
-4.55268 0.0120412
-4.53487 0.0122186
-4.51707 0.0123987
-4.49926 0.0125817
-4.48145 0.0127674
-4.46365 0.012956
-4.44584 0.0131475
-4.42804 0.0133419
-4.41023 0.0135393
-4.39243 0.0137398
-4.37462 0.0139434
-4.35681 0.0141502
-4.33901 0.0143601
-4.3212 0.0145733
-4.3034 0.0147898
-4.28559 0.0150097
-4.26779 0.015233
-4.24998 0.0154597
-4.23217 0.01569
-4.21437 0.0159239
-4.19656 0.0161614
-4.17876 0.0164026
-4.16095 0.0166476
-4.14315 0.0168965
-4.12534 0.0171492
-4.10753 0.0174058
-4.08973 0.0176665
-4.07192 0.0179313
-4.05412 0.0182003
-4.03631 0.0184734
-4.01851 0.0187509
-4.0007 0.0190328
-3.98289 0.019319
-3.96509 0.0196098
-3.94728 0.0199052
-3.92948 0.0202053
-3.91167 0.0205101
-3.89387 0.0208197
-3.87606 0.0211342
-3.85825 0.0214537
-3.84045 0.0217783
-3.82264 0.0221081
-3.80484 0.0224431
-3.78703 0.0227834
-3.76922 0.0231292
-3.75142 0.0234805
-3.73361 0.0238373
-3.71581 0.0241999
-3.698 0.0245683
-3.6802 0.0249426
-3.66239 0.0253229
-3.64458 0.0257093
-3.62678 0.0261019
-3.60897 0.0265008
-3.59117 0.0269062
-3.57336 0.0273181
-3.55556 0.0277366
-3.53775 0.0281619
-3.51994 0.028594
-3.50214 0.0290332
-3.48433 0.0294794
-3.46653 0.0299329
-3.44872 0.0303937
-3.43092 0.0308621
-3.41311 0.031338
-3.3953 0.0318218
-3.3775 0.0323133
-3.35969 0.032813
-3.34189 0.0333207
-3.32408 0.0338368
-3.30628 0.0343613
-3.28847 0.0348944
-3.27066 0.0354363
-3.25286 0.0359871
-3.23505 0.0365469
-3.21725 0.0371159
-3.19944 0.0376943
-3.18164 0.0382822
-3.16383 0.0388799
-3.14602 0.0394874
-3.12822 0.040105
-3.11041 0.0407328
-3.09261 0.041371
-3.0748 0.0420198
-3.057 0.0426794
-3.03919 0.0433499
-3.02138 0.0440316
-3.00358 0.0447247
-2.98577 0.0454294
-2.96797 0.0461458
-2.95016 0.0468742
-2.93236 0.0476148
-2.91455 0.0483679
-2.89674 0.0491335
-2.87894 0.0499121
-2.86113 0.0507037
-2.84333 0.0515086
-2.82552 0.0523271
-2.80772 0.0531594
-2.78991 0.0540058
-2.7721 0.0548665
-2.7543 0.0557418
-2.73649 0.0566319
-2.71869 0.057537
-2.70088 0.0584576
-2.68308 0.0593938
-2.66527 0.0603459
-2.64746 0.0613142
-2.62966 0.0622991
-2.61185 0.0633008
-2.59405 0.0643195
-2.57624 0.0653557
-2.55844 0.0664096
-2.54063 0.0674816
-2.52282 0.068572
-2.50502 0.0696811
-2.48721 0.0708092
-2.46941 0.0719567
-2.4516 0.073124
-2.4338 0.0743114
-2.41599 0.0755193
-2.39818 0.076748
-2.38038 0.0779979
-2.36257 0.0792695
-2.34477 0.080563
-2.32696 0.0818789
-2.30916 0.0832177
-2.29135 0.0845796
-2.27354 0.0859651
-2.25574 0.0873747
-2.23793 0.0888088
-2.22013 0.0902678
-2.20232 0.0917522
-2.18452 0.0932624
-2.16671 0.0947989
-2.1489 0.0963621
-2.1311 0.0979525
-2.11329 0.0995707
-2.09549 0.101217
-2.07768 0.102892
-2.05987 0.104596
-2.04207 0.10633
-2.02426 0.108095
-2.00646 0.10989
-1.98865 0.111716
-1.97085 0.113574
-1.95304 0.115464
-1.93523 0.117388
-1.91743 0.119345
-1.89962 0.121336
-1.88182 0.123361
-1.86401 0.125422
-1.84621 0.127519
-1.8284 0.129652
-1.81059 0.131822
-1.79279 0.13403
-1.77498 0.136275
-1.75718 0.13856
-1.73937 0.140884
-1.72157 0.143248
-1.70376 0.145652
-1.68595 0.148098
-1.66815 0.150586
-1.65034 0.153116
-1.63254 0.155689
-1.61473 0.158306
-1.59693 0.160967
-1.57912 0.163672
-1.56131 0.166424
-1.54351 0.169221
-1.5257 0.172065
-1.5079 0.174956
-1.49009 0.177895
-1.47229 0.180882
-1.45448 0.183918
-1.43667 0.187003
-1.41887 0.190137
-1.40106 0.193322
-1.38326 0.196558
-1.36545 0.199844
-1.34765 0.203182
-1.32984 0.206571
-1.31203 0.210012
-1.29423 0.213506
-1.27642 0.217051
-1.25862 0.220649
-1.24081 0.2243
-1.22301 0.228003
-1.2052 0.231758
-1.18739 0.235565
-1.16959 0.239425
-1.15178 0.243336
-1.13398 0.247298
-1.11617 0.251311
-1.09837 0.255374
-1.08056 0.259486
-1.06275 0.263646
-1.04495 0.267854
-1.02714 0.272108
-1.00934 0.276406
-0.991531 0.280747
-0.973725 0.28513
-0.95592 0.289552
-0.938114 0.294011
-0.920308 0.298506
-0.902502 0.303032
-0.884697 0.307588
-0.866891 0.312171
-0.849085 0.316776
-0.83128 0.3214
-0.813474 0.326039
-0.795668 0.33069
-0.777862 0.335346
-0.760057 0.340003
-0.742251 0.344656
-0.724445 0.349299
-0.706639 0.353926
-0.688834 0.358529
-0.671028 0.363103
-0.653222 0.367639
-0.635417 0.372131
-0.617611 0.376568
-0.599805 0.380944
-0.581999 0.385248
-0.564194 0.389471
-0.546388 0.393604
-0.528582 0.397635
-0.510776 0.401554
-0.492971 0.40535
-0.475165 0.409012
-0.457359 0.412527
-0.439554 0.415884
-0.421748 0.419071
-0.403942 0.422075
-0.386136 0.424885
-0.368331 0.427487
-0.350525 0.429869
-0.332719 0.432019
-0.314913 0.433926
-0.297108 0.435578
-0.279302 0.436963
-0.261496 0.438071
-0.24369 0.438893
-0.225885 0.439418
-0.208079 0.439639
-0.190273 0.439547
-0.172468 0.439138
-0.154662 0.438404
-0.136856 0.437343
-0.11905 0.435952
-0.101245 0.434228
-0.0834389 0.432173
-0.0656332 0.429787
-0.0478274 0.427073
-0.0300217 0.424035
-0.012216 0.42068
0.00558975 0.417014
0.0233955 0.413046
0.0412012 0.408786
0.0590069 0.404244
0.0768127 0.399433
0.0946184 0.394365
0.112424 0.389056
0.13023 0.38352
0.148036 0.377773
0.165841 0.37183
0.183647 0.365709
0.201453 0.359425
0.219259 0.352998
0.237064 0.346442
0.25487 0.339776
0.272676 0.333016
0.290481 0.326179
0.308287 0.319281
0.326093 0.312338
0.343899 0.305364
0.361704 0.298375
0.37951 0.291384
0.397316 0.284404
0.415122 0.277449
0.432927 0.270528
0.450733 0.263654
0.468539 0.256837
0.486344 0.250086
0.50415 0.243408
0.521956 0.236814
0.539762 0.230308
0.557567 0.223898
0.575373 0.21759
0.593179 0.211387
0.610985 0.205295
0.62879 0.199318
0.646596 0.193458
0.664402 0.187717
0.682207 0.182099
0.700013 0.176604
0.717819 0.171234
0.735625 0.16599
0.75343 0.160872
0.771236 0.155879
0.789042 0.151013
0.806848 0.146271
0.824653 0.141654
0.842459 0.13716
0.860265 0.132788
0.878071 0.128536
0.895876 0.124404
0.913682 0.120388
0.931488 0.116488
0.949293 0.112701
0.967099 0.109026
0.984905 0.105459
1.00271 0.102
1.02052 0.0986446
1.03832 0.0953918
1.05613 0.0922389
1.07393 0.0891835
1.09174 0.0862234
1.10955 0.0833561
1.12735 0.0805792
1.14516 0.0778904
1.16296 0.0752874
1.18077 0.0727678
1.19857 0.0703293
1.21638 0.0679697
1.23419 0.0656866
1.25199 0.063478
1.2698 0.0613416
1.2876 0.0592753
1.30541 0.0572771
1.32321 0.0553448
1.34102 0.0534764
1.35883 0.0516701
1.37663 0.0499238
1.39444 0.0482357
1.41224 0.0466041
1.43005 0.045027
1.44785 0.0435028
1.46566 0.0420298
1.48347 0.0406064
1.50127 0.0392309
1.51908 0.0379017
1.53688 0.0366175
1.55469 0.0353767
1.57249 0.0341778
1.5903 0.0330196
1.60811 0.0319006
1.62591 0.0308196
1.64372 0.0297753
1.66152 0.0287664
1.67933 0.0277919
1.69713 0.0268505
1.71494 0.0259411
1.73275 0.0250627
1.75055 0.0242142
1.76836 0.0233946
1.78616 0.022603
1.80397 0.0218383
1.82177 0.0210996
1.83958 0.0203862
1.85739 0.0196971
1.87519 0.0190314
1.893 0.0183885
1.9108 0.0177675
1.92861 0.0171676
1.94641 0.0165883
1.96422 0.0160286
1.98203 0.0154881
1.99983 0.0149659
2.01764 0.0144616
2.03544 0.0139744
2.05325 0.0135039
2.07105 0.0130494
2.08886 0.0126103
2.10667 0.0121862
2.12447 0.0117765
2.14228 0.0113808
2.16008 0.0109985
2.17789 0.0106292
2.19569 0.0102725
2.2135 0.0099279
2.23131 0.009595
2.24911 0.00927341
2.26692 0.00896273
2.28472 0.0086626
2.30253 0.00837265
2.32033 0.00809252
2.33814 0.0078219
2.35595 0.00756044
2.37375 0.00730783
2.39156 0.00706378
2.40936 0.00682798
2.42717 0.00660016
2.44497 0.00638004
2.46278 0.00616736
2.48059 0.00596187
2.49839 0.00576331
2.5162 0.00557145
2.534 0.00538606
2.55181 0.00520693
2.56961 0.00503383
2.58742 0.00486656
2.60523 0.00470493
2.62303 0.00454873
2.64084 0.00439779
2.65864 0.00425193
2.67645 0.00411096
2.69425 0.00397473
2.71206 0.00384308
2.72987 0.00371584
2.74767 0.00359287
2.76548 0.00347402
2.78328 0.00335916
2.80109 0.00324814
2.8189 0.00314084
2.8367 0.00303713
2.85451 0.00293689
2.87231 0.00284
2.89012 0.00274635
2.90792 0.00265582
2.92573 0.00256832
2.94354 0.00248374
2.96134 0.00240198
2.97915 0.00232294
2.99695 0.00224654
3.01476 0.00217268
3.03256 0.00210128
3.05037 0.00203225
3.06818 0.00196553
3.08598 0.00190101
3.10379 0.00183865
3.12159 0.00177835
3.1394 0.00172006
3.1572 0.00166369
3.17501 0.0016092
3.19282 0.00155652
3.21062 0.00150558
3.22843 0.00145633
3.24623 0.0014087
3.26404 0.00136266
3.28184 0.00131813
3.29965 0.00127508
3.31746 0.00123345
3.33526 0.0011932
3.35307 0.00115427
3.37087 0.00111663
3.38868 0.00108023
3.40648 0.00104503
3.42429 0.00101099
3.4421 0.000978074
3.4599 0.00094624
3.47771 0.000915454
3.49551 0.00088568
3.51332 0.000856885
3.53112 0.000829037
3.54893 0.000802104
3.56674 0.000776056
3.58454 0.000750862
3.60235 0.000726495
3.62015 0.000702928
3.63796 0.000680133
3.65576 0.000658086
3.67357 0.00063676
3.69138 0.000616133
3.70918 0.000596181
3.72699 0.000576882
3.74479 0.000558214
3.7626 0.000540157
3.7804 0.00052269
3.79821 0.000505793
3.81602 0.000489448
3.83382 0.000473637
3.85163 0.000458341
3.86943 0.000443545
3.88724 0.000429231
3.90504 0.000415383
3.92285 0.000401987
3.94066 0.000389026
3.95846 0.000376488
3.97627 0.000364358
3.99407 0.000352622
4.01188 0.000341268
4.02968 0.000330284
4.04749 0.000319656
4.0653 0.000309373
4.0831 0.000299424
