-23.0435 5.79535e-05
-23.0139 5.86506e-05
-22.9844 5.93561e-05
-22.9548 6.00701e-05
-22.9252 6.07926e-05
-22.8957 6.15237e-05
-22.8661 6.22636e-05
-22.8366 6.30124e-05
-22.807 6.37701e-05
-22.7774 6.45369e-05
-22.7479 6.53129e-05
-22.7183 6.60981e-05
-22.6888 6.68928e-05
-22.6592 6.76969e-05
-22.6296 6.85107e-05
-22.6001 6.93342e-05
-22.5705 7.01676e-05
-22.541 7.10109e-05
-22.5114 7.18643e-05
-22.4819 7.27279e-05
-22.4523 7.36019e-05
-22.4227 7.44863e-05
-22.3932 7.53813e-05
-22.3636 7.62869e-05
-22.3341 7.72034e-05
-22.3045 7.81309e-05
-22.2749 7.90694e-05
-22.2454 8.00192e-05
-22.2158 8.09803e-05
-22.1863 8.19529e-05
-22.1567 8.29371e-05
-22.1271 8.39331e-05
-22.0976 8.49409e-05
-22.068 8.59609e-05
-22.0385 8.6993e-05
-22.0089 8.80374e-05
-21.9794 8.90943e-05
-21.9498 9.01638e-05
-21.9202 9.12461e-05
-21.8907 9.23413e-05
-21.8611 9.34496e-05
-21.8316 9.45712e-05
-21.802 9.57061e-05
-21.7724 9.68545e-05
-21.7429 9.80167e-05
-21.7133 9.91928e-05
-21.6838 0.000100383
-21.6542 0.000101587
-21.6246 0.000102806
-21.5951 0.000104039
-21.5655 0.000105287
-21.536 0.00010655
-21.5064 0.000107828
-21.4769 0.000109121
-21.4473 0.000110429
-21.4177 0.000111753
-21.3882 0.000113093
-21.3586 0.000114449
-21.3291 0.000115821
-21.2995 0.00011721
-21.2699 0.000118615
-21.2404 0.000120036
-21.2108 0.000121475
-21.1813 0.000122931
-21.1517 0.000124404
-21.1221 0.000125895
-21.0926 0.000127403
-21.063 0.00012893
-21.0335 0.000130474
-21.0039 0.000132038
-20.9743 0.000133619
-20.9448 0.00013522
-20.9152 0.000136839
-20.8857 0.000138478
-20.8561 0.000140136
-20.8266 0.000141815
-20.797 0.000143513
-20.7674 0.000145231
-20.7379 0.00014697
-20.7083 0.000148729
-20.6788 0.00015051
-20.6492 0.000152311
-20.6196 0.000154134
-20.5901 0.000155979
-20.5605 0.000157846
-20.531 0.000159735
-20.5014 0.000161646
-20.4718 0.00016358
-20.4423 0.000165537
-20.4127 0.000167517
-20.3832 0.000169521
-20.3536 0.000171549
-20.3241 0.000173601
-20.2945 0.000175677
-20.2649 0.000177778
-20.2354 0.000179904
-20.2058 0.000182055
-20.1763 0.000184232
-20.1467 0.000186434
-20.1171 0.000188663
-20.0876 0.000190918
-20.058 0.0001932
-20.0285 0.000195509
-19.9989 0.000197846
-19.9693 0.00020021
-19.9398 0.000202603
-19.9102 0.000205023
-19.8807 0.000207473
-19.8511 0.000209952
-19.8216 0.00021246
-19.792 0.000214997
-19.7624 0.000217565
-19.7329 0.000220164
-19.7033 0.000222793
-19.6738 0.000225453
-19.6442 0.000228145
-19.6146 0.000230869
-19.5851 0.000233625
-19.5555 0.000236414
-19.526 0.000239236
-19.4964 0.000242092
-19.4668 0.000244981
-19.4373 0.000247904
-19.4077 0.000250862
-19.3782 0.000253856
-19.3486 0.000256884
-19.3191 0.000259949
-19.2895 0.00026305
-19.2599 0.000266188
-19.2304 0.000269362
-19.2008 0.000272575
-19.1713 0.000275825
-19.1417 0.000279114
-19.1121 0.000282442
-19.0826 0.00028581
-19.053 0.000289217
-19.0235 0.000292664
-18.9939 0.000296153
-18.9643 0.000299682
-18.9348 0.000303254
-18.9052 0.000306867
-18.8757 0.000310524
-18.8461 0.000314224
-18.8166 0.000317967
-18.787 0.000321755
-18.7574 0.000325587
-18.7279 0.000329465
-18.6983 0.000333389
-18.6688 0.000337359
-18.6392 0.000341376
-18.6096 0.00034544
-18.5801 0.000349553
-18.5505 0.000353714
-18.521 0.000357924
-18.4914 0.000362184
-18.4618 0.000366495
-18.4323 0.000370856
-18.4027 0.000375269
-18.3732 0.000379734
-18.3436 0.000384251
-18.3141 0.000388822
-18.2845 0.000393447
-18.2549 0.000398127
-18.2254 0.000402861
-18.1958 0.000407652
-18.1663 0.000412499
-18.1367 0.000417404
-18.1071 0.000422366
-18.0776 0.000427387
-18.048 0.000432467
-18.0185 0.000437606
-17.9889 0.000442807
-17.9593 0.000448069
-17.9298 0.000453393
-17.9002 0.000458779
-17.8707 0.000464229
-17.8411 0.000469743
-17.8116 0.000475323
-17.782 0.000480968
-17.7524 0.000486679
-17.7229 0.000492458
-17.6933 0.000498305
-17.6638 0.000504221
-17.6342 0.000510206
-17.6046 0.000516262
-17.5751 0.000522389
-17.5455 0.000528588
-17.516 0.00053486
-17.4864 0.000541206
-17.4568 0.000547627
-17.4273 0.000554123
-17.3977 0.000560696
-17.3682 0.000567345
-17.3386 0.000574074
-17.309 0.000580881
-17.2795 0.000587768
-17.2499 0.000594736
-17.2204 0.000601786
-17.1908 0.000608919
-17.1613 0.000616136
-17.1317 0.000623437
-17.1021 0.000630825
-17.0726 0.000638299
-17.043 0.000645861
-17.0135 0.000653511
-16.9839 0.000661252
-16.9543 0.000669083
-16.9248 0.000677006
-16.8952 0.000685022
-16.8657 0.000693133
-16.8361 0.000701338
-16.8065 0.00070964
-16.777 0.000718039
-16.7474 0.000726536
-16.7179 0.000735134
-16.6883 0.000743832
-16.6588 0.000752632
-16.6292 0.000761535
-16.5996 0.000770542
-16.5701 0.000779655
-16.5405 0.000788875
-16.511 0.000798203
-16.4814 0.00080764
-16.4518 0.000817187
-16.4223 0.000826847
-16.3927 0.000836619
-16.3632 0.000846506
-16.3336 0.000856508
-16.304 0.000866628
-16.2745 0.000876866
-16.2449 0.000887223
-16.2154 0.000897702
-16.1858 0.000908304
-16.1563 0.000919029
-16.1267 0.00092988
-16.0971 0.000940858
-16.0676 0.000951964
-16.038 0.000963199
-16.0085 0.000974566
-15.9789 0.000986066
-15.9493 0.0009977
-15.9198 0.00100947
-15.8902 0.00102138
-15.8607 0.00103342
-15.8311 0.00104561
-15.8015 0.00105794
-15.772 0.00107041
-15.7424 0.00108303
-15.7129 0.0010958
-15.6833 0.00110871
-15.6538 0.00112178
-15.6242 0.001135
-15.5946 0.00114837
-15.5651 0.0011619
-15.5355 0.00117558
-15.506 0.00118943
-15.4764 0.00120343
-15.4468 0.0012176
-15.4173 0.00123193
-15.3877 0.00124644
-15.3582 0.00126111
-15.3286 0.00127595
-15.299 0.00129096
-15.2695 0.00130615
-15.2399 0.00132151
-15.2104 0.00133706
-15.1808 0.00135278
-15.1513 0.00136869
-15.1217 0.00138478
-15.0921 0.00140106
-15.0626 0.00141753
-15.033 0.00143419
-15.0035 0.00145104
-14.9739 0.00146809
-14.9443 0.00148533
-14.9148 0.00150278
-14.8852 0.00152043
-14.8557 0.00153829
-14.8261 0.00155635
-14.7965 0.00157462
-14.767 0.0015931
-14.7374 0.0016118
-14.7079 0.00163071
-14.6783 0.00164985
-14.6488 0.0016692
-14.6192 0.00168878
-14.5896 0.00170859
-14.5601 0.00172862
-14.5305 0.00174889
-14.501 0.00176939
-14.4714 0.00179013
-14.4418 0.00181111
-14.4123 0.00183234
-14.3827 0.00185381
-14.3532 0.00187552
-14.3236 0.00189749
-14.294 0.00191971
-14.2645 0.00194219
-14.2349 0.00196493
-14.2054 0.00198793
-14.1758 0.0020112
-14.1463 0.00203473
-14.1167 0.00205854
-14.0871 0.00208262
-14.0576 0.00210698
-14.028 0.00213163
-13.9985 0.00215655
-13.9689 0.00218177
-13.9393 0.00220727
-13.9098 0.00223307
-13.8802 0.00225916
-13.8507 0.00228556
-13.8211 0.00231226
-13.7915 0.00233927
-13.762 0.00236659
-13.7324 0.00239422
-13.7029 0.00242218
-13.6733 0.00245045
-13.6438 0.00247905
-13.6142 0.00250798
-13.5846 0.00253724
-13.5551 0.00256684
-13.5255 0.00259678
-13.496 0.00262706
-13.4664 0.00265769
-13.4368 0.00268867
-13.4073 0.00272001
-13.3777 0.00275171
-13.3482 0.00278377
-13.3186 0.0028162
-13.289 0.002849
-13.2595 0.00288218
-13.2299 0.00291574
-13.2004 0.00294968
-13.1708 0.00298401
-13.1412 0.00301874
-13.1117 0.00305386
-13.0821 0.00308939
-13.0526 0.00312532
-13.023 0.00316167
-12.9935 0.00319843
-12.9639 0.00323561
-12.9343 0.00327321
-12.9048 0.00331125
-12.8752 0.00334972
-12.8457 0.00338863
-12.8161 0.00342799
-12.7865 0.0034678
-12.757 0.00350806
-12.7274 0.00354878
-12.6979 0.00358996
-12.6683 0.00363162
-12.6387 0.00367375
-12.6092 0.00371636
-12.5796 0.00375945
-12.5501 0.00380304
-12.5205 0.00384713
-12.491 0.00389171
-12.4614 0.00393681
-12.4318 0.00398242
-12.4023 0.00402854
-12.3727 0.0040752
-12.3432 0.00412238
-12.3136 0.0041701
-12.284 0.00421836
-12.2545 0.00426717
-12.2249 0.00431654
-12.1954 0.00436647
-12.1658 0.00441696
-12.1362 0.00446803
-12.1067 0.00451967
-12.0771 0.00457191
-12.0476 0.00462473
-12.018 0.00467816
-11.9885 0.00473218
-11.9589 0.00478683
-11.9293 0.00484209
-11.8998 0.00489797
-11.8702 0.00495449
-11.8407 0.00501165
-11.8111 0.00506946
-11.7815 0.00512792
-11.752 0.00518704
-11.7224 0.00524683
-11.6929 0.00530729
-11.6633 0.00536844
-11.6337 0.00543027
-11.6042 0.00549281
-11.5746 0.00555605
-11.5451 0.00562001
-11.5155 0.00568468
-11.486 0.00575009
-11.4564 0.00581623
-11.4268 0.00588311
-11.3973 0.00595075
-11.3677 0.00601915
-11.3382 0.00608832
-11.3086 0.00615827
-11.279 0.00622901
-11.2495 0.00630054
-11.2199 0.00637287
-11.1904 0.00644602
-11.1608 0.00651998
-11.1312 0.00659478
-11.1017 0.00667042
-11.0721 0.0067469
-11.0426 0.00682424
-11.013 0.00690245
-10.9835 0.00698154
-10.9539 0.00706151
-10.9243 0.00714237
-10.8948 0.00722414
-10.8652 0.00730682
-10.8357 0.00739043
-10.8061 0.00747498
-10.7765 0.00756046
-10.747 0.0076469
-10.7174 0.00773431
-10.6879 0.00782269
-10.6583 0.00791206
-10.6287 0.00800242
-10.5992 0.00809379
-10.5696 0.00818617
-10.5401 0.00827959
-10.5105 0.00837404
-10.481 0.00846955
-10.4514 0.00856611
-10.4218 0.00866375
-10.3923 0.00876248
-10.3627 0.0088623
-10.3332 0.00896323
-10.3036 0.00906527
-10.274 0.00916845
-10.2445 0.00927277
-10.2149 0.00937825
-10.1854 0.00948489
-10.1558 0.00959272
-10.1262 0.00970174
-10.0967 0.00981196
-10.0671 0.0099234
-10.0376 0.0100361
-10.008 0.01015
-9.97845 0.0102652
-9.94889 0.0103816
-9.91933 0.0104993
-9.88977 0.0106183
-9.86022 0.0107387
-9.83066 0.0108603
-9.8011 0.0109833
-9.77154 0.0111077
-9.74198 0.0112334
-9.71242 0.0113605
-9.68286 0.011489
-9.6533 0.0116189
-9.62374 0.0117502
-9.59419 0.011883
-9.56463 0.0120172
-9.53507 0.0121529
-9.50551 0.01229
-9.47595 0.0124287
-9.44639 0.0125689
-9.41683 0.0127106
-9.38727 0.0128538
-9.35772 0.0129987
-9.32816 0.0131451
-9.2986 0.0132931
-9.26904 0.0134427
-9.23948 0.0135939
-9.20992 0.0137468
-9.18036 0.0139013
-9.1508 0.0140575
-9.12124 0.0142155
-9.09169 0.0143751
-9.06213 0.0145365
-9.03257 0.0146996
-9.00301 0.0148644
-8.97345 0.0150311
-8.94389 0.0151995
-8.91433 0.0153698
-8.88477 0.0155419
-8.85521 0.0157159
-8.82566 0.0158918
-8.7961 0.0160695
-8.76654 0.0162492
-8.73698 0.0164308
-8.70742 0.0166143
-8.67786 0.0167998
-8.6483 0.0169873
-8.61874 0.0171768
-8.58918 0.0173684
-8.55963 0.017562
-8.53007 0.0177577
-8.50051 0.0179554
-8.47095 0.0181553
-8.44139 0.0183573
-8.41183 0.0185615
-8.38227 0.0187678
-8.35271 0.0189764
-8.32315 0.0191871
-8.2936 0.0194002
-8.26404 0.0196154
-8.23448 0.019833
-8.20492 0.0200529
-8.17536 0.020275
-8.1458 0.0204996
-8.11624 0.0207265
-8.08668 0.0209559
-8.05712 0.0211876
-8.02757 0.0214218
-7.99801 0.0216585
-7.96845 0.0218976
-7.93889 0.0221393
-7.90933 0.0223835
-7.87977 0.0226303
-7.85021 0.0228797
-7.82065 0.0231317
-7.7911 0.0233863
-7.76154 0.0236436
-7.73198 0.0239036
-7.70242 0.0241663
-7.67286 0.0244317
-7.6433 0.0246999
-7.61374 0.0249709
-7.58418 0.0252447
-7.55462 0.0255214
-7.52507 0.0258009
-7.49551 0.0260834
-7.46595 0.0263687
-7.43639 0.0266571
-7.40683 0.0269483
-7.37727 0.0272426
-7.34771 0.02754
-7.31815 0.0278404
-7.28859 0.0281439
-7.25904 0.0284505
-7.22948 0.0287602
-7.19992 0.0290732
-7.17036 0.0293893
-7.1408 0.0297087
-7.11124 0.0300313
-7.08168 0.0303572
-7.05212 0.0306865
-7.02256 0.031019
-6.99301 0.031355
-6.96345 0.0316944
-6.93389 0.0320372
-6.90433 0.0323835
-6.87477 0.0327333
-6.84521 0.0330866
-6.81565 0.0334435
-6.78609 0.033804
-6.75653 0.034168
-6.72698 0.0345358
-6.69742 0.0349072
-6.66786 0.0352824
-6.6383 0.0356613
-6.60874 0.0360439
-6.57918 0.0364304
-6.54962 0.0368207
-6.52006 0.0372149
-6.49051 0.037613
-6.46095 0.0380151
-6.43139 0.0384211
-6.40183 0.0388311
-6.37227 0.0392452
-6.34271 0.0396633
-6.31315 0.0400855
-6.28359 0.0405119
-6.25403 0.0409424
-6.22448 0.0413771
-6.19492 0.0418161
-6.16536 0.0422593
-6.1358 0.0427069
-6.10624 0.0431587
-6.07668 0.0436149
-6.04712 0.0440756
-6.01756 0.0445406
-5.988 0.0450101
-5.95845 0.0454842
-5.92889 0.0459627
-5.89933 0.0464458
-5.86977 0.0469336
-5.84021 0.0474259
-5.81065 0.0479229
-5.78109 0.0484247
-5.75153 0.0489311
-5.72197 0.0494423
-5.69242 0.0499583
-5.66286 0.0504792
-5.6333 0.0510049
-5.60374 0.0515355
-5.57418 0.0520711
-5.54462 0.0526116
-5.51506 0.0531571
-5.4855 0.0537076
-5.45594 0.0542632
-5.42639 0.0548239
-5.39683 0.0553898
-5.36727 0.0559607
-5.33771 0.0565369
-5.30815 0.0571183
-5.27859 0.0577049
-5.24903 0.0582968
-5.21947 0.0588941
-5.18992 0.0594967
-5.16036 0.0601046
-5.1308 0.060718
-5.10124 0.0613367
-5.07168 0.061961
-5.04212 0.0625907
-5.01256 0.063226
-4.983 0.0638668
-4.95344 0.0645131
-4.92389 0.0651651
-4.89433 0.0658227
-4.86477 0.0664859
-4.83521 0.0671549
-4.80565 0.0678295
-4.77609 0.0685098
-4.74653 0.0691959
-4.71697 0.0698878
-4.68741 0.0705854
-4.65786 0.0712889
-4.6283 0.0719982
-4.59874 0.0727133
-4.56918 0.0734344
-4.53962 0.0741613
-4.51006 0.0748941
-4.4805 0.0756328
-4.45094 0.0763775
-4.42138 0.0771281
-4.39183 0.0778847
-4.36227 0.0786472
-4.33271 0.0794158
-4.30315 0.0801903
-4.27359 0.0809709
-4.24403 0.0817574
-4.21447 0.08255
-4.18491 0.0833486
-4.15535 0.0841532
-4.1258 0.0849638
-4.09624 0.0857804
-4.06668 0.0866031
-4.03712 0.0874318
-4.00756 0.0882664
-3.978 0.0891071
-3.94844 0.0899538
-3.91888 0.0908065
-3.88932 0.0916651
-3.85977 0.0925297
-3.83021 0.0934002
-3.80065 0.0942766
-3.77109 0.0951589
-3.74153 0.0960471
-3.71197 0.0969411
-3.68241 0.0978409
-3.65285 0.0987465
-3.6233 0.0996578
-3.59374 0.100575
-3.56418 0.101498
-3.53462 0.102426
-3.50506 0.10336
-3.4755 0.104299
-3.44594 0.105244
-3.41638 0.106194
-3.38682 0.10715
-3.35727 0.108111
-3.32771 0.109077
-3.29815 0.110048
-3.26859 0.111024
-3.23903 0.112005
-3.20947 0.112991
-3.17991 0.113982
-3.15035 0.114977
-3.12079 0.115977
-3.09124 0.116982
-3.06168 0.117991
-3.03212 0.119004
-3.00256 0.120021
-2.973 0.121042
-2.94344 0.122067
-2.91388 0.123096
-2.88432 0.124128
-2.85476 0.125164
-2.82521 0.126203
-2.79565 0.127245
-2.76609 0.12829
-2.73653 0.129337
-2.70697 0.130387
-2.67741 0.131439
-2.64785 0.132493
-2.61829 0.133549
-2.58873 0.134607
-2.55918 0.135666
-2.52962 0.136726
-2.50006 0.137787
-2.4705 0.138848
-2.44094 0.139909
-2.41138 0.140971
-2.38182 0.142032
-2.35226 0.143092
-2.32271 0.144152
-2.29315 0.14521
-2.26359 0.146266
-2.23403 0.14732
-2.20447 0.148371
-2.17491 0.149419
-2.14535 0.150464
-2.11579 0.151505
-2.08623 0.152542
-2.05668 0.153573
-2.02712 0.1546
-1.99756 0.15562
-1.968 0.156634
-1.93844 0.157641
-1.90888 0.15864
-1.87932 0.159631
-1.84976 0.160613
-1.8202 0.161586
-1.79065 0.162548
-1.76109 0.163499
-1.73153 0.164438
-1.70197 0.165365
-1.67241 0.166278
-1.64285 0.167177
-1.61329 0.168061
-1.58373 0.168928
-1.55417 0.169779
-1.52462 0.170612
-1.49506 0.171425
-1.4655 0.172218
-1.43594 0.17299
-1.40638 0.17374
-1.37682 0.174466
-1.34726 0.175166
-1.3177 0.175841
-1.28814 0.176488
-1.25859 0.177106
-1.22903 0.177694
-1.19947 0.17825
-1.16991 0.178772
-1.14035 0.179259
-1.11079 0.179709
-1.08123 0.180121
-1.05167 0.180492
-1.02211 0.180821
-0.992556 0.181107
-0.962997 0.181346
-0.933438 0.181537
-0.903879 0.181678
-0.874321 0.181767
-0.844762 0.181802
-0.815203 0.18178
-0.785644 0.1817
-0.756085 0.181558
-0.726526 0.181354
-0.696967 0.181083
-0.667409 0.180745
-0.63785 0.180337
-0.608291 0.179856
-0.578732 0.179301
-0.549173 0.178669
-0.519614 0.177958
-0.490055 0.177166
-0.460496 0.176292
-0.430938 0.175333
-0.401379 0.174289
-0.37182 0.173157
-0.342261 0.171937
-0.312702 0.170628
-0.283143 0.16923
-0.253584 0.167742
-0.224026 0.166165
-0.194467 0.164499
-0.164908 0.162745
-0.135349 0.160906
-0.10579 0.158982
-0.0762312 0.156976
-0.0466724 0.154892
-0.0171135 0.152731
0.0124454 0.150499
0.0420042 0.148198
0.0715631 0.145833
0.101122 0.14341
0.130681 0.140933
0.16024 0.138406
0.189799 0.135837
0.219357 0.133229
0.248916 0.130589
0.278475 0.127923
0.308034 0.125235
0.337593 0.122531
0.367152 0.119817
0.396711 0.117098
0.426269 0.114378
0.455828 0.111663
0.485387 0.108957
0.514946 0.106264
0.544505 0.103589
0.574064 0.100935
0.603623 0.0983051
0.633182 0.0957032
0.66274 0.093132
0.692299 0.0905941
0.721858 0.0880919
0.751417 0.0856275
0.780976 0.0832028
0.810535 0.0808194
0.840094 0.0784787
0.869652 0.0761821
0.899211 0.0739304
0.92877 0.0717245
0.958329 0.069565
0.987888 0.0674525
1.01745 0.0653874
1.04701 0.0633697
1.07656 0.0613996
1.10612 0.0594771
1.13568 0.0576021
1.16524 0.0557743
1.1948 0.0539933
1.22436 0.0522589
1.25392 0.0505705
1.28348 0.0489276
1.31304 0.0473297
1.34259 0.045776
1.37215 0.0442661
1.40171 0.042799
1.43127 0.0413742
1.46083 0.0399908
1.49039 0.038648
1.51995 0.0373451
1.54951 0.0360812
1.57907 0.0348555
1.60862 0.0336672
1.63818 0.0325153
1.66774 0.0313991
1.6973 0.0303177
1.72686 0.0292702
1.75642 0.0282558
1.78598 0.0272737
1.81554 0.026323
1.8451 0.0254029
1.87465 0.0245126
1.90421 0.0236512
1.93377 0.0228181
1.96333 0.0220123
1.99289 0.0212331
2.02245 0.0204797
2.05201 0.0197515
2.08157 0.0190476
2.11112 0.0183674
2.14068 0.0177101
2.17024 0.0170751
2.1998 0.0164616
2.22936 0.0158691
2.25892 0.0152968
2.28848 0.0147442
2.31804 0.0142106
2.3476 0.0136954
2.37715 0.0131981
2.40671 0.0127181
2.43627 0.0122548
2.46583 0.0118077
2.49539 0.0113763
2.52495 0.01096
2.55451 0.0105584
2.58407 0.0101709
2.61363 0.00979717
2.64318 0.00943668
2.67274 0.009089
2.7023 0.0087537
2.73186 0.00843037
2.76142 0.0081186
2.79098 0.007818
2.82054 0.00752819
2.8501 0.00724881
2.87966 0.00697949
2.90921 0.0067199
2.93877 0.00646969
2.96833 0.00622855
2.99789 0.00599615
3.02745 0.0057722
3.05701 0.0055564
3.08657 0.00534847
3.11613 0.00514813
3.14569 0.00495511
3.17524 0.00476916
3.2048 0.00459003
3.23436 0.00441748
3.26392 0.00425126
3.29348 0.00409117
3.32304 0.00393698
3.3526 0.00378848
3.38216 0.00364546
3.41171 0.00350774
3.44127 0.00337511
3.47083 0.0032474
3.50039 0.00312444
3.52995 0.00300604
3.55951 0.00289205
3.58907 0.0027823
3.61863 0.00267664
3.64819 0.00257493
3.67774 0.00247702
3.7073 0.00238276
3.73686 0.00229204
3.76642 0.00220471
3.79598 0.00212066
3.82554 0.00203976
3.8551 0.0019619
3.88466 0.00188696
3.91422 0.00181485
3.94377 0.00174545
3.97333 0.00167867
4.00289 0.0016144
4.03245 0.00155257
4.06201 0.00149306
4.09157 0.00143581
4.12113 0.00138073
4.15069 0.00132773
4.18025 0.00127673
4.2098 0.00122767
4.23936 0.00118048
4.26892 0.00113507
4.29848 0.00109139
4.32804 0.00104937
4.3576 0.00100895
4.38716 0.000970069
4.41672 0.000932668
4.44628 0.000896693
4.47583 0.00086209
4.50539 0.000828808
4.53495 0.000796797
4.56451 0.000766008
4.59407 0.000736397
4.62363 0.000707919
4.65319 0.000680531
4.68275 0.000654191
4.71231 0.000628861
4.74186 0.000604502
4.77142 0.000581078
4.80098 0.000558552
4.83054 0.000536891
4.8601 0.000516063
4.88966 0.000496035
4.91922 0.000476777
4.94878 0.00045826
4.97833 0.000440456
5.00789 0.000423338
5.03745 0.000406879
5.06701 0.000391054
5.09657 0.00037584
5.12613 0.000361213
5.15569 0.00034715
5.18525 0.000333631
5.21481 0.000320633
5.24436 0.000308138
5.27392 0.000296127
5.30348 0.000284579
5.33304 0.000273479
5.3626 0.000262808
5.39216 0.000252551
5.42172 0.00024269
5.45128 0.000233212
5.48084 0.000224102
5.51039 0.000215345
5.53995 0.000206927
5.56951 0.000198837
5.59907 0.00019106
5.62863 0.000183586
5.65819 0.000176402
5.68775 0.000169497
5.71731 0.000162861
5.74687 0.000156483
5.77642 0.000150353
5.80598 0.000144461
5.83554 0.000138799
5.8651 0.000133358
5.89466 0.000128128
5.92422 0.000123103
5.95378 0.000118273
5.98334 0.000113632
6.0129 0.000109171
6.04245 0.000104885
6.07201 0.000100766
6.10157 9.6808e-05
6.13113 9.30044e-05
6.16069 8.93495e-05
6.19025 8.58374e-05
6.21981 8.24625e-05
6.24937 7.92197e-05
6.27892 7.61036e-05
6.30848 7.31095e-05
6.33804 7.02326e-05
6.3676 6.74682e-05
6.39716 6.48121e-05
6.42672 6.22601e-05
6.45628 5.9808e-05
6.48584 5.74519e-05
