-6.49804 1.3043e-05
-6.48394 1.34072e-05
-6.46984 1.37816e-05
-6.45573 1.41664e-05
-6.44163 1.45619e-05
-6.42753 1.49683e-05
-6.41342 1.53861e-05
-6.39932 1.58154e-05
-6.38521 1.62566e-05
-6.37111 1.67101e-05
-6.35701 1.71761e-05
-6.3429 1.76551e-05
-6.3288 1.81474e-05
-6.31469 1.86533e-05
-6.30059 1.91732e-05
-6.28649 1.97076e-05
-6.27238 2.02567e-05
-6.25828 2.08211e-05
-6.24417 2.1401e-05
-6.23007 2.19971e-05
-6.21597 2.26096e-05
-6.20186 2.32391e-05
-6.18776 2.38861e-05
-6.17365 2.45509e-05
-6.15955 2.52341e-05
-6.14545 2.59362e-05
-6.13134 2.66577e-05
-6.11724 2.73992e-05
-6.10313 2.81612e-05
-6.08903 2.89442e-05
-6.07493 2.97489e-05
-6.06082 3.05758e-05
-6.04672 3.14255e-05
-6.03261 3.22987e-05
-6.01851 3.3196e-05
-6.00441 3.4118e-05
-5.9903 3.50655e-05
-5.9762 3.60392e-05
-5.96209 3.70397e-05
-5.94799 3.80678e-05
-5.93389 3.91242e-05
-5.91978 4.02098e-05
-5.90568 4.13252e-05
-5.89157 4.24714e-05
-5.87747 4.36492e-05
-5.86337 4.48594e-05
-5.84926 4.6103e-05
-5.83516 4.73807e-05
-5.82106 4.86937e-05
-5.80695 5.00427e-05
-5.79285 5.14289e-05
-5.77874 5.28531e-05
-5.76464 5.43166e-05
-5.75054 5.58203e-05
-5.73643 5.73652e-05
-5.72233 5.89527e-05
-5.70822 6.05837e-05
-5.69412 6.22596e-05
-5.68002 6.39814e-05
-5.66591 6.57505e-05
-5.65181 6.75681e-05
-5.6377 6.94356e-05
-5.6236 7.13544e-05
-5.6095 7.33257e-05
-5.59539 7.53511e-05
-5.58129 7.7432e-05
-5.56718 7.95698e-05
-5.55308 8.17663e-05
-5.53898 8.40229e-05
-5.52487 8.63413e-05
-5.51077 8.87231e-05
-5.49666 9.11701e-05
-5.48256 9.3684e-05
-5.46846 9.62667e-05
-5.45435 9.892e-05
-5.44025 0.000101646
-5.42614 0.000104446
-5.41204 0.000107323
-5.39794 0.000110278
-5.38383 0.000113314
-5.36973 0.000116433
-5.35562 0.000119637
-5.34152 0.000122928
-5.32742 0.000126309
-5.31331 0.000129783
-5.29921 0.000133351
-5.2851 0.000137016
-5.271 0.000140781
-5.2569 0.000144648
-5.24279 0.000148621
-5.22869 0.000152702
-5.21459 0.000156894
-5.20048 0.000161199
-5.18638 0.000165622
-5.17227 0.000170165
-5.15817 0.000174832
-5.14407 0.000179625
-5.12996 0.000184548
-5.11586 0.000189605
-5.10175 0.000194799
-5.08765 0.000200135
-5.07355 0.000205614
-5.05944 0.000211242
-5.04534 0.000217023
-5.03123 0.00022296
-5.01713 0.000229058
-5.00303 0.000235322
-4.98892 0.000241754
-4.97482 0.000248361
-4.96071 0.000255146
-4.94661 0.000262114
-4.93251 0.000269271
-4.9184 0.000276621
-4.9043 0.00028417
-4.89019 0.000291922
-4.87609 0.000299884
-4.86199 0.00030806
-4.84788 0.000316456
-4.83378 0.000325079
-4.81967 0.000333934
-4.80557 0.000343028
-4.79147 0.000352366
-4.77736 0.000361955
-4.76326 0.000371803
-4.74915 0.000381915
-4.73505 0.000392299
-4.72095 0.000402962
-4.70684 0.000413911
-4.69274 0.000425154
-4.67863 0.000436698
-4.66453 0.000448552
-4.65043 0.000460724
-4.63632 0.000473222
-4.62222 0.000486055
-4.60812 0.000499231
-4.59401 0.00051276
-4.57991 0.000526651
-4.5658 0.000540913
-4.5517 0.000555556
-4.5376 0.00057059
-4.52349 0.000586026
-4.50939 0.000601873
-4.49528 0.000618144
-4.48118 0.000634848
-4.46708 0.000651997
-4.45297 0.000669603
-4.43887 0.000687677
-4.42476 0.000706233
-4.41066 0.000725281
-4.39656 0.000744837
-4.38245 0.000764912
-4.36835 0.00078552
-4.35424 0.000806675
-4.34014 0.000828391
-4.32604 0.000850683
-4.31193 0.000873565
-4.29783 0.000897054
-4.28372 0.000921164
-4.26962 0.000945913
-4.25552 0.000971316
-4.24141 0.00099739
-4.22731 0.00102415
-4.2132 0.00105162
-4.1991 0.00107982
-4.185 0.00110875
-4.17089 0.00113845
-4.15679 0.00116894
-4.14268 0.00120022
-4.12858 0.00123233
-4.11448 0.00126528
-4.10037 0.0012991
-4.08627 0.00133381
-4.07216 0.00136942
-4.05806 0.00140597
-4.04396 0.00144348
-4.02985 0.00148197
-4.01575 0.00152147
-4.00165 0.001562
-3.98754 0.0016036
-3.97344 0.00164627
-3.95933 0.00169007
-3.94523 0.001735
-3.93113 0.00178111
-3.91702 0.00182842
-3.90292 0.00187696
-3.88881 0.00192676
-3.87471 0.00197786
-3.86061 0.00203029
-3.8465 0.00208407
-3.8324 0.00213926
-3.81829 0.00219587
-3.80419 0.00225395
-3.79009 0.00231353
-3.77598 0.00237466
-3.76188 0.00243736
-3.74777 0.00250168
-3.73367 0.00256767
-3.71957 0.00263535
-3.70546 0.00270478
-3.69136 0.002776
-3.67725 0.00284905
-3.66315 0.00292398
-3.64905 0.00300083
-3.63494 0.00307965
-3.62084 0.00316049
-3.60673 0.00324341
-3.59263 0.00332844
-3.57853 0.00341566
-3.56442 0.00350509
-3.55032 0.00359682
-3.53621 0.00369088
-3.52211 0.00378734
-3.50801 0.00388625
-3.4939 0.00398768
-3.4798 0.00409168
-3.46569 0.00419833
-3.45159 0.00430768
-3.43749 0.0044198
-3.42338 0.00453475
-3.40928 0.00465262
-3.39518 0.00477346
-3.38107 0.00489735
-3.36697 0.00502436
-3.35286 0.00515457
-3.33876 0.00528805
-3.32466 0.00542489
-3.31055 0.00556516
-3.29645 0.00570895
-3.28234 0.00585634
-3.26824 0.00600741
-3.25414 0.00616226
-3.24003 0.00632097
-3.22593 0.00648364
-3.21182 0.00665036
-3.19772 0.00682122
-3.18362 0.00699633
-3.16951 0.00717578
-3.15541 0.00735967
-3.1413 0.00754812
-3.1272 0.00774122
-3.1131 0.00793909
-3.09899 0.00814183
-3.08489 0.00834956
-3.07078 0.0085624
-3.05668 0.00878046
-3.04258 0.00900387
-3.02847 0.00923274
-3.01437 0.00946721
-3.00026 0.00970741
-2.98616 0.00995345
-2.97206 0.0102055
-2.95795 0.0104636
-2.94385 0.0107281
-2.92974 0.0109989
-2.91564 0.0112763
-2.90154 0.0115603
-2.88743 0.0118513
-2.87333 0.0121492
-2.85922 0.0124543
-2.84512 0.0127667
-2.83102 0.0130866
-2.81691 0.0134141
-2.80281 0.0137494
-2.78871 0.0140928
-2.7746 0.0144443
-2.7605 0.0148041
-2.74639 0.0151725
-2.73229 0.0155496
-2.71819 0.0159356
-2.70408 0.0163307
-2.68998 0.0167351
-2.67587 0.0171489
-2.66177 0.0175725
-2.64767 0.0180059
-2.63356 0.0184495
-2.61946 0.0189034
-2.60535 0.0193678
-2.59125 0.019843
-2.57715 0.0203292
-2.56304 0.0208266
-2.54894 0.0213354
-2.53483 0.021856
-2.52073 0.0223884
-2.50663 0.022933
-2.49252 0.0234901
-2.47842 0.0240598
-2.46431 0.0246425
-2.45021 0.0252383
-2.43611 0.0258476
-2.422 0.0264705
-2.4079 0.0271075
-2.39379 0.0277588
-2.37969 0.0284246
-2.36559 0.0291052
-2.35148 0.0298009
-2.33738 0.030512
-2.32327 0.0312388
-2.30917 0.0319817
-2.29507 0.0327408
-2.28096 0.0335165
-2.26686 0.0343091
-2.25275 0.035119
-2.23865 0.0359464
-2.22455 0.0367916
-2.21044 0.0376551
-2.19634 0.038537
-2.18224 0.0394378
-2.16813 0.0403578
-2.15403 0.0412973
-2.13992 0.0422566
-2.12582 0.0432361
-2.11172 0.0442362
-2.09761 0.0452571
-2.08351 0.0462993
-2.0694 0.0473631
-2.0553 0.0484488
-2.0412 0.0495569
-2.02709 0.0506876
-2.01299 0.0518413
-1.99888 0.0530184
-1.98478 0.0542192
-1.97068 0.0554442
-1.95657 0.0566936
-1.94247 0.0579679
-1.92836 0.0592674
-1.91426 0.0605924
-1.90016 0.0619434
-1.88605 0.0633208
-1.87195 0.0647248
-1.85784 0.0661558
-1.84374 0.0676142
-1.82964 0.0691005
-1.81553 0.0706148
-1.80143 0.0721576
-1.78732 0.0737293
-1.77322 0.0753301
-1.75912 0.0769605
-1.74501 0.0786208
-1.73091 0.0803112
-1.7168 0.0820323
-1.7027 0.0837842
-1.6886 0.0855673
-1.67449 0.0873819
-1.66039 0.0892284
-1.64628 0.091107
-1.63218 0.093018
-1.61808 0.0949617
-1.60397 0.0969383
-1.58987 0.0989482
-1.57577 0.100992
-1.56166 0.103069
-1.54756 0.10518
-1.53345 0.107325
-1.51935 0.109505
-1.50525 0.111719
-1.49114 0.113968
-1.47704 0.116252
-1.46293 0.118571
-1.44883 0.120925
-1.43473 0.123314
-1.42062 0.125739
-1.40652 0.128199
-1.39241 0.130694
-1.37831 0.133225
-1.36421 0.135791
-1.3501 0.138393
-1.336 0.14103
-1.32189 0.143703
-1.30779 0.14641
-1.29369 0.149153
-1.27958 0.151931
-1.26548 0.154743
-1.25137 0.157589
-1.23727 0.16047
-1.22317 0.163385
-1.20906 0.166333
-1.19496 0.169315
-1.18085 0.172329
-1.16675 0.175376
-1.15265 0.178455
-1.13854 0.181565
-1.12444 0.184705
-1.11033 0.187876
-1.09623 0.191077
-1.08213 0.194306
-1.06802 0.197564
-1.05392 0.200849
-1.03981 0.204161
-1.02571 0.207498
-1.01161 0.21086
-0.997503 0.214245
-0.983399 0.217654
-0.969295 0.221084
-0.955191 0.224535
-0.941087 0.228005
-0.926983 0.231494
-0.912879 0.234999
-0.898775 0.23852
-0.884671 0.242055
-0.870567 0.245603
-0.856463 0.249162
-0.84236 0.252732
-0.828256 0.256309
-0.814152 0.259892
-0.800048 0.263481
-0.785944 0.267073
-0.77184 0.270666
-0.757736 0.274258
-0.743632 0.277848
-0.729528 0.281433
-0.715424 0.285013
-0.70132 0.288583
-0.687216 0.292143
-0.673112 0.295691
-0.659008 0.299224
-0.644904 0.302739
-0.6308 0.306236
-0.616696 0.30971
-0.602592 0.313161
-0.588488 0.316586
-0.574384 0.319982
-0.56028 0.323347
-0.546177 0.326679
-0.532073 0.329975
-0.517969 0.333232
-0.503865 0.336449
-0.489761 0.339622
-0.475657 0.34275
-0.461553 0.345829
-0.447449 0.348857
-0.433345 0.351832
-0.419241 0.354752
-0.405137 0.357613
-0.391033 0.360413
-0.376929 0.363151
-0.362825 0.365823
-0.348721 0.368427
-0.334617 0.370961
-0.320513 0.373422
-0.306409 0.375808
-0.292305 0.378118
-0.278201 0.380348
-0.264097 0.382497
-0.249993 0.384563
-0.23589 0.386544
-0.221786 0.388437
-0.207682 0.390242
-0.193578 0.391955
-0.179474 0.393577
-0.16537 0.395104
-0.151266 0.396536
-0.137162 0.39787
-0.123058 0.399107
-0.108954 0.400244
-0.09485 0.40128
-0.080746 0.402215
-0.0666421 0.403048
-0.0525381 0.403776
-0.0384342 0.404401
-0.0243302 0.404922
-0.0102263 0.405337
0.00387769 0.405647
0.0179816 0.405851
0.0320856 0.405949
0.0461895 0.405941
0.0602935 0.405828
0.0743975 0.405609
0.0885014 0.405285
0.102605 0.404856
0.116709 0.404322
0.130813 0.403686
0.144917 0.402946
0.159021 0.402104
0.173125 0.401161
0.187229 0.400118
0.201333 0.398977
0.215437 0.397738
0.229541 0.396402
0.243645 0.394972
0.257749 0.393449
0.271853 0.391834
0.285957 0.39013
0.300061 0.388337
0.314165 0.386458
0.328269 0.384494
0.342373 0.382448
0.356477 0.380322
0.37058 0.378118
0.384684 0.375837
0.398788 0.373482
0.412892 0.371056
0.426996 0.36856
0.4411 0.365996
0.455204 0.363368
0.469308 0.360678
0.483412 0.357927
0.497516 0.355118
0.51162 0.352254
0.525724 0.349337
0.539828 0.346369
0.553932 0.343353
0.568036 0.340292
0.58214 0.337187
0.596244 0.334041
0.610348 0.330857
0.624452 0.327636
0.638556 0.324382
0.65266 0.321096
0.666764 0.317781
0.680867 0.314438
0.694971 0.311072
0.709075 0.307682
0.723179 0.304273
0.737283 0.300845
0.751387 0.297402
0.765491 0.293944
0.779595 0.290475
0.793699 0.286996
0.807803 0.283509
0.821907 0.280015
0.836011 0.276518
0.850115 0.273018
0.864219 0.269518
0.878323 0.266019
0.892427 0.262523
0.906531 0.259031
0.920635 0.255546
0.934739 0.252067
0.948843 0.248598
0.962947 0.24514
0.97705 0.241693
0.991154 0.23826
1.00526 0.234841
1.01936 0.231437
1.03347 0.228051
1.04757 0.224683
1.06167 0.221333
1.07578 0.218004
1.08988 0.214696
1.10399 0.211411
1.11809 0.208148
1.13219 0.204909
1.1463 0.201695
1.1604 0.198506
1.17451 0.195344
1.18861 0.192208
1.20271 0.1891
1.21682 0.18602
1.23092 0.182969
1.24503 0.179947
1.25913 0.176955
1.27323 0.173993
1.28734 0.171062
1.30144 0.168161
1.31555 0.165293
1.32965 0.162455
1.34375 0.15965
1.35786 0.156877
1.37196 0.154136
1.38607 0.151428
1.40017 0.148753
1.41427 0.146111
1.42838 0.143502
1.44248 0.140926
1.45658 0.138383
1.47069 0.135874
1.48479 0.133398
1.4989 0.130956
1.513 0.128546
1.5271 0.12617
1.54121 0.123828
1.55531 0.121518
1.56942 0.119242
1.58352 0.116998
1.59762 0.114788
1.61173 0.11261
1.62583 0.110465
1.63994 0.108352
1.65404 0.106271
1.66814 0.104222
1.68225 0.102205
1.69635 0.10022
1.71046 0.0982661
1.72456 0.0963434
1.73866 0.0944515
1.75277 0.0925904
1.76687 0.0907596
1.78098 0.0889589
1.79508 0.0871881
1.80918 0.0854469
1.82329 0.0837349
1.83739 0.082052
1.8515 0.0803977
1.8656 0.0787718
1.8797 0.077174
1.89381 0.075604
1.90791 0.0740614
1.92202 0.072546
1.93612 0.0710573
1.95022 0.0695952
1.96433 0.0681593
1.97843 0.0667491
1.99254 0.0653645
2.00664 0.0640051
2.02074 0.0626706
2.03485 0.0613605
2.04895 0.0600747
2.06305 0.0588127
2.07716 0.0575742
2.09126 0.056359
2.10537 0.0551665
2.11947 0.0539967
2.13357 0.052849
2.14768 0.0517232
2.16178 0.050619
2.17589 0.049536
2.18999 0.0484738
2.20409 0.0474323
2.2182 0.046411
2.2323 0.0454097
2.24641 0.044428
2.26051 0.0434656
2.27461 0.0425222
2.28872 0.0415974
2.30282 0.0406911
2.31693 0.0398028
2.33103 0.0389323
2.34513 0.0380793
2.35924 0.0372435
2.37334 0.0364246
2.38745 0.0356222
2.40155 0.0348362
2.41565 0.0340662
2.42976 0.033312
2.44386 0.0325732
2.45797 0.0318496
2.47207 0.031141
2.48617 0.030447
2.50028 0.0297674
2.51438 0.029102
2.52849 0.0284504
2.54259 0.0278124
2.55669 0.0271878
2.5708 0.0265764
2.5849 0.0259778
2.59901 0.0253918
2.61311 0.0248183
2.62721 0.0242569
2.64132 0.0237075
2.65542 0.0231698
2.66952 0.0226435
2.68363 0.0221286
2.69773 0.0216246
2.71184 0.0211315
2.72594 0.0206491
2.74004 0.020177
2.75415 0.0197152
2.76825 0.0192634
2.78236 0.0188213
2.79646 0.018389
2.81056 0.017966
2.82467 0.0175523
2.83877 0.0171476
2.85288 0.0167518
2.86698 0.0163647
2.88108 0.0159861
2.89519 0.0156159
2.90929 0.0152538
2.9234 0.0148998
2.9375 0.0145536
2.9516 0.0142151
2.96571 0.0138841
2.97981 0.0135605
2.99392 0.0132441
3.00802 0.0129347
3.02212 0.0126323
3.03623 0.0123367
3.05033 0.0120477
3.06444 0.0117652
3.07854 0.0114891
3.09264 0.0112192
3.10675 0.0109553
3.12085 0.0106975
3.13496 0.0104455
3.14906 0.0101992
3.16316 0.00995844
3.17727 0.0097232
3.19137 0.00949331
3.20548 0.00926867
3.21958 0.00904915
3.23368 0.00883465
3.24779 0.00862506
3.26189 0.00842026
3.27599 0.00822017
3.2901 0.00802467
3.3042 0.00783367
3.31831 0.00764706
3.33241 0.00746476
3.34651 0.00728666
3.36062 0.00711268
3.37472 0.00694272
3.38883 0.00677669
3.40293 0.00661452
3.41703 0.00645611
3.43114 0.00630138
3.44524 0.00615024
3.45935 0.00600263
3.47345 0.00585845
3.48755 0.00571764
3.50166 0.00558012
3.51576 0.00544581
3.52987 0.00531464
3.54397 0.00518655
3.55807 0.00506146
3.57218 0.0049393
3.58628 0.00482002
3.60039 0.00470354
3.61449 0.0045898
3.62859 0.00447874
3.6427 0.00437029
3.6568 0.00426441
3.67091 0.00416103
3.68501 0.00406009
3.69911 0.00396154
3.71322 0.00386533
3.72732 0.00377139
3.74143 0.00367969
3.75553 0.00359016
3.76963 0.00350275
3.78374 0.00341743
3.79784 0.00333414
3.81195 0.00325283
3.82605 0.00317346
3.84015 0.00309598
3.85426 0.00302035
3.86836 0.00294653
3.88246 0.00287448
3.89657 0.00280415
3.91067 0.0027355
3.92478 0.0026685
3.93888 0.0026031
3.95298 0.00253928
3.96709 0.00247699
3.98119 0.00241619
3.9953 0.00235686
4.0094 0.00229895
4.0235 0.00224244
4.03761 0.0021873
4.05171 0.00213348
4.06582 0.00208096
4.07992 0.00202971
4.09402 0.00197969
4.10813 0.00193089
4.12223 0.00188327
4.13634 0.0018368
4.15044 0.00179146
4.16454 0.00174721
4.17865 0.00170404
4.19275 0.00166192
4.20686 0.00162082
4.22096 0.00158071
4.23506 0.00154159
4.24917 0.00150341
4.26327 0.00146617
4.27738 0.00142983
4.29148 0.00139438
4.30558 0.00135979
4.31969 0.00132605
4.33379 0.00129313
4.3479 0.00126101
4.362 0.00122968
4.3761 0.00119911
4.39021 0.0011693
4.40431 0.00114021
4.41842 0.00111184
4.43252 0.00108416
4.44662 0.00105716
4.46073 0.00103082
4.47483 0.00100512
4.48893 0.000980064
4.50304 0.000955618
4.51714 0.000931774
4.53125 0.000908516
4.54535 0.00088583
4.55945 0.000863702
4.57356 0.00084212
4.58766 0.000821069
4.60177 0.000800537
4.61587 0.000780512
4.62997 0.00076098
4.64408 0.000741931
4.65818 0.000723352
4.67229 0.000705233
4.68639 0.000687561
4.70049 0.000670326
4.7146 0.000653518
4.7287 0.000637125
4.74281 0.000621139
4.75691 0.000605548
4.77101 0.000590344
4.78512 0.000575517
4.79922 0.000561058
4.81333 0.000546958
4.82743 0.000533207
4.84153 0.000519798
4.85564 0.000506722
4.86974 0.000493972
4.88385 0.000481538
4.89795 0.000469413
4.91205 0.000457591
4.92616 0.000446062
4.94026 0.000434821
4.95437 0.000423859
4.96847 0.000413171
4.98257 0.00040275
4.99668 0.000392588
5.01078 0.00038268
5.02489 0.000373019
5.03899 0.000363599
5.05309 0.000354415
5.0672 0.00034546
5.0813 0.000336729
5.0954 0.000328217
5.10951 0.000319917
5.12361 0.000311825
5.13772 0.000303935
5.15182 0.000296243
5.16592 0.000288744
5.18003 0.000281433
5.19413 0.000274305
5.20824 0.000267355
5.22234 0.00026058
5.23644 0.000253975
5.25055 0.000247536
5.26465 0.000241258
5.27876 0.000235138
5.29286 0.000229172
5.30696 0.000223356
5.32107 0.000217686
5.33517 0.000212158
5.34928 0.00020677
5.36338 0.000201517
5.37748 0.000196396
5.39159 0.000191405
5.40569 0.000186539
5.4198 0.000181795
5.4339 0.000177171
5.448 0.000172664
5.46211 0.00016827
5.47621 0.000163988
5.49032 0.000159813
5.50442 0.000155743
5.51852 0.000151777
5.53263 0.00014791
5.54673 0.000144141
5.56084 0.000140468
5.57494 0.000136887
5.58904 0.000133396
5.60315 0.000129994
5.61725 0.000126678
5.63136 0.000123446
5.64546 0.000120296
5.65956 0.000117225
5.67367 0.000114233
5.68777 0.000111316
5.70187 0.000108472
5.71598 0.000105701
5.73008 0.000103001
5.74419 0.000100368
5.75829 9.78026e-05
5.77239 9.53021e-05
5.7865 9.2865e-05
5.8006 9.04897e-05
5.81471 8.81748e-05
5.82881 8.59186e-05
5.84291 8.37198e-05
5.85702 8.15768e-05
5.87112 7.94882e-05
5.88523 7.74527e-05
5.89933 7.5469e-05
5.91343 7.35357e-05
5.92754 7.16516e-05
5.94164 6.98154e-05
5.95575 6.80259e-05
5.96985 6.6282e-05
5.98395 6.45825e-05
5.99806 6.29262e-05
6.01216 6.13121e-05
6.02627 5.97392e-05
6.04037 5.82063e-05
6.05447 5.67125e-05
6.06858 5.52568e-05
6.08268 5.38381e-05
6.09679 5.24557e-05
6.11089 5.11085e-05
6.12499 4.97957e-05
6.1391 4.85164e-05
6.1532 4.72697e-05
6.16731 4.60549e-05
6.18141 4.48711e-05
6.19551 4.37175e-05
6.20962 4.25934e-05
6.22372 4.1498e-05
6.23783 4.04306e-05
6.25193 3.93905e-05
6.26603 3.8377e-05
6.28014 3.73894e-05
6.29424 3.64271e-05
6.30835 3.54894e-05
6.32245 3.45756e-05
6.33655 3.36853e-05
6.35066 3.28177e-05
6.36476 3.19724e-05
6.37886 3.11487e-05
6.39297 3.0346e-05
6.40707 2.9564e-05
6.42118 2.8802e-05
6.43528 2.80595e-05
6.44938 2.7336e-05
6.46349 2.66311e-05
6.47759 2.59443e-05
6.4917 2.52751e-05
6.5058 2.4623e-05
6.5199 2.39877e-05
6.53401 2.33687e-05
6.54811 2.27655e-05
6.56222 2.21779e-05
6.57632 2.16053e-05
6.59042 2.10474e-05
6.60453 2.05039e-05
6.61863 1.99743e-05
6.63274 1.94583e-05
6.64684 1.89556e-05
6.66094 1.84658e-05
6.67505 1.79886e-05
6.68915 1.75236e-05
6.70326 1.70706e-05
6.71736 1.66293e-05
6.73146 1.61993e-05
6.74557 1.57803e-05
6.75967 1.53722e-05
6.77378 1.49745e-05
6.78788 1.45871e-05
6.80198 1.42097e-05
6.81609 1.3842e-05
6.83019 1.34837e-05
6.8443 1.31347e-05
6.8584 1.27946e-05
6.8725 1.24634e-05
6.88661 1.21406e-05
6.90071 1.18262e-05
6.91482 1.15199e-05
6.92892 1.12214e-05
6.94302 1.09307e-05
6.95713 1.06475e-05
6.97123 1.03715e-05
6.98533 1.01027e-05
6.99944 9.84084e-06
7.01354 9.58571e-06
7.02765 9.33717e-06
7.04175 9.09505e-06
7.05585 8.85917e-06
7.06996 8.62939e-06
7.08406 8.40553e-06
7.09817 8.18746e-06
7.11227 7.97502e-06
7.12637 7.76807e-06
7.14048 7.56646e-06
7.15458 7.37006e-06
7.16869 7.17874e-06
7.18279 6.99236e-06
7.19689 6.8108e-06
7.211 6.63394e-06
7.2251 6.46164e-06
7.23921 6.29381e-06
7.25331 6.13031e-06
7.26741 5.97104e-06
7.28152 5.8159e-06
7.29562 5.66476e-06
7.30973 5.51754e-06
7.32383 5.37413e-06
7.33793 5.23443e-06
7.35204 5.09835e-06
7.36614 4.96579e-06
7.38025 4.83666e-06
7.39435 4.71087e-06
7.40845 4.58835e-06
7.42256 4.469e-06
7.43666 4.35274e-06
7.45077 4.23949e-06
7.46487 4.12918e-06
7.47897 4.02172e-06
7.49308 3.91706e-06
7.50718 3.8151e-06
7.52129 3.71579e-06
7.53539 3.61905e-06
7.54949 3.52483e-06
7.5636 3.43304e-06
7.5777 3.34364e-06
7.5918 3.25655e-06
