0.72411 4.25572e-05
1.68452 0.000252255
2.64493 0.000592654
3.60534 0.000965045
4.56575 0.00132345
5.52616 0.00165355
6.48657 0.00195308
7.44698 0.00222384
8.40739 0.00246873
9.3678 0.00269074
10.3282 0.00289262
11.2886 0.00307673
12.249 0.00324513
13.2094 0.00339955
14.1698 0.00354148
15.1303 0.00367221
16.0907 0.00379281
17.0511 0.00390426
18.0115 0.00400735
18.9719 0.00410283
19.9323 0.00419131
20.8927 0.00427335
21.8531 0.00434946
22.8135 0.00442007
23.7739 0.00448558
24.7344 0.00454635
25.6948 0.00460269
26.6552 0.00465489
27.6156 0.00470322
28.576 0.00474793
29.5364 0.00478922
30.4968 0.00482731
31.4572 0.00486237
32.4176 0.00489458
33.378 0.0049241
34.3384 0.00495106
35.2989 0.00497562
36.2593 0.0049979
37.2197 0.005018
38.1801 0.00503605
39.1405 0.00505214
40.1009 0.00506638
41.0613 0.00507884
42.0217 0.00508963
42.9821 0.0050988
43.9425 0.00510646
44.903 0.00511265
45.8634 0.00511745
46.8238 0.00512092
47.7842 0.00512313
48.7446 0.00512413
49.705 0.00512397
50.6654 0.0051227
51.6258 0.00512037
52.5862 0.00511704
53.5466 0.00511273
54.5071 0.0051075
55.4675 0.00510139
56.4279 0.00509443
57.3883 0.00508665
58.3487 0.0050781
59.3091 0.0050688
60.2695 0.0050588
61.2299 0.00504811
62.1903 0.00503677
63.1507 0.0050248
64.1111 0.00501223
65.0716 0.0049991
66.032 0.00498541
66.9924 0.0049712
67.9528 0.00495649
68.9132 0.0049413
69.8736 0.00492565
70.834 0.00490956
71.7944 0.00489305
72.7548 0.00487613
73.7152 0.00485884
74.6757 0.00484118
75.6361 0.00482316
76.5965 0.00480482
77.5569 0.00478616
78.5173 0.00476719
79.4777 0.00474793
80.4381 0.0047284
81.3985 0.0047086
82.3589 0.00468856
83.3193 0.00466828
84.2798 0.00464777
85.2402 0.00462705
86.2006 0.00460613
87.161 0.00458502
88.1214 0.00456372
89.0818 0.00454225
90.0422 0.00452063
91.0026 0.00449884
91.963 0.00447692
92.9234 0.00445486
93.8838 0.00443268
94.8443 0.00441038
95.8047 0.00438796
96.7651 0.00436545
97.7255 0.00434284
98.6859 0.00432014
99.6463 0.00429737
100.607 0.00427451
101.567 0.0042516
102.528 0.00422861
103.488 0.00420558
104.448 0.00418249
105.409 0.00415936
106.369 0.00413619
107.33 0.00411299
108.29 0.00408976
109.25 0.00406651
110.211 0.00404324
111.171 0.00401996
112.132 0.00399666
113.092 0.00397337
114.052 0.00395007
115.013 0.00392677
115.973 0.00390349
116.934 0.00388021
117.894 0.00385695
118.855 0.00383371
119.815 0.00381049
120.775 0.00378729
121.736 0.00376412
122.696 0.00374099
123.657 0.00371789
124.617 0.00369482
125.577 0.0036718
126.538 0.00364882
127.498 0.00362589
128.459 0.003603
129.419 0.00358017
130.379 0.00355738
131.34 0.00353465
132.3 0.00351198
133.261 0.00348937
134.221 0.00346682
135.181 0.00344434
136.142 0.00342192
137.102 0.00339956
138.063 0.00337728
139.023 0.00335507
139.984 0.00333293
140.944 0.00331086
141.904 0.00328887
142.865 0.00326695
143.825 0.00324511
144.786 0.00322336
145.746 0.00320168
146.706 0.00318009
147.667 0.00315858
148.627 0.00313715
149.588 0.00311581
150.548 0.00309455
151.508 0.00307339
152.469 0.00305231
153.429 0.00303132
154.39 0.00301042
155.35 0.00298961
156.31 0.0029689
157.271 0.00294827
158.231 0.00292775
159.192 0.00290731
160.152 0.00288697
161.113 0.00286672
162.073 0.00284657
163.033 0.00282652
163.994 0.00280657
164.954 0.00278671
165.915 0.00276695
166.875 0.00274728
167.835 0.00272772
168.796 0.00270826
169.756 0.00268889
170.717 0.00266963
171.677 0.00265046
172.637 0.0026314
173.598 0.00261243
174.558 0.00259357
175.519 0.00257481
176.479 0.00255615
177.439 0.00253759
178.4 0.00251913
179.36 0.00250078
180.321 0.00248252
181.281 0.00246437
182.242 0.00244632
183.202 0.00242837
184.162 0.00241052
185.123 0.00239278
186.083 0.00237514
187.044 0.00235759
188.004 0.00234016
188.964 0.00232282
189.925 0.00230558
190.885 0.00228845
191.846 0.00227142
192.806 0.00225449
193.766 0.00223766
194.727 0.00222093
195.687 0.00220431
196.648 0.00218778
197.608 0.00217136
198.569 0.00215503
199.529 0.00213881
200.489 0.00212268
201.45 0.00210666
202.41 0.00209074
203.371 0.00207491
204.331 0.00205919
205.291 0.00204357
206.252 0.00202804
207.212 0.00201261
208.173 0.00199728
209.133 0.00198205
210.093 0.00196692
211.054 0.00195188
212.014 0.00193694
212.975 0.0019221
213.935 0.00190736
214.895 0.00189271
215.856 0.00187815
216.816 0.0018637
217.777 0.00184933
218.737 0.00183507
219.698 0.00182089
220.658 0.00180682
221.618 0.00179283
222.579 0.00177894
223.539 0.00176514
224.5 0.00175144
225.46 0.00173783
226.42 0.00172431
227.381 0.00171088
228.341 0.00169754
229.302 0.00168429
230.262 0.00167114
231.222 0.00165807
232.183 0.00164509
233.143 0.00163221
234.104 0.00161941
235.064 0.0016067
236.024 0.00159408
236.985 0.00158154
237.945 0.0015691
238.906 0.00155674
239.866 0.00154447
240.827 0.00153228
241.787 0.00152018
242.747 0.00150816
243.708 0.00149623
244.668 0.00148438
245.629 0.00147262
246.589 0.00146094
247.549 0.00144934
248.51 0.00143783
249.47 0.0014264
250.431 0.00141505
251.391 0.00140378
252.351 0.00139259
253.312 0.00138148
254.272 0.00137045
255.233 0.0013595
256.193 0.00134864
257.153 0.00133785
258.114 0.00132713
259.074 0.0013165
260.035 0.00130594
260.995 0.00129546
261.956 0.00128506
262.916 0.00127473
263.876 0.00126448
264.837 0.00125431
265.797 0.00124421
266.758 0.00123418
267.718 0.00122423
268.678 0.00121435
269.639 0.00120454
270.599 0.00119481
271.56 0.00118514
272.52 0.00117555
273.48 0.00116604
274.441 0.00115659
275.401 0.00114721
276.362 0.0011379
277.322 0.00112867
278.283 0.0011195
279.243 0.0011104
280.203 0.00110137
281.164 0.0010924
282.124 0.00108351
283.085 0.00107468
284.045 0.00106592
285.005 0.00105722
285.966 0.00104859
286.926 0.00104003
287.887 0.00103153
288.847 0.00102309
289.807 0.00101472
290.768 0.00100641
291.728 0.000998171
292.689 0.00098999
293.649 0.000981872
294.609 0.000973815
295.57 0.00096582
296.53 0.000957887
297.491 0.000950014
298.451 0.000942202
299.412 0.00093445
300.372 0.000926758
301.332 0.000919125
302.293 0.000911551
303.253 0.000904035
304.214 0.000896578
305.174 0.000889178
306.134 0.000881835
307.095 0.00087455
308.055 0.000867321
309.016 0.000860148
309.976 0.000853031
310.936 0.000845969
311.897 0.000838963
312.857 0.000832011
313.818 0.000825113
314.778 0.000818269
315.738 0.000811479
316.699 0.000804742
317.659 0.000798058
318.62 0.000791426
319.58 0.000784846
320.541 0.000778318
321.501 0.000771841
322.461 0.000765415
323.422 0.00075904
324.382 0.000752715
325.343 0.00074644
326.303 0.000740215
327.263 0.000734038
328.224 0.000727911
329.184 0.000721832
330.145 0.000715801
331.105 0.000709818
332.065 0.000703883
333.026 0.000697995
333.986 0.000692153
334.947 0.000686358
335.907 0.000680609
336.868 0.000674906
337.828 0.000669249
338.788 0.000663636
339.749 0.000658068
340.709 0.000652545
341.67 0.000647066
342.63 0.000641631
343.59 0.000636239
344.551 0.000630891
345.511 0.000625585
346.472 0.000620322
347.432 0.000615102
348.392 0.000609923
349.353 0.000604786
350.313 0.00059969
351.274 0.000594635
352.234 0.000589621
353.194 0.000584648
354.155 0.000579714
355.115 0.000574821
356.076 0.000569967
357.036 0.000565152
357.997 0.000560376
358.957 0.000555639
359.917 0.00055094
360.878 0.000546279
361.838 0.000541656
362.799 0.000537071
363.759 0.000532522
364.719 0.000528011
365.68 0.000523537
366.64 0.000519098
367.601 0.000514696
368.561 0.00051033
369.521 0.000505999
370.482 0.000501704
371.442 0.000497444
372.403 0.000493218
373.363 0.000489027
374.323 0.000484871
375.284 0.000480748
376.244 0.000476659
377.205 0.000472603
378.165 0.000468581
379.126 0.000464592
380.086 0.000460635
381.046 0.000456711
382.007 0.000452819
382.967 0.000448959
383.928 0.000445131
384.888 0.000441334
385.848 0.000437568
386.809 0.000433834
387.769 0.00043013
388.73 0.000426457
389.69 0.000422814
390.65 0.000419201
391.611 0.000415617
392.571 0.000412064
393.532 0.00040854
394.492 0.000405044
395.452 0.000401578
396.413 0.000398141
397.373 0.000394732
398.334 0.000391351
399.294 0.000387998
400.255 0.000384673
401.215 0.000381375
402.175 0.000378105
403.136 0.000374862
404.096 0.000371646
405.057 0.000368456
406.017 0.000365294
406.977 0.000362157
407.938 0.000359046
408.898 0.000355962
409.859 0.000352903
410.819 0.000349869
411.779 0.000346861
412.74 0.000343878
413.7 0.00034092
414.661 0.000337986
415.621 0.000335077
416.582 0.000332193
417.542 0.000329332
418.502 0.000326495
419.463 0.000323682
420.423 0.000320892
421.384 0.000318126
422.344 0.000315383
423.304 0.000312663
424.265 0.000309966
425.225 0.000307291
426.186 0.000304639
427.146 0.000302009
428.106 0.000299401
429.067 0.000296815
430.027 0.000294251
430.988 0.000291708
431.948 0.000289187
432.908 0.000286686
433.869 0.000284207
434.829 0.000281749
435.79 0.000279311
436.75 0.000276894
437.711 0.000274497
438.671 0.000272121
439.631 0.000269764
440.592 0.000267428
441.552 0.000265111
442.513 0.000262813
443.473 0.000260535
444.433 0.000258276
445.394 0.000256037
446.354 0.000253816
447.315 0.000251614
448.275 0.000249431
449.235 0.000247266
450.196 0.000245119
451.156 0.000242991
452.117 0.00024088
453.077 0.000238788
454.037 0.000236713
454.998 0.000234656
455.958 0.000232616
456.919 0.000230594
457.879 0.000228589
458.84 0.0002266
459.8 0.000224629
460.76 0.000222674
461.721 0.000220736
462.681 0.000218815
463.642 0.000216909
464.602 0.00021502
465.562 0.000213147
466.523 0.00021129
467.483 0.000209449
468.444 0.000207624
469.404 0.000205814
470.364 0.000204019
471.325 0.00020224
472.285 0.000200476
473.246 0.000198727
474.206 0.000196993
475.166 0.000195273
476.127 0.000193569
477.087 0.000191879
478.048 0.000190203
479.008 0.000188542
479.969 0.000186894
480.929 0.000185261
481.889 0.000183642
482.85 0.000182037
483.81 0.000180445
484.771 0.000178867
485.731 0.000177303
486.691 0.000175752
487.652 0.000174214
488.612 0.00017269
489.573 0.000171178
490.533 0.00016968
491.493 0.000168194
492.454 0.000166721
493.414 0.000165261
494.375 0.000163813
495.335 0.000162378
496.296 0.000160955
497.256 0.000159544
498.216 0.000158145
499.177 0.000156758
500.137 0.000155384
501.098 0.000154021
502.058 0.00015267
503.018 0.00015133
503.979 0.000150002
504.939 0.000148685
505.9 0.00014738
506.86 0.000146086
507.82 0.000144803
508.781 0.000143531
509.741 0.00014227
510.702 0.00014102
511.662 0.000139781
512.622 0.000138552
513.583 0.000137334
514.543 0.000136127
515.504 0.00013493
516.464 0.000133743
517.425 0.000132567
518.385 0.0001314
519.345 0.000130244
520.306 0.000129098
521.266 0.000127962
522.227 0.000126835
523.187 0.000125718
524.147 0.000124611
525.108 0.000123514
526.068 0.000122426
527.029 0.000121347
527.989 0.000120278
528.949 0.000119218
529.91 0.000118167
530.87 0.000117125
531.831 0.000116092
532.791 0.000115069
533.751 0.000114054
534.712 0.000113048
535.672 0.00011205
536.633 0.000111061
537.593 0.000110081
538.554 0.00010911
539.514 0.000108146
540.474 0.000107192
541.435 0.000106245
542.395 0.000105307
543.356 0.000104377
544.316 0.000103454
545.276 0.00010254
546.237 0.000101634
547.197 0.000100736
548.158 9.98455e-05
549.118 9.89628e-05
550.078 9.80877e-05
551.039 9.72203e-05
551.999 9.63604e-05
552.96 9.55081e-05
553.92 9.46631e-05
554.881 9.38255e-05
555.841 9.29952e-05
556.801 9.21721e-05
557.762 9.13562e-05
558.722 9.05474e-05
559.683 8.97457e-05
560.643 8.89509e-05
561.603 8.81631e-05
562.564 8.73821e-05
563.524 8.6608e-05
564.485 8.58406e-05
565.445 8.50799e-05
566.405 8.43259e-05
567.366 8.35784e-05
568.326 8.28375e-05
569.287 8.2103e-05
570.247 8.13749e-05
571.207 8.06532e-05
572.168 7.99379e-05
573.128 7.92287e-05
574.089 7.85258e-05
575.049 7.7829e-05
576.01 7.71383e-05
576.97 7.64537e-05
577.93 7.5775e-05
578.891 7.51023e-05
579.851 7.44354e-05
580.812 7.37744e-05
581.772 7.31192e-05
582.732 7.24698e-05
583.693 7.1826e-05
584.653 7.11878e-05
585.614 7.05553e-05
586.574 6.99282e-05
587.534 6.93067e-05
588.495 6.86906e-05
589.455 6.808e-05
590.416 6.74747e-05
591.376 6.68746e-05
592.336 6.62799e-05
593.297 6.56904e-05
594.257 6.5106e-05
595.218 6.45268e-05
596.178 6.39527e-05
597.139 6.33835e-05
598.099 6.28194e-05
599.059 6.22603e-05
600.02 6.17061e-05
600.98 6.11567e-05
601.941 6.06121e-05
602.901 6.00724e-05
603.861 5.95374e-05
604.822 5.9007e-05
605.782 5.84814e-05
606.743 5.79604e-05
607.703 5.74439e-05
608.663 5.6932e-05
609.624 5.64246e-05
610.584 5.59217e-05
611.545 5.54232e-05
612.505 5.49291e-05
613.465 5.44393e-05
614.426 5.39538e-05
615.386 5.34726e-05
616.347 5.29957e-05
617.307 5.25229e-05
618.268 5.20544e-05
619.228 5.15899e-05
620.188 5.11296e-05
621.149 5.06733e-05
622.109 5.0221e-05
623.07 4.97727e-05
624.03 4.93284e-05
624.99 4.88879e-05
625.951 4.84514e-05
626.911 4.80187e-05
627.872 4.75899e-05
628.832 4.71648e-05
629.792 4.67434e-05
630.753 4.63258e-05
631.713 4.59119e-05
632.674 4.55016e-05
633.634 4.5095e-05
634.595 4.46919e-05
635.555 4.42925e-05
636.515 4.38965e-05
637.476 4.3504e-05
638.436 4.3115e-05
639.397 4.27295e-05
640.357 4.23473e-05
641.317 4.19685e-05
642.278 4.15931e-05
643.238 4.1221e-05
644.199 4.08522e-05
645.159 4.04867e-05
646.119 4.01244e-05
647.08 3.97652e-05
648.04 3.94093e-05
649.001 3.90565e-05
649.961 3.87069e-05
650.921 3.83603e-05
651.882 3.80168e-05
652.842 3.76764e-05
653.803 3.73389e-05
654.763 3.70045e-05
655.724 3.6673e-05
656.684 3.63445e-05
657.644 3.60188e-05
658.605 3.56961e-05
659.565 3.53762e-05
660.526 3.50592e-05
661.486 3.47449e-05
662.446 3.44335e-05
663.407 3.41248e-05
664.367 3.38188e-05
665.328 3.35156e-05
666.288 3.3215e-05
667.248 3.29171e-05
668.209 3.26219e-05
669.169 3.23293e-05
670.13 3.20393e-05
671.09 3.17518e-05
672.05 3.14669e-05
673.011 3.11846e-05
673.971 3.09047e-05
674.932 3.06273e-05
675.892 3.03524e-05
676.853 3.008e-05
677.813 2.98099e-05
678.773 2.95423e-05
679.734 2.9277e-05
680.694 2.90141e-05
681.655 2.87535e-05
682.615 2.84953e-05
683.575 2.82393e-05
684.536 2.79857e-05
685.496 2.77342e-05
686.457 2.74851e-05
687.417 2.72381e-05
688.377 2.69933e-05
689.338 2.67507e-05
690.298 2.65103e-05
691.259 2.6272e-05
692.219 2.60358e-05
693.179 2.58017e-05
694.14 2.55698e-05
695.1 2.53398e-05
696.061 2.5112e-05
697.021 2.48861e-05
697.982 2.46623e-05
698.942 2.44404e-05
699.902 2.42206e-05
700.863 2.40027e-05
701.823 2.37867e-05
702.784 2.35727e-05
703.744 2.33606e-05
704.704 2.31503e-05
705.665 2.2942e-05
706.625 2.27355e-05
707.586 2.25308e-05
708.546 2.2328e-05
709.506 2.21269e-05
710.467 2.19277e-05
711.427 2.17302e-05
712.388 2.15345e-05
713.348 2.13406e-05
714.309 2.11484e-05
715.269 2.09579e-05
716.229 2.07691e-05
717.19 2.0582e-05
718.15 2.03965e-05
719.111 2.02127e-05
720.071 2.00306e-05
721.031 1.98501e-05
721.992 1.96711e-05
722.952 1.94938e-05
723.913 1.93181e-05
724.873 1.9144e-05
725.833 1.89714e-05
726.794 1.88003e-05
727.754 1.86308e-05
728.715 1.84628e-05
729.675 1.82962e-05
730.635 1.81312e-05
731.596 1.79677e-05
732.556 1.78056e-05
733.517 1.7645e-05
734.477 1.74858e-05
735.438 1.7328e-05
736.398 1.71716e-05
737.358 1.70167e-05
738.319 1.68631e-05
739.279 1.67109e-05
740.24 1.65601e-05
741.2 1.64106e-05
742.16 1.62624e-05
743.121 1.61156e-05
744.081 1.59701e-05
745.042 1.58259e-05
746.002 1.5683e-05
746.962 1.55413e-05
747.923 1.5401e-05
748.883 1.52618e-05
749.844 1.5124e-05
750.804 1.49874e-05
751.764 1.48519e-05
752.725 1.47178e-05
753.685 1.45848e-05
754.646 1.4453e-05
755.606 1.43224e-05
756.567 1.41929e-05
757.527 1.40646e-05
758.487 1.39375e-05
759.448 1.38115e-05
760.408 1.36866e-05
761.369 1.35629e-05
762.329 1.34403e-05
763.289 1.33187e-05
764.25 1.31983e-05
765.21 1.30789e-05
766.171 1.29606e-05
767.131 1.28434e-05
768.091 1.27272e-05
769.052 1.26121e-05
770.012 1.2498e-05
770.973 1.23849e-05
771.933 1.22729e-05
772.894 1.21618e-05
773.854 1.20518e-05
774.814 1.19427e-05
775.775 1.18346e-05
776.735 1.17275e-05
777.696 1.16213e-05
778.656 1.15161e-05
779.616 1.14119e-05
780.577 1.13085e-05
781.537 1.12061e-05
782.498 1.11047e-05
783.458 1.10041e-05
784.418 1.09045e-05
785.379 1.08057e-05
786.339 1.07078e-05
787.3 1.06108e-05
788.26 1.05147e-05
789.22 1.04195e-05
790.181 1.03251e-05
791.141 1.02315e-05
792.102 1.01388e-05
793.062 1.00469e-05
794.023 9.95588e-06
794.983 9.86565e-06
795.943 9.77623e-06
796.904 9.68762e-06
797.864 9.5998e-06
798.825 9.51278e-06
799.785 9.42654e-06
800.745 9.34107e-06
801.706 9.25638e-06
802.666 9.17244e-06
803.627 9.08927e-06
804.587 9.00684e-06
805.547 8.92515e-06
806.508 8.8442e-06
807.468 8.76398e-06
808.429 8.68448e-06
809.389 8.6057e-06
810.349 8.52763e-06
811.31 8.45026e-06
812.27 8.37358e-06
813.231 8.2976e-06
814.191 8.22231e-06
815.152 8.14769e-06
816.112 8.07374e-06
817.072 8.00046e-06
818.033 7.92784e-06
818.993 7.85588e-06
819.954 7.78457e-06
820.914 7.71389e-06
821.874 7.64386e-06
822.835 7.57446e-06
823.795 7.50568e-06
824.756 7.43752e-06
825.716 7.36998e-06
826.676 7.30305e-06
827.637 7.23672e-06
828.597 7.17099e-06
829.558 7.10585e-06
830.518 7.0413e-06
831.478 6.97734e-06
832.439 6.91395e-06
833.399 6.85113e-06
834.36 6.78888e-06
835.32 6.72719e-06
836.281 6.66606e-06
837.241 6.60548e-06
838.201 6.54545e-06
839.162 6.48596e-06
840.122 6.427e-06
841.083 6.36858e-06
842.043 6.31069e-06
843.003 6.25332e-06
843.964 6.19647e-06
844.924 6.14013e-06
845.885 6.0843e-06
846.845 6.02898e-06
847.805 5.97415e-06
848.766 5.91982e-06
849.726 5.86598e-06
850.687 5.81263e-06
851.647 5.75976e-06
852.608 5.70737e-06
853.568 5.65545e-06
854.528 5.604e-06
855.489 5.55302e-06
856.449 5.5025e-06
857.41 5.45243e-06
858.37 5.40282e-06
859.33 5.35365e-06
860.291 5.30493e-06
861.251 5.25665e-06
862.212 5.20881e-06
863.172 5.1614e-06
864.132 5.11442e-06
865.093 5.06787e-06
866.053 5.02173e-06
867.014 4.97602e-06
867.974 4.93071e-06
868.934 4.88582e-06
869.895 4.84133e-06
870.855 4.79725e-06
871.816 4.75356e-06
872.776 4.71027e-06
873.737 4.66738e-06
874.697 4.62487e-06
875.657 4.58274e-06
876.618 4.541e-06
877.578 4.49963e-06
878.539 4.45864e-06
879.499 4.41802e-06
880.459 4.37777e-06
881.42 4.33789e-06
882.38 4.29836e-06
883.341 4.25919e-06
884.301 4.22038e-06
885.261 4.18192e-06
886.222 4.14381e-06
887.182 4.10604e-06
888.143 4.06862e-06
889.103 4.03153e-06
890.063 3.99478e-06
891.024 3.95837e-06
891.984 3.92228e-06
892.945 3.88652e-06
893.905 3.85109e-06
894.866 3.81597e-06
895.826 3.78118e-06
896.786 3.7467e-06
897.747 3.71253e-06
898.707 3.67868e-06
899.668 3.64513e-06
900.628 3.61188e-06
901.588 3.57894e-06
902.549 3.54629e-06
903.509 3.51394e-06
904.47 3.48188e-06
905.43 3.45012e-06
906.39 3.41864e-06
907.351 3.38745e-06
908.311 3.35654e-06
909.272 3.32592e-06
910.232 3.29557e-06
911.192 3.26549e-06
912.153 3.23569e-06
913.113 3.20616e-06
914.074 3.1769e-06
915.034 3.1479e-06
915.995 3.11917e-06
916.955 3.09069e-06
917.915 3.06248e-06
918.876 3.03452e-06
919.836 3.00682e-06
920.797 2.97937e-06
921.757 2.95216e-06
922.717 2.92521e-06
923.678 2.8985e-06
924.638 2.87203e-06
925.599 2.8458e-06
926.559 2.81981e-06
927.519 2.79405e-06
928.48 2.76853e-06
929.44 2.74325e-06
930.401 2.71819e-06
931.361 2.69336e-06
932.322 2.66875e-06
933.282 2.64437e-06
934.242 2.62021e-06
935.203 2.59627e-06
936.163 2.57255e-06
937.124 2.54904e-06
938.084 2.52575e-06
939.044 2.50267e-06
940.005 2.4798e-06
940.965 2.45714e-06
941.926 2.43468e-06
942.886 2.41243e-06
943.846 2.39037e-06
944.807 2.36852e-06
945.767 2.34687e-06
946.728 2.32542e-06
947.688 2.30416e-06
948.648 2.28309e-06
949.609 2.26222e-06
950.569 2.24153e-06
951.53 2.22104e-06
952.49 2.20073e-06
953.451 2.1806e-06
954.411 2.16066e-06
955.371 2.1409e-06
956.332 2.12132e-06
957.292 2.10192e-06
958.253 2.08269e-06
959.213 2.06364e-06
960.173 2.04477e-06
