-8.33386 0.000190427
-8.309 0.000194991
-8.28414 0.000199664
-8.25928 0.000204448
-8.23442 0.000209346
-8.20956 0.000214361
-8.1847 0.000219495
-8.15984 0.000224752
-8.13498 0.000230133
-8.11012 0.000235642
-8.08525 0.000241283
-8.06039 0.000247057
-8.03553 0.000252969
-8.01067 0.000259021
-7.98581 0.000265217
-7.96095 0.00027156
-7.93609 0.000278054
-7.91123 0.000284702
-7.88637 0.000291508
-7.86151 0.000298475
-7.83665 0.000305608
-7.81179 0.00031291
-7.78693 0.000320385
-7.76207 0.000328038
-7.73721 0.000335872
-7.71235 0.000343892
-7.68749 0.000352101
-7.66263 0.000360506
-7.63777 0.000369109
-7.61291 0.000377916
-7.58804 0.000386932
-7.56318 0.000396161
-7.53832 0.000405609
-7.51346 0.00041528
-7.4886 0.00042518
-7.46374 0.000435314
-7.43888 0.000445688
-7.41402 0.000456307
-7.38916 0.000467177
-7.3643 0.000478304
-7.33944 0.000489694
-7.31458 0.000501352
-7.28972 0.000513286
-7.26486 0.000525502
-7.24 0.000538006
-7.21514 0.000550805
-7.19028 0.000563906
-7.16542 0.000577316
-7.14056 0.000591042
-7.1157 0.000605092
-7.09083 0.000619472
-7.06597 0.000634192
-7.04111 0.000649258
-7.01625 0.000664678
-6.99139 0.000680462
-6.96653 0.000696617
-6.94167 0.000713152
-6.91681 0.000730076
-6.89195 0.000747398
-6.86709 0.000765128
-6.84223 0.000783273
-6.81737 0.000801845
-6.79251 0.000820853
-6.76765 0.000840308
-6.74279 0.000860219
-6.71793 0.000880597
-6.69307 0.000901453
-6.66821 0.000922798
-6.64335 0.000944644
-6.61849 0.000967002
-6.59362 0.000989883
-6.56876 0.0010133
-6.5439 0.00103727
-6.51904 0.00106179
-6.49418 0.00108689
-6.46932 0.00111258
-6.44446 0.00113887
-6.4196 0.00116577
-6.39474 0.0011933
-6.36988 0.00122148
-6.34502 0.00125031
-6.32016 0.00127981
-6.2953 0.00131001
-6.27044 0.0013409
-6.24558 0.00137252
-6.22072 0.00140488
-6.19586 0.00143799
-6.171 0.00147187
-6.14614 0.00150654
-6.12128 0.00154201
-6.09641 0.00157831
-6.07155 0.00161546
-6.04669 0.00165347
-6.02183 0.00169236
-5.99697 0.00173216
-5.97211 0.00177288
-5.94725 0.00181455
-5.92239 0.00185718
-5.89753 0.0019008
-5.87267 0.00194543
-5.84781 0.0019911
-5.82295 0.00203783
-5.79809 0.00208563
-5.77323 0.00213455
-5.74837 0.00218459
-5.72351 0.00223579
-5.69865 0.00228818
-5.67379 0.00234178
-5.64893 0.00239661
-5.62407 0.00245271
-5.5992 0.00251011
-5.57434 0.00256882
-5.54948 0.0026289
-5.52462 0.00269035
-5.49976 0.00275322
-5.4749 0.00281754
-5.45004 0.00288334
-5.42518 0.00295065
-5.40032 0.00301951
-5.37546 0.00308995
-5.3506 0.00316201
-5.32574 0.00323572
-5.30088 0.00331113
-5.27602 0.00338826
-5.25116 0.00346716
-5.2263 0.00354786
-5.20144 0.00363042
-5.17658 0.00371486
-5.15172 0.00380123
-5.12686 0.00388958
-5.10199 0.00397994
-5.07713 0.00407237
-5.05227 0.0041669
-5.02741 0.00426359
-5.00255 0.00436249
-4.97769 0.00446363
-4.95283 0.00456708
-4.92797 0.00467288
-4.90311 0.00478108
-4.87825 0.00489174
-4.85339 0.00500492
-4.82853 0.00512066
-4.80367 0.00523903
-4.77881 0.00536007
-4.75395 0.00548386
-4.72909 0.00561045
-4.70423 0.0057399
-4.67937 0.00587227
-4.65451 0.00600764
-4.62965 0.00614605
-4.60478 0.00628759
-4.57992 0.00643232
-4.55506 0.0065803
-4.5302 0.00673161
-4.50534 0.00688633
-4.48048 0.00704452
-4.45562 0.00720625
-4.43076 0.00737162
-4.4059 0.00754069
-4.38104 0.00771354
-4.35618 0.00789026
-4.33132 0.00807093
-4.30646 0.00825564
-4.2816 0.00844447
-4.25674 0.0086375
-4.23188 0.00883483
-4.20702 0.00903656
-4.18216 0.00924277
-4.1573 0.00945356
-4.13244 0.00966902
-4.10757 0.00988927
-4.08271 0.0101144
-4.05785 0.0103445
-4.03299 0.0105797
-4.00813 0.01082
-3.98327 0.0110657
-3.95841 0.0113168
-3.93355 0.0115734
-3.90869 0.0118357
-3.88383 0.0121037
-3.85897 0.0123776
-3.83411 0.0126575
-3.80925 0.0129435
-3.78439 0.0132358
-3.75953 0.0135345
-3.73467 0.0138397
-3.70981 0.0141515
-3.68495 0.0144701
-3.66009 0.0147956
-3.63523 0.0151282
-3.61036 0.015468
-3.5855 0.0158151
-3.56064 0.0161698
-3.53578 0.0165321
-3.51092 0.0169022
-3.48606 0.0172803
-3.4612 0.0176665
-3.43634 0.0180609
-3.41148 0.0184639
-3.38662 0.0188754
-3.36176 0.0192958
-3.3369 0.019725
-3.31204 0.0201635
-3.28718 0.0206112
-3.26232 0.0210685
-3.23746 0.0215354
-3.2126 0.0220122
-3.18774 0.022499
-3.16288 0.0229961
-3.13802 0.0235037
-3.11315 0.0240219
-3.08829 0.024551
-3.06343 0.0250911
-3.03857 0.0256424
-3.01371 0.0262053
-2.98885 0.0267798
-2.96399 0.0273662
-2.93913 0.0279648
-2.91427 0.0285757
-2.88941 0.0291991
-2.86455 0.0298354
-2.83969 0.0304847
-2.81483 0.0311473
-2.78997 0.0318233
-2.76511 0.0325131
-2.74025 0.0332168
-2.71539 0.0339348
-2.69053 0.0346673
-2.66567 0.0354145
-2.64081 0.0361766
-2.61594 0.0369539
-2.59108 0.0377468
-2.56622 0.0385553
-2.54136 0.0393799
-2.5165 0.0402207
-2.49164 0.0410781
-2.46678 0.0419522
-2.44192 0.0428433
-2.41706 0.0437518
-2.3922 0.0446779
-2.36734 0.0456218
-2.34248 0.0465838
-2.31762 0.0475642
-2.29276 0.0485633
-2.2679 0.0495813
-2.24304 0.0506185
-2.21818 0.0516752
-2.19332 0.0527516
-2.16846 0.0538481
-2.1436 0.0549647
-2.11873 0.056102
-2.09387 0.05726
-2.06901 0.0584391
-2.04415 0.0596394
-2.01929 0.0608614
-1.99443 0.0621051
-1.96957 0.0633709
-1.94471 0.064659
-1.91985 0.0659695
-1.89499 0.0673028
-1.87013 0.0686591
-1.84527 0.0700385
-1.82041 0.0714413
-1.79555 0.0728677
-1.77069 0.0743177
-1.74583 0.0757917
-1.72097 0.0772897
-1.69611 0.078812
-1.67125 0.0803585
-1.64639 0.0819295
-1.62152 0.0835251
-1.59666 0.0851452
-1.5718 0.0867901
-1.54694 0.0884596
-1.52208 0.0901539
-1.49722 0.0918729
-1.47236 0.0936166
-1.4475 0.095385
-1.42264 0.0971779
-1.39778 0.0989952
-1.37292 0.100837
-1.34806 0.102703
-1.3232 0.104592
-1.29834 0.106506
-1.27348 0.108442
-1.24862 0.110402
-1.22376 0.112384
-1.1989 0.114388
-1.17404 0.116414
-1.14918 0.118461
-1.12431 0.120529
-1.09945 0.122617
-1.07459 0.124723
-1.04973 0.126848
-1.02487 0.128991
-1.00001 0.13115
-0.975152 0.133325
-0.950291 0.135514
-0.925431 0.137717
-0.90057 0.139932
-0.87571 0.142157
-0.850849 0.144392
-0.825989 0.146634
-0.801128 0.148883
-0.776268 0.151136
-0.751407 0.153392
-0.726547 0.155649
-0.701686 0.157904
-0.676826 0.160156
-0.651965 0.162402
-0.627105 0.16464
-0.602244 0.166868
-0.577384 0.169082
-0.552523 0.171281
-0.527663 0.173461
-0.502802 0.17562
-0.477942 0.177755
-0.453081 0.179863
-0.428221 0.18194
-0.40336 0.183984
-0.3785 0.185992
-0.353639 0.187959
-0.328779 0.189884
-0.303918 0.191762
-0.279058 0.193591
-0.254197 0.195367
-0.229337 0.197088
-0.204476 0.19875
-0.179616 0.20035
-0.154755 0.201886
-0.129895 0.203355
-0.105034 0.204755
-0.0801739 0.206082
-0.0553134 0.207336
-0.0304529 0.208514
-0.0055924 0.209614
0.0192681 0.210636
0.0441286 0.211577
0.0689891 0.212438
0.0938496 0.213217
0.11871 0.213914
0.143571 0.214528
0.168431 0.215061
0.193292 0.215512
0.218152 0.215883
0.243013 0.216172
0.267873 0.216383
0.292734 0.216516
0.317594 0.216572
0.342455 0.216552
0.367315 0.216459
0.392176 0.216295
0.417036 0.21606
0.441897 0.215758
0.466757 0.21539
0.491618 0.214958
0.516478 0.214465
0.541339 0.213912
0.566199 0.213302
0.59106 0.212637
0.61592 0.21192
0.640781 0.211151
0.665641 0.210334
0.690502 0.209471
0.715362 0.208564
0.740223 0.207615
0.765083 0.206625
0.789944 0.205598
0.814804 0.204534
0.839665 0.203436
0.864525 0.202306
0.889386 0.201145
0.914246 0.199956
0.939107 0.198739
0.963967 0.197497
0.988828 0.196231
1.01369 0.194943
1.03855 0.193633
1.06341 0.192304
1.08827 0.190958
1.11313 0.189594
1.13799 0.188215
1.16285 0.186821
1.18771 0.185415
1.21257 0.183997
1.23743 0.182567
1.26229 0.181128
1.28715 0.17968
1.31201 0.178224
1.33687 0.176762
1.36174 0.175293
1.3866 0.173819
1.41146 0.172341
1.43632 0.170859
1.46118 0.169374
1.48604 0.167887
1.5109 0.166399
1.53576 0.164909
1.56062 0.16342
1.58548 0.161931
1.61034 0.160442
1.6352 0.158956
1.66006 0.157471
1.68492 0.155989
1.70978 0.15451
1.73464 0.153034
1.7595 0.151562
1.78436 0.150094
1.80922 0.148631
1.83408 0.147173
1.85895 0.14572
1.88381 0.144273
1.90867 0.142832
1.93353 0.141397
1.95839 0.139969
1.98325 0.138547
2.00811 0.137133
2.03297 0.135726
2.05783 0.134326
2.08269 0.132934
2.10755 0.13155
2.13241 0.130174
2.15727 0.128807
2.18213 0.127448
2.20699 0.126098
2.23185 0.124756
2.25671 0.123423
2.28157 0.1221
2.30643 0.120785
2.33129 0.11948
2.35616 0.118184
2.38102 0.116897
2.40588 0.11562
2.43074 0.114353
2.4556 0.113095
2.48046 0.111847
2.50532 0.110609
2.53018 0.109381
2.55504 0.108163
2.5799 0.106954
2.60476 0.105756
2.62962 0.104567
2.65448 0.103389
2.67934 0.10222
2.7042 0.101062
2.72906 0.0999137
2.75392 0.0987755
2.77878 0.0976474
2.80364 0.0965294
2.8285 0.0954215
2.85337 0.0943236
2.87823 0.0932358
2.90309 0.092158
2.92795 0.0910902
2.95281 0.0900324
2.97767 0.0889846
3.00253 0.0879468
3.02739 0.0869189
3.05225 0.0859009
3.07711 0.0848927
3.10197 0.0838943
3.12683 0.0829058
3.15169 0.0819269
3.17655 0.0809578
3.20141 0.0799984
3.22627 0.0790485
3.25113 0.0781082
3.27599 0.0771775
3.30085 0.0762562
3.32571 0.0753443
3.35058 0.0744418
3.37544 0.0735486
3.4003 0.0726646
3.42516 0.0717899
3.45002 0.0709243
3.47488 0.0700678
3.49974 0.0692203
3.5246 0.0683818
3.54946 0.0675521
3.57432 0.0667314
3.59918 0.0659194
3.62404 0.0651161
3.6489 0.0643215
3.67376 0.0635355
3.69862 0.0627581
3.72348 0.0619891
3.74834 0.0612285
3.7732 0.0604762
3.79806 0.0597322
3.82292 0.0589964
3.84779 0.0582688
3.87265 0.0575492
3.89751 0.0568377
3.92237 0.0561341
3.94723 0.0554383
3.97209 0.0547504
3.99695 0.0540702
4.02181 0.0533977
4.04667 0.0527328
4.07153 0.0520754
4.09639 0.0514255
4.12125 0.050783
4.14611 0.0501479
4.17097 0.04952
4.19583 0.0488993
4.22069 0.0482858
4.24555 0.0476794
4.27041 0.0470799
4.29527 0.0464874
4.32013 0.0459018
4.345 0.045323
4.36986 0.0447509
4.39472 0.0441856
4.41958 0.0436268
4.44444 0.0430746
4.4693 0.0425288
4.49416 0.0419895
4.51902 0.0414566
4.54388 0.0409299
4.56874 0.0404095
4.5936 0.0398953
4.61846 0.0393871
4.64332 0.038885
4.66818 0.0383889
4.69304 0.0378987
4.7179 0.0374144
4.74276 0.0369359
4.76762 0.0364631
4.79248 0.035996
4.81734 0.0355345
4.84221 0.0350786
4.86707 0.0346281
4.89193 0.0341832
4.91679 0.0337436
4.94165 0.0333093
4.96651 0.0328803
4.99137 0.0324566
5.01623 0.0320379
5.04109 0.0316244
5.06595 0.031216
5.09081 0.0308125
5.11567 0.030414
5.14053 0.0300203
5.16539 0.0296315
5.19025 0.0292475
5.21511 0.0288682
5.23997 0.0284935
5.26483 0.0281235
5.28969 0.0277581
5.31455 0.0273971
5.33942 0.0270407
5.36428 0.0266886
5.38914 0.026341
5.414 0.0259976
5.43886 0.0256585
5.46372 0.0253236
5.48858 0.024993
5.51344 0.0246664
5.5383 0.0243439
5.56316 0.0240254
5.58802 0.0237109
5.61288 0.0234004
5.63774 0.0230938
5.6626 0.022791
5.68746 0.022492
5.71232 0.0221968
5.73718 0.0219052
5.76204 0.0216174
5.7869 0.0213332
5.81176 0.0210526
5.83663 0.0207755
5.86149 0.0205019
5.88635 0.0202318
5.91121 0.0199651
5.93607 0.0197018
5.96093 0.0194419
5.98579 0.0191852
6.01065 0.0189318
6.03551 0.0186816
6.06037 0.0184346
6.08523 0.0181908
6.11009 0.0179501
6.13495 0.0177124
6.15981 0.0174778
6.18467 0.0172462
6.20953 0.0170175
6.23439 0.0167918
6.25925 0.016569
6.28411 0.016349
6.30897 0.0161318
6.33384 0.0159175
6.3587 0.0157059
6.38356 0.015497
6.40842 0.0152908
6.43328 0.0150873
6.45814 0.0148863
6.483 0.014688
6.50786 0.0144922
6.53272 0.014299
6.55758 0.0141083
6.58244 0.01392
6.6073 0.0137342
6.63216 0.0135508
6.65702 0.0133697
6.68188 0.013191
6.70674 0.0130146
6.7316 0.0128405
6.75646 0.0126687
6.78132 0.0124991
6.80618 0.0123317
6.83105 0.0121665
6.85591 0.0120035
6.88077 0.0118425
6.90563 0.0116837
6.93049 0.0115269
6.95535 0.0113722
6.98021 0.0112195
7.00507 0.0110688
7.02993 0.0109201
7.05479 0.0107733
7.07965 0.0106285
7.10451 0.0104855
7.12937 0.0103445
7.15423 0.0102052
7.17909 0.0100678
7.20395 0.00993221
7.22881 0.00979839
7.25367 0.00966633
7.27853 0.00953601
7.30339 0.0094074
7.32826 0.00928048
7.35312 0.00915523
7.37798 0.00903164
7.40284 0.00890967
7.4277 0.00878932
7.45256 0.00867055
7.47742 0.00855335
7.50228 0.0084377
7.52714 0.00832357
7.552 0.00821096
7.57686 0.00809984
7.60172 0.00799018
7.62658 0.00788198
7.65144 0.00777521
7.6763 0.00766986
7.70116 0.0075659
7.72602 0.00746332
7.75088 0.00736211
7.77574 0.00726223
7.8006 0.00716369
7.82547 0.00706645
7.85033 0.00697051
7.87519 0.00687584
7.90005 0.00678243
7.92491 0.00669026
7.94977 0.00659933
7.97463 0.0065096
7.99949 0.00642107
8.02435 0.00633372
8.04921 0.00624753
8.07407 0.0061625
8.09893 0.0060786
8.12379 0.00599582
8.14865 0.00591414
8.17351 0.00583356
8.19837 0.00575406
8.22323 0.00567562
8.24809 0.00559822
8.27295 0.00552187
8.29781 0.00544653
8.32268 0.00537221
8.34754 0.00529888
8.3724 0.00522653
8.39726 0.00515516
8.42212 0.00508474
8.44698 0.00501527
8.47184 0.00494673
8.4967 0.00487911
8.52156 0.0048124
8.54642 0.00474658
8.57128 0.00468165
8.59614 0.00461759
8.621 0.0045544
8.64586 0.00449205
8.67072 0.00443055
8.69558 0.00436987
8.72044 0.00431001
8.7453 0.00425095
8.77016 0.0041927
8.79502 0.00413522
8.81989 0.00407853
8.84475 0.00402259
8.86961 0.00396742
8.89447 0.00391298
8.91933 0.00385929
8.94419 0.00380631
8.96905 0.00375406
8.99391 0.00370251
9.01877 0.00365166
9.04363 0.00360149
9.06849 0.00355201
9.09335 0.00350319
9.11821 0.00345503
9.14307 0.00340753
9.16793 0.00336067
9.19279 0.00331445
9.21765 0.00326885
9.24251 0.00322387
9.26737 0.0031795
9.29223 0.00313573
9.3171 0.00309255
9.34196 0.00304997
9.36682 0.00300796
9.39168 0.00296652
9.41654 0.00292564
9.4414 0.00288532
9.46626 0.00284554
9.49112 0.00280631
9.51598 0.00276761
9.54084 0.00272944
9.5657 0.00269179
9.59056 0.00265465
9.61542 0.00261801
9.64028 0.00258188
9.66514 0.00254623
9.69 0.00251107
9.71486 0.00247639
9.73972 0.00244219
9.76458 0.00240845
9.78944 0.00237517
9.81431 0.00234234
9.83917 0.00230996
9.86403 0.00227803
9.88889 0.00224653
9.91375 0.00221546
9.93861 0.00218481
9.96347 0.00215458
9.98833 0.00212477
10.0132 0.00209536
10.038 0.00206636
10.0629 0.00203775
10.0878 0.00200954
10.1126 0.0019817
10.1375 0.00195426
10.1624 0.00192718
10.1872 0.00190048
10.2121 0.00187414
10.2369 0.00184816
10.2618 0.00182254
10.2867 0.00179727
10.3115 0.00177235
10.3364 0.00174777
10.3612 0.00172352
10.3861 0.00169961
10.411 0.00167603
10.4358 0.00165276
10.4607 0.00162982
10.4855 0.0016072
10.5104 0.00158488
10.5353 0.00156287
10.5601 0.00154116
10.585 0.00151975
10.6098 0.00149864
10.6347 0.00147781
10.6596 0.00145728
10.6844 0.00143702
10.7093 0.00141704
10.7341 0.00139734
10.759 0.00137791
10.7839 0.00135875
10.8087 0.00133984
10.8336 0.0013212
10.8584 0.00130282
10.8833 0.00128469
10.9082 0.00126681
10.933 0.00124918
10.9579 0.00123178
10.9827 0.00121463
11.0076 0.00119772
11.0325 0.00118104
11.0573 0.00116458
11.0822 0.00114836
11.1071 0.00113236
11.1319 0.00111658
11.1568 0.00110101
11.1816 0.00108567
11.2065 0.00107053
11.2314 0.0010556
11.2562 0.00104088
11.2811 0.00102636
11.3059 0.00101205
11.3308 0.000997929
11.3557 0.000984005
11.3805 0.000970273
11.4054 0.000956732
11.4302 0.000943377
11.4551 0.000930208
11.48 0.00091722
11.5048 0.000904412
11.5297 0.000891781
11.5545 0.000879326
11.5794 0.000867042
11.6043 0.000854929
11.6291 0.000842983
11.654 0.000831203
11.6788 0.000819586
11.7037 0.00080813
11.7286 0.000796832
11.7534 0.000785691
11.7783 0.000774705
11.8031 0.000763871
11.828 0.000753187
11.8529 0.000742651
11.8777 0.000732261
11.9026 0.000722016
11.9274 0.000711912
11.9523 0.000701949
11.9772 0.000692124
12.002 0.000682435
12.0269 0.000672881
12.0517 0.00066346
12.0766 0.000654169
12.1015 0.000645008
12.1263 0.000635973
12.1512 0.000627064
12.1761 0.000618279
12.2009 0.000609616
12.2258 0.000601074
12.2506 0.00059265
12.2755 0.000584343
12.3004 0.000576152
12.3252 0.000568075
12.3501 0.00056011
12.3749 0.000552256
12.3998 0.000544511
12.4247 0.000536874
12.4495 0.000529343
12.4744 0.000521917
12.4992 0.000514595
12.5241 0.000507374
12.549 0.000500254
12.5738 0.000493233
12.5987 0.00048631
12.6235 0.000479483
12.6484 0.000472752
12.6733 0.000466114
12.6981 0.000459569
12.723 0.000453115
12.7478 0.000446751
12.7727 0.000440475
12.7976 0.000434287
12.8224 0.000428186
12.8473 0.000422169
12.8721 0.000416237
12.897 0.000410387
12.9219 0.000404619
12.9467 0.000398931
12.9716 0.000393323
12.9964 0.000387793
13.0213 0.00038234
13.0462 0.000376964
13.071 0.000371662
13.0959 0.000366435
13.1208 0.00036128
13.1456 0.000356198
13.1705 0.000351186
13.1953 0.000346245
13.2202 0.000341373
13.2451 0.000336568
13.2699 0.000331831
13.2948 0.00032716
13.3196 0.000322555
13.3445 0.000318013
13.3694 0.000313536
13.3942 0.000309121
13.4191 0.000304767
13.4439 0.000300475
13.4688 0.000296243
13.4937 0.000292069
13.5185 0.000287955
13.5434 0.000283898
13.5682 0.000279897
13.5931 0.000275953
13.618 0.000272064
13.6428 0.000268229
13.6677 0.000264448
13.6925 0.00026072
13.7174 0.000257045
13.7423 0.00025342
13.7671 0.000249847
13.792 0.000246323
13.8168 0.000242849
13.8417 0.000239424
13.8666 0.000236047
13.8914 0.000232717
13.9163 0.000229434
13.9411 0.000226196
13.966 0.000223005
13.9909 0.000219857
14.0157 0.000216755
14.0406 0.000213695
14.0655 0.000210679
14.0903 0.000207704
14.1152 0.000204772
14.14 0.000201881
14.1649 0.00019903
14.1898 0.000196219
14.2146 0.000193448
14.2395 0.000190716
14.2643 0.000188022
14.2892 0.000185366
14.3141 0.000182747
14.3389 0.000180165
14.3638 0.000177619
14.3886 0.000175109
14.4135 0.000172635
14.4384 0.000170195
14.4632 0.000167789
14.4881 0.000165417
14.5129 0.000163079
14.5378 0.000160773
14.5627 0.0001585
14.5875 0.000156259
14.6124 0.000154049
14.6372 0.00015187
14.6621 0.000149722
14.687 0.000147605
14.7118 0.000145517
14.7367 0.000143458
14.7615 0.000141428
14.7864 0.000139427
14.8113 0.000137454
14.8361 0.000135509
14.861 0.000133591
14.8858 0.000131701
14.9107 0.000129837
14.9356 0.000127999
14.9604 0.000126187
14.9853 0.0001244
15.0101 0.000122639
15.035 0.000120902
15.0599 0.00011919
15.0847 0.000117502
15.1096 0.000115838
15.1345 0.000114197
15.1593 0.000112579
15.1842 0.000110985
15.209 0.000109412
15.2339 0.000107862
15.2588 0.000106334
15.2836 0.000104827
15.3085 0.000103341
15.3333 0.000101877
15.3582 0.000100433
15.3831 9.90094e-05
15.4079 9.76059e-05
15.4328 9.62222e-05
15.4576 9.4858e-05
15.4825 9.3513e-05
15.5074 9.21871e-05
15.5322 9.08798e-05
15.5571 8.9591e-05
15.5819 8.83204e-05
15.6068 8.70677e-05
15.6317 8.58327e-05
15.6565 8.46151e-05
15.6814 8.34148e-05
15.7062 8.22313e-05
15.7311 8.10646e-05
15.756 7.99144e-05
15.7808 7.87804e-05
15.8057 7.76624e-05
15.8305 7.65602e-05
15.8554 7.54736e-05
15.8803 7.44023e-05
15.9051 7.33462e-05
15.93 7.23049e-05
15.9548 7.12784e-05
15.9797 7.02664e-05
16.0046 6.92687e-05
16.0294 6.82852e-05
16.0543 6.73155e-05
16.0792 6.63595e-05
16.104 6.5417e-05
16.1289 6.44879e-05
16.1537 6.35719e-05
16.1786 6.26688e-05
16.2035 6.17785e-05
16.2283 6.09008e-05
16.2532 6.00356e-05
16.278 5.91825e-05
16.3029 5.83416e-05
16.3278 5.75125e-05
16.3526 5.66951e-05
16.3775 5.58894e-05
16.4023 5.5095e-05
16.4272 5.43119e-05
16.4521 5.35398e-05
16.4769 5.27787e-05
16.5018 5.20283e-05
