-80.3485 1.76185e-05
-80.2605 1.77706e-05
-80.1725 1.79241e-05
-80.0846 1.80788e-05
-79.9966 1.8235e-05
-79.9086 1.83924e-05
-79.8207 1.85513e-05
-79.7327 1.87115e-05
-79.6447 1.88731e-05
-79.5568 1.90361e-05
-79.4688 1.92006e-05
-79.3808 1.93665e-05
-79.2928 1.95338e-05
-79.2049 1.97026e-05
-79.1169 1.98728e-05
-79.0289 2.00446e-05
-78.941 2.02178e-05
-78.853 2.03925e-05
-78.765 2.05688e-05
-78.677 2.07466e-05
-78.5891 2.09259e-05
-78.5011 2.11069e-05
-78.4131 2.12893e-05
-78.3252 2.14734e-05
-78.2372 2.16591e-05
-78.1492 2.18464e-05
-78.0612 2.20353e-05
-77.9733 2.22259e-05
-77.8853 2.24182e-05
-77.7973 2.26121e-05
-77.7094 2.28077e-05
-77.6214 2.3005e-05
-77.5334 2.32041e-05
-77.4454 2.34048e-05
-77.3575 2.36074e-05
-77.2695 2.38117e-05
-77.1815 2.40177e-05
-77.0936 2.42256e-05
-77.0056 2.44353e-05
-76.9176 2.46468e-05
-76.8297 2.48602e-05
-76.7417 2.50754e-05
-76.6537 2.52926e-05
-76.5657 2.55116e-05
-76.4778 2.57325e-05
-76.3898 2.59553e-05
-76.3018 2.61801e-05
-76.2139 2.64069e-05
-76.1259 2.66356e-05
-76.0379 2.68664e-05
-75.9499 2.70991e-05
-75.862 2.73339e-05
-75.774 2.75708e-05
-75.686 2.78097e-05
-75.5981 2.80507e-05
-75.5101 2.82938e-05
-75.4221 2.8539e-05
-75.3341 2.87864e-05
-75.2462 2.9036e-05
-75.1582 2.92877e-05
-75.0702 2.95416e-05
-74.9823 2.97978e-05
-74.8943 3.00561e-05
-74.8063 3.03168e-05
-74.7183 3.05797e-05
-74.6304 3.0845e-05
-74.5424 3.11125e-05
-74.4544 3.13824e-05
-74.3665 3.16547e-05
-74.2785 3.19293e-05
-74.1905 3.22063e-05
-74.1026 3.24858e-05
-74.0146 3.27677e-05
-73.9266 3.30521e-05
-73.8386 3.3339e-05
-73.7507 3.36284e-05
-73.6627 3.39203e-05
-73.5747 3.42148e-05
-73.4868 3.45119e-05
-73.3988 3.48115e-05
-73.3108 3.51138e-05
-73.2228 3.54187e-05
-73.1349 3.57264e-05
-73.0469 3.60367e-05
-72.9589 3.63497e-05
-72.871 3.66655e-05
-72.783 3.6984e-05
-72.695 3.73054e-05
-72.607 3.76295e-05
-72.5191 3.79565e-05
-72.4311 3.82864e-05
-72.3431 3.86192e-05
-72.2552 3.89548e-05
-72.1672 3.92935e-05
-72.0792 3.96351e-05
-71.9912 3.99797e-05
-71.9033 4.03273e-05
-71.8153 4.0678e-05
-71.7273 4.10317e-05
-71.6394 4.13886e-05
-71.5514 4.17486e-05
-71.4634 4.21117e-05
-71.3755 4.24781e-05
-71.2875 4.28476e-05
-71.1995 4.32205e-05
-71.1115 4.35965e-05
-71.0236 4.39759e-05
-70.9356 4.43587e-05
-70.8476 4.47447e-05
-70.7597 4.51342e-05
-70.6717 4.55271e-05
-70.5837 4.59235e-05
-70.4957 4.63233e-05
-70.4078 4.67267e-05
-70.3198 4.71336e-05
-70.2318 4.75441e-05
-70.1439 4.79582e-05
-70.0559 4.8376e-05
-69.9679 4.87974e-05
-69.8799 4.92225e-05
-69.792 4.96514e-05
-69.704 5.0084e-05
-69.616 5.05205e-05
-69.5281 5.09608e-05
-69.4401 5.14049e-05
-69.3521 5.1853e-05
-69.2641 5.2305e-05
-69.1762 5.27611e-05
-69.0882 5.32211e-05
-69.0002 5.36852e-05
-68.9123 5.41533e-05
-68.8243 5.46256e-05
-68.7363 5.51021e-05
-68.6484 5.55827e-05
-68.5604 5.60676e-05
-68.4724 5.65568e-05
-68.3844 5.70503e-05
-68.2965 5.75481e-05
-68.2085 5.80503e-05
-68.1205 5.8557e-05
-68.0326 5.90681e-05
-67.9446 5.95837e-05
-67.8566 6.01039e-05
-67.7686 6.06287e-05
-67.6807 6.1158e-05
-67.5927 6.16921e-05
-67.5047 6.22309e-05
-67.4168 6.27744e-05
-67.3288 6.33228e-05
-67.2408 6.3876e-05
-67.1528 6.4434e-05
-67.0649 6.4997e-05
-66.9769 6.5565e-05
-66.8889 6.6138e-05
-66.801 6.6716e-05
-66.713 6.72992e-05
-66.625 6.78875e-05
-66.537 6.8481e-05
-66.4491 6.90798e-05
-66.3611 6.96838e-05
-66.2731 7.02932e-05
-66.1852 7.0908e-05
-66.0972 7.15282e-05
-66.0092 7.21539e-05
-65.9213 7.27851e-05
-65.8333 7.3422e-05
-65.7453 7.40644e-05
-65.6573 7.47126e-05
-65.5694 7.53664e-05
-65.4814 7.60261e-05
-65.3934 7.66916e-05
-65.3055 7.7363e-05
-65.2175 7.80403e-05
-65.1295 7.87237e-05
-65.0415 7.94131e-05
-64.9536 8.01086e-05
-64.8656 8.08103e-05
-64.7776 8.15181e-05
-64.6897 8.22323e-05
-64.6017 8.29528e-05
-64.5137 8.36796e-05
-64.4257 8.4413e-05
-64.3378 8.51528e-05
-64.2498 8.58992e-05
-64.1618 8.66522e-05
-64.0739 8.74118e-05
-63.9859 8.81782e-05
-63.8979 8.89515e-05
-63.81 8.97315e-05
-63.722 9.05185e-05
-63.634 9.13125e-05
-63.546 9.21136e-05
-63.4581 9.29217e-05
-63.3701 9.3737e-05
-63.2821 9.45596e-05
-63.1942 9.53895e-05
-63.1062 9.62267e-05
-63.0182 9.70714e-05
-62.9302 9.79236e-05
-62.8423 9.87833e-05
-62.7543 9.96507e-05
-62.6663 0.000100526
-62.5784 0.000101409
-62.4904 0.000102299
-62.4024 0.000103198
-62.3144 0.000104105
-62.2265 0.000105019
-62.1385 0.000105942
-62.0505 0.000106873
-61.9626 0.000107813
-61.8746 0.00010876
-61.7866 0.000109717
-61.6986 0.000110681
-61.6107 0.000111655
-61.5227 0.000112636
-61.4347 0.000113627
-61.3468 0.000114627
-61.2588 0.000115635
-61.1708 0.000116652
-61.0829 0.000117679
-60.9949 0.000118714
-60.9069 0.000119759
-60.8189 0.000120813
-60.731 0.000121877
-60.643 0.00012295
-60.555 0.000124033
-60.4671 0.000125125
-60.3791 0.000126227
-60.2911 0.000127339
-60.2031 0.00012846
-60.1152 0.000129592
-60.0272 0.000130734
-59.9392 0.000131886
-59.8513 0.000133048
-59.7633 0.000134221
-59.6753 0.000135404
-59.5873 0.000136598
-59.4994 0.000137803
-59.4114 0.000139018
-59.3234 0.000140244
-59.2355 0.000141481
-59.1475 0.000142729
-59.0595 0.000143988
-58.9715 0.000145259
-58.8836 0.000146541
-58.7956 0.000147834
-58.7076 0.000149139
-58.6197 0.000150456
-58.5317 0.000151784
-58.4437 0.000153124
-58.3558 0.000154477
-58.2678 0.000155841
-58.1798 0.000157218
-58.0918 0.000158607
-58.0039 0.000160008
-57.9159 0.000161422
-57.8279 0.000162849
-57.74 0.000164288
-57.652 0.000165741
-57.564 0.000167206
-57.476 0.000168684
-57.3881 0.000170176
-57.3001 0.000171681
-57.2121 0.0001732
-57.1242 0.000174732
-57.0362 0.000176278
-56.9482 0.000177838
-56.8602 0.000179412
-56.7723 0.000181
-56.6843 0.000182602
-56.5963 0.000184219
-56.5084 0.00018585
-56.4204 0.000187496
-56.3324 0.000189157
-56.2444 0.000190833
-56.1565 0.000192523
-56.0685 0.000194229
-55.9805 0.00019595
-55.8926 0.000197687
-55.8046 0.00019944
-55.7166 0.000201208
-55.6287 0.000202992
-55.5407 0.000204792
-55.4527 0.000206608
-55.3647 0.000208441
-55.2768 0.00021029
-55.1888 0.000212156
-55.1008 0.000214038
-55.0129 0.000215938
-54.9249 0.000217855
-54.8369 0.000219789
-54.7489 0.00022174
-54.661 0.000223709
-54.573 0.000225696
-54.485 0.000227701
-54.3971 0.000229723
-54.3091 0.000231765
-54.2211 0.000233824
-54.1331 0.000235902
-54.0452 0.000237999
-53.9572 0.000240115
-53.8692 0.00024225
-53.7813 0.000244404
-53.6933 0.000246578
-53.6053 0.000248771
-53.5173 0.000250984
-53.4294 0.000253217
-53.3414 0.00025547
-53.2534 0.000257744
-53.1655 0.000260038
-53.0775 0.000262354
-52.9895 0.00026469
-52.9016 0.000267047
-52.8136 0.000269425
-52.7256 0.000271825
-52.6376 0.000274247
-52.5497 0.000276691
-52.4617 0.000279157
-52.3737 0.000281645
-52.2858 0.000284156
-52.1978 0.000286689
-52.1098 0.000289246
-52.0218 0.000291825
-51.9339 0.000294428
-51.8459 0.000297055
-51.7579 0.000299706
-51.67 0.00030238
-51.582 0.000305079
-51.494 0.000307803
-51.406 0.000310551
-51.3181 0.000313324
-51.2301 0.000316122
-51.1421 0.000318946
-51.0542 0.000321796
-50.9662 0.000324671
-50.8782 0.000327572
-50.7902 0.0003305
-50.7023 0.000333455
-50.6143 0.000336436
-50.5263 0.000339445
-50.4384 0.000342481
-50.3504 0.000345544
-50.2624 0.000348636
-50.1745 0.000351755
-50.0865 0.000354904
-49.9985 0.00035808
-49.9105 0.000361286
-49.8226 0.000364521
-49.7346 0.000367786
-49.6466 0.00037108
-49.5587 0.000374404
-49.4707 0.000377759
-49.3827 0.000381144
-49.2947 0.00038456
-49.2068 0.000388008
-49.1188 0.000391487
-49.0308 0.000394997
-48.9429 0.00039854
-48.8549 0.000402115
-48.7669 0.000405723
-48.6789 0.000409364
-48.591 0.000413038
-48.503 0.000416746
-48.415 0.000420487
-48.3271 0.000424263
-48.2391 0.000428074
-48.1511 0.000431919
-48.0631 0.0004358
-47.9752 0.000439716
-47.8872 0.000443668
-47.7992 0.000447656
-47.7113 0.000451681
-47.6233 0.000455743
-47.5353 0.000459842
-47.4474 0.000463979
-47.3594 0.000468153
-47.2714 0.000472366
-47.1834 0.000476618
-47.0955 0.000480908
-47.0075 0.000485239
-46.9195 0.000489608
-46.8316 0.000494018
-46.7436 0.000498469
-46.6556 0.000502961
-46.5676 0.000507493
-46.4797 0.000512068
-46.3917 0.000516685
-46.3037 0.000521344
-46.2158 0.000526046
-46.1278 0.000530791
-46.0398 0.00053558
-45.9518 0.000540413
-45.8639 0.000545291
-45.7759 0.000550214
-45.6879 0.000555182
-45.6 0.000560196
-45.512 0.000565256
-45.424 0.000570363
-45.336 0.000575517
-45.2481 0.000580718
-45.1601 0.000585968
-45.0721 0.000591266
-44.9842 0.000596613
-44.8962 0.00060201
-44.8082 0.000607457
-44.7203 0.000612953
-44.6323 0.000618501
-44.5443 0.0006241
-44.4563 0.000629751
-44.3684 0.000635454
-44.2804 0.00064121
-44.1924 0.00064702
-44.1045 0.000652883
-44.0165 0.0006588
-43.9285 0.000664773
-43.8405 0.000670801
-43.7526 0.000676884
-43.6646 0.000683024
-43.5766 0.000689222
-43.4887 0.000695476
-43.4007 0.000701789
-43.3127 0.000708161
-43.2247 0.000714591
-43.1368 0.000721082
-43.0488 0.000727633
-42.9608 0.000734245
-42.8729 0.000740918
-42.7849 0.000747653
-42.6969 0.000754452
-42.6089 0.000761313
-42.521 0.000768238
-42.433 0.000775228
-42.345 0.000782283
-42.2571 0.000789404
-42.1691 0.000796591
-42.0811 0.000803846
-41.9932 0.000811168
-41.9052 0.000818558
-41.8172 0.000826018
-41.7292 0.000833547
-41.6413 0.000841146
-41.5533 0.000848817
-41.4653 0.000856559
-41.3774 0.000864374
-41.2894 0.000872261
-41.2014 0.000880223
-41.1134 0.000888259
-41.0255 0.000896371
-40.9375 0.000904558
-40.8495 0.000912822
-40.7616 0.000921164
-40.6736 0.000929584
-40.5856 0.000938083
-40.4976 0.000946661
-40.4097 0.00095532
-40.3217 0.000964061
-40.2337 0.000972883
-40.1458 0.000981789
-40.0578 0.000990778
-39.9698 0.000999852
-39.8818 0.00100901
-39.7939 0.00101826
-39.7059 0.00102759
-39.6179 0.00103701
-39.53 0.00104652
-39.442 0.00105612
-39.354 0.00106581
-39.2661 0.00107559
-39.1781 0.00108546
-39.0901 0.00109542
-39.0021 0.00110548
-38.9142 0.00111564
-38.8262 0.00112589
-38.7382 0.00113624
-38.6503 0.00114668
-38.5623 0.00115723
-38.4743 0.00116787
-38.3863 0.00117862
-38.2984 0.00118946
-38.2104 0.00120041
-38.1224 0.00121146
-38.0345 0.00122262
-37.9465 0.00123389
-37.8585 0.00124526
-37.7705 0.00125673
-37.6826 0.00126832
-37.5946 0.00128002
-37.5066 0.00129183
-37.4187 0.00130375
-37.3307 0.00131578
-37.2427 0.00132793
-37.1548 0.0013402
-37.0668 0.00135258
-36.9788 0.00136507
-36.8908 0.00137769
-36.8029 0.00139043
-36.7149 0.00140329
-36.6269 0.00141627
-36.539 0.00142938
-36.451 0.00144261
-36.363 0.00145597
-36.275 0.00146945
-36.1871 0.00148307
-36.0991 0.00149681
-36.0111 0.00151069
-35.9232 0.00152469
-35.8352 0.00153884
-35.7472 0.00155312
-35.6592 0.00156753
-35.5713 0.00158208
-35.4833 0.00159678
-35.3953 0.00161161
-35.3074 0.00162659
-35.2194 0.00164171
-35.1314 0.00165697
-35.0434 0.00167238
-34.9555 0.00168794
-34.8675 0.00170365
-34.7795 0.00171951
-34.6916 0.00173553
-34.6036 0.00175169
-34.5156 0.00176802
-34.4277 0.0017845
-34.3397 0.00180114
-34.2517 0.00181794
-34.1637 0.0018349
-34.0758 0.00185203
-33.9878 0.00186932
-33.8998 0.00188678
-33.8119 0.00190441
-33.7239 0.00192221
-33.6359 0.00194018
-33.5479 0.00195833
-33.46 0.00197665
-33.372 0.00199515
-33.284 0.00201383
-33.1961 0.00203269
-33.1081 0.00205173
-33.0201 0.00207096
-32.9321 0.00209037
-32.8442 0.00210998
-32.7562 0.00212977
-32.6682 0.00214976
-32.5803 0.00216994
-32.4923 0.00219032
-32.4043 0.0022109
-32.3163 0.00223167
-32.2284 0.00225266
-32.1404 0.00227384
-32.0524 0.00229523
-31.9645 0.00231684
-31.8765 0.00233865
-31.7885 0.00236068
-31.7006 0.00238292
-31.6126 0.00240538
-31.5246 0.00242806
-31.4366 0.00245096
-31.3487 0.00247409
-31.2607 0.00249745
-31.1727 0.00252103
-31.0848 0.00254485
-30.9968 0.0025689
-30.9088 0.00259319
-30.8208 0.00261771
-30.7329 0.00264248
-30.6449 0.0026675
-30.5569 0.00269275
-30.469 0.00271826
-30.381 0.00274402
-30.293 0.00277004
-30.205 0.00279631
-30.1171 0.00282284
-30.0291 0.00284964
-29.9411 0.0028767
-29.8532 0.00290403
-29.7652 0.00293163
-29.6772 0.0029595
-29.5892 0.00298765
-29.5013 0.00301608
-29.4133 0.00304479
-29.3253 0.00307379
-29.2374 0.00310308
-29.1494 0.00313266
-29.0614 0.00316253
-28.9735 0.0031927
-28.8855 0.00322317
-28.7975 0.00325395
-28.7095 0.00328504
-28.6216 0.00331643
-28.5336 0.00334814
-28.4456 0.00338017
-28.3577 0.00341252
-28.2697 0.00344519
-28.1817 0.00347819
-28.0937 0.00351152
-28.0058 0.00354519
-27.9178 0.00357919
-27.8298 0.00361354
-27.7419 0.00364823
-27.6539 0.00368327
-27.5659 0.00371867
-27.4779 0.00375442
-27.39 0.00379053
-27.302 0.00382701
-27.214 0.00386386
-27.1261 0.00390108
-27.0381 0.00393868
-26.9501 0.00397665
-26.8621 0.00401502
-26.7742 0.00405377
-26.6862 0.00409292
-26.5982 0.00413246
-26.5103 0.00417241
-26.4223 0.00421276
-26.3343 0.00425352
-26.2464 0.0042947
-26.1584 0.0043363
-26.0704 0.00437833
-25.9824 0.00442078
-25.8945 0.00446367
-25.8065 0.004507
-25.7185 0.00455077
-25.6306 0.00459499
-25.5426 0.00463966
-25.4546 0.00468479
-25.3666 0.00473039
-25.2787 0.00477645
-25.1907 0.00482299
-25.1027 0.00487001
-25.0148 0.00491751
-24.9268 0.00496551
-24.8388 0.005014
-24.7508 0.00506299
-24.6629 0.00511249
-24.5749 0.0051625
-24.4869 0.00521303
-24.399 0.00526408
-24.311 0.00531566
-24.223 0.00536778
-24.135 0.00542044
-24.0471 0.00547365
-23.9591 0.00552742
-23.8711 0.00558174
-23.7832 0.00563663
-23.6952 0.0056921
-23.6072 0.00574815
-23.5193 0.00580478
-23.4313 0.00586201
-23.3433 0.00591983
-23.2553 0.00597827
-23.1674 0.00603731
-23.0794 0.00609698
-22.9914 0.00615728
-22.9035 0.00621822
-22.8155 0.00627979
-22.7275 0.00634202
-22.6395 0.00640491
-22.5516 0.00646846
-22.4636 0.00653268
-22.3756 0.00659759
-22.2877 0.00666318
-22.1997 0.00672948
-22.1117 0.00679647
-22.0237 0.00686418
-21.9358 0.00693262
-21.8478 0.00700178
-21.7598 0.00707169
-21.6719 0.00714234
-21.5839 0.00721374
-21.4959 0.00728592
-21.4079 0.00735887
-21.32 0.0074326
-21.232 0.00750713
-21.144 0.00758245
-21.0561 0.00765859
-20.9681 0.00773556
-20.8801 0.00781335
-20.7922 0.00789199
-20.7042 0.00797148
-20.6162 0.00805183
-20.5282 0.00813305
-20.4403 0.00821516
-20.3523 0.00829816
-20.2643 0.00838207
-20.1764 0.00846689
-20.0884 0.00855264
-20.0004 0.00863933
-19.9124 0.00872696
-19.8245 0.00881556
-19.7365 0.00890514
-19.6485 0.00899569
-19.5606 0.00908725
-19.4726 0.00917981
-19.3846 0.0092734
-19.2966 0.00936802
-19.2087 0.00946369
-19.1207 0.00956042
-19.0327 0.00965823
-18.9448 0.00975712
-18.8568 0.00985712
-18.7688 0.00995823
-18.6808 0.0100605
-18.5929 0.0101638
-18.5049 0.0102684
-18.4169 0.0103741
-18.329 0.010481
-18.241 0.0105891
-18.153 0.0106984
-18.0651 0.010809
-17.9771 0.0109208
-17.8891 0.0110338
-17.8011 0.0111482
-17.7132 0.0112638
-17.6252 0.0113808
-17.5372 0.0114991
-17.4493 0.0116188
-17.3613 0.0117398
-17.2733 0.0118622
-17.1853 0.011986
-17.0974 0.0121112
-17.0094 0.0122378
-16.9214 0.012366
-16.8335 0.0124956
-16.7455 0.0126267
-16.6575 0.0127593
-16.5695 0.0128934
-16.4816 0.0130292
-16.3936 0.0131665
-16.3056 0.0133054
-16.2177 0.0134459
-16.1297 0.013588
-16.0417 0.0137319
-15.9537 0.0138774
-15.8658 0.0140246
-15.7778 0.0141736
-15.6898 0.0143243
-15.6019 0.0144769
-15.5139 0.0146312
-15.4259 0.0147874
-15.338 0.0149454
-15.25 0.0151053
-15.162 0.0152671
-15.074 0.0154309
-14.9861 0.0155966
-14.8981 0.0157643
-14.8101 0.0159341
-14.7222 0.0161058
-14.6342 0.0162797
-14.5462 0.0164557
-14.4582 0.0166338
-14.3703 0.0168141
-14.2823 0.0169966
-14.1943 0.0171813
-14.1064 0.0173683
-14.0184 0.0175576
-13.9304 0.0177493
-13.8424 0.0179433
-13.7545 0.0181397
-13.6665 0.0183385
-13.5785 0.0185398
-13.4906 0.0187436
-13.4026 0.01895
-13.3146 0.019159
-13.2267 0.0193705
-13.1387 0.0195848
-13.0507 0.0198017
-12.9627 0.0200214
-12.8748 0.0202439
-12.7868 0.0204693
-12.6988 0.0206974
-12.6109 0.0209286
-12.5229 0.0211626
-12.4349 0.0213997
-12.3469 0.0216399
-12.259 0.0218831
-12.171 0.0221296
-12.083 0.0223792
-11.9951 0.022632
-11.9071 0.0228882
-11.8191 0.0231478
-11.7311 0.0234107
-11.6432 0.0236771
-11.5552 0.0239471
-11.4672 0.0242206
-11.3793 0.0244978
-11.2913 0.0247787
-11.2033 0.0250634
-11.1153 0.0253518
-11.0274 0.0256442
-10.9394 0.0259405
-10.8514 0.0262409
-10.7635 0.0265453
-10.6755 0.0268539
-10.5875 0.0271667
-10.4996 0.0274838
-10.4116 0.0278053
-10.3236 0.0281313
-10.2356 0.0284618
-10.1477 0.0287969
-10.0597 0.0291366
-9.97172 0.0294812
-9.88375 0.0298306
-9.79578 0.030185
-9.70781 0.0305444
-9.61984 0.0309089
-9.53187 0.0312786
-9.4439 0.0316536
-9.35593 0.0320341
-9.26796 0.03242
-9.17999 0.0328116
-9.09202 0.0332089
-9.00404 0.033612
-8.91607 0.034021
-8.8281 0.034436
-8.74013 0.0348573
-8.65216 0.0352847
-8.56419 0.0357186
-8.47622 0.036159
-8.38825 0.036606
-8.30028 0.0370598
-8.21231 0.0375205
-8.12433 0.0379882
-8.03636 0.0384631
-7.94839 0.0389453
-7.86042 0.039435
-7.77245 0.0399322
-7.68448 0.0404373
-7.59651 0.0409502
-7.50854 0.0414713
-7.42057 0.0420006
-7.3326 0.0425382
-7.24463 0.0430845
-7.15665 0.0436396
-7.06868 0.0442036
-6.98071 0.0447767
-6.89274 0.0453591
-6.80477 0.0459511
-6.7168 0.0465527
-6.62883 0.0471643
-6.54086 0.047786
-6.45289 0.0484181
-6.36492 0.0490608
-6.27694 0.0497142
-6.18897 0.0503786
-6.101 0.0510543
-6.01303 0.0517416
-5.92506 0.0524405
-5.83709 0.0531515
-5.74912 0.0538747
-5.66115 0.0546104
-5.57318 0.0553589
-5.48521 0.0561204
-5.39723 0.0568953
-5.30926 0.0576838
-5.22129 0.0584861
-5.13332 0.0593026
-5.04535 0.0601336
-4.95738 0.0609793
-4.86941 0.0618401
-4.78144 0.0627162
-4.69347 0.0636079
-4.6055 0.0645155
-4.51753 0.0654393
-4.42955 0.0663796
-4.34158 0.0673365
-4.25361 0.0683105
-4.16564 0.0693017
-4.07767 0.0703103
-3.9897 0.0713366
-3.90173 0.0723807
-3.81376 0.0734428
-3.72579 0.074523
-3.63782 0.0756212
-3.54984 0.0767376
-3.46187 0.0778721
-3.3739 0.0790244
-3.28593 0.0801944
-3.19796 0.0813817
-3.10999 0.0825858
-3.02202 0.0838062
-2.93405 0.0850419
-2.84608 0.0862919
-2.75811 0.087555
-2.67014 0.0888297
-2.58216 0.0901139
-2.49419 0.0914055
-2.40622 0.0927017
-2.31825 0.0939992
-2.23028 0.0952941
-2.14231 0.0965817
-2.05434 0.0978567
-1.96637 0.0991126
-1.8784 0.100342
-1.79043 0.101535
-1.70245 0.102683
-1.61448 0.103773
-1.52651 0.104792
-1.43854 0.105723
-1.35057 0.106548
-1.2626 0.107248
-1.17463 0.107798
-1.08666 0.108173
-0.998687 0.108346
-0.910716 0.108286
-0.822745 0.107963
-0.734774 0.107344
-0.646803 0.106398
-0.558832 0.105098
-0.470861 0.103421
-0.38289 0.101349
-0.294919 0.0988759
-0.206948 0.0960063
-0.118978 0.0927576
-0.0310066 0.0891604
0.0569644 0.0852581
0.144935 0.0811046
0.232906 0.0767617
0.320877 0.0722953
0.408848 0.0677715
0.496819 0.0632535
0.58479 0.0587983
0.672761 0.0544553
0.760732 0.0502649
0.848703 0.0462581
0.936674 0.0424576
1.02464 0.0388778
1.11262 0.0355264
1.20059 0.0324052
1.28856 0.0295118
1.37653 0.02684
1.4645 0.0243813
1.55247 0.0221251
1.64044 0.02006
1.72841 0.0181739
1.81638 0.0164544
1.90435 0.0148892
1.99233 0.0134666
2.0803 0.0121749
2.16827 0.0110033
2.25624 0.00994149
2.34421 0.00897997
2.43218 0.00810977
2.52015 0.00732263
2.60812 0.00661096
2.69609 0.00596776
2.78406 0.00538665
2.87203 0.00486176
2.96001 0.00438778
3.04798 0.00395984
3.13595 0.00357354
3.22392 0.00322488
3.31189 0.00291021
3.39986 0.00262626
3.48783 0.00237003
3.5758 0.00213884
3.66377 0.00193024
3.75174 0.00174203
3.83972 0.00157222
3.92769 0.00141901
4.01566 0.00128078
4.10363 0.00115607
4.1916 0.00104354
4.27957 0.000942001
4.36754 0.000850384
4.45551 0.000767714
4.54348 0.000693114
4.63145 0.000625794
4.71943 0.00056504
4.8074 0.00051021
4.89537 0.000460724
4.98334 0.000416059
5.07131 0.000375742
5.15928 0.00033935
5.24725 0.000306498
5.33522 0.000276841
5.42319 0.000250066
5.51116 0.000225891
5.59913 0.000204064
5.68711 0.000184356
5.77508 0.000166558
5.86305 0.000150487
5.95102 0.000135972
6.03899 0.000122864
6.12696 0.000111024
6.21493 0.00010033
6.3029 9.06707e-05
6.39087 8.19448e-05
6.47884 7.4062e-05
6.56682 6.69405e-05
6.65479 6.05065e-05
6.74276 5.46933e-05
6.83073 4.94407e-05
6.9187 4.46945e-05
7.00667 4.04055e-05
7.09464 3.65297e-05
7.18261 3.3027e-05
7.27058 2.98614e-05
7.35855 2.70003e-05
7.44652 2.44143e-05
7.5345 2.20768e-05
