-16.6909 1.53144e-05
-16.625 1.58812e-05
-16.5592 1.64689e-05
-16.4934 1.70783e-05
-16.4275 1.77101e-05
-16.3617 1.83652e-05
-16.2959 1.90444e-05
-16.23 1.97486e-05
-16.1642 2.04788e-05
-16.0984 2.12358e-05
-16.0326 2.20207e-05
-15.9667 2.28345e-05
-15.9009 2.36782e-05
-15.8351 2.45529e-05
-15.7692 2.54598e-05
-15.7034 2.64e-05
-15.6376 2.73748e-05
-15.5717 2.83855e-05
-15.5059 2.94332e-05
-15.4401 3.05195e-05
-15.3743 3.16456e-05
-15.3084 3.28131e-05
-15.2426 3.40235e-05
-15.1768 3.52783e-05
-15.1109 3.65791e-05
-15.0451 3.79276e-05
-14.9793 3.93257e-05
-14.9134 4.07749e-05
-14.8476 4.22774e-05
-14.7818 4.38349e-05
-14.7159 4.54494e-05
-14.6501 4.71231e-05
-14.5843 4.88582e-05
-14.5185 5.06567e-05
-14.4526 5.25211e-05
-14.3868 5.44538e-05
-14.321 5.64572e-05
-14.2551 5.85339e-05
-14.1893 6.06865e-05
-14.1235 6.29178e-05
-14.0576 6.52307e-05
-13.9918 6.76282e-05
-13.926 7.01133e-05
-13.8601 7.26891e-05
-13.7943 7.5359e-05
-13.7285 7.81264e-05
-13.6627 8.09947e-05
-13.5968 8.39678e-05
-13.531 8.70493e-05
-13.4652 9.02432e-05
-13.3993 9.35536e-05
-13.3335 9.69846e-05
-13.2677 0.000100541
-13.2018 0.000104226
-13.136 0.000108046
-13.0702 0.000112005
-13.0043 0.000116108
-12.9385 0.00012036
-12.8727 0.000124767
-12.8069 0.000129334
-12.741 0.000134067
-12.6752 0.000138973
-12.6094 0.000144056
-12.5435 0.000149324
-12.4777 0.000154783
-12.4119 0.000160441
-12.346 0.000166303
-12.2802 0.000172379
-12.2144 0.000178674
-12.1485 0.000185198
-12.0827 0.000191958
-12.0169 0.000198963
-11.9511 0.000206222
-11.8852 0.000213744
-11.8194 0.000221537
-11.7536 0.000229612
-11.6877 0.00023798
-11.6219 0.00024665
-11.5561 0.000255633
-11.4902 0.00026494
-11.4244 0.000274583
-11.3586 0.000284575
-11.2928 0.000294927
-11.2269 0.000305652
-11.1611 0.000316763
-11.0953 0.000328275
-11.0294 0.000340201
-10.9636 0.000352557
-10.8978 0.000365357
-10.8319 0.000378618
-10.7661 0.000392355
-10.7003 0.000406586
-10.6344 0.000421329
-10.5686 0.0004366
-10.5028 0.000452419
-10.437 0.000468806
-10.3711 0.00048578
-10.3053 0.000503363
-10.2395 0.000521575
-10.1736 0.000540439
-10.1078 0.000559978
-10.042 0.000580216
-9.97614 0.000601177
-9.91031 0.000622887
-9.84448 0.000645372
-9.77865 0.000668659
-9.71282 0.000692777
-9.64699 0.000717755
-9.58115 0.000743623
-9.51532 0.000770411
-9.44949 0.000798153
-9.38366 0.000826882
-9.31783 0.000856631
-9.252 0.000887438
-9.18617 0.000919338
-9.12034 0.000952369
-9.05451 0.000986572
-8.98868 0.00102199
-8.92285 0.00105866
-8.85702 0.00109662
-8.79119 0.00113593
-8.72536 0.00117663
-8.65953 0.00121876
-8.5937 0.00126238
-8.52786 0.00130754
-8.46203 0.0013543
-8.3962 0.00140269
-8.33037 0.00145279
-8.26454 0.00150465
-8.19871 0.00155834
-8.13288 0.0016139
-8.06705 0.00167142
-8.00122 0.00173095
-7.93539 0.00179257
-7.86956 0.00185634
-7.80373 0.00192234
-7.7379 0.00199065
-7.67207 0.00206134
-7.60624 0.00213449
-7.54041 0.00221019
-7.47457 0.00228852
-7.40874 0.00236958
-7.34291 0.00245345
-7.27708 0.00254023
-7.21125 0.00263002
-7.14542 0.00272292
-7.07959 0.00281903
-7.01376 0.00291846
-6.94793 0.00302132
-6.8821 0.00312772
-6.81627 0.00323779
-6.75044 0.00335164
-6.68461 0.0034694
-6.61878 0.0035912
-6.55295 0.00371718
-6.48711 0.00384746
-6.42128 0.00398219
-6.35545 0.00412152
-6.28962 0.0042656
-6.22379 0.00441458
-6.15796 0.00456862
-6.09213 0.00472789
-6.0263 0.00489255
-5.96047 0.00506278
-5.89464 0.00523876
-5.82881 0.00542067
-5.76298 0.0056087
-5.69715 0.00580305
-5.63132 0.00600391
-5.56549 0.0062115
-5.49966 0.00642603
-5.43382 0.00664771
-5.36799 0.00687676
-5.30216 0.00711343
-5.23633 0.00735794
-5.1705 0.00761054
-5.10467 0.00787147
-5.03884 0.008141
-4.97301 0.00841938
-4.90718 0.00870689
-4.84135 0.00900379
-4.77552 0.00931038
-4.70969 0.00962693
-4.64386 0.00995376
-4.57803 0.0102912
-4.5122 0.0106394
-4.44637 0.0109989
-4.38053 0.0113699
-4.3147 0.0117528
-4.24887 0.0121478
-4.18304 0.0125554
-4.11721 0.0129758
-4.05138 0.0134096
-3.98555 0.0138569
-3.91972 0.0143182
-3.85389 0.0147939
-3.78806 0.0152843
-3.72223 0.0157898
-3.6564 0.0163109
-3.59057 0.0168479
-3.52474 0.0174012
-3.45891 0.0179712
-3.39308 0.0185584
-3.32724 0.0191632
-3.26141 0.0197859
-3.19558 0.020427
-3.12975 0.0210869
-3.06392 0.021766
-2.99809 0.0224647
-2.93226 0.0231835
-2.86643 0.0239226
-2.8006 0.0246826
-2.73477 0.0254639
-2.66894 0.0262666
-2.60311 0.0270914
-2.53728 0.0279384
-2.47145 0.028808
-2.40562 0.0297006
-2.33979 0.0306164
-2.27395 0.0315556
-2.20812 0.0325184
-2.14229 0.0335051
-2.07646 0.0345158
-2.01063 0.0355505
-1.9448 0.0366092
-1.87897 0.037692
-1.81314 0.0387987
-1.74731 0.0399291
-1.68148 0.0410829
-1.61565 0.0422596
-1.54982 0.0434589
-1.48399 0.04468
-1.41816 0.0459222
-1.35233 0.0471844
-1.2865 0.0484655
-1.22066 0.0497642
-1.15483 0.0510788
-1.089 0.0524075
-1.02317 0.0537481
-0.957342 0.0550982
-0.891511 0.0564551
-0.825681 0.0578155
-0.75985 0.0591758
-0.694019 0.0605322
-0.628189 0.0618802
-0.562358 0.0632151
-0.496528 0.0645315
-0.430697 0.0658241
-0.364866 0.0670869
-0.299036 0.068314
-0.233205 0.0694996
-0.167374 0.0706379
-0.101544 0.0717236
-0.0357132 0.072752
0.0301174 0.0737195
0.0959481 0.074623
0.161779 0.0754608
0.227609 0.0762322
0.29344 0.0769373
0.359271 0.0775771
0.425101 0.0781535
0.490932 0.0786685
0.556762 0.079125
0.622593 0.0795256
0.688424 0.0798734
0.754254 0.0801712
0.820085 0.0804221
0.885916 0.0806288
0.951746 0.080794
1.01758 0.0809204
1.08341 0.0810103
1.14924 0.0810659
1.21507 0.0810895
1.2809 0.081083
1.34673 0.0810483
1.41256 0.0809871
1.47839 0.080901
1.54422 0.0807915
1.61005 0.08066
1.67588 0.0805078
1.74171 0.0803362
1.80754 0.0801463
1.87338 0.0799392
1.93921 0.0797158
2.00504 0.0794772
2.07087 0.0792241
2.1367 0.0789575
2.20253 0.0786781
2.26836 0.0783867
2.33419 0.078084
2.40002 0.0777705
2.46585 0.077447
2.53168 0.0771141
2.59751 0.0767722
2.66334 0.0764219
2.72917 0.0760638
2.795 0.0756982
2.86083 0.0753257
2.92667 0.0749467
2.9925 0.0745616
3.05833 0.0741707
3.12416 0.0737744
3.18999 0.0733732
3.25582 0.0729673
3.32165 0.072557
3.38748 0.0721426
3.45331 0.0717246
3.51914 0.071303
3.58497 0.0708782
3.6508 0.0704505
3.71663 0.07002
3.78246 0.0695871
3.84829 0.0691518
3.91412 0.0687146
3.97996 0.0682755
4.04579 0.0678347
4.11162 0.0673925
4.17745 0.0669489
4.24328 0.0665043
4.30911 0.0660587
4.37494 0.0656123
4.44077 0.0651652
4.5066 0.0647176
4.57243 0.0642697
4.63826 0.0638215
4.70409 0.0633732
4.76992 0.0629249
4.83575 0.0624768
4.90158 0.0620289
4.96741 0.0615813
5.03325 0.0611342
5.09908 0.0606876
5.16491 0.0602416
5.23074 0.0597964
5.29657 0.059352
5.3624 0.0589085
5.42823 0.058466
5.49406 0.0580245
5.55989 0.0575841
5.62572 0.0571449
5.69155 0.056707
5.75738 0.0562704
5.82321 0.0558352
5.88904 0.0554014
5.95487 0.0549691
6.0207 0.0545383
6.08654 0.0541092
6.15237 0.0536817
6.2182 0.0532559
6.28403 0.0528318
6.34986 0.0524095
6.41569 0.051989
6.48152 0.0515704
6.54735 0.0511536
6.61318 0.0507388
6.67901 0.050326
6.74484 0.0499151
6.81067 0.0495062
6.8765 0.0490994
6.94233 0.0486947
7.00816 0.048292
7.07399 0.0478915
7.13983 0.0474931
7.20566 0.0470969
7.27149 0.0467028
7.33732 0.046311
7.40315 0.0459214
7.46898 0.0455339
7.53481 0.0451488
7.60064 0.0447659
7.66647 0.0443853
7.7323 0.0440069
7.79813 0.0436309
7.86396 0.0432572
7.92979 0.0428857
7.99562 0.0425166
8.06145 0.0421499
8.12728 0.0417854
8.19312 0.0414233
8.25895 0.0410636
8.32478 0.0407062
8.39061 0.0403512
8.45644 0.0399985
8.52227 0.0396482
8.5881 0.0393002
8.65393 0.0389547
8.71976 0.0386114
8.78559 0.0382706
8.85142 0.0379321
8.91725 0.037596
8.98308 0.0372622
9.04891 0.0369308
9.11474 0.0366017
9.18058 0.036275
9.24641 0.0359507
9.31224 0.0356287
9.37807 0.035309
9.4439 0.0349917
9.50973 0.0346767
9.57556 0.0343641
9.64139 0.0340537
9.70722 0.0337457
9.77305 0.03344
9.83888 0.0331366
9.90471 0.0328355
9.97054 0.0325366
10.0364 0.0322401
10.1022 0.0319458
10.168 0.0316538
10.2339 0.0313641
10.2997 0.0310766
10.3655 0.0307914
10.4314 0.0305084
10.4972 0.0302276
10.563 0.029949
10.6288 0.0296726
10.6947 0.0293984
10.7605 0.0291264
10.8263 0.0288566
10.8922 0.028589
10.958 0.0283235
11.0238 0.0280601
11.0897 0.0277989
11.1555 0.0275398
11.2213 0.0272828
11.2872 0.0270279
11.353 0.0267751
11.4188 0.0265244
11.4846 0.0262757
11.5505 0.0260292
11.6163 0.0257846
11.6821 0.0255421
11.748 0.0253016
11.8138 0.0250631
11.8796 0.0248267
11.9455 0.0245922
12.0113 0.0243597
12.0771 0.0241291
12.143 0.0239005
12.2088 0.0236739
12.2746 0.0234492
12.3404 0.0232263
12.4063 0.0230054
12.4721 0.0227864
12.5379 0.0225693
12.6038 0.022354
12.6696 0.0221406
12.7354 0.0219291
12.8013 0.0217193
12.8671 0.0215114
12.9329 0.0213053
12.9988 0.021101
13.0646 0.0208985
13.1304 0.0206978
13.1962 0.0204988
13.2621 0.0203015
13.3279 0.020106
13.3937 0.0199122
13.4596 0.0197202
13.5254 0.0195298
13.5912 0.0193411
13.6571 0.0191541
13.7229 0.0189687
13.7887 0.0187851
13.8545 0.018603
13.9204 0.0184226
13.9862 0.0182437
14.052 0.0180665
14.1179 0.0178909
14.1837 0.0177169
14.2495 0.0175444
14.3154 0.0173735
14.3812 0.0172041
14.447 0.0170362
14.5129 0.0168699
14.5787 0.0167051
14.6445 0.0165418
14.7103 0.01638
14.7762 0.0162196
14.842 0.0160607
14.9078 0.0159033
14.9737 0.0157473
15.0395 0.0155927
15.1053 0.0154395
15.1712 0.0152878
15.237 0.0151374
15.3028 0.0149885
15.3687 0.0148409
15.4345 0.0146947
15.5003 0.0145498
15.5661 0.0144062
15.632 0.014264
15.6978 0.0141232
15.7636 0.0139836
15.8295 0.0138453
15.8953 0.0137083
15.9611 0.0135726
16.027 0.0134381
16.0928 0.0133049
16.1586 0.013173
16.2245 0.0130423
16.2903 0.0129128
16.3561 0.0127845
16.4219 0.0126575
16.4878 0.0125316
16.5536 0.0124069
16.6194 0.0122834
16.6853 0.012161
16.7511 0.0120398
16.8169 0.0119198
16.8828 0.0118009
16.9486 0.0116831
17.0144 0.0115664
17.0803 0.0114508
17.1461 0.0113364
17.2119 0.011223
17.2777 0.0111107
17.3436 0.0109995
17.4094 0.0108893
17.4752 0.0107802
17.5411 0.0106721
17.6069 0.010565
17.6727 0.010459
17.7386 0.010354
17.8044 0.01025
17.8702 0.010147
17.936 0.010045
18.0019 0.00994392
18.0677 0.00984385
18.1335 0.00974474
18.1994 0.00964659
18.2652 0.00954939
18.331 0.00945312
18.3969 0.00935778
18.4627 0.00926336
18.5285 0.00916985
18.5944 0.00907725
18.6602 0.00898554
18.726 0.00889472
18.7918 0.00880478
18.8577 0.00871572
18.9235 0.00862752
18.9893 0.00854017
19.0552 0.00845368
19.121 0.00836802
19.1868 0.0082832
19.2527 0.00819921
19.3185 0.00811604
19.3843 0.00803367
19.4502 0.00795211
19.516 0.00787135
19.5818 0.00779138
19.6476 0.00771219
19.7135 0.00763377
19.7793 0.00755612
19.8451 0.00747923
19.911 0.0074031
19.9768 0.00732772
20.0426 0.00725307
20.1085 0.00717916
20.1743 0.00710597
20.2401 0.00703351
20.306 0.00696175
20.3718 0.00689071
20.4376 0.00682036
20.5034 0.00675071
20.5693 0.00668174
20.6351 0.00661346
20.7009 0.00654585
20.7668 0.00647891
20.8326 0.00641263
20.8984 0.00634701
20.9643 0.00628203
21.0301 0.0062177
21.0959 0.00615401
21.1617 0.00609095
21.2276 0.00602852
21.2934 0.0059667
21.3592 0.0059055
21.4251 0.00584491
21.4909 0.00578491
21.5567 0.00572552
21.6226 0.00566672
21.6884 0.0056085
21.7542 0.00555087
21.8201 0.0054938
21.8859 0.00543731
21.9517 0.00538138
22.0175 0.00532601
22.0834 0.00527119
22.1492 0.00521692
22.215 0.0051632
22.2809 0.00511001
22.3467 0.00505735
22.4125 0.00500522
22.4784 0.00495361
22.5442 0.00490252
22.61 0.00485194
22.6759 0.00480187
22.7417 0.0047523
22.8075 0.00470323
22.8733 0.00465465
22.9392 0.00460656
23.005 0.00455896
23.0708 0.00451183
23.1367 0.00446518
23.2025 0.004419
23.2683 0.00437328
23.3342 0.00432802
23.4 0.00428322
23.4658 0.00423887
23.5317 0.00419497
23.5975 0.00415151
23.6633 0.00410849
23.7291 0.00406591
23.795 0.00402375
23.8608 0.00398202
23.9266 0.00394072
23.9925 0.00389983
24.0583 0.00385935
24.1241 0.00381929
24.19 0.00377963
24.2558 0.00374037
24.3216 0.00370152
24.3875 0.00366305
24.4533 0.00362498
24.5191 0.00358729
24.5849 0.00354998
24.6508 0.00351306
24.7166 0.00347651
24.7824 0.00344033
24.8483 0.00340452
24.9141 0.00336907
24.9799 0.00333398
25.0458 0.00329925
25.1116 0.00326488
25.1774 0.00323085
25.2432 0.00319717
25.3091 0.00316384
25.3749 0.00313084
25.4407 0.00309819
25.5066 0.00306586
25.5724 0.00303387
25.6382 0.0030022
25.7041 0.00297085
25.7699 0.00293983
25.8357 0.00290912
25.9016 0.00287873
25.9674 0.00284865
26.0332 0.00281887
26.099 0.0027894
26.1649 0.00276023
26.2307 0.00273136
26.2965 0.00270279
26.3624 0.00267451
26.4282 0.00264652
26.494 0.00261882
26.5599 0.0025914
26.6257 0.00256426
26.6915 0.0025374
26.7574 0.00251082
26.8232 0.00248451
26.889 0.00245847
26.9548 0.0024327
27.0207 0.00240719
27.0865 0.00238194
27.1523 0.00235696
27.2182 0.00233223
27.284 0.00230776
27.3498 0.00228354
27.4157 0.00225956
27.4815 0.00223584
27.5473 0.00221236
27.6132 0.00218912
27.679 0.00216612
27.7448 0.00214336
27.8106 0.00212084
27.8765 0.00209854
27.9423 0.00207648
28.0081 0.00205464
28.074 0.00203303
28.1398 0.00201164
28.2056 0.00199048
28.2715 0.00196953
28.3373 0.0019488
28.4031 0.00192828
28.4689 0.00190798
28.5348 0.00188789
28.6006 0.001868
28.6664 0.00184832
28.7323 0.00182885
28.7981 0.00180957
28.8639 0.0017905
28.9298 0.00177162
28.9956 0.00175294
29.0614 0.00173445
29.1273 0.00171616
29.1931 0.00169805
29.2589 0.00168013
29.3247 0.0016624
29.3906 0.00164485
29.4564 0.00162749
29.5222 0.0016103
29.5881 0.0015933
29.6539 0.00157647
29.7197 0.00155981
29.7856 0.00154333
29.8514 0.00152702
29.9172 0.00151088
29.9831 0.00149491
30.0489 0.0014791
30.1147 0.00146346
30.1805 0.00144798
30.2464 0.00143267
30.3122 0.00141751
30.378 0.00140251
30.4439 0.00138766
30.5097 0.00137298
30.5755 0.00135844
30.6414 0.00134406
30.7072 0.00132982
30.773 0.00131574
30.8389 0.0013018
30.9047 0.00128801
30.9705 0.00127436
31.0363 0.00126085
31.1022 0.00124749
31.168 0.00123426
31.2338 0.00122117
31.2997 0.00120822
31.3655 0.00119541
31.4313 0.00118273
31.4972 0.00117018
31.563 0.00115776
31.6288 0.00114547
31.6947 0.00113332
31.7605 0.00112128
31.8263 0.00110938
31.8921 0.0010976
31.958 0.00108594
32.0238 0.00107441
32.0896 0.00106299
32.1555 0.0010517
32.2213 0.00104052
32.2871 0.00102946
32.353 0.00101852
32.4188 0.00100769
32.4846 0.000996978
32.5504 0.000986376
32.6163 0.000975885
32.6821 0.000965504
32.7479 0.000955233
32.8138 0.000945069
32.8796 0.000935012
32.9454 0.000925061
33.0113 0.000915214
33.0771 0.000905471
33.1429 0.00089583
33.2088 0.00088629
33.2746 0.000876851
33.3404 0.000867511
33.4062 0.00085827
33.4721 0.000849125
33.5379 0.000840077
33.6037 0.000831124
33.6696 0.000822266
33.7354 0.0008135
33.8012 0.000804827
33.8671 0.000796245
33.9329 0.000787754
33.9987 0.000779352
34.0646 0.000771039
34.1304 0.000762814
34.1962 0.000754675
34.262 0.000746622
34.3279 0.000738653
34.3937 0.000730769
34.4595 0.000722968
34.5254 0.00071525
34.5912 0.000707613
34.657 0.000700056
34.7229 0.000692579
34.7887 0.000685181
34.8545 0.000677862
34.9204 0.000670619
34.9862 0.000663453
35.052 0.000656363
35.1178 0.000649348
35.1837 0.000642407
35.2495 0.000635539
35.3153 0.000628744
35.3812 0.000622021
35.447 0.000615369
35.5128 0.000608787
35.5787 0.000602275
35.6445 0.000595832
35.7103 0.000589457
35.7761 0.000583149
35.842 0.000576908
35.9078 0.000570734
35.9736 0.000564624
36.0395 0.00055858
36.1053 0.000552599
36.1711 0.000546682
36.237 0.000540827
36.3028 0.000535035
36.3686 0.000529304
36.4345 0.000523633
36.5003 0.000518023
36.5661 0.000512472
36.6319 0.000506981
36.6978 0.000501547
36.7636 0.000496171
36.8294 0.000490852
36.8953 0.00048559
36.9611 0.000480383
37.0269 0.000475232
37.0928 0.000470135
37.1586 0.000465093
37.2244 0.000460104
37.2903 0.000455168
37.3561 0.000450284
37.4219 0.000445452
37.4877 0.000440672
37.5536 0.000435943
37.6194 0.000431263
37.6852 0.000426634
37.7511 0.000422053
37.8169 0.000417522
37.8827 0.000413038
37.9486 0.000408603
38.0144 0.000404214
38.0802 0.000399872
38.1461 0.000395577
38.2119 0.000391327
38.2777 0.000387122
38.3435 0.000382962
38.4094 0.000378846
38.4752 0.000374775
38.541 0.000370746
38.6069 0.000366761
38.6727 0.000362818
38.7385 0.000358916
38.8044 0.000355057
38.8702 0.000351238
38.936 0.000347461
39.0019 0.000343723
39.0677 0.000340026
39.1335 0.000336368
39.1993 0.000332748
39.2652 0.000329168
39.331 0.000325625
39.3968 0.000322121
39.4627 0.000318654
39.5285 0.000315223
39.5943 0.00031183
39.6602 0.000308472
39.726 0.000305151
39.7918 0.000301865
39.8576 0.000298614
39.9235 0.000295397
39.9893 0.000292215
40.0551 0.000289067
40.121 0.000285953
40.1868 0.000282872
40.2526 0.000279824
40.3185 0.000276808
40.3843 0.000273825
40.4501 0.000270873
40.516 0.000267953
40.5818 0.000265065
40.6476 0.000262207
40.7134 0.00025938
40.7793 0.000256582
40.8451 0.000253815
40.9109 0.000251078
40.9768 0.00024837
41.0426 0.00024569
41.1084 0.00024304
41.1743 0.000240418
41.2401 0.000237823
41.3059 0.000235257
41.3718 0.000232718
41.4376 0.000230206
41.5034 0.000227721
41.5692 0.000225263
41.6351 0.000222831
41.7009 0.000220425
41.7667 0.000218045
41.8326 0.000215691
41.8984 0.000213361
41.9642 0.000211057
42.0301 0.000208777
42.0959 0.000206522
42.1617 0.000204291
42.2276 0.000202084
42.2934 0.0001999
42.3592 0.00019774
42.425 0.000195603
42.4909 0.000193489
42.5567 0.000191398
42.6225 0.000189329
42.6884 0.000187282
42.7542 0.000185258
42.82 0.000183255
42.8859 0.000181273
42.9517 0.000179313
43.0175 0.000177374
43.0833 0.000175455
43.1492 0.000173558
43.215 0.00017168
43.2808 0.000169823
43.3467 0.000167986
43.4125 0.000166168
43.4783 0.00016437
43.5442 0.000162591
43.61 0.000160832
43.6758 0.000159091
43.7417 0.000157369
43.8075 0.000155665
43.8733 0.00015398
43.9391 0.000152313
44.005 0.000150664
44.0708 0.000149033
44.1366 0.000147419
44.2025 0.000145822
44.2683 0.000144243
44.3341 0.000142681
44.4 0.000141135
44.4658 0.000139606
44.5316 0.000138094
44.5975 0.000136597
44.6633 0.000135117
44.7291 0.000133653
44.7949 0.000132205
44.8608 0.000130772
44.9266 0.000129354
44.9924 0.000127952
45.0583 0.000126565
45.1241 0.000125193
45.1899 0.000123836
45.2558 0.000122493
45.3216 0.000121165
45.3874 0.000119851
45.4533 0.000118551
45.5191 0.000117265
45.5849 0.000115993
45.6507 0.000114735
45.7166 0.000113491
45.7824 0.000112259
45.8482 0.000111041
45.9141 0.000109836
45.9799 0.000108645
46.0457 0.000107466
46.1116 0.000106299
46.1774 0.000105146
46.2432 0.000104004
46.3091 0.000102875
46.3749 0.000101759
46.4407 0.000100654
46.5065 9.9561e-05
46.5724 9.84799e-05
46.6382 9.74106e-05
46.704 9.63527e-05
46.7699 9.53063e-05
46.8357 9.42712e-05
46.9015 9.32473e-05
46.9674 9.22344e-05
47.0332 9.12324e-05
47.099 9.02413e-05
47.1648 8.92609e-05
47.2307 8.8291e-05
47.2965 8.73316e-05
47.3623 8.63826e-05
47.4282 8.54439e-05
47.494 8.45152e-05
47.5598 8.35967e-05
47.6257 8.2688e-05
47.6915 8.17891e-05
47.7573 8.09e-05
47.8232 8.00205e-05
47.889 7.91505e-05
47.9548 7.82899e-05
48.0206 7.74385e-05
48.0865 7.65964e-05
48.1523 7.57634e-05
48.2181 7.49394e-05
48.284 7.41243e-05
48.3498 7.33181e-05
48.4156 7.25205e-05
48.4815 7.17316e-05
48.5473 7.09512e-05
48.6131 7.01792e-05
48.679 6.94156e-05
48.7448 6.86603e-05
48.8106 6.79131e-05
48.8764 6.7174e-05
48.9423 6.64429e-05
49.0081 6.57198e-05
49.0739 6.50044e-05
