-24.7719 3.41469e-05
-24.7413 3.45734e-05
-24.7106 3.50053e-05
-24.68 3.54425e-05
-24.6493 3.58852e-05
-24.6187 3.63334e-05
-24.588 3.67872e-05
-24.5573 3.72465e-05
-24.5267 3.77116e-05
-24.496 3.81825e-05
-24.4654 3.86593e-05
-24.4347 3.91419e-05
-24.4041 3.96306e-05
-24.3734 4.01253e-05
-24.3428 4.06262e-05
-24.3121 4.11333e-05
-24.2814 4.16467e-05
-24.2508 4.21665e-05
-24.2201 4.26927e-05
-24.1895 4.32255e-05
-24.1588 4.37649e-05
-24.1282 4.4311e-05
-24.0975 4.48639e-05
-24.0669 4.54236e-05
-24.0362 4.59903e-05
-24.0055 4.65641e-05
-23.9749 4.71449e-05
-23.9442 4.7733e-05
-23.9136 4.83283e-05
-23.8829 4.89311e-05
-23.8523 4.95413e-05
-23.8216 5.01592e-05
-23.791 5.07846e-05
-23.7603 5.14179e-05
-23.7296 5.2059e-05
-23.699 5.2708e-05
-23.6683 5.33651e-05
-23.6377 5.40304e-05
-23.607 5.47039e-05
-23.5764 5.53858e-05
-23.5457 5.60761e-05
-23.515 5.6775e-05
-23.4844 5.74825e-05
-23.4537 5.81988e-05
-23.4231 5.8924e-05
-23.3924 5.96582e-05
-23.3618 6.04015e-05
-23.3311 6.11541e-05
-23.3005 6.19159e-05
-23.2698 6.26872e-05
-23.2391 6.3468e-05
-23.2085 6.42586e-05
-23.1778 6.50589e-05
-23.1472 6.58691e-05
-23.1165 6.66894e-05
-23.0859 6.75198e-05
-23.0552 6.83605e-05
-23.0246 6.92117e-05
-22.9939 7.00733e-05
-22.9632 7.09457e-05
-22.9326 7.18289e-05
-22.9019 7.27229e-05
-22.8713 7.36281e-05
-22.8406 7.45445e-05
-22.81 7.54722e-05
-22.7793 7.64114e-05
-22.7487 7.73622e-05
-22.718 7.83248e-05
-22.6873 7.92993e-05
-22.6567 8.02859e-05
-22.626 8.12846e-05
-22.5954 8.22958e-05
-22.5647 8.33194e-05
-22.5341 8.43557e-05
-22.5034 8.54048e-05
-22.4727 8.64669e-05
-22.4421 8.75421e-05
-22.4114 8.86307e-05
-22.3808 8.97327e-05
-22.3501 9.08483e-05
-22.3195 9.19777e-05
-22.2888 9.31211e-05
-22.2582 9.42786e-05
-22.2275 9.54504e-05
-22.1968 9.66367e-05
-22.1662 9.78376e-05
-22.1355 9.90534e-05
-22.1049 0.000100284
-22.0742 0.00010153
-22.0436 0.000102792
-22.0129 0.000104069
-21.9823 0.000105361
-21.9516 0.00010667
-21.9209 0.000107995
-21.8903 0.000109336
-21.8596 0.000110694
-21.829 0.000112069
-21.7983 0.00011346
-21.7677 0.000114869
-21.737 0.000116295
-21.7064 0.000117739
-21.6757 0.000119201
-21.645 0.00012068
-21.6144 0.000122178
-21.5837 0.000123694
-21.5531 0.000125229
-21.5224 0.000126783
-21.4918 0.000128356
-21.4611 0.000129949
-21.4305 0.000131561
-21.3998 0.000133193
-21.3691 0.000134845
-21.3385 0.000136518
-21.3078 0.000138211
-21.2772 0.000139925
-21.2465 0.00014166
-21.2159 0.000143417
-21.1852 0.000145195
-21.1545 0.000146995
-21.1239 0.000148817
-21.0932 0.000150662
-21.0626 0.000152529
-21.0319 0.00015442
-21.0013 0.000156334
-20.9706 0.000158271
-20.94 0.000160232
-20.9093 0.000162217
-20.8786 0.000164227
-20.848 0.000166261
-20.8173 0.000168321
-20.7867 0.000170406
-20.756 0.000172516
-20.7254 0.000174653
-20.6947 0.000176816
-20.6641 0.000179005
-20.6334 0.000181221
-20.6027 0.000183465
-20.5721 0.000185736
-20.5414 0.000188035
-20.5108 0.000190362
-20.4801 0.000192718
-20.4495 0.000195103
-20.4188 0.000197517
-20.3882 0.000199961
-20.3575 0.000202435
-20.3268 0.00020494
-20.2962 0.000207475
-20.2655 0.000210041
-20.2349 0.000212639
-20.2042 0.000215268
-20.1736 0.00021793
-20.1429 0.000220625
-20.1123 0.000223353
-20.0816 0.000226114
-20.0509 0.000228909
-20.0203 0.000231739
-19.9896 0.000234603
-19.959 0.000237502
-19.9283 0.000240437
-19.8977 0.000243408
-19.867 0.000246415
-19.8363 0.000249459
-19.8057 0.000252541
-19.775 0.00025566
-19.7444 0.000258818
-19.7137 0.000262014
-19.6831 0.00026525
-19.6524 0.000268525
-19.6218 0.00027184
-19.5911 0.000275196
-19.5604 0.000278593
-19.5298 0.000282032
-19.4991 0.000285513
-19.4685 0.000289036
-19.4378 0.000292603
-19.4072 0.000296213
-19.3765 0.000299868
-19.3459 0.000303567
-19.3152 0.000307312
-19.2845 0.000311102
-19.2539 0.000314939
-19.2232 0.000318823
-19.1926 0.000322754
-19.1619 0.000326733
-19.1313 0.000330761
-19.1006 0.000334838
-19.07 0.000338966
-19.0393 0.000343143
-19.0086 0.000347372
-18.978 0.000351652
-18.9473 0.000355985
-18.9167 0.000360371
-18.886 0.00036481
-18.8554 0.000369304
-18.8247 0.000373852
-18.794 0.000378456
-18.7634 0.000383116
-18.7327 0.000387833
-18.7021 0.000392608
-18.6714 0.000397441
-18.6408 0.000402333
-18.6101 0.000407285
-18.5795 0.000412297
-18.5488 0.000417371
-18.5181 0.000422506
-18.4875 0.000427704
-18.4568 0.000432965
-18.4262 0.000438291
-18.3955 0.000443681
-18.3649 0.000449138
-18.3342 0.00045466
-18.3036 0.00046025
-18.2729 0.000465909
-18.2422 0.000471636
-18.2116 0.000477433
-18.1809 0.0004833
-18.1503 0.000489239
-18.1196 0.000495251
-18.089 0.000501335
-18.0583 0.000507494
-18.0277 0.000513728
-17.997 0.000520037
-17.9663 0.000526424
-17.9357 0.000532888
-17.905 0.000539431
-17.8744 0.000546053
-17.8437 0.000552756
-17.8131 0.00055954
-17.7824 0.000566407
-17.7518 0.000573358
-17.7211 0.000580393
-17.6904 0.000587513
-17.6598 0.00059472
-17.6291 0.000602015
-17.5985 0.000609398
-17.5678 0.000616871
-17.5372 0.000624435
-17.5065 0.00063209
-17.4758 0.000639839
-17.4452 0.000647682
-17.4145 0.000655619
-17.3839 0.000663654
-17.3532 0.000671785
-17.3226 0.000680016
-17.2919 0.000688346
-17.2613 0.000696777
-17.2306 0.000705311
-17.1999 0.000713948
-17.1693 0.000722689
-17.1386 0.000731537
-17.108 0.000740492
-17.0773 0.000749555
-17.0467 0.000758728
-17.016 0.000768013
-16.9854 0.00077741
-16.9547 0.00078692
-16.924 0.000796546
-16.8934 0.000806288
-16.8627 0.000816149
-16.8321 0.000826128
-16.8014 0.000836228
-16.7708 0.000846451
-16.7401 0.000856797
-16.7095 0.000867268
-16.6788 0.000877866
-16.6481 0.000888592
-16.6175 0.000899448
-16.5868 0.000910435
-16.5562 0.000921555
-16.5255 0.000932809
-16.4949 0.000944199
-16.4642 0.000955726
-16.4336 0.000967393
-16.4029 0.0009792
-16.3722 0.000991151
-16.3416 0.00100324
-16.3109 0.00101549
-16.2803 0.00102787
-16.2496 0.00104041
-16.219 0.0010531
-16.1883 0.00106594
-16.1576 0.00107894
-16.127 0.00109209
-16.0963 0.0011054
-16.0657 0.00111887
-16.035 0.00113251
-16.0044 0.00114631
-15.9737 0.00116027
-15.9431 0.0011744
-15.9124 0.00118871
-15.8817 0.00120318
-15.8511 0.00121783
-15.8204 0.00123266
-15.7898 0.00124766
-15.7591 0.00126284
-15.7285 0.00127821
-15.6978 0.00129376
-15.6672 0.0013095
-15.6365 0.00132543
-15.6058 0.00134155
-15.5752 0.00135786
-15.5445 0.00137437
-15.5139 0.00139107
-15.4832 0.00140798
-15.4526 0.00142509
-15.4219 0.0014424
-15.3913 0.00145993
-15.3606 0.00147766
-15.3299 0.00149561
-15.2993 0.00151377
-15.2686 0.00153215
-15.238 0.00155074
-15.2073 0.00156957
-15.1767 0.00158861
-15.146 0.00160789
-15.1153 0.00162739
-15.0847 0.00164713
-15.054 0.00166711
-15.0234 0.00168732
-14.9927 0.00170778
-14.9621 0.00172848
-14.9314 0.00174943
-14.9008 0.00177063
-14.8701 0.00179208
-14.8394 0.00181379
-14.8088 0.00183576
-14.7781 0.00185799
-14.7475 0.00188048
-14.7168 0.00190325
-14.6862 0.00192628
-14.6555 0.0019496
-14.6249 0.00197318
-14.5942 0.00199705
-14.5635 0.00202121
-14.5329 0.00204565
-14.5022 0.00207039
-14.4716 0.00209542
-14.4409 0.00212074
-14.4103 0.00214637
-14.3796 0.00217231
-14.349 0.00219855
-14.3183 0.0022251
-14.2876 0.00225197
-14.257 0.00227916
-14.2263 0.00230668
-14.1957 0.00233452
-14.165 0.00236269
-14.1344 0.0023912
-14.1037 0.00242004
-14.0731 0.00244923
-14.0424 0.00247876
-14.0117 0.00250865
-13.9811 0.00253889
-13.9504 0.00256948
-13.9198 0.00260044
-13.8891 0.00263177
-13.8585 0.00266347
-13.8278 0.00269555
-13.7971 0.002728
-13.7665 0.00276084
-13.7358 0.00279407
-13.7052 0.00282769
-13.6745 0.00286171
-13.6439 0.00289613
-13.6132 0.00293096
-13.5826 0.0029662
-13.5519 0.00300185
-13.5212 0.00303793
-13.4906 0.00307444
-13.4599 0.00311137
-13.4293 0.00314874
-13.3986 0.00318656
-13.368 0.00322481
-13.3373 0.00326352
-13.3067 0.00330269
-13.276 0.00334232
-13.2453 0.00338241
-13.2147 0.00342298
-13.184 0.00346403
-13.1534 0.00350555
-13.1227 0.00354757
-13.0921 0.00359008
-13.0614 0.00363309
-13.0308 0.00367661
-13.0001 0.00372064
-12.9694 0.00376519
-12.9388 0.00381026
-12.9081 0.00385585
-12.8775 0.00390199
-12.8468 0.00394866
-12.8162 0.00399589
-12.7855 0.00404366
-12.7549 0.004092
-12.7242 0.0041409
-12.6935 0.00419038
-12.6629 0.00424043
-12.6322 0.00429108
-12.6016 0.00434231
-12.5709 0.00439414
-12.5403 0.00444658
-12.5096 0.00449964
-12.4789 0.00455331
-12.4483 0.00460761
-12.4176 0.00466254
-12.387 0.00471812
-12.3563 0.00477434
-12.3257 0.00483122
-12.295 0.00488876
-12.2644 0.00494698
-12.2337 0.00500587
-12.203 0.00506544
-12.1724 0.00512572
-12.1417 0.00518669
-12.1111 0.00524837
-12.0804 0.00531077
-12.0498 0.00537389
-12.0191 0.00543775
-11.9885 0.00550235
-11.9578 0.0055677
-11.9271 0.00563381
-11.8965 0.00570068
-11.8658 0.00576834
-11.8352 0.00583677
-11.8045 0.005906
-11.7739 0.00597603
-11.7432 0.00604687
-11.7126 0.00611853
-11.6819 0.00619102
-11.6512 0.00626434
-11.6206 0.00633852
-11.5899 0.00641355
-11.5593 0.00648945
-11.5286 0.00656622
-11.498 0.00664388
-11.4673 0.00672244
-11.4366 0.0068019
-11.406 0.00688227
-11.3753 0.00696357
-11.3447 0.00704581
-11.314 0.00712899
-11.2834 0.00721313
-11.2527 0.00729824
-11.2221 0.00738432
-11.1914 0.0074714
-11.1607 0.00755947
-11.1301 0.00764855
-11.0994 0.00773866
-11.0688 0.00782979
-11.0381 0.00792197
-11.0075 0.00801521
-10.9768 0.00810951
-10.9462 0.00820489
-10.9155 0.00830136
-10.8848 0.00839894
-10.8542 0.00849763
-10.8235 0.00859744
-10.7929 0.00869839
-10.7622 0.0088005
-10.7316 0.00890376
-10.7009 0.00900821
-10.6703 0.00911384
-10.6396 0.00922067
-10.6089 0.00932872
-10.5783 0.009438
-10.5476 0.00954852
-10.517 0.00966029
-10.4863 0.00977333
-10.4557 0.00988765
-10.425 0.0100033
-10.3944 0.0101202
-10.3637 0.0102384
-10.333 0.010358
-10.3024 0.010479
-10.2717 0.0106013
-10.2411 0.010725
-10.2104 0.01085
-10.1798 0.0109765
-10.1491 0.0111044
-10.1184 0.0112338
-10.0878 0.0113646
-10.0571 0.0114969
-10.0265 0.0116307
-9.99583 0.0117659
-9.96517 0.0119027
-9.93451 0.0120411
-9.90386 0.0121809
-9.8732 0.0123224
-9.84255 0.0124654
-9.81189 0.01261
-9.78123 0.0127563
-9.75058 0.0129041
-9.71992 0.0130537
-9.68927 0.0132049
-9.65861 0.0133578
-9.62796 0.0135123
-9.5973 0.0136686
-9.56664 0.0138267
-9.53599 0.0139865
-9.50533 0.0141481
-9.47468 0.0143114
-9.44402 0.0144766
-9.41336 0.0146436
-9.38271 0.0148125
-9.35205 0.0149832
-9.3214 0.0151558
-9.29074 0.0153303
-9.26009 0.0155068
-9.22943 0.0156851
-9.19877 0.0158655
-9.16812 0.0160478
-9.13746 0.0162322
-9.10681 0.0164185
-9.07615 0.016607
-9.04549 0.0167974
-9.01484 0.01699
-8.98418 0.0171847
-8.95353 0.0173815
-8.92287 0.0175805
-8.89222 0.0177816
-8.86156 0.0179849
-8.8309 0.0181905
-8.80025 0.0183982
-8.76959 0.0186083
-8.73894 0.0188206
-8.70828 0.0190352
-8.67762 0.0192522
-8.64697 0.0194715
-8.61631 0.0196932
-8.58566 0.0199173
-8.555 0.0201438
-8.52435 0.0203727
-8.49369 0.0206041
-8.46303 0.020838
-8.43238 0.0210744
-8.40172 0.0213134
-8.37107 0.0215549
-8.34041 0.021799
-8.30975 0.0220458
-8.2791 0.0222951
-8.24844 0.0225472
-8.21779 0.0228019
-8.18713 0.0230593
-8.15648 0.0233195
-8.12582 0.0235824
-8.09516 0.0238482
-8.06451 0.0241167
-8.03385 0.0243881
-8.0032 0.0246624
-7.97254 0.0249396
-7.94188 0.0252197
-7.91123 0.0255027
-7.88057 0.0257887
-7.84992 0.0260778
-7.81926 0.0263698
-7.78861 0.026665
-7.75795 0.0269632
-7.72729 0.0272645
-7.69664 0.027569
-7.66598 0.0278767
-7.63533 0.0281875
-7.60467 0.0285016
-7.57401 0.028819
-7.54336 0.0291396
-7.5127 0.0294636
-7.48205 0.0297909
-7.45139 0.0301216
-7.42074 0.0304557
-7.39008 0.0307932
-7.35942 0.0311342
-7.32877 0.0314787
-7.29811 0.0318267
-7.26746 0.0321782
-7.2368 0.0325334
-7.20614 0.0328922
-7.17549 0.0332546
-7.14483 0.0336206
-7.11418 0.0339904
-7.08352 0.034364
-7.05287 0.0347412
-7.02221 0.0351223
-6.99155 0.0355073
-6.9609 0.035896
-6.93024 0.0362887
-6.89959 0.0366853
-6.86893 0.0370858
-6.83827 0.0374904
-6.80762 0.0378989
-6.77696 0.0383115
-6.74631 0.0387282
-6.71565 0.039149
-6.685 0.0395739
-6.65434 0.040003
-6.62368 0.0404363
-6.59303 0.0408738
-6.56237 0.0413156
-6.53172 0.0417617
-6.50106 0.0422121
-6.4704 0.0426669
-6.43975 0.043126
-6.40909 0.0435896
-6.37844 0.0440577
-6.34778 0.0445302
-6.31713 0.0450073
-6.28647 0.0454888
-6.25581 0.045975
-6.22516 0.0464658
-6.1945 0.0469612
-6.16385 0.0474612
-6.13319 0.047966
-6.10253 0.0484755
-6.07188 0.0489897
-6.04122 0.0495088
-6.01057 0.0500326
-5.97991 0.0505613
-5.94926 0.0510949
-5.9186 0.0516333
-5.88794 0.0521767
-5.85729 0.0527251
-5.82663 0.0532784
-5.79598 0.0538367
-5.76532 0.0544001
-5.73466 0.0549686
-5.70401 0.0555421
-5.67335 0.0561207
-5.6427 0.0567045
-5.61204 0.0572934
-5.58139 0.0578876
-5.55073 0.0584869
-5.52007 0.0590915
-5.48942 0.0597013
-5.45876 0.0603165
-5.42811 0.0609369
-5.39745 0.0615626
-5.36679 0.0621937
-5.33614 0.0628301
-5.30548 0.0634719
-5.27483 0.0641191
-5.24417 0.0647718
-5.21352 0.0654298
-5.18286 0.0660933
-5.1522 0.0667623
-5.12155 0.0674367
-5.09089 0.0681166
-5.06024 0.068802
-5.02958 0.0694929
-4.99892 0.0701893
-4.96827 0.0708913
-4.93761 0.0715987
-4.90696 0.0723117
-4.8763 0.0730303
-4.84565 0.0737543
-4.81499 0.074484
-4.78433 0.0752191
-4.75368 0.0759598
-4.72302 0.0767061
-4.69237 0.0774579
-4.66171 0.0782152
-4.63105 0.078978
-4.6004 0.0797464
-4.56974 0.0805202
-4.53909 0.0812995
-4.50843 0.0820843
-4.47778 0.0828746
-4.44712 0.0836702
-4.41646 0.0844713
-4.38581 0.0852778
-4.35515 0.0860897
-4.3245 0.0869069
-4.29384 0.0877293
-4.26318 0.0885571
-4.23253 0.0893901
-4.20187 0.0902283
-4.17122 0.0910716
-4.14056 0.0919201
-4.10991 0.0927736
-4.07925 0.0936321
-4.04859 0.0944956
-4.01794 0.095364
-3.98728 0.0962372
-3.95663 0.0971152
-3.92597 0.0979979
-3.89531 0.0988853
-3.86466 0.0997772
-3.834 0.100674
-3.80335 0.101574
-3.77269 0.10248
-3.74204 0.103389
-3.71138 0.104302
-3.68072 0.10522
-3.65007 0.106141
-3.61941 0.107066
-3.58876 0.107995
-3.5581 0.108928
-3.52744 0.109864
-3.49679 0.110803
-3.46613 0.111745
-3.43548 0.112691
-3.40482 0.113639
-3.37417 0.11459
-3.34351 0.115544
-3.31285 0.1165
-3.2822 0.117458
-3.25154 0.118418
-3.22089 0.11938
-3.19023 0.120344
-3.15957 0.121309
-3.12892 0.122275
-3.09826 0.123243
-3.06761 0.124211
-3.03695 0.12518
-3.0063 0.126149
-2.97564 0.127118
-2.94498 0.128086
-2.91433 0.129055
-2.88367 0.130022
-2.85302 0.130988
-2.82236 0.131953
-2.7917 0.132916
-2.76105 0.133878
-2.73039 0.134836
-2.69974 0.135792
-2.66908 0.136745
-2.63843 0.137695
-2.60777 0.13864
-2.57711 0.139581
-2.54646 0.140518
-2.5158 0.141449
-2.48515 0.142375
-2.45449 0.143294
-2.42383 0.144208
-2.39318 0.145114
-2.36252 0.146012
-2.33187 0.146903
-2.30121 0.147785
-2.27056 0.148658
-2.2399 0.149521
-2.20924 0.150374
-2.17859 0.151216
-2.14793 0.152046
-2.11728 0.152865
-2.08662 0.15367
-2.05596 0.154462
-2.02531 0.155239
-1.99465 0.156002
-1.964 0.156749
-1.93334 0.15748
-1.90269 0.158193
-1.87203 0.158888
-1.84137 0.159565
-1.81072 0.160221
-1.78006 0.160857
-1.74941 0.161472
-1.71875 0.162064
-1.68809 0.162633
-1.65744 0.163178
-1.62678 0.163697
-1.59613 0.164191
-1.56547 0.164657
-1.53482 0.165094
-1.50416 0.165503
-1.4735 0.165881
-1.44285 0.166227
-1.41219 0.166541
-1.38154 0.166821
-1.35088 0.167067
-1.32022 0.167276
-1.28957 0.167449
-1.25891 0.167583
-1.22826 0.167678
-1.1976 0.167732
-1.16695 0.167744
-1.13629 0.167714
-1.10563 0.167639
-1.07498 0.167519
-1.04432 0.167353
-1.01367 0.167139
-0.98301 0.166876
-0.952355 0.166564
-0.921699 0.166201
-0.891043 0.165787
-0.860387 0.165319
-0.829731 0.164798
-0.799075 0.164222
-0.76842 0.163592
-0.737764 0.162905
-0.707108 0.162161
-0.676452 0.16136
-0.645796 0.160501
-0.61514 0.159584
-0.584485 0.158609
-0.553829 0.157574
-0.523173 0.156481
-0.492517 0.15533
-0.461861 0.15412
-0.431205 0.152852
-0.40055 0.151526
-0.369894 0.150143
-0.339238 0.148704
-0.308582 0.14721
-0.277926 0.145661
-0.24727 0.144059
-0.216615 0.142406
-0.185959 0.140702
-0.155303 0.13895
-0.124647 0.137152
-0.0939913 0.135309
-0.0633354 0.133424
-0.0326796 0.131499
-0.00202377 0.129535
0.0286321 0.127537
0.0592879 0.125506
0.0899437 0.123445
0.1206 0.121357
0.151255 0.119244
0.181911 0.117109
0.212567 0.114956
0.243223 0.112787
0.273879 0.110605
0.304535 0.108414
0.33519 0.106214
0.365846 0.104011
0.396502 0.101806
0.427158 0.0996024
0.457814 0.0974025
0.48847 0.095209
0.519125 0.0930244
0.549781 0.0908511
0.580437 0.0886913
0.611093 0.0865473
0.641749 0.0844211
0.672405 0.0823147
0.70306 0.0802299
0.733716 0.0781684
0.764372 0.0761318
0.795028 0.0741215
0.825684 0.072139
0.85634 0.0701854
0.886995 0.0682619
0.917651 0.0663694
0.948307 0.0645089
0.978963 0.0626811
1.00962 0.0608868
1.04027 0.0591264
1.07093 0.0574004
1.10159 0.0557093
1.13224 0.0540534
1.1629 0.0524329
1.19355 0.0508478
1.22421 0.0492984
1.25487 0.0477845
1.28552 0.0463062
1.31618 0.0448633
1.34683 0.0434556
1.37749 0.0420829
1.40814 0.040745
1.4388 0.0394414
1.46946 0.0381719
1.50011 0.036936
1.53077 0.0357334
1.56142 0.0345635
1.59208 0.0334259
1.62274 0.0323202
1.65339 0.0312456
1.68405 0.0302018
1.7147 0.0291881
1.74536 0.028204
1.77601 0.027249
1.80667 0.0263223
1.83733 0.0254235
1.86798 0.0245519
1.89864 0.0237069
1.92929 0.0228879
1.95995 0.0220943
1.99061 0.0213255
2.02126 0.0205809
2.05192 0.0198598
2.08257 0.0191618
2.11323 0.0184862
2.14388 0.0178324
2.17454 0.0171998
2.2052 0.0165879
2.23585 0.0159961
2.26651 0.0154238
2.29716 0.0148705
2.32782 0.0143356
2.35848 0.0138187
2.38913 0.0133192
2.41979 0.0128366
2.45044 0.0123703
2.4811 0.01192
2.51175 0.0114851
2.54241 0.0110651
2.57307 0.0106597
2.60372 0.0102682
2.63438 0.00989043
2.66503 0.00952579
2.69569 0.00917392
2.72635 0.0088344
2.757 0.00850684
2.78766 0.00819086
2.81831 0.00788608
2.84897 0.00759213
2.87962 0.00730867
2.91028 0.00703533
2.94094 0.0067718
2.97159 0.00651773
3.00225 0.00627282
3.0329 0.00603676
3.06356 0.00580925
3.09422 0.00558999
3.12487 0.00537871
3.15553 0.00517513
3.18618 0.004979
3.21684 0.00479004
3.24749 0.00460802
3.27815 0.00443269
3.30881 0.00426382
3.33946 0.00410119
3.37012 0.00394457
3.40077 0.00379375
3.43143 0.00364854
3.46209 0.00350872
3.49274 0.00337411
3.5234 0.00324453
3.55405 0.00311978
3.58471 0.00299971
3.61536 0.00288414
3.64602 0.00277291
3.67668 0.00266586
3.70733 0.00256285
3.73799 0.00246372
3.76864 0.00236834
3.7993 0.00227656
3.82996 0.00218826
3.86061 0.00210331
3.89127 0.00202158
3.92192 0.00194297
3.95258 0.00186734
3.98323 0.0017946
4.01389 0.00172464
4.04455 0.00165734
4.0752 0.00159263
4.10586 0.00153039
4.13651 0.00147054
4.16717 0.00141298
4.19783 0.00135764
4.22848 0.00130443
4.25914 0.00125326
4.28979 0.00120407
4.32045 0.00115677
4.3511 0.0011113
4.38176 0.00106759
4.41242 0.00102557
4.44307 0.000985182
4.47373 0.000946356
4.50438 0.000909036
4.53504 0.000873166
4.5657 0.00083869
4.59635 0.000805555
4.62701 0.00077371
4.65766 0.000743106
4.68832 0.000713696
4.71897 0.000685433
4.74963 0.000658274
4.78029 0.000632177
4.81094 0.000607101
4.8416 0.000583006
4.87225 0.000559856
4.90291 0.000537613
4.93357 0.000516242
4.96422 0.000495711
4.99488 0.000475986
5.02553 0.000457037
5.05619 0.000438833
5.08684 0.000421346
5.1175 0.000404548
5.14816 0.000388411
5.17881 0.000372912
5.20947 0.000358023
5.24012 0.000343723
5.27078 0.000329988
5.30144 0.000316796
5.33209 0.000304126
5.36275 0.000291957
5.3934 0.00028027
5.42406 0.000269047
5.45471 0.000258268
5.48537 0.000247917
5.51603 0.000237977
5.54668 0.000228431
5.57734 0.000219265
5.60799 0.000210463
5.63865 0.000202011
5.66931 0.000193896
5.69996 0.000186104
5.73062 0.000178622
5.76127 0.000171438
5.79193 0.000164541
5.82258 0.000157918
5.85324 0.000151561
