-4.37387 0.000101949
-4.35529 0.000105821
-4.3367 0.000109841
-4.31811 0.000114014
-4.29953 0.000118344
-4.28094 0.000122839
-4.26235 0.000127504
-4.24377 0.000132346
-4.22518 0.000137372
-4.2066 0.000142588
-4.18801 0.000148002
-4.16942 0.000153621
-4.15084 0.000159453
-4.13225 0.000165506
-4.11366 0.000171788
-4.09508 0.000178308
-4.07649 0.000185075
-4.05791 0.000192098
-4.03932 0.000199388
-4.02073 0.000206953
-4.00215 0.000214805
-3.98356 0.000222953
-3.96497 0.00023141
-3.94639 0.000240187
-3.9278 0.000249296
-3.90921 0.00025875
-3.89063 0.000268561
-3.87204 0.000278743
-3.85346 0.00028931
-3.83487 0.000300276
-3.81628 0.000311656
-3.7977 0.000323467
-3.77911 0.000335724
-3.76052 0.000348443
-3.74194 0.000361643
-3.72335 0.00037534
-3.70477 0.000389555
-3.68618 0.000404306
-3.66759 0.000419614
-3.64901 0.000435499
-3.63042 0.000451983
-3.61183 0.000469088
-3.59325 0.000486837
-3.57466 0.000505256
-3.55608 0.000524368
-3.53749 0.000544199
-3.5189 0.000564778
-3.50032 0.00058613
-3.48173 0.000608286
-3.46314 0.000631275
-3.44456 0.000655129
-3.42597 0.000679879
-3.40738 0.000705559
-3.3888 0.000732203
-3.37021 0.000759848
-3.35163 0.000788531
-3.33304 0.000818289
-3.31445 0.000849164
-3.29587 0.000881197
-3.27728 0.00091443
-3.25869 0.000948908
-3.24011 0.000984677
-3.22152 0.00102179
-3.20294 0.00106028
-3.18435 0.00110022
-3.16576 0.00114165
-3.14718 0.00118463
-3.12859 0.00122921
-3.11 0.00127545
-3.09142 0.00132343
-3.07283 0.00137319
-3.05425 0.00142481
-3.03566 0.00147834
-3.01707 0.00153388
-2.99849 0.00159148
-2.9799 0.00165122
-2.96131 0.00171318
-2.94273 0.00177745
-2.92414 0.00184409
-2.90555 0.00191322
-2.88697 0.0019849
-2.86838 0.00205925
-2.8498 0.00213634
-2.83121 0.00221629
-2.81262 0.00229919
-2.79404 0.00238516
-2.77545 0.0024743
-2.75686 0.00256673
-2.73828 0.00266256
-2.71969 0.00276193
-2.70111 0.00286495
-2.68252 0.00297176
-2.66393 0.0030825
-2.64535 0.0031973
-2.62676 0.00331631
-2.60817 0.00343968
-2.58959 0.00356756
-2.571 0.00370012
-2.55242 0.00383753
-2.53383 0.00397995
-2.51524 0.00412755
-2.49666 0.00428054
-2.47807 0.00443908
-2.45948 0.00460339
-2.4409 0.00477365
-2.42231 0.00495009
-2.40372 0.00513291
-2.38514 0.00532234
-2.36655 0.00551861
-2.34797 0.00572195
-2.32938 0.00593261
-2.31079 0.00615084
-2.29221 0.00637691
-2.27362 0.00661107
-2.25503 0.00685362
-2.23645 0.00710482
-2.21786 0.00736499
-2.19928 0.00763441
-2.18069 0.00791341
-2.1621 0.00820231
-2.14352 0.00850144
-2.12493 0.00881114
-2.10634 0.00913176
-2.08776 0.00946366
-2.06917 0.00980722
-2.05059 0.0101628
-2.032 0.0105309
-2.01341 0.0109118
-1.99483 0.0113059
-1.97624 0.0117137
-1.95765 0.0121357
-1.93907 0.0125722
-1.92048 0.0130238
-1.90189 0.0134909
-1.88331 0.013974
-1.86472 0.0144736
-1.84614 0.0149902
-1.82755 0.0155244
-1.80896 0.0160767
-1.79038 0.0166476
-1.77179 0.0172377
-1.7532 0.0178476
-1.73462 0.0184778
-1.71603 0.019129
-1.69745 0.0198018
-1.67886 0.0204969
-1.66027 0.0212148
-1.64169 0.0219562
-1.6231 0.0227217
-1.60451 0.0235121
-1.58593 0.0243281
-1.56734 0.0251703
-1.54876 0.0260394
-1.53017 0.0269362
-1.51158 0.0278614
-1.493 0.0288157
-1.47441 0.0298
-1.45582 0.0308148
-1.43724 0.0318611
-1.41865 0.0329395
-1.40006 0.0340509
-1.38148 0.035196
-1.36289 0.0363757
-1.34431 0.0375906
-1.32572 0.0388416
-1.30713 0.0401295
-1.28855 0.041455
-1.26996 0.0428189
-1.25137 0.0442221
-1.23279 0.0456652
-1.2142 0.047149
-1.19562 0.0486743
-1.17703 0.0502418
-1.15844 0.0518523
-1.13986 0.0535063
-1.12127 0.0552046
-1.10268 0.0569479
-1.0841 0.0587368
-1.06551 0.0605718
-1.04693 0.0624536
-1.02834 0.0643826
-1.00975 0.0663594
-0.991166 0.0683844
-0.97258 0.070458
-0.953994 0.0725806
-0.935408 0.0747525
-0.916821 0.0769739
-0.898235 0.079245
-0.879649 0.0815659
-0.861062 0.0839367
-0.842476 0.0863573
-0.82389 0.0888277
-0.805303 0.0913477
-0.786717 0.093917
-0.768131 0.0965353
-0.749545 0.099202
-0.730958 0.101917
-0.712372 0.104679
-0.693786 0.107488
-0.675199 0.110342
-0.656613 0.113241
-0.638027 0.116184
-0.61944 0.11917
-0.600854 0.122196
-0.582268 0.125263
-0.563682 0.128367
-0.545095 0.131509
-0.526509 0.134685
-0.507923 0.137893
-0.489336 0.141133
-0.47075 0.144402
-0.452164 0.147696
-0.433578 0.151015
-0.414991 0.154355
-0.396405 0.157714
-0.377819 0.161089
-0.359232 0.164478
-0.340646 0.167877
-0.32206 0.171283
-0.303473 0.174693
-0.284887 0.178104
-0.266301 0.181512
-0.247715 0.184915
-0.229128 0.188309
-0.210542 0.19169
-0.191956 0.195056
-0.173369 0.198401
-0.154783 0.201724
-0.136197 0.20502
-0.11761 0.208285
-0.0990242 0.211517
-0.0804379 0.214711
-0.0618516 0.217865
-0.0432653 0.220975
-0.024679 0.224037
-0.00609271 0.227048
0.0124936 0.230005
0.0310799 0.232904
0.0496662 0.235744
0.0682525 0.23852
0.0868388 0.24123
0.105425 0.243872
0.124011 0.246442
0.142598 0.248939
0.161184 0.251359
0.17977 0.253701
0.198357 0.255964
0.216943 0.258144
0.235529 0.260241
0.254115 0.262252
0.272702 0.264177
0.291288 0.266015
0.309874 0.267764
0.328461 0.269423
0.347047 0.270993
0.365633 0.272472
0.38422 0.27386
0.402806 0.275156
0.421392 0.276362
0.439978 0.277476
0.458565 0.2785
0.477151 0.279433
0.495737 0.280276
0.514324 0.28103
0.53291 0.281695
0.551496 0.282273
0.570082 0.282764
0.588669 0.28317
0.607255 0.283491
0.625841 0.283729
0.644428 0.283885
0.663014 0.283962
0.6816 0.283959
0.700187 0.283879
0.718773 0.283723
0.737359 0.283494
0.755945 0.283192
0.774532 0.28282
0.793118 0.282379
0.811704 0.281872
0.830291 0.281299
0.848877 0.280663
0.867463 0.279966
0.88605 0.27921
0.904636 0.278396
0.923222 0.277526
0.941808 0.276603
0.960395 0.275628
0.978981 0.274602
0.997567 0.273529
1.01615 0.272409
1.03474 0.271245
1.05333 0.270038
1.07191 0.26879
1.0905 0.267503
1.10909 0.266179
1.12767 0.264818
1.14626 0.263424
1.16484 0.261997
1.18343 0.260539
1.20202 0.259051
1.2206 0.257536
1.23919 0.255995
1.25778 0.254429
1.27636 0.252839
1.29495 0.251227
1.31353 0.249595
1.33212 0.247943
1.35071 0.246273
1.36929 0.244587
1.38788 0.242884
1.40647 0.241168
1.42505 0.239438
1.44364 0.237696
1.46222 0.235943
1.48081 0.234179
1.4994 0.232407
1.51798 0.230626
1.53657 0.228839
1.55516 0.227045
1.57374 0.225246
1.59233 0.223442
1.61092 0.221635
1.6295 0.219824
1.64809 0.218012
1.66667 0.216198
1.68526 0.214383
1.70385 0.212568
1.72243 0.210754
1.74102 0.208941
1.75961 0.20713
1.77819 0.205321
1.79678 0.203516
1.81536 0.201713
1.83395 0.199915
1.85254 0.198121
1.87112 0.196332
1.88971 0.194548
1.9083 0.19277
1.92688 0.190998
1.94547 0.189233
1.96405 0.187475
1.98264 0.185724
2.00123 0.18398
2.01981 0.182244
2.0384 0.180517
2.05699 0.178798
2.07557 0.177088
2.09416 0.175386
2.11275 0.173694
2.13133 0.172012
2.14992 0.170339
2.1685 0.168676
2.18709 0.167023
2.20568 0.16538
2.22426 0.163747
2.24285 0.162125
2.26144 0.160514
2.28002 0.158914
2.29861 0.157324
2.31719 0.155746
2.33578 0.154178
2.35437 0.152622
2.37295 0.151077
2.39154 0.149544
2.41013 0.148022
2.42871 0.146512
2.4473 0.145013
2.46588 0.143526
2.48447 0.142051
2.50306 0.140587
2.52164 0.139135
2.54023 0.137695
2.55882 0.136267
2.5774 0.134851
2.59599 0.133446
2.61458 0.132053
2.63316 0.130673
2.65175 0.129303
2.67033 0.127946
2.68892 0.126601
2.70751 0.125267
2.72609 0.123946
2.74468 0.122636
2.76327 0.121337
2.78185 0.120051
2.80044 0.118776
2.81902 0.117513
2.83761 0.116261
2.8562 0.115021
2.87478 0.113792
2.89337 0.112575
2.91196 0.11137
2.93054 0.110175
2.94913 0.108992
2.96771 0.10782
2.9863 0.10666
3.00489 0.105511
3.02347 0.104372
3.04206 0.103245
3.06065 0.102129
3.07923 0.101023
3.09782 0.0999287
3.11641 0.0988449
3.13499 0.0977718
3.15358 0.0967093
3.17216 0.0956574
3.19075 0.094616
3.20934 0.093585
3.22792 0.0925644
3.24651 0.091554
3.2651 0.0905539
3.28368 0.0895638
3.30227 0.0885839
3.32085 0.0876139
3.33944 0.0866538
3.35803 0.0857035
3.37661 0.084763
3.3952 0.0838322
3.41379 0.082911
3.43237 0.0819992
3.45096 0.081097
3.46954 0.0802041
3.48813 0.0793205
3.50672 0.0784461
3.5253 0.0775808
3.54389 0.0767246
3.56248 0.0758774
3.58106 0.0750391
3.59965 0.0742096
3.61824 0.0733888
3.63682 0.0725767
3.65541 0.0717732
3.67399 0.0709783
3.69258 0.0701918
3.71117 0.0694136
3.72975 0.0686437
3.74834 0.067882
3.76693 0.0671285
3.78551 0.066383
3.8041 0.0656456
3.82268 0.064916
3.84127 0.0641942
3.85986 0.0634803
3.87844 0.062774
3.89703 0.0620753
3.91562 0.0613841
3.9342 0.0607005
3.95279 0.0600242
3.97137 0.0593553
3.98996 0.0586936
4.00855 0.0580391
4.02713 0.0573916
4.04572 0.0567513
4.06431 0.0561179
4.08289 0.0554914
4.10148 0.0548718
4.12007 0.0542589
4.13865 0.0536527
4.15724 0.0530531
4.17582 0.0524601
4.19441 0.0518736
4.213 0.0512935
4.23158 0.0507198
4.25017 0.0501524
4.26876 0.0495912
4.28734 0.0490362
4.30593 0.0484873
4.32451 0.0479445
4.3431 0.0474076
4.36169 0.0468766
4.38027 0.0463515
4.39886 0.0458322
4.41745 0.0453187
4.43603 0.0448108
4.45462 0.0443085
4.4732 0.0438118
4.49179 0.0433206
4.51038 0.0428349
4.52896 0.0423545
4.54755 0.0418795
4.56614 0.0414097
4.58472 0.0409451
4.60331 0.0404857
4.6219 0.0400314
4.64048 0.0395822
4.65907 0.0391379
4.67765 0.0386986
4.69624 0.0382642
4.71483 0.0378347
4.73341 0.0374099
4.752 0.0369898
4.77059 0.0365745
4.78917 0.0361637
4.80776 0.0357576
4.82634 0.035356
4.84493 0.0349588
4.86352 0.0345661
4.8821 0.0341778
4.90069 0.0337939
4.91928 0.0334142
4.93786 0.0330388
4.95645 0.0326675
4.97503 0.0323005
4.99362 0.0319375
5.01221 0.0315786
5.03079 0.0312237
5.04938 0.0308728
5.06797 0.0305259
5.08655 0.0301828
5.10514 0.0298436
5.12373 0.0295081
5.14231 0.0291765
5.1609 0.0288485
5.17948 0.0285243
5.19807 0.0282036
5.21666 0.0278866
5.23524 0.0275732
5.25383 0.0272632
5.27242 0.0269568
5.291 0.0266537
5.30959 0.0263541
5.32817 0.0260579
5.34676 0.025765
5.36535 0.0254753
5.38393 0.025189
5.40252 0.0249058
5.42111 0.0246259
5.43969 0.0243491
5.45828 0.0240754
5.47686 0.0238047
5.49545 0.0235372
5.51404 0.0232726
5.53262 0.023011
5.55121 0.0227524
5.5698 0.0224967
5.58838 0.0222438
5.60697 0.0219938
5.62556 0.0217466
5.64414 0.0215022
5.66273 0.0212606
5.68131 0.0210217
5.6999 0.0207854
5.71849 0.0205519
5.73707 0.0203209
5.75566 0.0200926
5.77425 0.0198668
5.79283 0.0196436
5.81142 0.0194229
5.83 0.0192047
5.84859 0.0189889
5.86718 0.0187756
5.88576 0.0185647
5.90435 0.0183562
5.92294 0.01815
5.94152 0.0179461
5.96011 0.0177445
5.97869 0.0175452
5.99728 0.0173482
6.01587 0.0171534
6.03445 0.0169608
6.05304 0.0167703
6.07163 0.016582
6.09021 0.0163958
6.1088 0.0162117
6.12739 0.0160297
6.14597 0.0158498
6.16456 0.0156718
6.18314 0.0154959
6.20173 0.015322
6.22032 0.01515
6.2389 0.01498
6.25749 0.0148119
6.27608 0.0146457
6.29466 0.0144813
6.31325 0.0143188
6.33183 0.0141582
6.35042 0.0139993
6.36901 0.0138423
6.38759 0.013687
6.40618 0.0135335
6.42477 0.0133817
6.44335 0.0132316
6.46194 0.0130832
6.48052 0.0129365
6.49911 0.0127914
6.5177 0.012648
6.53628 0.0125061
6.55487 0.0123659
6.57346 0.0122273
6.59204 0.0120902
6.61063 0.0119547
6.62922 0.0118207
6.6478 0.0116882
6.66639 0.0115572
6.68497 0.0114277
6.70356 0.0112997
6.72215 0.0111731
6.74073 0.0110479
6.75932 0.0109241
6.77791 0.0108017
6.79649 0.0106807
6.81508 0.0105611
6.83366 0.0104428
6.85225 0.0103259
6.87084 0.0102102
6.88942 0.0100959
6.90801 0.00998287
6.9266 0.0098711
6.94518 0.00976059
6.96377 0.00965133
6.98235 0.0095433
7.00094 0.00943648
7.01953 0.00933087
7.03811 0.00922645
7.0567 0.0091232
7.07529 0.00902112
7.09387 0.00892019
7.11246 0.00882039
7.13105 0.00872172
7.14963 0.00862416
7.16822 0.0085277
7.1868 0.00843232
7.20539 0.00833802
7.22398 0.00824478
7.24256 0.00815259
7.26115 0.00806143
7.27974 0.00797131
7.29832 0.0078822
7.31691 0.00779409
7.33549 0.00770697
7.35408 0.00762083
7.37267 0.00753567
7.39125 0.00745146
7.40984 0.00736819
7.42843 0.00728587
7.44701 0.00720447
7.4656 0.00712399
7.48418 0.00704441
7.50277 0.00696573
7.52136 0.00688793
7.53994 0.00681101
7.55853 0.00673495
7.57712 0.00665975
7.5957 0.00658539
7.61429 0.00651187
7.63288 0.00643918
7.65146 0.0063673
7.67005 0.00629623
7.68863 0.00622596
7.70722 0.00615648
7.72581 0.00608778
7.74439 0.00601985
7.76298 0.00595269
7.78157 0.00588628
7.80015 0.00582062
7.81874 0.00575569
7.83732 0.00569149
7.85591 0.00562802
7.8745 0.00556526
7.89308 0.0055032
7.91167 0.00544184
7.93026 0.00538117
7.94884 0.00532118
7.96743 0.00526186
7.98601 0.00520321
8.0046 0.00514522
8.02319 0.00508788
8.04177 0.00503118
8.06036 0.00497512
8.07895 0.00491968
8.09753 0.00486487
8.11612 0.00481068
8.13471 0.00475709
8.15329 0.00470411
8.17188 0.00465171
8.19046 0.00459991
8.20905 0.00454869
8.22764 0.00449804
8.24622 0.00444796
8.26481 0.00439844
8.2834 0.00434947
8.30198 0.00430106
8.32057 0.00425319
8.33915 0.00420585
8.35774 0.00415905
8.37633 0.00411277
8.39491 0.004067
8.4135 0.00402176
8.43209 0.00397701
8.45067 0.00393277
8.46926 0.00388903
8.48784 0.00384577
8.50643 0.003803
8.52502 0.00376071
8.5436 0.00371889
8.56219 0.00367754
8.58078 0.00363666
8.59936 0.00359623
8.61795 0.00355625
8.63654 0.00351673
8.65512 0.00347764
8.67371 0.00343899
8.69229 0.00340077
8.71088 0.00336299
8.72947 0.00332562
8.74805 0.00328867
8.76664 0.00325214
8.78523 0.00321601
8.80381 0.00318029
8.8224 0.00314497
8.84098 0.00311004
8.85957 0.00307551
8.87816 0.00304136
8.89674 0.00300759
8.91533 0.0029742
8.93392 0.00294118
8.9525 0.00290854
8.97109 0.00287625
8.98967 0.00284433
9.00826 0.00281276
9.02685 0.00278155
9.04543 0.00275069
9.06402 0.00272017
9.08261 0.00268999
9.10119 0.00266015
9.11978 0.00263064
9.13837 0.00260146
9.15695 0.00257261
9.17554 0.00254408
9.19412 0.00251587
9.21271 0.00248797
9.2313 0.00246039
9.24988 0.00243311
9.26847 0.00240614
9.28706 0.00237947
9.30564 0.00235309
9.32423 0.00232701
9.34281 0.00230122
9.3614 0.00227572
9.37999 0.00225051
9.39857 0.00222557
9.41716 0.00220092
9.43575 0.00217653
9.45433 0.00215242
9.47292 0.00212858
9.4915 0.00210501
9.51009 0.0020817
9.52868 0.00205864
9.54726 0.00203585
9.56585 0.00201331
9.58444 0.00199102
9.60302 0.00196898
9.62161 0.00194718
9.6402 0.00192563
9.65878 0.00190431
9.67737 0.00188324
9.69595 0.0018624
9.71454 0.00184179
9.73313 0.00182141
9.75171 0.00180126
9.7703 0.00178133
9.78889 0.00176163
9.80747 0.00174214
9.82606 0.00172287
9.84464 0.00170382
9.86323 0.00168497
9.88182 0.00166634
9.9004 0.00164792
9.91899 0.0016297
9.93758 0.00161168
9.95616 0.00159386
9.97475 0.00157624
9.99333 0.00155882
10.0119 0.00154159
10.0305 0.00152455
10.0491 0.00150771
10.0677 0.00149105
10.0863 0.00147457
10.1049 0.00145828
10.1234 0.00144217
10.142 0.00142624
10.1606 0.00141048
10.1792 0.0013949
10.1978 0.0013795
10.2164 0.00136426
10.235 0.0013492
10.2535 0.0013343
10.2721 0.00131957
10.2907 0.001305
10.3093 0.00129059
10.3279 0.00127635
10.3465 0.00126226
10.3651 0.00124833
10.3836 0.00123455
10.4022 0.00122092
10.4208 0.00120745
10.4394 0.00119413
10.458 0.00118095
10.4766 0.00116792
10.4952 0.00115504
10.5138 0.0011423
10.5323 0.0011297
10.5509 0.00111724
10.5695 0.00110491
10.5881 0.00109273
10.6067 0.00108068
10.6253 0.00106876
10.6439 0.00105698
10.6624 0.00104533
10.681 0.0010338
10.6996 0.00102241
10.7182 0.00101114
10.7368 0.000999992
10.7554 0.000988971
10.774 0.000978072
10.7925 0.000967294
10.8111 0.000956635
10.8297 0.000946095
10.8483 0.000935671
10.8669 0.000925363
10.8855 0.000915169
10.9041 0.000905088
10.9226 0.000895119
10.9412 0.000885261
10.9598 0.000875511
10.9784 0.00086587
10.997 0.000856335
11.0156 0.000846906
11.0342 0.000837582
11.0528 0.000828361
11.0713 0.000819242
11.0899 0.000810223
11.1085 0.000801305
11.1271 0.000792486
11.1457 0.000783764
11.1643 0.000775139
11.1829 0.000766609
11.2014 0.000758173
11.22 0.000749831
11.2386 0.000741582
11.2572 0.000733423
11.2758 0.000725355
11.2944 0.000717376
11.313 0.000709486
11.3315 0.000701682
11.3501 0.000693965
11.3687 0.000686334
11.3873 0.000678787
11.4059 0.000671323
11.4245 0.000663942
11.4431 0.000656642
11.4617 0.000649423
11.4802 0.000642284
11.4988 0.000635224
11.5174 0.000628242
11.536 0.000621338
11.5546 0.000614509
11.5732 0.000607756
11.5918 0.000601078
11.6103 0.000594473
11.6289 0.000587941
11.6475 0.000581482
11.6661 0.000575094
11.6847 0.000568776
11.7033 0.000562529
11.7219 0.00055635
11.7404 0.000550239
11.759 0.000544197
11.7776 0.00053822
11.7962 0.00053231
11.8148 0.000526465
11.8334 0.000520685
11.852 0.000514968
11.8706 0.000509315
11.8891 0.000503724
11.9077 0.000498194
11.9263 0.000492726
11.9449 0.000487318
11.9635 0.00048197
11.9821 0.00047668
12.0007 0.000471449
12.0192 0.000466276
12.0378 0.00046116
12.0564 0.0004561
12.075 0.000451097
12.0936 0.000446148
12.1122 0.000441254
12.1308 0.000436414
12.1493 0.000431627
12.1679 0.000426893
12.1865 0.000422211
12.2051 0.000417581
12.2237 0.000413002
12.2423 0.000408474
12.2609 0.000403995
12.2794 0.000399566
12.298 0.000395185
12.3166 0.000390853
12.3352 0.000386568
12.3538 0.000382331
12.3724 0.000378141
12.391 0.000373996
12.4096 0.000369898
12.4281 0.000365844
12.4467 0.000361835
12.4653 0.00035787
12.4839 0.000353949
12.5025 0.000350072
12.5211 0.000346236
12.5397 0.000342443
12.5582 0.000338692
12.5768 0.000334982
12.5954 0.000331313
12.614 0.000327685
12.6326 0.000324096
12.6512 0.000320547
12.6698 0.000317037
12.6883 0.000313565
12.7069 0.000310132
12.7255 0.000306737
12.7441 0.000303379
12.7627 0.000300057
12.7813 0.000296773
12.7999 0.000293524
12.8185 0.000290312
12.837 0.000287134
12.8556 0.000283992
12.8742 0.000280884
12.8928 0.00027781
12.9114 0.00027477
12.93 0.000271764
12.9486 0.00026879
12.9671 0.00026585
12.9857 0.000262941
13.0043 0.000260065
13.0229 0.00025722
13.0415 0.000254407
13.0601 0.000251624
13.0787 0.000248872
13.0972 0.00024615
13.1158 0.000243459
13.1344 0.000240796
13.153 0.000238163
13.1716 0.000235559
13.1902 0.000232984
13.2088 0.000230437
13.2274 0.000227918
13.2459 0.000225426
13.2645 0.000222962
13.2831 0.000220525
13.3017 0.000218115
13.3203 0.000215731
13.3389 0.000213373
13.3575 0.000211041
13.376 0.000208735
13.3946 0.000206455
13.4132 0.000204199
13.4318 0.000201968
13.4504 0.000199761
13.469 0.000197579
13.4876 0.000195421
13.5061 0.000193286
13.5247 0.000191175
13.5433 0.000189087
13.5619 0.000187022
13.5805 0.000184979
13.5991 0.000182959
13.6177 0.000180961
13.6362 0.000178985
13.6548 0.000177031
13.6734 0.000175098
13.692 0.000173186
13.7106 0.000171296
13.7292 0.000169426
13.7478 0.000167576
13.7664 0.000165747
13.7849 0.000163938
13.8035 0.000162149
13.8221 0.000160379
13.8407 0.000158629
13.8593 0.000156898
13.8779 0.000155186
13.8965 0.000153492
13.915 0.000151818
13.9336 0.000150161
13.9522 0.000148523
13.9708 0.000146903
13.9894 0.0001453
14.008 0.000143715
14.0266 0.000142148
14.0451 0.000140597
14.0637 0.000139064
14.0823 0.000137547
14.1009 0.000136047
14.1195 0.000134563
14.1381 0.000133096
14.1567 0.000131645
14.1753 0.00013021
14.1938 0.00012879
