0.00477397 0.00129597
0.091222 0.00196164
0.17767 0.00287666
0.264118 0.00408969
0.350566 0.00564257
0.437014 0.00756553
0.523462 0.00987353
0.60991 0.0125645
0.696358 0.0156195
0.782806 0.0190044
0.869254 0.0226733
0.955702 0.0265721
1.04215 0.0306425
1.1286 0.0348252
1.21505 0.0390629
1.30149 0.0433025
1.38794 0.0474965
1.47439 0.0516034
1.56084 0.0555888
1.64729 0.0594243
1.73373 0.0630879
1.82018 0.0665631
1.90663 0.0698384
1.99308 0.0729064
2.07953 0.0757635
2.16597 0.0784091
2.25242 0.0808452
2.33887 0.0830754
2.42532 0.0851053
2.51177 0.0869414
2.59821 0.0885911
2.68466 0.0900624
2.77111 0.0913639
2.85756 0.0925041
2.94401 0.0934917
3.03045 0.0943354
3.1169 0.0950437
3.20335 0.0956249
3.2898 0.096087
3.37625 0.0964378
3.46269 0.0966848
3.54914 0.0968351
3.63559 0.0968954
3.72204 0.0968722
3.80849 0.0967716
3.89493 0.0965993
3.98138 0.0963607
4.06783 0.096061
4.15428 0.0957049
4.24073 0.095297
4.32717 0.0948414
4.41362 0.0943422
4.50007 0.093803
4.58652 0.0932274
4.67297 0.0926185
4.75941 0.0919794
4.84586 0.0913129
4.93231 0.0906216
5.01876 0.0899081
5.10521 0.0891745
5.19165 0.088423
5.2781 0.0876556
5.36455 0.0868742
5.451 0.0860804
5.53745 0.0852759
5.62389 0.0844622
5.71034 0.0836406
5.79679 0.0828124
5.88324 0.0819788
5.96969 0.0811409
6.05613 0.0802997
6.14258 0.0794562
6.22903 0.0786112
6.31548 0.0777656
6.40193 0.0769201
6.48837 0.0760755
6.57482 0.0752322
6.66127 0.0743911
6.74772 0.0735525
6.83417 0.0727169
6.92061 0.071885
7.00706 0.071057
7.09351 0.0702333
7.17996 0.0694144
7.26641 0.0686005
7.35285 0.0677919
7.4393 0.0669889
7.52575 0.0661918
7.6122 0.0654008
7.69865 0.064616
7.78509 0.0638376
7.87154 0.0630659
7.95799 0.062301
8.04444 0.0615429
8.13089 0.0607918
8.21733 0.0600478
8.30378 0.059311
8.39023 0.0585814
8.47668 0.0578591
8.56313 0.0571442
8.64957 0.0564368
8.73602 0.0557367
8.82247 0.0550441
8.90892 0.054359
8.99537 0.0536814
9.08181 0.0530112
9.16826 0.0523486
9.25471 0.0516934
9.34116 0.0510456
9.42761 0.0504053
9.51405 0.0497724
9.6005 0.0491469
9.68695 0.0485287
9.7734 0.0479179
9.85985 0.0473143
9.94629 0.0467179
10.0327 0.0461287
10.1192 0.0455466
10.2056 0.0449717
10.2921 0.0444037
10.3785 0.0438427
10.465 0.0432886
10.5514 0.0427414
10.6379 0.042201
10.7243 0.0416673
10.8108 0.0411403
10.8972 0.0406198
10.9837 0.040106
11.0701 0.0395986
11.1566 0.0390976
11.243 0.038603
11.3295 0.0381147
11.4159 0.0376326
11.5024 0.0371566
11.5888 0.0366867
11.6753 0.0362228
11.7617 0.0357649
11.8482 0.0353129
11.9346 0.0348666
12.021 0.0344262
12.1075 0.0339914
12.1939 0.0335622
12.2804 0.0331386
12.3668 0.0327204
12.4533 0.0323077
12.5397 0.0319003
12.6262 0.0314982
12.7126 0.0311013
12.7991 0.0307096
12.8855 0.0303229
12.972 0.0299413
13.0584 0.0295647
13.1449 0.0291929
13.2313 0.028826
13.3178 0.0284639
13.4042 0.0281065
13.4907 0.0277538
13.5771 0.0274056
13.6636 0.027062
13.75 0.0267229
13.8365 0.0263882
13.9229 0.0260578
14.0094 0.0257318
14.0958 0.02541
14.1822 0.0250924
14.2687 0.024779
14.3551 0.0244696
14.4416 0.0241643
14.528 0.0238629
14.6145 0.0235655
14.7009 0.0232719
14.7874 0.0229822
14.8738 0.0226963
14.9603 0.022414
15.0467 0.0221355
15.1332 0.0218605
15.2196 0.0215892
15.3061 0.0213213
15.3925 0.021057
15.479 0.0207961
15.5654 0.0205386
15.6519 0.0202844
15.7383 0.0200335
15.8248 0.0197858
15.9112 0.0195414
15.9977 0.0193002
16.0841 0.019062
16.1706 0.018827
16.257 0.018595
16.3434 0.018366
16.4299 0.0181399
16.5163 0.0179168
16.6028 0.0176965
16.6892 0.0174791
16.7757 0.0172645
16.8621 0.0170527
16.9486 0.0168436
17.035 0.0166372
17.1215 0.0164334
17.2079 0.0162323
17.2944 0.0160337
17.3808 0.0158377
17.4673 0.0156442
17.5537 0.0154532
17.6402 0.0152646
17.7266 0.0150785
17.8131 0.0148947
17.8995 0.0147133
17.986 0.0145342
18.0724 0.0143574
18.1589 0.0141829
18.2453 0.0140106
18.3318 0.0138404
18.4182 0.0136725
18.5046 0.0135067
18.5911 0.013343
18.6775 0.0131814
18.764 0.0130218
18.8504 0.0128643
18.9369 0.0127087
19.0233 0.0125552
19.1098 0.0124035
19.1962 0.0122539
19.2827 0.012106
19.3691 0.0119601
19.4556 0.011816
19.542 0.0116738
19.6285 0.0115333
19.7149 0.0113946
19.8014 0.0112577
19.8878 0.0111224
19.9743 0.0109889
20.0607 0.0108571
20.1472 0.0107269
20.2336 0.0105983
20.3201 0.0104714
20.4065 0.0103461
20.493 0.0102223
20.5794 0.0101001
20.6658 0.00997941
20.7523 0.00986023
20.8387 0.00974255
20.9252 0.00962634
21.0116 0.00951157
21.0981 0.00939824
21.1845 0.00928633
21.271 0.00917581
21.3574 0.00906666
21.4439 0.00895888
21.5303 0.00885243
21.6168 0.00874731
21.7032 0.00864349
21.7897 0.00854096
21.8761 0.00843971
21.9626 0.00833971
22.049 0.00824095
22.1355 0.00814341
22.2219 0.00804708
22.3084 0.00795194
22.3948 0.00785797
22.4813 0.00776517
22.5677 0.00767351
22.6542 0.00758298
22.7406 0.00749356
22.827 0.00740525
22.9135 0.00731802
22.9999 0.00723187
23.0864 0.00714678
23.1728 0.00706273
23.2593 0.00697971
23.3457 0.00689771
23.4322 0.00681672
23.5186 0.00673672
23.6051 0.0066577
23.6915 0.00657964
23.778 0.00650254
23.8644 0.00642638
23.9509 0.00635116
24.0373 0.00627685
24.1238 0.00620344
24.2102 0.00613093
24.2967 0.00605931
24.3831 0.00598856
24.4696 0.00591866
24.556 0.00584962
24.6425 0.00578142
24.7289 0.00571404
24.8154 0.00564748
24.9018 0.00558173
24.9882 0.00551678
25.0747 0.00545261
25.1611 0.00538922
25.2476 0.0053266
25.334 0.00526474
25.4205 0.00520362
25.5069 0.00514324
25.5934 0.00508359
25.6798 0.00502466
25.7663 0.00496643
25.8527 0.00490892
25.9392 0.00485209
26.0256 0.00479595
26.1121 0.00474048
26.1985 0.00468568
26.285 0.00463154
26.3714 0.00457804
26.4579 0.00452519
26.5443 0.00447298
26.6308 0.00442139
26.7172 0.00437041
26.8037 0.00432005
26.8901 0.00427029
26.9766 0.00422113
27.063 0.00417255
27.1494 0.00412455
27.2359 0.00407713
27.3223 0.00403027
27.4088 0.00398397
27.4952 0.00393822
27.5817 0.00389302
27.6681 0.00384836
27.7546 0.00380422
27.841 0.00376061
27.9275 0.00371752
28.0139 0.00367495
28.1004 0.00363287
28.1868 0.0035913
28.2733 0.00355022
28.3597 0.00350963
28.4462 0.00346952
28.5326 0.00342988
28.6191 0.00339071
28.7055 0.003352
28.792 0.00331376
28.8784 0.00327596
28.9649 0.00323861
29.0513 0.0032017
29.1378 0.00316523
29.2242 0.00312919
29.3106 0.00309357
29.3971 0.00305837
29.4835 0.00302359
29.57 0.00298921
29.6564 0.00295524
29.7429 0.00292167
29.8293 0.0028885
29.9158 0.00285571
30.0022 0.00282331
30.0887 0.00279128
30.1751 0.00275964
30.2616 0.00272836
30.348 0.00269745
30.4345 0.00266691
30.5209 0.00263672
30.6074 0.00260688
30.6938 0.00257739
30.7803 0.00254825
30.8667 0.00251944
30.9532 0.00249098
31.0396 0.00246284
31.1261 0.00243504
31.2125 0.00240755
31.299 0.00238039
31.3854 0.00235355
31.4718 0.00232701
31.5583 0.00230079
31.6447 0.00227487
31.7312 0.00224925
31.8176 0.00222393
31.9041 0.0021989
31.9905 0.00217417
32.077 0.00214972
32.1634 0.00212555
32.2499 0.00210167
32.3363 0.00207806
32.4228 0.00205473
32.5092 0.00203166
32.5957 0.00200886
32.6821 0.00198633
32.7686 0.00196405
32.855 0.00194204
32.9415 0.00192028
33.0279 0.00189877
33.1144 0.0018775
33.2008 0.00185649
33.2873 0.00183571
33.3737 0.00181518
33.4602 0.00179488
33.5466 0.00177481
33.633 0.00175498
33.7195 0.00173537
33.8059 0.00171599
33.8924 0.00169683
33.9788 0.0016779
34.0653 0.00165918
34.1517 0.00164067
34.2382 0.00162238
34.3246 0.0016043
34.4111 0.00158642
34.4975 0.00156875
34.584 0.00155128
34.6704 0.00153402
34.7569 0.00151694
34.8433 0.00150007
34.9298 0.00148339
35.0162 0.0014669
35.1027 0.00145059
35.1891 0.00143448
35.2756 0.00141855
35.362 0.0014028
35.4485 0.00138723
35.5349 0.00137183
35.6214 0.00135661
35.7078 0.00134157
35.7942 0.0013267
35.8807 0.00131199
35.9671 0.00129746
36.0536 0.00128309
36.14 0.00126888
36.2265 0.00125484
36.3129 0.00124095
36.3994 0.00122722
36.4858 0.00121365
36.5723 0.00120023
36.6587 0.00118697
36.7452 0.00117385
36.8316 0.00116089
36.9181 0.00114807
37.0045 0.00113539
37.091 0.00112286
37.1774 0.00111047
37.2639 0.00109822
37.3503 0.00108611
37.4368 0.00107414
37.5232 0.0010623
37.6097 0.0010506
37.6961 0.00103903
37.7826 0.00102759
37.869 0.00101628
37.9554 0.00100509
38.0419 0.000994036
38.1283 0.000983103
38.2148 0.000972294
38.3012 0.000961606
38.3877 0.000951039
38.4741 0.00094059
38.5606 0.00093026
38.647 0.000920045
38.7335 0.000909946
38.8199 0.00089996
38.9064 0.000890086
38.9928 0.000880324
39.0793 0.000870671
39.1657 0.000861126
39.2522 0.000851689
39.3386 0.000842358
39.4251 0.000833131
39.5115 0.000824008
39.598 0.000814987
39.6844 0.000806067
39.7709 0.000797247
39.8573 0.000788526
39.9438 0.000779903
40.0302 0.000771376
40.1166 0.000762944
40.2031 0.000754607
40.2895 0.000746364
40.376 0.000738212
40.4624 0.000730151
40.5489 0.000722181
40.6353 0.000714299
40.7218 0.000706506
40.8082 0.000698799
40.8947 0.000691179
40.9811 0.000683643
41.0676 0.000676192
41.154 0.000668823
41.2405 0.000661537
41.3269 0.000654332
41.4134 0.000647207
41.4998 0.000640161
41.5863 0.000633194
41.6727 0.000626304
41.7592 0.000619491
41.8456 0.000612754
41.9321 0.000606092
42.0185 0.000599503
42.105 0.000592988
42.1914 0.000586546
42.2778 0.000580174
42.3643 0.000573874
42.4507 0.000567643
42.5372 0.000561482
42.6236 0.000555389
42.7101 0.000549363
42.7965 0.000543404
42.883 0.000537511
42.9694 0.000531684
43.0559 0.000525921
43.1423 0.000520222
43.2288 0.000514585
43.3152 0.000509012
43.4017 0.000503499
43.4881 0.000498048
43.5746 0.000492657
43.661 0.000487326
43.7475 0.000482053
43.8339 0.000476839
43.9204 0.000471683
44.0068 0.000466583
44.0933 0.000461539
44.1797 0.000456551
44.2662 0.000451619
44.3526 0.00044674
44.439 0.000441916
44.5255 0.000437144
44.6119 0.000432425
44.6984 0.000427758
44.7848 0.000423143
44.8713 0.000418578
44.9577 0.000414063
45.0442 0.000409598
45.1306 0.000405183
45.2171 0.000400815
45.3035 0.000396496
45.39 0.000392224
45.4764 0.000388
45.5629 0.000383821
45.6493 0.000379689
45.7358 0.000375601
45.8222 0.000371559
45.9087 0.000367561
45.9951 0.000363607
46.0816 0.000359696
46.168 0.000355828
46.2545 0.000352003
46.3409 0.000348219
46.4274 0.000344477
46.5138 0.000340776
46.6002 0.000337115
46.6867 0.000333495
46.7731 0.000329914
46.8596 0.000326372
46.946 0.000322869
47.0325 0.000319404
47.1189 0.000315977
47.2054 0.000312588
47.2918 0.000309236
47.3783 0.00030592
47.4647 0.00030264
47.5512 0.000299397
47.6376 0.000296188
47.7241 0.000293015
47.8105 0.000289876
47.897 0.000286772
47.9834 0.000283701
48.0699 0.000280664
48.1563 0.00027766
48.2428 0.000274689
48.3292 0.00027175
48.4157 0.000268843
48.5021 0.000265968
48.5886 0.000263124
48.675 0.000260311
48.7614 0.000257529
48.8479 0.000254777
48.9343 0.000252054
49.0208 0.000249362
49.1072 0.000246698
49.1937 0.000244064
49.2801 0.000241458
49.3666 0.000238881
49.453 0.000236331
49.5395 0.00023381
49.6259 0.000231315
49.7124 0.000228848
49.7988 0.000226407
49.8853 0.000223993
49.9717 0.000221605
50.0582 0.000219243
50.1446 0.000216907
50.2311 0.000214596
50.3175 0.00021231
50.404 0.000210049
50.4904 0.000207812
50.5769 0.000205599
50.6633 0.000203411
50.7498 0.000201246
50.8362 0.000199104
50.9226 0.000196986
51.0091 0.000194891
51.0955 0.000192818
51.182 0.000190767
51.2684 0.000188739
51.3549 0.000186733
51.4413 0.000184748
51.5278 0.000182785
51.6142 0.000180843
51.7007 0.000178922
51.7871 0.000177022
51.8736 0.000175142
51.96 0.000173283
52.0465 0.000171444
52.1329 0.000169624
52.2194 0.000167824
52.3058 0.000166044
52.3923 0.000164282
52.4787 0.00016254
52.5652 0.000160816
52.6516 0.000159111
52.7381 0.000157425
52.8245 0.000155756
52.911 0.000154106
52.9974 0.000152473
53.0838 0.000150858
53.1703 0.00014926
53.2567 0.000147679
53.3432 0.000146116
53.4296 0.000144569
53.5161 0.000143039
53.6025 0.000141525
53.689 0.000140027
53.7754 0.000138546
53.8619 0.000137081
53.9483 0.000135631
54.0348 0.000134197
54.1212 0.000132778
54.2077 0.000131374
54.2941 0.000129986
54.3806 0.000128612
54.467 0.000127253
54.5535 0.000125909
54.6399 0.000124579
54.7264 0.000123264
54.8128 0.000121962
54.8993 0.000120675
54.9857 0.000119401
55.0722 0.000118141
55.1586 0.000116894
55.245 0.000115661
55.3315 0.000114441
55.4179 0.000113234
55.5044 0.000112039
55.5908 0.000110858
55.6773 0.000109689
55.7637 0.000108533
55.8502 0.000107389
55.9366 0.000106258
56.0231 0.000105138
56.1095 0.000104031
56.196 0.000102935
56.2824 0.000101851
56.3689 0.000100779
56.4553 9.97177e-05
56.5418 9.8668e-05
56.6282 9.76296e-05
56.7147 9.66022e-05
56.8011 9.55858e-05
56.8876 9.45803e-05
56.974 9.35855e-05
57.0605 9.26012e-05
57.1469 9.16275e-05
57.2334 9.06642e-05
57.3198 8.97111e-05
57.4062 8.87682e-05
57.4927 8.78354e-05
57.5791 8.69124e-05
57.6656 8.59993e-05
57.752 8.5096e-05
57.8385 8.42022e-05
57.9249 8.3318e-05
58.0114 8.24432e-05
58.0978 8.15777e-05
58.1843 8.07214e-05
58.2707 7.98742e-05
58.3572 7.9036e-05
58.4436 7.82067e-05
58.5301 7.73863e-05
58.6165 7.65746e-05
58.703 7.57715e-05
58.7894 7.49769e-05
58.8759 7.41908e-05
58.9623 7.3413e-05
59.0488 7.26435e-05
59.1352 7.18822e-05
59.2217 7.11289e-05
59.3081 7.03837e-05
59.3946 6.96464e-05
59.481 6.89168e-05
59.5674 6.81951e-05
59.6539 6.7481e-05
59.7403 6.67744e-05
59.8268 6.60754e-05
59.9132 6.53837e-05
59.9997 6.46994e-05
60.0861 6.40224e-05
60.1726 6.33525e-05
60.259 6.26898e-05
60.3455 6.2034e-05
60.4319 6.13852e-05
60.5184 6.07433e-05
60.6048 6.01081e-05
60.6913 5.94797e-05
60.7777 5.8858e-05
60.8642 5.82428e-05
60.9506 5.76342e-05
61.0371 5.70319e-05
61.1235 5.64361e-05
61.21 5.58465e-05
61.2964 5.52632e-05
61.3829 5.46861e-05
61.4693 5.41151e-05
61.5558 5.35501e-05
61.6422 5.2991e-05
61.7286 5.24379e-05
61.8151 5.18906e-05
61.9015 5.13491e-05
61.988 5.08134e-05
62.0744 5.02833e-05
62.1609 4.97587e-05
62.2473 4.92398e-05
62.3338 4.87263e-05
62.4202 4.82182e-05
62.5067 4.77155e-05
62.5931 4.7218e-05
62.6796 4.67259e-05
62.766 4.62389e-05
62.8525 4.57571e-05
62.9389 4.52803e-05
63.0254 4.48086e-05
63.1118 4.43418e-05
63.1983 4.388e-05
63.2847 4.3423e-05
63.3712 4.29709e-05
63.4576 4.25235e-05
63.5441 4.20808e-05
63.6305 4.16428e-05
63.717 4.12094e-05
63.8034 4.07805e-05
63.8898 4.03562e-05
63.9763 3.99364e-05
64.0627 3.95209e-05
64.1492 3.91098e-05
64.2356 3.87031e-05
64.3221 3.83006e-05
64.4085 3.79024e-05
64.495 3.75084e-05
64.5814 3.71185e-05
64.6679 3.67327e-05
64.7543 3.63509e-05
64.8408 3.59732e-05
64.9272 3.55995e-05
65.0137 3.52296e-05
65.1001 3.48637e-05
65.1866 3.45016e-05
65.273 3.41433e-05
65.3595 3.37887e-05
65.4459 3.34379e-05
65.5324 3.30908e-05
65.6188 3.27473e-05
65.7053 3.24074e-05
65.7917 3.20711e-05
65.8782 3.17383e-05
65.9646 3.1409e-05
66.051 3.10832e-05
66.1375 3.07608e-05
66.2239 3.04417e-05
66.3104 3.0126e-05
66.3968 2.98137e-05
66.4833 2.95046e-05
66.5697 2.91987e-05
66.6562 2.8896e-05
66.7426 2.85965e-05
66.8291 2.83002e-05
66.9155 2.80069e-05
67.002 2.77167e-05
67.0884 2.74296e-05
67.1749 2.71455e-05
67.2613 2.68643e-05
67.3478 2.65861e-05
67.4342 2.63108e-05
67.5207 2.60384e-05
67.6071 2.57688e-05
67.6936 2.55021e-05
67.78 2.52381e-05
67.8665 2.49769e-05
67.9529 2.47184e-05
68.0394 2.44627e-05
68.1258 2.42096e-05
68.2122 2.39591e-05
68.2987 2.37113e-05
68.3851 2.34661e-05
68.4716 2.32234e-05
68.558 2.29833e-05
68.6445 2.27456e-05
68.7309 2.25105e-05
68.8174 2.22778e-05
68.9038 2.20475e-05
68.9903 2.18197e-05
69.0767 2.15942e-05
69.1632 2.13711e-05
69.2496 2.11503e-05
69.3361 2.09318e-05
69.4225 2.07156e-05
69.509 2.05017e-05
69.5954 2.02899e-05
69.6819 2.00804e-05
69.7683 1.98731e-05
69.8548 1.96679e-05
69.9412 1.94649e-05
70.0277 1.9264e-05
70.1141 1.90652e-05
70.2006 1.88684e-05
70.287 1.86738e-05
70.3734 1.84811e-05
70.4599 1.82904e-05
70.5463 1.81018e-05
70.6328 1.79151e-05
70.7192 1.77303e-05
70.8057 1.75475e-05
70.8921 1.73666e-05
70.9786 1.71875e-05
71.065 1.70103e-05
71.1515 1.6835e-05
71.2379 1.66615e-05
71.3244 1.64898e-05
71.4108 1.63199e-05
71.4973 1.61517e-05
71.5837 1.59853e-05
71.6702 1.58206e-05
71.7566 1.56577e-05
71.8431 1.54964e-05
71.9295 1.53368e-05
72.016 1.51789e-05
72.1024 1.50226e-05
72.1889 1.4868e-05
72.2753 1.47149e-05
72.3618 1.45634e-05
72.4482 1.44136e-05
72.5346 1.42652e-05
72.6211 1.41184e-05
72.7075 1.39732e-05
72.794 1.38294e-05
72.8804 1.36872e-05
72.9669 1.35464e-05
73.0533 1.3407e-05
73.1398 1.32692e-05
73.2262 1.31327e-05
73.3127 1.29977e-05
73.3991 1.28641e-05
73.4856 1.27318e-05
73.572 1.26009e-05
73.6585 1.24714e-05
73.7449 1.23433e-05
73.8314 1.22164e-05
73.9178 1.20909e-05
74.0043 1.19667e-05
74.0907 1.18437e-05
74.1772 1.17221e-05
74.2636 1.16017e-05
74.3501 1.14825e-05
74.4365 1.13646e-05
74.523 1.12479e-05
74.6094 1.11324e-05
74.6958 1.10181e-05
74.7823 1.0905e-05
74.8687 1.07931e-05
74.9552 1.06823e-05
75.0416 1.05727e-05
75.1281 1.04642e-05
75.2145 1.03568e-05
75.301 1.02506e-05
75.3874 1.01454e-05
75.4739 1.00414e-05
75.5603 9.93836e-06
75.6468 9.83643e-06
75.7332 9.73556e-06
75.8197 9.63573e-06
75.9061 9.53694e-06
75.9926 9.43916e-06
76.079 9.3424e-06
76.1655 9.24664e-06
76.2519 9.15187e-06
76.3384 9.05807e-06
76.4248 8.96525e-06
76.5113 8.87339e-06
76.5977 8.78247e-06
76.6842 8.6925e-06
76.7706 8.60346e-06
76.857 8.51533e-06
76.9435 8.42812e-06
77.0299 8.34181e-06
77.1164 8.25638e-06
77.2028 8.17185e-06
77.2893 8.08818e-06
77.3757 8.00538e-06
77.4622 7.92343e-06
77.5486 7.84233e-06
77.6351 7.76206e-06
77.7215 7.68263e-06
77.808 7.60401e-06
77.8944 7.52621e-06
77.9809 7.44921e-06
78.0673 7.373e-06
78.1538 7.29758e-06
78.2402 7.22293e-06
78.3267 7.14906e-06
78.4131 7.07595e-06
78.4996 7.00359e-06
78.586 6.93198e-06
78.6725 6.86111e-06
78.7589 6.79096e-06
78.8454 6.72154e-06
78.9318 6.65284e-06
79.0182 6.58484e-06
79.1047 6.51755e-06
79.1911 6.45095e-06
79.2776 6.38503e-06
79.364 6.31979e-06
79.4505 6.25523e-06
79.5369 6.19133e-06
79.6234 6.12809e-06
79.7098 6.0655e-06
79.7963 6.00355e-06
79.8827 5.94224e-06
79.9692 5.88157e-06
80.0556 5.82151e-06
80.1421 5.76208e-06
80.2285 5.70326e-06
80.315 5.64504e-06
80.4014 5.58742e-06
80.4879 5.53039e-06
80.5743 5.47396e-06
80.6608 5.4181e-06
80.7472 5.36281e-06
80.8337 5.3081e-06
80.9201 5.25395e-06
81.0066 5.20035e-06
81.093 5.1473e-06
81.1794 5.09481e-06
81.2659 5.04285e-06
81.3523 4.99142e-06
81.4388 4.94052e-06
81.5252 4.89015e-06
81.6117 4.84029e-06
81.6981 4.79095e-06
81.7846 4.74211e-06
81.871 4.69377e-06
81.9575 4.64594e-06
82.0439 4.59859e-06
82.1304 4.55173e-06
82.2168 4.50535e-06
82.3033 4.45944e-06
82.3897 4.41401e-06
82.4762 4.36904e-06
82.5626 4.32454e-06
82.6491 4.28049e-06
82.7355 4.23689e-06
82.822 4.19375e-06
82.9084 4.15104e-06
82.9949 4.10877e-06
83.0813 4.06694e-06
83.1678 4.02553e-06
83.2542 3.98455e-06
83.3407 3.94399e-06
83.4271 3.90385e-06
83.5135 3.86412e-06
83.6 3.82479e-06
83.6864 3.78587e-06
83.7729 3.74735e-06
83.8593 3.70922e-06
83.9458 3.67148e-06
84.0322 3.63413e-06
84.1187 3.59717e-06
84.2051 3.56058e-06
84.2916 3.52437e-06
84.378 3.48852e-06
84.4645 3.45305e-06
84.5509 3.41794e-06
84.6374 3.38318e-06
84.7238 3.34879e-06
84.8103 3.31474e-06
84.8967 3.28105e-06
84.9832 3.2477e-06
85.0696 3.21469e-06
85.1561 3.18202e-06
85.2425 3.14968e-06
85.329 3.11768e-06
85.4154 3.086e-06
85.5019 3.05464e-06
85.5883 3.02361e-06
85.6747 2.9929e-06
85.7612 2.96249e-06
85.8476 2.9324e-06
85.9341 2.90262e-06
86.0205 2.87314e-06
86.107 2.84397e-06
86.1934 2.81509e-06
86.2799 2.78651e-06
86.3663 2.75822e-06
