-13.0385 4.64869e-05
-12.9674 4.85422e-05
-12.8963 5.06891e-05
-12.8252 5.29315e-05
-12.7541 5.52738e-05
-12.683 5.77204e-05
-12.6119 6.02761e-05
-12.5409 6.29457e-05
-12.4698 6.57343e-05
-12.3987 6.86474e-05
-12.3276 7.16905e-05
-12.2565 7.48695e-05
-12.1854 7.81905e-05
-12.1143 8.16598e-05
-12.0432 8.52842e-05
-11.9721 8.90707e-05
-11.9011 9.30265e-05
-11.83 9.71594e-05
-11.7589 0.000101477
-11.6878 0.000105989
-11.6167 0.000110702
-11.5456 0.000115627
-11.4745 0.000120772
-11.4034 0.000126148
-11.3324 0.000131766
-11.2613 0.000137636
-11.1902 0.000143769
-11.1191 0.000150178
-11.048 0.000156875
-10.9769 0.000163873
-10.9058 0.000171186
-10.8347 0.000178829
-10.7637 0.000186815
-10.6926 0.000195162
-10.6215 0.000203885
-10.5504 0.000213001
-10.4793 0.000222528
-10.4082 0.000232485
-10.3371 0.000242893
-10.266 0.00025377
-10.1949 0.000265139
-10.1239 0.000277023
-10.0528 0.000289444
-9.98168 0.000302428
-9.91059 0.000316
-9.83951 0.000330187
-9.76842 0.000345017
-9.69733 0.000360521
-9.62624 0.000376728
-9.55515 0.000393672
-9.48407 0.000411386
-9.41298 0.000429905
-9.34189 0.000449267
-9.2708 0.000469511
-9.19971 0.000490677
-9.12863 0.000512808
-9.05754 0.000535948
-8.98645 0.000560144
-8.91536 0.000585446
-8.84427 0.000611904
-8.77319 0.000639571
-8.7021 0.000668505
-8.63101 0.000698763
-8.55992 0.000730408
-8.48883 0.000763504
-8.41774 0.000798118
-8.34666 0.000834321
-8.27557 0.000872188
-8.20448 0.000911795
-8.13339 0.000953225
-8.0623 0.000996562
-7.99122 0.0010419
-7.92013 0.00108932
-7.84904 0.00113893
-7.77795 0.00119084
-7.70686 0.00124514
-7.63578 0.00130195
-7.56469 0.0013614
-7.4936 0.00142359
-7.42251 0.00148867
-7.35142 0.00155677
-7.28034 0.00162804
-7.20925 0.00170261
-7.13816 0.00178066
-7.06707 0.00186233
-6.99598 0.00194782
-6.9249 0.00203729
-6.85381 0.00213093
-6.78272 0.00222896
-6.71163 0.00233156
-6.64054 0.00243897
-6.56946 0.00255141
-6.49837 0.00266913
-6.42728 0.00279237
-6.35619 0.0029214
-6.2851 0.0030565
-6.21402 0.00319796
-6.14293 0.00334609
-6.07184 0.0035012
-6.00075 0.00366364
-5.92966 0.00383376
-5.85857 0.00401194
-5.78749 0.00419855
-5.7164 0.00439401
-5.64531 0.00459875
-5.57422 0.00481323
-5.50313 0.0050379
-5.43205 0.00527328
-5.36096 0.00551989
-5.28987 0.00577827
-5.21878 0.00604899
-5.14769 0.00633267
-5.07661 0.00662994
-5.00552 0.00694147
-4.93443 0.00726795
-4.86334 0.00761013
-4.79225 0.00796877
-4.72117 0.00834469
-4.65008 0.00873875
-4.57899 0.00915183
-4.5079 0.00958488
-4.43681 0.0100389
-4.36573 0.0105149
-4.29464 0.011014
-4.22355 0.0115373
-4.15246 0.0120861
-4.08137 0.0126615
-4.01029 0.013265
-3.9392 0.0138979
-3.86811 0.0145617
-3.79702 0.0152578
-3.72593 0.015988
-3.65485 0.0167539
-3.58376 0.0175573
-3.51267 0.0183999
-3.44158 0.0192839
-3.37049 0.0202111
-3.2994 0.0211838
-3.22832 0.022204
-3.15723 0.0232743
-3.08614 0.0243969
-3.01505 0.0255744
-2.94396 0.0268094
-2.87288 0.0281047
-2.80179 0.029463
-2.7307 0.0308874
-2.65961 0.0323808
-2.58852 0.0339464
-2.51744 0.0355874
-2.44635 0.0373071
-2.37526 0.0391088
-2.30417 0.0409958
-2.23308 0.0429717
-2.162 0.0450398
-2.09091 0.0472035
-2.01982 0.049466
-1.94873 0.0518305
-1.87764 0.0543
-1.80656 0.0568771
-1.73547 0.0595642
-1.66438 0.0623632
-1.59329 0.0652752
-1.5222 0.068301
-1.45112 0.07144
-1.38003 0.074691
-1.30894 0.0780512
-1.23785 0.0815164
-1.16676 0.0850806
-1.09568 0.0887356
-1.02459 0.0924712
-0.953499 0.0962743
-0.882411 0.100129
-0.811323 0.104017
-0.740235 0.107915
-0.669147 0.1118
-0.598059 0.115641
-0.526971 0.119409
-0.455883 0.123069
-0.384795 0.126588
-0.313707 0.129929
-0.242618 0.133058
-0.17153 0.135942
-0.100442 0.13855
-0.0293543 0.140857
0.0417337 0.142843
0.112822 0.144493
0.18391 0.145799
0.254998 0.146761
0.326086 0.147385
0.397174 0.14768
0.468262 0.147663
0.53935 0.147354
0.610438 0.146775
0.681526 0.145951
0.752614 0.144906
0.823702 0.143666
0.89479 0.142255
0.965878 0.140697
1.03697 0.139013
1.10805 0.137224
1.17914 0.135349
1.25023 0.133403
1.32132 0.131403
1.39241 0.129361
1.46349 0.127289
1.53458 0.125197
1.60567 0.123095
1.67676 0.120989
1.74785 0.118887
1.81894 0.116793
1.89002 0.114714
1.96111 0.112652
2.0322 0.110611
2.10329 0.108594
2.17438 0.106604
2.24546 0.104641
2.31655 0.102708
2.38764 0.100805
2.45873 0.0989345
2.52982 0.0970959
2.6009 0.0952898
2.67199 0.0935167
2.74308 0.0917766
2.81417 0.0900696
2.88526 0.0883954
2.95634 0.0867539
3.02743 0.0851447
3.09852 0.0835677
3.16961 0.0820223
3.2407 0.0805081
3.31178 0.0790247
3.38287 0.0775715
3.45396 0.0761481
3.52505 0.0747538
3.59614 0.0733882
3.66722 0.0720507
3.73831 0.0707407
3.8094 0.0694576
3.88049 0.068201
3.95158 0.0669702
4.02266 0.0657647
4.09375 0.0645839
4.16484 0.0634273
4.23593 0.0622943
4.30702 0.0611845
4.37811 0.0600972
4.44919 0.0590321
4.52028 0.0579885
4.59137 0.056966
4.66246 0.0559642
4.73355 0.0549824
4.80463 0.0540204
4.87572 0.0530775
4.94681 0.0521535
5.0179 0.0512478
5.08899 0.0503601
5.16007 0.0494899
5.23116 0.0486368
5.30225 0.0478004
5.37334 0.0469804
5.44443 0.0461764
5.51551 0.045388
5.5866 0.0446149
5.65769 0.0438567
5.72878 0.0431131
5.79987 0.0423838
5.87095 0.0416684
5.94204 0.0409666
6.01313 0.0402782
6.08422 0.0396028
6.15531 0.0389402
6.22639 0.03829
6.29748 0.0376521
6.36857 0.037026
6.43966 0.0364117
6.51075 0.0358088
6.58183 0.035217
6.65292 0.0346362
6.72401 0.0340661
6.7951 0.0335065
6.86619 0.0329571
6.93728 0.0324177
7.00836 0.0318882
7.07945 0.0313683
7.15054 0.0308578
7.22163 0.0303566
7.29272 0.0298643
7.3638 0.0293809
7.43489 0.0289062
7.50598 0.0284399
7.57707 0.027982
7.64816 0.0275322
7.71924 0.0270903
7.79033 0.0266563
7.86142 0.0262299
7.93251 0.0258111
8.0036 0.0253996
8.07468 0.0249952
8.14577 0.024598
8.21686 0.0242076
8.28795 0.0238241
8.35904 0.0234472
8.43012 0.0230768
8.50121 0.0227128
8.5723 0.0223551
8.64339 0.0220035
8.71448 0.0216579
8.78556 0.0213183
8.85665 0.0209845
8.92774 0.0206563
8.99883 0.0203337
9.06992 0.0200166
9.14101 0.0197048
9.21209 0.0193983
9.28318 0.019097
9.35427 0.0188008
9.42536 0.0185095
9.49645 0.0182231
9.56753 0.0179414
9.63862 0.0176645
9.70971 0.0173922
9.7808 0.0171244
9.85189 0.0168611
9.92297 0.0166021
9.99406 0.0163474
10.0651 0.0160969
10.1362 0.0158505
10.2073 0.0156082
10.2784 0.0153699
10.3495 0.0151354
10.4206 0.0149048
10.4917 0.014678
10.5628 0.0144548
10.6339 0.0142353
10.7049 0.0140193
10.776 0.0138069
10.8471 0.0135979
10.9182 0.0133923
10.9893 0.0131899
11.0604 0.0129909
11.1315 0.012795
11.2026 0.0126023
11.2736 0.0124127
11.3447 0.0122261
11.4158 0.0120425
11.4869 0.0118619
11.558 0.0116841
11.6291 0.0115092
11.7002 0.011337
11.7713 0.0111675
11.8424 0.0110008
11.9134 0.0108367
11.9845 0.0106752
12.0556 0.0105162
12.1267 0.0103597
12.1978 0.0102057
12.2689 0.0100542
12.34 0.00990496
12.4111 0.00975811
12.4821 0.00961355
12.5532 0.00947126
12.6243 0.00933119
12.6954 0.0091933
12.7665 0.00905756
12.8376 0.00892394
12.9087 0.00879239
12.9798 0.00866289
13.0508 0.00853539
13.1219 0.00840987
13.193 0.00828629
13.2641 0.00816462
13.3352 0.00804483
13.4063 0.00792689
13.4774 0.00781076
13.5485 0.00769642
13.6196 0.00758383
13.6906 0.00747298
13.7617 0.00736382
13.8328 0.00725634
13.9039 0.0071505
13.975 0.00704628
14.0461 0.00694365
14.1172 0.00684258
14.1883 0.00674306
14.2593 0.00664505
14.3304 0.00654853
14.4015 0.00645347
14.4726 0.00635986
14.5437 0.00626767
14.6148 0.00617687
14.6859 0.00608745
14.757 0.00599938
14.828 0.00591264
14.8991 0.00582721
14.9702 0.00574307
15.0413 0.00566019
15.1124 0.00557856
15.1835 0.00549816
15.2546 0.00541897
15.3257 0.00534096
15.3968 0.00526412
15.4678 0.00518844
15.5389 0.00511388
15.61 0.00504044
15.6811 0.0049681
15.7522 0.00489684
15.8233 0.00482664
15.8944 0.00475749
15.9655 0.00468937
16.0365 0.00462226
16.1076 0.00455614
16.1787 0.00449101
16.2498 0.00442685
16.3209 0.00436364
16.392 0.00430136
16.4631 0.00424001
16.5342 0.00417956
16.6053 0.00412001
16.6763 0.00406134
16.7474 0.00400353
16.8185 0.00394658
16.8896 0.00389046
16.9607 0.00383517
17.0318 0.0037807
17.1029 0.00372702
17.174 0.00367414
17.245 0.00362203
17.3161 0.00357068
17.3872 0.00352009
17.4583 0.00347024
17.5294 0.00342112
17.6005 0.00337272
17.6716 0.00332503
17.7427 0.00327803
17.8137 0.00323172
17.8848 0.00318609
17.9559 0.00314112
18.027 0.0030968
18.0981 0.00305313
18.1692 0.0030101
18.2403 0.00296769
18.3114 0.0029259
18.3825 0.00288472
18.4535 0.00284413
18.5246 0.00280413
18.5957 0.00276472
18.6668 0.00272587
18.7379 0.00268759
18.809 0.00264986
18.8801 0.00261267
18.9512 0.00257602
19.0222 0.00253991
19.0933 0.00250431
19.1644 0.00246923
19.2355 0.00243465
19.3066 0.00240057
19.3777 0.00236698
19.4488 0.00233388
19.5199 0.00230125
19.5909 0.00226909
19.662 0.0022374
19.7331 0.00220615
19.8042 0.00217536
19.8753 0.00214501
19.9464 0.00211509
20.0175 0.00208561
20.0886 0.00205654
20.1597 0.00202789
20.2307 0.00199965
20.3018 0.00197182
20.3729 0.00194438
20.444 0.00191733
20.5151 0.00189067
20.5862 0.00186439
20.6573 0.00183849
20.7284 0.00181295
20.7994 0.00178778
20.8705 0.00176297
20.9416 0.00173851
21.0127 0.00171439
21.0838 0.00169063
21.1549 0.00166719
21.226 0.0016441
21.2971 0.00162133
21.3682 0.00159888
21.4392 0.00157675
21.5103 0.00155493
21.5814 0.00153343
21.6525 0.00151223
21.7236 0.00149132
21.7947 0.00147072
21.8658 0.0014504
21.9369 0.00143038
22.0079 0.00141063
22.079 0.00139117
22.1501 0.00137198
22.2212 0.00135306
22.2923 0.00133441
22.3634 0.00131602
22.4345 0.00129789
22.5056 0.00128001
22.5766 0.00126239
22.6477 0.00124501
22.7188 0.00122788
22.7899 0.00121099
22.861 0.00119434
22.9321 0.00117792
23.0032 0.00116174
23.0743 0.00114578
23.1454 0.00113004
23.2164 0.00111452
23.2875 0.00109923
23.3586 0.00108414
23.4297 0.00106927
23.5008 0.00105461
23.5719 0.00104015
23.643 0.00102589
23.7141 0.00101183
23.7851 0.000997974
23.8562 0.000984308
23.9273 0.000970832
23.9984 0.000957545
24.0695 0.000944444
24.1406 0.000931525
24.2117 0.000918786
24.2828 0.000906225
24.3538 0.000893839
24.4249 0.000881626
24.496 0.000869583
24.5671 0.000857708
24.6382 0.000845998
24.7093 0.000834451
24.7804 0.000823065
24.8515 0.000811837
24.9226 0.000800765
24.9936 0.000789847
25.0647 0.00077908
25.1358 0.000768463
25.2069 0.000757994
25.278 0.00074767
25.3491 0.000737489
25.4202 0.000727449
25.4913 0.000717548
25.5623 0.000707785
25.6334 0.000698157
25.7045 0.000688662
25.7756 0.000679299
25.8467 0.000670065
25.9178 0.000660959
25.9889 0.000651979
26.06 0.000643123
26.1311 0.00063439
26.2021 0.000625777
26.2732 0.000617283
26.3443 0.000608906
26.4154 0.000600646
26.4865 0.000592499
26.5576 0.000584464
26.6287 0.00057654
26.6998 0.000568726
26.7708 0.000561019
26.8419 0.000553419
26.913 0.000545923
26.9841 0.00053853
27.0552 0.000531239
27.1263 0.000524049
27.1974 0.000516957
27.2685 0.000509963
27.3395 0.000503065
27.4106 0.000496262
27.4817 0.000489552
27.5528 0.000482935
27.6239 0.000476408
27.695 0.000469971
27.7661 0.000463622
27.8372 0.000457361
27.9083 0.000451185
27.9793 0.000445094
28.0504 0.000439087
28.1215 0.000433162
28.1926 0.000427318
28.2637 0.000421554
28.3348 0.000415869
28.4059 0.000410262
28.477 0.000404732
28.548 0.000399277
28.6191 0.000393897
28.6902 0.000388591
28.7613 0.000383357
28.8324 0.000378194
28.9035 0.000373103
28.9746 0.00036808
29.0457 0.000363127
29.1167 0.000358241
29.1878 0.000353421
29.2589 0.000348668
29.33 0.000343979
29.4011 0.000339354
29.4722 0.000334793
29.5433 0.000330293
29.6144 0.000325855
29.6855 0.000321477
29.7565 0.000317159
29.8276 0.0003129
29.8987 0.000308699
29.9698 0.000304555
30.0409 0.000300467
30.112 0.000296435
30.1831 0.000292458
30.2542 0.000288535
30.3252 0.000284665
30.3963 0.000280848
30.4674 0.000277083
30.5385 0.000273369
30.6096 0.000269705
30.6807 0.000266091
30.7518 0.000262526
30.8229 0.00025901
30.894 0.000255541
30.965 0.00025212
31.0361 0.000248744
31.1072 0.000245415
31.1783 0.000242131
31.2494 0.000238891
31.3205 0.000235695
31.3916 0.000232542
31.4627 0.000229432
31.5337 0.000226365
31.6048 0.000223338
31.6759 0.000220353
31.747 0.000217408
31.8181 0.000214503
31.8892 0.000211638
31.9603 0.000208811
32.0314 0.000206022
32.1024 0.000203271
32.1735 0.000200557
32.2446 0.00019788
32.3157 0.000195239
32.3868 0.000192634
32.4579 0.000190063
32.529 0.000187528
32.6001 0.000185027
32.6712 0.000182559
32.7422 0.000180125
32.8133 0.000177724
32.8844 0.000175355
32.9555 0.000173018
33.0266 0.000170713
33.0977 0.000168438
33.1688 0.000166194
33.2399 0.000163981
33.3109 0.000161797
33.382 0.000159643
33.4531 0.000157518
33.5242 0.000155421
33.5953 0.000153353
33.6664 0.000151312
33.7375 0.000149299
33.8086 0.000147313
33.8796 0.000145354
33.9507 0.000143421
34.0218 0.000141514
34.0929 0.000139632
34.164 0.000137776
34.2351 0.000135945
34.3062 0.000134139
34.3773 0.000132357
34.4484 0.000130598
34.5194 0.000128864
34.5905 0.000127152
34.6616 0.000125464
34.7327 0.000123798
34.8038 0.000122155
34.8749 0.000120533
34.946 0.000118934
35.0171 0.000117355
35.0881 0.000115798
35.1592 0.000114262
35.2303 0.000112747
35.3014 0.000111251
35.3725 0.000109776
35.4436 0.000108321
35.5147 0.000106885
35.5858 0.000105468
35.6569 0.00010407
35.7279 0.000102691
35.799 0.000101331
35.8701 9.99885e-05
35.9412 9.86642e-05
36.0123 9.73575e-05
36.0834 9.60683e-05
36.1545 9.47963e-05
36.2256 9.35414e-05
36.2966 9.23032e-05
36.3677 9.10816e-05
36.4388 8.98763e-05
36.5099 8.86871e-05
36.581 8.75138e-05
36.6521 8.63562e-05
36.7232 8.5214e-05
36.7943 8.40871e-05
36.8653 8.29753e-05
36.9364 8.18782e-05
37.0075 8.07959e-05
37.0786 7.97279e-05
37.1497 7.86743e-05
37.2208 7.76346e-05
37.2919 7.66089e-05
37.363 7.55968e-05
37.4341 7.45982e-05
37.5051 7.36129e-05
37.5762 7.26408e-05
37.6473 7.16816e-05
37.7184 7.07352e-05
37.7895 6.98014e-05
37.8606 6.88801e-05
37.9317 6.7971e-05
38.0028 6.70741e-05
38.0738 6.6189e-05
38.1449 6.53158e-05
38.216 6.44542e-05
38.2871 6.36041e-05
38.3582 6.27652e-05
38.4293 6.19376e-05
38.5004 6.11209e-05
38.5715 6.03151e-05
38.6425 5.952e-05
38.7136 5.87355e-05
38.7847 5.79614e-05
38.8558 5.71977e-05
38.9269 5.6444e-05
38.998 5.57004e-05
39.0691 5.49667e-05
39.1402 5.42427e-05
39.2113 5.35283e-05
39.2823 5.28235e-05
39.3534 5.2128e-05
39.4245 5.14417e-05
39.4956 5.07645e-05
39.5667 5.00963e-05
39.6378 4.9437e-05
39.7089 4.87865e-05
39.78 4.81446e-05
39.851 4.75111e-05
39.9221 4.68861e-05
39.9932 4.62694e-05
40.0643 4.56609e-05
40.1354 4.50604e-05
40.2065 4.44679e-05
40.2776 4.38833e-05
40.3487 4.33064e-05
40.4197 4.27371e-05
40.4908 4.21754e-05
40.5619 4.16211e-05
40.633 4.10742e-05
40.7041 4.05345e-05
40.7752 4.0002e-05
40.8463 3.94765e-05
40.9174 3.8958e-05
40.9885 3.84464e-05
41.0595 3.79415e-05
41.1306 3.74433e-05
41.2017 3.69517e-05
41.2728 3.64666e-05
41.3439 3.59879e-05
41.415 3.55155e-05
41.4861 3.50494e-05
41.5572 3.45895e-05
41.6282 3.41356e-05
41.6993 3.36878e-05
41.7704 3.32458e-05
41.8415 3.28097e-05
41.9126 3.23794e-05
41.9837 3.19548e-05
42.0548 3.15357e-05
42.1259 3.11223e-05
42.197 3.07142e-05
42.268 3.03116e-05
42.3391 2.99143e-05
42.4102 2.95222e-05
42.4813 2.91353e-05
42.5524 2.87535e-05
42.6235 2.83767e-05
42.6946 2.8005e-05
42.7657 2.76381e-05
42.8367 2.72761e-05
42.9078 2.69188e-05
42.9789 2.65663e-05
43.05 2.62184e-05
43.1211 2.58751e-05
43.1922 2.55363e-05
43.2633 2.5202e-05
43.3344 2.48721e-05
43.4054 2.45466e-05
43.4765 2.42253e-05
43.5476 2.39083e-05
43.6187 2.35954e-05
43.6898 2.32867e-05
43.7609 2.29821e-05
43.832 2.26814e-05
43.9031 2.23848e-05
43.9742 2.2092e-05
44.0452 2.18031e-05
44.1163 2.1518e-05
44.1874 2.12366e-05
44.2585 2.0959e-05
44.3296 2.0685e-05
44.4007 2.04146e-05
44.4718 2.01477e-05
44.5429 1.98844e-05
44.6139 1.96246e-05
44.685 1.93681e-05
44.7561 1.91151e-05
44.8272 1.88653e-05
44.8983 1.86189e-05
44.9694 1.83757e-05
45.0405 1.81357e-05
45.1116 1.78988e-05
45.1826 1.76651e-05
45.2537 1.74344e-05
45.3248 1.72068e-05
45.3959 1.69821e-05
45.467 1.67604e-05
45.5381 1.65417e-05
45.6092 1.63258e-05
45.6803 1.61127e-05
45.7514 1.59024e-05
45.8224 1.56949e-05
45.8935 1.54901e-05
45.9646 1.5288e-05
46.0357 1.50886e-05
46.1068 1.48918e-05
46.1779 1.46975e-05
46.249 1.45059e-05
46.3201 1.43167e-05
46.3911 1.413e-05
46.4622 1.39458e-05
46.5333 1.37639e-05
46.6044 1.35845e-05
46.6755 1.34074e-05
46.7466 1.32327e-05
46.8177 1.30602e-05
46.8888 1.289e-05
46.9599 1.2722e-05
47.0309 1.25563e-05
47.102 1.23927e-05
47.1731 1.22312e-05
47.2442 1.20719e-05
47.3153 1.19146e-05
47.3864 1.17594e-05
47.4575 1.16063e-05
47.5286 1.14551e-05
47.5996 1.1306e-05
47.6707 1.11588e-05
47.7418 1.10135e-05
47.8129 1.08701e-05
47.884 1.07286e-05
47.9551 1.05889e-05
48.0262 1.04511e-05
48.0973 1.03151e-05
48.1683 1.01809e-05
48.2394 1.00484e-05
48.3105 9.91764e-06
48.3816 9.78861e-06
48.4527 9.66127e-06
48.5238 9.53559e-06
48.5949 9.41155e-06
48.666 9.28914e-06
48.7371 9.16833e-06
48.8081 9.0491e-06
48.8792 8.93143e-06
48.9503 8.8153e-06
49.0214 8.70069e-06
49.0925 8.58758e-06
49.1636 8.47594e-06
49.2347 8.36577e-06
49.3058 8.25703e-06
49.3768 8.14972e-06
49.4479 8.04381e-06
49.519 7.93928e-06
49.5901 7.83612e-06
49.6612 7.7343e-06
49.7323 7.63382e-06
49.8034 7.53465e-06
49.8745 7.43678e-06
49.9455 7.34018e-06
50.0166 7.24484e-06
50.0877 7.15076e-06
50.1588 7.05789e-06
50.2299 6.96625e-06
50.301 6.87579e-06
50.3721 6.78652e-06
50.4432 6.69842e-06
50.5143 6.61146e-06
50.5853 6.52564e-06
50.6564 6.44094e-06
50.7275 6.35735e-06
50.7986 6.27484e-06
50.8697 6.19341e-06
50.9408 6.11305e-06
51.0119 6.03373e-06
51.083 5.95545e-06
51.154 5.87819e-06
51.2251 5.80193e-06
51.2962 5.72667e-06
51.3673 5.65239e-06
51.4384 5.57908e-06
51.5095 5.50673e-06
51.5806 5.43532e-06
51.6517 5.36484e-06
51.7228 5.29528e-06
51.7938 5.22662e-06
51.8649 5.15886e-06
51.936 5.09199e-06
52.0071 5.02598e-06
52.0782 4.96084e-06
52.1493 4.89654e-06
52.2204 4.83308e-06
52.2915 4.77045e-06
52.3625 4.70863e-06
52.4336 4.64762e-06
52.5047 4.5874e-06
52.5758 4.52797e-06
52.6469 4.46931e-06
52.718 4.41142e-06
52.7891 4.35428e-06
52.8602 4.29788e-06
52.9312 4.24221e-06
53.0023 4.18728e-06
53.0734 4.13305e-06
53.1445 4.07953e-06
53.2156 4.02671e-06
53.2867 3.97458e-06
53.3578 3.92312e-06
53.4289 3.87233e-06
53.5 3.82221e-06
53.571 3.77273e-06
53.6421 3.7239e-06
53.7132 3.67571e-06
53.7843 3.62814e-06
53.8554 3.58119e-06
53.9265 3.53485e-06
53.9976 3.48911e-06
54.0687 3.44397e-06
54.1397 3.39941e-06
54.2108 3.35544e-06
54.2819 3.31203e-06
54.353 3.26919e-06
54.4241 3.22691e-06
54.4952 3.18517e-06
54.5663 3.14398e-06
54.6374 3.10332e-06
54.7084 3.06319e-06
54.7795 3.02359e-06
54.8506 2.98449e-06
54.9217 2.94591e-06
54.9928 2.90782e-06
55.0639 2.87023e-06
55.135 2.83313e-06
55.2061 2.79651e-06
55.2772 2.76037e-06
55.3482 2.72469e-06
55.4193 2.68948e-06
55.4904 2.65473e-06
55.5615 2.62043e-06
55.6326 2.58657e-06
55.7037 2.55315e-06
55.7748 2.52016e-06
55.8459 2.48761e-06
55.9169 2.45547e-06
55.988 2.42376e-06
56.0591 2.39245e-06
56.1302 2.36155e-06
56.2013 2.33105e-06
56.2724 2.30095e-06
56.3435 2.27124e-06
56.4146 2.24191e-06
56.4857 2.21296e-06
56.5567 2.18439e-06
56.6278 2.15619e-06
56.6989 2.12836e-06
56.77 2.10088e-06
56.8411 2.07376e-06
56.9122 2.047e-06
56.9833 2.02058e-06
57.0544 1.9945e-06
57.1254 1.96876e-06
57.1965 1.94335e-06
57.2676 1.91828e-06
57.3387 1.89353e-06
57.4098 1.8691e-06
57.4809 1.84498e-06
57.552 1.82118e-06
57.6231 1.79769e-06
57.6941 1.7745e-06
57.7652 1.75161e-06
57.8363 1.72902e-06
57.9074 1.70672e-06
57.9785 1.68471e-06
