-91.7859 1.46675e-06
-91.6884 1.48123e-06
-91.591 1.49586e-06
-91.4935 1.51064e-06
-91.396 1.52556e-06
-91.2986 1.54063e-06
-91.2011 1.55586e-06
-91.1037 1.57123e-06
-91.0062 1.58676e-06
-90.9087 1.60244e-06
-90.8113 1.61828e-06
-90.7138 1.63428e-06
-90.6164 1.65043e-06
-90.5189 1.66675e-06
-90.4214 1.68324e-06
-90.324 1.69988e-06
-90.2265 1.71669e-06
-90.1291 1.73368e-06
-90.0316 1.75083e-06
-89.9341 1.76815e-06
-89.8367 1.78564e-06
-89.7392 1.80331e-06
-89.6418 1.82116e-06
-89.5443 1.83918e-06
-89.4468 1.85739e-06
-89.3494 1.87578e-06
-89.2519 1.89435e-06
-89.1545 1.9131e-06
-89.057 1.93205e-06
-88.9595 1.95118e-06
-88.8621 1.97051e-06
-88.7646 1.99003e-06
-88.6672 2.00974e-06
-88.5697 2.02965e-06
-88.4722 2.04977e-06
-88.3748 2.07008e-06
-88.2773 2.09059e-06
-88.1799 2.11132e-06
-88.0824 2.13224e-06
-87.985 2.15338e-06
-87.8875 2.17473e-06
-87.79 2.1963e-06
-87.6926 2.21808e-06
-87.5951 2.24008e-06
-87.4977 2.2623e-06
-87.4002 2.28474e-06
-87.3027 2.30741e-06
-87.2053 2.3303e-06
-87.1078 2.35343e-06
-87.0104 2.37678e-06
-86.9129 2.40038e-06
-86.8154 2.4242e-06
-86.718 2.44827e-06
-86.6205 2.47258e-06
-86.5231 2.49713e-06
-86.4256 2.52193e-06
-86.3281 2.54698e-06
-86.2307 2.57228e-06
-86.1332 2.59783e-06
-86.0358 2.62364e-06
-85.9383 2.64971e-06
-85.8408 2.67604e-06
-85.7434 2.70264e-06
-85.6459 2.7295e-06
-85.5485 2.75663e-06
-85.451 2.78404e-06
-85.3535 2.81172e-06
-85.2561 2.83968e-06
-85.1586 2.86792e-06
-85.0612 2.89644e-06
-84.9637 2.92526e-06
-84.8662 2.95436e-06
-84.7688 2.98375e-06
-84.6713 3.01344e-06
-84.5739 3.04343e-06
-84.4764 3.07372e-06
-84.3789 3.10432e-06
-84.2815 3.13523e-06
-84.184 3.16644e-06
-84.0866 3.19797e-06
-83.9891 3.22982e-06
-83.8916 3.26199e-06
-83.7942 3.29448e-06
-83.6967 3.3273e-06
-83.5993 3.36045e-06
-83.5018 3.39394e-06
-83.4043 3.42776e-06
-83.3069 3.46192e-06
-83.2094 3.49643e-06
-83.112 3.53129e-06
-83.0145 3.56649e-06
-82.917 3.60206e-06
-82.8196 3.63798e-06
-82.7221 3.67426e-06
-82.6247 3.71091e-06
-82.5272 3.74794e-06
-82.4297 3.78533e-06
-82.3323 3.8231e-06
-82.2348 3.86126e-06
-82.1374 3.89979e-06
-82.0399 3.93872e-06
-81.9424 3.97804e-06
-81.845 4.01776e-06
-81.7475 4.05788e-06
-81.6501 4.09841e-06
-81.5526 4.13934e-06
-81.4552 4.18069e-06
-81.3577 4.22246e-06
-81.2602 4.26465e-06
-81.1628 4.30727e-06
-81.0653 4.35032e-06
-80.9679 4.3938e-06
-80.8704 4.43772e-06
-80.7729 4.48209e-06
-80.6755 4.52691e-06
-80.578 4.57218e-06
-80.4806 4.61791e-06
-80.3831 4.6641e-06
-80.2856 4.71076e-06
-80.1882 4.75789e-06
-80.0907 4.80551e-06
-79.9933 4.8536e-06
-79.8958 4.90218e-06
-79.7983 4.95125e-06
-79.7009 5.00082e-06
-79.6034 5.0509e-06
-79.506 5.10148e-06
-79.4085 5.15257e-06
-79.311 5.20418e-06
-79.2136 5.25632e-06
-79.1161 5.30898e-06
-79.0187 5.36218e-06
-78.9212 5.41592e-06
-78.8237 5.47021e-06
-78.7263 5.52505e-06
-78.6288 5.58044e-06
-78.5314 5.6364e-06
-78.4339 5.69292e-06
-78.3364 5.75002e-06
-78.239 5.8077e-06
-78.1415 5.86596e-06
-78.0441 5.92482e-06
-77.9466 5.98428e-06
-77.8491 6.04434e-06
-77.7517 6.10501e-06
-77.6542 6.1663e-06
-77.5568 6.22821e-06
-77.4593 6.29075e-06
-77.3618 6.35393e-06
-77.2644 6.41775e-06
-77.1669 6.48223e-06
-77.0695 6.54735e-06
-76.972 6.61315e-06
-76.8745 6.67961e-06
-76.7771 6.74675e-06
-76.6796 6.81457e-06
-76.5822 6.88308e-06
-76.4847 6.95229e-06
-76.3872 7.02221e-06
-76.2898 7.09284e-06
-76.1923 7.16419e-06
-76.0949 7.23627e-06
-75.9974 7.30908e-06
-75.8999 7.38264e-06
-75.8025 7.45695e-06
-75.705 7.53201e-06
-75.6076 7.60785e-06
-75.5101 7.68445e-06
-75.4126 7.76184e-06
-75.3152 7.84002e-06
-75.2177 7.919e-06
-75.1203 7.99878e-06
-75.0228 8.07938e-06
-74.9254 8.1608e-06
-74.8279 8.24306e-06
-74.7304 8.32616e-06
-74.633 8.4101e-06
-74.5355 8.49491e-06
-74.4381 8.58058e-06
-74.3406 8.66713e-06
-74.2431 8.75456e-06
-74.1457 8.84289e-06
-74.0482 8.93212e-06
-73.9508 9.02227e-06
-73.8533 9.11334e-06
-73.7558 9.20534e-06
-73.6584 9.29829e-06
-73.5609 9.39219e-06
-73.4635 9.48705e-06
-73.366 9.58288e-06
-73.2685 9.67969e-06
-73.1711 9.7775e-06
-73.0736 9.87631e-06
-72.9762 9.97613e-06
-72.8787 1.0077e-05
-72.7812 1.01789e-05
-72.6838 1.02818e-05
-72.5863 1.03858e-05
-72.4889 1.04908e-05
-72.3914 1.0597e-05
-72.2939 1.07042e-05
-72.1965 1.08125e-05
-72.099 1.09219e-05
-72.0016 1.10325e-05
-71.9041 1.11442e-05
-71.8066 1.1257e-05
-71.7092 1.1371e-05
-71.6117 1.14862e-05
-71.5143 1.16026e-05
-71.4168 1.17201e-05
-71.3193 1.18389e-05
-71.2219 1.19589e-05
-71.1244 1.20801e-05
-71.027 1.22026e-05
-70.9295 1.23263e-05
-70.832 1.24513e-05
-70.7346 1.25776e-05
-70.6371 1.27052e-05
-70.5397 1.28342e-05
-70.4422 1.29644e-05
-70.3447 1.3096e-05
-70.2473 1.32289e-05
-70.1498 1.33632e-05
-70.0524 1.34989e-05
-69.9549 1.3636e-05
-69.8574 1.37746e-05
-69.76 1.39145e-05
-69.6625 1.40559e-05
-69.5651 1.41987e-05
-69.4676 1.43431e-05
-69.3701 1.44889e-05
-69.2727 1.46362e-05
-69.1752 1.4785e-05
-69.0778 1.49354e-05
-68.9803 1.50874e-05
-68.8828 1.52409e-05
-68.7854 1.5396e-05
-68.6879 1.55527e-05
-68.5905 1.5711e-05
-68.493 1.5871e-05
-68.3956 1.60326e-05
-68.2981 1.61959e-05
-68.2006 1.63609e-05
-68.1032 1.65275e-05
-68.0057 1.6696e-05
-67.9083 1.68661e-05
-67.8108 1.70381e-05
-67.7133 1.72118e-05
-67.6159 1.73873e-05
-67.5184 1.75646e-05
-67.421 1.77438e-05
-67.3235 1.79248e-05
-67.226 1.81077e-05
-67.1286 1.82925e-05
-67.0311 1.84793e-05
-66.9337 1.86679e-05
-66.8362 1.88585e-05
-66.7387 1.90512e-05
-66.6413 1.92458e-05
-66.5438 1.94424e-05
-66.4464 1.96411e-05
-66.3489 1.98418e-05
-66.2514 2.00446e-05
-66.154 2.02496e-05
-66.0565 2.04567e-05
-65.9591 2.06659e-05
-65.8616 2.08773e-05
-65.7641 2.10909e-05
-65.6667 2.13067e-05
-65.5692 2.15248e-05
-65.4718 2.17452e-05
-65.3743 2.19678e-05
-65.2768 2.21928e-05
-65.1794 2.24201e-05
-65.0819 2.26498e-05
-64.9845 2.28819e-05
-64.887 2.31164e-05
-64.7895 2.33533e-05
-64.6921 2.35928e-05
-64.5946 2.38347e-05
-64.4972 2.40791e-05
-64.3997 2.43261e-05
-64.3022 2.45757e-05
-64.2048 2.48279e-05
-64.1073 2.50828e-05
-64.0099 2.53403e-05
-63.9124 2.56005e-05
-63.8149 2.58634e-05
-63.7175 2.6129e-05
-63.62 2.63975e-05
-63.5226 2.66688e-05
-63.4251 2.69428e-05
-63.3276 2.72198e-05
-63.2302 2.74997e-05
-63.1327 2.77825e-05
-63.0353 2.80683e-05
-62.9378 2.8357e-05
-62.8403 2.86488e-05
-62.7429 2.89437e-05
-62.6454 2.92416e-05
-62.548 2.95427e-05
-62.4505 2.98469e-05
-62.353 3.01544e-05
-62.2556 3.0465e-05
-62.1581 3.0779e-05
-62.0607 3.10962e-05
-61.9632 3.14167e-05
-61.8658 3.17407e-05
-61.7683 3.2068e-05
-61.6708 3.23988e-05
-61.5734 3.2733e-05
-61.4759 3.30708e-05
-61.3785 3.34121e-05
-61.281 3.37571e-05
-61.1835 3.41056e-05
-61.0861 3.44579e-05
-60.9886 3.48138e-05
-60.8912 3.51735e-05
-60.7937 3.5537e-05
-60.6962 3.59043e-05
-60.5988 3.62755e-05
-60.5013 3.66506e-05
-60.4039 3.70297e-05
-60.3064 3.74128e-05
-60.2089 3.77999e-05
-60.1115 3.81911e-05
-60.014 3.85865e-05
-59.9166 3.8986e-05
-59.8191 3.93898e-05
-59.7216 3.97978e-05
-59.6242 4.02101e-05
-59.5267 4.06268e-05
-59.4293 4.10479e-05
-59.3318 4.14735e-05
-59.2343 4.19036e-05
-59.1369 4.23382e-05
-59.0394 4.27775e-05
-58.942 4.32214e-05
-58.8445 4.367e-05
-58.747 4.41233e-05
-58.6496 4.45815e-05
-58.5521 4.50445e-05
-58.4547 4.55125e-05
-58.3572 4.59854e-05
-58.2597 4.64633e-05
-58.1623 4.69463e-05
-58.0648 4.74345e-05
-57.9674 4.79278e-05
-57.8699 4.84264e-05
-57.7724 4.89303e-05
-57.675 4.94395e-05
-57.5775 4.99542e-05
-57.4801 5.04743e-05
-57.3826 5.1e-05
-57.2851 5.15313e-05
-57.1877 5.20682e-05
-57.0902 5.26109e-05
-56.9928 5.31594e-05
-56.8953 5.37137e-05
-56.7978 5.42739e-05
-56.7004 5.48401e-05
-56.6029 5.54123e-05
-56.5055 5.59907e-05
-56.408 5.65752e-05
-56.3105 5.71659e-05
-56.2131 5.7763e-05
-56.1156 5.83665e-05
-56.0182 5.89764e-05
-55.9207 5.95929e-05
-55.8232 6.02159e-05
-55.7258 6.08456e-05
-55.6283 6.14821e-05
-55.5309 6.21253e-05
-55.4334 6.27755e-05
-55.336 6.34326e-05
-55.2385 6.40968e-05
-55.141 6.47681e-05
-55.0436 6.54466e-05
-54.9461 6.61324e-05
-54.8487 6.68256e-05
-54.7512 6.75262e-05
-54.6537 6.82343e-05
-54.5563 6.895e-05
-54.4588 6.96734e-05
-54.3614 7.04046e-05
-54.2639 7.11437e-05
-54.1664 7.18907e-05
-54.069 7.26458e-05
-53.9715 7.3409e-05
-53.8741 7.41804e-05
-53.7766 7.49601e-05
-53.6791 7.57482e-05
-53.5817 7.65448e-05
-53.4842 7.73501e-05
-53.3868 7.8164e-05
-53.2893 7.89867e-05
-53.1918 7.98182e-05
-53.0944 8.06588e-05
-52.9969 8.15084e-05
-52.8995 8.23672e-05
-52.802 8.32353e-05
-52.7045 8.41128e-05
-52.6071 8.49998e-05
-52.5096 8.58964e-05
-52.4122 8.68027e-05
-52.3147 8.77188e-05
-52.2172 8.86448e-05
-52.1198 8.95809e-05
-52.0223 9.05271e-05
-51.9249 9.14836e-05
-51.8274 9.24505e-05
-51.7299 9.34279e-05
-51.6325 9.44158e-05
-51.535 9.54145e-05
-51.4376 9.64241e-05
-51.3401 9.74446e-05
-51.2426 9.84763e-05
-51.1452 9.95191e-05
-51.0477 0.000100573
-50.9503 0.000101639
-50.8528 0.000102716
-50.7553 0.000103805
-50.6579 0.000104906
-50.5604 0.000106019
-50.463 0.000107144
-50.3655 0.000108282
-50.268 0.000109431
-50.1706 0.000110594
-50.0731 0.000111769
-49.9757 0.000112956
-49.8782 0.000114157
-49.7807 0.000115371
-49.6833 0.000116598
-49.5858 0.000117839
-49.4884 0.000119093
-49.3909 0.000120361
-49.2934 0.000121643
-49.196 0.000122939
-49.0985 0.000124249
-49.0011 0.000125574
-48.9036 0.000126913
-48.8062 0.000128267
-48.7087 0.000129635
-48.6112 0.000131019
-48.5138 0.000132418
-48.4163 0.000133832
-48.3189 0.000135262
-48.2214 0.000136708
-48.1239 0.000138169
-48.0265 0.000139647
-47.929 0.000141141
-47.8316 0.000142651
-47.7341 0.000144178
-47.6366 0.000145722
-47.5392 0.000147283
-47.4417 0.000148861
-47.3443 0.000150457
-47.2468 0.00015207
-47.1493 0.000153701
-47.0519 0.000155351
-46.9544 0.000157018
-46.857 0.000158704
-46.7595 0.000160409
-46.662 0.000162132
-46.5646 0.000163875
-46.4671 0.000165637
-46.3697 0.000167418
-46.2722 0.000169219
-46.1747 0.000171041
-46.0773 0.000172882
-45.9798 0.000174744
-45.8824 0.000176627
-45.7849 0.000178531
-45.6874 0.000180456
-45.59 0.000182402
-45.4925 0.00018437
-45.3951 0.00018636
-45.2976 0.000188372
-45.2001 0.000190407
-45.1027 0.000192464
-45.0052 0.000194545
-44.9078 0.000196648
-44.8103 0.000198776
-44.7128 0.000200927
-44.6154 0.000203102
-44.5179 0.000205301
-44.4205 0.000207525
-44.323 0.000209774
-44.2255 0.000212048
-44.1281 0.000214348
-44.0306 0.000216674
-43.9332 0.000219026
-43.8357 0.000221404
-43.7382 0.000223809
-43.6408 0.000226241
-43.5433 0.0002287
-43.4459 0.000231187
-43.3484 0.000233702
-43.2509 0.000236245
-43.1535 0.000238818
-43.056 0.000241419
-42.9586 0.000244049
-42.8611 0.00024671
-42.7636 0.0002494
-42.6662 0.000252121
-42.5687 0.000254872
-42.4713 0.000257655
-42.3738 0.000260469
-42.2764 0.000263315
-42.1789 0.000266194
-42.0814 0.000269105
-41.984 0.000272049
-41.8865 0.000275026
-41.7891 0.000278038
-41.6916 0.000281083
-41.5941 0.000284164
-41.4967 0.000287279
-41.3992 0.00029043
-41.3018 0.000293617
-41.2043 0.00029684
-41.1068 0.0003001
-41.0094 0.000303397
-40.9119 0.000306732
-40.8145 0.000310105
-40.717 0.000313516
-40.6195 0.000316967
-40.5221 0.000320457
-40.4246 0.000323987
-40.3272 0.000327558
-40.2297 0.000331169
-40.1322 0.000334822
-40.0348 0.000338517
-39.9373 0.000342255
-39.8399 0.000346035
-39.7424 0.000349859
-39.6449 0.000353727
-39.5475 0.000357639
-39.45 0.000361597
-39.3526 0.0003656
-39.2551 0.000369649
-39.1576 0.000373746
-39.0602 0.000377889
-38.9627 0.000382081
-38.8653 0.000386321
-38.7678 0.00039061
-38.6703 0.000394949
-38.5729 0.000399338
-38.4754 0.000403778
-38.378 0.000408269
-38.2805 0.000412813
-38.183 0.000417409
-38.0856 0.000422059
-37.9881 0.000426764
-37.8907 0.000431523
-37.7932 0.000436337
-37.6957 0.000441208
-37.5983 0.000446135
-37.5008 0.00045112
-37.4034 0.000456163
-37.3059 0.000461265
-37.2084 0.000466427
-37.111 0.00047165
-37.0135 0.000476933
-36.9161 0.000482279
-36.8186 0.000487687
-36.7211 0.000493159
-36.6237 0.000498695
-36.5262 0.000504297
-36.4288 0.000509964
-36.3313 0.000515698
-36.2338 0.000521499
-36.1364 0.000527369
-36.0389 0.000533309
-35.9415 0.000539318
-35.844 0.000545399
-35.7466 0.000551551
-35.6491 0.000557777
-35.5516 0.000564076
-35.4542 0.000570449
-35.3567 0.000576899
-35.2593 0.000583425
-35.1618 0.000590029
-35.0643 0.000596711
-34.9669 0.000603472
-34.8694 0.000610315
-34.772 0.000617239
-34.6745 0.000624245
-34.577 0.000631335
-34.4796 0.00063851
-34.3821 0.000645771
-34.2847 0.000653119
-34.1872 0.000660554
-34.0897 0.000668079
-33.9923 0.000675694
-33.8948 0.000683401
-33.7974 0.0006912
-33.6999 0.000699093
-33.6024 0.000707082
-33.505 0.000715166
-33.4075 0.000723348
-33.3101 0.000731629
-33.2126 0.000740009
-33.1151 0.000748492
-33.0177 0.000757076
-32.9202 0.000765765
-32.8228 0.000774559
-32.7253 0.00078346
-32.6278 0.000792469
-32.5304 0.000801588
-32.4329 0.000810817
-32.3355 0.000820159
-32.238 0.000829615
-32.1405 0.000839186
-32.0431 0.000848874
-31.9456 0.00085868
-31.8482 0.000868607
-31.7507 0.000878655
-31.6532 0.000888826
-31.5558 0.000899122
-31.4583 0.000909544
-31.3609 0.000920095
-31.2634 0.000930775
-31.1659 0.000941587
-31.0685 0.000952533
-30.971 0.000963613
-30.8736 0.00097483
-30.7761 0.000986186
-30.6786 0.000997683
-30.5812 0.00100932
-30.4837 0.00102111
-30.3863 0.00103304
-30.2888 0.00104511
-30.1913 0.00105734
-30.0939 0.00106972
-29.9964 0.00108226
-29.899 0.00109495
-29.8015 0.0011078
-29.704 0.00112081
-29.6066 0.00113398
-29.5091 0.00114732
-29.4117 0.00116083
-29.3142 0.0011745
-29.2168 0.00118835
-29.1193 0.00120237
-29.0218 0.00121657
-28.9244 0.00123095
-28.8269 0.00124551
-28.7295 0.00126025
-28.632 0.00127518
-28.5345 0.0012903
-28.4371 0.00130561
-28.3396 0.00132112
-28.2422 0.00133682
-28.1447 0.00135273
-28.0472 0.00136883
-27.9498 0.00138514
-27.8523 0.00140166
-27.7549 0.00141839
-27.6574 0.00143534
-27.5599 0.0014525
-27.4625 0.00146989
-27.365 0.00148749
-27.2676 0.00150533
-27.1701 0.00152339
-27.0726 0.00154169
-26.9752 0.00156022
-26.8777 0.00157899
-26.7803 0.00159801
-26.6828 0.00161727
-26.5853 0.00163678
-26.4879 0.00165655
-26.3904 0.00167657
-26.293 0.00169686
-26.1955 0.00171741
-26.098 0.00173823
-26.0006 0.00175932
-25.9031 0.00178068
-25.8057 0.00180233
-25.7082 0.00182427
-25.6107 0.00184649
-25.5133 0.001869
-25.4158 0.00189181
-25.3184 0.00191493
-25.2209 0.00193835
-25.1234 0.00196208
-25.026 0.00198612
-24.9285 0.00201049
-24.8311 0.00203518
-24.7336 0.00206019
-24.6361 0.00208555
-24.5387 0.00211124
-24.4412 0.00213728
-24.3438 0.00216366
-24.2463 0.0021904
-24.1488 0.0022175
-24.0514 0.00224497
-23.9539 0.0022728
-23.8565 0.00230102
-23.759 0.00232961
-23.6615 0.00235859
-23.5641 0.00238797
-23.4666 0.00241775
-23.3692 0.00244793
-23.2717 0.00247852
-23.1742 0.00250954
-23.0768 0.00254098
-22.9793 0.00257284
-22.8819 0.00260515
-22.7844 0.00263791
-22.687 0.00267111
-22.5895 0.00270477
-22.492 0.0027389
-22.3946 0.00277351
-22.2971 0.00280859
-22.1997 0.00284416
-22.1022 0.00288023
-22.0047 0.0029168
-21.9073 0.00295388
-21.8098 0.00299149
-21.7124 0.00302962
-21.6149 0.00306829
-21.5174 0.0031075
-21.42 0.00314727
-21.3225 0.0031876
-21.2251 0.0032285
-21.1276 0.00326998
-21.0301 0.00331206
-20.9327 0.00335473
-20.8352 0.00339802
-20.7378 0.00344192
-20.6403 0.00348646
-20.5428 0.00353163
-20.4454 0.00357746
-20.3479 0.00362394
-20.2505 0.00367111
-20.153 0.00371895
-20.0555 0.00376749
-19.9581 0.00381674
-19.8606 0.0038667
-19.7632 0.0039174
-19.6657 0.00396884
-19.5682 0.00402104
-19.4708 0.004074
-19.3733 0.00412775
-19.2759 0.00418229
-19.1784 0.00423764
-19.0809 0.00429382
-18.9835 0.00435083
-18.886 0.00440869
-18.7886 0.00446742
-18.6911 0.00452703
-18.5936 0.00458754
-18.4962 0.00464896
-18.3987 0.0047113
-18.3013 0.0047746
-18.2038 0.00483885
-18.1063 0.00490408
-18.0089 0.00497031
-17.9114 0.00503756
-17.814 0.00510583
-17.7165 0.00517516
-17.619 0.00524556
-17.5216 0.00531704
-17.4241 0.00538964
-17.3267 0.00546336
-17.2292 0.00553824
-17.1317 0.00561429
-17.0343 0.00569153
-16.9368 0.00576998
-16.8394 0.00584968
-16.7419 0.00593063
-16.6444 0.00601287
-16.547 0.00609642
-16.4495 0.0061813
-16.3521 0.00626755
-16.2546 0.00635517
-16.1572 0.00644421
-16.0597 0.00653469
-15.9622 0.00662664
-15.8648 0.00672008
-15.7673 0.00681505
-15.6699 0.00691157
-15.5724 0.00700967
-15.4749 0.0071094
-15.3775 0.00721077
-15.28 0.00731382
-15.1826 0.00741859
-15.0851 0.00752511
-14.9876 0.00763341
-14.8902 0.00774353
-14.7927 0.00785552
-14.6953 0.0079694
-14.5978 0.00808521
-14.5003 0.008203
-14.4029 0.00832281
-14.3054 0.00844468
-14.208 0.00856865
-14.1105 0.00869477
-14.013 0.00882308
-13.9156 0.00895363
-13.8181 0.00908646
-13.7207 0.00922164
-13.6232 0.0093592
-13.5257 0.0094992
-13.4283 0.00964169
-13.3308 0.00978673
-13.2334 0.00993438
-13.1359 0.0100847
-13.0384 0.0102377
-12.941 0.0103935
-12.8435 0.0105522
-12.7461 0.0107138
-12.6486 0.0108783
-12.5511 0.0110459
-12.4537 0.0112166
-12.3562 0.0113905
-12.2588 0.0115677
-12.1613 0.0117482
-12.0638 0.0119321
-11.9664 0.0121196
-11.8689 0.0123106
-11.7715 0.0125053
-11.674 0.0127038
-11.5765 0.0129061
-11.4791 0.0131124
-11.3816 0.0133227
-11.2842 0.0135372
-11.1867 0.0137559
-11.0892 0.013979
-10.9918 0.0142066
-10.8943 0.0144388
-10.7969 0.0146756
-10.6994 0.0149174
-10.6019 0.015164
-10.5045 0.0154158
-10.407 0.0156728
-10.3096 0.0159352
-10.2121 0.0162031
-10.1146 0.0164767
-10.0172 0.0167561
-9.91973 0.0170414
-9.82227 0.017333
-9.72481 0.0176308
-9.62735 0.0179352
-9.52989 0.0182463
-9.43243 0.0185642
-9.33497 0.0188893
-9.23751 0.0192216
-9.14005 0.0195615
-9.04259 0.0199091
-8.94513 0.0202647
-8.84767 0.0206285
-8.75021 0.0210008
-8.65275 0.0213818
-8.55529 0.0217718
-8.45783 0.0221712
-8.36037 0.0225801
-8.26291 0.0229989
-8.16545 0.023428
-8.06799 0.0238676
-7.97054 0.0243182
-7.87308 0.02478
-7.77562 0.0252535
-7.67816 0.0257391
-7.5807 0.0262372
-7.48324 0.0267482
-7.38578 0.0272726
-7.28832 0.0278109
-7.19086 0.0283635
-7.0934 0.0289311
-6.99594 0.0295141
-6.89848 0.0301131
-6.80102 0.0307288
-6.70356 0.0313618
-6.6061 0.0320128
-6.50864 0.0326824
-6.41118 0.0333715
-6.31372 0.0340807
-6.21626 0.034811
-6.1188 0.0355632
-6.02134 0.0363383
-5.92388 0.0371371
-5.82642 0.0379608
-5.72896 0.0388105
-5.6315 0.0396872
-5.53404 0.0405922
-5.43658 0.0415268
-5.33912 0.0424923
-5.24166 0.0434903
-5.1442 0.0445223
-5.04674 0.0455899
-4.94928 0.0466949
-4.85182 0.0478392
-4.75436 0.0490247
-4.65691 0.0502536
-4.55945 0.0515282
-4.46199 0.0528509
-4.36453 0.0542244
-4.26707 0.0556513
-4.16961 0.0571348
-4.07215 0.058678
-3.97469 0.0602844
-3.87723 0.0619578
-3.77977 0.0637021
-3.68231 0.0655218
-3.58485 0.0674214
-3.48739 0.0694061
-3.38993 0.0714813
-3.29247 0.0736529
-3.19501 0.0759274
-3.09755 0.0783117
-3.00009 0.0808133
-2.90263 0.0834405
-2.80517 0.086202
-2.70771 0.0891076
-2.61025 0.0921675
-2.51279 0.0953932
-2.41533 0.0987969
-2.31787 0.102392
-2.22041 0.106191
-2.12295 0.110211
-2.02549 0.114467
-1.92803 0.118975
-1.83057 0.123753
-1.73311 0.128816
-1.63565 0.134182
-1.53819 0.139863
-1.44073 0.14587
-1.34328 0.152207
-1.24582 0.158866
-1.14836 0.165826
-1.0509 0.173042
-0.953436 0.180435
-0.855977 0.18788
-0.758517 0.195187
-0.661057 0.202084
-0.563598 0.208201
-0.466138 0.213061
-0.368678 0.216097
-0.271218 0.216708
-0.173759 0.214358
-0.0762991 0.208715
0.0211606 0.199773
0.11862 0.187913
0.21608 0.17384
0.31354 0.158433
0.410999 0.14257
0.508459 0.126984
0.605919 0.112207
0.703379 0.0985667
0.800838 0.0862195
0.898298 0.0752014
0.995758 0.065469
1.09322 0.0569334
1.19068 0.0494843
1.28814 0.0430045
1.3856 0.0373797
1.48306 0.032503
1.58052 0.0282774
1.67798 0.0246164
1.77544 0.0214441
1.87289 0.018694
1.97035 0.0163086
2.06781 0.0142382
2.16527 0.0124398
2.26273 0.0108764
2.36019 0.0095163
2.45765 0.00833203
2.55511 0.00730002
2.65257 0.00639999
2.75003 0.00561444
2.84749 0.00492829
2.94495 0.0043285
3.04241 0.00380384
3.13987 0.00334456
3.23733 0.00294226
3.33479 0.00258964
3.43225 0.00228037
3.52971 0.00200895
3.62717 0.00177062
3.72463 0.00156123
3.82209 0.00137716
3.91955 0.00121527
4.01701 0.00107282
4.11447 0.000947413
4.21193 0.000836959
4.30939 0.000739633
4.40685 0.000653838
4.50431 0.000578177
4.60177 0.000511428
4.69923 0.000452517
4.79669 0.000400507
4.89415 0.000354571
4.99161 0.000313988
5.08907 0.000278121
5.18652 0.000246413
5.28398 0.000218372
5.38144 0.000193567
5.4789 0.000171619
5.57636 0.000152193
