-13.5751 2.90716e-05
-13.512 3.02105e-05
-13.4489 3.13942e-05
-13.3858 3.26246e-05
-13.3226 3.39036e-05
-13.2595 3.5233e-05
-13.1964 3.6615e-05
-13.1333 3.80515e-05
-13.0701 3.95448e-05
-13.007 4.10971e-05
-12.9439 4.27108e-05
-12.8807 4.43883e-05
-12.8176 4.61322e-05
-12.7545 4.79451e-05
-12.6914 4.98297e-05
-12.6282 5.1789e-05
-12.5651 5.38259e-05
-12.502 5.59435e-05
-12.4389 5.81451e-05
-12.3757 6.0434e-05
-12.3126 6.28137e-05
-12.2495 6.52879e-05
-12.1864 6.78603e-05
-12.1232 7.05348e-05
-12.0601 7.33156e-05
-11.997 7.6207e-05
-11.9339 7.92133e-05
-11.8707 8.23392e-05
-11.8076 8.55895e-05
-11.7445 8.89692e-05
-11.6813 9.24834e-05
-11.6182 9.61377e-05
-11.5551 9.99376e-05
-11.492 0.000103889
-11.4288 0.000107998
-11.3657 0.000112271
-11.3026 0.000116715
-11.2395 0.000121336
-11.1763 0.000126142
-11.1132 0.00013114
-11.0501 0.000136338
-10.987 0.000141743
-10.9238 0.000147366
-10.8607 0.000153213
-10.7976 0.000159295
-10.7344 0.00016562
-10.6713 0.000172199
-10.6082 0.000179042
-10.5451 0.00018616
-10.4819 0.000193564
-10.4188 0.000201265
-10.3557 0.000209276
-10.2926 0.000217609
-10.2294 0.000226277
-10.1663 0.000235295
-10.1032 0.000244675
-10.0401 0.000254434
-9.97693 0.000264587
-9.9138 0.000275149
-9.85068 0.000286137
-9.78755 0.00029757
-9.72442 0.000309465
-9.6613 0.00032184
-9.59817 0.000334717
-9.53504 0.000348115
-9.47192 0.000362055
-9.40879 0.000376561
-9.34566 0.000391655
-9.28254 0.000407362
-9.21941 0.000423707
-9.15628 0.000440716
-9.09316 0.000458417
-9.03003 0.000476838
-8.9669 0.000496009
-8.90378 0.000515962
-8.84065 0.000536728
-8.77752 0.000558341
-8.7144 0.000580837
-8.65127 0.000604252
-8.58814 0.000628624
-8.52502 0.000653994
-8.46189 0.000680402
-8.39877 0.000707892
-8.33564 0.00073651
-8.27251 0.000766303
-8.20939 0.000797319
-8.14626 0.00082961
-8.08313 0.000863229
-8.02001 0.000898233
-7.95688 0.000934679
-7.89375 0.000972627
-7.83063 0.00101214
-7.7675 0.00105329
-7.70437 0.00109614
-7.64125 0.00114076
-7.57812 0.00118723
-7.51499 0.00123563
-7.45187 0.00128603
-7.38874 0.00133853
-7.32561 0.00139321
-7.26249 0.00145016
-7.19936 0.00150949
-7.13623 0.00157129
-7.07311 0.00163568
-7.00998 0.00170275
-6.94686 0.00177262
-6.88373 0.00184542
-6.8206 0.00192128
-6.75748 0.00200031
-6.69435 0.00208267
-6.63122 0.00216848
-6.5681 0.00225792
-6.50497 0.00235112
-6.44184 0.00244825
-6.37872 0.00254949
-6.31559 0.00265501
-6.25246 0.002765
-6.18934 0.00287965
-6.12621 0.00299918
-6.06308 0.00312378
-5.99996 0.00325369
-5.93683 0.00338914
-5.8737 0.00353037
-5.81058 0.00367764
-5.74745 0.00383122
-5.68432 0.00399138
-5.6212 0.00415842
-5.55807 0.00433264
-5.49495 0.00451437
-5.43182 0.00470393
-5.36869 0.00490169
-5.30557 0.005108
-5.24244 0.00532326
-5.17931 0.00554787
-5.11619 0.00578225
-5.05306 0.00602684
-4.98993 0.00628211
-4.92681 0.00654855
-4.86368 0.00682665
-4.80055 0.00711697
-4.73743 0.00742006
-4.6743 0.0077365
-4.61117 0.00806691
-4.54805 0.00841195
-4.48492 0.00877229
-4.42179 0.00914864
-4.35867 0.00954175
-4.29554 0.0099524
-4.23241 0.0103814
-4.16929 0.0108297
-4.10616 0.0112981
-4.04304 0.0117876
-3.97991 0.0122992
-3.91678 0.012834
-3.85366 0.013393
-3.79053 0.0139775
-3.7274 0.0145886
-3.66428 0.0152277
-3.60115 0.0158961
-3.53802 0.0165953
-3.4749 0.0173267
-3.41177 0.0180919
-3.34864 0.0188927
-3.28552 0.0197307
-3.22239 0.0206078
-3.15926 0.0215259
-3.09614 0.0224872
-3.03301 0.0234937
-2.96988 0.0245478
-2.90676 0.0256519
-2.84363 0.0268084
-2.7805 0.0280201
-2.71738 0.0292898
-2.65425 0.0306205
-2.59113 0.0320152
-2.528 0.0334773
-2.46487 0.0350102
-2.40175 0.0366177
-2.33862 0.0383034
-2.27549 0.0400715
-2.21237 0.0419263
-2.14924 0.0438721
-2.08611 0.0459137
-2.02299 0.0480559
-1.95986 0.0503038
-1.89673 0.0526628
-1.83361 0.0551383
-1.77048 0.0577359
-1.70735 0.0604617
-1.64423 0.0633214
-1.5811 0.0663212
-1.51797 0.0694671
-1.45485 0.072765
-1.39172 0.0762206
-1.32859 0.0798394
-1.26547 0.083626
-1.20234 0.0875844
-1.13922 0.0917175
-1.07609 0.0960264
-1.01296 0.10051
-0.949836 0.105165
-0.886709 0.109984
-0.823583 0.114956
-0.760456 0.120064
-0.69733 0.125284
-0.634203 0.130584
-0.571076 0.135925
-0.50795 0.141257
-0.444823 0.146518
-0.381697 0.151639
-0.31857 0.156539
-0.255444 0.161133
-0.192317 0.165333
-0.129191 0.169056
-0.0660643 0.172226
-0.00293778 0.174784
0.0601887 0.176693
0.123315 0.177939
0.186442 0.178531
0.249568 0.1785
0.312695 0.177896
0.375821 0.176779
0.438948 0.175217
0.502074 0.173278
0.565201 0.17103
0.628327 0.168535
0.691454 0.165848
0.75458 0.163018
0.817707 0.160087
0.880834 0.157089
0.94396 0.154055
1.00709 0.151007
1.07021 0.147964
1.13334 0.144942
1.19647 0.141952
1.25959 0.139004
1.32272 0.136104
1.38585 0.133258
1.44897 0.13047
1.5121 0.127742
1.57523 0.125075
1.63835 0.12247
1.70148 0.119929
1.7646 0.11745
1.82773 0.115033
1.89086 0.112677
1.95398 0.110381
2.01711 0.108144
2.08024 0.105964
2.14336 0.10384
2.20649 0.101771
2.26962 0.0997553
2.33274 0.0977909
2.39587 0.0958767
2.459 0.0940111
2.52212 0.0921926
2.58525 0.0904197
2.64838 0.0886912
2.7115 0.0870056
2.77463 0.0853615
2.83776 0.0837578
2.90088 0.082193
2.96401 0.080666
3.02714 0.0791756
3.09026 0.0777207
3.15339 0.0763002
3.21651 0.0749129
3.27964 0.073558
3.34277 0.0722344
3.40589 0.0709412
3.46902 0.0696774
3.53215 0.0684421
3.59527 0.0672346
3.6584 0.066054
3.72153 0.0648995
3.78465 0.0637704
3.84778 0.0626659
3.91091 0.0615853
3.97403 0.060528
4.03716 0.0594932
4.10029 0.0584805
4.16341 0.057489
4.22654 0.0565184
4.28967 0.0555679
4.35279 0.0546371
4.41592 0.0537254
4.47905 0.0528323
4.54217 0.0519574
4.6053 0.0511001
4.66842 0.05026
4.73155 0.0494366
4.79468 0.0486296
4.8578 0.0478385
4.92093 0.0470629
4.98406 0.0463024
5.04718 0.0455566
5.11031 0.0448252
5.17344 0.0441079
5.23656 0.0434042
5.29969 0.0427139
5.36282 0.0420367
5.42594 0.0413721
5.48907 0.04072
5.5522 0.04008
5.61532 0.0394519
5.67845 0.0388353
5.74158 0.0382301
5.8047 0.0376359
5.86783 0.0370526
5.93096 0.0364797
5.99408 0.0359173
6.05721 0.0353649
6.12033 0.0348223
6.18346 0.0342895
6.24659 0.033766
6.30971 0.0332519
6.37284 0.0327467
6.43597 0.0322504
6.49909 0.0317628
6.56222 0.0312836
6.62535 0.0308127
6.68847 0.03035
6.7516 0.0298952
6.81473 0.0294481
6.87785 0.0290088
6.94098 0.0285768
7.00411 0.0281522
7.06723 0.0277348
7.13036 0.0273244
7.19349 0.0269209
7.25661 0.0265241
7.31974 0.0261339
7.38287 0.0257502
7.44599 0.0253729
7.50912 0.0250017
7.57224 0.0246367
7.63537 0.0242777
7.6985 0.0239246
7.76162 0.0235772
7.82475 0.0232354
7.88788 0.0228992
7.951 0.0225684
8.01413 0.022243
8.07726 0.0219228
8.14038 0.0216077
8.20351 0.0212977
8.26664 0.0209926
8.32976 0.0206923
8.39289 0.0203969
8.45602 0.020106
8.51914 0.0198198
8.58227 0.0195381
8.6454 0.0192608
8.70852 0.0189879
8.77165 0.0187192
8.83478 0.0184547
8.8979 0.0181943
8.96103 0.017938
9.02416 0.0176856
9.08728 0.0174372
9.15041 0.0171925
9.21353 0.0169516
9.27666 0.0167144
9.33979 0.0164809
9.40291 0.0162509
9.46604 0.0160244
9.52917 0.0158014
9.59229 0.0155817
9.65542 0.0153654
9.71855 0.0151524
9.78167 0.0149425
9.8448 0.0147358
9.90793 0.0145323
9.97105 0.0143318
10.0342 0.0141342
10.0973 0.0139397
10.1604 0.013748
10.2236 0.0135592
10.2867 0.0133732
10.3498 0.01319
10.4129 0.0130094
10.4761 0.0128316
10.5392 0.0126563
10.6023 0.0124837
10.6654 0.0123136
10.7286 0.0121459
10.7917 0.0119808
10.8548 0.011818
10.918 0.0116576
10.9811 0.0114996
11.0442 0.0113439
11.1073 0.0111904
11.1705 0.0110392
11.2336 0.0108901
11.2967 0.0107432
11.3598 0.0105985
11.423 0.0104558
11.4861 0.0103152
11.5492 0.0101766
11.6123 0.0100399
11.6755 0.00990528
11.7386 0.00977255
11.8017 0.00964172
11.8648 0.00951276
11.928 0.00938564
11.9911 0.00926033
12.0542 0.00913679
12.1174 0.00901502
12.1805 0.00889497
12.2436 0.00877661
12.3067 0.00865994
12.3699 0.00854491
12.433 0.0084315
12.4961 0.00831969
12.5592 0.00820946
12.6224 0.00810077
12.6855 0.00799361
12.7486 0.00788795
12.8117 0.00778377
12.8749 0.00768105
12.938 0.00757976
13.0011 0.00747988
13.0643 0.0073814
13.1274 0.00728429
13.1905 0.00718852
13.2536 0.00709409
13.3168 0.00700097
13.3799 0.00690913
13.443 0.00681857
13.5061 0.00672926
13.5693 0.00664118
13.6324 0.00655432
13.6955 0.00646865
13.7586 0.00638416
13.8218 0.00630084
13.8849 0.00621865
13.948 0.0061376
14.0112 0.00605766
14.0743 0.00597881
14.1374 0.00590104
14.2005 0.00582433
14.2637 0.00574867
14.3268 0.00567404
14.3899 0.00560043
14.453 0.00552782
14.5162 0.00545619
14.5793 0.00538554
14.6424 0.00531585
14.7055 0.00524711
14.7687 0.00517929
14.8318 0.00511239
14.8949 0.0050464
14.958 0.0049813
15.0212 0.00491708
15.0843 0.00485372
15.1474 0.00479121
15.2106 0.00472955
15.2737 0.00466872
15.3368 0.0046087
15.3999 0.00454949
15.4631 0.00449108
15.5262 0.00443344
15.5893 0.00437658
15.6524 0.00432048
15.7156 0.00426513
15.7787 0.00421052
15.8418 0.00415664
15.9049 0.00410348
15.9681 0.00405102
16.0312 0.00399926
16.0943 0.00394819
16.1575 0.00389781
16.2206 0.00384809
16.2837 0.00379903
16.3468 0.00375062
16.41 0.00370285
16.4731 0.00365571
16.5362 0.0036092
16.5993 0.0035633
16.6625 0.00351801
16.7256 0.00347332
16.7887 0.00342922
16.8518 0.0033857
16.915 0.00334275
16.9781 0.00330037
17.0412 0.00325854
17.1043 0.00321727
17.1675 0.00317654
17.2306 0.00313634
17.2937 0.00309667
17.3569 0.00305752
17.42 0.00301888
17.4831 0.00298075
17.5462 0.00294312
17.6094 0.00290598
17.6725 0.00286932
17.7356 0.00283314
17.7987 0.00279744
17.8619 0.0027622
17.925 0.00272742
17.9881 0.00269309
18.0512 0.00265921
18.1144 0.00262578
18.1775 0.00259277
18.2406 0.0025602
18.3038 0.00252804
18.3669 0.00249631
18.43 0.00246498
18.4931 0.00243407
18.5563 0.00240355
18.6194 0.00237343
18.6825 0.00234369
18.7456 0.00231435
18.8088 0.00228538
18.8719 0.00225678
18.935 0.00222856
18.9981 0.0022007
19.0613 0.00217319
19.1244 0.00214605
19.1875 0.00211925
19.2507 0.00209279
19.3138 0.00206668
19.3769 0.0020409
19.44 0.00201546
19.5032 0.00199034
19.5663 0.00196554
19.6294 0.00194106
19.6925 0.0019169
19.7557 0.00189304
19.8188 0.00186949
19.8819 0.00184625
19.945 0.0018233
20.0082 0.00180064
20.0713 0.00177827
20.1344 0.00175619
20.1975 0.00173439
20.2607 0.00171287
20.3238 0.00169162
20.3869 0.00167065
20.4501 0.00164994
20.5132 0.00162949
20.5763 0.00160931
20.6394 0.00158938
20.7026 0.00156971
20.7657 0.00155028
20.8288 0.00153111
20.8919 0.00151217
20.9551 0.00149348
21.0182 0.00147502
21.0813 0.0014568
21.1444 0.00143881
21.2076 0.00142105
21.2707 0.00140351
21.3338 0.0013862
21.397 0.0013691
21.4601 0.00135222
21.5232 0.00133555
21.5863 0.00131909
21.6495 0.00130285
21.7126 0.0012868
21.7757 0.00127096
21.8388 0.00125532
21.902 0.00123988
21.9651 0.00122463
22.0282 0.00120957
22.0913 0.0011947
22.1545 0.00118002
22.2176 0.00116553
22.2807 0.00115122
22.3439 0.00113708
22.407 0.00112313
22.4701 0.00110935
22.5332 0.00109574
22.5964 0.00108231
22.6595 0.00106904
22.7226 0.00105594
22.7857 0.001043
22.8489 0.00103022
22.912 0.00101761
22.9751 0.00100515
23.0382 0.000992853
23.1014 0.000980706
23.1645 0.000968711
23.2276 0.000956866
23.2907 0.00094517
23.3539 0.000933619
23.417 0.000922213
23.4801 0.000910949
23.5433 0.000899825
23.6064 0.000888841
23.6695 0.000877993
23.7326 0.000867281
23.7958 0.000856702
23.8589 0.000846255
23.922 0.000835938
23.9851 0.000825749
24.0483 0.000815688
24.1114 0.000805751
24.1745 0.000795938
24.2376 0.000786247
24.3008 0.000776677
24.3639 0.000767225
24.427 0.000757891
24.4902 0.000748673
24.5533 0.000739569
24.6164 0.000730578
24.6795 0.000721698
24.7427 0.000712929
24.8058 0.000704268
24.8689 0.000695715
24.932 0.000687267
24.9952 0.000678924
25.0583 0.000670685
25.1214 0.000662547
25.1845 0.00065451
25.2477 0.000646572
25.3108 0.000638733
25.3739 0.00063099
25.4371 0.000623343
25.5002 0.000615791
25.5633 0.000608331
25.6264 0.000600964
25.6896 0.000593688
25.7527 0.000586501
25.8158 0.000579403
25.8789 0.000572393
25.9421 0.000565469
26.0052 0.00055863
26.0683 0.000551875
26.1314 0.000545204
26.1946 0.000538614
26.2577 0.000532106
26.3208 0.000525678
26.3839 0.000519329
26.4471 0.000513058
26.5102 0.000506864
26.5733 0.000500746
26.6365 0.000494703
26.6996 0.000488735
26.7627 0.00048284
26.8258 0.000477017
26.889 0.000471265
26.9521 0.000465584
27.0152 0.000459973
27.0783 0.000454431
27.1415 0.000448956
27.2046 0.000443549
27.2677 0.000438207
27.3308 0.000432931
27.394 0.00042772
27.4571 0.000422573
27.5202 0.000417488
27.5834 0.000412466
27.6465 0.000407505
27.7096 0.000402605
27.7727 0.000397764
27.8359 0.000392983
27.899 0.000388261
27.9621 0.000383595
28.0252 0.000378987
28.0884 0.000374435
28.1515 0.000369939
28.2146 0.000365497
28.2777 0.00036111
28.3409 0.000356776
28.404 0.000352495
28.4671 0.000348266
28.5303 0.000344089
28.5934 0.000339963
28.6565 0.000335887
28.7196 0.00033186
28.7828 0.000327882
28.8459 0.000323953
28.909 0.000320072
28.9721 0.000316238
29.0353 0.00031245
29.0984 0.000308709
29.1615 0.000305013
29.2246 0.000301362
29.2878 0.000297755
29.3509 0.000294192
29.414 0.000290673
29.4771 0.000287196
29.5403 0.000283761
29.6034 0.000280368
29.6665 0.000277016
29.7297 0.000273705
29.7928 0.000270434
29.8559 0.000267203
29.919 0.00026401
29.9822 0.000260857
30.0453 0.000257742
30.1084 0.000254664
30.1715 0.000251624
30.2347 0.00024862
30.2978 0.000245653
30.3609 0.000242722
30.424 0.000239826
30.4872 0.000236965
30.5503 0.000234139
30.6134 0.000231347
30.6766 0.000228589
30.7397 0.000225864
30.8028 0.000223172
30.8659 0.000220512
30.9291 0.000217885
30.9922 0.00021529
31.0553 0.000212725
31.1184 0.000210192
31.1816 0.000207689
31.2447 0.000205217
31.3078 0.000202774
31.3709 0.000200361
31.4341 0.000197976
31.4972 0.000195621
31.5603 0.000193294
31.6235 0.000190995
31.6866 0.000188724
31.7497 0.00018648
31.8128 0.000184263
31.876 0.000182073
31.9391 0.000179909
32.0022 0.000177771
32.0653 0.000175659
32.1285 0.000173572
32.1916 0.000171511
32.2547 0.000169474
32.3178 0.000167462
32.381 0.000165473
32.4441 0.000163509
32.5072 0.000161569
32.5703 0.000159651
32.6335 0.000157757
32.6966 0.000155886
32.7597 0.000154037
32.8229 0.00015221
32.886 0.000150405
32.9491 0.000148622
33.0122 0.00014686
33.0754 0.000145119
33.1385 0.000143399
33.2016 0.0001417
33.2647 0.000140021
33.3279 0.000138363
33.391 0.000136724
33.4541 0.000135105
33.5172 0.000133505
33.5804 0.000131924
33.6435 0.000130363
33.7066 0.00012882
33.7698 0.000127295
33.8329 0.000125789
33.896 0.000124301
33.9591 0.00012283
34.0223 0.000121377
34.0854 0.000119942
34.1485 0.000118524
34.2116 0.000117122
34.2748 0.000115738
34.3379 0.00011437
34.401 0.000113018
34.4641 0.000111683
34.5273 0.000110363
34.5904 0.000109059
34.6535 0.000107771
34.7166 0.000106498
34.7798 0.000105241
34.8429 0.000103998
34.906 0.00010277
34.9692 0.000101557
35.0323 0.000100358
35.0954 9.91741e-05
35.1585 9.80039e-05
35.2217 9.68476e-05
35.2848 9.57051e-05
35.3479 9.45763e-05
35.411 9.34609e-05
35.4742 9.23587e-05
35.5373 9.12698e-05
35.6004 9.01938e-05
35.6635 8.91306e-05
35.7267 8.80801e-05
35.7898 8.7042e-05
35.8529 8.60164e-05
35.9161 8.5003e-05
35.9792 8.40016e-05
36.0423 8.30121e-05
36.1054 8.20344e-05
36.1686 8.10684e-05
36.2317 8.01138e-05
36.2948 7.91706e-05
36.3579 7.82386e-05
36.4211 7.73177e-05
36.4842 7.64078e-05
36.5473 7.55086e-05
36.6104 7.46202e-05
36.6736 7.37423e-05
36.7367 7.28748e-05
36.7998 7.20177e-05
36.863 7.11707e-05
36.9261 7.03338e-05
36.9892 6.95068e-05
37.0523 6.86896e-05
37.1155 6.78822e-05
37.1786 6.70843e-05
37.2417 6.62959e-05
37.3048 6.55168e-05
37.368 6.4747e-05
37.4311 6.39863e-05
37.4942 6.32347e-05
37.5573 6.24919e-05
37.6205 6.1758e-05
37.6836 6.10328e-05
37.7467 6.03161e-05
37.8098 5.9608e-05
37.873 5.89083e-05
37.9361 5.82168e-05
37.9992 5.75335e-05
38.0624 5.68584e-05
38.1255 5.61912e-05
38.1886 5.55319e-05
38.2517 5.48805e-05
38.3149 5.42367e-05
38.378 5.36006e-05
38.4411 5.2972e-05
38.5042 5.23508e-05
38.5674 5.1737e-05
38.6305 5.11304e-05
38.6936 5.05311e-05
38.7567 4.99388e-05
38.8199 4.93535e-05
38.883 4.87751e-05
38.9461 4.82036e-05
39.0093 4.76388e-05
39.0724 4.70808e-05
39.1355 4.65293e-05
39.1986 4.59843e-05
39.2618 4.54457e-05
39.3249 4.49136e-05
39.388 4.43877e-05
39.4511 4.3868e-05
39.5143 4.33545e-05
39.5774 4.2847e-05
39.6405 4.23455e-05
39.7036 4.18499e-05
39.7668 4.13602e-05
39.8299 4.08763e-05
39.893 4.03981e-05
39.9562 3.99255e-05
40.0193 3.94585e-05
40.0824 3.8997e-05
40.1455 3.85409e-05
40.2087 3.80902e-05
40.2718 3.76449e-05
40.3349 3.72048e-05
40.398 3.67698e-05
40.4612 3.63401e-05
40.5243 3.59153e-05
40.5874 3.54956e-05
40.6505 3.50808e-05
40.7137 3.46709e-05
40.7768 3.42659e-05
40.8399 3.38656e-05
40.903 3.347e-05
40.9662 3.30791e-05
41.0293 3.26928e-05
41.0924 3.2311e-05
41.1556 3.19337e-05
41.2187 3.15609e-05
41.2818 3.11924e-05
41.3449 3.08283e-05
41.4081 3.04685e-05
41.4712 3.01129e-05
41.5343 2.97615e-05
41.5974 2.94142e-05
41.6606 2.9071e-05
41.7237 2.87319e-05
41.7868 2.83967e-05
41.8499 2.80655e-05
41.9131 2.77381e-05
41.9762 2.74147e-05
42.0393 2.7095e-05
42.1025 2.6779e-05
42.1656 2.64668e-05
42.2287 2.61583e-05
42.2918 2.58534e-05
42.355 2.5552e-05
42.4181 2.52542e-05
42.4812 2.49599e-05
42.5443 2.46691e-05
42.6075 2.43816e-05
42.6706 2.40976e-05
42.7337 2.38168e-05
42.7968 2.35394e-05
42.86 2.32652e-05
42.9231 2.29943e-05
42.9862 2.27265e-05
43.0494 2.24619e-05
43.1125 2.22003e-05
43.1756 2.19419e-05
43.2387 2.16864e-05
43.3019 2.1434e-05
43.365 2.11845e-05
43.4281 2.0938e-05
43.4912 2.06943e-05
43.5544 2.04535e-05
43.6175 2.02155e-05
43.6806 1.99803e-05
43.7437 1.97479e-05
43.8069 1.95182e-05
43.87 1.92911e-05
43.9331 1.90668e-05
43.9962 1.8845e-05
44.0594 1.86259e-05
44.1225 1.84093e-05
44.1856 1.81953e-05
44.2488 1.79838e-05
44.3119 1.77747e-05
44.375 1.75681e-05
44.4381 1.73639e-05
44.5013 1.71621e-05
44.5644 1.69627e-05
44.6275 1.67656e-05
44.6906 1.65708e-05
44.7538 1.63783e-05
44.8169 1.6188e-05
44.88 1.6e-05
44.9431 1.58141e-05
45.0063 1.56305e-05
45.0694 1.54489e-05
45.1325 1.52695e-05
45.1957 1.50922e-05
45.2588 1.4917e-05
45.3219 1.47438e-05
45.385 1.45727e-05
45.4482 1.44035e-05
45.5113 1.42363e-05
45.5744 1.40711e-05
45.6375 1.39078e-05
45.7007 1.37464e-05
45.7638 1.35869e-05
45.8269 1.34293e-05
45.89 1.32735e-05
45.9532 1.31195e-05
46.0163 1.29673e-05
46.0794 1.28169e-05
46.1426 1.26683e-05
46.2057 1.25214e-05
46.2688 1.23762e-05
46.3319 1.22327e-05
46.3951 1.20909e-05
46.4582 1.19507e-05
46.5213 1.18121e-05
46.5844 1.16752e-05
46.6476 1.15399e-05
46.7107 1.14062e-05
46.7738 1.1274e-05
46.8369 1.11433e-05
46.9001 1.10142e-05
46.9632 1.08866e-05
47.0263 1.07605e-05
47.0894 1.06358e-05
47.1526 1.05126e-05
47.2157 1.03908e-05
47.2788 1.02705e-05
47.342 1.01516e-05
47.4051 1.0034e-05
47.4682 9.9178e-06
47.5313 9.80297e-06
47.5945 9.68947e-06
47.6576 9.5773e-06
47.7207 9.46643e-06
47.7838 9.35685e-06
47.847 9.24855e-06
47.9101 9.14151e-06
47.9732 9.03572e-06
48.0363 8.93116e-06
48.0995 8.82781e-06
48.1626 8.72567e-06
48.2257 8.62472e-06
48.2889 8.52494e-06
48.352 8.42632e-06
48.4151 8.32886e-06
48.4782 8.23252e-06
48.5414 8.13731e-06
48.6045 8.0432e-06
48.6676 7.95019e-06
48.7307 7.85826e-06
48.7939 7.7674e-06
48.857 7.6776e-06
48.9201 7.58884e-06
48.9832 7.50111e-06
49.0464 7.41441e-06
49.1095 7.32871e-06
49.1726 7.24401e-06
49.2358 7.16029e-06
49.2989 7.07755e-06
49.362 6.99576e-06
49.4251 6.91493e-06
49.4883 6.83504e-06
