-12.6262 0.000331885
-12.6089 0.00033551
-12.5916 0.000339175
-12.5744 0.00034288
-12.5571 0.000346625
-12.5398 0.00035041
-12.5226 0.000354236
-12.5053 0.000358104
-12.488 0.000362014
-12.4708 0.000365967
-12.4535 0.000369962
-12.4362 0.000374
-12.419 0.000378082
-12.4017 0.000382209
-12.3844 0.00038638
-12.3672 0.000390596
-12.3499 0.000394859
-12.3326 0.000399167
-12.3154 0.000403522
-12.2981 0.000407924
-12.2808 0.000412374
-12.2635 0.000416872
-12.2463 0.000421418
-12.229 0.000426014
-12.2117 0.00043066
-12.1945 0.000435356
-12.1772 0.000440102
-12.1599 0.000444901
-12.1427 0.000449751
-12.1254 0.000454653
-12.1081 0.000459609
-12.0909 0.000464618
-12.0736 0.000469681
-12.0563 0.0004748
-12.0391 0.000479973
-12.0218 0.000485203
-12.0045 0.000490489
-11.9873 0.000495832
-11.97 0.000501233
-11.9527 0.000506692
-11.9355 0.00051221
-11.9182 0.000517788
-11.9009 0.000523426
-11.8837 0.000529126
-11.8664 0.000534886
-11.8491 0.000540709
-11.8319 0.000546595
-11.8146 0.000552545
-11.7973 0.000558558
-11.7801 0.000564637
-11.7628 0.000570781
-11.7455 0.000576992
-11.7282 0.000583269
-11.711 0.000589615
-11.6937 0.000596028
-11.6764 0.000602511
-11.6592 0.000609064
-11.6419 0.000615688
-11.6246 0.000622383
-11.6074 0.000629151
-11.5901 0.000635991
-11.5728 0.000642905
-11.5556 0.000649894
-11.5383 0.000656958
-11.521 0.000664098
-11.5038 0.000671315
-11.4865 0.00067861
-11.4692 0.000685983
-11.452 0.000693436
-11.4347 0.000700969
-11.4174 0.000708584
-11.4002 0.00071628
-11.3829 0.000724059
-11.3656 0.000731922
-11.3484 0.00073987
-11.3311 0.000747903
-11.3138 0.000756023
-11.2966 0.00076423
-11.2793 0.000772525
-11.262 0.00078091
-11.2448 0.000789385
-11.2275 0.000797951
-11.2102 0.000806609
-11.1929 0.000815361
-11.1757 0.000824206
-11.1584 0.000833147
-11.1411 0.000842183
-11.1239 0.000851317
-11.1066 0.000860549
-11.0893 0.00086988
-11.0721 0.000879312
-11.0548 0.000888845
-11.0375 0.00089848
-11.0203 0.000908219
-11.003 0.000918062
-10.9857 0.000928011
-10.9685 0.000938067
-10.9512 0.000948231
-10.9339 0.000958503
-10.9167 0.000968887
-10.8994 0.000979381
-10.8821 0.000989988
-10.8649 0.00100071
-10.8476 0.00101155
-10.8303 0.0010225
-10.8131 0.00103357
-10.7958 0.00104476
-10.7785 0.00105606
-10.7613 0.00106749
-10.744 0.00107905
-10.7267 0.00109072
-10.7095 0.00110252
-10.6922 0.00111445
-10.6749 0.00112651
-10.6576 0.00113869
-10.6404 0.001151
-10.6231 0.00116345
-10.6058 0.00117603
-10.5886 0.00118875
-10.5713 0.0012016
-10.554 0.00121459
-10.5368 0.00122771
-10.5195 0.00124098
-10.5022 0.00125439
-10.485 0.00126794
-10.4677 0.00128164
-10.4504 0.00129549
-10.4332 0.00130948
-10.4159 0.00132362
-10.3986 0.00133791
-10.3814 0.00135236
-10.3641 0.00136696
-10.3468 0.00138172
-10.3296 0.00139663
-10.3123 0.0014117
-10.295 0.00142694
-10.2778 0.00144233
-10.2605 0.0014579
-10.2432 0.00147362
-10.226 0.00148952
-10.2087 0.00150558
-10.1914 0.00152182
-10.1742 0.00153823
-10.1569 0.00155481
-10.1396 0.00157157
-10.1223 0.00158851
-10.1051 0.00160563
-10.0878 0.00162294
-10.0705 0.00164042
-10.0533 0.0016581
-10.036 0.00167596
-10.0187 0.00169401
-10.0015 0.00171226
-9.98421 0.0017307
-9.96694 0.00174933
-9.94967 0.00176816
-9.9324 0.0017872
-9.91513 0.00180643
-9.89787 0.00182588
-9.8806 0.00184552
-9.86333 0.00186538
-9.84606 0.00188545
-9.8288 0.00190573
-9.81153 0.00192623
-9.79426 0.00194694
-9.77699 0.00196788
-9.75972 0.00198903
-9.74246 0.00201042
-9.72519 0.00203203
-9.70792 0.00205387
-9.69065 0.00207594
-9.67339 0.00209824
-9.65612 0.00212078
-9.63885 0.00214356
-9.62158 0.00216659
-9.60431 0.00218985
-9.58705 0.00221337
-9.56978 0.00223713
-9.55251 0.00226115
-9.53524 0.00228541
-9.51798 0.00230994
-9.50071 0.00233473
-9.48344 0.00235978
-9.46617 0.00238509
-9.44891 0.00241067
-9.43164 0.00243653
-9.41437 0.00246266
-9.3971 0.00248906
-9.37983 0.00251574
-9.36257 0.00254271
-9.3453 0.00256996
-9.32803 0.0025975
-9.31076 0.00262533
-9.2935 0.00265345
-9.27623 0.00268188
-9.25896 0.0027106
-9.24169 0.00273962
-9.22442 0.00276896
-9.20716 0.0027986
-9.18989 0.00282855
-9.17262 0.00285882
-9.15535 0.00288942
-9.13809 0.00292033
-9.12082 0.00295157
-9.10355 0.00298314
-9.08628 0.00301504
-9.06901 0.00304728
-9.05175 0.00307986
-9.03448 0.00311278
-9.01721 0.00314605
-8.99994 0.00317967
-8.98268 0.00321364
-8.96541 0.00324798
-8.94814 0.00328267
-8.93087 0.00331773
-8.91361 0.00335316
-8.89634 0.00338896
-8.87907 0.00342513
-8.8618 0.00346169
-8.84453 0.00349863
-8.82727 0.00353596
-8.81 0.00357368
-8.79273 0.0036118
-8.77546 0.00365032
-8.7582 0.00368925
-8.74093 0.00372858
-8.72366 0.00376832
-8.70639 0.00380849
-8.68912 0.00384907
-8.67186 0.00389008
-8.65459 0.00393152
-8.63732 0.0039734
-8.62005 0.00401571
-8.60279 0.00405847
-8.58552 0.00410167
-8.56825 0.00414533
-8.55098 0.00418945
-8.53371 0.00423403
-8.51645 0.00427907
-8.49918 0.00432459
-8.48191 0.00437058
-8.46464 0.00441705
-8.44738 0.00446401
-8.43011 0.00451146
-8.41284 0.00455941
-8.39557 0.00460786
-8.37831 0.00465681
-8.36104 0.00470627
-8.34377 0.00475626
-8.3265 0.00480676
-8.30923 0.00485779
-8.29197 0.00490935
-8.2747 0.00496145
-8.25743 0.0050141
-8.24016 0.00506729
-8.2229 0.00512104
-8.20563 0.00517535
-8.18836 0.00523022
-8.17109 0.00528567
-8.15382 0.00534169
-8.13656 0.0053983
-8.11929 0.00545549
-8.10202 0.00551328
-8.08475 0.00557168
-8.06749 0.00563067
-8.05022 0.00569029
-8.03295 0.00575052
-8.01568 0.00581138
-7.99841 0.00587287
-7.98115 0.00593499
-7.96388 0.00599777
-7.94661 0.00606119
-7.92934 0.00612528
-7.91208 0.00619002
-7.89481 0.00625544
-7.87754 0.00632154
-7.86027 0.00638832
-7.84301 0.0064558
-7.82574 0.00652397
-7.80847 0.00659285
-7.7912 0.00666244
-7.77393 0.00673275
-7.75667 0.00680379
-7.7394 0.00687556
-7.72213 0.00694808
-7.70486 0.00702134
-7.6876 0.00709537
-7.67033 0.00717015
-7.65306 0.00724571
-7.63579 0.00732205
-7.61852 0.00739918
-7.60126 0.0074771
-7.58399 0.00755582
-7.56672 0.00763536
-7.54945 0.00771572
-7.53219 0.0077969
-7.51492 0.00787892
-7.49765 0.00796179
-7.48038 0.00804551
-7.46311 0.00813009
-7.44585 0.00821553
-7.42858 0.00830186
-7.41131 0.00838908
-7.39404 0.00847719
-7.37678 0.0085662
-7.35951 0.00865613
-7.34224 0.00874698
-7.32497 0.00883877
-7.30771 0.00893149
-7.29044 0.00902517
-7.27317 0.00911981
-7.2559 0.00921541
-7.23863 0.009312
-7.22137 0.00940957
-7.2041 0.00950814
-7.18683 0.00960772
-7.16956 0.00970832
-7.1523 0.00980995
-7.13503 0.00991262
-7.11776 0.0100163
-7.10049 0.0101211
-7.08322 0.0102269
-7.06596 0.0103339
-7.04869 0.0104419
-7.03142 0.010551
-7.01415 0.0106612
-6.99689 0.0107726
-6.97962 0.010885
-6.96235 0.0109987
-6.94508 0.0111135
-6.92781 0.0112294
-6.91055 0.0113465
-6.89328 0.0114649
-6.87601 0.0115844
-6.85874 0.0117051
-6.84148 0.0118271
-6.82421 0.0119503
-6.80694 0.0120747
-6.78967 0.0122004
-6.77241 0.0123274
-6.75514 0.0124557
-6.73787 0.0125852
-6.7206 0.0127161
-6.70333 0.0128483
-6.68607 0.0129818
-6.6688 0.0131167
-6.65153 0.013253
-6.63426 0.0133906
-6.617 0.0135296
-6.59973 0.01367
-6.58246 0.0138118
-6.56519 0.0139551
-6.54792 0.0140998
-6.53066 0.0142459
-6.51339 0.0143936
-6.49612 0.0145427
-6.47885 0.0146933
-6.46159 0.0148454
-6.44432 0.014999
-6.42705 0.0151542
-6.40978 0.015311
-6.39251 0.0154693
-6.37525 0.0156292
-6.35798 0.0157907
-6.34071 0.0159538
-6.32344 0.0161186
-6.30618 0.016285
-6.28891 0.016453
-6.27164 0.0166228
-6.25437 0.0167942
-6.23711 0.0169674
-6.21984 0.0171422
-6.20257 0.0173189
-6.1853 0.0174972
-6.16803 0.0176774
-6.15077 0.0178593
-6.1335 0.0180431
-6.11623 0.0182287
-6.09896 0.0184161
-6.0817 0.0186054
-6.06443 0.0187966
-6.04716 0.0189896
-6.02989 0.0191846
-6.01262 0.0193815
-5.99536 0.0195803
-5.97809 0.0197812
-5.96082 0.019984
-5.94355 0.0201888
-5.92629 0.0203956
-5.90902 0.0206045
-5.89175 0.0208154
-5.87448 0.0210284
-5.85721 0.0212435
-5.83995 0.0214607
-5.82268 0.0216801
-5.80541 0.0219016
-5.78814 0.0221253
-5.77088 0.0223512
-5.75361 0.0225793
-5.73634 0.0228096
-5.71907 0.0230422
-5.70181 0.0232771
-5.68454 0.0235143
-5.66727 0.0237538
-5.65 0.0239956
-5.63273 0.0242398
-5.61547 0.0244864
-5.5982 0.0247353
-5.58093 0.0249867
-5.56366 0.0252406
-5.5464 0.0254969
-5.52913 0.0257557
-5.51186 0.026017
-5.49459 0.0262809
-5.47732 0.0265473
-5.46006 0.0268163
-5.44279 0.0270878
-5.42552 0.0273621
-5.40825 0.0276389
-5.39099 0.0279185
-5.37372 0.0282007
-5.35645 0.0284857
-5.33918 0.0287734
-5.32191 0.0290639
-5.30465 0.0293571
-5.28738 0.0296532
-5.27011 0.0299522
-5.25284 0.030254
-5.23558 0.0305586
-5.21831 0.0308662
-5.20104 0.0311768
-5.18377 0.0314903
-5.16651 0.0318068
-5.14924 0.0321263
-5.13197 0.0324489
-5.1147 0.0327746
-5.09743 0.0331033
-5.08017 0.0334352
-5.0629 0.0337702
-5.04563 0.0341084
-5.02836 0.0344498
-5.0111 0.0347944
-4.99383 0.0351423
-4.97656 0.0354935
-4.95929 0.035848
-4.94202 0.0362058
-4.92476 0.036567
-4.90749 0.0369316
-4.89022 0.0372996
-4.87295 0.0376711
-4.85569 0.038046
-4.83842 0.0384245
-4.82115 0.0388065
-4.80388 0.0391921
-4.78661 0.0395813
-4.76935 0.0399741
-4.75208 0.0403706
-4.73481 0.0407707
-4.71754 0.0411746
-4.70028 0.0415822
-4.68301 0.0419936
-4.66574 0.0424088
-4.64847 0.0428278
-4.63121 0.0432507
-4.61394 0.0436776
-4.59667 0.0441083
-4.5794 0.044543
-4.56213 0.0449817
-4.54487 0.0454244
-4.5276 0.0458712
-4.51033 0.046322
-4.49306 0.046777
-4.4758 0.0472361
-4.45853 0.0476995
-4.44126 0.048167
-4.42399 0.0486387
-4.40672 0.0491148
-4.38946 0.0495952
-4.37219 0.0500799
-4.35492 0.0505689
-4.33765 0.0510624
-4.32039 0.0515604
-4.30312 0.0520628
-4.28585 0.0525697
-4.26858 0.0530811
-4.25131 0.0535972
-4.23405 0.0541178
-4.21678 0.0546431
-4.19951 0.055173
-4.18224 0.0557077
-4.16498 0.0562471
-4.14771 0.0567912
-4.13044 0.0573402
-4.11317 0.057894
-4.09591 0.0584527
-4.07864 0.0590163
-4.06137 0.0595849
-4.0441 0.0601584
-4.02683 0.0607369
-4.00957 0.0613205
-3.9923 0.0619092
-3.97503 0.062503
-3.95776 0.0631019
-3.9405 0.063706
-3.92323 0.0643153
-3.90596 0.0649298
-3.88869 0.0655497
-3.87142 0.0661748
-3.85416 0.0668053
-3.83689 0.0674412
-3.81962 0.0680825
-3.80235 0.0687293
-3.78509 0.0693815
-3.76782 0.0700392
-3.75055 0.0707025
-3.73328 0.0713714
-3.71601 0.0720459
-3.69875 0.072726
-3.68148 0.0734119
-3.66421 0.0741034
-3.64694 0.0748007
-3.62968 0.0755037
-3.61241 0.0762126
-3.59514 0.0769273
-3.57787 0.0776479
-3.56061 0.0783743
-3.54334 0.0791067
-3.52607 0.0798451
-3.5088 0.0805895
-3.49153 0.0813398
-3.47427 0.0820963
-3.457 0.0828588
-3.43973 0.0836274
-3.42246 0.0844022
-3.4052 0.0851832
-3.38793 0.0859703
-3.37066 0.0867637
-3.35339 0.0875633
-3.33612 0.0883692
-3.31886 0.0891814
-3.30159 0.0899999
-3.28432 0.0908248
-3.26705 0.091656
-3.24979 0.0924937
-3.23252 0.0933378
-3.21525 0.0941883
-3.19798 0.0950453
-3.18071 0.0959088
-3.16345 0.0967788
-3.14618 0.0976554
-3.12891 0.0985385
-3.11164 0.0994281
-3.09438 0.100324
-3.07711 0.101227
-3.05984 0.102137
-3.04257 0.103053
-3.02531 0.103976
-3.00804 0.104905
-2.99077 0.105841
-2.9735 0.106784
-2.95623 0.107733
-2.93897 0.10869
-2.9217 0.109652
-2.90443 0.110622
-2.88716 0.111598
-2.8699 0.112581
-2.85263 0.113571
-2.83536 0.114568
-2.81809 0.115571
-2.80082 0.116581
-2.78356 0.117598
-2.76629 0.118621
-2.74902 0.119651
-2.73175 0.120688
-2.71449 0.121732
-2.69722 0.122782
-2.67995 0.123839
-2.66268 0.124903
-2.64541 0.125973
-2.62815 0.12705
-2.61088 0.128133
-2.59361 0.129223
-2.57634 0.13032
-2.55908 0.131423
-2.54181 0.132533
-2.52454 0.133649
-2.50727 0.134771
-2.49001 0.1359
-2.47274 0.137036
-2.45547 0.138177
-2.4382 0.139325
-2.42093 0.140479
-2.40367 0.14164
-2.3864 0.142806
-2.36913 0.143979
-2.35186 0.145157
-2.3346 0.146341
-2.31733 0.147532
-2.30006 0.148728
-2.28279 0.14993
-2.26552 0.151137
-2.24826 0.15235
-2.23099 0.153569
-2.21372 0.154793
-2.19645 0.156022
-2.17919 0.157257
-2.16192 0.158496
-2.14465 0.159741
-2.12738 0.16099
-2.11011 0.162245
-2.09285 0.163504
-2.07558 0.164767
-2.05831 0.166035
-2.04104 0.167307
-2.02378 0.168583
-2.00651 0.169863
-1.98924 0.171147
-1.97197 0.172435
-1.95471 0.173726
-1.93744 0.175021
-1.92017 0.176319
-1.9029 0.177619
-1.88563 0.178923
-1.86837 0.180229
-1.8511 0.181537
-1.83383 0.182847
-1.81656 0.18416
-1.7993 0.185474
-1.78203 0.18679
-1.76476 0.188106
-1.74749 0.189424
-1.73022 0.190743
-1.71296 0.192062
-1.69569 0.193381
-1.67842 0.1947
-1.66115 0.196018
-1.64389 0.197336
-1.62662 0.198653
-1.60935 0.199968
-1.59208 0.201282
-1.57481 0.202593
-1.55755 0.203903
-1.54028 0.205209
-1.52301 0.206512
-1.50574 0.207811
-1.48848 0.209107
-1.47121 0.210398
-1.45394 0.211684
-1.43667 0.212965
-1.41941 0.21424
-1.40214 0.215508
-1.38487 0.21677
-1.3676 0.218025
-1.35033 0.219272
-1.33307 0.220511
-1.3158 0.22174
-1.29853 0.22296
-1.28126 0.224171
-1.264 0.22537
-1.24673 0.226558
-1.22946 0.227735
-1.21219 0.228899
-1.19492 0.230049
-1.17766 0.231186
-1.16039 0.232308
-1.14312 0.233415
-1.12585 0.234505
-1.10859 0.235579
-1.09132 0.236635
-1.07405 0.237672
-1.05678 0.238691
-1.03951 0.239689
-1.02225 0.240666
-1.00498 0.241621
-0.987712 0.242554
-0.970444 0.243463
-0.953176 0.244347
-0.935908 0.245205
-0.918641 0.246037
-0.901373 0.246841
-0.884105 0.247617
-0.866837 0.248363
-0.84957 0.249079
-0.832302 0.249762
-0.815034 0.250413
-0.797766 0.251029
-0.780499 0.251611
-0.763231 0.252156
-0.745963 0.252664
-0.728695 0.253133
-0.711428 0.253563
-0.69416 0.253951
-0.676892 0.254298
-0.659624 0.254601
-0.642357 0.25486
-0.625089 0.255073
-0.607821 0.255239
-0.590553 0.255357
-0.573286 0.255426
-0.556018 0.255445
-0.53875 0.255412
-0.521483 0.255327
-0.504215 0.255187
-0.486947 0.254993
-0.469679 0.254743
-0.452412 0.254436
-0.435144 0.254072
-0.417876 0.253648
-0.400608 0.253165
-0.383341 0.252622
-0.366073 0.252018
-0.348805 0.251351
-0.331537 0.250622
-0.31427 0.249831
-0.297002 0.248975
-0.279734 0.248056
-0.262466 0.247073
-0.245199 0.246026
-0.227931 0.244914
-0.210663 0.243739
-0.193395 0.242499
-0.176128 0.241195
-0.15886 0.239828
-0.141592 0.238398
-0.124324 0.236906
-0.107057 0.235352
-0.089789 0.233738
-0.0725212 0.232064
-0.0552535 0.230331
-0.0379857 0.228541
-0.020718 0.226696
-0.00345024 0.224795
0.0138175 0.222842
0.0310852 0.220838
0.048353 0.218784
0.0656207 0.216683
0.0828885 0.214536
0.100156 0.212345
0.117424 0.210113
0.134692 0.207842
0.151959 0.205534
0.169227 0.20319
0.186495 0.200815
0.203763 0.198409
0.22103 0.195975
0.238298 0.193517
0.255566 0.191035
0.272834 0.188532
0.290101 0.186011
0.307369 0.183474
0.324637 0.180924
0.341905 0.178362
0.359172 0.175792
0.37644 0.173214
0.393708 0.170631
0.410976 0.168047
0.428243 0.165461
0.445511 0.162877
0.462779 0.160296
0.480047 0.157721
0.497314 0.155152
0.514582 0.152592
0.53185 0.150043
0.549118 0.147505
0.566385 0.144981
0.583653 0.142472
0.600921 0.139978
0.618188 0.137503
0.635456 0.135046
0.652724 0.132609
0.669992 0.130192
0.687259 0.127798
0.704527 0.125426
0.721795 0.123078
0.739063 0.120754
0.75633 0.118456
0.773598 0.116183
0.790866 0.113937
0.808134 0.111718
0.825401 0.109526
0.842669 0.107362
0.859937 0.105227
0.877205 0.10312
0.894472 0.101043
0.91174 0.0989942
0.929008 0.0969752
0.946276 0.0949859
0.963543 0.0930263
0.980811 0.0910966
0.998079 0.0891968
1.01535 0.087327
1.03261 0.0854871
1.04988 0.0836772
1.06715 0.0818971
1.08442 0.0801469
1.10169 0.0784263
1.11895 0.0767352
1.13622 0.0750736
1.15349 0.0734412
1.17076 0.0718378
1.18802 0.0702633
1.20529 0.0687173
1.22256 0.0671997
1.23983 0.0657103
1.25709 0.0642486
1.27436 0.0628146
1.29163 0.0614078
1.3089 0.060028
1.32617 0.0586748
1.34343 0.057348
1.3607 0.0560473
1.37797 0.0547723
1.39524 0.0535226
1.4125 0.052298
1.42977 0.0510981
1.44704 0.0499225
1.46431 0.048771
1.48158 0.047643
1.49884 0.0465384
1.51611 0.0454567
1.53338 0.0443976
1.55065 0.0433607
1.56791 0.0423457
1.58518 0.0413522
1.60245 0.0403799
1.61972 0.0394283
1.63699 0.0384973
1.65425 0.0375863
1.67152 0.036695
1.68879 0.0358232
1.70606 0.0349704
1.72332 0.0341363
1.74059 0.0333206
1.75786 0.0325229
1.77513 0.0317429
1.79239 0.0309802
1.80966 0.0302346
1.82693 0.0295057
1.8442 0.0287932
1.86147 0.0280968
1.87873 0.0274161
1.896 0.0267509
1.91327 0.0261008
1.93054 0.0254655
1.9478 0.0248448
1.96507 0.0242383
1.98234 0.0236458
1.99961 0.0230669
2.01688 0.0225015
2.03414 0.0219491
2.05141 0.0214096
2.06868 0.0208827
2.08595 0.0203681
2.10321 0.0198655
2.12048 0.0193747
2.13775 0.0188954
2.15502 0.0184275
2.17229 0.0179706
2.18955 0.0175245
2.20682 0.0170889
2.22409 0.0166638
2.24136 0.0162487
2.25862 0.0158436
2.27589 0.0154481
2.29316 0.0150621
2.31043 0.0146853
2.32769 0.0143176
2.34496 0.0139587
2.36223 0.0136085
2.3795 0.0132667
2.39677 0.0129332
2.41403 0.0126078
2.4313 0.0122903
2.44857 0.0119805
2.46584 0.0116782
2.4831 0.0113833
2.50037 0.0110955
2.51764 0.0108149
2.53491 0.010541
2.55218 0.0102739
2.56944 0.0100134
2.58671 0.00975919
2.60398 0.00951128
2.62125 0.00926948
2.63851 0.00903364
2.65578 0.00880363
2.67305 0.0085793
2.69032 0.00836052
2.70759 0.00814716
2.72485 0.0079391
2.74212 0.00773621
2.75939 0.00753836
2.77666 0.00734543
2.79392 0.00715731
2.81119 0.00697389
2.82846 0.00679504
2.84573 0.00662067
2.86299 0.00645066
2.88026 0.0062849
2.89753 0.00612331
2.9148 0.00596577
2.93207 0.00581218
2.94933 0.00566246
2.9666 0.00551651
2.98387 0.00537423
3.00114 0.00523554
3.0184 0.00510035
3.03567 0.00496858
3.05294 0.00484013
3.07021 0.00471494
3.08748 0.00459292
3.10474 0.00447399
3.12201 0.00435807
3.13928 0.0042451
3.15655 0.004135
3.17381 0.00402769
3.19108 0.00392312
3.20835 0.00382121
3.22562 0.0037219
3.24289 0.00362512
3.26015 0.00353081
3.27742 0.00343891
3.29469 0.00334935
3.31196 0.00326209
3.32922 0.00317706
3.34649 0.00309421
3.36376 0.00301348
3.38103 0.00293482
3.39829 0.00285818
3.41556 0.00278351
3.43283 0.00271076
3.4501 0.00263987
3.46737 0.00257081
3.48463 0.00250353
3.5019 0.00243798
3.51917 0.00237412
3.53644 0.00231191
3.5537 0.00225131
3.57097 0.00219226
3.58824 0.00213475
3.60551 0.00207872
3.62278 0.00202413
3.64004 0.00197096
3.65731 0.00191917
3.67458 0.00186872
3.69185 0.00181958
3.70911 0.00177171
3.72638 0.00172508
3.74365 0.00167967
3.76092 0.00163543
3.77819 0.00159234
3.79545 0.00155038
3.81272 0.0015095
3.82999 0.00146969
3.84726 0.00143091
3.86452 0.00139315
3.88179 0.00135637
3.89906 0.00132055
3.91633 0.00128566
3.93359 0.00125168
3.95086 0.00121859
3.96813 0.00118637
3.9854 0.00115498
4.00267 0.00112442
4.01993 0.00109466
4.0372 0.00106567
4.05447 0.00103745
4.07174 0.00100996
4.089 0.000983192
4.10627 0.000957127
4.12354 0.000931745
4.14081 0.000907029
4.15808 0.000882962
4.17534 0.000859526
4.19261 0.000836706
4.20988 0.000814485
4.22715 0.000792849
4.24441 0.000771781
4.26168 0.000751267
4.27895 0.000731293
4.29622 0.000711845
4.31349 0.000692909
4.33075 0.000674472
4.34802 0.00065652
4.36529 0.000639042
4.38256 0.000622025
4.39982 0.000605456
4.41709 0.000589325
4.43436 0.000573619
4.45163 0.000558328
4.46889 0.000543441
4.48616 0.000528947
4.50343 0.000514836
4.5207 0.000501099
4.53797 0.000487725
4.55523 0.000474704
4.5725 0.000462028
4.58977 0.000449688
4.60704 0.000437674
4.6243 0.000425979
