-1.55469 0.000298833
-1.49407 0.00037898
-1.43346 0.000479817
-1.37284 0.000606374
-1.31222 0.000764787
-1.25161 0.000962491
-1.19099 0.00120844
-1.13037 0.00151333
-1.06976 0.00188985
-1.00914 0.00235285
-0.948522 0.00291962
-0.887905 0.00360996
-0.827288 0.00444626
-0.766671 0.00545344
-0.706054 0.00665873
-0.645437 0.00809121
-0.58482 0.00978121
-0.524203 0.0117593
-0.463586 0.0140552
-0.402969 0.0166963
-0.342352 0.0197058
-0.281735 0.0231015
-0.221118 0.0268935
-0.160501 0.0310831
-0.0998842 0.0356614
-0.0392673 0.0406086
0.0213497 0.045894
0.0819667 0.0514762
0.142584 0.057305
0.203201 0.0633225
0.263818 0.0694656
0.324435 0.0756682
0.385052 0.0818644
0.445669 0.0879897
0.506286 0.0939842
0.566902 0.0997935
0.627519 0.10537
0.688136 0.110674
0.748753 0.115673
0.80937 0.120343
0.869987 0.124668
0.930604 0.128637
0.991221 0.132246
1.05184 0.135497
1.11246 0.138395
1.17307 0.140949
1.23369 0.143172
1.29431 0.145077
1.35492 0.14668
1.41554 0.147998
1.47616 0.149049
1.53677 0.149848
1.59739 0.150415
1.65801 0.150765
1.71863 0.150917
1.77924 0.150884
1.83986 0.150683
1.90048 0.150329
1.96109 0.149834
2.02171 0.149212
2.08233 0.148474
2.14294 0.147632
2.20356 0.146697
2.26418 0.145678
2.32479 0.144584
2.38541 0.143423
2.44603 0.142202
2.50665 0.14093
2.56726 0.139612
2.62788 0.138255
2.6885 0.136863
2.74911 0.135442
2.80973 0.133996
2.87035 0.132529
2.93096 0.131046
2.99158 0.129549
3.0522 0.128043
3.11282 0.126528
3.17343 0.125009
3.23405 0.123488
3.29467 0.121966
3.35528 0.120446
3.4159 0.11893
3.47652 0.117418
3.53713 0.115913
3.59775 0.114416
3.65837 0.112927
3.71899 0.111448
3.7796 0.10998
3.84022 0.108524
3.90084 0.10708
3.96145 0.105648
4.02207 0.104231
4.08269 0.102827
4.1433 0.101437
4.20392 0.100063
4.26454 0.0987029
4.32515 0.0973586
4.38577 0.0960298
4.44639 0.0947166
4.50701 0.0934193
4.56762 0.092138
4.62824 0.0908727
4.68886 0.0896234
4.74947 0.0883902
4.81009 0.0871731
4.87071 0.0859721
4.93132 0.0847871
4.99194 0.083618
5.05256 0.0824649
5.11318 0.0813275
5.17379 0.0802058
5.23441 0.0790997
5.29503 0.0780091
5.35564 0.0769338
5.41626 0.0758738
5.47688 0.0748288
5.53749 0.0737986
5.59811 0.0727833
5.65873 0.0717825
5.71935 0.0707962
5.77996 0.0698241
5.84058 0.0688662
5.9012 0.0679221
5.96181 0.0669918
6.02243 0.0660751
6.08305 0.0651718
6.14366 0.0642817
6.20428 0.0634046
6.2649 0.0625404
6.32552 0.0616889
6.38613 0.06085
6.44675 0.0600233
6.50737 0.0592088
6.56798 0.0584063
6.6286 0.0576156
6.68922 0.0568366
6.74983 0.056069
6.81045 0.0553127
6.87107 0.0545675
6.93168 0.0538333
6.9923 0.0531099
7.05292 0.0523972
7.11354 0.0516949
7.17415 0.0510029
7.23477 0.0503211
7.29539 0.0496492
7.356 0.0489872
7.41662 0.0483349
7.47724 0.0476922
7.53785 0.0470588
7.59847 0.0464347
7.65909 0.0458197
7.71971 0.0452136
7.78032 0.0446164
7.84094 0.0440278
7.90156 0.0434478
7.96217 0.0428762
8.02279 0.0423129
8.08341 0.0417577
8.14402 0.0412106
8.20464 0.0406713
8.26526 0.0401398
8.32588 0.039616
8.38649 0.0390997
8.44711 0.0385908
8.50773 0.0380892
8.56834 0.0375947
8.62896 0.0371074
8.68958 0.036627
8.75019 0.0361534
8.81081 0.0356866
8.87143 0.0352264
8.93204 0.0347728
8.99266 0.0343256
9.05328 0.0338847
9.1139 0.03345
9.17451 0.0330215
9.23513 0.032599
9.29575 0.0321824
9.35636 0.0317717
9.41698 0.0313668
9.4776 0.0309675
9.53821 0.0305738
9.59883 0.0301856
9.65945 0.0298029
9.72007 0.0294254
9.78068 0.0290532
9.8413 0.0286861
9.90192 0.0283242
9.96253 0.0279672
10.0232 0.0276152
10.0838 0.027268
10.1444 0.0269257
10.205 0.026588
10.2656 0.0262549
10.3262 0.0259265
10.3869 0.0256025
10.4475 0.0252829
10.5081 0.0249677
10.5687 0.0246568
10.6293 0.0243502
10.6899 0.0240477
10.7506 0.0237493
10.8112 0.0234549
10.8718 0.0231646
10.9324 0.0228781
10.993 0.0225955
11.0536 0.0223167
11.1143 0.0220417
11.1749 0.0217704
11.2355 0.0215027
11.2961 0.0212386
11.3567 0.020978
11.4173 0.0207209
11.478 0.0204672
11.5386 0.0202169
11.5992 0.0199699
11.6598 0.0197262
11.7204 0.0194858
11.781 0.0192485
11.8417 0.0190143
11.9023 0.0187833
11.9629 0.0185553
12.0235 0.0183303
12.0841 0.0181082
12.1447 0.0178891
12.2054 0.0176728
12.266 0.0174594
12.3266 0.0172488
12.3872 0.0170409
12.4478 0.0168357
12.5084 0.0166332
12.5691 0.0164334
12.6297 0.0162361
12.6903 0.0160414
12.7509 0.0158492
12.8115 0.0156595
12.8721 0.0154722
12.9328 0.0152874
12.9934 0.0151049
13.054 0.0149248
13.1146 0.0147471
13.1752 0.0145715
13.2359 0.0143983
13.2965 0.0142273
13.3571 0.0140584
13.4177 0.0138917
13.4783 0.0137272
13.5389 0.0135647
13.5996 0.0134043
13.6602 0.0132459
13.7208 0.0130896
13.7814 0.0129352
13.842 0.0127828
13.9026 0.0126323
13.9633 0.0124837
14.0239 0.012337
14.0845 0.0121922
14.1451 0.0120492
14.2057 0.0119079
14.2663 0.0117685
14.327 0.0116308
14.3876 0.0114948
14.4482 0.0113605
14.5088 0.0112279
14.5694 0.011097
14.63 0.0109677
14.6907 0.01084
14.7513 0.0107139
14.8119 0.0105893
14.8725 0.0104663
14.9331 0.0103449
14.9937 0.0102249
15.0544 0.0101064
15.115 0.00998942
15.1756 0.00987386
15.2362 0.00975972
15.2968 0.009647
15.3574 0.00953566
15.4181 0.00942569
15.4787 0.00931707
15.5393 0.00920978
15.5999 0.00910382
15.6605 0.00899915
15.7211 0.00889576
15.7818 0.00879364
15.8424 0.00869276
15.903 0.00859311
15.9636 0.00849468
16.0242 0.00839745
16.0848 0.0083014
16.1455 0.00820652
16.2061 0.00811279
16.2667 0.0080202
16.3273 0.00792873
16.3879 0.00783837
16.4485 0.0077491
16.5092 0.00766091
16.5698 0.00757379
16.6304 0.00748771
16.691 0.00740267
16.7516 0.00731866
16.8123 0.00723566
16.8729 0.00715365
16.9335 0.00707263
16.9941 0.00699258
17.0547 0.00691349
17.1153 0.00683535
17.176 0.00675814
17.2366 0.00668186
17.2972 0.00660648
17.3578 0.00653201
17.4184 0.00645842
17.479 0.00638571
17.5397 0.00631386
17.6003 0.00624287
17.6609 0.00617272
17.7215 0.00610341
17.7821 0.00603491
17.8427 0.00596723
17.9034 0.00590035
17.964 0.00583426
18.0246 0.00576895
18.0852 0.00570441
18.1458 0.00564063
18.2064 0.00557761
18.2671 0.00551532
18.3277 0.00545377
18.3883 0.00539295
18.4489 0.00533284
18.5095 0.00527343
18.5701 0.00521472
18.6308 0.0051567
18.6914 0.00509936
18.752 0.00504269
18.8126 0.00498668
18.8732 0.00493133
18.9338 0.00487662
18.9945 0.00482255
19.0551 0.00476911
19.1157 0.00471629
19.1763 0.00466409
19.2369 0.0046125
19.2975 0.0045615
19.3582 0.0045111
19.4188 0.00446128
19.4794 0.00441204
19.54 0.00436337
19.6006 0.00431526
19.6612 0.00426771
19.7219 0.00422071
19.7825 0.00417425
19.8431 0.00412833
19.9037 0.00408294
19.9643 0.00403807
20.025 0.00399371
20.0856 0.00394987
20.1462 0.00390654
20.2068 0.0038637
20.2674 0.00382135
20.328 0.00377949
20.3887 0.00373811
20.4493 0.0036972
20.5099 0.00365676
20.5705 0.00361679
20.6311 0.00357727
20.6917 0.0035382
20.7524 0.00349958
20.813 0.0034614
20.8736 0.00342365
20.9342 0.00338634
20.9948 0.00334945
21.0554 0.00331298
21.1161 0.00327693
21.1767 0.00324128
21.2373 0.00320604
21.2979 0.00317121
21.3585 0.00313676
21.4191 0.00310271
21.4798 0.00306904
21.5404 0.00303575
21.601 0.00300284
21.6616 0.00297031
21.7222 0.00293814
21.7828 0.00290633
21.8435 0.00287488
21.9041 0.00284379
21.9647 0.00281305
22.0253 0.00278265
22.0859 0.0027526
22.1465 0.00272288
22.2072 0.0026935
22.2678 0.00266445
22.3284 0.00263573
22.389 0.00260733
22.4496 0.00257924
22.5102 0.00255147
22.5709 0.00252402
22.6315 0.00249687
22.6921 0.00247002
22.7527 0.00244348
22.8133 0.00241723
22.8739 0.00239127
22.9346 0.00236561
22.9952 0.00234023
23.0558 0.00231513
23.1164 0.00229032
23.177 0.00226578
23.2377 0.00224151
23.2983 0.00221751
23.3589 0.00219378
23.4195 0.00217032
23.4801 0.00214711
23.5407 0.00212416
23.6014 0.00210147
23.662 0.00207903
23.7226 0.00205684
23.7832 0.00203489
23.8438 0.00201319
23.9044 0.00199173
23.9651 0.0019705
24.0257 0.00194951
24.0863 0.00192875
24.1469 0.00190822
24.2075 0.00188792
24.2681 0.00186784
24.3288 0.00184798
24.3894 0.00182834
24.45 0.00180892
24.5106 0.00178971
24.5712 0.00177071
24.6318 0.00175193
24.6925 0.00173334
24.7531 0.00171497
24.8137 0.00169679
24.8743 0.00167881
24.9349 0.00166103
24.9955 0.00164345
25.0562 0.00162606
25.1168 0.00160886
25.1774 0.00159185
25.238 0.00157502
25.2986 0.00155838
25.3592 0.00154192
25.4199 0.00152564
25.4805 0.00150953
25.5411 0.00149361
25.6017 0.00147785
25.6623 0.00146227
25.7229 0.00144686
25.7836 0.00143162
25.8442 0.00141654
25.9048 0.00140162
25.9654 0.00138687
26.026 0.00137228
26.0866 0.00135785
26.1473 0.00134358
26.2079 0.00132946
26.2685 0.00131549
26.3291 0.00130167
26.3897 0.00128801
26.4504 0.00127449
26.511 0.00126112
26.5716 0.00124789
26.6322 0.00123481
26.6928 0.00122187
26.7534 0.00120907
26.8141 0.0011964
26.8747 0.00118388
26.9353 0.00117149
26.9959 0.00115923
27.0565 0.0011471
27.1171 0.00113511
27.1778 0.00112325
27.2384 0.00111151
27.299 0.0010999
27.3596 0.00108841
27.4202 0.00107705
27.4808 0.00106581
27.5415 0.00105469
27.6021 0.0010437
27.6627 0.00103281
27.7233 0.00102205
27.7839 0.0010114
27.8445 0.00100087
27.9052 0.000990447
27.9658 0.000980138
28.0264 0.000969939
28.087 0.00095985
28.1476 0.000949868
28.2082 0.000939994
28.2689 0.000930225
28.3295 0.000920561
28.3901 0.000911
28.4507 0.000901541
28.5113 0.000892184
28.5719 0.000882926
28.6326 0.000873767
28.6932 0.000864706
28.7538 0.000855741
28.8144 0.000846873
28.875 0.000838098
28.9356 0.000829418
28.9963 0.000820829
29.0569 0.000812332
29.1175 0.000803926
29.1781 0.000795609
29.2387 0.00078738
29.2993 0.000779239
29.36 0.000771185
29.4206 0.000763216
29.4812 0.000755332
29.5418 0.000747531
29.6024 0.000739813
29.6631 0.000732177
29.7237 0.000724622
29.7843 0.000717147
29.8449 0.000709752
29.9055 0.000702434
29.9661 0.000695194
30.0268 0.000688031
30.0874 0.000680944
30.148 0.000673931
30.2086 0.000666993
30.2692 0.000660128
30.3298 0.000653335
30.3905 0.000646614
30.4511 0.000639965
30.5117 0.000633385
30.5723 0.000626875
30.6329 0.000620433
30.6935 0.00061406
30.7542 0.000607753
30.8148 0.000601513
30.8754 0.000595339
30.936 0.00058923
30.9966 0.000583185
31.0572 0.000577204
31.1179 0.000571285
31.1785 0.000565429
31.2391 0.000559634
31.2997 0.0005539
31.3603 0.000548227
31.4209 0.000542613
31.4816 0.000537058
31.5422 0.000531561
31.6028 0.000526122
31.6634 0.00052074
31.724 0.000515414
31.7846 0.000510145
31.8453 0.00050493
31.9059 0.00049977
31.9665 0.000494664
32.0271 0.000489612
32.0877 0.000484612
32.1483 0.000479665
32.209 0.000474769
32.2696 0.000469924
32.3302 0.000465131
32.3908 0.000460387
32.4514 0.000455693
32.512 0.000451047
32.5727 0.000446451
32.6333 0.000441902
32.6939 0.0004374
32.7545 0.000432946
32.8151 0.000428538
32.8757 0.000424176
32.9364 0.000419859
32.997 0.000415588
33.0576 0.00041136
33.1182 0.000407177
33.1788 0.000403038
33.2395 0.000398941
33.3001 0.000394887
33.3607 0.000390875
33.4213 0.000386905
33.4819 0.000382976
33.5425 0.000379088
33.6032 0.00037524
33.6638 0.000371432
33.7244 0.000367664
33.785 0.000363935
33.8456 0.000360244
33.9062 0.000356592
33.9669 0.000352977
34.0275 0.0003494
34.0881 0.00034586
34.1487 0.000342357
34.2093 0.00033889
34.2699 0.000335459
34.3306 0.000332063
34.3912 0.000328703
34.4518 0.000325377
34.5124 0.000322085
34.573 0.000318828
34.6336 0.000315604
34.6943 0.000312414
34.7549 0.000309256
34.8155 0.000306131
34.8761 0.000303039
34.9367 0.000299978
34.9973 0.000296949
35.058 0.000293951
35.1186 0.000290984
35.1792 0.000288048
35.2398 0.000285141
35.3004 0.000282265
35.361 0.000279418
35.4217 0.000276601
35.4823 0.000273813
35.5429 0.000271053
35.6035 0.000268322
35.6641 0.000265619
35.7247 0.000262943
35.7854 0.000260295
35.846 0.000257675
35.9066 0.000255081
35.9672 0.000252514
36.0278 0.000249973
36.0884 0.000247459
36.1491 0.00024497
36.2097 0.000242506
36.2703 0.000240068
36.3309 0.000237655
36.3915 0.000235267
36.4522 0.000232903
36.5128 0.000230564
36.5734 0.000228248
36.634 0.000225956
36.6946 0.000223687
36.7552 0.000221442
36.8159 0.00021922
36.8765 0.00021702
36.9371 0.000214843
36.9977 0.000212689
37.0583 0.000210556
37.1189 0.000208445
37.1796 0.000206356
37.2402 0.000204288
37.3008 0.000202241
37.3614 0.000200215
37.422 0.000198209
37.4826 0.000196225
37.5433 0.00019426
37.6039 0.000192315
37.6645 0.000190391
37.7251 0.000188486
37.7857 0.0001866
37.8463 0.000184734
37.907 0.000182886
37.9676 0.000181057
38.0282 0.000179247
38.0888 0.000177456
38.1494 0.000175683
38.21 0.000173927
38.2707 0.00017219
38.3313 0.00017047
38.3919 0.000168768
38.4525 0.000167083
38.5131 0.000165415
38.5737 0.000163764
38.6344 0.00016213
38.695 0.000160513
38.7556 0.000158912
38.8162 0.000157327
38.8768 0.000155758
38.9374 0.000154205
38.9981 0.000152668
39.0587 0.000151147
39.1193 0.000149641
39.1799 0.00014815
39.2405 0.000146674
39.3011 0.000145214
39.3618 0.000143768
39.4224 0.000142337
39.483 0.00014092
39.5436 0.000139518
39.6042 0.000138129
39.6649 0.000136755
39.7255 0.000135395
39.7861 0.000134049
39.8467 0.000132716
39.9073 0.000131396
39.9679 0.00013009
40.0286 0.000128798
40.0892 0.000127518
40.1498 0.000126251
40.2104 0.000124997
40.271 0.000123756
40.3316 0.000122527
40.3923 0.00012131
40.4529 0.000120106
40.5135 0.000118914
40.5741 0.000117734
40.6347 0.000116566
40.6953 0.00011541
40.756 0.000114266
40.8166 0.000113132
40.8772 0.000112011
40.9378 0.0001109
40.9984 0.000109801
41.059 0.000108713
41.1197 0.000107636
41.1803 0.00010657
41.2409 0.000105514
41.3015 0.000104469
41.3621 0.000103435
41.4227 0.000102411
41.4834 0.000101397
41.544 0.000100394
41.6046 9.94004e-05
41.6652 9.8417e-05
41.7258 9.74435e-05
41.7864 9.64797e-05
41.8471 9.55257e-05
41.9077 9.45812e-05
41.9683 9.36462e-05
42.0289 9.27206e-05
42.0895 9.18043e-05
42.1501 9.08971e-05
42.2108 8.99991e-05
42.2714 8.91101e-05
42.332 8.82301e-05
42.3926 8.73588e-05
42.4532 8.64963e-05
42.5138 8.56424e-05
42.5745 8.47971e-05
42.6351 8.39603e-05
42.6957 8.31318e-05
42.7563 8.23116e-05
42.8169 8.14997e-05
42.8776 8.06959e-05
42.9382 7.99001e-05
42.9988 7.91124e-05
43.0594 7.83324e-05
43.12 7.75603e-05
43.1806 7.6796e-05
43.2413 7.60392e-05
43.3019 7.52901e-05
43.3625 7.45484e-05
43.4231 7.38141e-05
43.4837 7.30872e-05
43.5443 7.23676e-05
43.605 7.16551e-05
43.6656 7.09498e-05
43.7262 7.02515e-05
43.7868 6.95602e-05
43.8474 6.88757e-05
43.908 6.81982e-05
43.9687 6.75273e-05
44.0293 6.68632e-05
44.0899 6.62057e-05
44.1505 6.55548e-05
44.2111 6.49103e-05
44.2717 6.42723e-05
44.3324 6.36407e-05
44.393 6.30153e-05
44.4536 6.23962e-05
44.5142 6.17832e-05
44.5748 6.11764e-05
44.6354 6.05756e-05
44.6961 5.99807e-05
44.7567 5.93918e-05
44.8173 5.88088e-05
44.8779 5.82316e-05
44.9385 5.76601e-05
44.9991 5.70943e-05
45.0598 5.65341e-05
45.1204 5.59795e-05
45.181 5.54305e-05
45.2416 5.48869e-05
45.3022 5.43487e-05
45.3628 5.38158e-05
45.4235 5.32882e-05
45.4841 5.27659e-05
45.5447 5.22488e-05
45.6053 5.17368e-05
45.6659 5.12299e-05
45.7265 5.0728e-05
45.7872 5.02311e-05
45.8478 4.97392e-05
45.9084 4.92521e-05
45.969 4.87699e-05
46.0296 4.82924e-05
46.0903 4.78197e-05
46.1509 4.73517e-05
46.2115 4.68883e-05
46.2721 4.64296e-05
46.3327 4.59753e-05
46.3933 4.55256e-05
46.454 4.50803e-05
46.5146 4.46395e-05
46.5752 4.4203e-05
46.6358 4.37708e-05
46.6964 4.33429e-05
46.757 4.29193e-05
46.8177 4.24998e-05
46.8783 4.20845e-05
46.9389 4.16733e-05
46.9995 4.12662e-05
47.0601 4.08631e-05
47.1207 4.0464e-05
47.1814 4.00689e-05
47.242 3.96776e-05
47.3026 3.92903e-05
47.3632 3.89067e-05
47.4238 3.8527e-05
47.4844 3.8151e-05
47.5451 3.77787e-05
47.6057 3.74101e-05
47.6663 3.70452e-05
47.7269 3.66838e-05
47.7875 3.6326e-05
47.8481 3.59718e-05
47.9088 3.5621e-05
47.9694 3.52738e-05
48.03 3.49299e-05
48.0906 3.45894e-05
48.1512 3.42523e-05
48.2118 3.39186e-05
48.2725 3.35881e-05
48.3331 3.32609e-05
48.3937 3.29369e-05
48.4543 3.26161e-05
48.5149 3.22984e-05
48.5755 3.19839e-05
48.6362 3.16725e-05
48.6968 3.13642e-05
48.7574 3.10589e-05
48.818 3.07566e-05
48.8786 3.04573e-05
48.9392 3.01609e-05
48.9999 2.98675e-05
49.0605 2.95769e-05
49.1211 2.92892e-05
49.1817 2.90044e-05
49.2423 2.87223e-05
49.3029 2.84431e-05
49.3636 2.81665e-05
49.4242 2.78927e-05
49.4848 2.76216e-05
49.5454 2.73531e-05
49.606 2.70873e-05
49.6667 2.68241e-05
49.7273 2.65635e-05
49.7879 2.63055e-05
49.8485 2.605e-05
49.9091 2.5797e-05
49.9697 2.55465e-05
50.0304 2.52984e-05
50.091 2.50528e-05
50.1516 2.48096e-05
50.2122 2.45688e-05
50.2728 2.43303e-05
50.3334 2.40942e-05
50.3941 2.38604e-05
50.4547 2.36289e-05
50.5153 2.33997e-05
50.5759 2.31728e-05
50.6365 2.2948e-05
50.6971 2.27255e-05
50.7578 2.25051e-05
50.8184 2.22869e-05
50.879 2.20709e-05
50.9396 2.18569e-05
51.0002 2.16451e-05
51.0608 2.14353e-05
51.1215 2.12276e-05
51.1821 2.10219e-05
51.2427 2.08183e-05
51.3033 2.06166e-05
51.3639 2.04169e-05
51.4245 2.02192e-05
51.4852 2.00234e-05
51.5458 1.98295e-05
51.6064 1.96375e-05
51.667 1.94474e-05
51.7276 1.92592e-05
51.7882 1.90728e-05
51.8489 1.88882e-05
51.9095 1.87055e-05
51.9701 1.85245e-05
52.0307 1.83453e-05
52.0913 1.81678e-05
52.1519 1.79921e-05
52.2126 1.78181e-05
52.2732 1.76458e-05
52.3338 1.74752e-05
52.3944 1.73062e-05
52.455 1.71389e-05
52.5156 1.69733e-05
52.5763 1.68092e-05
52.6369 1.66468e-05
52.6975 1.64859e-05
52.7581 1.63266e-05
52.8187 1.61689e-05
52.8794 1.60127e-05
52.94 1.58581e-05
53.0006 1.57049e-05
53.0612 1.55532e-05
53.1218 1.54031e-05
53.1824 1.52544e-05
53.2431 1.51071e-05
53.3037 1.49613e-05
53.3643 1.48169e-05
53.4249 1.46739e-05
53.4855 1.45323e-05
53.5461 1.4392e-05
53.6068 1.42532e-05
53.6674 1.41157e-05
53.728 1.39795e-05
53.7886 1.38447e-05
53.8492 1.37112e-05
53.9098 1.3579e-05
53.9705 1.3448e-05
54.0311 1.33184e-05
54.0917 1.319e-05
54.1523 1.30629e-05
54.2129 1.2937e-05
54.2735 1.28123e-05
54.3342 1.26888e-05
54.3948 1.25666e-05
54.4554 1.24455e-05
54.516 1.23256e-05
54.5766 1.22069e-05
54.6372 1.20893e-05
54.6979 1.19729e-05
54.7585 1.18576e-05
54.8191 1.17434e-05
54.8797 1.16303e-05
54.9403 1.15184e-05
55.0009 1.14075e-05
55.0616 1.12977e-05
55.1222 1.1189e-05
55.1828 1.10813e-05
55.2434 1.09747e-05
55.304 1.08691e-05
55.3646 1.07645e-05
55.4253 1.0661e-05
55.4859 1.05585e-05
55.5465 1.04569e-05
55.6071 1.03563e-05
55.6677 1.02568e-05
55.7283 1.01581e-05
55.789 1.00605e-05
55.8496 9.96378e-06
55.9102 9.86801e-06
55.9708 9.77316e-06
56.0314 9.67924e-06
56.0921 9.58623e-06
56.1527 9.49412e-06
56.2133 9.40291e-06
56.2739 9.31258e-06
56.3345 9.22313e-06
56.3951 9.13454e-06
56.4558 9.04681e-06
56.5164 8.95994e-06
56.577 8.8739e-06
56.6376 8.7887e-06
56.6982 8.70433e-06
56.7588 8.62077e-06
56.8195 8.53802e-06
56.8801 8.45608e-06
56.9407 8.37493e-06
57.0013 8.29456e-06
57.0619 8.21497e-06
57.1225 8.13616e-06
57.1832 8.0581e-06
57.2438 7.98081e-06
57.3044 7.90426e-06
57.365 7.82845e-06
57.4256 7.75338e-06
57.4862 7.67903e-06
57.5469 7.6054e-06
57.6075 7.53249e-06
57.6681 7.46028e-06
57.7287 7.38877e-06
57.7893 7.31795e-06
57.8499 7.24781e-06
57.9106 7.17836e-06
57.9712 7.10957e-06
58.0318 7.04145e-06
58.0924 6.97399e-06
58.153 6.90718e-06
58.2136 6.84102e-06
58.2743 6.7755e-06
58.3349 6.71061e-06
58.3955 6.64635e-06
58.4561 6.5827e-06
58.5167 6.51968e-06
58.5773 6.45726e-06
58.638 6.39544e-06
58.6986 6.33423e-06
58.7592 6.2736e-06
58.8198 6.21356e-06
58.8804 6.1541e-06
58.941 6.09521e-06
59.0017 6.03689e-06
