-11.7193 5.90696e-05
-11.6914 6.03882e-05
-11.6635 6.17362e-05
-11.6357 6.31141e-05
-11.6078 6.45226e-05
-11.58 6.59623e-05
-11.5521 6.74341e-05
-11.5243 6.89386e-05
-11.4964 7.04764e-05
-11.4686 7.20484e-05
-11.4407 7.36553e-05
-11.4129 7.52978e-05
-11.385 7.69768e-05
-11.3571 7.86931e-05
-11.3293 8.04474e-05
-11.3014 8.22407e-05
-11.2736 8.40737e-05
-11.2457 8.59474e-05
-11.2179 8.78626e-05
-11.19 8.98203e-05
-11.1622 9.18214e-05
-11.1343 9.38669e-05
-11.1064 9.59577e-05
-11.0786 9.80948e-05
-11.0507 0.000100279
-11.0229 0.000102512
-10.995 0.000104794
-10.9672 0.000107127
-10.9393 0.000109512
-10.9115 0.000111949
-10.8836 0.00011444
-10.8557 0.000116987
-10.8279 0.00011959
-10.8 0.00012225
-10.7722 0.000124969
-10.7443 0.000127749
-10.7165 0.00013059
-10.6886 0.000133493
-10.6608 0.000136461
-10.6329 0.000139495
-10.605 0.000142595
-10.5772 0.000145764
-10.5493 0.000149003
-10.5215 0.000152314
-10.4936 0.000155698
-10.4658 0.000159157
-10.4379 0.000162691
-10.4101 0.000166304
-10.3822 0.000169997
-10.3544 0.000173772
-10.3265 0.000177629
-10.2986 0.000181572
-10.2708 0.000185602
-10.2429 0.00018972
-10.2151 0.00019393
-10.1872 0.000198232
-10.1594 0.000202629
-10.1315 0.000207123
-10.1037 0.000211716
-10.0758 0.000216411
-10.0479 0.000221208
-10.0201 0.000226112
-9.99223 0.000231123
-9.96438 0.000236245
-9.93652 0.00024148
-9.90867 0.00024683
-9.88081 0.000252297
-9.85296 0.000257885
-9.8251 0.000263596
-9.79725 0.000269433
-9.76939 0.000275398
-9.74154 0.000281494
-9.71368 0.000287724
-9.68583 0.000294091
-9.65797 0.000300598
-9.63011 0.000307248
-9.60226 0.000314044
-9.5744 0.000320989
-9.54655 0.000328087
-9.51869 0.000335341
-9.49084 0.000342754
-9.46298 0.000350329
-9.43513 0.000358071
-9.40727 0.000365983
-9.37942 0.000374069
-9.35156 0.000382331
-9.32371 0.000390775
-9.29585 0.000399404
-9.268 0.000408222
-9.24014 0.000417234
-9.21229 0.000426442
-9.18443 0.000435853
-9.15658 0.000445469
-9.12872 0.000455296
-9.10086 0.000465339
-9.07301 0.000475601
-9.04515 0.000486087
-9.0173 0.000496803
-8.98944 0.000507754
-8.96159 0.000518943
-8.93373 0.000530378
-8.90588 0.000542062
-8.87802 0.000554002
-8.85017 0.000566202
-8.82231 0.000578669
-8.79446 0.000591409
-8.7666 0.000604426
-8.73875 0.000617727
-8.71089 0.000631319
-8.68304 0.000645207
-8.65518 0.000659399
-8.62733 0.000673899
-8.59947 0.000688716
-8.57161 0.000703856
-8.54376 0.000719325
-8.5159 0.000735132
-8.48805 0.000751282
-8.46019 0.000767785
-8.43234 0.000784647
-8.40448 0.000801875
-8.37663 0.000819479
-8.34877 0.000837465
-8.32092 0.000855843
-8.29306 0.00087462
-8.26521 0.000893805
-8.23735 0.000913407
-8.2095 0.000933434
-8.18164 0.000953897
-8.15379 0.000974804
-8.12593 0.000996165
-8.09808 0.00101799
-8.07022 0.00104029
-8.04236 0.00106307
-8.01451 0.00108634
-7.98665 0.00111012
-7.9588 0.00113442
-7.93094 0.00115924
-7.90309 0.0011846
-7.87523 0.0012105
-7.84738 0.00123697
-7.81952 0.00126401
-7.79167 0.00129164
-7.76381 0.00131986
-7.73596 0.00134869
-7.7081 0.00137815
-7.68025 0.00140824
-7.65239 0.00143898
-7.62454 0.00147039
-7.59668 0.00150247
-7.56883 0.00153525
-7.54097 0.00156873
-7.51311 0.00160294
-7.48526 0.00163788
-7.4574 0.00167357
-7.42955 0.00171003
-7.40169 0.00174728
-7.37384 0.00178533
-7.34598 0.0018242
-7.31813 0.00186391
-7.29027 0.00190446
-7.26242 0.00194589
-7.23456 0.00198821
-7.20671 0.00203144
-7.17885 0.0020756
-7.151 0.0021207
-7.12314 0.00216678
-7.09529 0.00221384
-7.06743 0.00226191
-7.03957 0.002311
-7.01172 0.00236116
-6.98386 0.00241238
-6.95601 0.0024647
-6.92815 0.00251814
-6.9003 0.00257272
-6.87244 0.00262847
-6.84459 0.00268542
-6.81673 0.00274357
-6.78888 0.00280297
-6.76102 0.00286364
-6.73317 0.0029256
-6.70531 0.00298888
-6.67746 0.00305351
-6.6496 0.00311952
-6.62175 0.00318693
-6.59389 0.00325578
-6.56604 0.0033261
-6.53818 0.0033979
-6.51032 0.00347124
-6.48247 0.00354613
-6.45461 0.00362261
-6.42676 0.00370072
-6.3989 0.00378049
-6.37105 0.00386194
-6.34319 0.00394512
-6.31534 0.00403007
-6.28748 0.00411681
-6.25963 0.00420539
-6.23177 0.00429584
-6.20392 0.0043882
-6.17606 0.00448252
-6.14821 0.00457882
-6.12035 0.00467716
-6.0925 0.00477758
-6.06464 0.00488011
-6.03679 0.0049848
-6.00893 0.0050917
-5.98107 0.00520085
-5.95322 0.00531229
-5.92536 0.00542608
-5.89751 0.00554226
-5.86965 0.00566087
-5.8418 0.00578198
-5.81394 0.00590563
-5.78609 0.00603186
-5.75823 0.00616075
-5.73038 0.00629233
-5.70252 0.00642666
-5.67467 0.00656381
-5.64681 0.00670382
-5.61896 0.00684675
-5.5911 0.00699266
-5.56325 0.00714162
-5.53539 0.00729368
-5.50754 0.00744891
-5.47968 0.00760737
-5.45182 0.00776912
-5.42397 0.00793424
-5.39611 0.00810278
-5.36826 0.00827482
-5.3404 0.00845043
-5.31255 0.00862968
-5.28469 0.00881264
-5.25684 0.00899938
-5.22898 0.00918998
-5.20113 0.00938452
-5.17327 0.00958308
-5.14542 0.00978573
-5.11756 0.00999255
-5.08971 0.0102036
-5.06185 0.0104191
-5.034 0.0106389
-5.00614 0.0108633
-4.97828 0.0110922
-4.95043 0.0113259
-4.92257 0.0115643
-4.89472 0.0118077
-4.86686 0.012056
-4.83901 0.0123093
-4.81115 0.0125679
-4.7833 0.0128317
-4.75544 0.0131009
-4.72759 0.0133755
-4.69973 0.0136558
-4.67188 0.0139417
-4.64402 0.0142334
-4.61617 0.014531
-4.58831 0.0148347
-4.56046 0.0151445
-4.5326 0.0154605
-4.50475 0.0157829
-4.47689 0.0161118
-4.44903 0.0164474
-4.42118 0.0167896
-4.39332 0.0171388
-4.36547 0.0174949
-4.33761 0.0178582
-4.30976 0.0182287
-4.2819 0.0186067
-4.25405 0.0189921
-4.22619 0.0193853
-4.19834 0.0197862
-4.17048 0.0201952
-4.14263 0.0206122
-4.11477 0.0210375
-4.08692 0.0214712
-4.05906 0.0219135
-4.03121 0.0223645
-4.00335 0.0228244
-3.9755 0.0232933
-3.94764 0.0237714
-3.91978 0.0242589
-3.89193 0.0247559
-3.86407 0.0252627
-3.83622 0.0257793
-3.80836 0.0263059
-3.78051 0.0268428
-3.75265 0.0273901
-3.7248 0.027948
-3.69694 0.0285167
-3.66909 0.0290964
-3.64123 0.0296872
-3.61338 0.0302893
-3.58552 0.030903
-3.55767 0.0315284
-3.52981 0.0321658
-3.50196 0.0328153
-3.4741 0.0334771
-3.44625 0.0341515
-3.41839 0.0348387
-3.39053 0.0355388
-3.36268 0.0362521
-3.33482 0.0369788
-3.30697 0.037719
-3.27911 0.0384732
-3.25126 0.0392413
-3.2234 0.0400238
-3.19555 0.0408207
-3.16769 0.0416324
-3.13984 0.042459
-3.11198 0.0433008
-3.08413 0.0441581
-3.05627 0.0450309
-3.02842 0.0459197
-3.00056 0.0468245
-2.97271 0.0477458
-2.94485 0.0486836
-2.91699 0.0496382
-2.88914 0.0506099
-2.86128 0.0515989
-2.83343 0.0526055
-2.80557 0.0536298
-2.77772 0.0546722
-2.74986 0.0557329
-2.72201 0.056812
-2.69415 0.0579099
-2.6663 0.0590268
-2.63844 0.0601629
-2.61059 0.0613185
-2.58273 0.0624938
-2.55488 0.0636889
-2.52702 0.0649043
-2.49917 0.06614
-2.47131 0.0673963
-2.44346 0.0686734
-2.4156 0.0699715
-2.38774 0.0712909
-2.35989 0.0726317
-2.33203 0.0739942
-2.30418 0.0753786
-2.27632 0.0767849
-2.24847 0.0782135
-2.22061 0.0796645
-2.19276 0.081138
-2.1649 0.0826342
-2.13705 0.0841532
-2.10919 0.0856953
-2.08134 0.0872604
-2.05348 0.0888488
-2.02563 0.0904605
-1.99777 0.0920956
-1.96992 0.0937541
-1.94206 0.0954362
-1.91421 0.0971418
-1.88635 0.098871
-1.85849 0.100624
-1.83064 0.1024
-1.80278 0.1042
-1.77493 0.106023
-1.74707 0.107869
-1.71922 0.109739
-1.69136 0.111632
-1.66351 0.113547
-1.63565 0.115486
-1.6078 0.117446
-1.57994 0.119429
-1.55209 0.121433
-1.52423 0.123459
-1.49638 0.125505
-1.46852 0.127572
-1.44067 0.12966
-1.41281 0.131766
-1.38496 0.133891
-1.3571 0.136035
-1.32924 0.138195
-1.30139 0.140373
-1.27353 0.142566
-1.24568 0.144773
-1.21782 0.146995
-1.18997 0.149229
-1.16211 0.151474
-1.13426 0.15373
-1.1064 0.155994
-1.07855 0.158266
-1.05069 0.160544
-1.02284 0.162825
-0.994981 0.165109
-0.967126 0.167394
-0.939271 0.169676
-0.911416 0.171956
-0.88356 0.174229
-0.855705 0.176494
-0.82785 0.178749
-0.799994 0.18099
-0.772139 0.183215
-0.744284 0.18542
-0.716429 0.187604
-0.688573 0.189763
-0.660718 0.191893
-0.632863 0.193991
-0.605008 0.196054
-0.577152 0.198077
-0.549297 0.200058
-0.521442 0.201992
-0.493586 0.203875
-0.465731 0.205703
-0.437876 0.207472
-0.410021 0.209179
-0.382165 0.210818
-0.35431 0.212386
-0.326455 0.213879
-0.2986 0.215293
-0.270744 0.216624
-0.242889 0.217868
-0.215034 0.219022
-0.187179 0.220082
-0.159323 0.221045
-0.131468 0.221909
-0.103613 0.222671
-0.0757574 0.223329
-0.0479022 0.223881
-0.0200469 0.224326
0.00780838 0.224662
0.0356637 0.22489
0.0635189 0.225009
0.0913742 0.22502
0.119229 0.224922
0.147085 0.224718
0.17494 0.224409
0.202795 0.223996
0.230651 0.223482
0.258506 0.222869
0.286361 0.22216
0.314216 0.221358
0.342072 0.220466
0.369927 0.219487
0.397782 0.218426
0.425637 0.217285
0.453493 0.216068
0.481348 0.214778
0.509203 0.213421
0.537059 0.211999
0.564914 0.210516
0.592769 0.208975
0.620624 0.207381
0.64848 0.205737
0.676335 0.204047
0.70419 0.202313
0.732045 0.200539
0.759901 0.198728
0.787756 0.196884
0.815611 0.195009
0.843466 0.193106
0.871322 0.191178
0.899177 0.189228
0.927032 0.187257
0.954888 0.18527
0.982743 0.183267
1.0106 0.18125
1.03845 0.179223
1.06631 0.177187
1.09416 0.175144
1.12202 0.173095
1.14987 0.171043
1.17773 0.168989
1.20558 0.166934
1.23344 0.164881
1.2613 0.162829
1.28915 0.160781
1.31701 0.158738
1.34486 0.1567
1.37272 0.15467
1.40057 0.152647
1.42843 0.150633
1.45628 0.148629
1.48414 0.146636
1.51199 0.144654
1.53985 0.142683
1.5677 0.140726
1.59556 0.138782
1.62341 0.136851
1.65127 0.134935
1.67912 0.133034
1.70698 0.131148
1.73484 0.129278
1.76269 0.127424
1.79055 0.125587
1.8184 0.123766
1.84626 0.121962
1.87411 0.120176
1.90197 0.118407
1.92982 0.116656
1.95768 0.114923
1.98553 0.113208
2.01339 0.111512
2.04124 0.109834
2.0691 0.108174
2.09695 0.106533
2.12481 0.10491
2.15266 0.103306
2.18052 0.101721
2.20837 0.100155
2.23623 0.0986075
2.26409 0.0970787
2.29194 0.0955687
2.3198 0.0940773
2.34765 0.0926046
2.37551 0.0911505
2.40336 0.089715
2.43122 0.0882979
2.45907 0.0868993
2.48693 0.085519
2.51478 0.0841569
2.54264 0.082813
2.57049 0.0814871
2.59835 0.0801791
2.6262 0.0788889
2.65406 0.0776164
2.68191 0.0763615
2.70977 0.075124
2.73762 0.0739037
2.76548 0.0727007
2.79334 0.0715146
2.82119 0.0703454
2.84905 0.0691929
2.8769 0.068057
2.90476 0.0669374
2.93261 0.0658342
2.96047 0.064747
2.98832 0.0636757
3.01618 0.0626203
3.04403 0.0615804
3.07189 0.060556
3.09974 0.0595468
3.1276 0.0585528
3.15545 0.0575737
3.18331 0.0566094
3.21116 0.0556597
3.23902 0.0547244
3.26687 0.0538035
3.29473 0.0528966
3.32259 0.0520037
3.35044 0.0511245
3.3783 0.0502589
3.40615 0.0494068
3.43401 0.0485679
3.46186 0.0477421
3.48972 0.0469293
3.51757 0.0461292
3.54543 0.0453418
3.57328 0.0445667
3.60114 0.043804
3.62899 0.0430533
3.65685 0.0423146
3.6847 0.0415877
3.71256 0.0408724
3.74041 0.0401686
3.76827 0.0394761
3.79613 0.0387948
3.82398 0.0381245
3.85184 0.037465
3.87969 0.0368162
3.90755 0.036178
3.9354 0.0355502
3.96326 0.0349326
3.99111 0.0343251
4.01897 0.0337276
4.04682 0.0331399
4.07468 0.0325619
4.10253 0.0319934
4.13039 0.0314342
4.15824 0.0308844
4.1861 0.0303436
4.21395 0.0298118
4.24181 0.0292889
4.26966 0.0287747
4.29752 0.0282691
4.32538 0.0277719
4.35323 0.027283
4.38109 0.0268024
4.40894 0.0263298
4.4368 0.0258651
4.46465 0.0254083
4.49251 0.0249592
4.52036 0.0245177
4.54822 0.0240837
4.57607 0.023657
4.60393 0.0232375
4.63178 0.0228252
4.65964 0.0224198
4.68749 0.0220214
4.71535 0.0216298
4.7432 0.0212449
4.77106 0.0208665
4.79891 0.0204947
4.82677 0.0201292
4.85463 0.0197699
4.88248 0.0194169
4.91034 0.0190699
4.93819 0.0187289
4.96605 0.0183938
4.9939 0.0180644
5.02176 0.0177408
5.04961 0.0174227
5.07747 0.0171101
5.10532 0.016803
5.13318 0.0165012
5.16103 0.0162046
5.18889 0.0159132
5.21674 0.0156269
5.2446 0.0153455
5.27245 0.0150691
5.30031 0.0147975
5.32816 0.0145306
5.35602 0.0142684
5.38388 0.0140108
5.41173 0.0137577
5.43959 0.013509
5.46744 0.0132647
5.4953 0.0130247
5.52315 0.0127889
5.55101 0.0125573
5.57886 0.0123297
5.60672 0.0121061
5.63457 0.0118865
5.66243 0.0116708
5.69028 0.0114588
5.71814 0.0112507
5.74599 0.0110462
5.77385 0.0108453
5.8017 0.010648
5.82956 0.0104542
5.85742 0.0102638
5.88527 0.0100768
5.91313 0.0098931
5.94098 0.0097127
5.96884 0.0095355
5.99669 0.00936146
6.02455 0.00919051
6.0524 0.00902262
6.08026 0.00885773
6.10811 0.00869577
6.13597 0.00853672
6.16382 0.0083805
6.19168 0.00822708
6.21953 0.00807641
6.24739 0.00792844
6.27524 0.00778311
6.3031 0.0076404
6.33095 0.00750025
6.35881 0.00736261
6.38667 0.00722745
6.41452 0.00709471
6.44238 0.00696437
6.47023 0.00683637
6.49809 0.00671067
6.52594 0.00658725
6.5538 0.00646604
6.58165 0.00634702
6.60951 0.00623016
6.63736 0.0061154
6.66522 0.00600271
6.69307 0.00589207
6.72093 0.00578342
6.74878 0.00567674
6.77664 0.00557199
6.80449 0.00546914
6.83235 0.00536816
6.8602 0.005269
6.88806 0.00517165
6.91592 0.00507606
6.94377 0.00498221
6.97163 0.00489006
6.99948 0.00479959
7.02734 0.00471076
7.05519 0.00462355
7.08305 0.00453793
7.1109 0.00445386
7.13876 0.00437133
7.16661 0.0042903
7.19447 0.00421075
7.22232 0.00413266
7.25018 0.00405598
7.27803 0.00398071
7.30589 0.00390681
7.33374 0.00383426
7.3616 0.00376304
7.38945 0.00369313
7.41731 0.00362449
7.44517 0.00355711
7.47302 0.00349096
7.50088 0.00342602
7.52873 0.00336228
7.55659 0.0032997
7.58444 0.00323827
7.6123 0.00317797
7.64015 0.00311877
7.66801 0.00306066
7.69586 0.00300362
7.72372 0.00294763
7.75157 0.00289267
7.77943 0.00283872
7.80728 0.00278576
7.83514 0.00273377
7.86299 0.00268274
7.89085 0.00263266
7.91871 0.00258349
7.94656 0.00253523
7.97442 0.00248786
8.00227 0.00244137
8.03013 0.00239573
8.05798 0.00235093
8.08584 0.00230697
8.11369 0.00226381
8.14155 0.00222145
8.1694 0.00217987
8.19726 0.00213907
8.22511 0.00209901
8.25297 0.0020597
8.28082 0.00202112
8.30868 0.00198325
8.33653 0.00194608
8.36439 0.0019096
8.39224 0.00187379
8.4201 0.00183865
8.44796 0.00180416
8.47581 0.00177031
8.50367 0.00173709
8.53152 0.00170448
8.55938 0.00167248
8.58723 0.00164107
8.61509 0.00161025
8.64294 0.00158
8.6708 0.00155031
8.69865 0.00152117
8.72651 0.00149258
8.75436 0.00146452
8.78222 0.00143697
8.81007 0.00140995
8.83793 0.00138342
8.86578 0.00135739
8.89364 0.00133184
8.92149 0.00130677
8.94935 0.00128217
8.97721 0.00125802
9.00506 0.00123433
9.03292 0.00121107
9.06077 0.00118825
9.08863 0.00116586
9.11648 0.00114388
9.14434 0.00112232
9.17219 0.00110115
9.20005 0.00108038
9.2279 0.00106
9.25576 0.00104001
9.28361 0.00102038
9.31147 0.00100112
9.33932 0.000982223
9.36718 0.000963678
9.39503 0.000945479
9.42289 0.000927622
9.45074 0.000910098
9.4786 0.000892903
9.50646 0.00087603
9.53431 0.000859472
9.56217 0.000843225
9.59002 0.000827282
9.61788 0.000811638
9.64573 0.000796287
9.67359 0.000781225
9.70144 0.000766444
9.7293 0.000751941
9.75715 0.00073771
9.78501 0.000723746
9.81286 0.000710044
9.84072 0.000696599
9.86857 0.000683407
9.89643 0.000670463
9.92428 0.000657761
9.95214 0.000645299
9.98 0.00063307
10.0079 0.000621072
10.0357 0.000609299
10.0636 0.000597747
10.0914 0.000586413
10.1193 0.000575292
10.1471 0.00056438
10.175 0.000553674
10.2028 0.000543169
10.2307 0.000532862
10.2585 0.000522749
10.2864 0.000512826
10.3143 0.00050309
10.3421 0.000493538
10.37 0.000484166
10.3978 0.00047497
10.4257 0.000465948
10.4535 0.000457096
10.4814 0.000448411
10.5092 0.00043989
10.5371 0.000431529
10.565 0.000423326
10.5928 0.000415278
10.6207 0.000407382
10.6485 0.000399635
10.6764 0.000392034
10.7042 0.000384577
10.7321 0.000377261
10.7599 0.000370083
10.7878 0.00036304
10.8157 0.000356131
10.8435 0.000349352
10.8714 0.000342702
10.8992 0.000336177
10.9271 0.000329775
10.9549 0.000323495
10.9828 0.000317333
11.0106 0.000311288
11.0385 0.000305358
11.0664 0.00029954
11.0942 0.000293831
11.1221 0.000288231
11.1499 0.000282737
11.1778 0.000277347
11.2056 0.000272059
11.2335 0.000266871
11.2613 0.000261782
11.2892 0.000256789
11.317 0.000251891
11.3449 0.000247085
11.3728 0.000242371
11.4006 0.000237746
11.4285 0.000233209
11.4563 0.000228757
11.4842 0.000224391
11.512 0.000220107
11.5399 0.000215904
11.5677 0.000211781
11.5956 0.000207737
11.6235 0.000203769
11.6513 0.000199876
11.6792 0.000196058
11.707 0.000192312
11.7349 0.000188637
11.7627 0.000185032
11.7906 0.000181496
11.8184 0.000178026
11.8463 0.000174623
11.8742 0.000171284
11.902 0.000168009
11.9299 0.000164796
11.9577 0.000161644
11.9856 0.000158552
12.0134 0.000155519
12.0413 0.000152544
12.0691 0.000149625
12.097 0.000146762
12.1249 0.000143953
12.1527 0.000141198
12.1806 0.000138495
12.2084 0.000135844
12.2363 0.000133243
12.2641 0.000130692
12.292 0.000128189
12.3198 0.000125734
12.3477 0.000123326
12.3755 0.000120963
12.4034 0.000118646
12.4313 0.000116373
12.4591 0.000114143
12.487 0.000111956
12.5148 0.00010981
12.5427 0.000107705
12.5705 0.000105641
12.5984 0.000103615
12.6262 0.000101629
12.6541 9.968e-05
12.682 9.77685e-05
12.7098 9.58935e-05
12.7377 9.40543e-05
12.7655 9.22501e-05
12.7934 9.04804e-05
12.8212 8.87445e-05
12.8491 8.70418e-05
12.8769 8.53715e-05
12.9048 8.37331e-05
12.9327 8.21261e-05
12.9605 8.05497e-05
12.9884 7.90035e-05
13.0162 7.74868e-05
13.0441 7.5999e-05
13.0719 7.45398e-05
13.0998 7.31084e-05
13.1276 7.17043e-05
13.1555 7.03271e-05
13.1834 6.89763e-05
13.2112 6.76512e-05
13.2391 6.63515e-05
13.2669 6.50767e-05
13.2948 6.38262e-05
13.3226 6.25997e-05
13.3505 6.13966e-05
13.3783 6.02166e-05
13.4062 5.90591e-05
13.434 5.79238e-05
13.4619 5.68102e-05
13.4898 5.5718e-05
13.5176 5.46466e-05
13.5455 5.35957e-05
13.5733 5.2565e-05
13.6012 5.1554e-05
13.629 5.05624e-05
13.6569 4.95898e-05
13.6847 4.86358e-05
13.7126 4.77e-05
13.7405 4.67822e-05
13.7683 4.5882e-05
13.7962 4.49991e-05
13.824 4.4133e-05
13.8519 4.32836e-05
13.8797 4.24504e-05
13.9076 4.16332e-05
13.9354 4.08317e-05
13.9633 4.00456e-05
13.9912 3.92745e-05
14.019 3.85182e-05
14.0469 3.77764e-05
14.0747 3.70489e-05
14.1026 3.63353e-05
14.1304 3.56354e-05
14.1583 3.49489e-05
14.1861 3.42756e-05
14.214 3.36152e-05
14.2419 3.29675e-05
14.2697 3.23322e-05
14.2976 3.17091e-05
14.3254 3.1098e-05
14.3533 3.04986e-05
14.3811 2.99107e-05
14.409 2.93341e-05
14.4368 2.87686e-05
14.4647 2.8214e-05
14.4925 2.767e-05
14.5204 2.71364e-05
14.5483 2.66131e-05
14.5761 2.60999e-05
14.604 2.55965e-05
14.6318 2.51028e-05
14.6597 2.46185e-05
14.6875 2.41436e-05
14.7154 2.36778e-05
14.7432 2.3221e-05
14.7711 2.27729e-05
14.799 2.23335e-05
14.8268 2.19025e-05
14.8547 2.14798e-05
14.8825 2.10652e-05
14.9104 2.06586e-05
14.9382 2.02598e-05
14.9661 1.98687e-05
14.9939 1.94852e-05
15.0218 1.91089e-05
15.0497 1.874e-05
15.0775 1.83781e-05
15.1054 1.80232e-05
15.1332 1.76751e-05
15.1611 1.73338e-05
15.1889 1.6999e-05
15.2168 1.66706e-05
15.2446 1.63486e-05
15.2725 1.60327e-05
15.3004 1.5723e-05
15.3282 1.54192e-05
15.3561 1.51212e-05
15.3839 1.4829e-05
15.4118 1.45425e-05
15.4396 1.42614e-05
15.4675 1.39858e-05
15.4953 1.37154e-05
15.5232 1.34503e-05
15.551 1.31903e-05
15.5789 1.29353e-05
15.6068 1.26852e-05
15.6346 1.24399e-05
15.6625 1.21994e-05
15.6903 1.19635e-05
15.7182 1.17321e-05
15.746 1.15052e-05
15.7739 1.12827e-05
15.8017 1.10645e-05
15.8296 1.08504e-05
15.8575 1.06405e-05
15.8853 1.04347e-05
15.9132 1.02328e-05
15.941 1.00348e-05
15.9689 9.84066e-06
15.9967 9.65024e-06
16.0246 9.46349e-06
16.0524 9.28034e-06
16.0803 9.10073e-06
16.1082 8.92458e-06
