-1.1435 0.00107526
-0.811861 0.00408152
-0.48022 0.0139289
-0.148579 0.0378932
0.183062 0.0720961
0.514703 0.0968489
0.846344 0.10528
1.17799 0.103815
1.50963 0.0983347
1.84127 0.0917227
2.17291 0.0851519
2.50455 0.0790439
2.83619 0.0735141
3.16783 0.0685571
3.49947 0.0641248
3.83111 0.0601575
4.16276 0.0565965
4.4944 0.0533888
4.82604 0.050488
5.15768 0.0478546
5.48932 0.0454545
5.82096 0.0432592
6.1526 0.041244
6.48424 0.039388
6.81588 0.0376735
7.14753 0.0360849
7.47917 0.034609
7.81081 0.0332344
8.14245 0.031951
8.47409 0.03075
8.80573 0.0296239
9.13737 0.0285659
9.46901 0.0275699
9.80065 0.0266308
10.1323 0.0257438
10.4639 0.0249047
10.7956 0.0241098
11.1272 0.0233556
11.4589 0.0226392
11.7905 0.0219578
12.1221 0.021309
12.4538 0.0206904
12.7854 0.0201001
13.1171 0.0195361
13.4487 0.0189968
13.7803 0.0184806
14.112 0.017986
14.4436 0.0175118
14.7753 0.0170568
15.1069 0.0166198
15.4386 0.0161999
15.7702 0.015796
16.1018 0.0154072
16.4335 0.0150328
16.7651 0.0146721
17.0968 0.0143242
17.4284 0.0139886
17.76 0.0136645
18.0917 0.0133516
18.4233 0.0130491
18.755 0.0127567
19.0866 0.0124738
19.4182 0.0122
19.7499 0.0119349
20.0815 0.0116781
20.4132 0.0114292
20.7448 0.0111879
21.0765 0.0109539
21.4081 0.0107268
21.7397 0.0105064
22.0714 0.0102924
22.403 0.0100846
22.7347 0.00988257
23.0663 0.00968624
23.3979 0.00949535
23.7296 0.00930969
24.0612 0.00912906
24.3929 0.00895326
24.7245 0.00878213
25.0561 0.00861549
25.3878 0.00845318
25.7194 0.00829505
26.0511 0.00814094
26.3827 0.00799072
26.7143 0.00784425
27.046 0.00770141
27.3776 0.00756207
27.7093 0.00742611
28.0409 0.00729344
28.3726 0.00716392
28.7042 0.00703748
29.0358 0.00691399
29.3675 0.00679339
29.6991 0.00667556
30.0308 0.00656043
30.3624 0.00644792
30.694 0.00633794
31.0257 0.00623042
31.3573 0.00612528
31.689 0.00602245
32.0206 0.00592188
32.3522 0.00582348
32.6839 0.0057272
33.0155 0.00563298
33.3472 0.00554075
33.6788 0.00545048
34.0105 0.00536209
34.3421 0.00527553
34.6737 0.00519077
35.0054 0.00510774
35.337 0.00502641
35.6687 0.00494672
36.0003 0.00486863
36.3319 0.00479211
36.6636 0.0047171
36.9952 0.00464358
37.3269 0.0045715
37.6585 0.00450083
37.9901 0.00443152
38.3218 0.00436356
38.6534 0.00429689
38.9851 0.0042315
39.3167 0.00416735
39.6484 0.00410441
39.98 0.00404264
40.3116 0.00398203
40.6433 0.00392255
40.9749 0.00386416
41.3066 0.00380684
41.6382 0.00375057
41.9698 0.00369532
42.3015 0.00364107
42.6331 0.0035878
42.9648 0.00353548
43.2964 0.00348409
43.628 0.00343362
43.9597 0.00338403
44.2913 0.00333532
44.623 0.00328745
44.9546 0.00324042
45.2863 0.00319421
45.6179 0.00314879
45.9495 0.00310415
46.2812 0.00306028
46.6128 0.00301715
46.9445 0.00297475
47.2761 0.00293307
47.6077 0.00289208
47.9394 0.00285179
48.271 0.00281216
48.6027 0.0027732
48.9343 0.00273487
49.2659 0.00269718
49.5976 0.00266011
49.9292 0.00262364
50.2609 0.00258777
50.5925 0.00255248
50.9241 0.00251775
51.2558 0.00248359
51.5874 0.00244997
51.9191 0.00241689
52.2507 0.00238434
52.5824 0.00235231
52.914 0.00232078
53.2456 0.00228974
53.5773 0.0022592
53.9089 0.00222913
54.2406 0.00219953
54.5722 0.00217039
54.9038 0.0021417
55.2355 0.00211345
55.5671 0.00208564
55.8988 0.00205825
56.2304 0.00203128
56.562 0.00200473
56.8937 0.00197857
57.2253 0.00195282
57.557 0.00192745
57.8886 0.00190246
58.2203 0.00187785
58.5519 0.0018536
58.8835 0.00182972
59.2152 0.00180619
59.5468 0.00178301
59.8785 0.00176017
60.2101 0.00173767
60.5417 0.0017155
60.8734 0.00169366
61.205 0.00167213
61.5367 0.00165092
61.8683 0.00163001
62.1999 0.00160941
62.5316 0.00158911
62.8632 0.0015691
63.1949 0.00154937
63.5265 0.00152993
63.8582 0.00151077
64.1898 0.00149188
64.5214 0.00147326
64.8531 0.0014549
65.1847 0.0014368
65.5164 0.00141896
65.848 0.00140137
66.1796 0.00138403
66.5113 0.00136693
66.8429 0.00135007
67.1746 0.00133344
67.5062 0.00131705
67.8378 0.00130088
68.1695 0.00128494
68.5011 0.00126921
68.8328 0.00125371
69.1644 0.00123841
69.4961 0.00122333
69.8277 0.00120845
70.1593 0.00119378
70.491 0.00117931
70.8226 0.00116503
71.1543 0.00115095
71.4859 0.00113706
71.8175 0.00112335
72.1492 0.00110983
72.4808 0.00109649
72.8125 0.00108334
73.1441 0.00107035
73.4757 0.00105755
73.8074 0.00104491
74.139 0.00103244
74.4707 0.00102013
74.8023 0.00100799
75.1339 0.000996014
75.4656 0.000984193
75.7972 0.000972527
76.1289 0.000961015
76.4605 0.000949654
76.7922 0.000938443
77.1238 0.000927377
77.4554 0.000916457
77.7871 0.000905679
78.1187 0.000895041
78.4504 0.000884541
78.782 0.000874178
79.1136 0.000863948
79.4453 0.000853851
79.7769 0.000843884
80.1086 0.000834045
80.4402 0.000824333
80.7718 0.000814746
81.1035 0.000805281
81.4351 0.000795937
81.7668 0.000786713
82.0984 0.000777606
82.4301 0.000768614
82.7617 0.000759737
83.0933 0.000750973
83.425 0.00074232
83.7566 0.000733776
84.0883 0.000725339
84.4199 0.000717009
84.7515 0.000708784
85.0832 0.000700662
85.4148 0.000692642
85.7465 0.000684722
86.0781 0.000676902
86.4097 0.000669178
86.7414 0.000661552
87.073 0.00065402
87.4047 0.000646581
87.7363 0.000639235
88.068 0.00063198
88.3996 0.000624814
88.7312 0.000617737
89.0629 0.000610748
89.3945 0.000603844
89.7262 0.000597025
90.0578 0.00059029
90.3894 0.000583638
90.7211 0.000577067
91.0527 0.000570576
91.3844 0.000564164
91.716 0.000557831
92.0476 0.000551575
92.3793 0.000545395
92.7109 0.00053929
93.0426 0.000533259
93.3742 0.000527301
93.7059 0.000521415
94.0375 0.0005156
94.3691 0.000509855
94.7008 0.00050418
95.0324 0.000498572
95.3641 0.000493033
95.6957 0.000487559
96.0273 0.000482151
96.359 0.000476808
96.6906 0.000471529
97.0223 0.000466313
97.3539 0.000461159
97.6855 0.000456066
98.0172 0.000451034
98.3488 0.000446062
98.6805 0.000441149
99.0121 0.000436294
99.3437 0.000431496
99.6754 0.000426755
100.007 0.000422071
100.339 0.000417441
100.67 0.000412866
101.002 0.000408345
101.334 0.000403877
101.665 0.000399461
101.997 0.000395097
102.329 0.000390785
102.66 0.000386523
102.992 0.00038231
103.323 0.000378147
103.655 0.000374032
103.987 0.000369966
104.318 0.000365946
104.65 0.000361974
104.982 0.000358047
105.313 0.000354166
105.645 0.00035033
105.977 0.000346539
106.308 0.000342791
106.64 0.000339086
106.971 0.000335425
107.303 0.000331805
107.635 0.000328227
107.966 0.000324691
108.298 0.000321195
108.63 0.000317739
108.961 0.000314323
109.293 0.000310945
109.625 0.000307607
109.956 0.000304307
110.288 0.000301044
110.62 0.000297819
110.951 0.00029463
111.283 0.000291478
111.614 0.000288361
111.946 0.00028528
112.278 0.000282234
112.609 0.000279223
112.941 0.000276246
113.273 0.000273302
113.604 0.000270392
113.936 0.000267515
114.268 0.00026467
114.599 0.000261857
114.931 0.000259076
115.263 0.000256326
115.594 0.000253607
115.926 0.000250919
116.257 0.000248261
116.589 0.000245633
116.921 0.000243034
117.252 0.000240464
117.584 0.000237924
117.916 0.000235411
118.247 0.000232927
118.579 0.00023047
118.911 0.000228041
119.242 0.000225639
119.574 0.000223263
119.905 0.000220914
120.237 0.000218591
120.569 0.000216294
120.9 0.000214023
121.232 0.000211776
121.564 0.000209555
121.895 0.000207358
122.227 0.000205185
122.559 0.000203037
122.89 0.000200912
123.222 0.000198811
123.554 0.000196732
123.885 0.000194677
124.217 0.000192644
124.548 0.000190634
124.88 0.000188646
125.212 0.00018668
125.543 0.000184735
125.875 0.000182811
126.207 0.000180909
126.538 0.000179027
126.87 0.000177166
127.202 0.000175326
127.533 0.000173505
127.865 0.000171705
128.197 0.000169924
128.528 0.000168162
128.86 0.00016642
129.191 0.000164696
129.523 0.000162992
129.855 0.000161305
130.186 0.000159638
130.518 0.000157988
130.85 0.000156356
131.181 0.000154742
131.513 0.000153145
131.845 0.000151566
132.176 0.000150004
132.508 0.000148458
132.839 0.00014693
133.171 0.000145417
133.503 0.000143922
133.834 0.000142442
134.166 0.000140978
134.498 0.00013953
134.829 0.000138097
135.161 0.00013668
135.493 0.000135278
135.824 0.000133892
136.156 0.00013252
136.488 0.000131163
136.819 0.00012982
137.151 0.000128492
137.482 0.000127177
137.814 0.000125877
138.146 0.000124591
138.477 0.000123319
138.809 0.00012206
139.141 0.000120815
139.472 0.000119583
139.804 0.000118364
140.136 0.000117158
140.467 0.000115964
140.799 0.000114784
141.131 0.000113616
141.462 0.00011246
141.794 0.000111317
142.125 0.000110186
142.457 0.000109067
142.789 0.00010796
143.12 0.000106864
143.452 0.00010578
143.784 0.000104708
144.115 0.000103646
144.447 0.000102597
144.779 0.000101558
145.11 0.00010053
145.442 9.95127e-05
145.774 9.85064e-05
146.105 9.75106e-05
146.437 9.65254e-05
146.768 9.55505e-05
147.1 9.45858e-05
147.432 9.36313e-05
147.763 9.26868e-05
148.095 9.17523e-05
148.427 9.08275e-05
148.758 8.99125e-05
149.09 8.9007e-05
149.422 8.8111e-05
149.753 8.72244e-05
150.085 8.63471e-05
150.416 8.54789e-05
150.748 8.46199e-05
151.08 8.37698e-05
151.411 8.29285e-05
151.743 8.20961e-05
152.075 8.12723e-05
152.406 8.04571e-05
152.738 7.96505e-05
153.07 7.88522e-05
153.401 7.80622e-05
153.733 7.72804e-05
154.065 7.65068e-05
154.396 7.57412e-05
154.728 7.49836e-05
155.059 7.42338e-05
155.391 7.34918e-05
155.723 7.27575e-05
156.054 7.20308e-05
156.386 7.13117e-05
156.718 7.06e-05
157.049 6.98956e-05
157.381 6.91986e-05
157.713 6.85087e-05
158.044 6.7826e-05
158.376 6.71503e-05
158.708 6.64816e-05
159.039 6.58198e-05
159.371 6.51649e-05
159.702 6.45166e-05
160.034 6.38751e-05
160.366 6.32402e-05
160.697 6.26118e-05
161.029 6.19899e-05
161.361 6.13743e-05
161.692 6.07651e-05
162.024 6.01622e-05
162.356 5.95654e-05
162.687 5.89748e-05
163.019 5.83903e-05
163.35 5.78117e-05
163.682 5.72391e-05
164.014 5.66723e-05
164.345 5.61113e-05
164.677 5.55561e-05
165.009 5.50066e-05
165.34 5.44626e-05
165.672 5.39243e-05
166.004 5.33914e-05
166.335 5.2864e-05
166.667 5.2342e-05
166.999 5.18253e-05
167.33 5.13139e-05
167.662 5.08076e-05
167.993 5.03066e-05
168.325 4.98106e-05
168.657 4.93197e-05
168.988 4.88338e-05
169.32 4.83529e-05
169.652 4.78768e-05
169.983 4.74056e-05
170.315 4.69391e-05
170.647 4.64774e-05
170.978 4.60204e-05
171.31 4.5568e-05
171.642 4.51203e-05
171.973 4.4677e-05
172.305 4.42383e-05
172.636 4.38039e-05
172.968 4.3374e-05
173.3 4.29485e-05
173.631 4.25272e-05
173.963 4.21102e-05
174.295 4.16975e-05
174.626 4.12889e-05
174.958 4.08844e-05
175.29 4.0484e-05
175.621 4.00876e-05
175.953 3.96953e-05
176.284 3.93069e-05
176.616 3.89224e-05
176.948 3.85418e-05
177.279 3.81651e-05
177.611 3.77921e-05
177.943 3.74229e-05
178.274 3.70574e-05
178.606 3.66955e-05
178.938 3.63374e-05
179.269 3.59828e-05
179.601 3.56318e-05
179.933 3.52843e-05
180.264 3.49402e-05
180.596 3.45997e-05
180.927 3.42626e-05
181.259 3.39288e-05
181.591 3.35984e-05
181.922 3.32713e-05
182.254 3.29475e-05
182.586 3.26269e-05
182.917 3.23095e-05
183.249 3.19953e-05
183.581 3.16842e-05
183.912 3.13763e-05
184.244 3.10714e-05
184.576 3.07696e-05
184.907 3.04708e-05
185.239 3.0175e-05
185.57 2.98821e-05
185.902 2.95922e-05
186.234 2.93051e-05
186.565 2.90209e-05
186.897 2.87396e-05
187.229 2.8461e-05
187.56 2.81852e-05
187.892 2.79122e-05
188.224 2.76419e-05
188.555 2.73742e-05
188.887 2.71093e-05
189.218 2.68469e-05
189.55 2.65872e-05
189.882 2.63301e-05
190.213 2.60755e-05
190.545 2.58234e-05
190.877 2.55738e-05
191.208 2.53268e-05
191.54 2.50821e-05
191.872 2.48399e-05
192.203 2.46001e-05
192.535 2.43627e-05
192.867 2.41276e-05
193.198 2.38948e-05
193.53 2.36644e-05
193.861 2.34362e-05
194.193 2.32103e-05
194.525 2.29866e-05
194.856 2.27652e-05
195.188 2.25459e-05
195.52 2.23288e-05
195.851 2.21138e-05
196.183 2.1901e-05
196.515 2.16902e-05
196.846 2.14816e-05
197.178 2.1275e-05
197.51 2.10704e-05
197.841 2.08678e-05
198.173 2.06673e-05
198.504 2.04687e-05
198.836 2.02721e-05
199.168 2.00774e-05
199.499 1.98846e-05
199.831 1.96937e-05
200.163 1.95047e-05
200.494 1.93176e-05
200.826 1.91323e-05
201.158 1.89488e-05
201.489 1.87672e-05
201.821 1.85873e-05
202.152 1.84091e-05
202.484 1.82328e-05
202.816 1.80581e-05
203.147 1.78852e-05
203.479 1.77139e-05
203.811 1.75444e-05
204.142 1.73765e-05
204.474 1.72102e-05
204.806 1.70456e-05
205.137 1.68826e-05
205.469 1.67212e-05
205.801 1.65613e-05
206.132 1.64031e-05
206.464 1.62463e-05
206.795 1.60912e-05
207.127 1.59375e-05
207.459 1.57853e-05
207.79 1.56346e-05
208.122 1.54854e-05
208.454 1.53377e-05
208.785 1.51913e-05
209.117 1.50464e-05
209.449 1.4903e-05
209.78 1.47609e-05
210.112 1.46202e-05
210.444 1.44809e-05
210.775 1.43429e-05
211.107 1.42063e-05
211.438 1.4071e-05
211.77 1.39371e-05
212.102 1.38044e-05
212.433 1.3673e-05
212.765 1.35429e-05
213.097 1.34141e-05
213.428 1.32865e-05
213.76 1.31602e-05
214.092 1.30351e-05
214.423 1.29112e-05
214.755 1.27885e-05
215.086 1.2667e-05
215.418 1.25467e-05
215.75 1.24275e-05
216.081 1.23095e-05
216.413 1.21927e-05
216.745 1.20769e-05
217.076 1.19623e-05
217.408 1.18489e-05
217.74 1.17365e-05
218.071 1.16252e-05
218.403 1.1515e-05
218.735 1.14058e-05
219.066 1.12977e-05
219.398 1.11907e-05
219.729 1.10846e-05
220.061 1.09797e-05
220.393 1.08757e-05
220.724 1.07727e-05
221.056 1.06707e-05
221.388 1.05697e-05
221.719 1.04697e-05
222.051 1.03707e-05
222.383 1.02726e-05
222.714 1.01755e-05
223.046 1.00793e-05
223.378 9.98397e-06
223.709 9.88961e-06
224.041 9.79617e-06
224.372 9.70362e-06
224.704 9.61196e-06
225.036 9.52119e-06
225.367 9.43129e-06
225.699 9.34226e-06
226.031 9.25409e-06
226.362 9.16676e-06
226.694 9.08027e-06
227.026 8.99462e-06
227.357 8.90979e-06
227.689 8.82578e-06
228.02 8.74257e-06
228.352 8.66017e-06
228.684 8.57855e-06
229.015 8.49772e-06
229.347 8.41767e-06
229.679 8.33839e-06
230.01 8.25986e-06
230.342 8.1821e-06
230.674 8.10507e-06
231.005 8.02879e-06
231.337 7.95324e-06
231.669 7.87841e-06
232 7.8043e-06
232.332 7.7309e-06
232.663 7.65821e-06
232.995 7.58621e-06
233.327 7.5149e-06
233.658 7.44427e-06
233.99 7.37432e-06
234.322 7.30504e-06
234.653 7.23642e-06
234.985 7.16846e-06
235.317 7.10115e-06
235.648 7.03449e-06
235.98 6.96846e-06
236.312 6.90306e-06
236.643 6.83829e-06
236.975 6.77413e-06
237.306 6.71059e-06
237.638 6.64766e-06
237.97 6.58532e-06
238.301 6.52359e-06
238.633 6.46244e-06
238.965 6.40187e-06
239.296 6.34189e-06
239.628 6.28247e-06
239.96 6.22362e-06
240.291 6.16534e-06
240.623 6.10761e-06
240.954 6.05043e-06
241.286 5.99379e-06
241.618 5.93769e-06
241.949 5.88213e-06
242.281 5.8271e-06
242.613 5.77259e-06
242.944 5.7186e-06
243.276 5.66513e-06
243.608 5.61216e-06
243.939 5.5597e-06
244.271 5.50773e-06
244.603 5.45626e-06
244.934 5.40528e-06
245.266 5.35478e-06
245.597 5.30477e-06
245.929 5.25523e-06
246.261 5.20616e-06
246.592 5.15755e-06
246.924 5.10941e-06
247.256 5.06173e-06
247.587 5.01449e-06
247.919 4.96771e-06
248.251 4.92137e-06
248.582 4.87547e-06
248.914 4.83e-06
249.246 4.78497e-06
249.577 4.74036e-06
249.909 4.69618e-06
250.24 4.65241e-06
250.572 4.60906e-06
250.904 4.56612e-06
251.235 4.52358e-06
251.567 4.48145e-06
251.899 4.43972e-06
252.23 4.39838e-06
252.562 4.35744e-06
252.894 4.31688e-06
253.225 4.27671e-06
253.557 4.23691e-06
253.888 4.19749e-06
254.22 4.15845e-06
254.552 4.11977e-06
254.883 4.08146e-06
255.215 4.04351e-06
255.547 4.00592e-06
255.878 3.96869e-06
256.21 3.9318e-06
256.542 3.89527e-06
256.873 3.85908e-06
257.205 3.82323e-06
257.537 3.78772e-06
257.868 3.75254e-06
258.2 3.7177e-06
258.531 3.68319e-06
258.863 3.649e-06
259.195 3.61513e-06
259.526 3.58158e-06
259.858 3.54835e-06
260.19 3.51543e-06
260.521 3.48283e-06
260.853 3.45053e-06
261.185 3.41853e-06
261.516 3.38683e-06
261.848 3.35544e-06
262.18 3.32434e-06
262.511 3.29353e-06
262.843 3.26301e-06
263.174 3.23278e-06
263.506 3.20283e-06
263.838 3.17316e-06
264.169 3.14378e-06
264.501 3.11467e-06
264.833 3.08583e-06
265.164 3.05727e-06
265.496 3.02897e-06
265.828 3.00094e-06
266.159 2.97317e-06
266.491 2.94566e-06
266.823 2.91841e-06
267.154 2.89142e-06
267.486 2.86468e-06
267.817 2.83819e-06
268.149 2.81195e-06
268.481 2.78596e-06
268.812 2.76021e-06
269.144 2.7347e-06
269.476 2.70943e-06
269.807 2.6844e-06
270.139 2.6596e-06
270.471 2.63504e-06
270.802 2.6107e-06
271.134 2.58659e-06
271.465 2.56271e-06
271.797 2.53906e-06
272.129 2.51562e-06
272.46 2.4924e-06
272.792 2.4694e-06
273.124 2.44662e-06
273.455 2.42405e-06
273.787 2.40169e-06
274.119 2.37954e-06
274.45 2.3576e-06
274.782 2.33586e-06
275.114 2.31432e-06
275.445 2.29299e-06
275.777 2.27186e-06
276.108 2.25092e-06
276.44 2.23018e-06
276.772 2.20963e-06
277.103 2.18928e-06
277.435 2.16911e-06
277.767 2.14914e-06
278.098 2.12935e-06
278.43 2.10974e-06
278.762 2.09032e-06
279.093 2.07108e-06
279.425 2.05202e-06
279.757 2.03314e-06
280.088 2.01443e-06
280.42 1.9959e-06
280.751 1.97754e-06
281.083 1.95935e-06
281.415 1.94133e-06
281.746 1.92348e-06
282.078 1.90579e-06
282.41 1.88827e-06
282.741 1.87092e-06
283.073 1.85372e-06
283.405 1.83669e-06
283.736 1.81981e-06
284.068 1.80309e-06
284.399 1.78653e-06
284.731 1.77012e-06
285.063 1.75386e-06
285.394 1.73776e-06
285.726 1.7218e-06
286.058 1.70599e-06
286.389 1.69033e-06
286.721 1.67482e-06
287.053 1.65945e-06
287.384 1.64422e-06
287.716 1.62914e-06
288.048 1.61419e-06
288.379 1.59939e-06
288.711 1.58472e-06
289.042 1.57018e-06
289.374 1.55579e-06
289.706 1.54152e-06
290.037 1.52739e-06
290.369 1.51339e-06
290.701 1.49952e-06
291.032 1.48578e-06
291.364 1.47217e-06
291.696 1.45868e-06
292.027 1.44532e-06
292.359 1.43208e-06
292.691 1.41896e-06
293.022 1.40597e-06
293.354 1.39309e-06
293.685 1.38034e-06
294.017 1.3677e-06
294.349 1.35519e-06
294.68 1.34278e-06
295.012 1.3305e-06
295.344 1.31832e-06
295.675 1.30626e-06
296.007 1.29431e-06
296.339 1.28247e-06
296.67 1.27074e-06
297.002 1.25912e-06
297.333 1.24761e-06
297.665 1.2362e-06
297.997 1.2249e-06
298.328 1.21371e-06
298.66 1.20261e-06
298.992 1.19162e-06
299.323 1.18074e-06
299.655 1.16995e-06
299.987 1.15926e-06
300.318 1.14867e-06
300.65 1.13818e-06
300.982 1.12779e-06
301.313 1.11749e-06
301.645 1.10728e-06
301.976 1.09718e-06
302.308 1.08716e-06
302.64 1.07724e-06
302.971 1.06741e-06
303.303 1.05767e-06
303.635 1.04802e-06
303.966 1.03846e-06
304.298 1.02898e-06
304.63 1.0196e-06
304.961 1.0103e-06
305.293 1.00108e-06
305.625 9.91956e-07
305.956 9.82912e-07
306.288 9.73952e-07
306.619 9.65074e-07
306.951 9.56278e-07
307.283 9.47563e-07
307.614 9.38929e-07
307.946 9.30374e-07
308.278 9.21898e-07
308.609 9.135e-07
308.941 9.05179e-07
309.273 8.96935e-07
309.604 8.88767e-07
309.936 8.80674e-07
310.267 8.72656e-07
310.599 8.64712e-07
310.931 8.56841e-07
311.262 8.49042e-07
311.594 8.41315e-07
311.926 8.33659e-07
312.257 8.26074e-07
312.589 8.18558e-07
312.921 8.11112e-07
313.252 8.03734e-07
313.584 7.96424e-07
313.916 7.89181e-07
314.247 7.82004e-07
314.579 7.74894e-07
314.91 7.67849e-07
315.242 7.60869e-07
315.574 7.53953e-07
315.905 7.47101e-07
316.237 7.40311e-07
316.569 7.33584e-07
316.9 7.26919e-07
317.232 7.20315e-07
317.564 7.13772e-07
317.895 7.07288e-07
318.227 7.00865e-07
318.559 6.945e-07
318.89 6.88194e-07
319.222 6.81945e-07
319.553 6.75754e-07
319.885 6.6962e-07
320.217 6.63542e-07
320.548 6.5752e-07
320.88 6.51553e-07
321.212 6.4564e-07
321.543 6.39782e-07
321.875 6.33978e-07
322.207 6.28227e-07
322.538 6.22529e-07
322.87 6.16882e-07
323.201 6.11288e-07
323.533 6.05745e-07
323.865 6.00253e-07
324.196 5.94811e-07
324.528 5.89419e-07
324.86 5.84076e-07
325.191 5.78782e-07
325.523 5.73537e-07
325.855 5.6834e-07
326.186 5.6319e-07
326.518 5.58087e-07
326.85 5.53032e-07
327.181 5.48022e-07
327.513 5.43058e-07
327.844 5.3814e-07
328.176 5.33267e-07
328.508 5.28438e-07
328.839 5.23654e-07
329.171 5.18913e-07
329.503 5.14216e-07
329.834 5.09561e-07
330.166 5.0495e-07
