-7.46841 0.000180459
-7.44731 0.000184501
-7.42621 0.000188634
-7.40511 0.000192861
-7.38401 0.000197182
-7.36291 0.0002016
-7.34182 0.000206118
-7.32072 0.000210737
-7.29962 0.000215461
-7.27852 0.00022029
-7.25742 0.000225229
-7.23633 0.000230278
-7.21523 0.000235442
-7.19413 0.000240721
-7.17303 0.000246119
-7.15193 0.000251639
-7.13084 0.000257283
-7.10974 0.000263055
-7.08864 0.000268956
-7.06754 0.00027499
-7.04644 0.00028116
-7.02534 0.00028747
-7.00425 0.000293921
-6.98315 0.000300518
-6.96205 0.000307263
-6.94095 0.000314161
-6.91985 0.000321214
-6.89876 0.000328426
-6.87766 0.0003358
-6.85656 0.000343341
-6.83546 0.000351052
-6.81436 0.000358937
-6.79327 0.000366999
-6.77217 0.000375244
-6.75107 0.000383674
-6.72997 0.000392295
-6.70887 0.00040111
-6.68777 0.000410125
-6.66668 0.000419342
-6.64558 0.000428768
-6.62448 0.000438406
-6.60338 0.000448262
-6.58228 0.000458341
-6.56119 0.000468647
-6.54009 0.000479186
-6.51899 0.000489963
-6.49789 0.000500983
-6.47679 0.000512253
-6.4557 0.000523777
-6.4346 0.000535561
-6.4135 0.000547611
-6.3924 0.000559934
-6.3713 0.000572536
-6.3502 0.000585422
-6.32911 0.000598599
-6.30801 0.000612075
-6.28691 0.000625855
-6.26581 0.000639947
-6.24471 0.000654357
-6.22362 0.000669093
-6.20252 0.000684163
-6.18142 0.000699573
-6.16032 0.000715332
-6.13922 0.000731448
-6.11812 0.000747929
-6.09703 0.000764782
-6.07593 0.000782017
-6.05483 0.000799641
-6.03373 0.000817665
-6.01263 0.000836097
-5.99154 0.000854946
-5.97044 0.000874222
-5.94934 0.000893935
-5.92824 0.000914094
-5.90714 0.000934709
-5.88605 0.000955792
-5.86495 0.000977352
-5.84385 0.0009994
-5.82275 0.00102195
-5.80165 0.00104501
-5.78055 0.00106859
-5.75946 0.00109271
-5.73836 0.00111737
-5.71726 0.00114259
-5.69616 0.00116838
-5.67506 0.00119476
-5.65397 0.00122174
-5.63287 0.00124933
-5.61177 0.00127754
-5.59067 0.0013064
-5.56957 0.0013359
-5.54848 0.00136608
-5.52738 0.00139694
-5.50628 0.00142851
-5.48518 0.00146079
-5.46408 0.0014938
-5.44298 0.00152756
-5.42189 0.00156209
-5.40079 0.0015974
-5.37969 0.00163351
-5.35859 0.00167044
-5.33749 0.00170821
-5.3164 0.00174684
-5.2953 0.00178635
-5.2742 0.00182675
-5.2531 0.00186807
-5.232 0.00191033
-5.21091 0.00195355
-5.18981 0.00199775
-5.16871 0.00204295
-5.14761 0.00208918
-5.12651 0.00213646
-5.10541 0.00218482
-5.08432 0.00223428
-5.06322 0.00228486
-5.04212 0.00233658
-5.02102 0.00238949
-4.99992 0.00244359
-4.97883 0.00249893
-4.95773 0.00255553
-4.93663 0.00261341
-4.91553 0.0026726
-4.89443 0.00273315
-4.87334 0.00279507
-4.85224 0.0028584
-4.83114 0.00292316
-4.81004 0.0029894
-4.78894 0.00305715
-4.76784 0.00312644
-4.74675 0.0031973
-4.72565 0.00326978
-4.70455 0.0033439
-4.68345 0.00341971
-4.66235 0.00349724
-4.64126 0.00357654
-4.62016 0.00365764
-4.59906 0.00374059
-4.57796 0.00382542
-4.55686 0.00391218
-4.53577 0.00400092
-4.51467 0.00409168
-4.49357 0.0041845
-4.47247 0.00427943
-4.45137 0.00437652
-4.43027 0.00447582
-4.40918 0.00457737
-4.38808 0.00468124
-4.36698 0.00478747
-4.34588 0.00489612
-4.32478 0.00500724
-4.30369 0.00512089
-4.28259 0.00523712
-4.26149 0.005356
-4.24039 0.00547757
-4.21929 0.00560192
-4.19819 0.00572909
-4.1771 0.00585915
-4.156 0.00599217
-4.1349 0.00612822
-4.1138 0.00626736
-4.0927 0.00640966
-4.07161 0.0065552
-4.05051 0.00670404
-4.02941 0.00685627
-4.00831 0.00701196
-3.98721 0.00717118
-3.96612 0.00733402
-3.94502 0.00750057
-3.92392 0.00767089
-3.90282 0.00784508
-3.88172 0.00802323
-3.86062 0.00820543
-3.83953 0.00839176
-3.81843 0.00858232
-3.79733 0.0087772
-3.77623 0.00897651
-3.75513 0.00918034
-3.73404 0.00938879
-3.71294 0.00960196
-3.69184 0.00981997
-3.67074 0.0100429
-3.64964 0.0102709
-3.62855 0.0105041
-3.60745 0.0107426
-3.58635 0.0109864
-3.56525 0.0112358
-3.54415 0.0114908
-3.52305 0.0117516
-3.50196 0.0120182
-3.48086 0.012291
-3.45976 0.0125698
-3.43866 0.012855
-3.41756 0.0131466
-3.39647 0.0134448
-3.37537 0.0137497
-3.35427 0.0140615
-3.33317 0.0143804
-3.31207 0.0147064
-3.29098 0.0150398
-3.26988 0.0153806
-3.24878 0.0157292
-3.22768 0.0160855
-3.20658 0.0164499
-3.18548 0.0168225
-3.16439 0.0172034
-3.14329 0.0175929
-3.12219 0.0179912
-3.10109 0.0183983
-3.07999 0.0188146
-3.0589 0.0192401
-3.0378 0.0196752
-3.0167 0.0201201
-2.9956 0.0205748
-2.9745 0.0210397
-2.95341 0.021515
-2.93231 0.0220008
-2.91121 0.0224975
-2.89011 0.0230052
-2.86901 0.0235241
-2.84791 0.0240546
-2.82682 0.0245969
-2.80572 0.0251511
-2.78462 0.0257176
-2.76352 0.0262966
-2.74242 0.0268884
-2.72133 0.0274933
-2.70023 0.0281114
-2.67913 0.0287432
-2.65803 0.0293888
-2.63693 0.0300485
-2.61583 0.0307227
-2.59474 0.0314116
-2.57364 0.0321155
-2.55254 0.0328348
-2.53144 0.0335697
-2.51034 0.0343206
-2.48925 0.0350877
-2.46815 0.0358715
-2.44705 0.0366721
-2.42595 0.03749
-2.40485 0.0383254
-2.38376 0.0391788
-2.36266 0.0400504
-2.34156 0.0409407
-2.32046 0.0418499
-2.29936 0.0427784
-2.27826 0.0437266
-2.25717 0.0446948
-2.23607 0.0456834
-2.21497 0.0466927
-2.19387 0.0477233
-2.17277 0.0487753
-2.15168 0.0498492
-2.13058 0.0509454
-2.10948 0.0520642
-2.08838 0.0532061
-2.06728 0.0543713
-2.04619 0.0555604
-2.02509 0.0567737
-2.00399 0.0580116
-1.98289 0.0592744
-1.96179 0.0605626
-1.94069 0.0618765
-1.9196 0.0632165
-1.8985 0.064583
-1.8774 0.0659764
-1.8563 0.067397
-1.8352 0.0688453
-1.81411 0.0703215
-1.79301 0.0718261
-1.77191 0.0733593
-1.75081 0.0749217
-1.72971 0.0765133
-1.70862 0.0781347
-1.68752 0.0797861
-1.66642 0.0814678
-1.64532 0.0831801
-1.62422 0.0849233
-1.60312 0.0866977
-1.58203 0.0885034
-1.56093 0.0903407
-1.53983 0.0922099
-1.51873 0.0941111
-1.49763 0.0960444
-1.47654 0.0980101
-1.45544 0.100008
-1.43434 0.102039
-1.41324 0.104102
-1.39214 0.106197
-1.37105 0.108326
-1.34995 0.110486
-1.32885 0.112679
-1.30775 0.114905
-1.28665 0.117162
-1.26555 0.119452
-1.24446 0.121772
-1.22336 0.124125
-1.20226 0.126508
-1.18116 0.128921
-1.16006 0.131365
-1.13897 0.133838
-1.11787 0.136339
-1.09677 0.138869
-1.07567 0.141426
-1.05457 0.14401
-1.03348 0.146619
-1.01238 0.149253
-0.991279 0.151911
-0.970181 0.154591
-0.949083 0.157292
-0.927984 0.160013
-0.906886 0.162752
-0.885788 0.165508
-0.86469 0.16828
-0.843592 0.171065
-0.822494 0.173863
-0.801396 0.17667
-0.780297 0.179485
-0.759199 0.182306
-0.738101 0.185131
-0.717003 0.187958
-0.695905 0.190783
-0.674807 0.193606
-0.653709 0.196422
-0.632611 0.19923
-0.611512 0.202027
-0.590414 0.20481
-0.569316 0.207576
-0.548218 0.210322
-0.52712 0.213045
-0.506022 0.215742
-0.484924 0.21841
-0.463825 0.221046
-0.442727 0.223647
-0.421629 0.226209
-0.400531 0.228729
-0.379433 0.231204
-0.358335 0.23363
-0.337237 0.236005
-0.316139 0.238324
-0.29504 0.240586
-0.273942 0.242786
-0.252844 0.244922
-0.231746 0.246991
-0.210648 0.24899
-0.18955 0.250915
-0.168452 0.252765
-0.147353 0.254536
-0.126255 0.256226
-0.105157 0.257833
-0.0840591 0.259355
-0.062961 0.260789
-0.0418628 0.262134
-0.0207647 0.263388
0.000333446 0.264549
0.0214316 0.265617
0.0425297 0.26659
0.0636278 0.267467
0.084726 0.268247
0.105824 0.26893
0.126922 0.269515
0.14802 0.270003
0.169119 0.270394
0.190217 0.270687
0.211315 0.270883
0.232413 0.270983
0.253511 0.270988
0.274609 0.270898
0.295707 0.270715
0.316805 0.27044
0.337904 0.270075
0.359002 0.26962
0.3801 0.269079
0.401198 0.268452
0.422296 0.267742
0.443394 0.26695
0.464492 0.26608
0.48559 0.265132
0.506689 0.26411
0.527787 0.263016
0.548885 0.261853
0.569983 0.260622
0.591081 0.259326
0.612179 0.257968
0.633277 0.256551
0.654376 0.255077
0.675474 0.253548
0.696572 0.251967
0.71767 0.250338
0.738768 0.248661
0.759866 0.24694
0.780964 0.245177
0.802062 0.243375
0.823161 0.241536
0.844259 0.239663
0.865357 0.237757
0.886455 0.235822
0.907553 0.233858
0.928651 0.231869
0.949749 0.229857
0.970848 0.227823
0.991946 0.22577
1.01304 0.223699
1.03414 0.221613
1.05524 0.219512
1.07634 0.2174
1.09744 0.215277
1.11853 0.213146
1.13963 0.211007
1.16073 0.208863
1.18183 0.206714
1.20293 0.204563
1.22403 0.20241
1.24512 0.200256
1.26622 0.198103
1.28732 0.195953
1.30842 0.193805
1.32952 0.191662
1.35061 0.189524
1.37171 0.187392
1.39281 0.185266
1.41391 0.183149
1.43501 0.18104
1.4561 0.178941
1.4772 0.176852
1.4983 0.174773
1.5194 0.172706
1.5405 0.170651
1.5616 0.168608
1.58269 0.166579
1.60379 0.164563
1.62489 0.16256
1.64599 0.160573
1.66709 0.1586
1.68818 0.156642
1.70928 0.1547
1.73038 0.152773
1.75148 0.150863
1.77258 0.148968
1.79367 0.147091
1.81477 0.14523
1.83587 0.143386
1.85697 0.141559
1.87807 0.139749
1.89917 0.137957
1.92026 0.136182
1.94136 0.134425
1.96246 0.132685
1.98356 0.130964
2.00466 0.12926
2.02575 0.127574
2.04685 0.125905
2.06795 0.124255
2.08905 0.122622
2.11015 0.121007
2.13124 0.11941
2.15234 0.117831
2.17344 0.11627
2.19454 0.114726
2.21564 0.1132
2.23674 0.111691
2.25783 0.1102
2.27893 0.108727
2.30003 0.10727
2.32113 0.105831
2.34223 0.104409
2.36332 0.103005
2.38442 0.101617
2.40552 0.100246
2.42662 0.0988916
2.44772 0.0975539
2.46881 0.0962328
2.48991 0.094928
2.51101 0.0936394
2.53211 0.092367
2.55321 0.0911105
2.57431 0.0898698
2.5954 0.0886449
2.6165 0.0874355
2.6376 0.0862415
2.6587 0.0850628
2.6798 0.0838992
2.70089 0.0827506
2.72199 0.0816168
2.74309 0.0804978
2.76419 0.0793932
2.78529 0.0783031
2.80639 0.0772272
2.82748 0.0761654
2.84858 0.0751176
2.86968 0.0740836
2.89078 0.0730632
2.91188 0.0720563
2.93297 0.0710627
2.95407 0.0700824
2.97517 0.0691151
2.99627 0.0681607
3.01737 0.0672191
3.03846 0.0662901
3.05956 0.0653735
3.08066 0.0644693
3.10176 0.0635772
3.12286 0.0626971
3.14396 0.0618289
3.16505 0.0609725
3.18615 0.0601277
3.20725 0.0592943
3.22835 0.0584722
3.24945 0.0576613
3.27054 0.0568615
3.29164 0.0560725
3.31274 0.0552943
3.33384 0.0545267
3.35494 0.0537697
3.37603 0.0530229
3.39713 0.0522865
3.41823 0.0515601
3.43933 0.0508437
3.46043 0.0501371
3.48153 0.0494402
3.50262 0.048753
3.52372 0.0480752
3.54482 0.0474067
3.56592 0.0467475
3.58702 0.0460973
3.60811 0.0454562
3.62921 0.0448239
3.65031 0.0442003
3.67141 0.0435854
3.69251 0.042979
3.7136 0.042381
3.7347 0.0417913
3.7558 0.0412097
3.7769 0.0406363
3.798 0.0400708
3.8191 0.0395131
3.84019 0.0389632
3.86129 0.0384209
3.88239 0.0378862
3.90349 0.037359
3.92459 0.036839
3.94568 0.0363263
3.96678 0.0358208
3.98788 0.0353222
4.00898 0.0348307
4.03008 0.034346
4.05117 0.033868
4.07227 0.0333967
4.09337 0.032932
4.11447 0.0324738
4.13557 0.032022
4.15667 0.0315764
4.17776 0.0311371
4.19886 0.030704
4.21996 0.0302769
4.24106 0.0298557
4.26216 0.0294404
4.28325 0.029031
4.30435 0.0286273
4.32545 0.0282292
4.34655 0.0278367
4.36765 0.0274496
4.38874 0.027068
4.40984 0.0266917
4.43094 0.0263207
4.45204 0.0259549
4.47314 0.0255942
4.49424 0.0252385
4.51533 0.0248878
4.53643 0.0245421
4.55753 0.0242011
4.57863 0.023865
4.59973 0.0235335
4.62082 0.0232067
4.64192 0.0228844
4.66302 0.0225667
4.68412 0.0222534
4.70522 0.0219445
4.72632 0.0216399
4.74741 0.0213396
4.76851 0.0210435
4.78961 0.0207515
4.81071 0.0204636
4.83181 0.0201798
4.8529 0.0198999
4.874 0.0196239
4.8951 0.0193518
4.9162 0.0190835
4.9373 0.018819
4.95839 0.0185581
4.97949 0.0183009
5.00059 0.0180473
5.02169 0.0177973
5.04279 0.0175508
5.06389 0.0173077
5.08498 0.017068
5.10608 0.0168316
5.12718 0.0165986
5.14828 0.0163688
5.16938 0.0161422
5.19047 0.0159188
5.21157 0.0156985
5.23267 0.0154813
5.25377 0.0152672
5.27487 0.015056
5.29596 0.0148478
5.31706 0.0146425
5.33816 0.01444
5.35926 0.0142404
5.38036 0.0140436
5.40146 0.0138495
5.42255 0.0136582
5.44365 0.0134695
5.46475 0.0132834
5.48585 0.0130999
5.50695 0.012919
5.52804 0.0127407
5.54914 0.0125648
5.57024 0.0123913
5.59134 0.0122203
5.61244 0.0120517
5.63353 0.0118854
5.65463 0.0117215
5.67573 0.0115598
5.69683 0.0114004
5.71793 0.0112432
5.73903 0.0110882
5.76012 0.0109353
5.78122 0.0107846
5.80232 0.010636
5.82342 0.0104895
5.84452 0.010345
5.86561 0.0102025
5.88671 0.010062
5.90781 0.00992344
5.92891 0.00978682
5.95001 0.0096521
5.9711 0.00951925
5.9922 0.00938826
6.0133 0.00925908
6.0344 0.00913171
6.0555 0.0090061
6.0766 0.00888225
6.09769 0.00876011
6.11879 0.00863967
6.13989 0.00852091
6.16099 0.00840379
6.18209 0.00828831
6.20318 0.00817442
6.22428 0.00806212
6.24538 0.00795138
6.26648 0.00784218
6.28758 0.0077345
6.30868 0.0076283
6.32977 0.00752359
6.35087 0.00742032
6.37197 0.00731849
6.39307 0.00721807
6.41417 0.00711904
6.43526 0.00702139
6.45636 0.00692509
6.47746 0.00683013
6.49856 0.00673648
6.51966 0.00664413
6.54075 0.00655306
6.56185 0.00646325
6.58295 0.00637469
6.60405 0.00628735
6.62515 0.00620123
6.64625 0.00611629
6.66734 0.00603253
6.68844 0.00594993
6.70954 0.00586847
6.73064 0.00578814
6.75174 0.00570893
6.77283 0.0056308
6.79393 0.00555376
6.81503 0.00547778
6.83613 0.00540286
6.85723 0.00532897
6.87832 0.0052561
6.89942 0.00518423
6.92052 0.00511336
6.94162 0.00504347
6.96272 0.00497455
6.98382 0.00490657
7.00491 0.00483954
7.02601 0.00477343
7.04711 0.00470823
7.06821 0.00464394
7.08931 0.00458053
7.1104 0.00451799
7.1315 0.00445632
7.1526 0.0043955
7.1737 0.00433551
7.1948 0.00427636
7.21589 0.00421801
7.23699 0.00416048
7.25809 0.00410373
7.27919 0.00404777
7.30029 0.00399258
7.32139 0.00393815
7.34248 0.00388447
7.36358 0.00383153
7.38468 0.00377931
7.40578 0.00372782
7.42688 0.00367703
7.44797 0.00362695
7.46907 0.00357755
7.49017 0.00352883
7.51127 0.00348078
7.53237 0.00343339
7.55346 0.00338666
7.57456 0.00334056
7.59566 0.0032951
7.61676 0.00325027
7.63786 0.00320605
7.65896 0.00316244
7.68005 0.00311943
7.70115 0.003077
7.72225 0.00303516
7.74335 0.0029939
7.76445 0.0029532
7.78554 0.00291306
7.80664 0.00287347
7.82774 0.00283443
7.84884 0.00279592
7.86994 0.00275794
7.89103 0.00272047
7.91213 0.00268353
7.93323 0.00264709
7.95433 0.00261115
7.97543 0.0025757
7.99653 0.00254074
8.01762 0.00250625
8.03872 0.00247224
8.05982 0.0024387
8.08092 0.00240561
8.10202 0.00237298
8.12311 0.00234079
8.14421 0.00230905
8.16531 0.00227774
8.18641 0.00224685
8.20751 0.00221639
8.22861 0.00218635
8.2497 0.00215672
8.2708 0.00212749
8.2919 0.00209867
8.313 0.00207023
8.3341 0.00204219
8.35519 0.00201453
8.37629 0.00198725
8.39739 0.00196034
8.41849 0.00193379
8.43959 0.00190761
8.46068 0.00188179
8.48178 0.00185632
8.50288 0.0018312
8.52398 0.00180642
8.54508 0.00178198
8.56618 0.00175788
8.58727 0.0017341
8.60837 0.00171065
8.62947 0.00168751
8.65057 0.0016647
8.67167 0.00164219
8.69276 0.00161999
8.71386 0.00159809
8.73496 0.0015765
8.75606 0.00155519
8.77716 0.00153418
8.79825 0.00151345
8.81935 0.00149301
8.84045 0.00147284
8.86155 0.00145295
8.88265 0.00143333
8.90375 0.00141398
8.92484 0.00139489
8.94594 0.00137606
8.96704 0.00135748
8.98814 0.00133916
9.00924 0.00132109
9.03033 0.00130327
9.05143 0.00128568
9.07253 0.00126834
9.09363 0.00125123
9.11473 0.00123436
9.13582 0.00121771
9.15692 0.00120129
9.17802 0.0011851
9.19912 0.00116912
9.22022 0.00115336
9.24132 0.00113782
9.26241 0.00112249
9.28351 0.00110736
9.30461 0.00109244
9.32571 0.00107772
9.34681 0.00106321
9.3679 0.00104889
9.389 0.00103476
9.4101 0.00102083
9.4312 0.00100708
9.4523 0.000993524
9.47339 0.00098015
9.49449 0.000966957
9.51559 0.000953944
9.53669 0.000941107
9.55779 0.000928443
9.57889 0.000915952
9.59998 0.00090363
9.62108 0.000891475
9.64218 0.000879485
9.66328 0.000867657
9.68438 0.00085599
9.70547 0.000844481
9.72657 0.000833127
9.74767 0.000821928
9.76877 0.00081088
9.78987 0.000799982
9.81097 0.000789231
9.83206 0.000778626
9.85316 0.000768165
9.87426 0.000757845
9.89536 0.000747665
9.91646 0.000737622
9.93755 0.000727716
9.95865 0.000717943
9.97975 0.000708303
10.0008 0.000698793
10.0219 0.000689412
10.043 0.000680158
10.0641 0.000671029
10.0852 0.000662023
10.1063 0.000653139
10.1274 0.000644375
10.1485 0.00063573
10.1696 0.000627201
10.1907 0.000618788
10.2118 0.000610488
10.2329 0.0006023
10.254 0.000594223
10.2751 0.000586256
10.2962 0.000578395
10.3173 0.000570641
10.3384 0.000562992
10.3595 0.000555446
10.3806 0.000548001
10.4017 0.000540657
10.4228 0.000533413
10.4439 0.000526266
10.465 0.000519215
10.4861 0.00051226
10.5072 0.000505398
10.5283 0.000498629
10.5494 0.000491951
10.5705 0.000485364
10.5916 0.000478865
10.6127 0.000472454
10.6338 0.000466129
10.6549 0.000459889
10.676 0.000453734
10.6971 0.000447661
10.7182 0.000441671
10.7393 0.000435761
10.7604 0.00042993
10.7815 0.000424178
10.8026 0.000418504
10.8237 0.000412906
10.8448 0.000407383
10.8659 0.000401935
10.887 0.00039656
10.9081 0.000391258
10.9292 0.000386027
10.9503 0.000380866
10.9714 0.000375775
10.9925 0.000370752
11.0136 0.000365797
11.0347 0.000360908
11.0558 0.000356085
11.0769 0.000351327
11.098 0.000346633
11.119 0.000342003
11.1401 0.000337434
11.1612 0.000332927
11.1823 0.00032848
11.2034 0.000324094
11.2245 0.000319766
11.2456 0.000315496
11.2667 0.000311284
11.2878 0.000307128
11.3089 0.000303028
11.33 0.000298984
11.3511 0.000294993
11.3722 0.000291056
11.3933 0.000287172
11.4144 0.00028334
11.4355 0.00027956
11.4566 0.00027583
11.4777 0.000272151
11.4988 0.000268521
11.5199 0.000264939
11.541 0.000261406
11.5621 0.00025792
11.5832 0.00025448
11.6043 0.000251087
11.6254 0.00024774
11.6465 0.000244437
11.6676 0.000241179
11.6887 0.000237964
11.7098 0.000234793
11.7309 0.000231664
11.752 0.000228576
11.7731 0.000225531
11.7942 0.000222526
11.8153 0.000219561
11.8364 0.000216636
11.8575 0.000213751
11.8786 0.000210904
11.8997 0.000208095
11.9208 0.000205324
11.9419 0.000202589
11.963 0.000199892
11.9841 0.000197231
12.0052 0.000194605
12.0263 0.000192014
12.0474 0.000189458
12.0685 0.000186937
12.0896 0.000184449
12.1107 0.000181994
12.1318 0.000179572
12.1529 0.000177183
12.174 0.000174826
12.1951 0.0001725
12.2162 0.000170205
12.2373 0.000167941
12.2583 0.000165707
12.2794 0.000163504
12.3005 0.000161329
12.3216 0.000159184
12.3427 0.000157067
12.3638 0.000154979
12.3849 0.000152919
12.406 0.000150886
12.4271 0.00014888
12.4482 0.000146901
12.4693 0.000144949
12.4904 0.000143022
12.5115 0.000141122
12.5326 0.000139247
12.5537 0.000137397
12.5748 0.000135571
12.5959 0.00013377
12.617 0.000131993
12.6381 0.00013024
12.6592 0.00012851
12.6803 0.000126803
12.7014 0.000125119
12.7225 0.000123458
12.7436 0.000121819
12.7647 0.000120201
12.7858 0.000118605
12.8069 0.000117031
12.828 0.000115477
12.8491 0.000113945
12.8702 0.000112432
12.8913 0.00011094
12.9124 0.000109468
12.9335 0.000108015
12.9546 0.000106582
12.9757 0.000105168
12.9968 0.000103773
13.0179 0.000102396
13.039 0.000101038
13.0601 9.96976e-05
13.0812 9.83753e-05
13.1023 9.70706e-05
13.1234 9.57833e-05
13.1445 9.45132e-05
13.1656 9.326e-05
13.1867 9.20235e-05
13.2078 9.08035e-05
13.2289 8.95997e-05
13.25 8.8412e-05
13.2711 8.72401e-05
13.2922 8.60838e-05
13.3133 8.49429e-05
13.3344 8.38172e-05
13.3555 8.27065e-05
13.3765 8.16106e-05
13.3976 8.05293e-05
13.4187 7.94623e-05
13.4398 7.84096e-05
13.4609 7.73709e-05
13.482 7.63461e-05
13.5031 7.53348e-05
13.5242 7.43371e-05
13.5453 7.33526e-05
13.5664 7.23812e-05
13.5875 7.14227e-05
13.6086 7.0477e-05
