-7.94231 2.63299e-05
-7.92605 2.68484e-05
-7.90979 2.73771e-05
-7.89353 2.79164e-05
-7.87727 2.84664e-05
-7.86101 2.90273e-05
-7.84475 2.95993e-05
-7.82849 3.01827e-05
-7.81223 3.07777e-05
-7.79597 3.13845e-05
-7.77971 3.20034e-05
-7.76345 3.26346e-05
-7.74719 3.32784e-05
-7.73093 3.39349e-05
-7.71467 3.46046e-05
-7.69842 3.52875e-05
-7.68216 3.5984e-05
-7.6659 3.66944e-05
-7.64964 3.7419e-05
-7.63338 3.8158e-05
-7.61712 3.89117e-05
-7.60086 3.96804e-05
-7.5846 4.04644e-05
-7.56834 4.12641e-05
-7.55208 4.20797e-05
-7.53582 4.29115e-05
-7.51956 4.376e-05
-7.5033 4.46254e-05
-7.48704 4.5508e-05
-7.47078 4.64083e-05
-7.45452 4.73265e-05
-7.43826 4.8263e-05
-7.422 4.92183e-05
-7.40575 5.01926e-05
-7.38949 5.11864e-05
-7.37323 5.22e-05
-7.35697 5.32339e-05
-7.34071 5.42885e-05
-7.32445 5.53642e-05
-7.30819 5.64613e-05
-7.29193 5.75804e-05
-7.27567 5.87219e-05
-7.25941 5.98862e-05
-7.24315 6.10739e-05
-7.22689 6.22853e-05
-7.21063 6.35209e-05
-7.19437 6.47813e-05
-7.17811 6.6067e-05
-7.16185 6.73784e-05
-7.14559 6.87161e-05
-7.12933 7.00806e-05
-7.11308 7.14724e-05
-7.09682 7.28922e-05
-7.08056 7.43405e-05
-7.0643 7.58178e-05
-7.04804 7.73247e-05
-7.03178 7.88619e-05
-7.01552 8.04299e-05
-6.99926 8.20294e-05
-6.983 8.36611e-05
-6.96674 8.53255e-05
-6.95048 8.70234e-05
-6.93422 8.87554e-05
-6.91796 9.05222e-05
-6.9017 9.23246e-05
-6.88544 9.41632e-05
-6.86918 9.60387e-05
-6.85292 9.79521e-05
-6.83667 9.99039e-05
-6.82041 0.000101895
-6.80415 0.000103926
-6.78789 0.000105998
-6.77163 0.000108112
-6.75537 0.000110269
-6.73911 0.000112469
-6.72285 0.000114713
-6.70659 0.000117002
-6.69033 0.000119338
-6.67407 0.000121721
-6.65781 0.000124152
-6.64155 0.000126632
-6.62529 0.000129162
-6.60903 0.000131743
-6.59277 0.000134376
-6.57651 0.000137063
-6.56025 0.000139804
-6.544 0.0001426
-6.52774 0.000145453
-6.51148 0.000148363
-6.49522 0.000151332
-6.47896 0.000154362
-6.4627 0.000157453
-6.44644 0.000160606
-6.43018 0.000163823
-6.41392 0.000167106
-6.39766 0.000170454
-6.3814 0.000173871
-6.36514 0.000177357
-6.34888 0.000180914
-6.33262 0.000184543
-6.31636 0.000188245
-6.3001 0.000192023
-6.28384 0.000195877
-6.26758 0.00019981
-6.25133 0.000203822
-6.23507 0.000207916
-6.21881 0.000212094
-6.20255 0.000216356
-6.18629 0.000220705
-6.17003 0.000225142
-6.15377 0.000229669
-6.13751 0.000234289
-6.12125 0.000239003
-6.10499 0.000243813
-6.08873 0.00024872
-6.07247 0.000253728
-6.05621 0.000258838
-6.03995 0.000264052
-6.02369 0.000269372
-6.00743 0.000274801
-5.99117 0.000280341
-5.97492 0.000285994
-5.95866 0.000291762
-5.9424 0.000297648
-5.92614 0.000303654
-5.90988 0.000309783
-5.89362 0.000316037
-5.87736 0.000322419
-5.8611 0.000328932
-5.84484 0.000335578
-5.82858 0.00034236
-5.81232 0.000349281
-5.79606 0.000356343
-5.7798 0.000363551
-5.76354 0.000370906
-5.74728 0.000378411
-5.73102 0.000386071
-5.71476 0.000393888
-5.6985 0.000401865
-5.68225 0.000410006
-5.66599 0.000418314
-5.64973 0.000426793
-5.63347 0.000435446
-5.61721 0.000444277
-5.60095 0.00045329
-5.58469 0.000462487
-5.56843 0.000471874
-5.55217 0.000481455
-5.53591 0.000491232
-5.51965 0.000501211
-5.50339 0.000511396
-5.48713 0.00052179
-5.47087 0.000532399
-5.45461 0.000543226
-5.43835 0.000554277
-5.42209 0.000565556
-5.40583 0.000577067
-5.38958 0.000588817
-5.37332 0.000600809
-5.35706 0.000613049
-5.3408 0.000625542
-5.32454 0.000638294
-5.30828 0.000651309
-5.29202 0.000664594
-5.27576 0.000678153
-5.2595 0.000691994
-5.24324 0.000706121
-5.22698 0.000720541
-5.21072 0.000735261
-5.19446 0.000750285
-5.1782 0.000765621
-5.16194 0.000781276
-5.14568 0.000797256
-5.12942 0.000813567
-5.11317 0.000830218
-5.09691 0.000847215
-5.08065 0.000864565
-5.06439 0.000882276
-5.04813 0.000900356
-5.03187 0.000918813
-5.01561 0.000937653
-4.99935 0.000956887
-4.98309 0.000976521
-4.96683 0.000996565
-4.95057 0.00101703
-4.93431 0.00103792
-4.91805 0.00105924
-4.90179 0.00108101
-4.88553 0.00110324
-4.86927 0.00112593
-4.85301 0.00114909
-4.83675 0.00117274
-4.8205 0.00119689
-4.80424 0.00122154
-4.78798 0.00124671
-4.77172 0.0012724
-4.75546 0.00129863
-4.7392 0.00132542
-4.72294 0.00135276
-4.70668 0.00138068
-4.69042 0.00140919
-4.67416 0.00143829
-4.6579 0.00146801
-4.64164 0.00149835
-4.62538 0.00152933
-4.60912 0.00156096
-4.59286 0.00159326
-4.5766 0.00162624
-4.56034 0.00165991
-4.54408 0.0016943
-4.52783 0.00172941
-4.51157 0.00176526
-4.49531 0.00180187
-4.47905 0.00183925
-4.46279 0.00187742
-4.44653 0.0019164
-4.43027 0.0019562
-4.41401 0.00199685
-4.39775 0.00203835
-4.38149 0.00208074
-4.36523 0.00212402
-4.34897 0.00216822
-4.33271 0.00221336
-4.31645 0.00225946
-4.30019 0.00230654
-4.28393 0.00235462
-4.26767 0.00240372
-4.25142 0.00245386
-4.23516 0.00250507
-4.2189 0.00255738
-4.20264 0.00261079
-4.18638 0.00266535
-4.17012 0.00272106
-4.15386 0.00277797
-4.1376 0.00283609
-4.12134 0.00289546
-4.10508 0.00295609
-4.08882 0.00301801
-4.07256 0.00308127
-4.0563 0.00314587
-4.04004 0.00321186
-4.02378 0.00327926
-4.00752 0.00334811
-3.99126 0.00341844
-3.975 0.00349027
-3.95875 0.00356365
-3.94249 0.0036386
-3.92623 0.00371516
-3.90997 0.00379337
-3.89371 0.00387326
-3.87745 0.00395488
-3.86119 0.00403825
-3.84493 0.00412342
-3.82867 0.00421042
-3.81241 0.0042993
-3.79615 0.00439011
-3.77989 0.00448287
-3.76363 0.00457764
-3.74737 0.00467446
-3.73111 0.00477337
-3.71485 0.00487443
-3.69859 0.00497767
-3.68233 0.00508316
-3.66608 0.00519093
-3.64982 0.00530104
-3.63356 0.00541354
-3.6173 0.00552849
-3.60104 0.00564594
-3.58478 0.00576594
-3.56852 0.00588856
-3.55226 0.00601384
-3.536 0.00614186
-3.51974 0.00627267
-3.50348 0.00640634
-3.48722 0.00654292
-3.47096 0.00668249
-3.4547 0.00682511
-3.43844 0.00697085
-3.42218 0.00711979
-3.40592 0.00727198
-3.38966 0.00742751
-3.37341 0.00758646
-3.35715 0.00774889
-3.34089 0.00791489
-3.32463 0.00808454
-3.30837 0.00825792
-3.29211 0.00843512
-3.27585 0.00861622
-3.25959 0.00880131
-3.24333 0.00899048
-3.22707 0.00918382
-3.21081 0.00938144
-3.19455 0.00958342
-3.17829 0.00978987
-3.16203 0.0100009
-3.14577 0.0102166
-3.12951 0.010437
-3.11325 0.0106624
-3.097 0.0108927
-3.08074 0.0111282
-3.06448 0.0113689
-3.04822 0.011615
-3.03196 0.0118665
-3.0157 0.0121236
-2.99944 0.0123865
-2.98318 0.0126552
-2.96692 0.0129299
-2.95066 0.0132107
-2.9344 0.0134978
-2.91814 0.0137914
-2.90188 0.0140915
-2.88562 0.0143983
-2.86936 0.014712
-2.8531 0.0150327
-2.83684 0.0153606
-2.82058 0.0156959
-2.80433 0.0160387
-2.78807 0.0163892
-2.77181 0.0167476
-2.75555 0.0171141
-2.73929 0.0174888
-2.72303 0.017872
-2.70677 0.0182639
-2.69051 0.0186645
-2.67425 0.0190743
-2.65799 0.0194933
-2.64173 0.0199217
-2.62547 0.0203599
-2.60921 0.020808
-2.59295 0.0212663
-2.57669 0.0217349
-2.56043 0.0222142
-2.54417 0.0227044
-2.52791 0.0232057
-2.51166 0.0237185
-2.4954 0.0242429
-2.47914 0.0247792
-2.46288 0.0253278
-2.44662 0.0258889
-2.43036 0.0264628
-2.4141 0.0270499
-2.39784 0.0276503
-2.38158 0.0282645
-2.36532 0.0288927
-2.34906 0.0295353
-2.3328 0.0301926
-2.31654 0.030865
-2.30028 0.0315529
-2.28402 0.0322565
-2.26776 0.0329763
-2.2515 0.0337126
-2.23525 0.0344659
-2.21899 0.0352365
-2.20273 0.0360248
-2.18647 0.0368313
-2.17021 0.0376564
-2.15395 0.0385005
-2.13769 0.0393641
-2.12143 0.0402476
-2.10517 0.0411515
-2.08891 0.0420763
-2.07265 0.0430224
-2.05639 0.0439904
-2.04013 0.0449808
-2.02387 0.0459941
-2.00761 0.0470309
-1.99135 0.0480917
-1.97509 0.049177
-1.95883 0.0502874
-1.94258 0.0514236
-1.92632 0.0525861
-1.91006 0.0537755
-1.8938 0.0549925
-1.87754 0.0562377
-1.86128 0.0575117
-1.84502 0.0588153
-1.82876 0.060149
-1.8125 0.0615137
-1.79624 0.06291
-1.77998 0.0643386
-1.76372 0.0658003
-1.74746 0.0672959
-1.7312 0.068826
-1.71494 0.0703915
-1.69868 0.0719932
-1.68242 0.073632
-1.66616 0.0753085
-1.64991 0.0770238
-1.63365 0.0787786
-1.61739 0.0805738
-1.60113 0.0824103
-1.58487 0.084289
-1.56861 0.0862109
-1.55235 0.0881768
-1.53609 0.0901878
-1.51983 0.0922447
-1.50357 0.0943486
-1.48731 0.0965004
-1.47105 0.0987012
-1.45479 0.100952
-1.43853 0.103254
-1.42227 0.105607
-1.40601 0.108014
-1.38975 0.110475
-1.3735 0.112991
-1.35724 0.115563
-1.34098 0.118193
-1.32472 0.120881
-1.30846 0.123628
-1.2922 0.126436
-1.27594 0.129305
-1.25968 0.132237
-1.24342 0.135233
-1.22716 0.138293
-1.2109 0.141419
-1.19464 0.144612
-1.17838 0.147873
-1.16212 0.151202
-1.14586 0.154601
-1.1296 0.158071
-1.11334 0.161612
-1.09708 0.165226
-1.08083 0.168912
-1.06457 0.172673
-1.04831 0.176508
-1.03205 0.180418
-1.01579 0.184404
-0.999528 0.188466
-0.983269 0.192604
-0.967009 0.19682
-0.95075 0.201112
-0.93449 0.205482
-0.918231 0.209929
-0.901971 0.214452
-0.885712 0.219052
-0.869453 0.223729
-0.853193 0.22848
-0.836934 0.233307
-0.820674 0.238206
-0.804415 0.243178
-0.788155 0.248221
-0.771896 0.253334
-0.755637 0.258513
-0.739377 0.263758
-0.723118 0.269065
-0.706858 0.274431
-0.690599 0.279855
-0.674339 0.285332
-0.65808 0.290858
-0.64182 0.29643
-0.625561 0.302043
-0.609302 0.307691
-0.593042 0.313371
-0.576783 0.319075
-0.560523 0.324799
-0.544264 0.330535
-0.528004 0.336276
-0.511745 0.342016
-0.495486 0.347746
-0.479226 0.353457
-0.462967 0.359143
-0.446707 0.364792
-0.430448 0.370396
-0.414188 0.375944
-0.397929 0.381427
-0.38167 0.386834
-0.36541 0.392154
-0.349151 0.397375
-0.332891 0.402486
-0.316632 0.407475
-0.300372 0.412331
-0.284113 0.417042
-0.267854 0.421595
-0.251594 0.425979
-0.235335 0.430182
-0.219075 0.434192
-0.202816 0.437999
-0.186556 0.44159
-0.170297 0.444955
-0.154037 0.448085
-0.137778 0.450969
-0.121519 0.453598
-0.105259 0.455965
-0.0889997 0.458062
-0.0727403 0.459882
-0.0564808 0.46142
-0.0402214 0.46267
-0.023962 0.46363
-0.00770254 0.464295
0.00855689 0.464665
0.0248163 0.464738
0.0410758 0.464516
0.0573352 0.463999
0.0735946 0.46319
0.0898541 0.462092
0.106113 0.460711
0.122373 0.45905
0.138632 0.457117
0.154892 0.454918
0.171151 0.452462
0.187411 0.449757
0.20367 0.446812
0.21993 0.443637
0.236189 0.440242
0.252448 0.436638
0.268708 0.432836
0.284967 0.428847
0.301227 0.424682
0.317486 0.420352
0.333746 0.415871
0.350005 0.411248
0.366264 0.406496
0.382524 0.401625
0.398783 0.396648
0.415043 0.391574
0.431302 0.386414
0.447562 0.38118
0.463821 0.375881
0.48008 0.370526
0.49634 0.365125
0.512599 0.359687
0.528859 0.354221
0.545118 0.348734
0.561378 0.343235
0.577637 0.337731
0.593897 0.332228
0.610156 0.326733
0.626415 0.321253
0.642675 0.315793
0.658934 0.310358
0.675194 0.304953
0.691453 0.299583
0.707713 0.294253
0.723972 0.288965
0.740231 0.283724
0.756491 0.278533
0.77275 0.273394
0.78901 0.268311
0.805269 0.263286
0.821529 0.25832
0.837788 0.253417
0.854047 0.248577
0.870307 0.243802
0.886566 0.239094
0.902826 0.234452
0.919085 0.229879
0.935345 0.225375
0.951604 0.22094
0.967864 0.216576
0.984123 0.212281
1.00038 0.208057
1.01664 0.203903
1.0329 0.19982
1.04916 0.195807
1.06542 0.191864
1.08168 0.18799
1.09794 0.184186
1.1142 0.18045
1.13046 0.176783
1.14672 0.173184
1.16298 0.169651
1.17924 0.166186
1.1955 0.162785
1.21176 0.15945
1.22801 0.156179
1.24427 0.152971
1.26053 0.149826
1.27679 0.146742
1.29305 0.143719
1.30931 0.140756
1.32557 0.137852
1.34183 0.135006
1.35809 0.132217
1.37435 0.129484
1.39061 0.126807
1.40687 0.124184
1.42313 0.121615
1.43939 0.119098
1.45565 0.116632
1.47191 0.114217
1.48817 0.111852
1.50442 0.109536
1.52068 0.107268
1.53694 0.105047
1.5532 0.102871
1.56946 0.100742
1.58572 0.098656
1.60198 0.096614
1.61824 0.0946147
1.6345 0.0926572
1.65076 0.0907408
1.66702 0.0888645
1.68328 0.0870275
1.69954 0.0852292
1.7158 0.0834686
1.73206 0.0817451
1.74832 0.0800578
1.76458 0.0784061
1.78084 0.0767892
1.79709 0.0752063
1.81335 0.0736568
1.82961 0.07214
1.84587 0.0706552
1.86213 0.0692016
1.87839 0.0677788
1.89465 0.066386
1.91091 0.0650225
1.92717 0.0636878
1.94343 0.0623813
1.95969 0.0611024
1.97595 0.0598504
1.99221 0.0586248
2.00847 0.057425
2.02473 0.0562506
2.04099 0.0551008
2.05725 0.0539753
2.07351 0.0528735
2.08976 0.0517949
2.10602 0.050739
2.12228 0.0497053
2.13854 0.0486933
2.1548 0.0477026
2.17106 0.0467327
2.18732 0.0457832
2.20358 0.0448536
2.21984 0.0439435
2.2361 0.0430524
2.25236 0.0421801
2.26862 0.041326
2.28488 0.0404897
2.30114 0.039671
2.3174 0.0388694
2.33366 0.0380845
2.34992 0.037316
2.36617 0.0365635
2.38243 0.0358267
2.39869 0.0351053
2.41495 0.0343989
2.43121 0.0337072
2.44747 0.0330298
2.46373 0.0323666
2.47999 0.0317171
2.49625 0.0310811
2.51251 0.0304582
2.52877 0.0298483
2.54503 0.029251
2.56129 0.0286661
2.57755 0.0280932
2.59381 0.0275322
2.61007 0.0269828
2.62633 0.0264447
2.64259 0.0259177
2.65884 0.0254016
2.6751 0.024896
2.69136 0.0244009
2.70762 0.023916
2.72388 0.023441
2.74014 0.0229757
2.7564 0.02252
2.77266 0.0220737
2.78892 0.0216365
2.80518 0.0212082
2.82144 0.0207887
2.8377 0.0203777
2.85396 0.0199752
2.87022 0.0195808
2.88648 0.0191945
2.90274 0.0188161
2.919 0.0184453
2.93526 0.0180821
2.95151 0.0177263
2.96777 0.0173777
2.98403 0.0170362
3.00029 0.0167016
3.01655 0.0163738
3.03281 0.0160526
3.04907 0.015738
3.06533 0.0154296
3.08159 0.0151276
3.09785 0.0148316
3.11411 0.0145416
3.13037 0.0142574
3.14663 0.0139789
3.16289 0.0137061
3.17915 0.0134387
3.19541 0.0131768
3.21167 0.0129201
3.22792 0.0126685
3.24418 0.012422
3.26044 0.0121804
3.2767 0.0119437
3.29296 0.0117117
3.30922 0.0114843
3.32548 0.0112615
3.34174 0.0110431
3.358 0.0108291
3.37426 0.0106194
3.39052 0.0104138
3.40678 0.0102123
3.42304 0.0100149
3.4393 0.00982134
3.45556 0.00963165
3.47182 0.00944573
3.48808 0.00926351
3.50434 0.0090849
3.52059 0.00890982
3.53685 0.00873822
3.55311 0.00857001
3.56937 0.00840513
3.58563 0.00824351
3.60189 0.00808508
3.61815 0.00792978
3.63441 0.00777755
3.65067 0.00762832
3.66693 0.00748202
3.68319 0.00733861
3.69945 0.00719802
3.71571 0.00706019
3.73197 0.00692508
3.74823 0.00679261
3.76449 0.00666275
3.78075 0.00653544
3.79701 0.00641062
3.81326 0.00628824
3.82952 0.00616827
3.84578 0.00605064
3.86204 0.00593531
3.8783 0.00582223
3.89456 0.00571137
3.91082 0.00560266
3.92708 0.00549608
3.94334 0.00539158
3.9596 0.00528911
3.97586 0.00518864
3.99212 0.00509013
4.00838 0.00499353
4.02464 0.0048988
4.0409 0.00480592
4.05716 0.00471484
4.07342 0.00462553
4.08968 0.00453796
4.10593 0.00445208
4.12219 0.00436786
4.13845 0.00428527
4.15471 0.00420429
4.17097 0.00412486
4.18723 0.00404698
4.20349 0.0039706
4.21975 0.00389569
4.23601 0.00382223
4.25227 0.00375019
4.26853 0.00367953
4.28479 0.00361024
4.30105 0.00354228
4.31731 0.00347563
4.33357 0.00341026
4.34983 0.00334614
4.36609 0.00328326
4.38234 0.00322159
4.3986 0.0031611
4.41486 0.00310177
4.43112 0.00304358
4.44738 0.00298651
4.46364 0.00293053
4.4799 0.00287562
4.49616 0.00282176
4.51242 0.00276893
4.52868 0.00271711
4.54494 0.00266628
4.5612 0.00261642
4.57746 0.00256752
4.59372 0.00251954
4.60998 0.00247249
4.62624 0.00242632
4.6425 0.00238104
4.65876 0.00233662
4.67501 0.00229305
4.69127 0.00225031
4.70753 0.00220837
4.72379 0.00216724
4.74005 0.00212689
4.75631 0.0020873
4.77257 0.00204846
4.78883 0.00201036
4.80509 0.00197299
4.82135 0.00193632
4.83761 0.00190035
4.85387 0.00186505
4.87013 0.00183043
4.88639 0.00179646
4.90265 0.00176314
4.91891 0.00173044
4.93517 0.00169836
4.95143 0.00166689
4.96768 0.00163601
4.98394 0.00160571
5.0002 0.00157599
5.01646 0.00154683
5.03272 0.00151821
5.04898 0.00149014
5.06524 0.00146259
5.0815 0.00143556
5.09776 0.00140904
5.11402 0.00138302
5.13028 0.00135749
5.14654 0.00133244
5.1628 0.00130786
5.17906 0.00128374
5.19532 0.00126007
5.21158 0.00123685
5.22784 0.00121406
5.24409 0.0011917
5.26035 0.00116976
5.27661 0.00114823
5.29287 0.0011271
5.30913 0.00110637
5.32539 0.00108602
5.34165 0.00106606
5.35791 0.00104647
5.37417 0.00102724
5.39043 0.00100838
5.40669 0.000989865
5.42295 0.000971698
5.43921 0.000953869
5.45547 0.000936373
5.47173 0.000919203
5.48799 0.000902353
5.50425 0.000885817
5.52051 0.000869589
5.53676 0.000853663
5.55302 0.000838034
5.56928 0.000822695
5.58554 0.000807641
5.6018 0.000792867
5.61806 0.000778368
5.63432 0.000764138
5.65058 0.000750172
5.66684 0.000736466
5.6831 0.000723014
5.69936 0.000709811
5.71562 0.000696853
5.73188 0.000684136
5.74814 0.000671654
5.7644 0.000659403
5.78066 0.000647379
5.79692 0.000635578
5.81318 0.000623995
5.82943 0.000612626
5.84569 0.000601467
5.86195 0.000590515
5.87821 0.000579765
5.89447 0.000569214
5.91073 0.000558857
5.92699 0.000548692
5.94325 0.000538714
5.95951 0.000528921
5.97577 0.000519308
5.99203 0.000509872
6.00829 0.00050061
6.02455 0.000491519
6.04081 0.000482595
6.05707 0.000473836
6.07333 0.000465238
6.08959 0.000456798
6.10584 0.000448513
6.1221 0.000440381
6.13836 0.000432398
6.15462 0.000424562
6.17088 0.000416869
6.18714 0.000409318
6.2034 0.000401906
6.21966 0.00039463
6.23592 0.000387487
6.25218 0.000380476
6.26844 0.000373592
6.2847 0.000366836
6.30096 0.000360202
6.31722 0.000353691
6.33348 0.000347299
6.34974 0.000341023
6.366 0.000334863
6.38226 0.000328816
6.39851 0.000322879
6.41477 0.00031705
6.43103 0.000311329
6.44729 0.000305711
6.46355 0.000300197
6.47981 0.000294783
6.49607 0.000289468
6.51233 0.00028425
6.52859 0.000279128
6.54485 0.000274098
6.56111 0.000269161
6.57737 0.000264314
6.59363 0.000259555
6.60989 0.000254883
6.62615 0.000250295
6.64241 0.000245792
6.65867 0.000241371
6.67493 0.00023703
6.69118 0.000232768
6.70744 0.000228583
6.7237 0.000224475
6.73996 0.000220441
6.75622 0.000216481
6.77248 0.000212593
6.78874 0.000208776
6.805 0.000205027
6.82126 0.000201347
6.83752 0.000197734
6.85378 0.000194187
6.87004 0.000190703
6.8863 0.000187283
6.90256 0.000183925
6.91882 0.000180628
6.93508 0.000177391
6.95134 0.000174212
6.96759 0.000171091
6.98385 0.000168027
7.00011 0.000165018
7.01637 0.000162064
7.03263 0.000159163
7.04889 0.000156314
7.06515 0.000153517
7.08141 0.000150771
7.09767 0.000148074
7.11393 0.000145427
7.13019 0.000142827
7.14645 0.000140274
7.16271 0.000137767
7.17897 0.000135305
7.19523 0.000132888
7.21149 0.000130515
7.22775 0.000128184
7.24401 0.000125896
7.26026 0.000123648
7.27652 0.000121442
7.29278 0.000119275
7.30904 0.000117147
7.3253 0.000115057
7.34156 0.000113006
7.35782 0.000110991
7.37408 0.000109012
7.39034 0.000107069
7.4066 0.000105162
7.42286 0.000103288
7.43912 0.000101448
7.45538 9.96414e-05
7.47164 9.78672e-05
7.4879 9.61249e-05
7.50416 9.4414e-05
7.52042 9.27338e-05
7.53668 9.10838e-05
7.55293 8.94634e-05
7.56919 8.78722e-05
7.58545 8.63095e-05
7.60171 8.4775e-05
7.61797 8.32679e-05
7.63423 8.1788e-05
7.65049 8.03346e-05
7.66675 7.89073e-05
7.68301 7.75055e-05
7.69927 7.6129e-05
7.71553 7.47771e-05
7.73179 7.34494e-05
7.74805 7.21456e-05
7.76431 7.08651e-05
7.78057 6.96076e-05
7.79683 6.83726e-05
7.81309 6.71597e-05
7.82934 6.59685e-05
7.8456 6.47987e-05
7.86186 6.36498e-05
7.87812 6.25215e-05
7.89438 6.14133e-05
7.91064 6.0325e-05
7.9269 5.92562e-05
7.94316 5.82064e-05
7.95942 5.71755e-05
7.97568 5.61629e-05
7.99194 5.51685e-05
8.0082 5.41918e-05
8.02446 5.32326e-05
8.04072 5.22905e-05
8.05698 5.13652e-05
8.07324 5.04565e-05
8.0895 4.9564e-05
8.10576 4.86874e-05
8.12201 4.78264e-05
8.13827 4.69808e-05
8.15453 4.61503e-05
8.17079 4.53346e-05
8.18705 4.45335e-05
8.20331 4.37466e-05
8.21957 4.29737e-05
8.23583 4.22147e-05
8.25209 4.14691e-05
8.26835 4.07369e-05
8.28461 4.00176e-05
8.30087 3.93112e-05
