-2.83145 7.67667e-07
-2.57916 2.13979e-06
-2.32687 5.92928e-06
-2.07458 1.62923e-05
-1.82229 4.42335e-05
-1.57 0.000118047
-1.31771 0.00030733
-1.06542 0.000772126
-0.813133 0.00184389
-0.560844 0.00410389
-0.308555 0.00832295
-0.0562657 0.0150721
0.196024 0.0241168
0.448313 0.0342402
0.700602 0.043867
0.952891 0.0518612
1.20518 0.0577998
1.45747 0.0617819
1.70976 0.0641424
1.96205 0.0652598
2.21434 0.0654686
2.46663 0.0650347
2.71892 0.0641583
2.9712 0.0629861
3.22349 0.0616232
3.47578 0.060145
3.72807 0.0586043
3.98036 0.0570386
4.23265 0.0554738
4.48494 0.0539279
4.73723 0.0524128
4.98952 0.0509366
5.24181 0.0495042
5.4941 0.0481186
5.74639 0.0467811
5.99868 0.045492
6.25096 0.0442508
6.50325 0.0430567
6.75554 0.0419084
7.00783 0.0408042
7.26012 0.0397426
7.51241 0.0387219
7.7647 0.0377402
8.01699 0.036796
8.26928 0.0358874
8.52157 0.0350128
8.77386 0.0341706
9.02615 0.0333593
9.27843 0.0325774
9.53072 0.0318235
9.78301 0.0310963
10.0353 0.0303946
10.2876 0.029717
10.5399 0.0290626
10.7922 0.0284301
11.0445 0.0278187
11.2967 0.0272273
11.549 0.026655
11.8013 0.0261011
12.0536 0.0255646
12.3059 0.0250448
12.5582 0.0245409
12.8105 0.0240524
13.0628 0.0235785
13.3151 0.0231187
13.5674 0.0226723
13.8196 0.0222388
14.0719 0.0218177
14.3242 0.0214084
14.5765 0.0210106
14.8288 0.0206237
15.0811 0.0202474
15.3334 0.0198812
15.5857 0.0195248
15.838 0.0191777
16.0902 0.0188397
16.3425 0.0185104
16.5948 0.0181895
16.8471 0.0178766
17.0994 0.0175716
17.3517 0.0172742
17.604 0.016984
17.8563 0.0167008
18.1086 0.0164244
18.3608 0.0161545
18.6131 0.0158911
18.8654 0.0156337
19.1177 0.0153823
19.37 0.0151366
19.6223 0.0148965
19.8746 0.0146618
20.1269 0.0144322
20.3792 0.0142078
20.6314 0.0139882
20.8837 0.0137734
21.136 0.0135633
21.3883 0.0133575
21.6406 0.0131562
21.8929 0.012959
22.1452 0.012766
22.3975 0.0125769
22.6498 0.0123917
22.9021 0.0122102
23.1543 0.0120324
23.4066 0.0118581
23.6589 0.0116873
23.9112 0.0115199
24.1635 0.0113557
24.4158 0.0111947
24.6681 0.0110368
24.9204 0.0108819
25.1727 0.0107299
25.4249 0.0105808
25.6772 0.0104345
25.9295 0.010291
26.1818 0.01015
26.4341 0.0100117
26.6864 0.00987583
26.9387 0.00974246
27.191 0.00961148
27.4433 0.00948284
27.6955 0.00935649
27.9478 0.00923236
28.2001 0.0091104
28.4524 0.00899058
28.7047 0.00887282
28.957 0.00875709
29.2093 0.00864335
29.4616 0.00853153
29.7139 0.00842161
29.9661 0.00831354
30.2184 0.00820727
30.4707 0.00810277
30.723 0.00799999
30.9753 0.00789891
31.2276 0.00779948
31.4799 0.00770166
31.7322 0.00760543
31.9845 0.00751075
32.2368 0.00741758
32.489 0.0073259
32.7413 0.00723567
32.9936 0.00714686
33.2459 0.00705944
33.4982 0.00697339
33.7505 0.00688867
34.0028 0.00680527
34.2551 0.00672314
34.5074 0.00664228
34.7596 0.00656264
35.0119 0.00648422
35.2642 0.00640697
35.5165 0.00633089
35.7688 0.00625594
36.0211 0.00618211
36.2734 0.00610938
36.5257 0.00603772
36.778 0.00596711
37.0302 0.00589753
37.2825 0.00582897
37.5348 0.0057614
37.7871 0.0056948
38.0394 0.00562917
38.2917 0.00556447
38.544 0.0055007
38.7963 0.00543783
39.0486 0.00537586
39.3009 0.00531475
39.5531 0.0052545
39.8054 0.0051951
40.0577 0.00513652
40.31 0.00507876
40.5623 0.00502179
40.8146 0.00496561
41.0669 0.0049102
41.3192 0.00485554
41.5715 0.00480163
41.8237 0.00474845
42.076 0.00469599
42.3283 0.00464423
42.5806 0.00459317
42.8329 0.0045428
43.0852 0.00449309
43.3375 0.00444404
43.5898 0.00439565
43.8421 0.00434789
44.0943 0.00430075
44.3466 0.00425424
44.5989 0.00420833
44.8512 0.00416302
45.1035 0.0041183
45.3558 0.00407416
45.6081 0.00403058
45.8604 0.00398756
46.1127 0.0039451
46.3649 0.00390317
46.6172 0.00386178
46.8695 0.00382092
47.1218 0.00378057
47.3741 0.00374073
47.6264 0.00370139
47.8787 0.00366254
48.131 0.00362418
48.3833 0.0035863
48.6356 0.00354889
48.8878 0.00351194
49.1401 0.00347544
49.3924 0.0034394
49.6447 0.0034038
49.897 0.00336863
50.1493 0.00333389
50.4016 0.00329958
50.6539 0.00326568
50.9062 0.0032322
51.1584 0.00319911
51.4107 0.00316643
51.663 0.00313414
51.9153 0.00310223
52.1676 0.00307071
52.4199 0.00303956
52.6722 0.00300878
52.9245 0.00297837
53.1768 0.00294831
53.429 0.00291861
53.6813 0.00288926
53.9336 0.00286026
54.1859 0.00283159
54.4382 0.00280326
54.6905 0.00277526
54.9428 0.00274758
55.1951 0.00272023
55.4474 0.00269319
55.6996 0.00266646
55.9519 0.00264004
56.2042 0.00261393
56.4565 0.00258811
56.7088 0.00256259
56.9611 0.00253736
57.2134 0.00251241
57.4657 0.00248775
57.718 0.00246337
57.9703 0.00243927
58.2225 0.00241543
58.4748 0.00239187
58.7271 0.00236857
58.9794 0.00234553
59.2317 0.00232274
59.484 0.00230021
59.7363 0.00227794
59.9886 0.0022559
60.2409 0.00223412
60.4931 0.00221257
60.7454 0.00219127
60.9977 0.00217019
61.25 0.00214935
61.5023 0.00212874
61.7546 0.00210835
62.0069 0.00208819
62.2592 0.00206824
62.5115 0.00204851
62.7637 0.002029
63.016 0.0020097
63.2683 0.00199061
63.5206 0.00197172
63.7729 0.00195304
64.0252 0.00193456
64.2775 0.00191627
64.5298 0.00189818
64.7821 0.00188029
65.0343 0.00186259
65.2866 0.00184507
65.5389 0.00182774
65.7912 0.0018106
66.0435 0.00179364
66.2958 0.00177685
66.5481 0.00176025
66.8004 0.00174382
67.0527 0.00172756
67.305 0.00171147
67.5572 0.00169555
67.8095 0.0016798
68.0618 0.00166422
68.3141 0.00164879
68.5664 0.00163353
68.8187 0.00161842
69.071 0.00160347
69.3233 0.00158868
69.5756 0.00157404
69.8278 0.00155955
70.0801 0.00154521
70.3324 0.00153102
70.5847 0.00151697
70.837 0.00150307
71.0893 0.00148931
71.3416 0.0014757
71.5939 0.00146222
71.8462 0.00144887
72.0984 0.00143567
72.3507 0.0014226
72.603 0.00140966
72.8553 0.00139685
73.1076 0.00138417
73.3599 0.00137162
73.6122 0.0013592
73.8645 0.0013469
74.1168 0.00133472
74.3691 0.00132267
74.6213 0.00131074
74.8736 0.00129893
75.1259 0.00128723
75.3782 0.00127566
75.6305 0.00126419
75.8828 0.00125285
76.1351 0.00124161
76.3874 0.00123049
76.6397 0.00121948
76.8919 0.00120857
77.1442 0.00119778
77.3965 0.00118709
77.6488 0.0011765
77.9011 0.00116602
78.1534 0.00115565
78.4057 0.00114537
78.658 0.0011352
78.9103 0.00112512
79.1625 0.00111515
79.4148 0.00110527
79.6671 0.00109549
79.9194 0.0010858
80.1717 0.00107621
80.424 0.00106671
80.6763 0.0010573
80.9286 0.00104799
81.1809 0.00103876
81.4331 0.00102962
81.6854 0.00102058
81.9377 0.00101162
82.19 0.00100274
82.4423 0.000993952
82.6946 0.000985247
82.9469 0.000976626
83.1992 0.000968087
83.4515 0.000959631
83.7038 0.000951255
83.956 0.000942959
84.2083 0.000934742
84.4606 0.000926604
84.7129 0.000918543
84.9652 0.000910558
85.2175 0.00090265
85.4698 0.000894816
85.7221 0.000887057
85.9744 0.000879371
86.2266 0.000871758
86.4789 0.000864217
86.7312 0.000856746
86.9835 0.000849347
87.2358 0.000842016
87.4881 0.000834755
87.7404 0.000827562
87.9927 0.000820436
88.245 0.000813377
88.4972 0.000806384
88.7495 0.000799457
89.0018 0.000792594
89.2541 0.000785795
89.5064 0.00077906
89.7587 0.000772387
90.011 0.000765776
90.2633 0.000759227
90.5156 0.000752738
90.7678 0.00074631
91.0201 0.000739941
91.2724 0.000733631
91.5247 0.000727379
91.777 0.000721185
92.0293 0.000715048
92.2816 0.000708968
92.5339 0.000702944
92.7862 0.000696975
93.0385 0.000691061
93.2907 0.000685201
93.543 0.000679394
93.7953 0.000673641
94.0476 0.000667941
94.2999 0.000662293
94.5522 0.000656696
94.8045 0.00065115
95.0568 0.000645655
95.3091 0.00064021
95.5613 0.000634815
95.8136 0.000629468
96.0659 0.00062417
96.3182 0.00061892
96.5705 0.000613718
96.8228 0.000608562
97.0751 0.000603454
97.3274 0.000598391
97.5797 0.000593374
97.8319 0.000588403
98.0842 0.000583476
98.3365 0.000578594
98.5888 0.000573755
98.8411 0.00056896
99.0934 0.000564208
99.3457 0.000559499
99.598 0.000554832
99.8503 0.000550207
100.103 0.000545623
100.355 0.00054108
100.607 0.000536578
100.859 0.000532116
101.112 0.000527693
101.364 0.00052331
101.616 0.000518966
101.869 0.000514661
102.121 0.000510394
102.373 0.000506165
102.625 0.000501973
102.878 0.000497819
103.13 0.000493701
103.382 0.00048962
103.635 0.000485575
103.887 0.000481565
104.139 0.000477591
104.391 0.000473653
104.644 0.000469748
104.896 0.000465879
105.148 0.000462043
105.401 0.000458241
105.653 0.000454472
105.905 0.000450737
106.157 0.000447034
106.41 0.000443364
106.662 0.000439725
106.914 0.000436119
107.167 0.000432544
107.419 0.000429001
107.671 0.000425488
107.924 0.000422006
108.176 0.000418555
108.428 0.000415133
108.68 0.000411741
108.933 0.000408379
109.185 0.000405046
109.437 0.000401742
109.69 0.000398467
109.942 0.00039522
110.194 0.000392001
110.446 0.00038881
110.699 0.000385647
110.951 0.000382511
111.203 0.000379402
111.456 0.00037632
111.708 0.000373264
111.96 0.000370235
112.212 0.000367232
112.465 0.000364255
112.717 0.000361304
112.969 0.000358378
113.222 0.000355477
113.474 0.000352601
113.726 0.000349749
113.978 0.000346922
114.231 0.00034412
114.483 0.000341341
114.735 0.000338586
114.988 0.000335855
115.24 0.000333147
115.492 0.000330462
115.744 0.0003278
115.997 0.000325161
116.249 0.000322544
116.501 0.00031995
116.754 0.000317377
117.006 0.000314827
117.258 0.000312298
117.511 0.000309791
117.763 0.000307305
118.015 0.00030484
118.267 0.000302396
118.52 0.000299972
118.772 0.00029757
119.024 0.000295187
119.277 0.000292825
119.529 0.000290483
119.781 0.00028816
120.033 0.000285857
120.286 0.000283574
120.538 0.000281309
120.79 0.000279064
121.043 0.000276838
121.295 0.00027463
121.547 0.000272441
121.799 0.000270271
122.052 0.000268118
122.304 0.000265984
122.556 0.000263868
122.809 0.000261769
123.061 0.000259688
123.313 0.000257625
123.565 0.000255578
123.818 0.000253549
124.07 0.000251537
124.322 0.000249542
124.575 0.000247563
124.827 0.000245601
125.079 0.000243655
125.331 0.000241725
125.584 0.000239812
125.836 0.000237914
126.088 0.000236032
126.341 0.000234166
126.593 0.000232315
126.845 0.00023048
127.097 0.00022866
127.35 0.000226855
127.602 0.000225065
127.854 0.00022329
128.107 0.00022153
128.359 0.000219784
128.611 0.000218053
128.864 0.000216335
129.116 0.000214633
129.368 0.000212944
129.62 0.000211269
129.873 0.000209608
130.125 0.000207961
130.377 0.000206327
130.63 0.000204707
130.882 0.0002031
131.134 0.000201506
131.386 0.000199926
131.639 0.000198358
131.891 0.000196803
132.143 0.000195261
132.396 0.000193732
132.648 0.000192215
132.9 0.000190711
133.152 0.000189219
133.405 0.000187739
133.657 0.000186272
133.909 0.000184816
134.162 0.000183373
134.414 0.000181941
134.666 0.000180521
134.918 0.000179112
135.171 0.000177715
135.423 0.000176329
135.675 0.000174955
135.928 0.000173592
136.18 0.00017224
136.432 0.000170899
136.684 0.000169569
136.937 0.000168249
137.189 0.000166941
137.441 0.000165643
137.694 0.000164356
137.946 0.000163079
138.198 0.000161812
138.451 0.000160556
138.703 0.00015931
138.955 0.000158074
139.207 0.000156848
139.46 0.000155632
139.712 0.000154426
139.964 0.000153229
140.217 0.000152042
140.469 0.000150865
140.721 0.000149698
140.973 0.000148539
141.226 0.000147391
141.478 0.000146251
141.73 0.000145121
141.983 0.000143999
142.235 0.000142887
142.487 0.000141784
142.739 0.000140689
142.992 0.000139604
143.244 0.000138527
143.496 0.000137459
143.749 0.000136399
144.001 0.000135348
144.253 0.000134305
144.505 0.000133271
144.758 0.000132245
145.01 0.000131227
145.262 0.000130217
145.515 0.000129216
145.767 0.000128222
146.019 0.000127237
146.271 0.000126259
146.524 0.000125289
146.776 0.000124327
147.028 0.000123373
147.281 0.000122426
147.533 0.000121487
147.785 0.000120555
148.037 0.000119631
148.29 0.000118714
148.542 0.000117804
148.794 0.000116902
149.047 0.000116007
149.299 0.000115118
149.551 0.000114237
149.804 0.000113363
150.056 0.000112496
150.308 0.000111636
150.56 0.000110783
150.813 0.000109936
151.065 0.000109097
151.317 0.000108264
151.57 0.000107437
151.822 0.000106617
152.074 0.000105803
152.326 0.000104996
152.579 0.000104196
152.831 0.000103401
153.083 0.000102613
153.336 0.000101832
153.588 0.000101056
153.84 0.000100287
154.092 9.95232e-05
154.345 9.87658e-05
154.597 9.80144e-05
154.849 9.7269e-05
155.102 9.65294e-05
155.354 9.57957e-05
155.606 9.50677e-05
155.858 9.43455e-05
156.111 9.3629e-05
156.363 9.29181e-05
156.615 9.22128e-05
156.868 9.1513e-05
157.12 9.08188e-05
157.372 9.013e-05
157.624 8.94466e-05
157.877 8.87686e-05
158.129 8.8096e-05
158.381 8.74286e-05
158.634 8.67664e-05
158.886 8.61095e-05
159.138 8.54577e-05
159.391 8.4811e-05
159.643 8.41693e-05
159.895 8.35327e-05
160.147 8.29011e-05
160.4 8.22744e-05
160.652 8.16527e-05
160.904 8.10358e-05
161.157 8.04237e-05
161.409 7.98164e-05
161.661 7.92138e-05
161.913 7.8616e-05
162.166 7.80228e-05
162.418 7.74343e-05
162.67 7.68503e-05
162.923 7.62709e-05
163.175 7.56961e-05
163.427 7.51257e-05
163.679 7.45597e-05
163.932 7.39982e-05
164.184 7.3441e-05
164.436 7.28882e-05
164.689 7.23396e-05
164.941 7.17954e-05
165.193 7.12554e-05
165.445 7.07195e-05
165.698 7.01879e-05
165.95 6.96603e-05
166.202 6.91369e-05
166.455 6.86175e-05
166.707 6.81022e-05
166.959 6.75908e-05
167.211 6.70835e-05
167.464 6.658e-05
167.716 6.60805e-05
167.968 6.55848e-05
168.221 6.5093e-05
168.473 6.4605e-05
168.725 6.41207e-05
168.978 6.36402e-05
169.23 6.31634e-05
169.482 6.26903e-05
169.734 6.22209e-05
169.987 6.17551e-05
170.239 6.12929e-05
170.491 6.08343e-05
170.744 6.03792e-05
170.996 5.99276e-05
171.248 5.94795e-05
171.5 5.90348e-05
171.753 5.85936e-05
172.005 5.81558e-05
172.257 5.77214e-05
172.51 5.72903e-05
172.762 5.68625e-05
173.014 5.6438e-05
173.266 5.60168e-05
173.519 5.55989e-05
173.771 5.51841e-05
174.023 5.47726e-05
174.276 5.43642e-05
174.528 5.39589e-05
174.78 5.35568e-05
175.032 5.31577e-05
175.285 5.27617e-05
175.537 5.23687e-05
175.789 5.19788e-05
176.042 5.15919e-05
176.294 5.12079e-05
176.546 5.08269e-05
176.798 5.04487e-05
177.051 5.00735e-05
177.303 4.97012e-05
177.555 4.93317e-05
177.808 4.8965e-05
178.06 4.86012e-05
178.312 4.82401e-05
178.564 4.78818e-05
178.817 4.75262e-05
179.069 4.71734e-05
179.321 4.68232e-05
179.574 4.64757e-05
179.826 4.61309e-05
180.078 4.57887e-05
180.331 4.54492e-05
180.583 4.51122e-05
180.835 4.47778e-05
181.087 4.44459e-05
181.34 4.41166e-05
181.592 4.37897e-05
181.844 4.34654e-05
182.097 4.31435e-05
182.349 4.28241e-05
182.601 4.25071e-05
182.853 4.21926e-05
183.106 4.18804e-05
183.358 4.15706e-05
183.61 4.12632e-05
183.863 4.09581e-05
184.115 4.06553e-05
184.367 4.03548e-05
184.619 4.00566e-05
184.872 3.97607e-05
185.124 3.9467e-05
185.376 3.91755e-05
185.629 3.88863e-05
185.881 3.85992e-05
186.133 3.83144e-05
186.385 3.80317e-05
186.638 3.77511e-05
186.89 3.74726e-05
187.142 3.71963e-05
187.395 3.69221e-05
187.647 3.66499e-05
187.899 3.63798e-05
188.151 3.61118e-05
188.404 3.58457e-05
188.656 3.55817e-05
188.908 3.53197e-05
189.161 3.50597e-05
189.413 3.48016e-05
189.665 3.45455e-05
189.918 3.42913e-05
190.17 3.4039e-05
190.422 3.37887e-05
190.674 3.35402e-05
190.927 3.32936e-05
191.179 3.30489e-05
191.431 3.2806e-05
191.684 3.25649e-05
191.936 3.23257e-05
192.188 3.20883e-05
192.44 3.18526e-05
192.693 3.16188e-05
192.945 3.13867e-05
193.197 3.11563e-05
193.45 3.09277e-05
193.702 3.07008e-05
193.954 3.04756e-05
194.206 3.02521e-05
194.459 3.00303e-05
194.711 2.98101e-05
194.963 2.95916e-05
195.216 2.93748e-05
195.468 2.91595e-05
195.72 2.89459e-05
195.972 2.87339e-05
196.225 2.85235e-05
196.477 2.83147e-05
196.729 2.81074e-05
196.982 2.79017e-05
197.234 2.76976e-05
197.486 2.74949e-05
197.738 2.72938e-05
197.991 2.70942e-05
198.243 2.68961e-05
198.495 2.66995e-05
198.748 2.65043e-05
199 2.63106e-05
199.252 2.61184e-05
199.504 2.59276e-05
199.757 2.57382e-05
200.009 2.55503e-05
200.261 2.53637e-05
200.514 2.51786e-05
200.766 2.49948e-05
201.018 2.48124e-05
201.271 2.46314e-05
201.523 2.44517e-05
201.775 2.42733e-05
202.027 2.40963e-05
202.28 2.39206e-05
202.532 2.37463e-05
202.784 2.35732e-05
203.037 2.34014e-05
203.289 2.32309e-05
203.541 2.30617e-05
203.793 2.28937e-05
204.046 2.2727e-05
204.298 2.25616e-05
204.55 2.23973e-05
204.803 2.22343e-05
205.055 2.20725e-05
205.307 2.19119e-05
205.559 2.17525e-05
205.812 2.15943e-05
206.064 2.14373e-05
206.316 2.12814e-05
206.569 2.11267e-05
206.821 2.09731e-05
207.073 2.08207e-05
207.325 2.06695e-05
207.578 2.05193e-05
207.83 2.03703e-05
208.082 2.02223e-05
208.335 2.00755e-05
208.587 1.99298e-05
208.839 1.97851e-05
209.091 1.96415e-05
209.344 1.9499e-05
209.596 1.93575e-05
209.848 1.92171e-05
210.101 1.90777e-05
210.353 1.89394e-05
210.605 1.88021e-05
210.858 1.86658e-05
211.11 1.85305e-05
211.362 1.83962e-05
211.614 1.82629e-05
211.867 1.81306e-05
212.119 1.79993e-05
212.371 1.7869e-05
212.624 1.77396e-05
212.876 1.76112e-05
213.128 1.74837e-05
213.38 1.73571e-05
213.633 1.72315e-05
213.885 1.71069e-05
214.137 1.69831e-05
214.39 1.68603e-05
214.642 1.67384e-05
214.894 1.66173e-05
215.146 1.64972e-05
215.399 1.6378e-05
215.651 1.62596e-05
215.903 1.61421e-05
216.156 1.60255e-05
216.408 1.59097e-05
216.66 1.57948e-05
216.912 1.56808e-05
217.165 1.55676e-05
217.417 1.54552e-05
217.669 1.53436e-05
217.922 1.52329e-05
218.174 1.5123e-05
218.426 1.50139e-05
218.678 1.49056e-05
218.931 1.47981e-05
219.183 1.46913e-05
219.435 1.45854e-05
219.688 1.44803e-05
219.94 1.43759e-05
220.192 1.42723e-05
220.445 1.41694e-05
220.697 1.40673e-05
220.949 1.3966e-05
221.201 1.38654e-05
221.454 1.37656e-05
221.706 1.36664e-05
221.958 1.35681e-05
222.211 1.34704e-05
222.463 1.33734e-05
222.715 1.32772e-05
222.967 1.31817e-05
223.22 1.30868e-05
223.472 1.29927e-05
223.724 1.28993e-05
223.977 1.28065e-05
224.229 1.27144e-05
224.481 1.2623e-05
224.733 1.25323e-05
224.986 1.24422e-05
225.238 1.23528e-05
225.49 1.22641e-05
225.743 1.2176e-05
225.995 1.20885e-05
226.247 1.20017e-05
226.499 1.19155e-05
226.752 1.183e-05
227.004 1.17451e-05
227.256 1.16608e-05
227.509 1.15771e-05
227.761 1.1494e-05
228.013 1.14115e-05
228.265 1.13297e-05
228.518 1.12484e-05
228.77 1.11677e-05
229.022 1.10877e-05
229.275 1.10082e-05
229.527 1.09293e-05
229.779 1.08509e-05
230.031 1.07732e-05
230.284 1.0696e-05
230.536 1.06193e-05
230.788 1.05433e-05
231.041 1.04678e-05
231.293 1.03928e-05
231.545 1.03184e-05
231.798 1.02445e-05
232.05 1.01712e-05
232.302 1.00984e-05
232.554 1.00261e-05
232.807 9.95436e-06
233.059 9.88314e-06
233.311 9.81244e-06
233.564 9.74226e-06
233.816 9.67258e-06
234.068 9.60342e-06
234.32 9.53476e-06
234.573 9.4666e-06
234.825 9.39893e-06
235.077 9.33176e-06
235.33 9.26507e-06
235.582 9.19887e-06
235.834 9.13316e-06
236.086 9.06792e-06
236.339 9.00316e-06
236.591 8.93886e-06
236.843 8.87504e-06
237.096 8.81168e-06
237.348 8.74877e-06
237.6 8.68633e-06
237.852 8.62434e-06
238.105 8.5628e-06
238.357 8.50171e-06
238.609 8.44106e-06
238.862 8.38085e-06
239.114 8.32108e-06
239.366 8.26175e-06
239.618 8.20284e-06
239.871 8.14436e-06
240.123 8.08631e-06
240.375 8.02867e-06
240.628 7.97146e-06
240.88 7.91466e-06
241.132 7.85827e-06
241.385 7.80229e-06
241.637 7.74672e-06
241.889 7.69155e-06
242.141 7.63678e-06
242.394 7.5824e-06
242.646 7.52842e-06
242.898 7.47483e-06
243.151 7.42163e-06
243.403 7.36882e-06
243.655 7.31639e-06
243.907 7.26433e-06
244.16 7.21265e-06
244.412 7.16135e-06
244.664 7.11042e-06
244.917 7.05986e-06
245.169 7.00966e-06
245.421 6.95983e-06
245.673 6.91035e-06
245.926 6.86124e-06
246.178 6.81248e-06
246.43 6.76407e-06
246.683 6.71601e-06
246.935 6.6683e-06
247.187 6.62093e-06
247.439 6.57391e-06
247.692 6.52722e-06
247.944 6.48087e-06
248.196 6.43486e-06
248.449 6.38918e-06
248.701 6.34383e-06
248.953 6.29881e-06
249.205 6.25411e-06
