-1.54806 0.000306531
-1.47792 0.000409135
-1.40777 0.000545469
-1.33763 0.000726287
-1.26748 0.000965586
-1.19734 0.00128148
-1.12719 0.00169725
-1.05705 0.00224257
-0.986902 0.0029549
-0.916758 0.0038809
-0.846613 0.00507784
-0.776468 0.00661463
-0.706324 0.00857222
-0.636179 0.0110426
-0.566034 0.0141262
-0.495889 0.0179261
-0.425745 0.0225393
-0.3556 0.0280446
-0.285455 0.0344873
-0.215311 0.0418637
-0.145166 0.0501078
-0.0750211 0.0590851
-0.0048764 0.0685965
0.0652683 0.0783938
0.135413 0.0882043
0.205558 0.0977594
0.275702 0.106821
0.345847 0.1152
0.415992 0.122764
0.486137 0.129441
0.556281 0.135204
0.626426 0.140071
0.696571 0.144084
0.766715 0.147307
0.83686 0.14981
0.907005 0.151669
0.97715 0.152959
1.04729 0.15375
1.11744 0.154108
1.18758 0.154092
1.25773 0.153755
1.32787 0.153143
1.39802 0.1523
1.46816 0.15126
1.53831 0.150054
1.60845 0.148711
1.6786 0.147253
1.74874 0.145701
1.81889 0.144072
1.88903 0.142381
1.95918 0.140641
2.02932 0.138864
2.09946 0.137058
2.16961 0.135232
2.23975 0.133394
2.3099 0.131548
2.38004 0.129701
2.45019 0.127856
2.52033 0.126018
2.59048 0.124189
2.66062 0.122373
2.73077 0.120571
2.80091 0.118785
2.87106 0.117018
2.9412 0.11527
3.01135 0.113542
3.08149 0.111836
3.15164 0.110152
3.22178 0.108491
3.29193 0.106853
3.36207 0.105238
3.43221 0.103647
3.50236 0.10208
3.5725 0.100536
3.64265 0.0990164
3.71279 0.0975206
3.78294 0.0960484
3.85308 0.0945998
3.92323 0.0931745
3.99337 0.0917723
4.06352 0.090393
4.13366 0.0890364
4.20381 0.0877021
4.27395 0.0863899
4.3441 0.0850994
4.41424 0.0838304
4.48439 0.0825825
4.55453 0.0813554
4.62467 0.0801488
4.69482 0.0789623
4.76496 0.0777957
4.83511 0.0766486
4.90525 0.0755206
4.9754 0.0744114
5.04554 0.0733207
5.11569 0.0722482
5.18583 0.0711935
5.25598 0.0701564
5.32612 0.0691364
5.39627 0.0681334
5.46641 0.0671469
5.53656 0.0661767
5.6067 0.0652225
5.67685 0.0642839
5.74699 0.0633608
5.81713 0.0624528
5.88728 0.0615596
5.95742 0.0606809
6.02757 0.0598166
6.09771 0.0589662
6.16786 0.0581296
6.238 0.0573065
6.30815 0.0564967
6.37829 0.0556999
6.44844 0.0549158
6.51858 0.0541443
6.58873 0.053385
6.65887 0.0526378
6.72902 0.0519025
6.79916 0.0511788
6.86931 0.0504665
6.93945 0.0497655
7.00959 0.0490754
7.07974 0.0483962
7.14988 0.0477275
7.22003 0.0470693
7.29017 0.0464213
7.36032 0.0457833
7.43046 0.0451552
7.50061 0.0445368
7.57075 0.0439279
7.6409 0.0433283
7.71104 0.0427379
7.78119 0.0421566
7.85133 0.041584
7.92148 0.0410202
7.99162 0.040465
8.06177 0.0399181
8.13191 0.0393795
8.20205 0.0388489
8.2722 0.0383264
8.34234 0.0378117
8.41249 0.0373046
8.48263 0.0368051
8.55278 0.0363131
8.62292 0.0358283
8.69307 0.0353508
8.76321 0.0348803
8.83336 0.0344167
8.9035 0.0339599
8.97365 0.0335099
9.04379 0.0330664
9.11394 0.0326294
9.18408 0.0321988
9.25423 0.0317745
9.32437 0.0313563
9.39451 0.0309442
9.46466 0.030538
9.5348 0.0301377
9.60495 0.0297432
9.67509 0.0293543
9.74524 0.028971
9.81538 0.0285932
9.88553 0.0282208
9.95567 0.0278538
10.0258 0.0274919
10.096 0.0271352
10.1661 0.0267835
10.2363 0.0264368
10.3064 0.026095
10.3765 0.025758
10.4467 0.0254258
10.5168 0.0250983
10.587 0.0247753
10.6571 0.0244568
10.7273 0.0241428
10.7974 0.0238332
10.8676 0.0235279
10.9377 0.0232269
11.0078 0.02293
11.078 0.0226372
11.1481 0.0223485
11.2183 0.0220637
11.2884 0.0217829
11.3586 0.021506
11.4287 0.0212329
11.4989 0.0209635
11.569 0.0206978
11.6391 0.0204357
11.7093 0.0201772
11.7794 0.0199222
11.8496 0.0196707
11.9197 0.0194227
11.9899 0.019178
12.06 0.0189366
12.1302 0.0186984
12.2003 0.0184635
12.2704 0.0182318
12.3406 0.0180032
12.4107 0.0177776
12.4809 0.0175551
12.551 0.0173356
12.6212 0.017119
12.6913 0.0169053
12.7615 0.0166945
12.8316 0.0164864
12.9018 0.0162812
12.9719 0.0160787
13.042 0.0158788
13.1122 0.0156817
13.1823 0.0154871
13.2525 0.0152951
13.3226 0.0151057
13.3928 0.0149187
13.4629 0.0147342
13.5331 0.0145522
13.6032 0.0143725
13.6733 0.0141952
13.7435 0.0140202
13.8136 0.0138476
13.8838 0.0136771
13.9539 0.0135089
14.0241 0.013343
14.0942 0.0131791
14.1644 0.0130174
14.2345 0.0128578
14.3046 0.0127003
14.3748 0.0125448
14.4449 0.0123914
14.5151 0.0122399
14.5852 0.0120904
14.6554 0.0119428
14.7255 0.0117972
14.7957 0.0116534
14.8658 0.0115114
14.9359 0.0113713
15.0061 0.011233
15.0762 0.0110965
15.1464 0.0109617
15.2165 0.0108286
15.2867 0.0106973
15.3568 0.0105676
15.427 0.0104396
15.4971 0.0103132
15.5672 0.0101885
15.6374 0.0100653
15.7075 0.00994368
15.7777 0.00982362
15.8478 0.00970508
15.918 0.00958804
15.9881 0.00947249
16.0583 0.00935841
16.1284 0.00924577
16.1986 0.00913455
16.2687 0.00902474
16.3388 0.00891631
16.409 0.00880925
16.4791 0.00870354
16.5493 0.00859916
16.6194 0.00849609
16.6896 0.00839432
16.7597 0.00829382
16.8299 0.00819459
16.9 0.0080966
16.9701 0.00799984
17.0403 0.00790428
17.1104 0.00780993
17.1806 0.00771675
17.2507 0.00762473
17.3209 0.00753386
17.391 0.00744412
17.4612 0.0073555
17.5313 0.00726799
17.6014 0.00718156
17.6716 0.0070962
17.7417 0.00701191
17.8119 0.00692865
17.882 0.00684644
17.9522 0.00676523
18.0223 0.00668504
18.0925 0.00660583
18.1626 0.0065276
18.2327 0.00645034
18.3029 0.00637403
18.373 0.00629867
18.4432 0.00622423
18.5133 0.0061507
18.5835 0.00607809
18.6536 0.00600636
18.7238 0.00593551
18.7939 0.00586554
18.8641 0.00579642
18.9342 0.00572815
19.0043 0.00566071
19.0745 0.0055941
19.1446 0.00552831
19.2148 0.00546332
19.2849 0.00539912
19.3551 0.00533571
19.4252 0.00527307
19.4954 0.00521119
19.5655 0.00515007
19.6356 0.00508969
19.7058 0.00503005
19.7759 0.00497113
19.8461 0.00491293
19.9162 0.00485543
19.9864 0.00479863
20.0565 0.00474252
20.1267 0.00468709
20.1968 0.00463233
20.2669 0.00457824
20.3371 0.0045248
20.4072 0.004472
20.4774 0.00441984
20.5475 0.00436832
20.6177 0.00431741
20.6878 0.00426712
20.758 0.00421743
20.8281 0.00416835
20.8982 0.00411985
20.9684 0.00407194
21.0385 0.0040246
21.1087 0.00397783
21.1788 0.00393163
21.249 0.00388598
21.3191 0.00384087
21.3893 0.00379631
21.4594 0.00375228
21.5295 0.00370878
21.5997 0.0036658
21.6698 0.00362333
21.74 0.00358138
21.8101 0.00353992
21.8803 0.00349896
21.9504 0.00345848
22.0206 0.0034185
22.0907 0.00337898
22.1609 0.00333994
22.231 0.00330136
22.3011 0.00326325
22.3713 0.00322558
22.4414 0.00318837
22.5116 0.0031516
22.5817 0.00311526
22.6519 0.00307936
22.722 0.00304388
22.7922 0.00300882
22.8623 0.00297418
22.9324 0.00293995
23.0026 0.00290613
23.0727 0.0028727
23.1429 0.00283967
23.213 0.00280704
23.2832 0.00277478
23.3533 0.00274291
23.4235 0.00271142
23.4936 0.0026803
23.5637 0.00264954
23.6339 0.00261915
23.704 0.00258912
23.7742 0.00255944
23.8443 0.00253011
23.9145 0.00250112
23.9846 0.00247248
24.0548 0.00244417
24.1249 0.0024162
24.195 0.00238856
24.2652 0.00236124
24.3353 0.00233424
24.4055 0.00230756
24.4756 0.00228119
24.5458 0.00225513
24.6159 0.00222938
24.6861 0.00220392
24.7562 0.00217877
24.8264 0.00215391
24.8965 0.00212934
24.9666 0.00210506
25.0368 0.00208107
25.1069 0.00205735
25.1771 0.00203391
25.2472 0.00201075
25.3174 0.00198785
25.3875 0.00196523
25.4577 0.00194286
25.5278 0.00192076
25.5979 0.00189892
25.6681 0.00187733
25.7382 0.00185599
25.8084 0.0018349
25.8785 0.00181405
25.9487 0.00179345
26.0188 0.00177309
26.089 0.00175296
26.1591 0.00173307
26.2292 0.00171341
26.2994 0.00169398
26.3695 0.00167477
26.4397 0.00165579
26.5098 0.00163702
26.58 0.00161848
26.6501 0.00160015
26.7203 0.00158203
26.7904 0.00156412
26.8605 0.00154642
26.9307 0.00152892
27.0008 0.00151163
27.071 0.00149453
27.1411 0.00147764
27.2113 0.00146094
27.2814 0.00144443
27.3516 0.00142811
27.4217 0.00141198
27.4919 0.00139604
27.562 0.00138028
27.6321 0.0013647
27.7023 0.0013493
27.7724 0.00133408
27.8426 0.00131904
27.9127 0.00130417
27.9829 0.00128947
28.053 0.00127494
28.1232 0.00126058
28.1933 0.00124638
28.2634 0.00123234
28.3336 0.00121847
28.4037 0.00120475
28.4739 0.0011912
28.544 0.0011778
28.6142 0.00116455
28.6843 0.00115145
28.7545 0.00113851
28.8246 0.00112571
28.8947 0.00111306
28.9649 0.00110056
29.035 0.0010882
29.1052 0.00107598
29.1753 0.0010639
29.2455 0.00105196
29.3156 0.00104015
29.3858 0.00102848
29.4559 0.00101695
29.526 0.00100554
29.5962 0.00099427
29.6663 0.000983125
29.7365 0.000972108
29.8066 0.000961216
29.8768 0.000950449
29.9469 0.000939804
30.0171 0.000929281
30.0872 0.000918879
30.1573 0.000908594
30.2275 0.000898427
30.2976 0.000888376
30.3678 0.00087844
30.4379 0.000868617
30.5081 0.000858905
30.5782 0.000849304
30.6484 0.000839813
30.7185 0.000830429
30.7887 0.000821152
30.8588 0.000811981
30.9289 0.000802914
30.9991 0.00079395
31.0692 0.000785088
31.1394 0.000776327
31.2095 0.000767665
31.2797 0.000759102
31.3498 0.000750635
31.42 0.000742265
31.4901 0.00073399
31.5602 0.000725809
31.6304 0.00071772
31.7005 0.000709723
31.7707 0.000701817
31.8408 0.000694001
31.911 0.000686273
31.9811 0.000678632
32.0513 0.000671078
32.1214 0.000663609
32.1915 0.000656225
32.2617 0.000648925
32.3318 0.000641707
32.402 0.000634571
32.4721 0.000627515
32.5423 0.00062054
32.6124 0.000613643
32.6826 0.000606824
32.7527 0.000600081
32.8228 0.000593416
32.893 0.000586825
32.9631 0.000580309
33.0333 0.000573866
33.1034 0.000567496
33.1736 0.000561198
33.2437 0.00055497
33.3139 0.000548813
33.384 0.000542726
33.4542 0.000536707
33.5243 0.000530756
33.5944 0.000524871
33.6646 0.000519053
33.7347 0.000513301
33.8049 0.000507613
33.875 0.00050199
33.9452 0.000496429
34.0153 0.000490931
34.0855 0.000485495
34.1556 0.00048012
34.2257 0.000474806
34.2959 0.000469551
34.366 0.000464355
34.4362 0.000459218
34.5063 0.000454138
34.5765 0.000449115
34.6466 0.000444149
34.7168 0.000439238
34.7869 0.000434383
34.857 0.000429582
34.9272 0.000424834
34.9973 0.00042014
35.0675 0.000415499
35.1376 0.00041091
35.2078 0.000406372
35.2779 0.000401885
35.3481 0.000397448
35.4182 0.000393061
35.4883 0.000388723
35.5585 0.000384433
35.6286 0.000380192
35.6988 0.000375998
35.7689 0.000371851
35.8391 0.00036775
35.9092 0.000363695
35.9794 0.000359686
36.0495 0.000355721
36.1196 0.000351801
36.1898 0.000347924
36.2599 0.000344091
36.3301 0.0003403
36.4002 0.000336552
36.4704 0.000332846
36.5405 0.000329181
36.6107 0.000325557
36.6808 0.000321973
36.751 0.00031843
36.8211 0.000314926
36.8912 0.000311461
36.9614 0.000308034
37.0315 0.000304646
37.1017 0.000301296
37.1718 0.000297983
37.242 0.000294706
37.3121 0.000291467
37.3823 0.000288263
37.4524 0.000285095
37.5225 0.000281963
37.5927 0.000278865
37.6628 0.000275801
37.733 0.000272772
37.8031 0.000269777
37.8733 0.000266814
37.9434 0.000263885
38.0136 0.000260988
38.0837 0.000258124
38.1538 0.000255291
38.224 0.00025249
38.2941 0.00024972
38.3643 0.00024698
38.4344 0.000244271
38.5046 0.000241593
38.5747 0.000238944
38.6449 0.000236324
38.715 0.000233733
38.7851 0.000231171
38.8553 0.000228638
38.9254 0.000226133
38.9956 0.000223655
39.0657 0.000221205
39.1359 0.000218782
39.206 0.000216386
39.2762 0.000214016
39.3463 0.000211673
39.4165 0.000209356
39.4866 0.000207064
39.5567 0.000204798
39.6269 0.000202557
39.697 0.000200341
39.7672 0.000198149
39.8373 0.000195981
39.9075 0.000193838
39.9776 0.000191718
40.0478 0.000189621
40.1179 0.000187548
40.188 0.000185498
40.2582 0.00018347
40.3283 0.000181465
40.3985 0.000179482
40.4686 0.000177521
40.5388 0.000175582
40.6089 0.000173664
40.6791 0.000171767
40.7492 0.000169891
40.8193 0.000168036
40.8895 0.000166201
40.9596 0.000164387
41.0298 0.000162592
41.0999 0.000160818
41.1701 0.000159063
41.2402 0.000157327
41.3104 0.000155611
41.3805 0.000153913
41.4506 0.000152234
41.5208 0.000150574
41.5909 0.000148932
41.6611 0.000147308
41.7312 0.000145702
41.8014 0.000144114
41.8715 0.000142543
41.9417 0.000140989
42.0118 0.000139453
42.082 0.000137933
42.1521 0.00013643
42.2222 0.000134944
42.2924 0.000133474
42.3625 0.000132021
42.4327 0.000130583
42.5028 0.000129161
42.573 0.000127755
42.6431 0.000126364
42.7133 0.000124989
42.7834 0.000123628
42.8535 0.000122283
42.9237 0.000120952
42.9938 0.000119636
43.064 0.000118335
43.1341 0.000117048
43.2043 0.000115775
43.2744 0.000114516
43.3446 0.00011327
43.4147 0.000112039
43.4848 0.000110821
43.555 0.000109616
43.6251 0.000108425
43.6953 0.000107246
43.7654 0.000106081
43.8356 0.000104928
43.9057 0.000103788
43.9759 0.000102661
44.046 0.000101546
44.1161 0.000100443
44.1863 9.9352e-05
44.2564 9.82732e-05
44.3266 9.72061e-05
44.3967 9.61508e-05
44.4669 9.51071e-05
44.537 9.40748e-05
44.6072 9.30538e-05
44.6773 9.2044e-05
44.7474 9.10453e-05
44.8176 9.00575e-05
44.8877 8.90805e-05
44.9579 8.81142e-05
45.028 8.71585e-05
45.0982 8.62132e-05
45.1683 8.52784e-05
45.2385 8.43537e-05
45.3086 8.34391e-05
45.3788 8.25346e-05
45.4489 8.164e-05
45.519 8.07551e-05
45.5892 7.98799e-05
45.6593 7.90143e-05
45.7295 7.81582e-05
45.7996 7.73114e-05
45.8698 7.64739e-05
45.9399 7.56455e-05
46.0101 7.48262e-05
46.0802 7.40159e-05
46.1503 7.32144e-05
46.2205 7.24216e-05
46.2906 7.16375e-05
46.3608 7.0862e-05
46.4309 7.0095e-05
46.5011 6.93363e-05
46.5712 6.85859e-05
46.6414 6.78437e-05
46.7115 6.71096e-05
46.7816 6.63835e-05
46.8518 6.56654e-05
46.9219 6.4955e-05
46.9921 6.42525e-05
47.0622 6.35576e-05
47.1324 6.28702e-05
47.2025 6.21904e-05
47.2727 6.1518e-05
47.3428 6.08529e-05
47.4129 6.01951e-05
47.4831 5.95444e-05
47.5532 5.89009e-05
47.6234 5.82643e-05
47.6935 5.76347e-05
47.7637 5.7012e-05
47.8338 5.6396e-05
47.904 5.57867e-05
47.9741 5.51841e-05
48.0443 5.45881e-05
48.1144 5.39985e-05
48.1845 5.34154e-05
48.2547 5.28386e-05
48.3248 5.22681e-05
48.395 5.17038e-05
48.4651 5.11456e-05
48.5353 5.05935e-05
48.6054 5.00474e-05
48.6756 4.95073e-05
48.7457 4.8973e-05
48.8158 4.84446e-05
48.886 4.79219e-05
48.9561 4.74049e-05
49.0263 4.68935e-05
49.0964 4.63877e-05
49.1666 4.58873e-05
49.2367 4.53925e-05
49.3069 4.49029e-05
49.377 4.44188e-05
49.4471 4.39398e-05
49.5173 4.34661e-05
49.5874 4.29975e-05
49.6576 4.25341e-05
49.7277 4.20756e-05
49.7979 4.16221e-05
49.868 4.11736e-05
49.9382 4.07299e-05
50.0083 4.02911e-05
50.0784 3.9857e-05
50.1486 3.94276e-05
50.2187 3.90029e-05
50.2889 3.85828e-05
50.359 3.81673e-05
50.4292 3.77562e-05
50.4993 3.73497e-05
50.5695 3.69475e-05
50.6396 3.65497e-05
50.7097 3.61562e-05
50.7799 3.5767e-05
50.85 3.5382e-05
50.9202 3.50012e-05
50.9903 3.46245e-05
51.0605 3.42519e-05
51.1306 3.38833e-05
51.2008 3.35188e-05
51.2709 3.31581e-05
51.3411 3.28014e-05
51.4112 3.24486e-05
51.4813 3.20996e-05
51.5515 3.17543e-05
51.6216 3.14128e-05
51.6918 3.1075e-05
51.7619 3.07409e-05
51.8321 3.04104e-05
51.9022 3.00834e-05
51.9724 2.976e-05
52.0425 2.94401e-05
52.1126 2.91237e-05
52.1828 2.88107e-05
52.2529 2.85011e-05
52.3231 2.81948e-05
52.3932 2.78918e-05
52.4634 2.75922e-05
52.5335 2.72957e-05
52.6037 2.70025e-05
52.6738 2.67125e-05
52.7439 2.64255e-05
52.8141 2.61417e-05
52.8842 2.5861e-05
52.9544 2.55833e-05
53.0245 2.53086e-05
53.0947 2.50368e-05
53.1648 2.4768e-05
53.235 2.45021e-05
53.3051 2.42391e-05
53.3752 2.3979e-05
53.4454 2.37216e-05
53.5155 2.3467e-05
53.5857 2.32152e-05
53.6558 2.29661e-05
53.726 2.27197e-05
53.7961 2.24759e-05
53.8663 2.22348e-05
53.9364 2.19963e-05
54.0066 2.17603e-05
54.0767 2.15269e-05
54.1468 2.1296e-05
54.217 2.10677e-05
54.2871 2.08417e-05
54.3573 2.06183e-05
54.4274 2.03972e-05
54.4976 2.01785e-05
54.5677 1.99622e-05
54.6379 1.97482e-05
54.708 1.95365e-05
54.7781 1.93272e-05
54.8483 1.912e-05
54.9184 1.89151e-05
54.9886 1.87124e-05
55.0587 1.85119e-05
55.1289 1.83136e-05
55.199 1.81174e-05
55.2692 1.79233e-05
55.3393 1.77313e-05
55.4094 1.75414e-05
55.4796 1.73535e-05
55.5497 1.71677e-05
55.6199 1.69838e-05
55.69 1.68019e-05
55.7602 1.6622e-05
55.8303 1.64441e-05
55.9005 1.6268e-05
55.9706 1.60939e-05
56.0407 1.59216e-05
56.1109 1.57512e-05
56.181 1.55826e-05
56.2512 1.54158e-05
56.3213 1.52508e-05
56.3915 1.50876e-05
56.4616 1.49262e-05
56.5318 1.47665e-05
56.6019 1.46085e-05
56.6721 1.44522e-05
56.7422 1.42976e-05
56.8123 1.41447e-05
56.8825 1.39934e-05
56.9526 1.38437e-05
57.0228 1.36957e-05
57.0929 1.35492e-05
57.1631 1.34044e-05
57.2332 1.3261e-05
57.3034 1.31192e-05
57.3735 1.2979e-05
57.4436 1.28402e-05
57.5138 1.2703e-05
57.5839 1.25672e-05
57.6541 1.24329e-05
57.7242 1.23e-05
57.7944 1.21686e-05
57.8645 1.20385e-05
57.9347 1.19099e-05
58.0048 1.17826e-05
58.0749 1.16567e-05
58.1451 1.15322e-05
58.2152 1.1409e-05
58.2854 1.12871e-05
58.3555 1.11666e-05
58.4257 1.10473e-05
58.4958 1.09293e-05
58.566 1.08126e-05
58.6361 1.06972e-05
58.7062 1.05829e-05
58.7764 1.04699e-05
58.8465 1.03581e-05
58.9167 1.02476e-05
58.9868 1.01382e-05
59.057 1.00299e-05
59.1271 9.92288e-06
59.1973 9.81697e-06
59.2674 9.7122e-06
59.3375 9.60855e-06
59.4077 9.50601e-06
59.4778 9.40458e-06
59.548 9.30423e-06
59.6181 9.20496e-06
59.6883 9.10675e-06
59.7584 9.0096e-06
59.8286 8.91349e-06
59.8987 8.81841e-06
59.9689 8.72435e-06
60.039 8.6313e-06
60.1091 8.53925e-06
60.1793 8.44819e-06
60.2494 8.3581e-06
60.3196 8.26898e-06
60.3897 8.18081e-06
60.4599 8.09359e-06
60.53 8.0073e-06
60.6002 7.92194e-06
60.6703 7.83749e-06
60.7404 7.75395e-06
60.8106 7.6713e-06
60.8807 7.58954e-06
60.9509 7.50866e-06
61.021 7.42864e-06
61.0912 7.34948e-06
61.1613 7.27117e-06
61.2315 7.19369e-06
61.3016 7.11705e-06
61.3717 7.04123e-06
61.4419 6.96621e-06
61.512 6.89201e-06
61.5822 6.81859e-06
61.6523 6.74597e-06
61.7225 6.67412e-06
61.7926 6.60304e-06
61.8628 6.53272e-06
61.9329 6.46315e-06
62.003 6.39433e-06
62.0732 6.32625e-06
62.1433 6.25889e-06
62.2135 6.19226e-06
62.2836 6.12634e-06
62.3538 6.06112e-06
62.4239 5.9966e-06
62.4941 5.93277e-06
62.5642 5.86963e-06
62.6344 5.80716e-06
62.7045 5.74536e-06
62.7746 5.68422e-06
62.8448 5.62373e-06
62.9149 5.56389e-06
62.9851 5.50469e-06
63.0552 5.44612e-06
63.1254 5.38818e-06
63.1955 5.33086e-06
63.2657 5.27416e-06
63.3358 5.21805e-06
63.4059 5.16255e-06
63.4761 5.10764e-06
63.5462 5.05332e-06
63.6164 4.99958e-06
63.6865 4.94642e-06
63.7567 4.89382e-06
63.8268 4.84178e-06
63.897 4.7903e-06
63.9671 4.73937e-06
64.0372 4.68899e-06
64.1074 4.63914e-06
64.1775 4.58982e-06
64.2477 4.54103e-06
64.3178 4.49277e-06
64.388 4.44502e-06
64.4581 4.39777e-06
64.5283 4.35104e-06
64.5984 4.3048e-06
64.6685 4.25905e-06
64.7387 4.2138e-06
64.8088 4.16903e-06
64.879 4.12473e-06
64.9491 4.08091e-06
65.0193 4.03756e-06
65.0894 3.99466e-06
65.1596 3.95223e-06
65.2297 3.91025e-06
65.2998 3.86872e-06
65.37 3.82763e-06
65.4401 3.78698e-06
65.5103 3.74676e-06
65.5804 3.70697e-06
65.6506 3.66761e-06
65.7207 3.62867e-06
65.7909 3.59014e-06
65.861 3.55202e-06
65.9312 3.51431e-06
66.0013 3.47701e-06
66.0714 3.44009e-06
66.1416 3.40358e-06
66.2117 3.36745e-06
66.2819 3.33171e-06
66.352 3.29635e-06
66.4222 3.26137e-06
66.4923 3.22675e-06
66.5625 3.19251e-06
66.6326 3.15864e-06
66.7027 3.12512e-06
66.7729 3.09196e-06
66.843 3.05916e-06
66.9132 3.0267e-06
66.9833 2.99459e-06
67.0535 2.96283e-06
67.1236 2.9314e-06
67.1938 2.9003e-06
67.2639 2.86954e-06
67.334 2.83911e-06
67.4042 2.809e-06
67.4743 2.77921e-06
67.5445 2.74973e-06
67.6146 2.72058e-06
67.6848 2.69173e-06
67.7549 2.66319e-06
67.8251 2.63495e-06
67.8952 2.60701e-06
67.9653 2.57938e-06
68.0355 2.55203e-06
68.1056 2.52498e-06
68.1758 2.49821e-06
68.2459 2.47173e-06
68.3161 2.44554e-06
68.3862 2.41962e-06
68.4564 2.39397e-06
68.5265 2.3686e-06
