-3.57863 5.08639e-05
-3.56817 5.24258e-05
-3.55771 5.40358e-05
-3.54725 5.56952e-05
-3.53679 5.74056e-05
-3.52633 5.91685e-05
-3.51587 6.09856e-05
-3.50541 6.28584e-05
-3.49495 6.47888e-05
-3.4845 6.67785e-05
-3.47404 6.88293e-05
-3.46358 7.0943e-05
-3.45312 7.31217e-05
-3.44266 7.53673e-05
-3.4322 7.76818e-05
-3.42174 8.00674e-05
-3.41128 8.25263e-05
-3.40083 8.50607e-05
-3.39037 8.76729e-05
-3.37991 9.03654e-05
-3.36945 9.31405e-05
-3.35899 9.60008e-05
-3.34853 9.8949e-05
-3.33807 0.000101988
-3.32761 0.00010512
-3.31715 0.000108348
-3.3067 0.000111675
-3.29624 0.000115104
-3.28578 0.000118639
-3.27532 0.000122282
-3.26486 0.000126037
-3.2544 0.000129908
-3.24394 0.000133897
-3.23348 0.000138008
-3.22302 0.000142246
-3.21257 0.000146614
-3.20211 0.000151116
-3.19165 0.000155756
-3.18119 0.000160539
-3.17073 0.000165468
-3.16027 0.000170549
-3.14981 0.000175785
-3.13935 0.000181182
-3.1289 0.000186745
-3.11844 0.000192479
-3.10798 0.000198388
-3.09752 0.000204479
-3.08706 0.000210756
-3.0766 0.000217227
-3.06614 0.000223895
-3.05568 0.000230768
-3.04522 0.000237853
-3.03477 0.000245154
-3.02431 0.000252679
-3.01385 0.000260435
-3.00339 0.000268429
-2.99293 0.000276668
-2.98247 0.00028516
-2.97201 0.000293912
-2.96155 0.000302932
-2.9511 0.000312229
-2.94064 0.000321811
-2.93018 0.000331687
-2.91972 0.000341865
-2.90926 0.000352355
-2.8988 0.000363167
-2.88834 0.00037431
-2.87788 0.000385795
-2.86742 0.000397631
-2.85697 0.00040983
-2.84651 0.000422403
-2.83605 0.000435361
-2.82559 0.000448716
-2.81513 0.000462479
-2.80467 0.000476665
-2.79421 0.000491284
-2.78375 0.000506352
-2.77329 0.00052188
-2.76284 0.000537884
-2.75238 0.000554378
-2.74192 0.000571376
-2.73146 0.000588895
-2.721 0.000606949
-2.71054 0.000625556
-2.70008 0.000644733
-2.68962 0.000664496
-2.67917 0.000684863
-2.66871 0.000705853
-2.65825 0.000727485
-2.64779 0.000749778
-2.63733 0.000772753
-2.62687 0.00079643
-2.61641 0.00082083
-2.60595 0.000845976
-2.59549 0.00087189
-2.58504 0.000898596
-2.57458 0.000926118
-2.56412 0.00095448
-2.55366 0.000983708
-2.5432 0.00101383
-2.53274 0.00104487
-2.52228 0.00107685
-2.51182 0.00110982
-2.50136 0.00114379
-2.49091 0.00117879
-2.48045 0.00121486
-2.46999 0.00125203
-2.45953 0.00129034
-2.44907 0.00132981
-2.43861 0.00137049
-2.42815 0.0014124
-2.41769 0.00145559
-2.40724 0.0015001
-2.39678 0.00154596
-2.38632 0.00159322
-2.37586 0.00164191
-2.3654 0.00169209
-2.35494 0.0017438
-2.34448 0.00179707
-2.33402 0.00185197
-2.32356 0.00190853
-2.31311 0.00196682
-2.30265 0.00202687
-2.29219 0.00208875
-2.28173 0.00215251
-2.27127 0.0022182
-2.26081 0.00228589
-2.25035 0.00235563
-2.23989 0.00242749
-2.22943 0.00250152
-2.21898 0.0025778
-2.20852 0.00265639
-2.19806 0.00273736
-2.1876 0.00282079
-2.17714 0.00290673
-2.16668 0.00299528
-2.15622 0.00308651
-2.14576 0.0031805
-2.13531 0.00327733
-2.12485 0.00337708
-2.11439 0.00347985
-2.10393 0.00358572
-2.09347 0.00369478
-2.08301 0.00380714
-2.07255 0.00392288
-2.06209 0.00404212
-2.05163 0.00416494
-2.04118 0.00429147
-2.03072 0.0044218
-2.02026 0.00455606
-2.0098 0.00469436
-1.99934 0.00483681
-1.98888 0.00498354
-1.97842 0.00513468
-1.96796 0.00529036
-1.95751 0.0054507
-1.94705 0.00561586
-1.93659 0.00578596
-1.92613 0.00596116
-1.91567 0.00614161
-1.90521 0.00632745
-1.89475 0.00651885
-1.88429 0.00671596
-1.87383 0.00691897
-1.86338 0.00712803
-1.85292 0.00734332
-1.84246 0.00756504
-1.832 0.00779335
-1.82154 0.00802847
-1.81108 0.00827057
-1.80062 0.00851987
-1.79016 0.00877657
-1.7797 0.00904089
-1.76925 0.00931304
-1.75879 0.00959326
-1.74833 0.00988178
-1.73787 0.0101788
-1.72741 0.0104847
-1.71695 0.0107995
-1.70649 0.0111236
-1.69603 0.0114573
-1.68558 0.0118009
-1.67512 0.0121545
-1.66466 0.0125185
-1.6542 0.0128932
-1.64374 0.0132789
-1.63328 0.0136759
-1.62282 0.0140845
-1.61236 0.0145051
-1.6019 0.0149379
-1.59145 0.0153834
-1.58099 0.0158418
-1.57053 0.0163136
-1.56007 0.0167991
-1.54961 0.0172987
-1.53915 0.0178127
-1.52869 0.0183416
-1.51823 0.0188859
-1.50777 0.0194458
-1.49732 0.0200219
-1.48686 0.0206145
-1.4764 0.0212242
-1.46594 0.0218514
-1.45548 0.0224965
-1.44502 0.0231601
-1.43456 0.0238426
-1.4241 0.0245446
-1.41365 0.0252666
-1.40319 0.026009
-1.39273 0.0267726
-1.38227 0.0275577
-1.37181 0.028365
-1.36135 0.029195
-1.35089 0.0300484
-1.34043 0.0309258
-1.32997 0.0318277
-1.31952 0.0327548
-1.30906 0.0337078
-1.2986 0.0346873
-1.28814 0.0356939
-1.27768 0.0367284
-1.26722 0.0377915
-1.25676 0.0388839
-1.2463 0.0400063
-1.23584 0.0411594
-1.22539 0.042344
-1.21493 0.0435609
-1.20447 0.0448108
-1.19401 0.0460946
-1.18355 0.047413
-1.17309 0.0487668
-1.16263 0.050157
-1.15217 0.0515843
-1.14172 0.0530496
-1.13126 0.0545538
-1.1208 0.0560977
-1.11034 0.0576823
-1.09988 0.0593085
-1.08942 0.0609771
-1.07896 0.0626891
-1.0685 0.0644454
-1.05804 0.0662471
-1.04759 0.0680949
-1.03713 0.06999
-1.02667 0.0719333
-1.01621 0.0739257
-1.00575 0.0759682
-0.995292 0.0780618
-0.984833 0.0802076
-0.974374 0.0824065
-0.963915 0.0846594
-0.953456 0.0869675
-0.942997 0.0893317
-0.932539 0.0917529
-0.92208 0.0942323
-0.911621 0.0967707
-0.901162 0.0993691
-0.890703 0.102029
-0.880244 0.10475
-0.869786 0.107534
-0.859327 0.110383
-0.848868 0.113296
-0.838409 0.116274
-0.82795 0.119319
-0.817491 0.122432
-0.807032 0.125613
-0.796574 0.128862
-0.786115 0.132182
-0.775656 0.135572
-0.765197 0.139033
-0.754738 0.142566
-0.744279 0.146172
-0.733821 0.14985
-0.723362 0.153602
-0.712903 0.157428
-0.702444 0.161328
-0.691985 0.165303
-0.681526 0.169353
-0.671068 0.173478
-0.660609 0.177678
-0.65015 0.181953
-0.639691 0.186304
-0.629232 0.19073
-0.618773 0.19523
-0.608314 0.199805
-0.597856 0.204454
-0.587397 0.209176
-0.576938 0.213972
-0.566479 0.218839
-0.55602 0.223778
-0.545561 0.228787
-0.535103 0.233865
-0.524644 0.23901
-0.514185 0.244223
-0.503726 0.249499
-0.493267 0.254839
-0.482808 0.260241
-0.47235 0.265701
-0.461891 0.271219
-0.451432 0.276791
-0.440973 0.282416
-0.430514 0.288091
-0.420055 0.293812
-0.409597 0.299578
-0.399138 0.305384
-0.388679 0.311228
-0.37822 0.317106
-0.367761 0.323014
-0.357302 0.328949
-0.346843 0.334907
-0.336385 0.340883
-0.325926 0.346874
-0.315467 0.352874
-0.305008 0.358881
-0.294549 0.364887
-0.28409 0.37089
-0.273632 0.376883
-0.263173 0.382863
-0.252714 0.388822
-0.242255 0.394758
-0.231796 0.400663
-0.221337 0.406532
-0.210879 0.412361
-0.20042 0.418143
-0.189961 0.423872
-0.179502 0.429543
-0.169043 0.435151
-0.158584 0.440689
-0.148125 0.446152
-0.137667 0.451534
-0.127208 0.456829
-0.116749 0.462033
-0.10629 0.467138
-0.0958313 0.472141
-0.0853724 0.477035
-0.0749136 0.481815
-0.0644547 0.486476
-0.0539959 0.491014
-0.043537 0.495423
-0.0330782 0.499698
-0.0226194 0.503836
-0.0121605 0.507832
-0.00170168 0.511681
0.00875716 0.515381
0.019216 0.518926
0.0296748 0.522315
0.0401337 0.525543
0.0505925 0.528609
0.0610514 0.531509
0.0715102 0.53424
0.0819691 0.536801
0.0924279 0.539191
0.102887 0.541406
0.113346 0.543447
0.123804 0.545312
0.134263 0.547
0.144722 0.548512
0.155181 0.549846
0.16564 0.551003
0.176099 0.551983
0.186557 0.552787
0.197016 0.553415
0.207475 0.55387
0.217934 0.554151
0.228393 0.554261
0.238852 0.554202
0.249311 0.553975
0.259769 0.553583
0.270228 0.553028
0.280687 0.552313
0.291146 0.55144
0.301605 0.550413
0.312064 0.549233
0.322522 0.547906
0.332981 0.546433
0.34344 0.544819
0.353899 0.543066
0.364358 0.541179
0.374817 0.53916
0.385275 0.537015
0.395734 0.534747
0.406193 0.532359
0.416652 0.529855
0.427111 0.52724
0.43757 0.524517
0.448029 0.521691
0.458487 0.518765
0.468946 0.515743
0.479405 0.51263
0.489864 0.509429
0.500323 0.506144
0.510782 0.50278
0.52124 0.499339
0.531699 0.495826
0.542158 0.492245
0.552617 0.488599
0.563076 0.484892
0.573535 0.481127
0.583993 0.477309
0.594452 0.47344
0.604911 0.469524
0.61537 0.465565
0.625829 0.461565
0.636288 0.457528
0.646747 0.453457
0.657205 0.449355
0.667664 0.445225
0.678123 0.44107
0.688582 0.436892
0.699041 0.432695
0.7095 0.428481
0.719958 0.424252
0.730417 0.420011
0.740876 0.41576
0.751335 0.411502
0.761794 0.40724
0.772253 0.402974
0.782711 0.398707
0.79317 0.394442
0.803629 0.390179
0.814088 0.385922
0.824547 0.381671
0.835006 0.377429
0.845464 0.373197
0.855923 0.368976
0.866382 0.364768
0.876841 0.360575
0.8873 0.356398
0.897759 0.352238
0.908218 0.348097
0.918676 0.343975
0.929135 0.339874
0.939594 0.335794
0.950053 0.331738
0.960512 0.327705
0.970971 0.323697
0.981429 0.319714
0.991888 0.315758
1.00235 0.311829
1.01281 0.307928
1.02326 0.304055
1.03372 0.300211
1.04418 0.296396
1.05464 0.292612
1.0651 0.288859
1.07556 0.285136
1.08602 0.281446
1.09648 0.277787
1.10694 0.27416
1.11739 0.270566
1.12785 0.267005
1.13831 0.263478
1.14877 0.259983
1.15923 0.256522
1.16969 0.253095
1.18015 0.249702
1.19061 0.246343
1.20107 0.243018
1.21152 0.239728
1.22198 0.236471
1.23244 0.233249
1.2429 0.230062
1.25336 0.226909
1.26382 0.22379
1.27428 0.220705
1.28474 0.217655
1.29519 0.214639
1.30565 0.211657
1.31611 0.208709
1.32657 0.205796
1.33703 0.202916
1.34749 0.200069
1.35795 0.197256
1.36841 0.194477
1.37887 0.191731
1.38932 0.189018
1.39978 0.186337
1.41024 0.18369
1.4207 0.181075
1.43116 0.178492
1.44162 0.175941
1.45208 0.173422
1.46254 0.170935
1.47299 0.168479
1.48345 0.166055
1.49391 0.163661
1.50437 0.161298
1.51483 0.158965
1.52529 0.156663
1.53575 0.15439
1.54621 0.152147
1.55667 0.149934
1.56712 0.147749
1.57758 0.145594
1.58804 0.143467
1.5985 0.141368
1.60896 0.139298
1.61942 0.137255
1.62988 0.135239
1.64034 0.133251
1.6508 0.13129
1.66125 0.129355
1.67171 0.127447
1.68217 0.125565
1.69263 0.123709
1.70309 0.121878
1.71355 0.120072
1.72401 0.118292
1.73447 0.116536
1.74492 0.114804
1.75538 0.113097
1.76584 0.111413
1.7763 0.109753
1.78676 0.108116
1.79722 0.106503
1.80768 0.104912
1.81814 0.103343
1.8286 0.101797
1.83905 0.100272
1.84951 0.0987697
1.85997 0.0972884
1.87043 0.0958283
1.88089 0.094389
1.89135 0.0929703
1.90181 0.091572
1.91227 0.0901938
1.92273 0.0888354
1.93318 0.0874967
1.94364 0.0861772
1.9541 0.0848769
1.96456 0.0835954
1.97502 0.0823324
1.98548 0.0810879
1.99594 0.0798614
2.0064 0.0786529
2.01685 0.0774619
2.02731 0.0762884
2.03777 0.075132
2.04823 0.0739926
2.05869 0.07287
2.06915 0.0717638
2.07961 0.0706738
2.09007 0.0695999
2.10053 0.0685419
2.11098 0.0674995
2.12144 0.0664724
2.1319 0.0654606
2.14236 0.0644637
2.15282 0.0634816
2.16328 0.0625141
2.17374 0.061561
2.1842 0.060622
2.19466 0.059697
2.20511 0.0587857
2.21557 0.0578881
2.22603 0.0570038
2.23649 0.0561328
2.24695 0.0552748
2.25741 0.0544296
2.26787 0.053597
2.27833 0.0527769
2.28878 0.0519692
2.29924 0.0511735
2.3097 0.0503898
2.32016 0.0496179
2.33062 0.0488575
2.34108 0.0481086
2.35154 0.047371
2.362 0.0466445
2.37246 0.045929
2.38291 0.0452243
2.39337 0.0445302
2.40383 0.0438465
2.41429 0.0431733
2.42475 0.0425101
2.43521 0.0418571
2.44567 0.0412139
2.45613 0.0405805
2.46658 0.0399566
2.47704 0.0393423
2.4875 0.0387372
2.49796 0.0381414
2.50842 0.0375545
2.51888 0.0369766
2.52934 0.0364075
2.5398 0.0358471
2.55026 0.0352952
2.56071 0.0347516
2.57117 0.0342164
2.58163 0.0336893
2.59209 0.0331703
2.60255 0.0326591
2.61301 0.0321558
2.62347 0.0316601
2.63393 0.031172
2.64439 0.0306914
2.65484 0.0302181
2.6653 0.0297521
2.67576 0.0292931
2.68622 0.0288412
2.69668 0.0283962
2.70714 0.0279581
2.7176 0.0275266
2.72806 0.0271017
2.73851 0.0266834
2.74897 0.0262714
2.75943 0.0258658
2.76989 0.0254664
2.78035 0.0250731
2.79081 0.0246859
2.80127 0.0243046
2.81173 0.0239291
2.82219 0.0235594
2.83264 0.0231954
2.8431 0.022837
2.85356 0.0224841
2.86402 0.0221366
2.87448 0.0217945
2.88494 0.0214576
2.8954 0.0211259
2.90586 0.0207993
2.91632 0.0204777
2.92677 0.0201611
2.93723 0.0198494
2.94769 0.0195424
2.95815 0.0192402
2.96861 0.0189426
2.97907 0.0186496
2.98953 0.0183612
2.99999 0.0180772
3.01044 0.0177975
3.0209 0.0175222
3.03136 0.0172511
3.04182 0.0169842
3.05228 0.0167214
3.06274 0.0164627
3.0732 0.016208
3.08366 0.0159571
3.09412 0.0157102
3.10457 0.0154671
3.11503 0.0152277
3.12549 0.014992
3.13595 0.01476
3.14641 0.0145315
3.15687 0.0143066
3.16733 0.0140852
3.17779 0.0138671
3.18825 0.0136525
3.1987 0.0134411
3.20916 0.0132331
3.21962 0.0130282
3.23008 0.0128265
3.24054 0.0126279
3.251 0.0124324
3.26146 0.0122399
3.27192 0.0120504
3.28237 0.0118639
3.29283 0.0116802
3.30329 0.0114993
3.31375 0.0113213
3.32421 0.011146
3.33467 0.0109734
3.34513 0.0108035
3.35559 0.0106362
3.36605 0.0104715
3.3765 0.0103094
3.38696 0.0101497
3.39742 0.00999259
3.40788 0.00983786
3.41834 0.00968552
3.4288 0.00953555
3.43926 0.00938789
3.44972 0.00924252
3.46017 0.00909941
3.47063 0.00895851
3.48109 0.00881979
3.49155 0.00868322
3.50201 0.00854877
3.51247 0.00841639
3.52293 0.00828607
3.53339 0.00815777
3.54385 0.00803145
3.5543 0.0079071
3.56476 0.00778466
3.57522 0.00766413
3.58568 0.00754546
3.59614 0.00742863
3.6066 0.00731361
3.61706 0.00720038
3.62752 0.0070889
3.63798 0.00697914
3.64843 0.00687109
3.65889 0.00676471
3.66935 0.00665998
3.67981 0.00655687
3.69027 0.00645536
3.70073 0.00635542
3.71119 0.00625704
3.72165 0.00616017
3.7321 0.00606481
3.74256 0.00597093
3.75302 0.0058785
3.76348 0.0057875
3.77394 0.00569792
3.7844 0.00560972
3.79486 0.00552289
3.80532 0.00543741
3.81578 0.00535325
3.82623 0.0052704
3.83669 0.00518883
3.84715 0.00510852
3.85761 0.00502946
3.86807 0.00495162
3.87853 0.00487499
3.88899 0.00479955
3.89945 0.00472528
3.90991 0.00465216
3.92036 0.00458017
3.93082 0.0045093
3.94128 0.00443953
3.95174 0.00437084
3.9622 0.00430321
3.97266 0.00423664
3.98312 0.00417109
3.99358 0.00410656
4.00403 0.00404303
4.01449 0.00398048
4.02495 0.00391891
4.03541 0.00385829
4.04587 0.00379861
4.05633 0.00373985
4.06679 0.003682
4.07725 0.00362505
4.08771 0.00356899
4.09816 0.00351379
4.10862 0.00345945
4.11908 0.00340595
4.12954 0.00335327
4.14 0.00330142
4.15046 0.00325037
4.16092 0.00320011
4.17138 0.00315063
4.18183 0.00310191
4.19229 0.00305395
4.20275 0.00300674
4.21321 0.00296025
4.22367 0.00291449
4.23413 0.00286943
4.24459 0.00282508
4.25505 0.00278141
4.26551 0.00273841
4.27596 0.00269609
4.28642 0.00265441
4.29688 0.00261339
4.30734 0.002573
4.3178 0.00253323
4.32826 0.00249408
4.33872 0.00245554
4.34918 0.0024176
4.35964 0.00238024
4.37009 0.00234346
4.38055 0.00230725
4.39101 0.00227161
4.40147 0.00223651
4.41193 0.00220196
4.42239 0.00216794
4.43285 0.00213445
4.44331 0.00210148
4.45376 0.00206902
4.46422 0.00203706
4.47468 0.0020056
4.48514 0.00197462
4.4956 0.00194412
4.50606 0.0019141
4.51652 0.00188454
4.52698 0.00185544
4.53744 0.00182679
4.54789 0.00179858
4.55835 0.00177081
4.56881 0.00174347
4.57927 0.00171655
4.58973 0.00169005
4.60019 0.00166396
4.61065 0.00163827
4.62111 0.00161298
4.63157 0.00158808
4.64202 0.00156357
4.65248 0.00153944
4.66294 0.00151568
4.6734 0.00149228
4.68386 0.00146925
4.69432 0.00144658
4.70478 0.00142426
4.71524 0.00140228
4.72569 0.00138064
4.73615 0.00135934
4.74661 0.00133837
4.75707 0.00131772
4.76753 0.00129739
4.77799 0.00127737
4.78845 0.00125767
4.79891 0.00123827
4.80937 0.00121917
4.81982 0.00120036
4.83028 0.00118185
4.84074 0.00116362
4.8512 0.00114568
4.86166 0.00112801
4.87212 0.00111061
4.88258 0.00109349
4.89304 0.00107663
4.9035 0.00106003
4.91395 0.00104368
4.92441 0.00102759
4.93487 0.00101175
4.94533 0.00099615
4.95579 0.000980794
4.96625 0.000965675
4.97671 0.00095079
4.98717 0.000936135
4.99762 0.000921706
5.00808 0.000907501
5.01854 0.000893515
5.029 0.000879745
5.03946 0.000866188
5.04992 0.00085284
5.06038 0.000839699
5.07084 0.000826761
5.0813 0.000814022
5.09175 0.000801481
5.10221 0.000789133
5.11267 0.000776976
5.12313 0.000765007
5.13359 0.000753222
5.14405 0.00074162
5.15451 0.000730197
5.16497 0.000718951
5.17542 0.000707878
5.18588 0.000696976
5.19634 0.000686242
5.2068 0.000675675
5.21726 0.00066527
5.22772 0.000655026
5.23818 0.00064494
5.24864 0.00063501
5.2591 0.000625234
5.26955 0.000615608
5.28001 0.000606131
5.29047 0.0005968
5.30093 0.000587613
5.31139 0.000578568
5.32185 0.000569663
5.33231 0.000560895
5.34277 0.000552263
5.35323 0.000543763
5.36368 0.000535395
5.37414 0.000527156
5.3846 0.000519044
5.39506 0.000511058
5.40552 0.000503194
5.41598 0.000495452
5.42644 0.000487829
5.4369 0.000480324
5.44735 0.000472935
5.45781 0.00046566
5.46827 0.000458497
5.47873 0.000451444
5.48919 0.0004445
5.49965 0.000437664
5.51011 0.000430933
5.52057 0.000424305
5.53103 0.00041778
5.54148 0.000411355
5.55194 0.00040503
5.5624 0.000398802
5.57286 0.00039267
5.58332 0.000386633
5.59378 0.000380688
5.60424 0.000374836
5.6147 0.000369073
5.62516 0.0003634
5.63561 0.000357813
5.64607 0.000352313
5.65653 0.000346898
5.66699 0.000341566
5.67745 0.000336317
5.68791 0.000331148
5.69837 0.000326059
5.70883 0.000321048
5.71928 0.000316115
5.72974 0.000311257
5.7402 0.000306475
5.75066 0.000301766
5.76112 0.00029713
5.77158 0.000292565
5.78204 0.00028807
5.7925 0.000283645
5.80296 0.000279288
5.81341 0.000274998
5.82387 0.000270774
5.83433 0.000266615
5.84479 0.00026252
5.85525 0.000258488
5.86571 0.000254518
5.87617 0.00025061
5.88663 0.000246761
5.89709 0.000242972
5.90754 0.000239242
5.918 0.000235568
5.92846 0.000231951
5.93892 0.00022839
5.94938 0.000224884
5.95984 0.000221432
5.9703 0.000218032
5.98076 0.000214686
5.99121 0.00021139
6.00167 0.000208146
6.01213 0.000204951
6.02259 0.000201805
6.03305 0.000198708
6.04351 0.000195659
6.05397 0.000192656
6.06443 0.0001897
6.07489 0.000186789
6.08534 0.000183923
6.0958 0.000181101
6.10626 0.000178323
6.11672 0.000175587
6.12718 0.000172893
6.13764 0.000170241
6.1481 0.000167629
6.15856 0.000165058
6.16901 0.000162526
6.17947 0.000160033
6.18993 0.000157579
6.20039 0.000155162
6.21085 0.000152782
6.22131 0.000150439
6.23177 0.000148132
6.24223 0.000145861
6.25269 0.000143624
6.26314 0.000141422
6.2736 0.000139254
6.28406 0.000137119
6.29452 0.000135016
6.30498 0.000132947
6.31544 0.000130908
6.3259 0.000128902
6.33636 0.000126926
6.34682 0.00012498
6.35727 0.000123065
6.36773 0.000121178
6.37819 0.000119321
6.38865 0.000117492
6.39911 0.000115692
6.40957 0.000113919
6.42003 0.000112173
6.43049 0.000110454
6.44094 0.000108762
6.4514 0.000107096
6.46186 0.000105455
6.47232 0.000103839
6.48278 0.000102248
6.49324 0.000100682
6.5037 9.91395e-05
6.51416 9.76208e-05
6.52462 9.61255e-05
6.53507 9.46531e-05
6.54553 9.32033e-05
6.55599 9.17758e-05
6.56645 9.03702e-05
6.57691 8.89862e-05
6.58737 8.76235e-05
6.59783 8.62817e-05
6.60829 8.49604e-05
6.61875 8.36595e-05
6.6292 8.23785e-05
6.63966 8.11172e-05
6.65012 7.98753e-05
6.66058 7.86524e-05
6.67104 7.74482e-05
6.6815 7.62626e-05
6.69196 7.50952e-05
6.70242 7.39456e-05
6.71287 7.28137e-05
6.72333 7.16992e-05
6.73379 7.06018e-05
6.74425 6.95212e-05
6.75471 6.84572e-05
6.76517 6.74095e-05
6.77563 6.63779e-05
6.78609 6.53622e-05
6.79655 6.4362e-05
6.807 6.33771e-05
6.81746 6.24074e-05
6.82792 6.14525e-05
6.83838 6.05123e-05
6.84884 5.95865e-05
6.8593 5.86749e-05
6.86976 5.77772e-05
