-2.96416 0.000207153
-2.95445 0.000213282
-2.94474 0.000219594
-2.93503 0.000226092
-2.92531 0.000232784
-2.9156 0.000239674
-2.90589 0.000246769
-2.89618 0.000254074
-2.88646 0.000261596
-2.87675 0.000269341
-2.86704 0.000277317
-2.85733 0.000285529
-2.84761 0.000293985
-2.8379 0.000302692
-2.82819 0.000311657
-2.81848 0.000320889
-2.80876 0.000330395
-2.79905 0.000340183
-2.78934 0.000350262
-2.77963 0.00036064
-2.76991 0.000371327
-2.7602 0.000382331
-2.75049 0.000393661
-2.74077 0.000405329
-2.73106 0.000417343
-2.72135 0.000429714
-2.71164 0.000442453
-2.70192 0.00045557
-2.69221 0.000469077
-2.6825 0.000482985
-2.67279 0.000497306
-2.66307 0.000512054
-2.65336 0.000527239
-2.64365 0.000542876
-2.63394 0.000558977
-2.62422 0.000575557
-2.61451 0.00059263
-2.6048 0.000610211
-2.59509 0.000628314
-2.58537 0.000646955
-2.57566 0.00066615
-2.56595 0.000685916
-2.55624 0.00070627
-2.54652 0.000727228
-2.53681 0.00074881
-2.5271 0.000771033
-2.51739 0.000793917
-2.50767 0.000817481
-2.49796 0.000841746
-2.48825 0.000866733
-2.47854 0.000892462
-2.46882 0.000918956
-2.45911 0.000946238
-2.4494 0.000974331
-2.43968 0.00100326
-2.42997 0.00103305
-2.42026 0.00106372
-2.41055 0.00109531
-2.40083 0.00112783
-2.39112 0.00116132
-2.38141 0.00119581
-2.3717 0.00123133
-2.36198 0.00126789
-2.35227 0.00130555
-2.34256 0.00134432
-2.33285 0.00138425
-2.32313 0.00142537
-2.31342 0.0014677
-2.30371 0.0015113
-2.294 0.00155619
-2.28428 0.00160241
-2.27457 0.00165001
-2.26486 0.00169902
-2.25515 0.00174949
-2.24543 0.00180146
-2.23572 0.00185497
-2.22601 0.00191007
-2.2163 0.00196681
-2.20658 0.00202524
-2.19687 0.0020854
-2.18716 0.00214734
-2.17745 0.00221113
-2.16773 0.00227681
-2.15802 0.00234444
-2.14831 0.00241407
-2.13859 0.00248578
-2.12888 0.00255961
-2.11917 0.00263563
-2.10946 0.00271391
-2.09974 0.00279451
-2.09003 0.0028775
-2.08032 0.00296295
-2.07061 0.00305094
-2.06089 0.00314153
-2.05118 0.00323481
-2.04147 0.00333086
-2.03176 0.00342975
-2.02204 0.00353157
-2.01233 0.00363641
-2.00262 0.00374435
-1.99291 0.00385549
-1.98319 0.00396992
-1.97348 0.00408774
-1.96377 0.00420904
-1.95406 0.00433393
-1.94434 0.00446252
-1.93463 0.0045949
-1.92492 0.00473121
-1.91521 0.00487153
-1.90549 0.00501601
-1.89578 0.00516475
-1.88607 0.00531789
-1.87636 0.00547554
-1.86664 0.00563785
-1.85693 0.00580494
-1.84722 0.00597697
-1.8375 0.00615406
-1.82779 0.00633637
-1.81808 0.00652406
-1.80837 0.00671727
-1.79865 0.00691617
-1.78894 0.00712092
-1.77923 0.00733169
-1.76952 0.00754866
-1.7598 0.007772
-1.75009 0.00800191
-1.74038 0.00823856
-1.73067 0.00848216
-1.72095 0.00873291
-1.71124 0.008991
-1.70153 0.00925666
-1.69182 0.00953009
-1.6821 0.00981153
-1.67239 0.0101012
-1.66268 0.0103993
-1.65297 0.0107062
-1.64325 0.011022
-1.63354 0.011347
-1.62383 0.0116815
-1.61412 0.0120258
-1.6044 0.01238
-1.59469 0.0127446
-1.58498 0.0131198
-1.57527 0.0135059
-1.56555 0.0139032
-1.55584 0.014312
-1.54613 0.0147326
-1.53641 0.0151655
-1.5267 0.0156108
-1.51699 0.0160691
-1.50728 0.0165405
-1.49756 0.0170256
-1.48785 0.0175247
-1.47814 0.0180381
-1.46843 0.0185663
-1.45871 0.0191096
-1.449 0.0196686
-1.43929 0.0202436
-1.42958 0.020835
-1.41986 0.0214434
-1.41015 0.0220691
-1.40044 0.0227127
-1.39073 0.0233746
-1.38101 0.0240554
-1.3713 0.0247555
-1.36159 0.0254755
-1.35188 0.0262158
-1.34216 0.0269771
-1.33245 0.0277599
-1.32274 0.0285648
-1.31303 0.0293924
-1.30331 0.0302432
-1.2936 0.0311178
-1.28389 0.032017
-1.27418 0.0329413
-1.26446 0.0338914
-1.25475 0.0348679
-1.24504 0.0358716
-1.23532 0.0369031
-1.22561 0.0379632
-1.2159 0.0390525
-1.20619 0.0401719
-1.19647 0.041322
-1.18676 0.0425037
-1.17705 0.0437177
-1.16734 0.0449648
-1.15762 0.0462458
-1.14791 0.0475616
-1.1382 0.0489131
-1.12849 0.050301
-1.11877 0.0517262
-1.10906 0.0531897
-1.09935 0.0546924
-1.08964 0.0562351
-1.07992 0.0578188
-1.07021 0.0594444
-1.0605 0.0611129
-1.05079 0.0628253
-1.04107 0.0645826
-1.03136 0.0663857
-1.02165 0.0682356
-1.01194 0.0701335
-1.00222 0.0720803
-0.99251 0.074077
-0.982798 0.0761247
-0.973085 0.0782245
-0.963373 0.0803774
-0.95366 0.0825846
-0.943948 0.084847
-0.934235 0.0871658
-0.924522 0.0895421
-0.91481 0.091977
-0.905097 0.0944715
-0.895385 0.0970267
-0.885672 0.0996438
-0.875959 0.102324
-0.866247 0.105068
-0.856534 0.107877
-0.846822 0.110752
-0.837109 0.113695
-0.827397 0.116706
-0.817684 0.119786
-0.807971 0.122936
-0.798259 0.126158
-0.788546 0.129452
-0.778834 0.132819
-0.769121 0.136261
-0.759409 0.139777
-0.749696 0.14337
-0.739983 0.147039
-0.730271 0.150786
-0.720558 0.154611
-0.710846 0.158515
-0.701133 0.162498
-0.69142 0.166562
-0.681708 0.170707
-0.671995 0.174932
-0.662283 0.17924
-0.65257 0.183629
-0.642858 0.1881
-0.633145 0.192654
-0.623432 0.19729
-0.61372 0.202009
-0.604007 0.20681
-0.594295 0.211693
-0.584582 0.216657
-0.574869 0.221704
-0.565157 0.226831
-0.555444 0.232039
-0.545732 0.237326
-0.536019 0.242691
-0.526307 0.248135
-0.516594 0.253654
-0.506881 0.259249
-0.497169 0.264918
-0.487456 0.270658
-0.477744 0.276469
-0.468031 0.282348
-0.458319 0.288294
-0.448606 0.294304
-0.438893 0.300375
-0.429181 0.306505
-0.419468 0.312692
-0.409756 0.318932
-0.400043 0.325222
-0.39033 0.331558
-0.380618 0.337939
-0.370905 0.344359
-0.361193 0.350815
-0.35148 0.357302
-0.341768 0.363818
-0.332055 0.370356
-0.322342 0.376913
-0.31263 0.383485
-0.302917 0.390065
-0.293205 0.396649
-0.283492 0.403232
-0.273779 0.409809
-0.264067 0.416373
-0.254354 0.42292
-0.244642 0.429443
-0.234929 0.435938
-0.225217 0.442397
-0.215504 0.448815
-0.205791 0.455185
-0.196079 0.461502
-0.186366 0.467759
-0.176654 0.47395
-0.166941 0.480069
-0.157229 0.486109
-0.147516 0.492064
-0.137803 0.497928
-0.128091 0.503695
-0.118378 0.509358
-0.108666 0.514911
-0.098953 0.520348
-0.0892404 0.525663
-0.0795279 0.530851
-0.0698153 0.535906
-0.0601027 0.540822
-0.0503901 0.545594
-0.0406775 0.550217
-0.030965 0.554686
-0.0212524 0.558995
-0.0115398 0.563142
-0.00182722 0.56712
0.00788536 0.570927
0.0175979 0.574557
0.0273105 0.578009
0.0370231 0.581278
0.0467357 0.584362
0.0564483 0.587258
0.0661608 0.589964
0.0758734 0.592477
0.085586 0.594795
0.0952986 0.596918
0.105011 0.598844
0.114724 0.600572
0.124436 0.602102
0.134149 0.603434
0.143861 0.604567
0.153574 0.605501
0.163287 0.606239
0.172999 0.60678
0.182712 0.607125
0.192424 0.607277
0.202137 0.607237
0.21185 0.607006
0.221562 0.606588
0.231275 0.605984
0.240987 0.605198
0.2507 0.604231
0.260412 0.603088
0.270125 0.601772
0.279838 0.600286
0.28955 0.598633
0.299263 0.596817
0.308975 0.594843
0.318688 0.592715
0.328401 0.590435
0.338113 0.58801
0.347826 0.585442
0.357538 0.582737
0.367251 0.579898
0.376963 0.576931
0.386676 0.57384
0.396389 0.570629
0.406101 0.567303
0.415814 0.563867
0.425526 0.560325
0.435239 0.556681
0.444951 0.552941
0.454664 0.549109
0.464377 0.54519
0.474089 0.541187
0.483802 0.537106
0.493514 0.53295
0.503227 0.528725
0.51294 0.524434
0.522652 0.520081
0.532365 0.51567
0.542077 0.511207
0.55179 0.506694
0.561502 0.502135
0.571215 0.497535
0.580928 0.492896
0.59064 0.488223
0.600353 0.483519
0.610065 0.478787
0.619778 0.474032
0.629491 0.469255
0.639203 0.46446
0.648916 0.45965
0.658628 0.454829
0.668341 0.449998
0.678053 0.445161
0.687766 0.44032
0.697479 0.435479
0.707191 0.430638
0.716904 0.425801
0.726616 0.42097
0.736329 0.416147
0.746041 0.411334
0.755754 0.406534
0.765467 0.401747
0.775179 0.396977
0.784892 0.392224
0.794604 0.38749
0.804317 0.382777
0.81403 0.378087
0.823742 0.373421
0.833455 0.368779
0.843167 0.364165
0.85288 0.359578
0.862592 0.35502
0.872305 0.350491
0.882018 0.345994
0.89173 0.341529
0.901443 0.337096
0.911155 0.332697
0.920868 0.328332
0.930581 0.324003
0.940293 0.319709
0.950006 0.315452
0.959718 0.311232
0.969431 0.307049
0.979143 0.302905
0.988856 0.298799
0.998569 0.294731
1.00828 0.290703
1.01799 0.286714
1.02771 0.282766
1.03742 0.278857
1.04713 0.274988
1.05684 0.27116
1.06656 0.267372
1.07627 0.263625
1.08598 0.259919
1.09569 0.256254
1.10541 0.252629
1.11512 0.249045
1.12483 0.245503
1.13454 0.242
1.14426 0.238539
1.15397 0.235118
1.16368 0.231738
1.1734 0.228399
1.18311 0.225099
1.19282 0.22184
1.20253 0.218621
1.21225 0.215441
1.22196 0.212301
1.23167 0.209201
1.24138 0.206139
1.2511 0.203117
1.26081 0.200133
1.27052 0.197188
1.28023 0.194281
1.28995 0.191412
1.29966 0.18858
1.30937 0.185786
1.31908 0.183028
1.3288 0.180308
1.33851 0.177624
1.34822 0.174976
1.35793 0.172363
1.36765 0.169787
1.37736 0.167245
1.38707 0.164738
1.39678 0.162266
1.4065 0.159827
1.41621 0.157423
1.42592 0.155052
1.43563 0.152713
1.44535 0.150408
1.45506 0.148135
1.46477 0.145894
1.47449 0.143685
1.4842 0.141507
1.49391 0.139361
1.50362 0.137244
1.51334 0.135158
1.52305 0.133102
1.53276 0.131076
1.54247 0.129079
1.55219 0.127111
1.5619 0.125171
1.57161 0.123259
1.58132 0.121375
1.59104 0.119519
1.60075 0.11769
1.61046 0.115888
1.62017 0.114112
1.62989 0.112362
1.6396 0.110638
1.64931 0.10894
1.65902 0.107267
1.66874 0.105618
1.67845 0.103994
1.68816 0.102394
1.69787 0.100818
1.70759 0.099266
1.7173 0.0977367
1.72701 0.0962303
1.73672 0.0947465
1.74644 0.093285
1.75615 0.0918454
1.76586 0.0904275
1.77558 0.089031
1.78529 0.0876556
1.795 0.0863009
1.80471 0.0849667
1.81443 0.0836527
1.82414 0.0823586
1.83385 0.0810842
1.84356 0.0798291
1.85328 0.0785931
1.86299 0.0773759
1.8727 0.0761773
1.88241 0.074997
1.89213 0.0738346
1.90184 0.07269
1.91155 0.0715629
1.92126 0.0704531
1.93098 0.0693602
1.94069 0.0682842
1.9504 0.0672246
1.96011 0.0661812
1.96983 0.0651539
1.97954 0.0641424
1.98925 0.0631464
1.99896 0.0621658
2.00868 0.0612003
2.01839 0.0602496
2.0281 0.0593136
2.03781 0.058392
2.04753 0.0574847
2.05724 0.0565914
2.06695 0.0557119
2.07667 0.0548459
2.08638 0.0539934
2.09609 0.053154
2.1058 0.0523277
2.11552 0.0515141
2.12523 0.0507132
2.13494 0.0499246
2.14465 0.0491483
2.15437 0.048384
2.16408 0.0476316
2.17379 0.0468909
2.1835 0.0461617
2.19322 0.0454438
2.20293 0.044737
2.21264 0.0440412
2.22235 0.0433563
2.23207 0.042682
2.24178 0.0420182
2.25149 0.0413647
2.2612 0.0407214
2.27092 0.0400881
2.28063 0.0394646
2.29034 0.0388509
2.30005 0.0382467
2.30977 0.037652
2.31948 0.0370665
2.32919 0.0364901
2.3389 0.0359227
2.34862 0.0353642
2.35833 0.0348144
2.36804 0.0342731
2.37776 0.0337403
2.38747 0.0332158
2.39718 0.0326995
2.40689 0.0321913
2.41661 0.0316909
2.42632 0.0311984
2.43603 0.0307136
2.44574 0.0302363
2.45546 0.0297665
2.46517 0.0293041
2.47488 0.0288488
2.48459 0.0284007
2.49431 0.0279595
2.50402 0.0275253
2.51373 0.0270978
2.52344 0.026677
2.53316 0.0262628
2.54287 0.025855
2.55258 0.0254536
2.56229 0.0250585
2.57201 0.0246696
2.58172 0.0242867
2.59143 0.0239098
2.60114 0.0235388
2.61086 0.0231736
2.62057 0.0228141
2.63028 0.0224602
2.63999 0.0221119
2.64971 0.021769
2.65942 0.0214314
2.66913 0.0210991
2.67885 0.020772
2.68856 0.02045
2.69827 0.0201331
2.70798 0.0198211
2.7177 0.019514
2.72741 0.0192116
2.73712 0.018914
2.74683 0.018621
2.75655 0.0183326
2.76626 0.0180487
2.77597 0.0177693
2.78568 0.0174942
2.7954 0.0172234
2.80511 0.0169568
2.81482 0.0166944
2.82453 0.0164361
2.83425 0.0161818
2.84396 0.0159315
2.85367 0.0156851
2.86338 0.0154425
2.8731 0.0152037
2.88281 0.0149686
2.89252 0.0147373
2.90223 0.0145095
2.91195 0.0142852
2.92166 0.0140645
2.93137 0.0138472
2.94108 0.0136333
2.9508 0.0134227
2.96051 0.0132154
2.97022 0.0130114
2.97994 0.0128105
2.98965 0.0126128
2.99936 0.0124181
3.00907 0.0122265
3.01879 0.0120378
3.0285 0.0118521
3.03821 0.0116693
3.04792 0.0114893
3.05764 0.0113121
3.06735 0.0111377
3.07706 0.010966
3.08677 0.010797
3.09649 0.0106306
3.1062 0.0104668
3.11591 0.0103055
3.12562 0.0101468
3.13534 0.00999052
3.14505 0.00983667
3.15476 0.00968521
3.16447 0.00953611
3.17419 0.00938933
3.1839 0.00924483
3.19361 0.00910257
3.20332 0.00896252
3.21304 0.00882465
3.22275 0.00868892
3.23246 0.0085553
3.24217 0.00842376
3.25189 0.00829426
3.2616 0.00816677
3.27131 0.00804125
3.28103 0.00791769
3.29074 0.00779604
3.30045 0.00767628
3.31016 0.00755838
3.31988 0.00744231
3.32959 0.00732804
3.3393 0.00721554
3.34901 0.00710479
3.35873 0.00699575
3.36844 0.0068884
3.37815 0.00678271
3.38786 0.00667867
3.39758 0.00657623
3.40729 0.00647539
3.417 0.0063761
3.42671 0.00627835
3.43643 0.00618212
3.44614 0.00608737
3.45585 0.00599409
3.46556 0.00590226
3.47528 0.00581185
3.48499 0.00572283
3.4947 0.0056352
3.50441 0.00554891
3.51413 0.00546397
3.52384 0.00538033
3.53355 0.00529799
3.54326 0.00521692
3.55298 0.00513711
3.56269 0.00505853
3.5724 0.00498116
3.58212 0.00490498
3.59183 0.00482999
3.60154 0.00475615
3.61125 0.00468345
3.62097 0.00461188
3.63068 0.00454141
3.64039 0.00447202
3.6501 0.00440371
3.65982 0.00433645
3.66953 0.00427023
3.67924 0.00420503
3.68895 0.00414083
3.69867 0.00407763
3.70838 0.0040154
3.71809 0.00395413
3.7278 0.0038938
3.73752 0.0038344
3.74723 0.00377592
3.75694 0.00371834
3.76665 0.00366164
3.77637 0.00360582
3.78608 0.00355086
3.79579 0.00349674
3.8055 0.00344346
3.81522 0.00339099
3.82493 0.00333934
3.83464 0.00328847
3.84435 0.0032384
3.85407 0.00318909
3.86378 0.00314053
3.87349 0.00309273
3.88321 0.00304566
3.89292 0.00299931
3.90263 0.00295368
3.91234 0.00290874
3.92206 0.0028645
3.93177 0.00282094
3.94148 0.00277804
3.95119 0.0027358
3.96091 0.00269422
3.97062 0.00265327
3.98033 0.00261294
3.99004 0.00257324
3.99976 0.00253415
4.00947 0.00249565
4.01918 0.00245775
4.02889 0.00242043
4.03861 0.00238368
4.04832 0.00234749
4.05803 0.00231186
4.06774 0.00227677
4.07746 0.00224222
4.08717 0.0022082
4.09688 0.0021747
4.10659 0.00214172
4.11631 0.00210924
4.12602 0.00207725
4.13573 0.00204576
4.14544 0.00201475
4.15516 0.00198421
4.16487 0.00195414
4.17458 0.00192453
4.1843 0.00189537
4.19401 0.00186666
4.20372 0.00183839
4.21343 0.00181055
4.22315 0.00178313
4.23286 0.00175614
4.24257 0.00172955
4.25228 0.00170338
4.262 0.0016776
4.27171 0.00165221
4.28142 0.00162722
4.29113 0.0016026
4.30085 0.00157837
4.31056 0.0015545
4.32027 0.00153099
4.32998 0.00150785
4.3397 0.00148505
4.34941 0.00146261
4.35912 0.00144051
4.36883 0.00141874
4.37855 0.00139731
4.38826 0.0013762
4.39797 0.00135541
4.40768 0.00133494
4.4174 0.00131479
4.42711 0.00129494
4.43682 0.00127539
4.44653 0.00125614
4.45625 0.00123718
4.46596 0.00121852
4.47567 0.00120013
4.48539 0.00118203
4.4951 0.0011642
4.50481 0.00114664
4.51452 0.00112935
4.52424 0.00111232
4.53395 0.00109556
4.54366 0.00107904
4.55337 0.00106278
4.56309 0.00104677
4.5728 0.00103099
4.58251 0.00101546
4.59222 0.00100017
4.60194 0.000985103
4.61165 0.000970269
4.62136 0.000955659
4.63107 0.000941272
4.64079 0.000927103
4.6505 0.000913149
4.66021 0.000899407
4.66992 0.000885874
4.67964 0.000872546
4.68935 0.00085942
4.69906 0.000846493
4.70877 0.000833763
4.71849 0.000821225
4.7282 0.000808878
4.73791 0.000796717
4.74762 0.000784742
4.75734 0.000772947
4.76705 0.000761332
4.77676 0.000749892
4.78648 0.000738626
4.79619 0.00072753
4.8059 0.000716603
4.81561 0.00070584
4.82533 0.000695241
4.83504 0.000684803
4.84475 0.000674522
4.85446 0.000664397
4.86418 0.000654425
4.87389 0.000644604
4.8836 0.000634932
4.89331 0.000625406
4.90303 0.000616024
4.91274 0.000606784
4.92245 0.000597684
4.93216 0.000588721
4.94188 0.000579894
4.95159 0.0005712
4.9613 0.000562638
4.97101 0.000554205
4.98073 0.000545899
4.99044 0.000537719
5.00015 0.000529662
5.00986 0.000521727
5.01958 0.000513912
5.02929 0.000506215
5.039 0.000498634
5.04871 0.000491168
5.05843 0.000483814
5.06814 0.000476571
5.07785 0.000469437
5.08757 0.000462411
5.09728 0.000455491
5.10699 0.000448676
5.1167 0.000441963
5.12642 0.000435351
5.13613 0.000428839
5.14584 0.000422425
5.15555 0.000416108
5.16527 0.000409886
5.17498 0.000403758
5.18469 0.000397722
5.1944 0.000391777
5.20412 0.000385922
5.21383 0.000380155
5.22354 0.000374474
5.23325 0.000368879
5.24297 0.000363369
5.25268 0.000357941
5.26239 0.000352595
5.2721 0.000347329
5.28182 0.000342143
5.29153 0.000337035
5.30124 0.000332003
5.31095 0.000327048
5.32067 0.000322166
5.33038 0.000317358
5.34009 0.000312623
5.3498 0.000307958
5.35952 0.000303364
5.36923 0.000298839
5.37894 0.000294381
5.38866 0.000289991
5.39837 0.000285667
5.40808 0.000281407
5.41779 0.000277212
5.42751 0.00027308
5.43722 0.000269009
5.44693 0.000265
5.45664 0.000261051
5.46636 0.000257161
5.47607 0.00025333
5.48578 0.000249556
5.49549 0.000245838
5.50521 0.000242177
5.51492 0.00023857
5.52463 0.000235018
5.53434 0.000231518
5.54406 0.000228072
5.55377 0.000224677
5.56348 0.000221332
5.57319 0.000218038
5.58291 0.000214794
5.59262 0.000211598
5.60233 0.000208449
5.61204 0.000205348
5.62176 0.000202294
5.63147 0.000199285
5.64118 0.000196321
5.65089 0.000193402
5.66061 0.000190526
5.67032 0.000187694
5.68003 0.000184903
5.68975 0.000182155
5.69946 0.000179448
5.70917 0.000176781
5.71888 0.000174154
5.7286 0.000171566
5.73831 0.000169017
5.74802 0.000166507
5.75773 0.000164034
5.76745 0.000161597
5.77716 0.000159198
5.78687 0.000156834
5.79658 0.000154505
5.8063 0.000152211
5.81601 0.000149952
5.82572 0.000147726
5.83543 0.000145534
5.84515 0.000143374
5.85486 0.000141246
5.86457 0.000139151
5.87428 0.000137086
5.884 0.000135053
5.89371 0.00013305
5.90342 0.000131076
5.91313 0.000129132
5.92285 0.000127218
5.93256 0.000125331
5.94227 0.000123473
5.95198 0.000121643
5.9617 0.00011984
5.97141 0.000118064
5.98112 0.000116314
5.99084 0.000114591
6.00055 0.000112893
6.01026 0.00011122
6.01997 0.000109573
6.02969 0.00010795
6.0394 0.000106351
6.04911 0.000104776
6.05882 0.000103224
6.06854 0.000101696
6.07825 0.00010019
6.08796 9.87068e-05
6.09767 9.72457e-05
6.10739 9.58064e-05
6.1171 9.43885e-05
6.12681 9.29917e-05
6.13652 9.16157e-05
6.14624 9.02602e-05
6.15595 8.89248e-05
6.16566 8.76094e-05
6.17537 8.63135e-05
6.18509 8.50369e-05
6.1948 8.37793e-05
6.20451 8.25404e-05
6.21422 8.132e-05
6.22394 8.01177e-05
6.23365 7.89333e-05
6.24336 7.77665e-05
6.25307 7.66171e-05
6.26279 7.54847e-05
6.2725 7.43692e-05
6.28221 7.32703e-05
6.29193 7.21877e-05
6.30164 7.11212e-05
6.31135 7.00706e-05
6.32106 6.90355e-05
6.33078 6.80159e-05
6.34049 6.70114e-05
6.3502 6.60218e-05
6.35991 6.50469e-05
6.36963 6.40865e-05
6.37934 6.31404e-05
6.38905 6.22083e-05
6.39876 6.12901e-05
6.40848 6.03855e-05
6.41819 5.94943e-05
6.4279 5.86164e-05
6.43761 5.77514e-05
6.44733 5.68994e-05
6.45704 5.60599e-05
6.46675 5.5233e-05
6.47646 5.44182e-05
6.48618 5.36156e-05
6.49589 5.28249e-05
6.5056 5.20459e-05
6.51531 5.12785e-05
6.52503 5.05224e-05
6.53474 4.97776e-05
6.54445 4.90438e-05
6.55416 4.83209e-05
6.56388 4.76087e-05
6.57359 4.6907e-05
6.5833 4.62158e-05
6.59302 4.55348e-05
6.60273 4.48639e-05
6.61244 4.42029e-05
6.62215 4.35517e-05
6.63187 4.29102e-05
6.64158 4.22782e-05
6.65129 4.16555e-05
6.661 4.10421e-05
6.67072 4.04377e-05
6.68043 3.98423e-05
6.69014 3.92557e-05
6.69985 3.86778e-05
6.70957 3.81084e-05
6.71928 3.75475e-05
6.72899 3.69949e-05
6.7387 3.64504e-05
