-4.09579 8.42612e-05
-4.07844 8.74365e-05
-4.0611 9.07323e-05
-4.04375 9.41532e-05
-4.02641 9.77041e-05
-4.00906 0.00010139
-3.99171 0.000105216
-3.97437 0.000109187
-3.95702 0.000113309
-3.93968 0.000117588
-3.92233 0.00012203
-3.90498 0.000126641
-3.88764 0.000131428
-3.87029 0.000136397
-3.85294 0.000141555
-3.8356 0.000146909
-3.81825 0.000152468
-3.80091 0.000158239
-3.78356 0.00016423
-3.76621 0.000170449
-3.74887 0.000176906
-3.73152 0.00018361
-3.71418 0.00019057
-3.69683 0.000197795
-3.67948 0.000205297
-3.66214 0.000213085
-3.64479 0.000221172
-3.62744 0.000229567
-3.6101 0.000238284
-3.59275 0.000247335
-3.57541 0.000256733
-3.55806 0.00026649
-3.54071 0.000276622
-3.52337 0.000287142
-3.50602 0.000298065
-3.48868 0.000309407
-3.47133 0.000321185
-3.45398 0.000333415
-3.43664 0.000346115
-3.41929 0.000359302
-3.40194 0.000372997
-3.3846 0.000387218
-3.36725 0.000401986
-3.34991 0.000417322
-3.33256 0.000433248
-3.31521 0.000449788
-3.29787 0.000466964
-3.28052 0.000484803
-3.26318 0.000503329
-3.24583 0.000522569
-3.22848 0.000542552
-3.21114 0.000563305
-3.19379 0.00058486
-3.17645 0.000607247
-3.1591 0.000630499
-3.14175 0.00065465
-3.12441 0.000679734
-3.10706 0.000705789
-3.08971 0.000732851
-3.07237 0.000760961
-3.05502 0.00079016
-3.03768 0.000820489
-3.02033 0.000851993
-3.00298 0.000884719
-2.98564 0.000918714
-2.96829 0.000954028
-2.95095 0.000990712
-2.9336 0.00102882
-2.91625 0.00106841
-2.89891 0.00110953
-2.88156 0.00115226
-2.86421 0.00119665
-2.84687 0.00124276
-2.82952 0.00129067
-2.81218 0.00134044
-2.79483 0.00139215
-2.77748 0.00144587
-2.76014 0.00150169
-2.74279 0.00155969
-2.72545 0.00161994
-2.7081 0.00168255
-2.69075 0.0017476
-2.67341 0.0018152
-2.65606 0.00188543
-2.63871 0.00195841
-2.62137 0.00203424
-2.60402 0.00211303
-2.58668 0.00219491
-2.56933 0.00227999
-2.55198 0.0023684
-2.53464 0.00246028
-2.51729 0.00255576
-2.49995 0.00265497
-2.4826 0.00275808
-2.46525 0.00286523
-2.44791 0.00297659
-2.43056 0.00309232
-2.41322 0.00321259
-2.39587 0.00333758
-2.37852 0.00346749
-2.36118 0.0036025
-2.34383 0.00374282
-2.32648 0.00388865
-2.30914 0.00404023
-2.29179 0.00419776
-2.27445 0.0043615
-2.2571 0.00453169
-2.23975 0.00470858
-2.22241 0.00489244
-2.20506 0.00508354
-2.18772 0.00528218
-2.17037 0.00548864
-2.15302 0.00570325
-2.13568 0.00592633
-2.11833 0.00615821
-2.10098 0.00639923
-2.08364 0.00664977
-2.06629 0.0069102
-2.04895 0.00718091
-2.0316 0.00746231
-2.01425 0.00775483
-1.99691 0.0080589
-1.97956 0.00837498
-1.96222 0.00870354
-1.94487 0.00904509
-1.92752 0.00940013
-1.91018 0.00976919
-1.89283 0.0101528
-1.87548 0.0105516
-1.85814 0.0109662
-1.84079 0.0113971
-1.82345 0.0118451
-1.8061 0.0123107
-1.78875 0.0127948
-1.77141 0.0132979
-1.75406 0.0138209
-1.73672 0.0143645
-1.71937 0.0149296
-1.70202 0.0155169
-1.68468 0.0161274
-1.66733 0.0167619
-1.64999 0.0174214
-1.63264 0.0181069
-1.61529 0.0188193
-1.59795 0.0195597
-1.5806 0.0203292
-1.56325 0.0211289
-1.54591 0.02196
-1.52856 0.0228236
-1.51122 0.023721
-1.49387 0.0246534
-1.47652 0.0256223
-1.45918 0.026629
-1.44183 0.0276748
-1.42449 0.0287614
-1.40714 0.0298901
-1.38979 0.0310626
-1.37245 0.0322804
-1.3551 0.0335453
-1.33775 0.0348589
-1.32041 0.0362231
-1.30306 0.0376396
-1.28572 0.0391103
-1.26837 0.0406372
-1.25102 0.0422223
-1.23368 0.0438675
-1.21633 0.045575
-1.19899 0.0473469
-1.18164 0.0491854
-1.16429 0.0510927
-1.14695 0.0530712
-1.1296 0.0551231
-1.11225 0.057251
-1.09491 0.0594571
-1.07756 0.061744
-1.06022 0.0641141
-1.04287 0.06657
-1.02552 0.0691143
-1.00818 0.0717494
-0.990832 0.0744782
-0.973486 0.077303
-0.95614 0.0802266
-0.938794 0.0832514
-0.921447 0.0863802
-0.904101 0.0896154
-0.886755 0.0929596
-0.869409 0.0964152
-0.852063 0.0999845
-0.834717 0.10367
-0.817371 0.107474
-0.800024 0.111398
-0.782678 0.115444
-0.765332 0.119615
-0.747986 0.123911
-0.73064 0.128334
-0.713294 0.132886
-0.695948 0.137567
-0.678601 0.142378
-0.661255 0.147318
-0.643909 0.152389
-0.626563 0.15759
-0.609217 0.16292
-0.591871 0.168377
-0.574525 0.17396
-0.557179 0.179667
-0.539832 0.185495
-0.522486 0.19144
-0.50514 0.197499
-0.487794 0.203667
-0.470448 0.209939
-0.453102 0.216309
-0.435756 0.222769
-0.418409 0.229313
-0.401063 0.235933
-0.383717 0.242619
-0.366371 0.249363
-0.349025 0.256152
-0.331679 0.262978
-0.314333 0.269827
-0.296986 0.276687
-0.27964 0.283544
-0.262294 0.290386
-0.244948 0.297198
-0.227602 0.303965
-0.210256 0.310671
-0.19291 0.317302
-0.175564 0.323841
-0.158217 0.330272
-0.140871 0.33658
-0.123525 0.34275
-0.106179 0.348764
-0.0888328 0.354608
-0.0714867 0.360268
-0.0541406 0.365728
-0.0367944 0.370975
-0.0194483 0.375996
-0.00210216 0.38078
0.015244 0.385314
0.0325901 0.389589
0.0499363 0.393596
0.0672824 0.397328
0.0846285 0.400776
0.101975 0.403937
0.119321 0.406806
0.136667 0.40938
0.154013 0.411657
0.171359 0.413637
0.188705 0.415321
0.206051 0.41671
0.223398 0.417808
0.240744 0.418618
0.25809 0.419146
0.275436 0.419397
0.292782 0.419378
0.310128 0.419096
0.327474 0.41856
0.344821 0.417777
0.362167 0.416757
0.379513 0.415509
0.396859 0.414044
0.414205 0.412369
0.431551 0.410497
0.448897 0.408437
0.466244 0.406199
0.48359 0.403794
0.500936 0.401231
0.518282 0.398521
0.535628 0.395673
0.552974 0.392698
0.57032 0.389604
0.587666 0.386401
0.605013 0.383098
0.622359 0.379703
0.639705 0.376225
0.657051 0.372671
0.674397 0.36905
0.691743 0.365368
0.709089 0.361633
0.726436 0.357851
0.743782 0.354029
0.761128 0.350173
0.778474 0.346288
0.79582 0.34238
0.813166 0.338454
0.830512 0.334514
0.847859 0.330566
0.865205 0.326613
0.882551 0.322659
0.899897 0.318708
0.917243 0.314764
0.934589 0.310829
0.951935 0.306907
0.969281 0.303
0.986628 0.299112
1.00397 0.295243
1.02132 0.291397
1.03867 0.287575
1.05601 0.28378
1.07336 0.280013
1.0907 0.276275
1.10805 0.272567
1.1254 0.268892
1.14274 0.26525
1.16009 0.261643
1.17744 0.25807
1.19478 0.254533
1.21213 0.251033
1.22947 0.247571
1.24682 0.244145
1.26417 0.240758
1.28151 0.23741
1.29886 0.234101
1.3162 0.23083
1.33355 0.227599
1.3509 0.224408
1.36824 0.221256
1.38559 0.218143
1.40293 0.21507
1.42028 0.212036
1.43763 0.209042
1.45497 0.206088
1.47232 0.203172
1.48967 0.200295
1.50701 0.197457
1.52436 0.194658
1.5417 0.191897
1.55905 0.189174
1.5764 0.186488
1.59374 0.18384
1.61109 0.181229
1.62843 0.178655
1.64578 0.176117
1.66313 0.173615
1.68047 0.171149
1.69782 0.168718
1.71517 0.166322
1.73251 0.163961
1.74986 0.161633
1.7672 0.15934
1.78455 0.15708
1.8019 0.154852
1.81924 0.152658
1.83659 0.150495
1.85393 0.148364
1.87128 0.146264
1.88863 0.144195
1.90597 0.142157
1.92332 0.140149
1.94067 0.13817
1.95801 0.13622
1.97536 0.1343
1.9927 0.132408
2.01005 0.130543
2.0274 0.128707
2.04474 0.126898
2.06209 0.125115
2.07943 0.123359
2.09678 0.121629
2.11413 0.119925
2.13147 0.118246
2.14882 0.116592
2.16616 0.114963
2.18351 0.113357
2.20086 0.111776
2.2182 0.110218
2.23555 0.108683
2.2529 0.107171
2.27024 0.105682
2.28759 0.104214
2.30493 0.102768
2.32228 0.101344
2.33963 0.0999408
2.35697 0.0985583
2.37432 0.0971963
2.39166 0.0958544
2.40901 0.0945323
2.42636 0.0932298
2.4437 0.0919465
2.46105 0.090682
2.4784 0.0894362
2.49574 0.0882088
2.51309 0.0869994
2.53043 0.0858078
2.54778 0.0846336
2.56513 0.0834767
2.58247 0.0823368
2.59982 0.0812136
2.61716 0.0801068
2.63451 0.0790161
2.65186 0.0779414
2.6692 0.0768824
2.68655 0.0758389
2.7039 0.0748105
2.72124 0.0737971
2.73859 0.0727984
2.75593 0.0718142
2.77328 0.0708443
2.79063 0.0698885
2.80797 0.0689465
2.82532 0.0680181
2.84266 0.0671031
2.86001 0.0662013
2.87736 0.0653125
2.8947 0.0644366
2.91205 0.0635732
2.92939 0.0627222
2.94674 0.0618835
2.96409 0.0610567
2.98143 0.0602418
2.99878 0.0594386
3.01613 0.0586468
3.03347 0.0578664
3.05082 0.0570971
3.06816 0.0563387
3.08551 0.0555911
3.10286 0.0548542
3.1202 0.0541277
3.13755 0.0534115
3.15489 0.0527055
3.17224 0.0520094
3.18959 0.0513232
3.20693 0.0506467
3.22428 0.0499797
3.24163 0.0493221
3.25897 0.0486737
3.27632 0.0480345
3.29366 0.0474043
3.31101 0.0467829
3.32836 0.0461701
3.3457 0.045566
3.36305 0.0449703
3.38039 0.0443829
3.39774 0.0438038
3.41509 0.0432326
3.43243 0.0426695
3.44978 0.0421141
3.46713 0.0415665
3.48447 0.0410265
3.50182 0.0404939
3.51916 0.0399687
3.53651 0.0394508
3.55386 0.0389401
3.5712 0.0384363
3.58855 0.0379396
3.60589 0.0374496
3.62324 0.0369664
3.64059 0.0364898
3.65793 0.0360198
3.67528 0.0355562
3.69262 0.035099
3.70997 0.034648
3.72732 0.0342032
3.74466 0.0337644
3.76201 0.0333317
3.77936 0.0329048
3.7967 0.0324837
3.81405 0.0320684
3.83139 0.0316587
3.84874 0.0312546
3.86609 0.0308559
3.88343 0.0304626
3.90078 0.0300747
3.91812 0.029692
3.93547 0.0293144
3.95282 0.028942
3.97016 0.0285745
3.98751 0.028212
4.00486 0.0278544
4.0222 0.0275016
4.03955 0.0271535
4.05689 0.0268101
4.07424 0.0264713
4.09159 0.026137
4.10893 0.0258072
4.12628 0.0254818
4.14362 0.0251607
4.16097 0.0248439
4.17832 0.0245313
4.19566 0.0242229
4.21301 0.0239186
4.23036 0.0236183
4.2477 0.023322
4.26505 0.0230296
4.28239 0.0227411
4.29974 0.0224564
4.31709 0.0221755
4.33443 0.0218983
4.35178 0.0216247
4.36912 0.0213547
4.38647 0.0210883
4.40382 0.0208254
4.42116 0.020566
4.43851 0.02031
4.45585 0.0200573
4.4732 0.0198079
4.49055 0.0195618
4.50789 0.0193189
4.52524 0.0190792
4.54259 0.0188427
4.55993 0.0186092
4.57728 0.0183787
4.59462 0.0181513
4.61197 0.0179268
4.62932 0.0177052
4.64666 0.0174866
4.66401 0.0172707
4.68135 0.0170577
4.6987 0.0168474
4.71605 0.0166398
4.73339 0.016435
4.75074 0.0162327
4.76809 0.0160331
4.78543 0.0158361
4.80278 0.0156416
4.82012 0.0154496
4.83747 0.0152601
4.85482 0.015073
4.87216 0.0148884
4.88951 0.0147061
4.90685 0.0145261
4.9242 0.0143485
4.94155 0.0141731
4.95889 0.014
4.97624 0.013829
4.99359 0.0136603
5.01093 0.0134938
5.02828 0.0133293
5.04562 0.013167
5.06297 0.0130067
5.08032 0.0128485
5.09766 0.0126922
5.11501 0.012538
5.13235 0.0123857
5.1497 0.0122354
5.16705 0.012087
5.18439 0.0119404
5.20174 0.0117957
5.21908 0.0116529
5.23643 0.0115118
5.25378 0.0113725
5.27112 0.011235
5.28847 0.0110993
5.30582 0.0109652
5.32316 0.0108328
5.34051 0.0107021
5.35785 0.0105731
5.3752 0.0104456
5.39255 0.0103198
5.40989 0.0101956
5.42724 0.0100729
5.44458 0.00995172
5.46193 0.00983209
5.47928 0.00971396
5.49662 0.00959731
5.51397 0.00948212
5.53132 0.00936837
5.54866 0.00925604
5.56601 0.00914511
5.58335 0.00903557
5.6007 0.00892739
5.61805 0.00882056
5.63539 0.00871507
5.65274 0.00861088
5.67008 0.00850799
5.68743 0.00840639
5.70478 0.00830604
5.72212 0.00820694
5.73947 0.00810907
5.75682 0.00801241
5.77416 0.00791695
5.79151 0.00782267
5.80885 0.00772956
5.8262 0.0076376
5.84355 0.00754678
5.86089 0.00745708
5.87824 0.00736849
5.89558 0.00728099
5.91293 0.00719457
5.93028 0.00710921
5.94762 0.00702491
5.96497 0.00694164
5.98231 0.0068594
5.99966 0.00677817
6.01701 0.00669793
6.03435 0.00661868
6.0517 0.00654041
6.06905 0.00646309
6.08639 0.00638673
6.10374 0.0063113
6.12108 0.00623679
6.13843 0.00616319
6.15578 0.0060905
6.17312 0.00601869
6.19047 0.00594776
6.20781 0.00587769
6.22516 0.00580848
6.24251 0.00574012
6.25985 0.00567259
6.2772 0.00560588
6.29455 0.00553998
6.31189 0.00547489
6.32924 0.00541058
6.34658 0.00534706
6.36393 0.00528431
6.38128 0.00522232
6.39862 0.00516109
6.41597 0.0051006
6.43331 0.00504084
6.45066 0.0049818
6.46801 0.00492348
6.48535 0.00486587
6.5027 0.00480895
6.52005 0.00475272
6.53739 0.00469717
6.55474 0.00464229
6.57208 0.00458808
6.58943 0.00453451
6.60678 0.0044816
6.62412 0.00442932
6.64147 0.00437767
6.65881 0.00432665
6.67616 0.00427623
6.69351 0.00422643
6.71085 0.00417722
6.7282 0.00412861
6.74555 0.00408058
6.76289 0.00403312
6.78024 0.00398624
6.79758 0.00393991
6.81493 0.00389415
6.83228 0.00384893
6.84962 0.00380425
6.86697 0.00376011
6.88431 0.0037165
6.90166 0.0036734
6.91901 0.00363083
6.93635 0.00358876
6.9537 0.00354719
6.97104 0.00350612
6.98839 0.00346554
7.00574 0.00342545
7.02308 0.00338583
7.04043 0.00334668
7.05778 0.003308
7.07512 0.00326978
7.09247 0.00323202
7.10981 0.0031947
7.12716 0.00315783
7.14451 0.0031214
7.16185 0.0030854
7.1792 0.00304983
7.19654 0.00301468
7.21389 0.00297994
7.23124 0.00294562
7.24858 0.0029117
7.26593 0.00287819
7.28328 0.00284507
7.30062 0.00281235
7.31797 0.00278001
7.33531 0.00274806
7.35266 0.00271648
7.37001 0.00268528
7.38735 0.00265444
7.4047 0.00262397
7.42204 0.00259386
7.43939 0.0025641
7.45674 0.0025347
7.47408 0.00250564
7.49143 0.00247692
7.50878 0.00244854
7.52612 0.0024205
7.54347 0.00239278
7.56081 0.00236539
7.57816 0.00233833
7.59551 0.00231158
7.61285 0.00228515
7.6302 0.00225902
7.64754 0.00223321
7.66489 0.00220769
7.68224 0.00218248
7.69958 0.00215756
7.71693 0.00213293
7.73427 0.00210859
7.75162 0.00208454
7.76897 0.00206077
7.78631 0.00203727
7.80366 0.00201405
7.82101 0.00199111
7.83835 0.00196843
7.8557 0.00194601
7.87304 0.00192386
7.89039 0.00190197
7.90774 0.00188033
7.92508 0.00185894
7.94243 0.00183781
7.95977 0.00181692
7.97712 0.00179627
7.99447 0.00177587
8.01181 0.0017557
8.02916 0.00173576
8.04651 0.00171606
8.06385 0.00169659
8.0812 0.00167734
8.09854 0.00165832
8.11589 0.00163952
8.13324 0.00162094
8.15058 0.00160257
8.16793 0.00158442
8.18527 0.00156647
8.20262 0.00154874
8.21997 0.00153121
8.23731 0.00151388
8.25466 0.00149676
8.27201 0.00147983
8.28935 0.0014631
8.3067 0.00144656
8.32404 0.00143021
8.34139 0.00141406
8.35874 0.00139809
8.37608 0.0013823
8.39343 0.0013667
8.41077 0.00135127
8.42812 0.00133603
8.44547 0.00132096
8.46281 0.00130607
8.48016 0.00129134
8.4975 0.00127679
8.51485 0.0012624
8.5322 0.00124818
8.54954 0.00123413
8.56689 0.00122023
8.58424 0.0012065
8.60158 0.00119292
8.61893 0.0011795
8.63627 0.00116624
8.65362 0.00115312
8.67097 0.00114016
8.68831 0.00112735
8.70566 0.00111468
8.723 0.00110216
8.74035 0.00108978
8.7577 0.00107755
8.77504 0.00106545
8.79239 0.0010535
8.80974 0.00104168
8.82708 0.00102999
8.84443 0.00101845
8.86177 0.00100703
8.87912 0.000995741
8.89647 0.000984584
8.91381 0.000973554
8.93116 0.000962651
8.9485 0.000951872
8.96585 0.000941216
8.9832 0.000930683
9.00054 0.000920269
9.01789 0.000909975
9.03524 0.000899798
9.05258 0.000889737
9.06993 0.000879791
9.08727 0.000869959
9.10462 0.000860239
9.12197 0.000850629
9.13931 0.000841129
9.15666 0.000831738
9.174 0.000822453
9.19135 0.000813274
9.2087 0.0008042
9.22604 0.000795229
9.24339 0.00078636
9.26073 0.000777592
9.27808 0.000768924
9.29543 0.000760354
9.31277 0.000751881
9.33012 0.000743505
9.34747 0.000735225
9.36481 0.000727038
9.38216 0.000718944
9.3995 0.000710942
9.41685 0.00070303
9.4342 0.000695209
9.45154 0.000687476
9.46889 0.000679831
9.48623 0.000672273
9.50358 0.0006648
9.52093 0.000657412
9.53827 0.000650107
9.55562 0.000642886
9.57297 0.000635746
9.59031 0.000628687
9.60766 0.000621707
9.625 0.000614807
9.64235 0.000607985
9.6597 0.00060124
9.67704 0.000594571
9.69439 0.000587977
9.71173 0.000581458
9.72908 0.000575012
9.74643 0.00056864
9.76377 0.000562339
9.78112 0.000556109
9.79847 0.00054995
9.81581 0.00054386
9.83316 0.000537839
9.8505 0.000531885
9.86785 0.000525999
9.8852 0.000520179
9.90254 0.000514425
9.91989 0.000508735
9.93723 0.000503109
9.95458 0.000497547
9.97193 0.000492048
9.98927 0.00048661
10.0066 0.000481233
10.024 0.000475917
10.0413 0.000470661
10.0587 0.000465464
10.076 0.000460325
10.0933 0.000455243
10.1107 0.000450219
10.128 0.000445252
10.1454 0.00044034
10.1627 0.000435483
10.1801 0.000430681
10.1974 0.000425932
10.2148 0.000421237
10.2321 0.000416595
10.2495 0.000412004
10.2668 0.000407465
10.2842 0.000402977
10.3015 0.000398539
10.3188 0.000394151
10.3362 0.000389812
10.3535 0.000385521
10.3709 0.000381279
10.3882 0.000377084
10.4056 0.000372936
10.4229 0.000368834
10.4403 0.000364778
10.4576 0.000360768
10.475 0.000356802
10.4923 0.000352881
10.5097 0.000349003
10.527 0.000345169
10.5443 0.000341377
10.5617 0.000337628
10.579 0.000333921
10.5964 0.000330255
10.6137 0.00032663
10.6311 0.000323045
10.6484 0.000319501
10.6658 0.000315996
10.6831 0.00031253
10.7005 0.000309102
10.7178 0.000305713
10.7352 0.000302362
10.7525 0.000299047
10.7698 0.00029577
10.7872 0.000292529
10.8045 0.000289325
10.8219 0.000286156
10.8392 0.000283022
10.8566 0.000279923
10.8739 0.000276859
10.8913 0.000273828
10.9086 0.000270831
10.926 0.000267868
10.9433 0.000264937
10.9607 0.00026204
10.978 0.000259174
10.9953 0.00025634
11.0127 0.000253537
11.03 0.000250766
11.0474 0.000248025
11.0647 0.000245315
11.0821 0.000242635
11.0994 0.000239985
11.1168 0.000237363
11.1341 0.000234772
11.1515 0.000232208
11.1688 0.000229673
11.1862 0.000227167
11.2035 0.000224688
11.2208 0.000222236
11.2382 0.000219812
11.2555 0.000217414
11.2729 0.000215043
11.2902 0.000212698
11.3076 0.000210379
11.3249 0.000208086
11.3423 0.000205818
11.3596 0.000203575
11.377 0.000201357
11.3943 0.000199164
11.4117 0.000196995
11.429 0.000194849
11.4463 0.000192728
11.4637 0.00019063
11.481 0.000188555
11.4984 0.000186503
11.5157 0.000184473
11.5331 0.000182466
11.5504 0.000180481
11.5678 0.000178518
11.5851 0.000176577
11.6025 0.000174657
11.6198 0.000172758
11.6372 0.00017088
11.6545 0.000169023
11.6718 0.000167186
11.6892 0.00016537
11.7065 0.000163573
11.7239 0.000161797
11.7412 0.00016004
11.7586 0.000158302
11.7759 0.000156583
11.7933 0.000154884
11.8106 0.000153203
11.828 0.00015154
11.8453 0.000149896
11.8627 0.00014827
11.88 0.000146661
11.8973 0.000145071
11.9147 0.000143498
11.932 0.000141942
11.9494 0.000140403
11.9667 0.000138881
11.9841 0.000137376
12.0014 0.000135887
12.0188 0.000134415
12.0361 0.000132959
12.0535 0.000131519
12.0708 0.000130095
12.0882 0.000128686
12.1055 0.000127293
12.1228 0.000125915
12.1402 0.000124552
12.1575 0.000123204
12.1749 0.000121871
12.1922 0.000120552
12.2096 0.000119248
12.2269 0.000117959
12.2443 0.000116683
12.2616 0.000115421
12.279 0.000114173
12.2963 0.000112939
12.3137 0.000111718
12.331 0.000110511
12.3483 0.000109317
12.3657 0.000108136
12.383 0.000106968
12.4004 0.000105812
12.4177 0.00010467
12.4351 0.000103539
12.4524 0.000102422
12.4698 0.000101316
12.4871 0.000100222
12.5045 9.91407e-05
12.5218 9.80709e-05
12.5392 9.70128e-05
12.5565 9.59662e-05
12.5738 9.49311e-05
12.5912 9.39072e-05
12.6085 9.28946e-05
12.6259 9.1893e-05
12.6432 9.09023e-05
12.6606 8.99224e-05
12.6779 8.89533e-05
12.6953 8.79947e-05
12.7126 8.70465e-05
12.73 8.61087e-05
12.7473 8.51811e-05
12.7647 8.42636e-05
12.782 8.33561e-05
12.7993 8.24586e-05
12.8167 8.15708e-05
12.834 8.06926e-05
12.8514 7.9824e-05
12.8687 7.89649e-05
12.8861 7.81152e-05
12.9034 7.72747e-05
12.9208 7.64433e-05
12.9381 7.5621e-05
12.9555 7.48076e-05
12.9728 7.40031e-05
12.9902 7.32074e-05
13.0075 7.24203e-05
13.0248 7.16417e-05
13.0422 7.08716e-05
13.0595 7.01099e-05
13.0769 6.93565e-05
13.0942 6.86113e-05
13.1116 6.78741e-05
13.1289 6.7145e-05
13.1463 6.64238e-05
13.1636 6.57104e-05
13.181 6.50048e-05
13.1983 6.43069e-05
13.2157 6.36165e-05
13.233 6.29336e-05
