-2.25986 2.9201e-05
-2.2412 3.16458e-05
-2.22254 3.42917e-05
-2.20389 3.71546e-05
-2.18523 4.02522e-05
-2.16657 4.3603e-05
-2.14791 4.72274e-05
-2.12925 5.11471e-05
-2.1106 5.53856e-05
-2.09194 5.9968e-05
-2.07328 6.49216e-05
-2.05462 7.02756e-05
-2.03597 7.60615e-05
-2.01731 8.2313e-05
-1.99865 8.90667e-05
-1.97999 9.63616e-05
-1.96133 0.00010424
-1.94268 0.000112746
-1.92402 0.00012193
-1.90536 0.000131842
-1.8867 0.00014254
-1.86804 0.000154082
-1.84939 0.000166534
-1.83073 0.000179965
-1.81207 0.000194448
-1.79341 0.000210062
-1.77476 0.000226894
-1.7561 0.000245033
-1.73744 0.000264578
-1.71878 0.000285632
-1.70012 0.000308308
-1.68147 0.000332724
-1.66281 0.000359009
-1.64415 0.000387297
-1.62549 0.000417736
-1.60684 0.00045048
-1.58818 0.000485695
-1.56952 0.000523558
-1.55086 0.000564257
-1.5322 0.000607994
-1.51355 0.000654981
-1.49489 0.000705448
-1.47623 0.000759636
-1.45757 0.000817802
-1.43891 0.000880221
-1.42026 0.000947183
-1.4016 0.001019
-1.38294 0.00109599
-1.36428 0.00117851
-1.34563 0.00126692
-1.32697 0.00136162
-1.30831 0.00146301
-1.28965 0.00157154
-1.27099 0.00168765
-1.25234 0.00181184
-1.23368 0.00194463
-1.21502 0.00208654
-1.19636 0.00223815
-1.1777 0.00240007
-1.15905 0.00257291
-1.14039 0.00275734
-1.12173 0.00295406
-1.10307 0.00316379
-1.08442 0.0033873
-1.06576 0.00362539
-1.0471 0.00387889
-1.02844 0.00414867
-1.00978 0.00443565
-0.991126 0.00474076
-0.972468 0.00506501
-0.95381 0.00540941
-0.935152 0.00577503
-0.916494 0.00616297
-0.897837 0.00657438
-0.879179 0.00701043
-0.860521 0.00747235
-0.841863 0.00796139
-0.823205 0.00847885
-0.804547 0.00902605
-0.785889 0.00960436
-0.767232 0.0102152
-0.748574 0.0108599
-0.729916 0.01154
-0.711258 0.012257
-0.6926 0.0130123
-0.673942 0.0138076
-0.655285 0.0146442
-0.636627 0.0155238
-0.617969 0.0164479
-0.599311 0.0174181
-0.580653 0.0184359
-0.561995 0.0195029
-0.543337 0.0206206
-0.52468 0.0217906
-0.506022 0.0230143
-0.487364 0.0242931
-0.468706 0.0256287
-0.450048 0.0270222
-0.43139 0.028475
-0.412732 0.0299885
-0.394075 0.0315638
-0.375417 0.033202
-0.356759 0.0349042
-0.338101 0.0366714
-0.319443 0.0385044
-0.300785 0.040404
-0.282127 0.0423709
-0.26347 0.0444055
-0.244812 0.0465084
-0.226154 0.0486797
-0.207496 0.0509197
-0.188838 0.0532283
-0.17018 0.0556054
-0.151522 0.0580507
-0.132865 0.0605638
-0.114207 0.0631441
-0.0955489 0.0657907
-0.0768911 0.0685029
-0.0582332 0.0712794
-0.0395754 0.0741191
-0.0209175 0.0770205
-0.00225966 0.079982
0.0163982 0.083002
0.035056 0.0860784
0.0537139 0.0892094
0.0723718 0.0923927
0.0910296 0.0956258
0.109687 0.0989065
0.128345 0.102232
0.147003 0.1056
0.165661 0.109007
0.184319 0.11245
0.202977 0.115926
0.221635 0.119433
0.240292 0.122967
0.25895 0.126524
0.277608 0.130101
0.296266 0.133695
0.314924 0.137303
0.333582 0.14092
0.35224 0.144544
0.370897 0.148171
0.389555 0.151797
0.408213 0.155418
0.426871 0.159033
0.445529 0.162636
0.464187 0.166224
0.482845 0.169794
0.501502 0.173343
0.52016 0.176868
0.538818 0.180365
0.557476 0.183831
0.576134 0.187262
0.594792 0.190658
0.613449 0.194013
0.632107 0.197326
0.650765 0.200593
0.669423 0.203813
0.688081 0.206983
0.706739 0.2101
0.725397 0.213162
0.744054 0.216167
0.762712 0.219114
0.78137 0.221999
0.800028 0.224822
0.818686 0.227581
0.837344 0.230274
0.856002 0.2329
0.874659 0.235458
0.893317 0.237945
0.911975 0.240363
0.930633 0.242708
0.949291 0.244981
0.967949 0.247181
0.986607 0.249307
1.00526 0.251358
1.02392 0.253335
1.04258 0.255236
1.06124 0.257062
1.0799 0.258812
1.09855 0.260486
1.11721 0.262085
1.13587 0.263609
1.15453 0.265057
1.17319 0.266429
1.19184 0.267727
1.2105 0.268951
1.22916 0.2701
1.24782 0.271176
1.26647 0.272179
1.28513 0.27311
1.30379 0.273969
1.32245 0.274757
1.34111 0.275475
1.35976 0.276124
1.37842 0.276705
1.39708 0.277217
1.41574 0.277663
1.4344 0.278044
1.45305 0.27836
1.47171 0.278612
1.49037 0.278801
1.50903 0.278929
1.52768 0.278996
1.54634 0.279004
1.565 0.278953
1.58366 0.278846
1.60232 0.278682
1.62097 0.278463
1.63963 0.27819
1.65829 0.277865
1.67695 0.277489
1.6956 0.277062
1.71426 0.276586
1.73292 0.276062
1.75158 0.275492
1.77024 0.274875
1.78889 0.274214
1.80755 0.27351
1.82621 0.272764
1.84487 0.271977
1.86353 0.27115
1.88218 0.270284
1.90084 0.269381
1.9195 0.268441
1.93816 0.267466
1.95681 0.266457
1.97547 0.265414
1.99413 0.264339
2.01279 0.263233
2.03145 0.262097
2.0501 0.260932
2.06876 0.25974
2.08742 0.25852
2.10608 0.257274
2.12474 0.256003
2.14339 0.254708
2.16205 0.25339
2.18071 0.252049
2.19937 0.250688
2.21802 0.249306
2.23668 0.247904
2.25534 0.246484
2.274 0.245046
2.29266 0.243591
2.31131 0.24212
2.32997 0.240633
2.34863 0.239132
2.36729 0.237618
2.38595 0.23609
2.4046 0.23455
2.42326 0.232998
2.44192 0.231436
2.46058 0.229863
2.47923 0.228281
2.49789 0.22669
2.51655 0.225091
2.53521 0.223484
2.55387 0.22187
2.57252 0.22025
2.59118 0.218624
2.60984 0.216993
2.6285 0.215358
2.64716 0.213718
2.66581 0.212075
2.68447 0.210429
2.70313 0.20878
2.72179 0.207129
2.74044 0.205477
2.7591 0.203823
2.77776 0.202169
2.79642 0.200515
2.81508 0.19886
2.83373 0.197207
2.85239 0.195554
2.87105 0.193903
2.88971 0.192254
2.90837 0.190607
2.92702 0.188962
2.94568 0.18732
2.96434 0.185681
2.983 0.184046
3.00165 0.182415
3.02031 0.180788
3.03897 0.179165
3.05763 0.177547
3.07629 0.175934
3.09494 0.174326
3.1136 0.172723
3.13226 0.171126
3.15092 0.169536
3.16958 0.167951
3.18823 0.166373
3.20689 0.164801
3.22555 0.163237
3.24421 0.161679
3.26286 0.160128
3.28152 0.158585
3.30018 0.157049
3.31884 0.155522
3.3375 0.154002
3.35615 0.15249
3.37481 0.150986
3.39347 0.14949
3.41213 0.148003
3.43079 0.146524
3.44944 0.145055
3.4681 0.143593
3.48676 0.142141
3.50542 0.140698
3.52407 0.139264
3.54273 0.137839
3.56139 0.136423
3.58005 0.135017
3.59871 0.13362
3.61736 0.132233
3.63602 0.130855
3.65468 0.129486
3.67334 0.128128
3.692 0.126779
3.71065 0.12544
3.72931 0.124111
3.74797 0.122791
3.76663 0.121482
3.78528 0.120182
3.80394 0.118892
3.8226 0.117612
3.84126 0.116343
3.85992 0.115083
3.87857 0.113833
3.89723 0.112594
3.91589 0.111364
3.93455 0.110144
3.95321 0.108935
3.97186 0.107735
3.99052 0.106546
4.00918 0.105367
4.02784 0.104197
4.04649 0.103038
4.06515 0.101889
4.08381 0.100749
4.10247 0.0996201
4.12113 0.0985007
4.13978 0.0973912
4.15844 0.0962917
4.1771 0.0952021
4.19576 0.0941223
4.21442 0.0930523
4.23307 0.0919922
4.25173 0.0909418
4.27039 0.0899012
4.28905 0.0888702
4.3077 0.0878489
4.32636 0.0868373
4.34502 0.0858352
4.36368 0.0848426
4.38234 0.0838596
4.40099 0.082886
4.41965 0.0819218
4.43831 0.080967
4.45697 0.0800215
4.47563 0.0790853
4.49428 0.0781583
4.51294 0.0772405
4.5316 0.0763318
4.55026 0.0754321
4.56891 0.0745415
4.58757 0.0736598
4.60623 0.0727871
4.62489 0.0719232
4.64355 0.0710681
4.6622 0.0702217
4.68086 0.069384
4.69952 0.068555
4.71818 0.0677345
4.73684 0.0669226
4.75549 0.0661191
4.77415 0.065324
4.79281 0.0645373
4.81147 0.0637588
4.83012 0.0629886
4.84878 0.0622265
4.86744 0.0614725
4.8861 0.0607266
4.90476 0.0599886
4.92341 0.0592586
4.94207 0.0585364
4.96073 0.057822
4.97939 0.0571153
4.99805 0.0564164
5.0167 0.055725
5.03536 0.0550412
5.05402 0.0543649
5.07268 0.053696
5.09133 0.0530345
5.10999 0.0523802
5.12865 0.0517333
5.14731 0.0510935
5.16597 0.0504608
5.18462 0.0498352
5.20328 0.0492166
5.22194 0.0486049
5.2406 0.0480001
5.25925 0.0474021
5.27791 0.0468109
5.29657 0.0462263
5.31523 0.0456484
5.33389 0.0450771
5.35254 0.0445122
5.3712 0.0439539
5.38986 0.0434019
5.40852 0.0428562
5.42718 0.0423168
5.44583 0.0417837
5.46449 0.0412567
5.48315 0.0407357
5.50181 0.0402209
5.52046 0.039712
5.53912 0.039209
5.55778 0.0387119
5.57644 0.0382206
5.5951 0.037735
5.61375 0.0372552
5.63241 0.0367809
5.65107 0.0363123
5.66973 0.0358492
5.68839 0.0353915
5.70704 0.0349393
5.7257 0.0344924
5.74436 0.0340509
5.76302 0.0336145
5.78167 0.0331834
5.80033 0.0327575
5.81899 0.0323366
5.83765 0.0319207
5.85631 0.0315099
5.87496 0.031104
5.89362 0.0307029
5.91228 0.0303067
5.93094 0.0299153
5.9496 0.0295286
5.96825 0.0291466
5.98691 0.0287692
6.00557 0.0283964
6.02423 0.0280281
6.04288 0.0276643
6.06154 0.027305
6.0802 0.02695
6.09886 0.0265994
6.11752 0.026253
6.13617 0.0259109
6.15483 0.025573
6.17349 0.0252393
6.19215 0.0249097
6.21081 0.0245841
6.22946 0.0242625
6.24812 0.0239449
6.26678 0.0236313
6.28544 0.0233215
6.30409 0.0230156
6.32275 0.0227135
6.34141 0.0224151
6.36007 0.0221204
6.37873 0.0218294
6.39738 0.0215421
6.41604 0.0212583
6.4347 0.0209781
6.45336 0.0207014
6.47202 0.0204281
6.49067 0.0201583
6.50933 0.0198919
6.52799 0.0196288
6.54665 0.019369
6.5653 0.0191125
6.58396 0.0188593
6.60262 0.0186092
6.62128 0.0183623
6.63994 0.0181185
6.65859 0.0178778
6.67725 0.0176402
6.69591 0.0174056
6.71457 0.017174
6.73323 0.0169453
6.75188 0.0167195
6.77054 0.0164966
6.7892 0.0162765
6.80786 0.0160593
6.82651 0.0158448
6.84517 0.0156331
6.86383 0.015424
6.88249 0.0152177
6.90115 0.015014
6.9198 0.0148129
6.93846 0.0146144
6.95712 0.0144185
6.97578 0.014225
6.99444 0.0140341
7.01309 0.0138456
7.03175 0.0136596
7.05041 0.013476
7.06907 0.0132947
7.08772 0.0131158
7.10638 0.0129392
7.12504 0.0127649
7.1437 0.0125928
7.16236 0.012423
7.18101 0.0122554
7.19967 0.01209
7.21833 0.0119267
7.23699 0.0117655
7.25565 0.0116065
7.2743 0.0114495
7.29296 0.0112946
7.31162 0.0111416
7.33028 0.0109907
7.34893 0.0108418
7.36759 0.0106948
7.38625 0.0105498
7.40491 0.0104066
7.42357 0.0102653
7.44222 0.0101259
7.46088 0.00998829
7.47954 0.0098525
7.4982 0.0097185
7.51686 0.00958626
7.53551 0.00945576
7.55417 0.00932699
7.57283 0.00919991
7.59149 0.00907451
7.61014 0.00895077
7.6288 0.00882866
7.64746 0.00870816
7.66612 0.00858926
7.68478 0.00847194
7.70343 0.00835617
7.72209 0.00824193
7.74075 0.00812921
7.75941 0.00801799
7.77807 0.00790824
7.79672 0.00779995
7.81538 0.00769311
7.83404 0.00758768
7.8527 0.00748366
7.87135 0.00738102
7.89001 0.00727975
7.90867 0.00717983
7.92733 0.00708125
7.94599 0.00698398
7.96464 0.00688801
7.9833 0.00679333
8.00196 0.00669991
8.02062 0.00660774
8.03928 0.00651681
8.05793 0.00642709
8.07659 0.00633858
8.09525 0.00625125
8.11391 0.0061651
8.13256 0.0060801
8.15122 0.00599625
8.16988 0.00591352
8.18854 0.0058319
8.2072 0.00575138
8.22585 0.00567195
8.24451 0.00559359
8.26317 0.00551628
8.28183 0.00544002
8.30049 0.00536478
8.31914 0.00529056
8.3378 0.00521734
8.35646 0.00514511
8.37512 0.00507386
8.39377 0.00500357
8.41243 0.00493423
8.43109 0.00486583
8.44975 0.00479835
8.46841 0.00473179
8.48706 0.00466614
8.50572 0.00460137
8.52438 0.00453748
8.54304 0.00447446
8.56169 0.00441229
8.58035 0.00435097
8.59901 0.00429049
8.61767 0.00423082
8.63633 0.00417197
8.65498 0.00411392
8.67364 0.00405665
8.6923 0.00400017
8.71096 0.00394446
8.72962 0.00388951
8.74827 0.00383531
8.76693 0.00378184
8.78559 0.00372911
8.80425 0.0036771
8.8229 0.00362579
8.84156 0.00357519
8.86022 0.00352528
8.87888 0.00347606
8.89754 0.0034275
8.91619 0.00337961
8.93485 0.00333238
8.95351 0.0032858
8.97217 0.00323985
8.99083 0.00319453
9.00948 0.00314984
9.02814 0.00310576
9.0468 0.00306228
9.06546 0.0030194
9.08411 0.00297711
9.10277 0.0029354
9.12143 0.00289426
9.14009 0.00285369
9.15875 0.00281368
9.1774 0.00277422
9.19606 0.0027353
9.21472 0.00269692
9.23338 0.00265907
9.25204 0.00262174
9.27069 0.00258492
9.28935 0.00254861
9.30801 0.0025128
9.32667 0.00247749
9.34532 0.00244266
9.36398 0.00240832
9.38264 0.00237445
9.4013 0.00234105
9.41996 0.00230811
9.43861 0.00227562
9.45727 0.00224359
9.47593 0.00221199
9.49459 0.00218084
9.51325 0.00215012
9.5319 0.00211982
9.55056 0.00208994
9.56922 0.00206048
9.58788 0.00203142
9.60653 0.00200277
9.62519 0.00197452
9.64385 0.00194666
9.66251 0.00191918
9.68117 0.00189209
9.69982 0.00186537
9.71848 0.00183903
9.73714 0.00181305
9.7558 0.00178743
9.77446 0.00176217
9.79311 0.00173726
9.81177 0.0017127
9.83043 0.00168848
9.84909 0.00166459
9.86774 0.00164104
9.8864 0.00161782
9.90506 0.00159492
9.92372 0.00157234
9.94238 0.00155007
9.96103 0.00152812
9.97969 0.00150647
9.99835 0.00148513
10.017 0.00146408
10.0357 0.00144333
10.0543 0.00142286
10.073 0.00140268
10.0916 0.00138279
10.1103 0.00136317
10.129 0.00134383
10.1476 0.00132476
10.1663 0.00130595
10.1849 0.00128741
10.2036 0.00126913
10.2222 0.0012511
10.2409 0.00123333
10.2596 0.0012158
10.2782 0.00119852
10.2969 0.00118149
10.3155 0.00116469
10.3342 0.00114813
10.3528 0.0011318
10.3715 0.0011157
10.3902 0.00109982
10.4088 0.00108417
10.4275 0.00106874
10.4461 0.00105353
10.4648 0.00103852
10.4835 0.00102373
10.5021 0.00100915
10.5208 0.000994775
10.5394 0.000980601
10.5581 0.000966625
10.5767 0.000952846
10.5954 0.000939262
10.6141 0.000925868
10.6327 0.000912663
10.6514 0.000899645
10.67 0.000886809
10.6887 0.000874155
10.7073 0.000861679
10.726 0.000849379
10.7447 0.000837252
10.7633 0.000825296
10.782 0.000813509
10.8006 0.000801889
10.8193 0.000790432
10.838 0.000779138
10.8566 0.000768003
10.8753 0.000757025
10.8939 0.000746202
10.9126 0.000735532
10.9312 0.000725013
10.9499 0.000714643
10.9686 0.000704419
10.9872 0.00069434
11.0059 0.000684404
11.0245 0.000674608
11.0432 0.000664951
11.0618 0.00065543
11.0805 0.000646045
11.0992 0.000636792
11.1178 0.00062767
11.1365 0.000618678
11.1551 0.000609813
11.1738 0.000601073
11.1925 0.000592458
11.2111 0.000583965
11.2298 0.000575592
11.2484 0.000567338
11.2671 0.000559201
11.2857 0.00055118
11.3044 0.000543272
11.3231 0.000535477
11.3417 0.000527792
11.3604 0.000520217
11.379 0.000512749
11.3977 0.000505387
11.4163 0.00049813
11.435 0.000490976
11.4537 0.000483924
11.4723 0.000476972
11.491 0.000470119
11.5096 0.000463363
11.5283 0.000456704
11.547 0.000450139
11.5656 0.000443668
11.5843 0.000437289
11.6029 0.000431
11.6216 0.000424802
11.6402 0.000418691
11.6589 0.000412668
11.6776 0.00040673
11.6962 0.000400877
11.7149 0.000395108
11.7335 0.00038942
11.7522 0.000383814
11.7708 0.000378288
11.7895 0.00037284
11.8082 0.000367471
11.8268 0.000362177
11.8455 0.00035696
11.8641 0.000351817
11.8828 0.000346747
11.9015 0.00034175
11.9201 0.000336824
11.9388 0.000331968
11.9574 0.000327182
11.9761 0.000322464
11.9947 0.000317814
12.0134 0.00031323
12.0321 0.000308712
12.0507 0.000304258
12.0694 0.000299868
12.088 0.00029554
12.1067 0.000291275
12.1253 0.000287071
12.144 0.000282926
12.1627 0.000278842
12.1813 0.000274815
12.2 0.000270846
12.2186 0.000266934
12.2373 0.000263078
12.2559 0.000259278
12.2746 0.000255531
12.2933 0.000251839
12.3119 0.000248199
12.3306 0.000244612
12.3492 0.000241076
12.3679 0.00023759
12.3866 0.000234155
12.4052 0.000230769
12.4239 0.000227431
12.4425 0.000224142
12.4612 0.000220899
12.4798 0.000217703
12.4985 0.000214553
12.5172 0.000211448
12.5358 0.000208388
12.5545 0.000205371
12.5731 0.000202398
12.5918 0.000199468
12.6104 0.00019658
12.6291 0.000193733
12.6478 0.000190927
12.6664 0.000188162
12.6851 0.000185436
12.7037 0.000182749
12.7224 0.000180101
12.7411 0.000177492
12.7597 0.000174919
12.7784 0.000172384
12.797 0.000169885
12.8157 0.000167422
12.8343 0.000164994
12.853 0.000162602
12.8717 0.000160244
12.8903 0.00015792
12.909 0.000155629
12.9276 0.000153371
12.9463 0.000151146
12.9649 0.000148953
12.9836 0.000146791
13.0023 0.000144661
13.0209 0.000142561
13.0396 0.000140492
13.0582 0.000138452
13.0769 0.000136442
13.0956 0.00013446
13.1142 0.000132508
13.1329 0.000130583
13.1515 0.000128686
13.1702 0.000126817
13.1888 0.000124974
13.2075 0.000123159
13.2262 0.000121369
13.2448 0.000119605
13.2635 0.000117867
13.2821 0.000116153
13.3008 0.000114465
13.3194 0.000112801
13.3381 0.00011116
13.3568 0.000109544
13.3754 0.000107951
13.3941 0.000106381
13.4127 0.000104833
13.4314 0.000103308
13.4501 0.000101805
13.4687 0.000100324
13.4874 9.88641e-05
13.506 9.74253e-05
13.5247 9.60074e-05
13.5433 9.46099e-05
13.562 9.32326e-05
13.5807 9.18753e-05
13.5993 9.05376e-05
13.618 8.92192e-05
13.6366 8.79199e-05
13.6553 8.66394e-05
13.6739 8.53775e-05
13.6926 8.41338e-05
13.7113 8.29081e-05
13.7299 8.17002e-05
13.7486 8.05097e-05
13.7672 7.93365e-05
13.7859 7.81803e-05
13.8046 7.70408e-05
13.8232 7.59178e-05
13.8419 7.48111e-05
13.8605 7.37205e-05
13.8792 7.26456e-05
13.8978 7.15863e-05
13.9165 7.05424e-05
13.9352 6.95136e-05
13.9538 6.84997e-05
13.9725 6.75005e-05
13.9911 6.65158e-05
14.0098 6.55453e-05
14.0284 6.4589e-05
14.0471 6.36465e-05
14.0658 6.27177e-05
14.0844 6.18024e-05
14.1031 6.09003e-05
14.1217 6.00113e-05
14.1404 5.91353e-05
14.1591 5.82719e-05
14.1777 5.74211e-05
14.1964 5.65826e-05
14.215 5.57564e-05
14.2337 5.49421e-05
14.2523 5.41396e-05
14.271 5.33488e-05
14.2897 5.25694e-05
14.3083 5.18014e-05
14.327 5.10446e-05
14.3456 5.02987e-05
14.3643 4.95637e-05
14.3829 4.88394e-05
14.4016 4.81255e-05
14.4203 4.74221e-05
14.4389 4.67289e-05
14.4576 4.60458e-05
14.4762 4.53726e-05
14.4949 4.47091e-05
14.5136 4.40554e-05
14.5322 4.34111e-05
14.5509 4.27762e-05
14.5695 4.21506e-05
14.5882 4.1534e-05
14.6068 4.09264e-05
14.6255 4.03277e-05
14.6442 3.97377e-05
14.6628 3.91562e-05
14.6815 3.85833e-05
14.7001 3.80186e-05
14.7188 3.74622e-05
14.7374 3.69139e-05
14.7561 3.63736e-05
14.7748 3.58411e-05
14.7934 3.53164e-05
14.8121 3.47993e-05
14.8307 3.42898e-05
14.8494 3.37876e-05
14.868 3.32928e-05
14.8867 3.28053e-05
14.9054 3.23248e-05
14.924 3.18513e-05
14.9427 3.13847e-05
14.9613 3.09249e-05
14.98 3.04718e-05
14.9987 3.00254e-05
15.0173 2.95854e-05
15.036 2.91518e-05
15.0546 2.87246e-05
15.0733 2.83036e-05
15.0919 2.78887e-05
15.1106 2.74799e-05
15.1293 2.70771e-05
15.1479 2.66801e-05
15.1666 2.62889e-05
15.1852 2.59035e-05
15.2039 2.55236e-05
15.2225 2.51493e-05
15.2412 2.47805e-05
15.2599 2.4417e-05
15.2785 2.40589e-05
15.2972 2.37059e-05
15.3158 2.33582e-05
15.3345 2.30155e-05
15.3532 2.26778e-05
15.3718 2.2345e-05
15.3905 2.20171e-05
15.4091 2.1694e-05
15.4278 2.13756e-05
15.4464 2.10619e-05
15.4651 2.07527e-05
15.4838 2.04481e-05
15.5024 2.01479e-05
15.5211 1.98521e-05
15.5397 1.95606e-05
15.5584 1.92734e-05
15.577 1.89904e-05
15.5957 1.87115e-05
15.6144 1.84367e-05
15.633 1.81659e-05
15.6517 1.78991e-05
15.6703 1.76362e-05
15.689 1.73771e-05
15.7077 1.71218e-05
15.7263 1.68702e-05
15.745 1.66224e-05
15.7636 1.63781e-05
15.7823 1.61374e-05
15.8009 1.59003e-05
15.8196 1.56666e-05
15.8383 1.54363e-05
15.8569 1.52094e-05
15.8756 1.49858e-05
15.8942 1.47655e-05
15.9129 1.45485e-05
15.9315 1.43346e-05
15.9502 1.41238e-05
15.9689 1.39161e-05
15.9875 1.37115e-05
16.0062 1.35098e-05
16.0248 1.33111e-05
16.0435 1.31153e-05
16.0622 1.29224e-05
16.0808 1.27323e-05
16.0995 1.2545e-05
16.1181 1.23604e-05
16.1368 1.21786e-05
16.1554 1.19994e-05
16.1741 1.18228e-05
16.1928 1.16488e-05
16.2114 1.14774e-05
16.2301 1.13085e-05
16.2487 1.1142e-05
16.2674 1.0978e-05
16.286 1.08164e-05
16.3047 1.06572e-05
16.3234 1.05003e-05
16.342 1.03457e-05
16.3607 1.01934e-05
16.3793 1.00433e-05
