-4.24616 0.00019053
-4.21373 0.00020235
-4.1813 0.000214897
-4.14887 0.000228216
-4.11644 0.000242353
-4.084 0.000257358
-4.05157 0.000273284
-4.01914 0.000290186
-3.98671 0.000308124
-3.95428 0.000327161
-3.92185 0.000347362
-3.88942 0.000368799
-3.85699 0.000391545
-3.82456 0.000415681
-3.79213 0.000441288
-3.7597 0.000468456
-3.72727 0.00049728
-3.69484 0.000527857
-3.66241 0.000560293
-3.62998 0.0005947
-3.59755 0.000631195
-3.56512 0.000669903
-3.53269 0.000710957
-3.50025 0.000754495
-3.46782 0.000800666
-3.43539 0.000849626
-3.40296 0.00090154
-3.37053 0.000956585
-3.3381 0.00101494
-3.30567 0.00107681
-3.27324 0.0011424
-3.24081 0.00121192
-3.20838 0.00128561
-3.17595 0.00136372
-3.14352 0.00144649
-3.11109 0.00153421
-3.07866 0.00162716
-3.04623 0.00172565
-3.0138 0.00182999
-2.98137 0.00194053
-2.94894 0.00205764
-2.91651 0.00218167
-2.88407 0.00231304
-2.85164 0.00245217
-2.81921 0.0025995
-2.78678 0.00275551
-2.75435 0.00292067
-2.72192 0.00309553
-2.68949 0.00328062
-2.65706 0.00347653
-2.62463 0.00368386
-2.5922 0.00390326
-2.55977 0.0041354
-2.52734 0.004381
-2.49491 0.00464081
-2.46248 0.00491561
-2.43005 0.00520623
-2.39762 0.00551354
-2.36519 0.00583846
-2.33276 0.00618194
-2.30033 0.006545
-2.26789 0.0069287
-2.23546 0.00733414
-2.20303 0.00776249
-2.1706 0.00821496
-2.13817 0.00869285
-2.10574 0.00919748
-2.07331 0.00973025
-2.04088 0.0102926
-2.00845 0.0108861
-1.97602 0.0115124
-1.94359 0.012173
-1.91116 0.0128698
-1.87873 0.0136045
-1.8463 0.014379
-1.81387 0.0151953
-1.78144 0.0160555
-1.74901 0.0169615
-1.71658 0.0179156
-1.68414 0.0189201
-1.65171 0.0199773
-1.61928 0.0210897
-1.58685 0.0222596
-1.55442 0.0234897
-1.52199 0.0247825
-1.48956 0.0261409
-1.45713 0.0275674
-1.4247 0.029065
-1.39227 0.0306365
-1.35984 0.0322847
-1.32741 0.0340126
-1.29498 0.0358231
-1.26255 0.0377192
-1.23012 0.0397037
-1.19769 0.0417797
-1.16526 0.04395
-1.13283 0.0462173
-1.1004 0.0485844
-1.06796 0.0510539
-1.03553 0.0536282
-1.0031 0.0563095
-0.970673 0.0591001
-0.938243 0.0620015
-0.905812 0.0650154
-0.873382 0.0681429
-0.840951 0.0713848
-0.80852 0.0747414
-0.77609 0.0782126
-0.743659 0.0817977
-0.711229 0.0854953
-0.678798 0.0893034
-0.646368 0.0932194
-0.613937 0.0972397
-0.581507 0.10136
-0.549076 0.105575
-0.516646 0.109879
-0.484215 0.114264
-0.451785 0.118723
-0.419354 0.123246
-0.386924 0.127823
-0.354493 0.132444
-0.322062 0.137096
-0.289632 0.141766
-0.257201 0.146441
-0.224771 0.151107
-0.19234 0.155749
-0.15991 0.160352
-0.127479 0.1649
-0.0950487 0.169379
-0.0626182 0.173774
-0.0301876 0.17807
0.00224289 0.182253
0.0346734 0.186311
0.067104 0.190229
0.0995345 0.193999
0.131965 0.197609
0.164396 0.201052
0.196826 0.204319
0.229257 0.207405
0.261687 0.210306
0.294118 0.213017
0.326548 0.215537
0.358979 0.217865
0.391409 0.220002
0.42384 0.221948
0.45627 0.223705
0.488701 0.225277
0.521131 0.226668
0.553562 0.22788
0.585993 0.22892
0.618423 0.229792
0.650854 0.230501
0.683284 0.231053
0.715715 0.231454
0.748145 0.23171
0.780576 0.231827
0.813006 0.23181
0.845437 0.231666
0.877867 0.231401
0.910298 0.23102
0.942728 0.230529
0.975159 0.229933
1.00759 0.229239
1.04002 0.228451
1.07245 0.227574
1.10488 0.226614
1.13731 0.225575
1.16974 0.224462
1.20217 0.223279
1.2346 0.222031
1.26703 0.220721
1.29946 0.219354
1.33189 0.217933
1.36433 0.216462
1.39676 0.214945
1.42919 0.213384
1.46162 0.211783
1.49405 0.210145
1.52648 0.208473
1.55891 0.20677
1.59134 0.205037
1.62377 0.203279
1.6562 0.201496
1.68863 0.199692
1.72106 0.197868
1.75349 0.196027
1.78592 0.19417
1.81835 0.192299
1.85078 0.190417
1.88321 0.188525
1.91564 0.186624
1.94808 0.184716
1.98051 0.182802
2.01294 0.180884
2.04537 0.178963
2.0778 0.17704
2.11023 0.175116
2.14266 0.173193
2.17509 0.171272
2.20752 0.169353
2.23995 0.167437
2.27238 0.165526
2.30481 0.16362
2.33724 0.16172
2.36967 0.159827
2.4021 0.157941
2.43453 0.156063
2.46696 0.154194
2.49939 0.152334
2.53182 0.150484
2.56426 0.148644
2.59669 0.146815
2.62912 0.144997
2.66155 0.143191
2.69398 0.141397
2.72641 0.139615
2.75884 0.137846
2.79127 0.136091
2.8237 0.134348
2.85613 0.132619
2.88856 0.130904
2.92099 0.129203
2.95342 0.127517
2.98585 0.125845
3.01828 0.124187
3.05071 0.122545
3.08314 0.120917
3.11557 0.119304
3.148 0.117707
3.18044 0.116125
3.21287 0.114559
3.2453 0.113008
3.27773 0.111472
3.31016 0.109952
3.34259 0.108448
3.37502 0.106959
3.40745 0.105486
3.43988 0.104029
3.47231 0.102587
3.50474 0.101161
3.53717 0.0997504
3.5696 0.0983557
3.60203 0.0969765
3.63446 0.0956129
3.66689 0.0942649
3.69932 0.0929323
3.73175 0.0916151
3.76418 0.0903133
3.79662 0.0890268
3.82905 0.0877555
3.86148 0.0864994
3.89391 0.0852583
3.92634 0.0840322
3.95877 0.082821
3.9912 0.0816247
4.02363 0.080443
4.05606 0.079276
4.08849 0.0781235
4.12092 0.0769855
4.15335 0.0758617
4.18578 0.0747522
4.21821 0.0736568
4.25064 0.0725754
4.28307 0.0715078
4.3155 0.0704541
4.34793 0.0694139
4.38037 0.0683874
4.4128 0.0673742
4.44523 0.0663743
4.47766 0.0653877
4.51009 0.064414
4.54252 0.0634534
4.57495 0.0625055
4.60738 0.0615703
4.63981 0.0606477
4.67224 0.0597375
4.70467 0.0588396
4.7371 0.057954
4.76953 0.0570804
4.80196 0.0562187
4.83439 0.0553688
4.86682 0.0545307
4.89925 0.0537041
4.93168 0.0528889
4.96411 0.052085
4.99655 0.0512924
5.02898 0.0505107
5.06141 0.0497401
5.09384 0.0489802
5.12627 0.0482311
5.1587 0.0474924
5.19113 0.0467643
5.22356 0.0460465
5.25599 0.0453388
5.28842 0.0446413
5.32085 0.0439537
5.35328 0.0432759
5.38571 0.0426079
5.41814 0.0419494
5.45057 0.0413005
5.483 0.0406609
5.51543 0.0400306
5.54786 0.0394094
5.58029 0.0387972
5.61273 0.0381939
5.64516 0.0375995
5.67759 0.0370137
5.71002 0.0364365
5.74245 0.0358677
5.77488 0.0353073
5.80731 0.0347552
5.83974 0.0342112
5.87217 0.0336752
5.9046 0.0331472
5.93703 0.032627
5.96946 0.0321145
6.00189 0.0316096
6.03432 0.0311123
6.06675 0.0306223
6.09918 0.0301397
6.13161 0.0296643
6.16404 0.029196
6.19648 0.0287348
6.22891 0.0282804
6.26134 0.027833
6.29377 0.0273922
6.3262 0.0269581
6.35863 0.0265306
6.39106 0.0261095
6.42349 0.0256948
6.45592 0.0252864
6.48835 0.0248843
6.52078 0.0244882
6.55321 0.0240981
6.58564 0.023714
6.61807 0.0233358
6.6505 0.0229634
6.68293 0.0225966
6.71536 0.0222355
6.74779 0.0218799
6.78022 0.0215297
6.81266 0.021185
6.84509 0.0208455
6.87752 0.0205113
6.90995 0.0201823
6.94238 0.0198583
6.97481 0.0195393
7.00724 0.0192252
7.03967 0.0189161
7.0721 0.0186117
7.10453 0.018312
7.13696 0.018017
7.16939 0.0177266
7.20182 0.0174407
7.23425 0.0171592
7.26668 0.0168822
7.29911 0.0166094
7.33154 0.016341
7.36397 0.0160767
7.3964 0.0158165
7.42884 0.0155605
7.46127 0.0153084
7.4937 0.0150603
7.52613 0.0148161
7.55856 0.0145757
7.59099 0.0143391
7.62342 0.0141063
7.65585 0.0138771
7.68828 0.0136515
7.72071 0.0134295
7.75314 0.013211
7.78557 0.0129959
7.818 0.0127842
7.85043 0.0125759
7.88286 0.0123709
7.91529 0.0121691
7.94772 0.0119706
7.98015 0.0117752
8.01259 0.0115829
8.04502 0.0113936
8.07745 0.0112074
8.10988 0.0110241
8.14231 0.0108437
8.17474 0.0106663
8.20717 0.0104916
8.2396 0.0103198
8.27203 0.0101506
8.30446 0.00998422
8.33689 0.00982047
8.36932 0.00965933
8.40175 0.00950078
8.43418 0.00934477
8.46661 0.00919126
8.49904 0.00904021
8.53147 0.00889159
8.5639 0.00874535
8.59633 0.00860146
8.62877 0.00845989
8.6612 0.00832059
8.69363 0.00818354
8.72606 0.0080487
8.75849 0.00791602
8.79092 0.00778549
8.82335 0.00765706
8.85578 0.00753071
8.88821 0.0074064
8.92064 0.00728409
8.95307 0.00716377
8.9855 0.00704539
9.01793 0.00692893
9.05036 0.00681435
9.08279 0.00670163
9.11522 0.00659073
9.14765 0.00648164
9.18008 0.00637432
9.21251 0.00626873
9.24495 0.00616487
9.27738 0.00606269
9.30981 0.00596217
9.34224 0.00586329
9.37467 0.00576601
9.4071 0.00567032
9.43953 0.00557619
9.47196 0.00548359
9.50439 0.00539251
9.53682 0.00530291
9.56925 0.00521477
9.60168 0.00512807
9.63411 0.00504278
9.66654 0.00495889
9.69897 0.00487637
9.7314 0.0047952
9.76383 0.00471536
9.79626 0.00463682
9.8287 0.00455958
9.86113 0.00448359
9.89356 0.00440885
9.92599 0.00433534
9.95842 0.00426303
9.99085 0.00419191
10.0233 0.00412196
10.0557 0.00405315
10.0881 0.00398548
10.1206 0.00391892
10.153 0.00385345
10.1854 0.00378906
10.2179 0.00372572
10.2503 0.00366343
10.2827 0.00360217
10.3152 0.00354192
10.3476 0.00348265
10.38 0.00342437
10.4124 0.00336704
10.4449 0.00331066
10.4773 0.00325522
10.5097 0.00320068
10.5422 0.00314705
10.5746 0.0030943
10.607 0.00304243
10.6395 0.00299141
10.6719 0.00294123
10.7043 0.00289189
10.7368 0.00284336
10.7692 0.00279564
10.8016 0.0027487
10.834 0.00270254
10.8665 0.00265715
10.8989 0.00261251
10.9313 0.00256861
10.9638 0.00252544
10.9962 0.00248298
11.0286 0.00244123
11.0611 0.00240017
11.0935 0.00235979
11.1259 0.00232008
11.1583 0.00228104
11.1908 0.00224264
11.2232 0.00220488
11.2556 0.00216775
11.2881 0.00213123
11.3205 0.00209533
11.3529 0.00206002
11.3854 0.0020253
11.4178 0.00199115
11.4502 0.00195758
11.4827 0.00192456
11.5151 0.0018921
11.5475 0.00186017
11.5799 0.00182878
11.6124 0.00179792
11.6448 0.00176756
11.6772 0.00173772
11.7097 0.00170837
11.7421 0.00167951
11.7745 0.00165113
11.807 0.00162323
11.8394 0.0015958
11.8718 0.00156882
11.9042 0.00154229
11.9367 0.00151621
11.9691 0.00149057
12.0015 0.00146535
12.034 0.00144055
12.0664 0.00141618
12.0988 0.0013922
12.1313 0.00136863
12.1637 0.00134546
12.1961 0.00132267
12.2286 0.00130027
12.261 0.00127824
12.2934 0.00125658
12.3258 0.00123528
12.3583 0.00121434
12.3907 0.00119375
12.4231 0.00117351
12.4556 0.00115361
12.488 0.00113404
12.5204 0.0011148
12.5529 0.00109589
12.5853 0.00107729
12.6177 0.001059
12.6502 0.00104102
12.6826 0.00102335
12.715 0.00100597
12.7474 0.000988882
12.7799 0.000972083
12.8123 0.000955566
12.8447 0.000939328
12.8772 0.000923363
12.9096 0.000907667
12.942 0.000892236
12.9745 0.000877064
13.0069 0.000862148
13.0393 0.000847484
13.0717 0.000833066
13.1042 0.000818892
13.1366 0.000804957
13.169 0.000791257
13.2015 0.000777787
13.2339 0.000764546
13.2663 0.000751527
13.2988 0.000738729
13.3312 0.000726147
13.3636 0.000713777
13.3961 0.000701616
13.4285 0.00068966
13.4609 0.000677907
13.4933 0.000666352
13.5258 0.000654992
13.5582 0.000643825
13.5906 0.000632846
13.6231 0.000622053
13.6555 0.000611443
13.6879 0.000601012
13.7204 0.000590758
13.7528 0.000580677
13.7852 0.000570767
13.8177 0.000561025
13.8501 0.000551447
13.8825 0.000542032
13.9149 0.000532777
13.9474 0.000523678
13.9798 0.000514733
14.0122 0.00050594
14.0447 0.000497296
14.0771 0.000488799
14.1095 0.000480446
14.142 0.000472234
14.1744 0.000464162
14.2068 0.000456226
14.2392 0.000448426
14.2717 0.000440758
14.3041 0.000433219
14.3365 0.000425809
14.369 0.000418525
14.4014 0.000411365
14.4338 0.000404326
14.4663 0.000397406
14.4987 0.000390604
14.5311 0.000383918
14.5636 0.000377346
14.596 0.000370885
14.6284 0.000364534
14.6608 0.000358291
14.6933 0.000352154
14.7257 0.000346122
14.7581 0.000340192
14.7906 0.000334363
14.823 0.000328634
14.8554 0.000323001
14.8879 0.000317465
14.9203 0.000312023
14.9527 0.000306674
14.9852 0.000301416
15.0176 0.000296247
15.05 0.000291166
15.0824 0.000286172
15.1149 0.000281263
15.1473 0.000276438
15.1797 0.000271695
15.2122 0.000267033
15.2446 0.00026245
15.277 0.000257945
15.3095 0.000253518
15.3419 0.000249165
15.3743 0.000244888
15.4067 0.000240683
15.4392 0.000236549
15.4716 0.000232487
15.504 0.000228493
15.5365 0.000224568
15.5689 0.00022071
15.6013 0.000216918
15.6338 0.00021319
15.6662 0.000209527
15.6986 0.000205925
15.7311 0.000202386
15.7635 0.000198906
15.7959 0.000195487
15.8283 0.000192125
15.8608 0.000188822
15.8932 0.000185574
15.9256 0.000182382
15.9581 0.000179245
15.9905 0.000176162
16.0229 0.000173131
16.0554 0.000170152
16.0878 0.000167224
16.1202 0.000164346
16.1526 0.000161517
16.1851 0.000158737
16.2175 0.000156004
16.2499 0.000153318
16.2824 0.000150678
16.3148 0.000148084
16.3472 0.000145533
16.3797 0.000143027
16.4121 0.000140563
16.4445 0.000138142
16.477 0.000135762
16.5094 0.000133422
16.5418 0.000131123
16.5742 0.000128864
16.6067 0.000126643
16.6391 0.00012446
16.6715 0.000122314
16.704 0.000120206
16.7364 0.000118133
16.7688 0.000116096
16.8013 0.000114094
16.8337 0.000112127
16.8661 0.000110193
16.8986 0.000108292
16.931 0.000106424
16.9634 0.000104588
16.9958 0.000102784
17.0283 0.00010101
17.0607 9.92669e-05
17.0931 9.75538e-05
17.1256 9.587e-05
17.158 9.42152e-05
17.1904 9.25888e-05
17.2229 9.09904e-05
17.2553 8.94194e-05
17.2877 8.78754e-05
17.3201 8.63579e-05
17.3526 8.48665e-05
17.385 8.34008e-05
17.4174 8.19602e-05
17.4499 8.05444e-05
17.4823 7.91529e-05
17.5147 7.77854e-05
17.5472 7.64414e-05
17.5796 7.51205e-05
17.612 7.38223e-05
17.6445 7.25464e-05
17.6769 7.12925e-05
17.7093 7.00602e-05
17.7417 6.88491e-05
17.7742 6.76588e-05
17.8066 6.6489e-05
17.839 6.53393e-05
17.8715 6.42094e-05
17.9039 6.3099e-05
17.9363 6.20077e-05
17.9688 6.09351e-05
18.0012 5.98811e-05
18.0336 5.88452e-05
18.0661 5.78271e-05
18.0985 5.68266e-05
18.1309 5.58433e-05
18.1633 5.4877e-05
18.1958 5.39273e-05
18.2282 5.29939e-05
18.2606 5.20767e-05
18.2931 5.11752e-05
18.3255 5.02893e-05
18.3579 4.94187e-05
18.3904 4.8563e-05
18.4228 4.77222e-05
18.4552 4.68958e-05
18.4876 4.60837e-05
18.5201 4.52855e-05
18.5525 4.45012e-05
18.5849 4.37304e-05
18.6174 4.29728e-05
18.6498 4.22284e-05
18.6822 4.14967e-05
18.7147 4.07777e-05
18.7471 4.00712e-05
18.7795 3.93768e-05
18.812 3.86943e-05
18.8444 3.80237e-05
18.8768 3.73647e-05
18.9092 3.6717e-05
18.9417 3.60805e-05
18.9741 3.5455e-05
19.0065 3.48403e-05
19.039 3.42362e-05
19.0714 3.36425e-05
19.1038 3.30591e-05
19.1363 3.24858e-05
19.1687 3.19224e-05
19.2011 3.13687e-05
19.2336 3.08246e-05
19.266 3.02898e-05
19.2984 2.97644e-05
19.3308 2.9248e-05
19.3633 2.87405e-05
19.3957 2.82418e-05
19.4281 2.77517e-05
19.4606 2.72701e-05
19.493 2.67968e-05
19.5254 2.63317e-05
19.5579 2.58747e-05
19.5903 2.54255e-05
19.6227 2.49841e-05
19.6551 2.45504e-05
19.6876 2.41241e-05
19.72 2.37053e-05
19.7524 2.32936e-05
19.7849 2.28891e-05
19.8173 2.24916e-05
19.8497 2.2101e-05
19.8822 2.17171e-05
19.9146 2.13399e-05
19.947 2.09692e-05
19.9795 2.06049e-05
20.0119 2.0247e-05
20.0443 1.98952e-05
20.0767 1.95495e-05
20.1092 1.92098e-05
20.1416 1.8876e-05
20.174 1.85479e-05
20.2065 1.82256e-05
20.2389 1.79088e-05
20.2713 1.75975e-05
20.3038 1.72916e-05
20.3362 1.6991e-05
20.3686 1.66956e-05
20.401 1.64054e-05
20.4335 1.61201e-05
20.4659 1.58398e-05
20.4983 1.55644e-05
20.5308 1.52937e-05
20.5632 1.50277e-05
20.5956 1.47664e-05
20.6281 1.45095e-05
20.6605 1.42572e-05
20.6929 1.40091e-05
20.7254 1.37654e-05
20.7578 1.3526e-05
20.7902 1.32906e-05
20.8226 1.30594e-05
20.8551 1.28321e-05
20.8875 1.26088e-05
20.9199 1.23894e-05
20.9524 1.21738e-05
20.9848 1.19619e-05
21.0172 1.17537e-05
21.0497 1.15491e-05
21.0821 1.13481e-05
21.1145 1.11506e-05
21.147 1.09564e-05
21.1794 1.07657e-05
21.2118 1.05782e-05
21.2442 1.0394e-05
21.2767 1.02131e-05
21.3091 1.00352e-05
21.3415 9.86044e-06
21.374 9.68871e-06
21.4064 9.51996e-06
21.4388 9.35414e-06
21.4713 9.19121e-06
21.5037 9.0311e-06
21.5361 8.87377e-06
21.5685 8.71918e-06
21.601 8.56727e-06
21.6334 8.41799e-06
21.6658 8.27132e-06
21.6983 8.12719e-06
21.7307 7.98556e-06
21.7631 7.84639e-06
21.7956 7.70965e-06
21.828 7.57528e-06
21.8604 7.44324e-06
21.8929 7.3135e-06
21.9253 7.18601e-06
21.9577 7.06074e-06
21.9901 6.93765e-06
22.0226 6.81669e-06
22.055 6.69784e-06
22.0874 6.58106e-06
22.1199 6.4663e-06
22.1523 6.35354e-06
22.1847 6.24275e-06
22.2172 6.13387e-06
22.2496 6.0269e-06
22.282 5.92178e-06
22.3145 5.81849e-06
22.3469 5.717e-06
22.3793 5.61727e-06
22.4117 5.51928e-06
22.4442 5.42299e-06
22.4766 5.32837e-06
22.509 5.23541e-06
22.5415 5.14406e-06
22.5739 5.0543e-06
22.6063 4.9661e-06
22.6388 4.87944e-06
22.6712 4.79428e-06
22.7036 4.71061e-06
22.736 4.62839e-06
22.7685 4.54761e-06
22.8009 4.46823e-06
22.8333 4.39023e-06
22.8658 4.31359e-06
22.8982 4.23829e-06
22.9306 4.16429e-06
22.9631 4.09159e-06
22.9955 4.02015e-06
23.0279 3.94995e-06
23.0604 3.88098e-06
23.0928 3.81321e-06
23.1252 3.74662e-06
23.1576 3.68119e-06
23.1901 3.6169e-06
23.2225 3.55372e-06
23.2549 3.49165e-06
23.2874 3.43066e-06
23.3198 3.37074e-06
23.3522 3.31185e-06
23.3847 3.25399e-06
23.4171 3.19715e-06
23.4495 3.14129e-06
23.482 3.0864e-06
23.5144 3.03247e-06
23.5468 2.97949e-06
23.5792 2.92742e-06
23.6117 2.87626e-06
23.6441 2.826e-06
23.6765 2.77661e-06
23.709 2.72808e-06
23.7414 2.6804e-06
23.7738 2.63355e-06
23.8063 2.58751e-06
23.8387 2.54228e-06
23.8711 2.49784e-06
23.9035 2.45417e-06
23.936 2.41127e-06
23.9684 2.36911e-06
24.0008 2.32769e-06
24.0333 2.28699e-06
24.0657 2.247e-06
24.0981 2.2077e-06
24.1306 2.1691e-06
24.163 2.13116e-06
24.1954 2.09389e-06
24.2279 2.05727e-06
24.2603 2.02129e-06
24.2927 1.98593e-06
24.3251 1.9512e-06
24.3576 1.91707e-06
24.39 1.88353e-06
24.4224 1.85058e-06
24.4549 1.8182e-06
24.4873 1.78639e-06
24.5197 1.75514e-06
24.5522 1.72443e-06
24.5846 1.69426e-06
24.617 1.66461e-06
24.6494 1.63548e-06
24.6819 1.60686e-06
24.7143 1.57874e-06
24.7467 1.55111e-06
24.7792 1.52396e-06
24.8116 1.49729e-06
24.844 1.47108e-06
24.8765 1.44533e-06
24.9089 1.42003e-06
24.9413 1.39518e-06
24.9738 1.37075e-06
25.0062 1.34675e-06
25.0386 1.32318e-06
25.071 1.30001e-06
25.1035 1.27725e-06
25.1359 1.25488e-06
25.1683 1.23291e-06
25.2008 1.21132e-06
25.2332 1.19011e-06
25.2656 1.16927e-06
25.2981 1.14879e-06
25.3305 1.12867e-06
25.3629 1.1089e-06
25.3954 1.08948e-06
25.4278 1.0704e-06
25.4602 1.05165e-06
25.4926 1.03323e-06
25.5251 1.01513e-06
25.5575 9.97346e-07
25.5899 9.79873e-07
25.6224 9.62706e-07
25.6548 9.4584e-07
25.6872 9.29268e-07
25.7197 9.12986e-07
25.7521 8.96988e-07
25.7845 8.81271e-07
25.8169 8.65828e-07
25.8494 8.50655e-07
25.8818 8.35748e-07
25.9142 8.21101e-07
25.9467 8.0671e-07
25.9791 7.92572e-07
26.0115 7.7868e-07
26.044 7.65031e-07
26.0764 7.51622e-07
26.1088 7.38446e-07
26.1413 7.25502e-07
26.1737 7.12783e-07
26.2061 7.00287e-07
26.2385 6.8801e-07
26.271 6.75948e-07
26.3034 6.64097e-07
26.3358 6.52453e-07
26.3683 6.41012e-07
26.4007 6.29772e-07
26.4331 6.18729e-07
26.4656 6.07879e-07
26.498 5.97219e-07
26.5304 5.86745e-07
26.5629 5.76455e-07
26.5953 5.66345e-07
26.6277 5.56412e-07
26.6601 5.46653e-07
26.6926 5.37064e-07
26.725 5.27644e-07
26.7574 5.18388e-07
26.7899 5.09295e-07
26.8223 5.0036e-07
26.8547 4.91582e-07
26.8872 4.82958e-07
26.9196 4.74485e-07
26.952 4.6616e-07
26.9844 4.57981e-07
27.0169 4.49945e-07
27.0493 4.4205e-07
27.0817 4.34293e-07
27.1142 4.26672e-07
27.1466 4.19185e-07
27.179 4.11828e-07
27.2115 4.04601e-07
27.2439 3.975e-07
27.2763 3.90524e-07
27.3088 3.83669e-07
27.3412 3.76935e-07
27.3736 3.70319e-07
27.406 3.63819e-07
27.4385 3.57432e-07
27.4709 3.51158e-07
27.5033 3.44993e-07
27.5358 3.38937e-07
27.5682 3.32986e-07
27.6006 3.2714e-07
27.6331 3.21397e-07
27.6655 3.15754e-07
27.6979 3.1021e-07
27.7304 3.04763e-07
27.7628 2.99411e-07
27.7952 2.94154e-07
27.8276 2.88988e-07
27.8601 2.83913e-07
27.8925 2.78927e-07
27.9249 2.74029e-07
27.9574 2.69216e-07
27.9898 2.64488e-07
28.0222 2.59842e-07
28.0547 2.55278e-07
28.0871 2.50794e-07
28.1195 2.46389e-07
28.1519 2.42061e-07
