-8.79013 7.48179e-05
-8.76912 7.62747e-05
-8.7481 7.77603e-05
-8.72709 7.92751e-05
-8.70608 8.08198e-05
-8.68506 8.23949e-05
-8.66405 8.40012e-05
-8.64304 8.56391e-05
-8.62202 8.73093e-05
-8.60101 8.90125e-05
-8.57999 9.07493e-05
-8.55898 9.25205e-05
-8.53797 9.43266e-05
-8.51695 9.61684e-05
-8.49594 9.80467e-05
-8.47493 9.9962e-05
-8.45391 0.000101915
-8.4329 0.000103907
-8.41188 0.000105939
-8.39087 0.00010801
-8.36986 0.000110123
-8.34884 0.000112277
-8.32783 0.000114474
-8.30682 0.000116715
-8.2858 0.000119
-8.26479 0.00012133
-8.24378 0.000123707
-8.22276 0.000126131
-8.20175 0.000128603
-8.18073 0.000131124
-8.15972 0.000133695
-8.13871 0.000136317
-8.11769 0.000138991
-8.09668 0.000141718
-8.07567 0.0001445
-8.05465 0.000147337
-8.03364 0.00015023
-8.01263 0.000153182
-7.99161 0.000156191
-7.9706 0.000159261
-7.94958 0.000162392
-7.92857 0.000165585
-7.90756 0.000168842
-7.88654 0.000172164
-7.86553 0.000175553
-7.84452 0.000179009
-7.8235 0.000182533
-7.80249 0.000186129
-7.78148 0.000189796
-7.76046 0.000193536
-7.73945 0.000197351
-7.71843 0.000201243
-7.69742 0.000205212
-7.67641 0.000209261
-7.65539 0.000213391
-7.63438 0.000217603
-7.61337 0.0002219
-7.59235 0.000226283
-7.57134 0.000230754
-7.55033 0.000235315
-7.52931 0.000239967
-7.5083 0.000244712
-7.48728 0.000249553
-7.46627 0.000254491
-7.44526 0.000259528
-7.42424 0.000264666
-7.40323 0.000269908
-7.38222 0.000275255
-7.3612 0.000280709
-7.34019 0.000286274
-7.31918 0.00029195
-7.29816 0.000297741
-7.27715 0.000303649
-7.25613 0.000309675
-7.23512 0.000315823
-7.21411 0.000322096
-7.19309 0.000328494
-7.17208 0.000335022
-7.15107 0.000341682
-7.13005 0.000348477
-7.10904 0.000355408
-7.08802 0.00036248
-7.06701 0.000369695
-7.046 0.000377056
-7.02498 0.000384566
-7.00397 0.000392228
-6.98296 0.000400046
-6.96194 0.000408021
-6.94093 0.000416159
-6.91992 0.000424462
-6.8989 0.000432933
-6.87789 0.000441576
-6.85687 0.000450395
-6.83586 0.000459393
-6.81485 0.000468574
-6.79383 0.000477941
-6.77282 0.0004875
-6.75181 0.000497252
-6.73079 0.000507204
-6.70978 0.000517358
-6.68877 0.000527719
-6.66775 0.000538292
-6.64674 0.00054908
-6.62572 0.000560088
-6.60471 0.000571322
-6.5837 0.000582784
-6.56268 0.000594481
-6.54167 0.000606417
-6.52066 0.000618598
-6.49964 0.000631027
-6.47863 0.000643712
-6.45762 0.000656656
-6.4366 0.000669865
-6.41559 0.000683345
-6.39457 0.000697102
-6.37356 0.000711141
-6.35255 0.000725468
-6.33153 0.00074009
-6.31052 0.000755012
-6.28951 0.000770242
-6.26849 0.000785784
-6.24748 0.000801647
-6.22647 0.000817836
-6.20545 0.000834359
-6.18444 0.000851222
-6.16342 0.000868433
-6.14241 0.000886
-6.1214 0.000903929
-6.10038 0.000922229
-6.07937 0.000940907
-6.05836 0.000959971
-6.03734 0.000979429
-6.01633 0.000999291
-5.99531 0.00101956
-5.9743 0.00104026
-5.95329 0.00106138
-5.93227 0.00108294
-5.91126 0.00110495
-5.89025 0.00112741
-5.86923 0.00115034
-5.84822 0.00117375
-5.82721 0.00119765
-5.80619 0.00122204
-5.78518 0.00124694
-5.76416 0.00127236
-5.74315 0.00129831
-5.72214 0.0013248
-5.70112 0.00135185
-5.68011 0.00137946
-5.6591 0.00140764
-5.63808 0.00143642
-5.61707 0.0014658
-5.59606 0.00149579
-5.57504 0.00152641
-5.55403 0.00155768
-5.53301 0.0015896
-5.512 0.00162218
-5.49099 0.00165546
-5.46997 0.00168943
-5.44896 0.00172412
-5.42795 0.00175954
-5.40693 0.0017957
-5.38592 0.00183262
-5.36491 0.00187033
-5.34389 0.00190882
-5.32288 0.00194813
-5.30186 0.00198828
-5.28085 0.00202927
-5.25984 0.00207112
-5.23882 0.00211386
-5.21781 0.00215751
-5.1968 0.00220209
-5.17578 0.0022476
-5.15477 0.00229409
-5.13376 0.00234156
-5.11274 0.00239004
-5.09173 0.00243955
-5.07071 0.00249011
-5.0497 0.00254175
-5.02869 0.0025945
-5.00767 0.00264836
-4.98666 0.00270338
-4.96565 0.00275957
-4.94463 0.00281696
-4.92362 0.00287558
-4.9026 0.00293545
-4.88159 0.00299661
-4.86058 0.00305908
-4.83956 0.00312289
-4.81855 0.00318806
-4.79754 0.00325464
-4.77652 0.00332265
-4.75551 0.00339212
-4.7345 0.00346309
-4.71348 0.00353559
-4.69247 0.00360965
-4.67145 0.00368531
-4.65044 0.0037626
-4.62943 0.00384157
-4.60841 0.00392224
-4.5874 0.00400467
-4.56639 0.00408887
-4.54537 0.00417491
-4.52436 0.00426281
-4.50335 0.00435262
-4.48233 0.00444439
-4.46132 0.00453815
-4.4403 0.00463395
-4.41929 0.00473185
-4.39828 0.00483188
-4.37726 0.00493409
-4.35625 0.00503854
-4.33524 0.00514527
-4.31422 0.00525434
-4.29321 0.0053658
-4.2722 0.00547971
-4.25118 0.00559612
-4.23017 0.00571508
-4.20915 0.00583667
-4.18814 0.00596093
-4.16713 0.00608793
-4.14611 0.00621773
-4.1251 0.00635039
-4.10409 0.00648599
-4.08307 0.00662459
-4.06206 0.00676625
-4.04105 0.00691106
-4.02003 0.00705908
-3.99902 0.00721039
-3.978 0.00736506
-3.95699 0.00752318
-3.93598 0.00768481
-3.91496 0.00785005
-3.89395 0.00801898
-3.87294 0.00819169
-3.85192 0.00836825
-3.83091 0.00854877
-3.8099 0.00873334
-3.78888 0.00892205
-3.76787 0.009115
-3.74685 0.00931228
-3.72584 0.00951401
-3.70483 0.00972029
-3.68381 0.00993121
-3.6628 0.0101469
-3.64179 0.0103675
-3.62077 0.010593
-3.59976 0.0108237
-3.57874 0.0110596
-3.55773 0.0113009
-3.53672 0.0115476
-3.5157 0.0118
-3.49469 0.0120581
-3.47368 0.0123221
-3.45266 0.0125922
-3.43165 0.0128684
-3.41064 0.0131509
-3.38962 0.01344
-3.36861 0.0137356
-3.34759 0.0140381
-3.32658 0.0143475
-3.30557 0.014664
-3.28455 0.0149879
-3.26354 0.0153192
-3.24253 0.0156582
-3.22151 0.016005
-3.2005 0.0163599
-3.17949 0.016723
-3.15847 0.0170945
-3.13746 0.0174747
-3.11644 0.0178638
-3.09543 0.0182619
-3.07442 0.0186694
-3.0534 0.0190863
-3.03239 0.0195131
-3.01138 0.0199498
-2.99036 0.0203968
-2.96935 0.0208544
-2.94834 0.0213227
-2.92732 0.021802
-2.90631 0.0222927
-2.88529 0.0227949
-2.86428 0.0233091
-2.84327 0.0238354
-2.82225 0.0243743
-2.80124 0.024926
-2.78023 0.0254908
-2.75921 0.026069
-2.7382 0.0266611
-2.71719 0.0272673
-2.69617 0.0278881
-2.67516 0.0285237
-2.65414 0.0291746
-2.63313 0.0298412
-2.61212 0.0305238
-2.5911 0.0312229
-2.57009 0.0319388
-2.54908 0.0326721
-2.52806 0.0334231
-2.50705 0.0341923
-2.48603 0.0349802
-2.46502 0.0357873
-2.44401 0.036614
-2.42299 0.0374609
-2.40198 0.0383285
-2.38097 0.0392173
-2.35995 0.0401279
-2.33894 0.0410607
-2.31793 0.0420165
-2.29691 0.0429958
-2.2759 0.0439993
-2.25488 0.0450274
-2.23387 0.0460809
-2.21286 0.0471605
-2.19184 0.0482668
-2.17083 0.0494005
-2.14982 0.0505624
-2.1288 0.0517531
-2.10779 0.0529734
-2.08678 0.0542241
-2.06576 0.055506
-2.04475 0.0568198
-2.02373 0.0581665
-2.00272 0.0595469
-1.98171 0.0609618
-1.96069 0.0624122
-1.93968 0.0638989
-1.91867 0.065423
-1.89765 0.0669853
-1.87664 0.068587
-1.85563 0.0702289
-1.83461 0.0719121
-1.8136 0.0736377
-1.79258 0.0754068
-1.77157 0.0772204
-1.75056 0.0790798
-1.72954 0.080986
-1.70853 0.0829403
-1.68752 0.0849439
-1.6665 0.086998
-1.64549 0.0891038
-1.62448 0.0912627
-1.60346 0.0934759
-1.58245 0.0957447
-1.56143 0.0980706
-1.54042 0.100455
-1.51941 0.102899
-1.49839 0.105404
-1.47738 0.107972
-1.45637 0.110604
-1.43535 0.113301
-1.41434 0.116065
-1.39332 0.118898
-1.37231 0.1218
-1.3513 0.124774
-1.33028 0.127821
-1.30927 0.130941
-1.28826 0.134138
-1.26724 0.137412
-1.24623 0.140764
-1.22522 0.144196
-1.2042 0.147709
-1.18319 0.151305
-1.16217 0.154984
-1.14116 0.158749
-1.12015 0.162599
-1.09913 0.166536
-1.07812 0.170562
-1.05711 0.174675
-1.03609 0.178878
-1.01508 0.183171
-0.994066 0.187554
-0.973052 0.192027
-0.952038 0.19659
-0.931025 0.201243
-0.910011 0.205986
-0.888997 0.210816
-0.867984 0.215734
-0.84697 0.220738
-0.825956 0.225825
-0.804943 0.230994
-0.783929 0.236242
-0.762915 0.241565
-0.741902 0.24696
-0.720888 0.252423
-0.699874 0.257949
-0.678861 0.263532
-0.657847 0.269166
-0.636833 0.274844
-0.61582 0.280559
-0.594806 0.286302
-0.573792 0.292065
-0.552779 0.297837
-0.531765 0.303608
-0.510752 0.309365
-0.489738 0.315097
-0.468724 0.32079
-0.447711 0.32643
-0.426697 0.332002
-0.405683 0.337491
-0.38467 0.34288
-0.363656 0.348151
-0.342642 0.353288
-0.321629 0.358273
-0.300615 0.363087
-0.279601 0.367712
-0.258588 0.372129
-0.237574 0.37632
-0.21656 0.380267
-0.195547 0.383953
-0.174533 0.38736
-0.153519 0.390473
-0.132506 0.393276
-0.111492 0.395757
-0.0904785 0.397904
-0.0694648 0.399705
-0.0484512 0.401152
-0.0274375 0.402238
-0.00642386 0.402958
0.0145898 0.40331
0.0356034 0.403292
0.0566171 0.402906
0.0776308 0.402156
0.0986444 0.401047
0.119658 0.399585
0.140672 0.397781
0.161685 0.395644
0.182699 0.393188
0.203713 0.390426
0.224726 0.387372
0.24574 0.384042
0.266754 0.380453
0.287767 0.376622
0.308781 0.372566
0.329795 0.368304
0.350808 0.363852
0.371822 0.359229
0.392836 0.354453
0.413849 0.349539
0.434863 0.344506
0.455877 0.339369
0.47689 0.334144
0.497904 0.328846
0.518917 0.323488
0.539931 0.318085
0.560945 0.312649
0.581958 0.307191
0.602972 0.301723
0.623986 0.296255
0.644999 0.290797
0.666013 0.285357
0.687027 0.279943
0.70804 0.274562
0.729054 0.269222
0.750068 0.263928
0.771081 0.258685
0.792095 0.253498
0.813109 0.248372
0.834122 0.24331
0.855136 0.238315
0.87615 0.233391
0.897163 0.22854
0.918177 0.223763
0.939191 0.219062
0.960204 0.214439
0.981218 0.209895
1.00223 0.205431
1.02325 0.201047
1.04426 0.196743
1.06527 0.19252
1.08629 0.188378
1.1073 0.184316
1.12831 0.180334
1.14933 0.176432
1.17034 0.172608
1.19135 0.168863
1.21237 0.165195
1.23338 0.161604
1.2544 0.158089
1.27541 0.154648
1.29642 0.151281
1.31744 0.147986
1.33845 0.144763
1.35946 0.14161
1.38048 0.138526
1.40149 0.13551
1.4225 0.13256
1.44352 0.129675
1.46453 0.126855
1.48555 0.124098
1.50656 0.121402
1.52757 0.118767
1.54859 0.11619
1.5696 0.113672
1.59061 0.111211
1.61163 0.108804
1.63264 0.106453
1.65365 0.104154
1.67467 0.101907
1.69568 0.0997114
1.7167 0.0975653
1.73771 0.0954677
1.75872 0.0934176
1.77974 0.091414
1.80075 0.0894557
1.82176 0.0875417
1.84278 0.085671
1.86379 0.0838427
1.8848 0.0820556
1.90582 0.080309
1.92683 0.0786017
1.94785 0.076933
1.96886 0.0753019
1.98987 0.0737076
2.01089 0.0721491
2.0319 0.0706257
2.05291 0.0691364
2.07393 0.0676806
2.09494 0.0662574
2.11596 0.0648661
2.13697 0.0635058
2.15798 0.062176
2.179 0.0608757
2.20001 0.0596045
2.22102 0.0583615
2.24204 0.0571461
2.26305 0.0559577
2.28406 0.0547957
2.30508 0.0536593
2.32609 0.052548
2.34711 0.0514612
2.36812 0.0503984
2.38913 0.049359
2.41015 0.0483423
2.43116 0.047348
2.45217 0.0463755
2.47319 0.0454242
2.4942 0.0444937
2.51521 0.0435834
2.53623 0.042693
2.55724 0.0418219
2.57826 0.0409697
2.59927 0.040136
2.62028 0.0393204
2.6413 0.0385223
2.66231 0.0377415
2.68332 0.0369774
2.70434 0.0362298
2.72535 0.0354983
2.74636 0.0347824
2.76738 0.0340819
2.78839 0.0333963
2.80941 0.0327254
2.83042 0.0320687
2.85143 0.031426
2.87245 0.030797
2.89346 0.0301813
2.91447 0.0295787
2.93549 0.0289888
2.9565 0.0284113
2.97751 0.027846
2.99853 0.0272927
3.01954 0.0267509
3.04056 0.0262206
3.06157 0.0257013
3.08258 0.025193
3.1036 0.0246952
3.12461 0.0242078
3.14562 0.0237306
3.16664 0.0232634
3.18765 0.0228058
3.20867 0.0223577
3.22968 0.021919
3.25069 0.0214893
3.27171 0.0210684
3.29272 0.0206563
3.31373 0.0202527
3.33475 0.0198573
3.35576 0.0194701
3.37677 0.0190909
3.39779 0.0187194
3.4188 0.0183555
3.43982 0.0179991
3.46083 0.0176499
3.48184 0.0173079
3.50286 0.0169728
3.52387 0.0166446
3.54488 0.016323
3.5659 0.0160079
3.58691 0.0156992
3.60792 0.0153968
3.62894 0.0151004
3.64995 0.0148101
3.67097 0.0145256
3.69198 0.0142469
3.71299 0.0139737
3.73401 0.013706
3.75502 0.0134437
3.77603 0.0131867
3.79705 0.0129348
3.81806 0.0126879
3.83907 0.012446
3.86009 0.0122089
3.8811 0.0119765
3.90212 0.0117488
3.92313 0.0115255
3.94414 0.0113067
3.96516 0.0110923
3.98617 0.0108821
4.00718 0.010676
4.0282 0.010474
4.04921 0.010276
4.07022 0.0100819
4.09124 0.00989168
4.11225 0.00970516
4.13327 0.0095223
4.15428 0.00934304
4.17529 0.0091673
4.19631 0.008995
4.21732 0.00882607
4.23833 0.00866044
4.25935 0.00849806
4.28036 0.00833884
4.30137 0.00818272
4.32239 0.00802965
4.3434 0.00787955
4.36442 0.00773237
4.38543 0.00758805
4.40644 0.00744653
4.42746 0.00730775
4.44847 0.00717166
4.46948 0.0070382
4.4905 0.00690733
4.51151 0.00677897
4.53253 0.0066531
4.55354 0.00652965
4.57455 0.00640857
4.59557 0.00628983
4.61658 0.00617337
4.63759 0.00605914
4.65861 0.0059471
4.67962 0.00583722
4.70063 0.00572943
4.72165 0.00562371
4.74266 0.00552001
4.76368 0.00541829
4.78469 0.00531851
4.8057 0.00522063
4.82672 0.00512462
4.84773 0.00503044
4.86874 0.00493804
4.88976 0.0048474
4.91077 0.00475849
4.93178 0.00467126
4.9528 0.00458568
4.97381 0.00450172
4.99483 0.00441935
5.01584 0.00433854
5.03685 0.00425926
5.05787 0.00418147
5.07888 0.00410515
5.09989 0.00403027
5.12091 0.0039568
5.14192 0.00388471
5.16293 0.00381398
5.18395 0.00374457
5.20496 0.00367647
5.22598 0.00360965
5.24699 0.00354408
5.268 0.00347973
5.28902 0.0034166
5.31003 0.00335464
5.33104 0.00329384
5.35206 0.00323418
5.37307 0.00317563
5.39408 0.00311817
5.4151 0.00306178
5.43611 0.00300644
5.45713 0.00295214
5.47814 0.00289884
5.49915 0.00284653
5.52017 0.0027952
5.54118 0.00274482
5.56219 0.00269537
5.58321 0.00264684
5.60422 0.0025992
5.62524 0.00255245
5.64625 0.00250657
5.66726 0.00246153
5.68828 0.00241732
5.70929 0.00237393
5.7303 0.00233134
5.75132 0.00228954
5.77233 0.0022485
5.79334 0.00220822
5.81436 0.00216869
5.83537 0.00212988
5.85639 0.00209178
5.8774 0.00205438
5.89841 0.00201767
5.91943 0.00198163
5.94044 0.00194625
5.96145 0.00191153
5.98247 0.00187743
6.00348 0.00184396
6.02449 0.00181111
6.04551 0.00177885
6.06652 0.00174718
6.08754 0.00171609
6.10855 0.00168557
6.12956 0.0016556
6.15058 0.00162618
6.17159 0.0015973
6.1926 0.00156894
6.21362 0.0015411
6.23463 0.00151376
6.25564 0.00148692
6.27666 0.00146057
6.29767 0.0014347
6.31869 0.00140929
6.3397 0.00138435
6.36071 0.00135986
6.38173 0.00133581
6.40274 0.0013122
6.42375 0.00128901
6.44477 0.00126625
6.46578 0.00124389
6.48679 0.00122194
6.50781 0.00120039
6.52882 0.00117922
6.54984 0.00115844
6.57085 0.00113803
6.59186 0.00111798
6.61288 0.0010983
6.63389 0.00107898
6.6549 0.00106
6.67592 0.00104136
6.69693 0.00102306
6.71795 0.00100508
6.73896 0.000987432
6.75997 0.000970098
6.78099 0.000953074
6.802 0.000936355
6.82301 0.000919936
6.84403 0.000903811
6.86504 0.000887975
6.88605 0.000872422
6.90707 0.000857147
6.92808 0.000842145
6.9491 0.000827411
6.97011 0.000812941
6.99112 0.000798728
7.01214 0.00078477
7.03315 0.00077106
7.05416 0.000757594
7.07518 0.000744369
7.09619 0.000731379
7.1172 0.00071862
7.13822 0.000706088
7.15923 0.00069378
7.18025 0.00068169
7.20126 0.000669814
7.22227 0.00065815
7.24329 0.000646693
7.2643 0.000635439
7.28531 0.000624385
7.30633 0.000613527
7.32734 0.000602861
7.34835 0.000592384
7.36937 0.000582093
7.39038 0.000571984
7.4114 0.000562054
7.43241 0.000552299
7.45342 0.000542717
7.47444 0.000533304
7.49545 0.000524058
7.51646 0.000514975
7.53748 0.000506052
7.55849 0.000497286
7.5795 0.000488676
7.60052 0.000480217
7.62153 0.000471907
7.64255 0.000463743
7.66356 0.000455723
7.68457 0.000447844
7.70559 0.000440104
7.7266 0.0004325
7.74761 0.00042503
7.76863 0.000417691
7.78964 0.000410481
7.81065 0.000403398
7.83167 0.000396439
7.85268 0.000389602
7.8737 0.000382885
7.89471 0.000376286
7.91572 0.000369802
7.93674 0.000363432
7.95775 0.000357174
7.97876 0.000351025
7.99978 0.000344984
8.02079 0.000339048
8.04181 0.000333217
8.06282 0.000327487
8.08383 0.000321857
8.10485 0.000316326
8.12586 0.000310892
8.14687 0.000305552
8.16789 0.000300305
8.1889 0.00029515
8.20991 0.000290085
8.23093 0.000285109
8.25194 0.000280219
8.27296 0.000275414
8.29397 0.000270693
8.31498 0.000266054
8.336 0.000261495
8.35701 0.000257017
8.37802 0.000252616
8.39904 0.000248291
8.42005 0.000244042
8.44106 0.000239866
8.46208 0.000235764
8.48309 0.000231732
8.50411 0.00022777
8.52512 0.000223877
8.54613 0.000220052
8.56715 0.000216293
8.58816 0.000212599
8.60917 0.000208969
8.63019 0.000205402
8.6512 0.000201897
8.67221 0.000198452
8.69323 0.000195067
8.71424 0.000191741
8.73526 0.000188472
8.75627 0.00018526
8.77728 0.000182103
8.7983 0.000179001
8.81931 0.000175953
8.84032 0.000172957
8.86134 0.000170013
8.88235 0.000167119
8.90336 0.000164276
8.92438 0.000161482
8.94539 0.000158736
8.96641 0.000156037
8.98742 0.000153385
9.00843 0.000150778
9.02945 0.000148216
9.05046 0.000145699
9.07147 0.000143225
9.09249 0.000140793
9.1135 0.000138403
9.13452 0.000136054
9.15553 0.000133746
9.17654 0.000131478
9.19756 0.000129248
9.21857 0.000127057
9.23958 0.000124903
9.2606 0.000122786
9.28161 0.000120706
9.30262 0.000118661
9.32364 0.000116652
9.34465 0.000114677
9.36567 0.000112736
9.38668 0.000110828
9.40769 0.000108953
9.42871 0.00010711
9.44972 0.000105298
9.47073 0.000103518
9.49175 0.000101768
9.51276 0.000100048
9.53377 9.8357e-05
9.55479 9.66953e-05
9.5758 9.50621e-05
9.59682 9.34568e-05
9.61783 9.18789e-05
9.63884 9.0328e-05
9.65986 8.88036e-05
9.68087 8.73053e-05
9.70188 8.58325e-05
9.7229 8.43849e-05
9.74391 8.29619e-05
9.76492 8.15633e-05
9.78594 8.01885e-05
9.80695 7.88372e-05
9.82797 7.7509e-05
9.84898 7.62033e-05
9.86999 7.49199e-05
9.89101 7.36584e-05
9.91202 7.24184e-05
9.93303 7.11995e-05
9.95405 7.00014e-05
9.97506 6.88236e-05
9.99607 6.76659e-05
10.0171 6.65279e-05
10.0381 6.54093e-05
10.0591 6.43097e-05
10.0801 6.32288e-05
10.1011 6.21662e-05
10.1222 6.11217e-05
10.1432 6.0095e-05
10.1642 5.90857e-05
10.1852 5.80935e-05
10.2062 5.71182e-05
10.2272 5.61595e-05
10.2482 5.5217e-05
10.2693 5.42905e-05
10.2903 5.33797e-05
10.3113 5.24844e-05
10.3323 5.16043e-05
10.3533 5.0739e-05
10.3743 4.98885e-05
10.3953 4.90523e-05
10.4163 4.82304e-05
10.4374 4.74223e-05
10.4584 4.66279e-05
10.4794 4.5847e-05
10.5004 4.50793e-05
10.5214 4.43246e-05
10.5424 4.35826e-05
10.5634 4.28533e-05
10.5845 4.21362e-05
10.6055 4.14313e-05
10.6265 4.07382e-05
10.6475 4.00569e-05
10.6685 3.93871e-05
10.6895 3.87287e-05
10.7105 3.80813e-05
10.7316 3.74449e-05
10.7526 3.68192e-05
10.7736 3.62041e-05
10.7946 3.55994e-05
10.8156 3.50048e-05
10.8366 3.44203e-05
10.8576 3.38457e-05
10.8786 3.32807e-05
10.8997 3.27253e-05
10.9207 3.21792e-05
10.9417 3.16424e-05
10.9627 3.11145e-05
10.9837 3.05956e-05
11.0047 3.00854e-05
11.0257 2.95838e-05
11.0468 2.90907e-05
11.0678 2.86058e-05
11.0888 2.81291e-05
11.1098 2.76605e-05
11.1308 2.71997e-05
11.1518 2.67466e-05
11.1728 2.63012e-05
11.1939 2.58633e-05
11.2149 2.54327e-05
11.2359 2.50094e-05
11.2569 2.45932e-05
11.2779 2.41839e-05
11.2989 2.37816e-05
11.3199 2.3386e-05
11.3409 2.2997e-05
11.362 2.26146e-05
11.383 2.22386e-05
11.404 2.18689e-05
11.425 2.15054e-05
11.446 2.1148e-05
11.467 2.07966e-05
11.488 2.04511e-05
11.5091 2.01114e-05
11.5301 1.97773e-05
11.5511 1.94489e-05
11.5721 1.9126e-05
11.5931 1.88085e-05
11.6141 1.84963e-05
11.6351 1.81893e-05
11.6562 1.78875e-05
11.6772 1.75907e-05
11.6982 1.72989e-05
11.7192 1.7012e-05
11.7402 1.67299e-05
11.7612 1.64525e-05
11.7822 1.61797e-05
11.8032 1.59115e-05
11.8243 1.56478e-05
11.8453 1.53885e-05
11.8663 1.51335e-05
11.8873 1.48828e-05
11.9083 1.46363e-05
11.9293 1.43939e-05
11.9503 1.41555e-05
11.9714 1.39211e-05
11.9924 1.36907e-05
12.0134 1.34641e-05
12.0344 1.32412e-05
12.0554 1.30221e-05
12.0764 1.28067e-05
12.0974 1.25948e-05
12.1185 1.23865e-05
12.1395 1.21816e-05
12.1605 1.19802e-05
12.1815 1.17821e-05
12.2025 1.15873e-05
