-105.357 1.59098e-05
-105.247 1.60649e-05
-105.136 1.62215e-05
-105.026 1.63796e-05
-104.915 1.65393e-05
-104.805 1.67005e-05
-104.694 1.68633e-05
-104.584 1.70277e-05
-104.473 1.71936e-05
-104.363 1.73612e-05
-104.252 1.75304e-05
-104.142 1.77012e-05
-104.031 1.78737e-05
-103.921 1.80479e-05
-103.81 1.82237e-05
-103.7 1.84013e-05
-103.589 1.85806e-05
-103.479 1.87616e-05
-103.368 1.89444e-05
-103.258 1.91289e-05
-103.147 1.93153e-05
-103.037 1.95034e-05
-102.926 1.96934e-05
-102.816 1.98852e-05
-102.705 2.00788e-05
-102.595 2.02744e-05
-102.484 2.04718e-05
-102.374 2.06711e-05
-102.263 2.08724e-05
-102.153 2.10756e-05
-102.042 2.12808e-05
-101.932 2.1488e-05
-101.821 2.16972e-05
-101.711 2.19084e-05
-101.6 2.21217e-05
-101.49 2.2337e-05
-101.379 2.25544e-05
-101.269 2.2774e-05
-101.158 2.29956e-05
-101.048 2.32194e-05
-100.937 2.34454e-05
-100.827 2.36735e-05
-100.716 2.39039e-05
-100.606 2.41364e-05
-100.495 2.43713e-05
-100.385 2.46084e-05
-100.274 2.48478e-05
-100.164 2.50895e-05
-100.053 2.53336e-05
-99.9426 2.558e-05
-99.8321 2.58288e-05
-99.7216 2.608e-05
-99.6111 2.63336e-05
-99.5006 2.65897e-05
-99.3901 2.68483e-05
-99.2796 2.71094e-05
-99.1691 2.7373e-05
-99.0586 2.76391e-05
-98.9481 2.79078e-05
-98.8376 2.81792e-05
-98.7271 2.84531e-05
-98.6166 2.87297e-05
-98.5061 2.9009e-05
-98.3956 2.92909e-05
-98.2851 2.95756e-05
-98.1746 2.98631e-05
-98.0641 3.01533e-05
-97.9536 3.04463e-05
-97.8431 3.07422e-05
-97.7326 3.10409e-05
-97.6221 3.13425e-05
-97.5116 3.1647e-05
-97.4011 3.19545e-05
-97.2906 3.22649e-05
-97.1801 3.25784e-05
-97.0696 3.28948e-05
-96.9591 3.32143e-05
-96.8486 3.35369e-05
-96.7381 3.38626e-05
-96.6276 3.41915e-05
-96.5171 3.45235e-05
-96.4066 3.48588e-05
-96.2961 3.51973e-05
-96.1856 3.5539e-05
-96.0751 3.58841e-05
-95.9646 3.62324e-05
-95.8541 3.65842e-05
-95.7436 3.69393e-05
-95.6331 3.72979e-05
-95.5226 3.76599e-05
-95.4121 3.80254e-05
-95.3016 3.83945e-05
-95.1911 3.87671e-05
-95.0806 3.91433e-05
-94.9701 3.95231e-05
-94.8596 3.99066e-05
-94.7491 4.02938e-05
-94.6386 4.06847e-05
-94.5281 4.10794e-05
-94.4176 4.14779e-05
-94.3071 4.18803e-05
-94.1966 4.22865e-05
-94.0861 4.26967e-05
-93.9756 4.31108e-05
-93.8651 4.35288e-05
-93.7546 4.3951e-05
-93.6441 4.43772e-05
-93.5336 4.48074e-05
-93.4231 4.52419e-05
-93.3126 4.56805e-05
-93.2021 4.61234e-05
-93.0916 4.65705e-05
-92.9811 4.70219e-05
-92.8706 4.74777e-05
-92.7601 4.79379e-05
-92.6496 4.84025e-05
-92.5391 4.88716e-05
-92.4286 4.93452e-05
-92.3181 4.98233e-05
-92.2076 5.03061e-05
-92.0971 5.07935e-05
-91.9866 5.12856e-05
-91.8761 5.17824e-05
-91.7656 5.22841e-05
-91.6551 5.27905e-05
-91.5446 5.33018e-05
-91.4341 5.38181e-05
-91.3236 5.43393e-05
-91.2131 5.48655e-05
-91.1026 5.53968e-05
-90.9921 5.59332e-05
-90.8816 5.64748e-05
-90.7711 5.70216e-05
-90.6606 5.75736e-05
-90.5501 5.8131e-05
-90.4396 5.86937e-05
-90.3291 5.92618e-05
-90.2186 5.98354e-05
-90.1081 6.04145e-05
-89.9976 6.09991e-05
-89.8871 6.15894e-05
-89.7766 6.21854e-05
-89.6661 6.27871e-05
-89.5556 6.33946e-05
-89.4451 6.40079e-05
-89.3346 6.46271e-05
-89.2241 6.52522e-05
-89.1136 6.58834e-05
-89.0031 6.65206e-05
-88.8926 6.7164e-05
-88.7821 6.78135e-05
-88.6716 6.84693e-05
-88.5611 6.91313e-05
-88.4506 6.97997e-05
-88.3401 7.04746e-05
-88.2296 7.11559e-05
-88.1191 7.18438e-05
-88.0086 7.25382e-05
-87.8981 7.32394e-05
-87.7876 7.39472e-05
-87.6771 7.46619e-05
-87.5666 7.53834e-05
-87.4561 7.61118e-05
-87.3456 7.68473e-05
-87.2351 7.75897e-05
-87.1246 7.83394e-05
-87.0141 7.90962e-05
-86.9036 7.98602e-05
-86.7931 8.06316e-05
-86.6826 8.14104e-05
-86.5721 8.21966e-05
-86.4616 8.29904e-05
-86.3511 8.37918e-05
-86.2406 8.46009e-05
-86.1301 8.54178e-05
-86.0196 8.62424e-05
-85.9091 8.7075e-05
-85.7986 8.79156e-05
-85.6881 8.87642e-05
-85.5776 8.96209e-05
-85.4671 9.04859e-05
-85.3566 9.13591e-05
-85.2461 9.22407e-05
-85.1356 9.31308e-05
-85.0251 9.40293e-05
-84.9146 9.49365e-05
-84.8041 9.58524e-05
-84.6936 9.6777e-05
-84.5831 9.77105e-05
-84.4726 9.86529e-05
-84.3621 9.96044e-05
-84.2516 0.000100565
-84.1411 0.000101535
-84.0306 0.000102514
-83.9201 0.000103502
-83.8096 0.0001045
-83.6991 0.000105507
-83.5886 0.000106524
-83.4781 0.000107551
-83.3676 0.000108588
-83.2571 0.000109634
-83.1466 0.000110691
-83.0361 0.000111757
-82.9256 0.000112834
-82.8151 0.000113921
-82.7046 0.000115019
-82.5941 0.000116127
-82.4836 0.000117245
-82.3731 0.000118375
-82.2626 0.000119515
-82.1521 0.000120666
-82.0416 0.000121827
-81.9311 0.000123
-81.8206 0.000124185
-81.7101 0.00012538
-81.5996 0.000126587
-81.4891 0.000127806
-81.3786 0.000129036
-81.2681 0.000130278
-81.1576 0.000131531
-81.0471 0.000132797
-80.9366 0.000134075
-80.8261 0.000135365
-80.7156 0.000136667
-80.6051 0.000137982
-80.4946 0.000139309
-80.3841 0.000140649
-80.2736 0.000142002
-80.1631 0.000143367
-80.0526 0.000144746
-79.9421 0.000146137
-79.8316 0.000147542
-79.7211 0.000148961
-79.6106 0.000150393
-79.5001 0.000151838
-79.3896 0.000153298
-79.2791 0.000154771
-79.1686 0.000156258
-79.0581 0.00015776
-78.9476 0.000159275
-78.8371 0.000160806
-78.7266 0.00016235
-78.6161 0.00016391
-78.5056 0.000165484
-78.3951 0.000167074
-78.2846 0.000168678
-78.1741 0.000170298
-78.0636 0.000171933
-77.9531 0.000173584
-77.8426 0.00017525
-77.7321 0.000176932
-77.6216 0.00017863
-77.5111 0.000180345
-77.4006 0.000182076
-77.2901 0.000183823
-77.1796 0.000185586
-77.0691 0.000187367
-76.9586 0.000189165
-76.8481 0.000190979
-76.7376 0.000192811
-76.6271 0.00019466
-76.5166 0.000196527
-76.4061 0.000198411
-76.2956 0.000200314
-76.1851 0.000202234
-76.0746 0.000204173
-75.9641 0.00020613
-75.8536 0.000208106
-75.7431 0.0002101
-75.6326 0.000212114
-75.5221 0.000214146
-75.4116 0.000216198
-75.3011 0.00021827
-75.1906 0.000220361
-75.0801 0.000222471
-74.9696 0.000224602
-74.8591 0.000226753
-74.7486 0.000228925
-74.6381 0.000231117
-74.5276 0.000233329
-74.4171 0.000235563
-74.3066 0.000237818
-74.1961 0.000240095
-74.0856 0.000242392
-73.9751 0.000244712
-73.8646 0.000247054
-73.7541 0.000249418
-73.6436 0.000251804
-73.5331 0.000254213
-73.4226 0.000256644
-73.3121 0.000259099
-73.2016 0.000261577
-73.0911 0.000264078
-72.9806 0.000266603
-72.8701 0.000269152
-72.7596 0.000271725
-72.6491 0.000274323
-72.5386 0.000276945
-72.4281 0.000279591
-72.3176 0.000282263
-72.2071 0.00028496
-72.0966 0.000287683
-71.9861 0.000290431
-71.8756 0.000293205
-71.7651 0.000296006
-71.6546 0.000298833
-71.5441 0.000301686
-71.4336 0.000304567
-71.3231 0.000307475
-71.2126 0.00031041
-71.1021 0.000313373
-70.9916 0.000316364
-70.8811 0.000319383
-70.7706 0.000322431
-70.6601 0.000325508
-70.5496 0.000328613
-70.4391 0.000331748
-70.3286 0.000334912
-70.2181 0.000338107
-70.1076 0.000341331
-69.9971 0.000344586
-69.8866 0.000347871
-69.7761 0.000351188
-69.6656 0.000354535
-69.5551 0.000357915
-69.4446 0.000361326
-69.3341 0.000364769
-69.2236 0.000368245
-69.1131 0.000371753
-69.0026 0.000375294
-68.8921 0.000378869
-68.7816 0.000382478
-68.6711 0.00038612
-68.5606 0.000389797
-68.4501 0.000393508
-68.3396 0.000397254
-68.2291 0.000401036
-68.1186 0.000404853
-68.0081 0.000408706
-67.8976 0.000412595
-67.7871 0.000416521
-67.6766 0.000420483
-67.5661 0.000424483
-67.4556 0.00042852
-67.3451 0.000432596
-67.2346 0.00043671
-67.1241 0.000440862
-67.0136 0.000445053
-66.9031 0.000449284
-66.7926 0.000453554
-66.6821 0.000457865
-66.5716 0.000462216
-66.4611 0.000466607
-66.3506 0.00047104
-66.2401 0.000475515
-66.1296 0.000480031
-66.0191 0.00048459
-65.9086 0.000489192
-65.7981 0.000493837
-65.6876 0.000498525
-65.5771 0.000503257
-65.4666 0.000508034
-65.3561 0.000512855
-65.2456 0.000517722
-65.1351 0.000522634
-65.0246 0.000527592
-64.9141 0.000532596
-64.8036 0.000537647
-64.6931 0.000542746
-64.5826 0.000547892
-64.4721 0.000553087
-64.3616 0.00055833
-64.2511 0.000563622
-64.1406 0.000568963
-64.0301 0.000574355
-63.9196 0.000579797
-63.8091 0.000585289
-63.6986 0.000590833
-63.5881 0.000596429
-63.4776 0.000602077
-63.3671 0.000607778
-63.2566 0.000613532
-63.1461 0.00061934
-63.0356 0.000625202
-62.9251 0.000631119
-62.8146 0.000637091
-62.7041 0.000643119
-62.5936 0.000649202
-62.4831 0.000655343
-62.3726 0.000661541
-62.2621 0.000667796
-62.1516 0.00067411
-62.0411 0.000680483
-61.9306 0.000686915
-61.8201 0.000693407
-61.7096 0.00069996
-61.5991 0.000706573
-61.4886 0.000713248
-61.3781 0.000719985
-61.2676 0.000726785
-61.1571 0.000733648
-61.0466 0.000740575
-60.9361 0.000747567
-60.8256 0.000754623
-60.7151 0.000761745
-60.6046 0.000768933
-60.4941 0.000776188
-60.3836 0.000783511
-60.2731 0.000790901
-60.1626 0.00079836
-60.0521 0.000805888
-59.9416 0.000813487
-59.8311 0.000821155
-59.7206 0.000828895
-59.6101 0.000836707
-59.4996 0.000844591
-59.3891 0.000852548
-59.2786 0.000860579
-59.1681 0.000868684
-59.0576 0.000876865
-58.9471 0.000885121
-58.8366 0.000893454
-58.7261 0.000901864
-58.6156 0.000910352
-58.5051 0.000918918
-58.3946 0.000927564
-58.2841 0.000936289
-58.1736 0.000945096
-58.0631 0.000953983
-57.9526 0.000962953
-57.8421 0.000972006
-57.7316 0.000981143
-57.6211 0.000990364
-57.5106 0.00099967
-57.4001 0.00100906
-57.2896 0.00101854
-57.1791 0.00102811
-57.0686 0.00103776
-56.9581 0.00104751
-56.8476 0.00105734
-56.7371 0.00106726
-56.6266 0.00107728
-56.5161 0.00108739
-56.4056 0.00109759
-56.2951 0.00110788
-56.1846 0.00111827
-56.0741 0.00112876
-55.9636 0.00113934
-55.8531 0.00115002
-55.7426 0.0011608
-55.6321 0.00117168
-55.5216 0.00118266
-55.4111 0.00119373
-55.3006 0.00120491
-55.1901 0.0012162
-55.0796 0.00122758
-54.9691 0.00123907
-54.8586 0.00125067
-54.7481 0.00126237
-54.6376 0.00127418
-54.5271 0.0012861
-54.4166 0.00129813
-54.3061 0.00131027
-54.1956 0.00132252
-54.0851 0.00133488
-53.9746 0.00134736
-53.8641 0.00135995
-53.7536 0.00137265
-53.6431 0.00138547
-53.5326 0.00139841
-53.4221 0.00141147
-53.3116 0.00142465
-53.2011 0.00143794
-53.0906 0.00145136
-52.9801 0.0014649
-52.8696 0.00147857
-52.7591 0.00149236
-52.6486 0.00150627
-52.5381 0.00152032
-52.4276 0.00153449
-52.3171 0.00154879
-52.2066 0.00156322
-52.0961 0.00157778
-51.9856 0.00159248
-51.8751 0.00160731
-51.7646 0.00162227
-51.6541 0.00163737
-51.5436 0.00165261
-51.4331 0.00166799
-51.3226 0.00168351
-51.2121 0.00169916
-51.1016 0.00171497
-50.9911 0.00173091
-50.8806 0.001747
-50.7701 0.00176323
-50.6596 0.00177962
-50.5491 0.00179615
-50.4386 0.00181283
-50.3281 0.00182966
-50.2176 0.00184665
-50.1071 0.00186379
-49.9966 0.00188109
-49.8861 0.00189854
-49.7756 0.00191615
-49.6651 0.00193392
-49.5546 0.00195185
-49.4441 0.00196994
-49.3336 0.0019882
-49.2231 0.00200662
-49.1126 0.00202521
-49.0021 0.00204397
-48.8916 0.00206289
-48.7811 0.00208199
-48.6706 0.00210126
-48.5601 0.0021207
-48.4496 0.00214032
-48.3391 0.00216012
-48.2286 0.00218009
-48.1181 0.00220025
-48.0076 0.00222058
-47.8971 0.0022411
-47.7866 0.00226181
-47.6761 0.0022827
-47.5656 0.00230377
-47.4551 0.00232504
-47.3446 0.0023465
-47.2341 0.00236815
-47.1236 0.00239
-47.0131 0.00241204
-46.9026 0.00243428
-46.7921 0.00245672
-46.6816 0.00247936
-46.5711 0.00250221
-46.4606 0.00252526
-46.3501 0.00254851
-46.2396 0.00257198
-46.1291 0.00259565
-46.0186 0.00261954
-45.9081 0.00264364
-45.7976 0.00266795
-45.6871 0.00269248
-45.5766 0.00271724
-45.4661 0.00274221
-45.3556 0.0027674
-45.2451 0.00279282
-45.1346 0.00281847
-45.0241 0.00284435
-44.9136 0.00287045
-44.8031 0.00289679
-44.6926 0.00292337
-44.5821 0.00295018
-44.4716 0.00297723
-44.3611 0.00300451
-44.2506 0.00303205
-44.1401 0.00305982
-44.0296 0.00308784
-43.9191 0.00311612
-43.8086 0.00314464
-43.6981 0.00317341
-43.5876 0.00320244
-43.4771 0.00323173
-43.3666 0.00326128
-43.2561 0.00329109
-43.1456 0.00332116
-43.0351 0.0033515
-42.9246 0.0033821
-42.8141 0.00341298
-42.7036 0.00344413
-42.5931 0.00347555
-42.4826 0.00350726
-42.3721 0.00353924
-42.2616 0.0035715
-42.1511 0.00360405
-42.0406 0.00363688
-41.9301 0.00367
-41.8196 0.00370342
-41.7091 0.00373712
-41.5986 0.00377113
-41.4881 0.00380543
-41.3776 0.00384003
-41.2671 0.00387494
-41.1566 0.00391015
-41.0461 0.00394567
-40.9356 0.00398151
-40.8251 0.00401765
-40.7146 0.00405411
-40.6041 0.00409089
-40.4936 0.004128
-40.3831 0.00416542
-40.2726 0.00420318
-40.1621 0.00424126
-40.0516 0.00427967
-39.9411 0.00431842
-39.8306 0.00435751
-39.7201 0.00439693
-39.6096 0.0044367
-39.4991 0.00447682
-39.3886 0.00451728
-39.2781 0.00455809
-39.1676 0.00459926
-39.0571 0.00464079
-38.9466 0.00468267
-38.8361 0.00472492
-38.7256 0.00476754
-38.6151 0.00481052
-38.5046 0.00485387
-38.3941 0.0048976
-38.2836 0.00494171
-38.1731 0.00498619
-38.0626 0.00503106
-37.9521 0.00507632
-37.8416 0.00512196
-37.7311 0.005168
-37.6206 0.00521444
-37.5101 0.00526127
-37.3996 0.0053085
-37.2891 0.00535614
-37.1786 0.00540419
-37.0681 0.00545265
-36.9576 0.00550153
-36.8471 0.00555082
-36.7366 0.00560054
-36.6261 0.00565068
-36.5156 0.00570124
-36.4051 0.00575224
-36.2946 0.00580367
-36.1841 0.00585555
-36.0736 0.00590786
-35.9631 0.00596062
-35.8526 0.00601382
-35.7421 0.00606748
-35.6316 0.00612159
-35.5211 0.00617616
-35.4106 0.00623119
-35.3001 0.00628669
-35.1896 0.00634266
-35.0791 0.0063991
-34.9686 0.00645602
-34.8581 0.00651342
-34.7476 0.0065713
-34.6371 0.00662967
-34.5266 0.00668852
-34.4161 0.00674788
-34.3056 0.00680773
-34.1951 0.00686808
-34.0846 0.00692894
-33.9741 0.00699031
-33.8636 0.0070522
-33.7531 0.0071146
-33.6426 0.00717752
-33.5321 0.00724097
-33.4216 0.00730494
-33.3111 0.00736945
-33.2006 0.0074345
-33.0901 0.00750008
-32.9797 0.00756621
-32.8692 0.00763289
-32.7587 0.00770012
-32.6482 0.00776791
-32.5377 0.00783625
-32.4272 0.00790517
-32.3167 0.00797465
-32.2062 0.0080447
-32.0957 0.00811533
-31.9852 0.00818654
-31.8747 0.00825834
-31.7642 0.00833073
-31.6537 0.00840371
-31.5432 0.00847728
-31.4327 0.00855146
-31.3222 0.00862625
-31.2117 0.00870164
-31.1012 0.00877765
-30.9907 0.00885428
-30.8802 0.00893153
-30.7697 0.00900941
-30.6592 0.00908792
-30.5487 0.00916706
-30.4382 0.00924685
-30.3277 0.00932728
-30.2172 0.00940836
-30.1067 0.0094901
-29.9962 0.00957249
-29.8857 0.00965555
-29.7752 0.00973927
-29.6647 0.00982366
-29.5542 0.00990873
-29.4437 0.00999448
-29.3332 0.0100809
-29.2227 0.010168
-29.1122 0.0102558
-29.0017 0.0103444
-28.8912 0.0104336
-28.7807 0.0105235
-28.6702 0.0106141
-28.5597 0.0107055
-28.4492 0.0107976
-28.3387 0.0108904
-28.2282 0.0109839
-28.1177 0.0110782
-28.0072 0.0111732
-27.8967 0.0112689
-27.7862 0.0113654
-27.6757 0.0114627
-27.5652 0.0115607
-27.4547 0.0116594
-27.3442 0.011759
-27.2337 0.0118593
-27.1232 0.0119603
-27.0127 0.0120622
-26.9022 0.0121649
-26.7917 0.0122683
-26.6812 0.0123725
-26.5707 0.0124776
-26.4602 0.0125834
-26.3497 0.01269
-26.2392 0.0127975
-26.1287 0.0129058
-26.0182 0.0130149
-25.9077 0.0131248
-25.7972 0.0132355
-25.6867 0.0133471
-25.5762 0.0134595
-25.4657 0.0135728
-25.3552 0.0136869
-25.2447 0.0138019
-25.1342 0.0139177
-25.0237 0.0140344
-24.9132 0.014152
-24.8027 0.0142704
-24.6922 0.0143897
-24.5817 0.0145099
-24.4712 0.014631
-24.3607 0.014753
-24.2502 0.0148758
-24.1397 0.0149996
-24.0292 0.0151242
-23.9187 0.0152498
-23.8082 0.0153762
-23.6977 0.0155036
-23.5872 0.0156319
-23.4767 0.0157611
-23.3662 0.0158913
-23.2557 0.0160223
-23.1452 0.0161543
-23.0347 0.0162873
-22.9242 0.0164212
-22.8137 0.016556
-22.7032 0.0166918
-22.5927 0.0168285
-22.4822 0.0169662
-22.3717 0.0171048
-22.2612 0.0172444
-22.1507 0.017385
-22.0402 0.0175265
-21.9297 0.0176691
-21.8192 0.0178125
-21.7087 0.017957
-21.5982 0.0181025
-21.4877 0.0182489
-21.3772 0.0183963
-21.2667 0.0185447
-21.1562 0.0186941
-21.0457 0.0188445
-20.9352 0.0189959
-20.8247 0.0191483
-20.7142 0.0193017
-20.6037 0.0194561
-20.4932 0.0196115
-20.3827 0.0197679
-20.2722 0.0199254
-20.1617 0.0200838
-20.0512 0.0202432
-19.9407 0.0204037
-19.8302 0.0205652
-19.7197 0.0207277
-19.6092 0.0208912
-19.4987 0.0210557
-19.3882 0.0212213
-19.2777 0.0213879
-19.1672 0.0215554
-19.0567 0.0217241
-18.9462 0.0218937
-18.8357 0.0220643
-18.7252 0.022236
-18.6147 0.0224087
-18.5042 0.0225824
-18.3937 0.0227571
-18.2832 0.0229329
-18.1727 0.0231096
-18.0622 0.0232874
-17.9517 0.0234661
-17.8412 0.0236459
-17.7307 0.0238267
-17.6202 0.0240085
-17.5097 0.0241913
-17.3992 0.0243751
-17.2887 0.0245599
-17.1782 0.0247456
-17.0677 0.0249324
-16.9572 0.0251201
-16.8467 0.0253088
-16.7362 0.0254985
-16.6257 0.0256892
-16.5152 0.0258808
-16.4047 0.0260733
-16.2942 0.0262669
-16.1837 0.0264613
-16.0732 0.0266567
-15.9627 0.026853
-15.8522 0.0270502
-15.7417 0.0272484
-15.6312 0.0274474
-15.5207 0.0276473
-15.4102 0.0278481
-15.2997 0.0280498
-15.1892 0.0282524
-15.0787 0.0284558
-14.9682 0.02866
-14.8577 0.028865
-14.7472 0.0290709
-14.6367 0.0292776
-14.5262 0.029485
-14.4157 0.0296932
-14.3052 0.0299022
-14.1947 0.0301119
-14.0842 0.0303223
-13.9737 0.0305334
-13.8632 0.0307452
-13.7527 0.0309577
-13.6422 0.0311708
-13.5317 0.0313846
-13.4212 0.0315989
-13.3107 0.0318139
-13.2002 0.0320294
-13.0897 0.0322454
-12.9792 0.032462
-12.8687 0.032679
-12.7582 0.0328965
-12.6477 0.0331144
-12.5372 0.0333327
-12.4267 0.0335514
-12.3162 0.0337705
-12.2057 0.0339898
-12.0952 0.0342095
-11.9847 0.0344293
-11.8742 0.0346494
-11.7637 0.0348697
-11.6532 0.0350901
-11.5427 0.0353105
-11.4322 0.0355311
-11.3217 0.0357516
-11.2112 0.0359721
-11.1007 0.0361925
-10.9902 0.0364128
-10.8797 0.0366329
-10.7692 0.0368528
-10.6587 0.0370724
-10.5482 0.0372917
-10.4377 0.0375106
-10.3272 0.037729
-10.2167 0.037947
-10.1062 0.0381643
-9.99565 0.038381
-9.88516 0.038597
-9.77466 0.0388122
-9.66416 0.0390266
-9.55366 0.0392401
-9.44316 0.0394525
-9.33266 0.0396639
-9.22216 0.0398741
-9.11166 0.0400831
-9.00116 0.0402907
-8.89066 0.0404969
-8.78016 0.0407015
-8.66966 0.0409045
-8.55916 0.0411058
-8.44866 0.0413052
-8.33816 0.0415027
-8.22766 0.0416981
-8.11716 0.0418914
-8.00666 0.0420823
-7.89616 0.0422707
-7.78566 0.0424566
-7.67516 0.0426398
-7.56466 0.0428201
-7.45416 0.0429974
-7.34366 0.0431715
-7.23316 0.0433422
-7.12266 0.0435095
-7.01216 0.043673
-6.90166 0.0438327
-6.79116 0.0439883
-6.68066 0.0441397
-6.57016 0.0442866
-6.45966 0.0444288
-6.34916 0.044566
-6.23866 0.0446982
-6.12816 0.0448249
-6.01766 0.0449459
-5.90716 0.045061
-5.79666 0.0451699
-5.68616 0.0452723
-5.57566 0.0453678
-5.46516 0.0454562
-5.35466 0.0455371
-5.24416 0.0456102
-5.13366 0.045675
-5.02316 0.0457312
-4.91266 0.0457784
-4.80216 0.0458161
-4.69166 0.0458439
-4.58116 0.0458613
-4.47066 0.0458678
-4.36016 0.0458629
-4.24966 0.0458459
-4.13916 0.0458163
-4.02866 0.0457735
-3.91816 0.0457167
-3.80766 0.0456454
-3.69716 0.0455586
-3.58666 0.0454557
-3.47616 0.0453358
-3.36566 0.0451979
-3.25516 0.0450412
-3.14466 0.0448645
-3.03416 0.0446669
-2.92366 0.0444471
-2.81316 0.0442038
-2.70266 0.0439359
-2.59216 0.0436418
-2.48166 0.0433201
-2.37116 0.0429691
-2.26066 0.042587
-2.15016 0.0421722
-2.03966 0.0417225
-1.92916 0.041236
-1.81866 0.0407104
-1.70816 0.0401434
-1.59766 0.0395326
-1.48716 0.0388756
-1.37666 0.0381697
-1.26616 0.0374126
-1.15566 0.0366017
-1.04516 0.0357348
-0.934657 0.0348101
-0.824157 0.0338262
-0.713657 0.0327823
-0.603157 0.0316789
-0.492657 0.0305176
-0.382157 0.0293014
-0.271657 0.0280352
-0.161157 0.0267259
-0.0506571 0.0253821
0.0598428 0.0240139
0.170343 0.022633
0.280843 0.0212515
0.391343 0.0198818
0.501843 0.0185355
0.612343 0.0172234
0.722843 0.0159548
0.833343 0.0147372
0.943843 0.0135764
1.05434 0.0124766
1.16484 0.0114404
1.27534 0.0104688
1.38584 0.0095619
1.49634 0.00871874
1.60684 0.0079376
1.71734 0.00721621
1.82784 0.00655188
1.93834 0.00594164
2.04884 0.00538236
2.15934 0.00487084
2.26984 0.00440386
2.38034 0.00397826
2.49084 0.00359095
2.60134 0.00323898
2.71184 0.00291952
2.82234 0.0026299
2.93284 0.00236762
3.04334 0.00213033
3.15384 0.00191583
3.26434 0.00172209
3.37484 0.00154725
3.48534 0.00138956
3.59584 0.00124745
3.70634 0.00111944
3.81684 0.00100421
3.92734 0.000900539
4.03784 0.00080731
4.14834 0.000723513
4.25884 0.000648227
4.36934 0.000580615
4.47984 0.00051992
4.59034 0.000465454
4.70084 0.000416595
4.81134 0.00037278
4.92184 0.000333502
5.03234 0.0002983
