-73.3517 1.25288e-05
-73.2699 1.26349e-05
-73.1881 1.2742e-05
-73.1062 1.285e-05
-73.0244 1.29588e-05
-72.9426 1.30687e-05
-72.8607 1.31794e-05
-72.7789 1.32912e-05
-72.6971 1.34039e-05
-72.6152 1.35175e-05
-72.5334 1.36321e-05
-72.4516 1.37478e-05
-72.3697 1.38644e-05
-72.2879 1.3982e-05
-72.2061 1.41006e-05
-72.1243 1.42203e-05
-72.0424 1.4341e-05
-71.9606 1.44627e-05
-71.8788 1.45855e-05
-71.7969 1.47093e-05
-71.7151 1.48342e-05
-71.6333 1.49602e-05
-71.5514 1.50872e-05
-71.4696 1.52154e-05
-71.3878 1.53447e-05
-71.3059 1.5475e-05
-71.2241 1.56066e-05
-71.1423 1.57392e-05
-71.0604 1.5873e-05
-70.9786 1.60079e-05
-70.8968 1.6144e-05
-70.8149 1.62813e-05
-70.7331 1.64198e-05
-70.6513 1.65594e-05
-70.5694 1.67003e-05
-70.4876 1.68424e-05
-70.4058 1.69857e-05
-70.3239 1.71302e-05
-70.2421 1.7276e-05
-70.1603 1.74231e-05
-70.0785 1.75714e-05
-69.9966 1.7721e-05
-69.9148 1.78719e-05
-69.833 1.80242e-05
-69.7511 1.81777e-05
-69.6693 1.83325e-05
-69.5875 1.84887e-05
-69.5056 1.86463e-05
-69.4238 1.88052e-05
-69.342 1.89655e-05
-69.2601 1.91272e-05
-69.1783 1.92903e-05
-69.0965 1.94548e-05
-69.0146 1.96207e-05
-68.9328 1.97881e-05
-68.851 1.99569e-05
-68.7691 2.01271e-05
-68.6873 2.02989e-05
-68.6055 2.04721e-05
-68.5236 2.06469e-05
-68.4418 2.08231e-05
-68.36 2.10009e-05
-68.2781 2.11803e-05
-68.1963 2.13611e-05
-68.1145 2.15436e-05
-68.0327 2.17276e-05
-67.9508 2.19133e-05
-67.869 2.21005e-05
-67.7872 2.22894e-05
-67.7053 2.248e-05
-67.6235 2.26721e-05
-67.5417 2.2866e-05
-67.4598 2.30615e-05
-67.378 2.32588e-05
-67.2962 2.34577e-05
-67.2143 2.36584e-05
-67.1325 2.38608e-05
-67.0507 2.4065e-05
-66.9688 2.4271e-05
-66.887 2.44788e-05
-66.8052 2.46883e-05
-66.7233 2.48997e-05
-66.6415 2.5113e-05
-66.5597 2.53281e-05
-66.4778 2.5545e-05
-66.396 2.57639e-05
-66.3142 2.59847e-05
-66.2323 2.62073e-05
-66.1505 2.6432e-05
-66.0687 2.66586e-05
-65.9869 2.68872e-05
-65.905 2.71177e-05
-65.8232 2.73503e-05
-65.7414 2.75849e-05
-65.6595 2.78216e-05
-65.5777 2.80603e-05
-65.4959 2.83011e-05
-65.414 2.8544e-05
-65.3322 2.8789e-05
-65.2504 2.90362e-05
-65.1685 2.92856e-05
-65.0867 2.95371e-05
-65.0049 2.97908e-05
-64.923 3.00467e-05
-64.8412 3.03049e-05
-64.7594 3.05653e-05
-64.6775 3.0828e-05
-64.5957 3.1093e-05
-64.5139 3.13604e-05
-64.432 3.163e-05
-64.3502 3.19021e-05
-64.2684 3.21765e-05
-64.1865 3.24533e-05
-64.1047 3.27326e-05
-64.0229 3.30142e-05
-63.9411 3.32984e-05
-63.8592 3.35851e-05
-63.7774 3.38742e-05
-63.6956 3.41659e-05
-63.6137 3.44602e-05
-63.5319 3.4757e-05
-63.4501 3.50565e-05
-63.3682 3.53586e-05
-63.2864 3.56633e-05
-63.2046 3.59707e-05
-63.1227 3.62808e-05
-63.0409 3.65936e-05
-62.9591 3.69092e-05
-62.8772 3.72276e-05
-62.7954 3.75487e-05
-62.7136 3.78727e-05
-62.6317 3.81995e-05
-62.5499 3.85292e-05
-62.4681 3.88618e-05
-62.3862 3.91973e-05
-62.3044 3.95358e-05
-62.2226 3.98773e-05
-62.1407 4.02217e-05
-62.0589 4.05692e-05
-61.9771 4.09198e-05
-61.8953 4.12735e-05
-61.8134 4.16302e-05
-61.7316 4.19901e-05
-61.6498 4.23532e-05
-61.5679 4.27195e-05
-61.4861 4.3089e-05
-61.4043 4.34618e-05
-61.3224 4.38379e-05
-61.2406 4.42173e-05
-61.1588 4.46e-05
-61.0769 4.49861e-05
-60.9951 4.53756e-05
-60.9133 4.57686e-05
-60.8314 4.6165e-05
-60.7496 4.6565e-05
-60.6678 4.69685e-05
-60.5859 4.73755e-05
-60.5041 4.77862e-05
-60.4223 4.82004e-05
-60.3404 4.86184e-05
-60.2586 4.904e-05
-60.1768 4.94654e-05
-60.0949 4.98945e-05
-60.0131 5.03275e-05
-59.9313 5.07642e-05
-59.8495 5.12049e-05
-59.7676 5.16494e-05
-59.6858 5.20979e-05
-59.604 5.25504e-05
-59.5221 5.30069e-05
-59.4403 5.34674e-05
-59.3585 5.3932e-05
-59.2766 5.44007e-05
-59.1948 5.48736e-05
-59.113 5.53507e-05
-59.0311 5.58321e-05
-58.9493 5.63177e-05
-58.8675 5.68076e-05
-58.7856 5.73019e-05
-58.7038 5.78005e-05
-58.622 5.83036e-05
-58.5401 5.88112e-05
-58.4583 5.93233e-05
-58.3765 5.98399e-05
-58.2946 6.03612e-05
-58.2128 6.08871e-05
-58.131 6.14176e-05
-58.0491 6.19529e-05
-57.9673 6.2493e-05
-57.8855 6.30378e-05
-57.8037 6.35876e-05
-57.7218 6.41422e-05
-57.64 6.47018e-05
-57.5582 6.52663e-05
-57.4763 6.58359e-05
-57.3945 6.64106e-05
-57.3127 6.69904e-05
-57.2308 6.75754e-05
-57.149 6.81656e-05
-57.0672 6.87611e-05
-56.9853 6.93618e-05
-56.9035 6.9968e-05
-56.8217 7.05796e-05
-56.7398 7.11966e-05
-56.658 7.18192e-05
-56.5762 7.24474e-05
-56.4943 7.30811e-05
-56.4125 7.37205e-05
-56.3307 7.43657e-05
-56.2488 7.50166e-05
-56.167 7.56734e-05
-56.0852 7.6336e-05
-56.0033 7.70046e-05
-55.9215 7.76792e-05
-55.8397 7.83598e-05
-55.7579 7.90465e-05
-55.676 7.97394e-05
-55.5942 8.04385e-05
-55.5124 8.11439e-05
-55.4305 8.18556e-05
-55.3487 8.25737e-05
-55.2669 8.32983e-05
-55.185 8.40293e-05
-55.1032 8.4767e-05
-55.0214 8.55112e-05
-54.9395 8.62622e-05
-54.8577 8.70199e-05
-54.7759 8.77844e-05
-54.694 8.85558e-05
-54.6122 8.93342e-05
-54.5304 9.01195e-05
-54.4485 9.09119e-05
-54.3667 9.17115e-05
-54.2849 9.25183e-05
-54.203 9.33323e-05
-54.1212 9.41537e-05
-54.0394 9.49825e-05
-53.9576 9.58188e-05
-53.8757 9.66626e-05
-53.7939 9.7514e-05
-53.7121 9.83732e-05
-53.6302 9.924e-05
-53.5484 0.000100115
-53.4666 0.000100997
-53.3847 0.000101888
-53.3029 0.000102787
-53.2211 0.000103693
-53.1392 0.000104608
-53.0574 0.000105532
-52.9756 0.000106463
-52.8937 0.000107403
-52.8119 0.000108352
-52.7301 0.000109309
-52.6482 0.000110275
-52.5664 0.000111249
-52.4846 0.000112233
-52.4027 0.000113225
-52.3209 0.000114227
-52.2391 0.000115237
-52.1572 0.000116257
-52.0754 0.000117285
-51.9936 0.000118324
-51.9118 0.000119371
-51.8299 0.000120428
-51.7481 0.000121495
-51.6663 0.000122572
-51.5844 0.000123658
-51.5026 0.000124754
-51.4208 0.00012586
-51.3389 0.000126977
-51.2571 0.000128103
-51.1753 0.00012924
-51.0934 0.000130387
-51.0116 0.000131544
-50.9298 0.000132712
-50.8479 0.000133891
-50.7661 0.00013508
-50.6843 0.00013628
-50.6024 0.000137492
-50.5206 0.000138714
-50.4388 0.000139948
-50.3569 0.000141192
-50.2751 0.000142448
-50.1933 0.000143716
-50.1114 0.000144995
-50.0296 0.000146286
-49.9478 0.000147589
-49.866 0.000148904
-49.7841 0.00015023
-49.7023 0.000151569
-49.6205 0.00015292
-49.5386 0.000154284
-49.4568 0.00015566
-49.375 0.000157049
-49.2931 0.00015845
-49.2113 0.000159864
-49.1295 0.000161292
-49.0476 0.000162732
-48.9658 0.000164186
-48.884 0.000165653
-48.8021 0.000167133
-48.7203 0.000168627
-48.6385 0.000170135
-48.5566 0.000171657
-48.4748 0.000173193
-48.393 0.000174743
-48.3111 0.000176307
-48.2293 0.000177886
-48.1475 0.000179479
-48.0656 0.000181087
-47.9838 0.000182709
-47.902 0.000184347
-47.8202 0.000186
-47.7383 0.000187668
-47.6565 0.000189351
-47.5747 0.000191051
-47.4928 0.000192765
-47.411 0.000194496
-47.3292 0.000196243
-47.2473 0.000198006
-47.1655 0.000199785
-47.0837 0.00020158
-47.0018 0.000203393
-46.92 0.000205222
-46.8382 0.000207068
-46.7563 0.000208931
-46.6745 0.000210812
-46.5927 0.00021271
-46.5108 0.000214625
-46.429 0.000216559
-46.3472 0.00021851
-46.2653 0.00022048
-46.1835 0.000222467
-46.1017 0.000224474
-46.0198 0.000226499
-45.938 0.000228543
-45.8562 0.000230606
-45.7744 0.000232688
-45.6925 0.000234789
-45.6107 0.00023691
-45.5289 0.000239051
-45.447 0.000241212
-45.3652 0.000243394
-45.2834 0.000245595
-45.2015 0.000247817
-45.1197 0.00025006
-45.0379 0.000252324
-44.956 0.000254609
-44.8742 0.000256915
-44.7924 0.000259243
-44.7105 0.000261593
-44.6287 0.000263965
-44.5469 0.000266359
-44.465 0.000268776
-44.3832 0.000271215
-44.3014 0.000273677
-44.2195 0.000276162
-44.1377 0.000278671
-44.0559 0.000281203
-43.974 0.000283759
-43.8922 0.000286339
-43.8104 0.000288944
-43.7286 0.000291572
-43.6467 0.000294226
-43.5649 0.000296905
-43.4831 0.000299608
-43.4012 0.000302338
-43.3194 0.000305093
-43.2376 0.000307874
-43.1557 0.000310681
-43.0739 0.000313515
-42.9921 0.000316376
-42.9102 0.000319264
-42.8284 0.000322179
-42.7466 0.000325121
-42.6647 0.000328092
-42.5829 0.000331091
-42.5011 0.000334118
-42.4192 0.000337173
-42.3374 0.000340258
-42.2556 0.000343372
-42.1737 0.000346516
-42.0919 0.000349689
-42.0101 0.000352893
-41.9282 0.000356127
-41.8464 0.000359391
-41.7646 0.000362687
-41.6828 0.000366015
-41.6009 0.000369373
-41.5191 0.000372764
-41.4373 0.000376188
-41.3554 0.000379643
-41.2736 0.000383132
-41.1918 0.000386654
-41.1099 0.00039021
-41.0281 0.0003938
-40.9463 0.000397424
-40.8644 0.000401083
-40.7826 0.000404777
-40.7008 0.000408506
-40.6189 0.00041227
-40.5371 0.000416071
-40.4553 0.000419909
-40.3734 0.000423783
-40.2916 0.000427694
-40.2098 0.000431643
-40.1279 0.00043563
-40.0461 0.000439655
-39.9643 0.000443719
-39.8824 0.000447822
-39.8006 0.000451964
-39.7188 0.000456146
-39.637 0.000460369
-39.5551 0.000464632
-39.4733 0.000468937
-39.3915 0.000473282
-39.3096 0.00047767
-39.2278 0.000482101
-39.146 0.000486574
-39.0641 0.00049109
-38.9823 0.00049565
-38.9005 0.000500254
-38.8186 0.000504903
-38.7368 0.000509597
-38.655 0.000514336
-38.5731 0.000519121
-38.4913 0.000523953
-38.4095 0.000528832
-38.3276 0.000533758
-38.2458 0.000538732
-38.164 0.000543754
-38.0821 0.000548825
-38.0003 0.000553946
-37.9185 0.000559116
-37.8366 0.000564337
-37.7548 0.000569609
-37.673 0.000574932
-37.5912 0.000580307
-37.5093 0.000585735
-37.4275 0.000591215
-37.3457 0.00059675
-37.2638 0.000602338
-37.182 0.000607981
-37.1002 0.00061368
-37.0183 0.000619434
-36.9365 0.000625245
-36.8547 0.000631113
-36.7728 0.000637038
-36.691 0.000643022
-36.6092 0.000649064
-36.5273 0.000655166
-36.4455 0.000661328
-36.3637 0.000667551
-36.2818 0.000673835
-36.2 0.000680181
-36.1182 0.000686589
-36.0363 0.000693061
-35.9545 0.000699597
-35.8727 0.000706197
-35.7908 0.000712863
-35.709 0.000719595
-35.6272 0.000726393
-35.5454 0.000733259
-35.4635 0.000740192
-35.3817 0.000747195
-35.2999 0.000754267
-35.218 0.000761409
-35.1362 0.000768622
-35.0544 0.000775907
-34.9725 0.000783265
-34.8907 0.000790696
-34.8089 0.0007982
-34.727 0.00080578
-34.6452 0.000813435
-34.5634 0.000821167
-34.4815 0.000828976
-34.3997 0.000836863
-34.3179 0.000844829
-34.236 0.000852875
-34.1542 0.000861001
-34.0724 0.000869209
-33.9905 0.000877499
-33.9087 0.000885873
-33.8269 0.00089433
-33.745 0.000902873
-33.6632 0.000911501
-33.5814 0.000920216
-33.4996 0.000929019
-33.4177 0.000937911
-33.3359 0.000946893
-33.2541 0.000955965
-33.1722 0.000965129
-33.0904 0.000974385
-33.0086 0.000983735
-32.9267 0.00099318
-32.8449 0.00100272
-32.7631 0.00101236
-32.6812 0.00102209
-32.5994 0.00103193
-32.5176 0.00104186
-32.4357 0.00105189
-32.3539 0.00106203
-32.2721 0.00107227
-32.1902 0.00108262
-32.1084 0.00109307
-32.0266 0.00110362
-31.9447 0.00111429
-31.8629 0.00112506
-31.7811 0.00113594
-31.6992 0.00114694
-31.6174 0.00115804
-31.5356 0.00116927
-31.4538 0.0011806
-31.3719 0.00119206
-31.2901 0.00120363
-31.2083 0.00121532
-31.1264 0.00122713
-31.0446 0.00123906
-30.9628 0.00125111
-30.8809 0.00126329
-30.7991 0.0012756
-30.7173 0.00128803
-30.6354 0.00130059
-30.5536 0.00131328
-30.4718 0.0013261
-30.3899 0.00133906
-30.3081 0.00135214
-30.2263 0.00136537
-30.1444 0.00137873
-30.0626 0.00139223
-29.9808 0.00140588
-29.8989 0.00141966
-29.8171 0.00143359
-29.7353 0.00144766
-29.6535 0.00146188
-29.5716 0.00147625
-29.4898 0.00149077
-29.408 0.00150545
-29.3261 0.00152027
-29.2443 0.00153525
-29.1625 0.00155039
-29.0806 0.00156569
-28.9988 0.00158115
-28.917 0.00159677
-28.8351 0.00161256
-28.7533 0.00162851
-28.6715 0.00164463
-28.5896 0.00166092
-28.5078 0.00167739
-28.426 0.00169403
-28.3441 0.00171084
-28.2623 0.00172784
-28.1805 0.00174501
-28.0986 0.00176237
-28.0168 0.00177991
-27.935 0.00179764
-27.8531 0.00181555
-27.7713 0.00183366
-27.6895 0.00185196
-27.6077 0.00187046
-27.5258 0.00188916
-27.444 0.00190805
-27.3622 0.00192715
-27.2803 0.00194646
-27.1985 0.00196597
-27.1167 0.00198569
-27.0348 0.00200562
-26.953 0.00202577
-26.8712 0.00204614
-26.7893 0.00206672
-26.7075 0.00208753
-26.6257 0.00210856
-26.5438 0.00212983
-26.462 0.00215132
-26.3802 0.00217304
-26.2983 0.00219501
-26.2165 0.00221721
-26.1347 0.00223965
-26.0528 0.00226234
-25.971 0.00228527
-25.8892 0.00230846
-25.8073 0.0023319
-25.7255 0.0023556
-25.6437 0.00237955
-25.5619 0.00240377
-25.48 0.00242826
-25.3982 0.00245301
-25.3164 0.00247804
-25.2345 0.00250335
-25.1527 0.00252893
-25.0709 0.0025548
-24.989 0.00258095
-24.9072 0.0026074
-24.8254 0.00263413
-24.7435 0.00266117
-24.6617 0.0026885
-24.5799 0.00271614
-24.498 0.00274409
-24.4162 0.00277235
-24.3344 0.00280092
-24.2525 0.00282982
-24.1707 0.00285903
-24.0889 0.00288858
-24.007 0.00291846
-23.9252 0.00294867
-23.8434 0.00297923
-23.7615 0.00301013
-23.6797 0.00304138
-23.5979 0.00307298
-23.5161 0.00310494
-23.4342 0.00313726
-23.3524 0.00316995
-23.2706 0.00320301
-23.1887 0.00323645
-23.1069 0.00327027
-23.0251 0.00330447
-22.9432 0.00333906
-22.8614 0.00337406
-22.7796 0.00340945
-22.6977 0.00344525
-22.6159 0.00348146
-22.5341 0.00351808
-22.4522 0.00355513
-22.3704 0.00359261
-22.2886 0.00363052
-22.2067 0.00366886
-22.1249 0.00370766
-22.0431 0.0037469
-21.9612 0.0037866
-21.8794 0.00382676
-21.7976 0.00386739
-21.7157 0.00390849
-21.6339 0.00395008
-21.5521 0.00399215
-21.4703 0.00403472
-21.3884 0.00407778
-21.3066 0.00412136
-21.2248 0.00416544
-21.1429 0.00421005
-21.0611 0.00425519
-20.9793 0.00430085
-20.8974 0.00434707
-20.8156 0.00439383
-20.7338 0.00444114
-20.6519 0.00448902
-20.5701 0.00453747
-20.4883 0.00458651
-20.4064 0.00463612
-20.3246 0.00468634
-20.2428 0.00473716
-20.1609 0.00478859
-20.0791 0.00484064
-19.9973 0.00489332
-19.9154 0.00494663
-19.8336 0.0050006
-19.7518 0.00505521
-19.6699 0.0051105
-19.5881 0.00516645
-19.5063 0.00522309
-19.4245 0.00528043
-19.3426 0.00533846
-19.2608 0.00539721
-19.179 0.00545668
-19.0971 0.00551689
-19.0153 0.00557783
-18.9335 0.00563953
-18.8516 0.005702
-18.7698 0.00576524
-18.688 0.00582927
-18.6061 0.0058941
-18.5243 0.00595973
-18.4425 0.00602619
-18.3606 0.00609348
-18.2788 0.00616162
-18.197 0.00623061
-18.1151 0.00630048
-18.0333 0.00637122
-17.9515 0.00644287
-17.8696 0.00651542
-17.7878 0.0065889
-17.706 0.00666331
-17.6241 0.00673868
-17.5423 0.006815
-17.4605 0.00689231
-17.3787 0.00697061
-17.2968 0.00704992
-17.215 0.00713026
-17.1332 0.00721163
-17.0513 0.00729406
-16.9695 0.00737756
-16.8877 0.00746215
-16.8058 0.00754785
-16.724 0.00763466
-16.6422 0.00772262
-16.5603 0.00781173
-16.4785 0.00790201
-16.3967 0.00799349
-16.3148 0.00808618
-16.233 0.0081801
-16.1512 0.00827528
-16.0693 0.00837172
-15.9875 0.00846945
-15.9057 0.00856849
-15.8238 0.00866886
-15.742 0.00877059
-15.6602 0.00887369
-15.5783 0.00897818
-15.4965 0.0090841
-15.4147 0.00919145
-15.3329 0.00930027
-15.251 0.00941059
-15.1692 0.00952241
-15.0874 0.00963578
-15.0055 0.00975071
-14.9237 0.00986723
-14.8419 0.00998536
-14.76 0.0101051
-14.6782 0.0102266
-14.5964 0.0103497
-14.5145 0.0104746
-14.4327 0.0106013
-14.3509 0.0107297
-14.269 0.0108599
-14.1872 0.010992
-14.1054 0.011126
-14.0235 0.0112619
-13.9417 0.0113997
-13.8599 0.0115395
-13.778 0.0116813
-13.6962 0.0118252
-13.6144 0.0119712
-13.5325 0.0121193
-13.4507 0.0122695
-13.3689 0.0124219
-13.2871 0.0125766
-13.2052 0.0127336
-13.1234 0.0128929
-13.0416 0.0130545
-12.9597 0.0132186
-12.8779 0.0133851
-12.7961 0.0135541
-12.7142 0.0137257
-12.6324 0.0138998
-12.5506 0.0140766
-12.4687 0.014256
-12.3869 0.0144382
-12.3051 0.0146232
-12.2232 0.0148111
-12.1414 0.0150018
-12.0596 0.0151955
-11.9777 0.0153922
-11.8959 0.0155919
-11.8141 0.0157948
-11.7322 0.0160009
-11.6504 0.0162102
-11.5686 0.0164228
-11.4867 0.0166389
-11.4049 0.0168583
-11.3231 0.0170813
-11.2413 0.0173079
-11.1594 0.0175381
-11.0776 0.0177721
-10.9958 0.0180099
-10.9139 0.0182516
-10.8321 0.0184972
-10.7503 0.018747
-10.6684 0.0190008
-10.5866 0.0192589
-10.5048 0.0195213
-10.4229 0.0197881
-10.3411 0.0200594
-10.2593 0.0203353
-10.1774 0.0206159
-10.0956 0.0209013
-10.0138 0.0211917
-9.93194 0.021487
-9.85011 0.0217875
-9.76828 0.0220932
-9.68645 0.0224042
-9.60461 0.0227208
-9.52278 0.0230429
-9.44095 0.0233708
-9.35912 0.0237046
-9.27729 0.0240443
-9.19545 0.0243902
-9.11362 0.0247424
-9.03179 0.025101
-8.94996 0.0254662
-8.86813 0.0258381
-8.78629 0.026217
-8.70446 0.0266029
-8.62263 0.026996
-8.5408 0.0273966
-8.45897 0.0278048
-8.37713 0.0282208
-8.2953 0.0286448
-8.21347 0.0290769
-8.13164 0.0295175
-8.04981 0.0299667
-7.96797 0.0304247
-7.88614 0.0308918
-7.80431 0.0313681
-7.72248 0.0318541
-7.64065 0.0323498
-7.55881 0.0328556
-7.47698 0.0333717
-7.39515 0.0338984
-7.31332 0.034436
-7.23149 0.0349848
-7.14965 0.0355452
-7.06782 0.0361173
-6.98599 0.0367016
-6.90416 0.0372985
-6.82233 0.0379081
-6.74049 0.038531
-6.65866 0.0391676
-6.57683 0.0398181
-6.495 0.0404831
-6.41317 0.0411629
-6.33133 0.041858
-6.2495 0.0425688
-6.16767 0.0432959
-6.08584 0.0440397
-6.00401 0.0448007
-5.92217 0.0455795
-5.84034 0.0463766
-5.75851 0.0471926
-5.67668 0.0480281
-5.59485 0.0488837
-5.51301 0.0497601
-5.43118 0.0506579
-5.34935 0.0515778
-5.26752 0.0525206
-5.18569 0.0534869
-5.10385 0.0544777
-5.02202 0.0554936
-4.94019 0.0565356
-4.85836 0.0576045
-4.77653 0.0587012
-4.69469 0.0598267
-4.61286 0.0609819
-4.53103 0.0621679
-4.4492 0.0633857
-4.36737 0.0646365
-4.28553 0.0659212
-4.2037 0.0672412
-4.12187 0.0685976
-4.04004 0.0699917
-3.95821 0.0714248
-3.87637 0.0728981
-3.79454 0.0744131
-3.71271 0.0759712
-3.63088 0.0775737
-3.54905 0.0792221
-3.46721 0.0809179
-3.38538 0.0826625
-3.30355 0.0844574
-3.22172 0.0863041
-3.13989 0.088204
-3.05805 0.0901585
-2.97622 0.0921689
-2.89439 0.0942364
-2.81256 0.0963621
-2.73073 0.0985469
-2.64889 0.100791
-2.56706 0.103096
-2.48523 0.105461
-2.4034 0.107886
-2.32157 0.11037
-2.23973 0.11291
-2.1579 0.115506
-2.07607 0.118152
-1.99424 0.120845
-1.91241 0.123579
-1.83057 0.126345
-1.74874 0.129133
-1.66691 0.13193
-1.58508 0.134723
-1.50325 0.137491
-1.42141 0.140212
-1.33958 0.142859
-1.25775 0.145401
-1.17592 0.1478
-1.09409 0.150012
-1.01225 0.15199
-0.930423 0.153678
-0.848591 0.155015
-0.766759 0.155939
-0.684927 0.156381
-0.603095 0.156276
-0.521263 0.15556
-0.439431 0.154178
-0.357599 0.152086
-0.275767 0.149259
-0.193935 0.145691
-0.112103 0.141403
-0.030271 0.136438
0.0515609 0.130866
0.133393 0.12478
0.215225 0.118285
0.297057 0.111499
0.378889 0.104542
0.460721 0.097529
0.542553 0.0905657
0.624385 0.0837449
0.706217 0.0771433
0.788049 0.0708208
0.869881 0.0648214
0.951713 0.0591742
1.03354 0.0538955
1.11538 0.0489908
1.19721 0.0444572
1.27904 0.0402851
1.36087 0.0364601
1.4427 0.0329645
1.52454 0.0297787
1.60637 0.0268819
1.6882 0.024253
1.77003 0.021871
1.85186 0.0197157
1.9337 0.0177677
2.01553 0.0160087
2.09736 0.0144216
2.17919 0.0129905
2.26102 0.0117007
2.34286 0.0105387
2.42469 0.00949218
2.50652 0.00854987
2.58835 0.00770154
2.67018 0.00693791
2.75202 0.00625057
2.83385 0.00563192
2.91568 0.00507508
2.99751 0.00457387
3.07934 0.00412271
3.16118 0.00371656
3.24301 0.0033509
3.32484 0.00302165
3.40667 0.00272517
3.4885 0.00245814
3.57034 0.00221762
3.65217 0.00200093
3.734 0.0018057
3.81583 0.00162976
3.89766 0.00147119
3.9795 0.00132825
4.06133 0.00119937
4.14316 0.00108317
4.22499 0.00097836
4.30682 0.000883823
4.38866 0.000798536
4.47049 0.000721581
4.55232 0.000652134
4.63415 0.000589451
4.71598 0.000532866
4.79782 0.000481777
4.87965 0.000435643
4.96148 0.000393978
5.04331 0.000356343
5.12514 0.000322343
5.20698 0.000291623
5.28881 0.000263863
5.37064 0.000238773
5.45247 0.000216094
5.5343 0.000195592
5.61614 0.000177055
5.69797 0.000160292
5.7798 0.000145132
5.86163 0.00013142
5.94346 0.000119016
6.0253 0.000107793
6.10713 9.7639e-05
6.18896 8.845e-05
6.27079 8.01336e-05
6.35262 7.2606e-05
6.43446 6.57918e-05
6.51629 5.96225e-05
6.59812 5.40367e-05
6.67995 4.89785e-05
6.76178 4.43977e-05
6.84362 4.02487e-05
6.92545 3.64906e-05
7.00728 3.30861e-05
7.08911 3.00017e-05
7.17094 2.7207e-05
7.25278 2.46746e-05
7.33461 2.23796e-05
7.41644 2.02996e-05
7.49827 1.84143e-05
7.5801 1.67054e-05
7.66194 1.51561e-05
7.74377 1.37515e-05
7.8256 1.24779e-05
7.90743 1.13231e-05
7.98926 1.02758e-05
8.0711 9.32603e-06
8.15293 8.4646e-06
8.23476 7.68322e-06
8.31659 6.97442e-06
8.39842 6.3314e-06
