-5.04411 4.61231e-05
-5.01432 4.86611e-05
-4.98452 5.13387e-05
-4.95473 5.41638e-05
-4.92494 5.71444e-05
-4.89514 6.02891e-05
-4.86535 6.36069e-05
-4.83556 6.71074e-05
-4.80577 7.08005e-05
-4.77597 7.46969e-05
-4.74618 7.88078e-05
-4.71639 8.3145e-05
-4.68659 8.77209e-05
-4.6568 9.25486e-05
-4.62701 9.76421e-05
-4.59722 0.000103016
-4.56742 0.000108685
-4.53763 0.000114667
-4.50784 0.000120977
-4.47804 0.000127635
-4.44825 0.000134659
-4.41846 0.00014207
-4.38866 0.000149888
-4.35887 0.000158136
-4.32908 0.000166838
-4.29929 0.000176018
-4.26949 0.000185704
-4.2397 0.000195921
-4.20991 0.000206701
-4.18011 0.000218073
-4.15032 0.00023007
-4.12053 0.000242726
-4.09074 0.000256078
-4.06094 0.000270164
-4.03115 0.000285023
-4.00136 0.000300698
-3.97156 0.000317234
-3.94177 0.000334678
-3.91198 0.000353079
-3.88218 0.000372491
-3.85239 0.000392967
-3.8226 0.000414567
-3.79281 0.000437351
-3.76301 0.000461385
-3.73322 0.000486736
-3.70343 0.000513476
-3.67363 0.000541681
-3.64384 0.000571432
-3.61405 0.000602811
-3.58426 0.000635907
-3.55446 0.000670815
-3.52467 0.000707632
-3.49488 0.000746462
-3.46508 0.000787415
-3.43529 0.000830604
-3.4055 0.000876153
-3.37571 0.000924188
-3.34591 0.000974844
-3.31612 0.00102826
-3.28633 0.00108459
-3.25653 0.00114399
-3.22674 0.00120662
-3.19695 0.00127267
-3.16715 0.0013423
-3.13736 0.00141572
-3.10757 0.00149312
-3.07778 0.00157473
-3.04798 0.00166077
-3.01819 0.00175146
-2.9884 0.00184707
-2.9586 0.00194786
-2.92881 0.00205409
-2.89902 0.00216606
-2.86923 0.00228408
-2.83943 0.00240846
-2.80964 0.00253954
-2.77985 0.00267767
-2.75005 0.00282323
-2.72026 0.0029766
-2.69047 0.0031382
-2.66067 0.00330846
-2.63088 0.00348782
-2.60109 0.00367676
-2.5713 0.00387578
-2.5415 0.0040854
-2.51171 0.00430616
-2.48192 0.00453865
-2.45212 0.00478346
-2.42233 0.00504122
-2.39254 0.0053126
-2.36275 0.00559828
-2.33295 0.00589898
-2.30316 0.00621547
-2.27337 0.00654854
-2.24357 0.006899
-2.21378 0.00726774
-2.18399 0.00765564
-2.15419 0.00806365
-2.1244 0.00849276
-2.09461 0.00894399
-2.06482 0.00941841
-2.03502 0.00991713
-2.00523 0.0104413
-1.97544 0.0109922
-1.94564 0.0115709
-1.91585 0.0121789
-1.88606 0.0128174
-1.85627 0.0134879
-1.82647 0.0141918
-1.79668 0.0149306
-1.76689 0.0157058
-1.73709 0.0165191
-1.7073 0.0173721
-1.67751 0.0182664
-1.64771 0.0192039
-1.61792 0.0201863
-1.58813 0.0212153
-1.55834 0.022293
-1.52854 0.0234212
-1.49875 0.0246018
-1.46896 0.0258368
-1.43916 0.0271282
-1.40937 0.028478
-1.37958 0.0298883
-1.34979 0.031361
-1.31999 0.0328982
-1.2902 0.0345019
-1.26041 0.0361741
-1.23061 0.0379168
-1.20082 0.0397318
-1.17103 0.0416212
-1.14123 0.0435865
-1.11144 0.0456296
-1.08165 0.0477521
-1.05186 0.0499553
-1.02206 0.0522407
-0.99227 0.0546093
-0.962477 0.0570623
-0.932684 0.0596003
-0.902891 0.0622239
-0.873099 0.0649334
-0.843306 0.0677288
-0.813513 0.0706098
-0.78372 0.0735759
-0.753927 0.0766259
-0.724134 0.0797587
-0.694341 0.0829724
-0.664548 0.0862649
-0.634755 0.0896336
-0.604962 0.0930754
-0.575169 0.0965869
-0.545376 0.100164
-0.515583 0.103802
-0.48579 0.107497
-0.455997 0.111242
-0.426205 0.115033
-0.396412 0.118861
-0.366619 0.122722
-0.336826 0.126606
-0.307033 0.130508
-0.27724 0.134419
-0.247447 0.13833
-0.217654 0.142233
-0.187861 0.14612
-0.158068 0.149981
-0.128275 0.153808
-0.0984822 0.157591
-0.0686893 0.161322
-0.0388964 0.164992
-0.00910343 0.168593
0.0206895 0.172115
0.0504824 0.175552
0.0802754 0.178894
0.110068 0.182136
0.139861 0.18527
0.169654 0.18829
0.199447 0.191191
0.22924 0.193966
0.259033 0.196612
0.288826 0.199125
0.318619 0.201501
0.348412 0.203738
0.378205 0.205834
0.407998 0.207787
0.437791 0.209596
0.467584 0.211262
0.497376 0.212783
0.527169 0.214162
0.556962 0.2154
0.586755 0.216497
0.616548 0.217457
0.646341 0.218281
0.676134 0.218973
0.705927 0.219535
0.73572 0.219971
0.765513 0.220285
0.795306 0.22048
0.825099 0.220559
0.854892 0.220528
0.884685 0.22039
0.914478 0.22015
0.94427 0.219811
0.974063 0.219378
1.00386 0.218854
1.03365 0.218245
1.06344 0.217555
1.09324 0.216786
1.12303 0.215945
1.15282 0.215033
1.18261 0.214056
1.21241 0.213017
1.2422 0.21192
1.27199 0.210768
1.30179 0.209565
1.33158 0.208314
1.36137 0.207018
1.39116 0.205681
1.42096 0.204305
1.45075 0.202894
1.48054 0.201449
1.51034 0.199974
1.54013 0.198472
1.56992 0.196944
1.59972 0.195392
1.62951 0.19382
1.6593 0.19223
1.68909 0.190622
1.71889 0.189
1.74868 0.187364
1.77847 0.185717
1.80827 0.18406
1.83806 0.182396
1.86785 0.180724
1.89764 0.179047
1.92744 0.177366
1.95723 0.175682
1.98702 0.173996
2.01682 0.17231
2.04661 0.170624
2.0764 0.168939
2.10619 0.167257
2.13599 0.165578
2.16578 0.163903
2.19557 0.162233
2.22537 0.160568
2.25516 0.158909
2.28495 0.157257
2.31475 0.155612
2.34454 0.153976
2.37433 0.152347
2.40412 0.150727
2.43392 0.149117
2.46371 0.147516
2.4935 0.145925
2.5233 0.144344
2.55309 0.142774
2.58288 0.141215
2.61267 0.139668
2.64247 0.138131
2.67226 0.136607
2.70205 0.135094
2.73185 0.133593
2.76164 0.132105
2.79143 0.130629
2.82123 0.129165
2.85102 0.127714
2.88081 0.126276
2.9106 0.124851
2.9404 0.123438
2.97019 0.122039
2.99998 0.120652
3.02978 0.119279
3.05957 0.117918
3.08936 0.116571
3.11915 0.115237
3.14895 0.113915
3.17874 0.112607
3.20853 0.111312
3.23833 0.11003
3.26812 0.108761
3.29791 0.107505
3.32771 0.106263
3.3575 0.105032
3.38729 0.103815
3.41708 0.102611
3.44688 0.101419
3.47667 0.10024
3.50646 0.0990737
3.53626 0.0979199
3.56605 0.0967785
3.59584 0.0956496
3.62563 0.0945329
3.65543 0.0934285
3.68522 0.0923363
3.71501 0.0912561
3.74481 0.0901878
3.7746 0.0891315
3.80439 0.088087
3.83419 0.0870541
3.86398 0.0860329
3.89377 0.0850232
3.92356 0.0840249
3.95336 0.0830379
3.98315 0.0820621
4.01294 0.0810975
4.04274 0.0801438
4.07253 0.0792011
4.10232 0.0782692
4.13211 0.077348
4.16191 0.0764374
4.1917 0.0755374
4.22149 0.0746477
4.25129 0.0737683
4.28108 0.0728992
4.31087 0.0720401
4.34067 0.0711911
4.37046 0.0703519
4.40025 0.0695226
4.43004 0.0687029
4.45984 0.0678928
4.48963 0.0670922
4.51942 0.0663011
4.54922 0.0655192
4.57901 0.0647465
4.6088 0.0639828
4.63859 0.0632282
4.66839 0.0624825
4.69818 0.0617456
4.72797 0.0610174
4.75777 0.0602978
4.78756 0.0595867
4.81735 0.058884
4.84714 0.0581897
4.87694 0.0575036
4.90673 0.0568256
4.93652 0.0561557
4.96632 0.0554937
4.99611 0.0548396
5.0259 0.0541933
5.0557 0.0535546
5.08549 0.0529236
5.11528 0.0523
5.14507 0.0516839
5.17487 0.0510751
5.20466 0.0504736
5.23445 0.0498793
5.26425 0.049292
5.29404 0.0487117
5.32383 0.0481384
5.35362 0.0475719
5.38342 0.0470122
5.41321 0.0464591
5.443 0.0459127
5.4728 0.0453727
5.50259 0.0448393
5.53238 0.0443122
5.56218 0.0437913
5.59197 0.0432767
5.62176 0.0427683
5.65155 0.0422659
5.68135 0.0417696
5.71114 0.0412791
5.74093 0.0407946
5.77073 0.0403158
5.80052 0.0398427
5.83031 0.0393753
5.8601 0.0389135
5.8899 0.0384572
5.91969 0.0380063
5.94948 0.0375608
5.97928 0.0371207
6.00907 0.0366858
6.03886 0.0362561
6.06866 0.0358316
6.09845 0.0354121
6.12824 0.0349976
6.15803 0.034588
6.18783 0.0341834
6.21762 0.0337836
6.24741 0.0333886
6.27721 0.0329982
6.307 0.0326126
6.33679 0.0322315
6.36658 0.031855
6.39638 0.0314829
6.42617 0.0311154
6.45596 0.0307521
6.48576 0.0303933
6.51555 0.0300387
6.54534 0.0296883
6.57514 0.0293421
6.60493 0.029
6.63472 0.028662
6.66451 0.028328
6.69431 0.027998
6.7241 0.0276719
6.75389 0.0273498
6.78369 0.0270314
6.81348 0.0267168
6.84327 0.026406
6.87306 0.0260988
6.90286 0.0257954
6.93265 0.0254955
6.96244 0.0251992
6.99224 0.0249064
7.02203 0.024617
7.05182 0.0243312
7.08161 0.0240487
7.11141 0.0237695
7.1412 0.0234937
7.17099 0.0232211
7.20079 0.0229518
7.23058 0.0226857
7.26037 0.0224227
7.29017 0.0221628
7.31996 0.021906
7.34975 0.0216523
7.37954 0.0214016
7.40934 0.0211538
7.43913 0.0209089
7.46892 0.020667
7.49872 0.0204279
7.52851 0.0201917
7.5583 0.0199582
7.58809 0.0197275
7.61789 0.0194995
7.64768 0.0192742
7.67747 0.0190516
7.70727 0.0188316
7.73706 0.0186142
7.76685 0.0183994
7.79665 0.018187
7.82644 0.0179772
7.85623 0.0177699
7.88602 0.017565
7.91582 0.0173625
7.94561 0.0171625
7.9754 0.0169647
8.0052 0.0167693
8.03499 0.0165762
8.06478 0.0163854
8.09457 0.0161968
8.12437 0.0160104
8.15416 0.0158262
8.18395 0.0156442
8.21375 0.0154643
8.24354 0.0152866
8.27333 0.0151109
8.30313 0.0149372
8.33292 0.0147657
8.36271 0.0145961
8.3925 0.0144285
8.4223 0.0142629
8.45209 0.0140992
8.48188 0.0139375
8.51168 0.0137776
8.54147 0.0136196
8.57126 0.0134634
8.60105 0.0133091
8.63085 0.0131566
8.66064 0.0130059
8.69043 0.0128569
8.72023 0.0127097
8.75002 0.0125642
8.77981 0.0124204
8.80961 0.0122783
8.8394 0.0121378
8.86919 0.011999
8.89898 0.0118618
8.92878 0.0117262
8.95857 0.0115921
8.98836 0.0114597
9.01816 0.0113288
9.04795 0.0111994
9.07774 0.0110715
9.10753 0.0109451
9.13733 0.0108202
9.16712 0.0106967
9.19691 0.0105747
9.22671 0.0104541
9.2565 0.0103348
9.28629 0.010217
9.31609 0.0101006
9.34588 0.00998547
9.37567 0.00987171
9.40546 0.00975926
9.43526 0.00964813
9.46505 0.00953828
9.49484 0.00942971
9.52464 0.00932239
9.55443 0.00921632
9.58422 0.00911149
9.61401 0.00900786
9.64381 0.00890544
9.6736 0.0088042
9.70339 0.00870414
9.73319 0.00860523
9.76298 0.00850747
9.79277 0.00841085
9.82256 0.00831534
9.85236 0.00822093
9.88215 0.00812762
9.91194 0.00803538
9.94174 0.00794421
9.97153 0.00785409
10.0013 0.00776502
10.0311 0.00767697
10.0609 0.00758994
10.0907 0.00750392
10.1205 0.00741889
10.1503 0.00733483
10.1801 0.00725175
10.2099 0.00716963
10.2397 0.00708845
10.2695 0.00700821
10.2993 0.00692889
10.329 0.00685049
10.3588 0.00677299
10.3886 0.00669638
10.4184 0.00662065
10.4482 0.00654579
10.478 0.0064718
10.5078 0.00639866
10.5376 0.00632635
10.5674 0.00625488
10.5972 0.00618423
10.627 0.00611439
10.6568 0.00604536
10.6866 0.00597711
10.7164 0.00590965
10.7461 0.00584297
10.7759 0.00577705
10.8057 0.00571189
10.8355 0.00564747
10.8653 0.00558379
10.8951 0.00552084
10.9249 0.00545862
10.9547 0.0053971
10.9845 0.0053363
11.0143 0.00527618
11.0441 0.00521676
11.0739 0.00515802
11.1037 0.00509995
11.1335 0.00504254
11.1632 0.00498579
11.193 0.00492969
11.2228 0.00487423
11.2526 0.0048194
11.2824 0.00476521
11.3122 0.00471163
11.342 0.00465866
11.3718 0.0046063
11.4016 0.00455453
11.4314 0.00450336
11.4612 0.00445277
11.491 0.00440276
11.5208 0.00435332
11.5506 0.00430444
11.5803 0.00425612
11.6101 0.00420835
11.6399 0.00416112
11.6697 0.00411444
11.6995 0.00406828
11.7293 0.00402265
11.7591 0.00397754
11.7889 0.00393295
11.8187 0.00388886
11.8485 0.00384527
11.8783 0.00380218
11.9081 0.00375958
11.9379 0.00371747
11.9677 0.00367583
11.9974 0.00363466
12.0272 0.00359397
12.057 0.00355374
12.0868 0.00351396
12.1166 0.00347463
12.1464 0.00343576
12.1762 0.00339732
12.206 0.00335932
12.2358 0.00332175
12.2656 0.00328461
12.2954 0.00324789
12.3252 0.00321158
12.355 0.00317569
12.3848 0.0031402
12.4146 0.00310512
12.4443 0.00307043
12.4741 0.00303614
12.5039 0.00300223
12.5337 0.00296871
12.5635 0.00293557
12.5933 0.00290281
12.6231 0.00287041
12.6529 0.00283838
12.6827 0.00280671
12.7125 0.00277541
12.7423 0.00274445
12.7721 0.00271385
12.8019 0.00268359
12.8317 0.00265367
12.8614 0.0026241
12.8912 0.00259485
12.921 0.00256594
12.9508 0.00253735
12.9806 0.00250909
13.0104 0.00248114
13.0402 0.00245351
13.07 0.0024262
13.0998 0.00239919
13.1296 0.00237248
13.1594 0.00234608
13.1892 0.00231997
13.219 0.00229416
13.2488 0.00226864
13.2785 0.00224341
13.3083 0.00221846
13.3381 0.00219379
13.3679 0.0021694
13.3977 0.00214529
13.4275 0.00212144
13.4573 0.00209787
13.4871 0.00207456
13.5169 0.00205151
13.5467 0.00202872
13.5765 0.00200619
13.6063 0.00198391
13.6361 0.00196188
13.6659 0.0019401
13.6956 0.00191857
13.7254 0.00189728
13.7552 0.00187622
13.785 0.00185541
13.8148 0.00183482
13.8446 0.00181447
13.8744 0.00179435
13.9042 0.00177445
13.934 0.00175477
13.9638 0.00173532
13.9936 0.00171608
14.0234 0.00169707
14.0532 0.00167826
14.083 0.00165966
14.1127 0.00164128
14.1425 0.0016231
14.1723 0.00160512
14.2021 0.00158735
14.2319 0.00156977
14.2617 0.00155239
14.2915 0.00153521
14.3213 0.00151821
14.3511 0.00150141
14.3809 0.0014848
14.4107 0.00146837
14.4405 0.00145213
14.4703 0.00143607
14.5001 0.00142018
14.5298 0.00140448
14.5596 0.00138895
14.5894 0.0013736
14.6192 0.00135841
14.649 0.0013434
14.6788 0.00132855
14.7086 0.00131387
14.7384 0.00129936
14.7682 0.00128501
14.798 0.00127081
14.8278 0.00125678
14.8576 0.0012429
14.8874 0.00122918
14.9172 0.00121561
14.9469 0.00120219
14.9767 0.00118892
15.0065 0.0011758
15.0363 0.00116283
15.0661 0.00115
15.0959 0.00113731
15.1257 0.00112477
15.1555 0.00111236
15.1853 0.0011001
15.2151 0.00108797
15.2449 0.00107597
15.2747 0.00106411
15.3045 0.00105238
15.3343 0.00104078
15.3641 0.00102931
15.3938 0.00101797
15.4236 0.00100676
15.4534 0.000995669
15.4832 0.000984703
15.513 0.000973858
15.5428 0.000963135
15.5726 0.00095253
15.6024 0.000942044
15.6322 0.000931674
15.662 0.00092142
15.6918 0.000911279
15.7216 0.000901252
15.7514 0.000891336
15.7812 0.00088153
15.8109 0.000871833
15.8407 0.000862244
15.8705 0.000852761
15.9003 0.000843384
15.9301 0.000834111
15.9599 0.000824941
15.9897 0.000815873
16.0195 0.000806905
16.0493 0.000798037
16.0791 0.000789267
16.1089 0.000780595
16.1387 0.000772019
16.1685 0.000763538
16.1983 0.000755152
16.228 0.000746858
16.2578 0.000738656
16.2876 0.000730546
16.3174 0.000722525
16.3472 0.000714593
16.377 0.000706749
16.4068 0.000698992
16.4366 0.000691321
16.4664 0.000683735
16.4962 0.000676233
16.526 0.000668814
16.5558 0.000661477
16.5856 0.000654222
16.6154 0.000647047
16.6451 0.000639951
16.6749 0.000632934
16.7047 0.000625994
16.7345 0.000619132
16.7643 0.000612345
16.7941 0.000605634
16.8239 0.000598996
16.8537 0.000592432
16.8835 0.000585941
16.9133 0.000579521
16.9431 0.000573173
16.9729 0.000566895
17.0027 0.000560686
17.0325 0.000554545
17.0622 0.000548473
17.092 0.000542468
17.1218 0.000536529
17.1516 0.000530655
17.1814 0.000524847
17.2112 0.000519102
17.241 0.000513421
17.2708 0.000507803
17.3006 0.000502247
17.3304 0.000496752
17.3602 0.000491318
17.39 0.000485944
17.4198 0.000480629
17.4496 0.000475373
17.4793 0.000470175
17.5091 0.000465034
17.5389 0.00045995
17.5687 0.000454922
17.5985 0.000449949
17.6283 0.000445031
17.6581 0.000440168
17.6879 0.000435358
17.7177 0.000430601
17.7475 0.000425896
17.7773 0.000421243
17.8071 0.000416642
17.8369 0.000412091
17.8667 0.000407591
17.8965 0.00040314
17.9262 0.000398738
17.956 0.000394384
17.9858 0.000390079
18.0156 0.00038582
18.0454 0.000381609
18.0752 0.000377444
18.105 0.000373325
18.1348 0.000369251
18.1646 0.000365222
18.1944 0.000361238
18.2242 0.000357297
18.254 0.000353399
18.2838 0.000349545
18.3136 0.000345733
18.3433 0.000341962
18.3731 0.000338234
18.4029 0.000334546
18.4327 0.000330898
18.4625 0.000327291
18.4923 0.000323724
18.5221 0.000320195
18.5519 0.000316706
18.5817 0.000313254
18.6115 0.000309841
18.6413 0.000306465
18.6711 0.000303126
18.7009 0.000299824
18.7307 0.000296558
18.7604 0.000293328
18.7902 0.000290134
18.82 0.000286974
18.8498 0.00028385
18.8796 0.000280759
18.9094 0.000277703
18.9392 0.00027468
18.969 0.00027169
18.9988 0.000268733
19.0286 0.000265808
19.0584 0.000262915
19.0882 0.000260055
19.118 0.000257225
19.1478 0.000254427
19.1775 0.000251659
19.2073 0.000248921
19.2371 0.000246214
19.2669 0.000243536
19.2967 0.000240888
19.3265 0.000238268
19.3563 0.000235678
19.3861 0.000233115
19.4159 0.000230581
19.4457 0.000228075
19.4755 0.000225596
19.5053 0.000223144
19.5351 0.000220719
19.5649 0.00021832
19.5946 0.000215948
19.6244 0.000213602
19.6542 0.000211281
19.684 0.000208986
19.7138 0.000206716
19.7436 0.00020447
19.7734 0.00020225
19.8032 0.000200053
19.833 0.000197881
19.8628 0.000195732
19.8926 0.000193607
19.9224 0.000191505
19.9522 0.000189427
19.982 0.00018737
20.0117 0.000185337
20.0415 0.000183325
20.0713 0.000181336
20.1011 0.000179368
20.1309 0.000177422
20.1607 0.000175497
20.1905 0.000173593
20.2203 0.00017171
20.2501 0.000169848
20.2799 0.000168005
20.3097 0.000166183
20.3395 0.000164381
20.3693 0.000162599
20.3991 0.000160836
20.4288 0.000159092
20.4586 0.000157367
20.4884 0.000155661
20.5182 0.000153974
20.548 0.000152305
20.5778 0.000150654
20.6076 0.000149022
20.6374 0.000147407
20.6672 0.00014581
20.697 0.00014423
20.7268 0.000142667
20.7566 0.000141122
20.7864 0.000139593
20.8162 0.000138081
20.846 0.000136586
20.8757 0.000135106
20.9055 0.000133643
20.9353 0.000132196
20.9651 0.000130765
20.9949 0.000129349
21.0247 0.000127949
21.0545 0.000126564
21.0843 0.000125194
21.1141 0.000123839
21.1439 0.000122498
21.1737 0.000121173
21.2035 0.000119862
21.2333 0.000118565
21.2631 0.000117282
21.2928 0.000116013
21.3226 0.000114758
21.3524 0.000113516
21.3822 0.000112289
21.412 0.000111074
21.4418 0.000109873
21.4716 0.000108685
21.5014 0.000107509
21.5312 0.000106347
21.561 0.000105197
21.5908 0.00010406
21.6206 0.000102935
21.6504 0.000101822
21.6802 0.000100722
21.7099 9.96329e-05
21.7397 9.85561e-05
21.7695 9.7491e-05
21.7993 9.64375e-05
21.8291 9.53955e-05
21.8589 9.43647e-05
21.8887 9.33452e-05
21.9185 9.23368e-05
21.9483 9.13393e-05
21.9781 9.03527e-05
22.0079 8.93768e-05
22.0377 8.84115e-05
22.0675 8.74567e-05
22.0973 8.65123e-05
22.127 8.55781e-05
22.1568 8.46541e-05
22.1866 8.37401e-05
22.2164 8.28361e-05
22.2462 8.19418e-05
22.276 8.10573e-05
22.3058 8.01824e-05
22.3356 7.9317e-05
22.3654 7.84609e-05
22.3952 7.76142e-05
22.425 7.67767e-05
22.4548 7.59482e-05
22.4846 7.51288e-05
22.5144 7.43182e-05
22.5441 7.35165e-05
22.5739 7.27234e-05
22.6037 7.1939e-05
22.6335 7.1163e-05
22.6633 7.03955e-05
22.6931 6.96363e-05
22.7229 6.88853e-05
22.7527 6.81425e-05
22.7825 6.74077e-05
22.8123 6.6681e-05
22.8421 6.5962e-05
22.8719 6.52509e-05
22.9017 6.45475e-05
22.9315 6.38517e-05
22.9612 6.31635e-05
22.991 6.24827e-05
23.0208 6.18093e-05
23.0506 6.11432e-05
23.0804 6.04844e-05
23.1102 5.98326e-05
23.14 5.9188e-05
23.1698 5.85503e-05
23.1996 5.79195e-05
23.2294 5.72955e-05
23.2592 5.66784e-05
23.289 5.60679e-05
23.3188 5.5464e-05
23.3486 5.48666e-05
23.3784 5.42757e-05
23.4081 5.36913e-05
23.4379 5.31131e-05
23.4677 5.25412e-05
23.4975 5.19755e-05
23.5273 5.14159e-05
23.5571 5.08624e-05
23.5869 5.03149e-05
23.6167 4.97733e-05
23.6465 4.92376e-05
23.6763 4.87076e-05
23.7061 4.81834e-05
23.7359 4.76649e-05
23.7657 4.7152e-05
23.7955 4.66446e-05
23.8252 4.61427e-05
23.855 4.56463e-05
23.8848 4.51552e-05
23.9146 4.46694e-05
23.9444 4.41889e-05
23.9742 4.37136e-05
24.004 4.32434e-05
24.0338 4.27783e-05
24.0636 4.23182e-05
24.0934 4.18631e-05
24.1232 4.14129e-05
24.153 4.09676e-05
24.1828 4.05271e-05
24.2126 4.00914e-05
24.2423 3.96604e-05
24.2721 3.9234e-05
24.3019 3.88122e-05
24.3317 3.8395e-05
24.3615 3.79824e-05
24.3913 3.75741e-05
24.4211 3.71703e-05
24.4509 3.67708e-05
24.4807 3.63757e-05
24.5105 3.59848e-05
24.5403 3.55982e-05
24.5701 3.52157e-05
24.5999 3.48373e-05
24.6297 3.44631e-05
24.6594 3.40928e-05
24.6892 3.37266e-05
24.719 3.33643e-05
