-3.3043 0.000636045
-3.28466 0.000662281
-3.26501 0.000689602
-3.24537 0.000718054
-3.22573 0.000747682
-3.20609 0.000778537
-3.18645 0.000810669
-3.16681 0.000844131
-3.14716 0.000878978
-3.12752 0.000915267
-3.10788 0.000953059
-3.08824 0.000992416
-3.0686 0.0010334
-3.04896 0.00107609
-3.02931 0.00112054
-3.00967 0.00116683
-2.99003 0.00121504
-2.97039 0.00126525
-2.95075 0.00131753
-2.9311 0.00137199
-2.91146 0.0014287
-2.89182 0.00148775
-2.87218 0.00154926
-2.85254 0.00161331
-2.8329 0.00168002
-2.81325 0.0017495
-2.79361 0.00182185
-2.77397 0.0018972
-2.75433 0.00197567
-2.73469 0.00205739
-2.71505 0.00214251
-2.6954 0.00223115
-2.67576 0.00232346
-2.65612 0.0024196
-2.63648 0.00251972
-2.61684 0.00262399
-2.59719 0.00273258
-2.57755 0.00284567
-2.55791 0.00296345
-2.53827 0.0030861
-2.51863 0.00321384
-2.49899 0.00334687
-2.47934 0.00348541
-2.4597 0.00362968
-2.44006 0.00377993
-2.42042 0.00393641
-2.40078 0.00409936
-2.38114 0.00426905
-2.36149 0.00444577
-2.34185 0.0046298
-2.32221 0.00482145
-2.30257 0.00502102
-2.28293 0.00522885
-2.26328 0.00544526
-2.24364 0.00567062
-2.224 0.0059053
-2.20436 0.00614967
-2.18472 0.00640413
-2.16508 0.00666909
-2.14543 0.00694499
-2.12579 0.00723227
-2.10615 0.00753139
-2.08651 0.00784285
-2.06687 0.00816713
-2.04723 0.00850477
-2.02758 0.00885631
-2.00794 0.0092223
-1.9883 0.00960334
-1.96866 0.01
-1.94902 0.010413
-1.92937 0.0108429
-1.90973 0.0112905
-1.89009 0.0117564
-1.87045 0.0122413
-1.85081 0.0127461
-1.83117 0.0132716
-1.81152 0.0138184
-1.79188 0.0143876
-1.77224 0.01498
-1.7526 0.0155965
-1.73296 0.016238
-1.71332 0.0169056
-1.69367 0.0176002
-1.67403 0.018323
-1.65439 0.019075
-1.63475 0.0198573
-1.61511 0.0206712
-1.59546 0.0215178
-1.57582 0.0223985
-1.55618 0.0233144
-1.53654 0.024267
-1.5169 0.0252576
-1.49726 0.0262877
-1.47761 0.0273587
-1.45797 0.0284722
-1.43833 0.0296297
-1.41869 0.0308329
-1.39905 0.0320833
-1.37941 0.0333828
-1.35976 0.0347331
-1.34012 0.036136
-1.32048 0.0375933
-1.30084 0.039107
-1.2812 0.0406789
-1.26155 0.0423112
-1.24191 0.0440057
-1.22227 0.0457647
-1.20263 0.0475901
-1.18299 0.0494842
-1.16335 0.0514491
-1.1437 0.0534871
-1.12406 0.0556003
-1.10442 0.0577912
-1.08478 0.0600619
-1.06514 0.0624147
-1.0455 0.0648519
-1.02585 0.0673759
-1.00621 0.0699889
-0.98657 0.0726933
-0.966928 0.0754911
-0.947286 0.0783846
-0.927645 0.0813761
-0.908003 0.0844674
-0.888361 0.0876608
-0.868719 0.0909579
-0.849077 0.0943607
-0.829436 0.0978708
-0.809794 0.10149
-0.790152 0.105219
-0.77051 0.109059
-0.750869 0.113012
-0.731227 0.117077
-0.711585 0.121255
-0.691943 0.125547
-0.672302 0.129952
-0.65266 0.13447
-0.633018 0.139099
-0.613376 0.143838
-0.593734 0.148686
-0.574093 0.15364
-0.554451 0.158696
-0.534809 0.163853
-0.515167 0.169105
-0.495526 0.174448
-0.475884 0.179878
-0.456242 0.185387
-0.4366 0.19097
-0.416959 0.196619
-0.397317 0.202327
-0.377675 0.208085
-0.358033 0.213884
-0.338392 0.219713
-0.31875 0.225563
-0.299108 0.231422
-0.279466 0.237279
-0.259824 0.24312
-0.240183 0.248934
-0.220541 0.254708
-0.200899 0.260427
-0.181257 0.266079
-0.161616 0.271649
-0.141974 0.277124
-0.122332 0.28249
-0.10269 0.287733
-0.0830486 0.29284
-0.0634068 0.297799
-0.043765 0.302595
-0.0241233 0.307219
-0.00448149 0.311658
0.0151603 0.315902
0.034802 0.319942
0.0544438 0.323769
0.0740856 0.327376
0.0937273 0.330756
0.113369 0.333903
0.133011 0.336813
0.152653 0.339484
0.172294 0.341912
0.191936 0.344097
0.211578 0.346038
0.23122 0.347737
0.250861 0.349196
0.270503 0.350416
0.290145 0.351403
0.309787 0.352159
0.329429 0.352691
0.34907 0.353003
0.368712 0.353103
0.388354 0.352996
0.407996 0.35269
0.427637 0.352192
0.447279 0.35151
0.466921 0.350652
0.486563 0.349625
0.506204 0.348437
0.525846 0.347097
0.545488 0.345613
0.56513 0.343992
0.584772 0.342243
0.604413 0.340372
0.624055 0.338389
0.643697 0.3363
0.663339 0.334112
0.68298 0.331832
0.702622 0.329468
0.722264 0.327025
0.741906 0.32451
0.761547 0.321929
0.781189 0.319288
0.800831 0.316592
0.820473 0.313847
0.840114 0.311057
0.859756 0.308228
0.879398 0.305364
0.89904 0.302469
0.918682 0.299547
0.938323 0.296602
0.957965 0.293638
0.977607 0.290659
0.997249 0.287667
1.01689 0.284665
1.03653 0.281657
1.05617 0.278645
1.07582 0.275632
1.09546 0.272619
1.1151 0.26961
1.13474 0.266606
1.15438 0.263609
1.17402 0.260621
1.19367 0.257644
1.21331 0.254678
1.23295 0.251727
1.25259 0.24879
1.27223 0.245869
1.29188 0.242965
1.31152 0.24008
1.33116 0.237214
1.3508 0.234367
1.37044 0.231542
1.39008 0.228738
1.40973 0.225957
1.42937 0.223198
1.44901 0.220463
1.46865 0.217752
1.48829 0.215065
1.50793 0.212402
1.52758 0.209765
1.54722 0.207152
1.56686 0.204566
1.5865 0.202005
1.60614 0.19947
1.62579 0.196961
1.64543 0.194478
1.66507 0.192022
1.68471 0.189592
1.70435 0.187188
1.72399 0.184811
1.74364 0.18246
1.76328 0.180135
1.78292 0.177837
1.80256 0.175565
1.8222 0.173319
1.84184 0.1711
1.86149 0.168906
1.88113 0.166738
1.90077 0.164596
1.92041 0.162479
1.94005 0.160388
1.9597 0.158322
1.97934 0.156281
1.99898 0.154265
2.01862 0.152273
2.03826 0.150307
2.0579 0.148364
2.07755 0.146446
2.09719 0.144551
2.11683 0.142681
2.13647 0.140833
2.15611 0.139009
2.17575 0.137208
2.1954 0.13543
2.21504 0.133674
2.23468 0.131941
2.25432 0.13023
2.27396 0.128541
2.29361 0.126873
2.31325 0.125227
2.33289 0.123602
2.35253 0.121998
2.37217 0.120415
2.39181 0.118852
2.41146 0.11731
2.4311 0.115787
2.45074 0.114284
2.47038 0.112801
2.49002 0.111337
2.50966 0.109893
2.52931 0.108467
2.54895 0.10706
2.56859 0.105671
2.58823 0.1043
2.60787 0.102948
2.62752 0.101613
2.64716 0.100296
2.6668 0.0989956
2.68644 0.0977127
2.70608 0.0964466
2.72572 0.0951973
2.74537 0.0939644
2.76501 0.0927477
2.78465 0.091547
2.80429 0.0903622
2.82393 0.0891931
2.84357 0.0880393
2.86322 0.0869008
2.88286 0.0857773
2.9025 0.0846686
2.92214 0.0835746
2.94178 0.0824951
2.96143 0.0814298
2.98107 0.0803785
3.00071 0.0793412
3.02035 0.0783176
3.03999 0.0773075
3.05963 0.0763107
3.07928 0.0753271
3.09892 0.0743565
3.11856 0.0733987
3.1382 0.0724536
3.15784 0.071521
3.17748 0.0706007
3.19713 0.0696925
3.21677 0.0687964
3.23641 0.067912
3.25605 0.0670394
3.27569 0.0661783
3.29534 0.0653285
3.31498 0.0644899
3.33462 0.0636624
3.35426 0.0628458
3.3739 0.06204
3.39354 0.0612448
3.41319 0.0604601
3.43283 0.0596857
3.45247 0.0589216
3.47211 0.0581675
3.49175 0.0574233
3.51139 0.0566889
3.53104 0.0559642
3.55068 0.055249
3.57032 0.0545432
3.58996 0.0538467
3.6096 0.0531593
3.62925 0.052481
3.64889 0.0518116
3.66853 0.0511509
3.68817 0.0504989
3.70781 0.0498555
3.72745 0.0492206
3.7471 0.0485939
3.76674 0.0479754
3.78638 0.0473651
3.80602 0.0467628
3.82566 0.0461683
3.8453 0.0455816
3.86495 0.0450026
3.88459 0.0444311
3.90423 0.0438671
3.92387 0.0433105
3.94351 0.0427612
3.96316 0.042219
3.9828 0.0416839
4.00244 0.0411558
4.02208 0.0406345
4.04172 0.0401201
4.06136 0.0396123
4.08101 0.0391112
4.10065 0.0386166
4.12029 0.0381284
4.13993 0.0376466
4.15957 0.037171
4.17921 0.0367016
4.19886 0.0362383
4.2185 0.035781
4.23814 0.0353297
4.25778 0.0348842
4.27742 0.0344445
4.29707 0.0340105
4.31671 0.0335821
4.33635 0.0331593
4.35599 0.0327419
4.37563 0.0323299
4.39527 0.0319233
4.41492 0.0315219
4.43456 0.0311257
4.4542 0.0307346
4.47384 0.0303486
4.49348 0.0299675
4.51312 0.0295914
4.53277 0.0292201
4.55241 0.0288536
4.57205 0.0284918
4.59169 0.0281347
4.61133 0.0277822
4.63098 0.0274342
4.65062 0.0270907
4.67026 0.0267516
4.6899 0.0264169
4.70954 0.0260865
4.72918 0.0257603
4.74883 0.0254383
4.76847 0.0251204
4.78811 0.0248066
4.80775 0.0244968
4.82739 0.024191
4.84703 0.0238891
4.86668 0.0235911
4.88632 0.0232969
4.90596 0.0230065
4.9256 0.0227197
4.94524 0.0224367
4.96489 0.0221572
4.98453 0.0218813
5.00417 0.021609
5.02381 0.0213401
5.04345 0.0210746
5.06309 0.0208126
5.08274 0.0205539
5.10238 0.0202984
5.12202 0.0200463
5.14166 0.0197973
5.1613 0.0195515
5.18094 0.0193088
5.20059 0.0190692
5.22023 0.0188327
5.23987 0.0185992
5.25951 0.0183686
5.27915 0.018141
5.2988 0.0179162
5.31844 0.0176943
5.33808 0.0174752
5.35772 0.0172589
5.37736 0.0170453
5.397 0.0168345
5.41665 0.0166263
5.43629 0.0164207
5.45593 0.0162178
5.47557 0.0160174
5.49521 0.0158195
5.51486 0.0156242
5.5345 0.0154313
5.55414 0.0152408
5.57378 0.0150528
5.59342 0.0148671
5.61306 0.0146838
5.63271 0.0145028
5.65235 0.014324
5.67199 0.0141476
5.69163 0.0139733
5.71127 0.0138012
5.73091 0.0136313
5.75056 0.0134636
5.7702 0.0132979
5.78984 0.0131343
5.80948 0.0129728
5.82912 0.0128133
5.84877 0.0126559
5.86841 0.0125003
5.88805 0.0123468
5.90769 0.0121952
5.92733 0.0120454
5.94697 0.0118976
5.96662 0.0117516
5.98626 0.0116074
6.0059 0.0114651
6.02554 0.0113245
6.04518 0.0111857
6.06482 0.0110486
6.08447 0.0109133
6.10411 0.0107796
6.12375 0.0106476
6.14339 0.0105172
6.16303 0.0103885
6.18268 0.0102614
6.20232 0.0101359
6.22196 0.0100119
6.2416 0.00988949
6.26124 0.0097686
6.28088 0.00964922
6.30053 0.00953133
6.32017 0.0094149
6.33981 0.00929993
6.35945 0.00918639
6.37909 0.00907426
6.39873 0.00896353
6.41838 0.00885417
6.43802 0.00874618
6.45766 0.00863953
6.4773 0.0085342
6.49694 0.00843018
6.51659 0.00832746
6.53623 0.00822601
6.55587 0.00812581
6.57551 0.00802687
6.59515 0.00792915
6.61479 0.00783264
6.63444 0.00773733
6.65408 0.0076432
6.67372 0.00755023
6.69336 0.00745842
6.713 0.00736775
6.73264 0.00727819
6.75229 0.00718975
6.77193 0.0071024
6.79157 0.00701613
6.81121 0.00693093
6.83085 0.00684678
6.8505 0.00676367
6.87014 0.00668159
6.88978 0.00660052
6.90942 0.00652045
6.92906 0.00644137
6.9487 0.00636327
6.96835 0.00628613
6.98799 0.00620994
7.00763 0.00613469
7.02727 0.00606037
7.04691 0.00598697
7.06655 0.00591447
7.0862 0.00584286
7.10584 0.00577214
7.12548 0.00570228
7.14512 0.00563329
7.16476 0.00556514
7.18441 0.00549783
7.20405 0.00543135
7.22369 0.00536569
7.24333 0.00530083
7.26297 0.00523677
7.28261 0.0051735
7.30226 0.00511101
7.3219 0.00504928
7.34154 0.00498831
7.36118 0.00492809
7.38082 0.00486861
7.40046 0.00480985
7.42011 0.00475182
7.43975 0.0046945
7.45939 0.00463788
7.47903 0.00458196
7.49867 0.00452672
7.51832 0.00447215
7.53796 0.00441826
7.5576 0.00436502
7.57724 0.00431244
7.59688 0.0042605
7.61652 0.00420919
7.63617 0.00415851
7.65581 0.00410846
7.67545 0.00405901
7.69509 0.00401017
7.71473 0.00396192
7.73437 0.00391427
7.75402 0.00386719
7.77366 0.00382069
7.7933 0.00377476
7.81294 0.00372939
7.83258 0.00368457
7.85223 0.0036403
7.87187 0.00359657
7.89151 0.00355337
7.91115 0.0035107
7.93079 0.00346854
7.95043 0.00342691
7.97008 0.00338577
7.98972 0.00334514
8.00936 0.00330501
8.029 0.00326536
8.04864 0.0032262
8.06828 0.00318751
8.08793 0.00314929
8.10757 0.00311154
8.12721 0.00307424
8.14685 0.0030374
8.16649 0.00300101
8.18614 0.00296506
8.20578 0.00292955
8.22542 0.00289446
8.24506 0.00285981
8.2647 0.00282557
8.28434 0.00279175
8.30399 0.00275834
8.32363 0.00272534
8.34327 0.00269273
8.36291 0.00266052
8.38255 0.0026287
8.40219 0.00259727
8.42184 0.00256622
8.44148 0.00253554
8.46112 0.00250524
8.48076 0.0024753
8.5004 0.00244573
8.52005 0.00241651
8.53969 0.00238765
8.55933 0.00235913
8.57897 0.00233097
8.59861 0.00230314
8.61825 0.00227565
8.6379 0.00224849
8.65754 0.00222166
8.67718 0.00219515
8.69682 0.00216896
8.71646 0.00214309
8.7361 0.00211754
8.75575 0.00209229
8.77539 0.00206735
8.79503 0.0020427
8.81467 0.00201836
8.83431 0.00199431
8.85396 0.00197055
8.8736 0.00194707
8.89324 0.00192388
8.91288 0.00190097
8.93252 0.00187833
8.95216 0.00185597
8.97181 0.00183388
8.99145 0.00181205
9.01109 0.00179049
9.03073 0.00176918
9.05037 0.00174814
9.07001 0.00172734
9.08966 0.0017068
9.1093 0.0016865
9.12894 0.00166645
9.14858 0.00164664
9.16822 0.00162707
9.18787 0.00160773
9.20751 0.00158862
9.22715 0.00156975
9.24679 0.0015511
9.26643 0.00153268
9.28607 0.00151447
9.30572 0.00149649
9.32536 0.00147872
9.345 0.00146117
9.36464 0.00144382
9.38428 0.00142669
9.40392 0.00140976
9.42357 0.00139303
9.44321 0.00137651
9.46285 0.00136018
9.48249 0.00134405
9.50213 0.00132811
9.52178 0.00131236
9.54142 0.0012968
9.56106 0.00128143
9.5807 0.00126624
9.60034 0.00125124
9.61998 0.00123641
9.63963 0.00122176
9.65927 0.00120729
9.67891 0.00119299
9.69855 0.00117886
9.71819 0.0011649
9.73783 0.00115111
9.75748 0.00113748
9.77712 0.00112402
9.79676 0.00111072
9.8164 0.00109757
9.83604 0.00108459
9.85569 0.00107176
9.87533 0.00105908
9.89497 0.00104655
9.91461 0.00103418
9.93425 0.00102195
9.95389 0.00100987
9.97354 0.000997927
9.99318 0.000986131
10.0128 0.000974477
10.0325 0.000962961
10.0521 0.000951583
10.0717 0.000940341
10.0914 0.000929233
10.111 0.000918257
10.1307 0.000907413
10.1503 0.000896698
10.17 0.00088611
10.1896 0.000875649
10.2092 0.000865313
10.2289 0.0008551
10.2485 0.000845009
10.2682 0.000835038
10.2878 0.000825185
10.3074 0.000815451
10.3271 0.000805832
10.3467 0.000796328
10.3664 0.000786937
10.386 0.000777657
10.4057 0.000768489
10.4253 0.000759429
10.4449 0.000750477
10.4646 0.000741632
10.4842 0.000732892
10.5039 0.000724256
10.5235 0.000715723
10.5431 0.000707291
10.5628 0.00069896
10.5824 0.000690727
10.6021 0.000682593
10.6217 0.000674555
10.6414 0.000666613
10.661 0.000658765
10.6806 0.000651011
10.7003 0.000643348
10.7199 0.000635777
10.7396 0.000628295
10.7592 0.000620903
10.7788 0.000613598
10.7985 0.00060638
10.8181 0.000599247
10.8378 0.000592199
10.8574 0.000585235
10.8771 0.000578354
10.8967 0.000571554
10.9163 0.000564835
10.936 0.000558196
10.9556 0.000551635
10.9753 0.000545152
10.9949 0.000538746
11.0145 0.000532416
11.0342 0.000526161
11.0538 0.00051998
11.0735 0.000513872
11.0931 0.000507837
11.1128 0.000501873
11.1324 0.00049598
11.152 0.000490157
11.1717 0.000484403
11.1913 0.000478716
11.211 0.000473097
11.2306 0.000467545
11.2503 0.000462058
11.2699 0.000456637
11.2895 0.000451279
11.3092 0.000445985
11.3288 0.000440754
11.3485 0.000435584
11.3681 0.000430476
11.3877 0.000425428
11.4074 0.000420439
11.427 0.00041551
11.4467 0.000410639
11.4663 0.000405825
11.486 0.000401069
11.5056 0.000396368
11.5252 0.000391724
11.5449 0.000387134
11.5645 0.000382598
11.5842 0.000378116
11.6038 0.000373687
11.6234 0.00036931
11.6431 0.000364984
11.6627 0.00036071
11.6824 0.000356487
11.702 0.000352313
11.7217 0.000348188
11.7413 0.000344112
11.7609 0.000340084
11.7806 0.000336104
11.8002 0.000332171
11.8199 0.000328284
11.8395 0.000324443
11.8591 0.000320647
11.8788 0.000316896
11.8984 0.000313189
11.9181 0.000309526
11.9377 0.000305906
11.9574 0.000302329
11.977 0.000298794
11.9966 0.000295301
12.0163 0.000291848
12.0359 0.000288437
12.0556 0.000285065
12.0752 0.000281734
12.0948 0.000278441
12.1145 0.000275187
12.1341 0.000271972
12.1538 0.000268794
12.1734 0.000265654
12.1931 0.000262551
12.2127 0.000259485
12.2323 0.000256454
12.252 0.000253459
12.2716 0.000250499
12.2913 0.000247575
12.3109 0.000244684
12.3305 0.000241828
12.3502 0.000239005
12.3698 0.000236215
12.3895 0.000233458
12.4091 0.000230734
12.4288 0.000228042
12.4484 0.000225381
12.468 0.000222751
12.4877 0.000220153
12.5073 0.000217585
12.527 0.000215047
12.5466 0.000212539
12.5662 0.00021006
12.5859 0.000207611
12.6055 0.00020519
12.6252 0.000202798
12.6448 0.000200433
12.6645 0.000198097
12.6841 0.000195788
12.7037 0.000193506
12.7234 0.000191251
12.743 0.000189022
12.7627 0.00018682
12.7823 0.000184643
12.802 0.000182492
12.8216 0.000180366
12.8412 0.000178265
12.8609 0.000176189
12.8805 0.000174137
12.9002 0.000172109
12.9198 0.000170105
12.9394 0.000168124
12.9591 0.000166167
12.9787 0.000164232
12.9984 0.000162321
13.018 0.000160431
13.0377 0.000158564
13.0573 0.000156719
13.0769 0.000154895
13.0966 0.000153092
13.1162 0.000151311
13.1359 0.000149551
13.1555 0.000147811
13.1751 0.000146092
13.1948 0.000144392
13.2144 0.000142713
13.2341 0.000141053
13.2537 0.000139413
13.2734 0.000137792
13.293 0.00013619
13.3126 0.000134606
13.3323 0.000133042
13.3519 0.000131495
13.3716 0.000129967
13.3912 0.000128456
13.4108 0.000126963
13.4305 0.000125488
13.4501 0.00012403
13.4698 0.000122589
13.4894 0.000121164
13.5091 0.000119757
13.5287 0.000118366
13.5483 0.000116991
13.568 0.000115632
13.5876 0.000114289
13.6073 0.000112962
13.6269 0.00011165
13.6465 0.000110354
13.6662 0.000109072
13.6858 0.000107806
13.7055 0.000106554
13.7251 0.000105318
13.7448 0.000104095
13.7644 0.000102887
13.784 0.000101693
13.8037 0.000100513
13.8233 9.93466e-05
13.843 9.81939e-05
13.8626 9.70546e-05
13.8822 9.59287e-05
13.9019 9.48159e-05
13.9215 9.37161e-05
13.9412 9.26291e-05
13.9608 9.15548e-05
13.9805 9.0493e-05
14.0001 8.94436e-05
14.0197 8.84065e-05
14.0394 8.73814e-05
14.059 8.63684e-05
14.0787 8.53671e-05
14.0983 8.43775e-05
14.1179 8.33994e-05
14.1376 8.24328e-05
14.1572 8.14774e-05
14.1769 8.05332e-05
14.1965 7.95999e-05
14.2162 7.86776e-05
14.2358 7.7766e-05
14.2554 7.6865e-05
14.2751 7.59745e-05
14.2947 7.50944e-05
14.3144 7.42246e-05
14.334 7.33648e-05
14.3537 7.25151e-05
14.3733 7.16753e-05
14.3929 7.08453e-05
14.4126 7.00249e-05
14.4322 6.92141e-05
14.4519 6.84128e-05
14.4715 6.76207e-05
14.4911 6.68379e-05
14.5108 6.60642e-05
14.5304 6.52996e-05
14.5501 6.45438e-05
14.5697 6.37968e-05
14.5894 6.30585e-05
14.609 6.23288e-05
14.6286 6.16075e-05
14.6483 6.08947e-05
14.6679 6.01902e-05
14.6876 5.94939e-05
14.7072 5.88056e-05
14.7268 5.81254e-05
14.7465 5.74531e-05
14.7661 5.67886e-05
14.7858 5.61318e-05
14.8054 5.54827e-05
14.8251 5.48411e-05
14.8447 5.4207e-05
14.8643 5.35802e-05
14.884 5.29607e-05
14.9036 5.23485e-05
14.9233 5.17433e-05
14.9429 5.11452e-05
14.9625 5.0554e-05
14.9822 4.99698e-05
15.0018 4.93922e-05
15.0215 4.88214e-05
15.0411 4.82573e-05
15.0608 4.76997e-05
15.0804 4.71485e-05
15.1 4.66038e-05
15.1197 4.60654e-05
15.1393 4.55332e-05
15.159 4.50073e-05
15.1786 4.44874e-05
15.1982 4.39736e-05
15.2179 4.34657e-05
15.2375 4.29637e-05
15.2572 4.24676e-05
15.2768 4.19772e-05
15.2965 4.14925e-05
15.3161 4.10134e-05
15.3357 4.05399e-05
15.3554 4.00719e-05
15.375 3.96093e-05
15.3947 3.91521e-05
15.4143 3.87002e-05
15.4339 3.82536e-05
15.4536 3.78121e-05
15.4732 3.73757e-05
15.4929 3.69444e-05
15.5125 3.65181e-05
15.5322 3.60968e-05
15.5518 3.56803e-05
15.5714 3.52686e-05
15.5911 3.48618e-05
15.6107 3.44596e-05
15.6304 3.40621e-05
15.65 3.36692e-05
15.6696 3.32809e-05
15.6893 3.28971e-05
15.7089 3.25177e-05
15.7286 3.21427e-05
15.7482 3.17721e-05
15.7679 3.14058e-05
15.7875 3.10437e-05
15.8071 3.06858e-05
15.8268 3.0332e-05
15.8464 2.99823e-05
15.8661 2.96367e-05
15.8857 2.92951e-05
15.9053 2.89575e-05
15.925 2.86237e-05
15.9446 2.82939e-05
15.9643 2.79678e-05
15.9839 2.76455e-05
16.0036 2.7327e-05
16.0232 2.70121e-05
16.0428 2.67009e-05
16.0625 2.63933e-05
16.0821 2.60893e-05
16.1018 2.57887e-05
16.1214 2.54917e-05
16.1411 2.51981e-05
16.1607 2.49078e-05
16.1803 2.4621e-05
16.2 2.43375e-05
16.2196 2.40572e-05
16.2393 2.37802e-05
16.2589 2.35064e-05
16.2785 2.32357e-05
16.2982 2.29682e-05
16.3178 2.27038e-05
