0.695131 0.000582142
0.866622 0.00090562
1.03811 0.00132155
1.2096 0.00182727
1.3811 0.00241509
1.55259 0.00307418
1.72408 0.00379223
1.89557 0.00455678
2.06706 0.00535601
2.23855 0.00617921
2.41004 0.00701701
2.58154 0.00786138
2.75303 0.0087056
2.92452 0.00954412
3.09601 0.0103724
3.2675 0.0111869
3.43899 0.0119847
3.61048 0.0127635
3.78197 0.0135218
3.95347 0.0142582
4.12496 0.014972
4.29645 0.0156624
4.46794 0.0163293
4.63943 0.0169724
4.81092 0.0175918
4.98241 0.0181877
5.1539 0.0187603
5.3254 0.01931
5.49689 0.0198372
5.66838 0.0203423
5.83987 0.0208259
6.01136 0.0212884
6.18285 0.0217304
6.35434 0.0221524
6.52584 0.022555
6.69733 0.0229388
6.86882 0.0233043
7.04031 0.023652
7.2118 0.0239826
7.38329 0.0242965
7.55478 0.0245942
7.72627 0.0248764
7.89777 0.0251434
8.06926 0.0253958
8.24075 0.0256341
8.41224 0.0258587
8.58373 0.02607
8.75522 0.0262686
8.92671 0.0264548
9.09821 0.0266291
9.2697 0.0267918
9.44119 0.0269434
9.61268 0.0270841
9.78417 0.0272145
9.95566 0.0273348
10.1272 0.0274453
10.2986 0.0275465
10.4701 0.0276386
10.6416 0.0277219
10.8131 0.0277968
10.9846 0.0278634
11.1561 0.0279222
11.3276 0.0279733
11.4991 0.0280171
11.6706 0.0280538
11.8421 0.0280835
12.0136 0.0281067
12.185 0.0281234
12.3565 0.028134
12.528 0.0281386
12.6995 0.0281374
12.871 0.0281307
13.0425 0.0281186
13.214 0.0281013
13.3855 0.028079
13.557 0.0280519
13.7285 0.0280202
13.9 0.0279839
14.0715 0.0279434
14.2429 0.0278987
14.4144 0.0278499
14.5859 0.0277973
14.7574 0.0277409
14.9289 0.027681
15.1004 0.0276176
15.2719 0.0275508
15.4434 0.0274809
15.6149 0.0274078
15.7864 0.0273318
15.9579 0.0272529
16.1293 0.0271712
16.3008 0.0270869
16.4723 0.0270001
16.6438 0.0269108
16.8153 0.0268192
16.9868 0.0267253
17.1583 0.0266293
17.3298 0.0265312
17.5013 0.0264311
17.6728 0.026329
17.8443 0.0262252
18.0158 0.0261196
18.1872 0.0260124
18.3587 0.0259035
18.5302 0.0257932
18.7017 0.0256814
18.8732 0.0255681
19.0447 0.0254536
19.2162 0.0253378
19.3877 0.0252208
19.5592 0.0251027
19.7307 0.0249835
19.9022 0.0248632
20.0736 0.024742
20.2451 0.0246199
20.4166 0.0244969
20.5881 0.024373
20.7596 0.0242485
20.9311 0.0241231
21.1026 0.0239972
21.2741 0.0238705
21.4456 0.0237433
21.6171 0.0236156
21.7886 0.0234873
21.9601 0.0233586
22.1315 0.0232294
22.303 0.0230998
22.4745 0.0229699
22.646 0.0228396
22.8175 0.0227091
22.989 0.0225783
23.1605 0.0224473
23.332 0.022316
23.5035 0.0221846
23.675 0.0220531
23.8465 0.0219215
24.0179 0.0217897
24.1894 0.0216579
24.3609 0.0215261
24.5324 0.0213943
24.7039 0.0212625
24.8754 0.0211307
25.0469 0.020999
25.2184 0.0208674
25.3899 0.0207359
25.5614 0.0206045
25.7329 0.0204732
25.9044 0.0203421
26.0758 0.0202112
26.2473 0.0200805
26.4188 0.01995
26.5903 0.0198197
26.7618 0.0196897
26.9333 0.01956
27.1048 0.0194305
27.2763 0.0193013
27.4478 0.0191725
27.6193 0.0190439
27.7908 0.0189157
27.9622 0.0187879
28.1337 0.0186604
28.3052 0.0185332
28.4767 0.0184065
28.6482 0.0182801
28.8197 0.0181542
28.9912 0.0180287
29.1627 0.0179036
29.3342 0.0177789
29.5057 0.0176547
29.6772 0.0175309
29.8487 0.0174076
30.0201 0.0172848
30.1916 0.0171624
30.3631 0.0170405
30.5346 0.0169191
30.7061 0.0167982
30.8776 0.0166778
31.0491 0.016558
31.2206 0.0164386
31.3921 0.0163198
31.5636 0.0162015
31.7351 0.0160837
31.9065 0.0159665
32.078 0.0158498
32.2495 0.0157336
32.421 0.015618
32.5925 0.015503
32.764 0.0153885
32.9355 0.0152746
33.107 0.0151613
33.2785 0.0150485
33.45 0.0149363
33.6215 0.0148247
33.793 0.0147137
33.9644 0.0146032
34.1359 0.0144933
34.3074 0.014384
34.4789 0.0142753
34.6504 0.0141672
34.8219 0.0140597
34.9934 0.0139528
35.1649 0.0138465
35.3364 0.0137407
35.5079 0.0136356
35.6794 0.0135311
35.8508 0.0134271
36.0223 0.0133238
36.1938 0.0132211
36.3653 0.013119
36.5368 0.0130174
36.7083 0.0129165
36.8798 0.0128162
37.0513 0.0127165
37.2228 0.0126173
37.3943 0.0125188
37.5658 0.0124209
37.7373 0.0123236
37.9087 0.0122269
38.0802 0.0121308
38.2517 0.0120353
38.4232 0.0119404
38.5947 0.0118461
38.7662 0.0117524
38.9377 0.0116593
39.1092 0.0115667
39.2807 0.0114748
39.4522 0.0113835
39.6237 0.0112928
39.7952 0.0112026
39.9666 0.0111131
40.1381 0.0110241
40.3096 0.0109357
40.4811 0.010848
40.6526 0.0107608
40.8241 0.0106741
40.9956 0.0105881
41.1671 0.0105026
41.3386 0.0104178
41.5101 0.0103335
41.6816 0.0102497
41.853 0.0101666
42.0245 0.010084
42.196 0.010002
42.3675 0.00992053
42.539 0.00983965
42.7105 0.00975933
42.882 0.00967957
43.0535 0.00960037
43.225 0.00952172
43.3965 0.00944363
43.568 0.00936609
43.7395 0.0092891
43.9109 0.00921266
44.0824 0.00913676
44.2539 0.00906141
44.4254 0.00898659
44.5969 0.00891232
44.7684 0.00883858
44.9399 0.00876537
45.1114 0.00869269
45.2829 0.00862054
45.4544 0.00854892
45.6259 0.00847781
45.7973 0.00840723
45.9688 0.00833717
46.1403 0.00826763
46.3118 0.00819859
46.4833 0.00813007
46.6548 0.00806205
46.8263 0.00799454
46.9978 0.00792753
47.1693 0.00786102
47.3408 0.00779501
47.5123 0.0077295
47.6838 0.00766447
47.8552 0.00759994
48.0267 0.00753589
48.1982 0.00747232
48.3697 0.00740924
48.5412 0.00734663
48.7127 0.0072845
48.8842 0.00722285
49.0557 0.00716166
49.2272 0.00710094
49.3987 0.00704069
49.5702 0.0069809
49.7416 0.00692157
49.9131 0.0068627
50.0846 0.00680428
50.2561 0.00674631
50.4276 0.00668879
50.5991 0.00663172
50.7706 0.00657509
50.9421 0.0065189
51.1136 0.00646315
51.2851 0.00640783
51.4566 0.00635295
51.6281 0.0062985
51.7995 0.00624447
51.971 0.00619087
52.1425 0.00613769
52.314 0.00608493
52.4855 0.00603259
52.657 0.00598066
52.8285 0.00592914
53 0.00587803
53.1715 0.00582732
53.343 0.00577702
53.5145 0.00572712
53.6859 0.00567762
53.8574 0.00562851
54.0289 0.0055798
54.2004 0.00553147
54.3719 0.00548354
54.5434 0.00543598
54.7149 0.00538881
54.8864 0.00534202
55.0579 0.00529561
55.2294 0.00524957
55.4009 0.00520391
55.5724 0.00515861
55.7438 0.00511368
55.9153 0.00506912
56.0868 0.00502491
56.2583 0.00498107
56.4298 0.00493758
56.6013 0.00489445
56.7728 0.00485167
56.9443 0.00480924
57.1158 0.00476715
57.2873 0.00472541
57.4588 0.00468402
57.6302 0.00464296
57.8017 0.00460224
57.9732 0.00456185
58.1447 0.0045218
58.3162 0.00448207
58.4877 0.00444268
58.6592 0.00440361
58.8307 0.00436486
59.0022 0.00432643
59.1737 0.00428833
59.3452 0.00425053
59.5167 0.00421306
59.6881 0.00417589
59.8596 0.00413903
60.0311 0.00410248
60.2026 0.00406623
60.3741 0.00403029
60.5456 0.00399464
60.7171 0.0039593
60.8886 0.00392425
61.0601 0.00388949
61.2316 0.00385502
61.4031 0.00382084
61.5745 0.00378695
61.746 0.00375335
61.9175 0.00372003
62.089 0.00368698
62.2605 0.00365422
62.432 0.00362173
62.6035 0.00358952
62.775 0.00355757
62.9465 0.0035259
63.118 0.0034945
63.2895 0.00346336
63.461 0.00343249
63.6324 0.00340187
63.8039 0.00337152
63.9754 0.00334142
64.1469 0.00331159
64.3184 0.003282
64.4899 0.00325267
64.6614 0.00322358
64.8329 0.00319475
65.0044 0.00316616
65.1759 0.00313781
65.3474 0.00310971
65.5188 0.00308184
65.6903 0.00305422
65.8618 0.00302683
66.0333 0.00299968
66.2048 0.00297276
66.3763 0.00294607
66.5478 0.00291961
66.7193 0.00289337
66.8908 0.00286737
67.0623 0.00284158
67.2338 0.00281602
67.4053 0.00279068
67.5767 0.00276556
67.7482 0.00274065
67.9197 0.00271596
68.0912 0.00269148
68.2627 0.00266722
68.4342 0.00264316
68.6057 0.00261931
68.7772 0.00259567
68.9487 0.00257223
69.1202 0.002549
69.2917 0.00252597
69.4631 0.00250314
69.6346 0.00248051
69.8061 0.00245807
69.9776 0.00243583
70.1491 0.00241378
70.3206 0.00239192
70.4921 0.00237026
70.6636 0.00234878
70.8351 0.00232749
71.0066 0.00230639
71.1781 0.00228547
71.3496 0.00226474
71.521 0.00224418
71.6925 0.00222381
71.864 0.00220361
72.0355 0.00218359
72.207 0.00216375
72.3785 0.00214408
72.55 0.00212458
72.7215 0.00210525
72.893 0.00208609
73.0645 0.00206711
73.236 0.00204828
73.4074 0.00202963
73.5789 0.00201114
73.7504 0.00199281
73.9219 0.00197464
74.0934 0.00195663
74.2649 0.00193879
74.4364 0.00192109
74.6079 0.00190356
74.7794 0.00188618
74.9509 0.00186895
75.1224 0.00185188
75.2939 0.00183496
75.4653 0.00181818
75.6368 0.00180156
75.8083 0.00178508
75.9798 0.00176875
76.1513 0.00175256
76.3228 0.00173652
76.4943 0.00172062
76.6658 0.00170486
76.8373 0.00168924
77.0088 0.00167376
77.1803 0.00165842
77.3517 0.00164321
77.5232 0.00162814
77.6947 0.0016132
77.8662 0.0015984
78.0377 0.00158372
78.2092 0.00156918
78.3807 0.00155477
78.5522 0.00154049
78.7237 0.00152633
78.8952 0.0015123
79.0667 0.0014984
79.2382 0.00148462
79.4096 0.00147096
79.5811 0.00145743
79.7526 0.00144401
79.9241 0.00143072
80.0956 0.00141754
80.2671 0.00140449
80.4386 0.00139155
80.6101 0.00137873
80.7816 0.00136602
80.9531 0.00135342
81.1246 0.00134094
81.296 0.00132857
81.4675 0.00131631
81.639 0.00130417
81.8105 0.00129213
81.982 0.0012802
82.1535 0.00126837
82.325 0.00125666
82.4965 0.00124505
82.668 0.00123354
82.8395 0.00122214
83.011 0.00121084
83.1825 0.00119964
83.3539 0.00118854
83.5254 0.00117754
83.6969 0.00116665
83.8684 0.00115585
84.0399 0.00114514
84.2114 0.00113454
84.3829 0.00112403
84.5544 0.00111361
84.7259 0.00110329
84.8974 0.00109307
85.0689 0.00108293
85.2403 0.00107289
85.4118 0.00106294
85.5833 0.00105308
85.7548 0.00104331
85.9263 0.00103362
86.0978 0.00102403
86.2693 0.00101452
86.4408 0.0010051
86.6123 0.000995758
86.7838 0.000986506
86.9553 0.000977338
87.1268 0.000968254
87.2982 0.000959252
87.4697 0.000950331
87.6412 0.000941492
87.8127 0.000932734
87.9842 0.000924055
88.1557 0.000915455
88.3272 0.000906933
88.4987 0.000898489
88.6702 0.000890122
88.8417 0.000881831
89.0132 0.000873616
89.1846 0.000865476
89.3561 0.00085741
89.5276 0.000849417
89.6991 0.000841498
89.8706 0.000833651
90.0421 0.000825875
90.2136 0.000818171
90.3851 0.000810537
90.5566 0.000802973
90.7281 0.000795478
90.8996 0.000788051
91.0711 0.000780693
91.2425 0.000773401
91.414 0.000766177
91.5855 0.000759019
91.757 0.000751926
91.9285 0.000744898
92.1 0.000737935
92.2715 0.000731035
92.443 0.000724199
92.6145 0.000717425
92.786 0.000710714
92.9575 0.000704064
93.1289 0.000697475
93.3004 0.000690947
93.4719 0.000684479
93.6434 0.00067807
93.8149 0.00067172
93.9864 0.000665428
94.1579 0.000659194
94.3294 0.000653018
94.5009 0.000646898
94.6724 0.000640835
94.8439 0.000634827
95.0154 0.000628875
95.1868 0.000622978
95.3583 0.000617134
95.5298 0.000611345
95.7013 0.000605609
95.8728 0.000599926
96.0443 0.000594295
96.2158 0.000588717
96.3873 0.000583189
96.5588 0.000577713
96.7303 0.000572287
96.9018 0.000566911
97.0732 0.000561585
97.2447 0.000556308
97.4162 0.00055108
97.5877 0.0005459
97.7592 0.000540768
97.9307 0.000535684
98.1022 0.000530646
98.2737 0.000525655
98.4452 0.000520711
98.6167 0.000515811
98.7882 0.000510958
98.9597 0.000506149
99.1311 0.000501385
99.3026 0.000496664
99.4741 0.000491988
99.6456 0.000487355
99.8171 0.000482765
99.9886 0.000478217
100.16 0.000473712
100.332 0.000469248
100.503 0.000464825
100.675 0.000460444
100.846 0.000456103
101.018 0.000451803
101.189 0.000447543
101.361 0.000443322
101.532 0.00043914
101.704 0.000434997
101.875 0.000430893
102.046 0.000426827
102.218 0.000422798
102.389 0.000418807
102.561 0.000414853
102.732 0.000410936
102.904 0.000407055
103.075 0.000403211
103.247 0.000399402
103.418 0.000395628
103.59 0.00039189
103.761 0.000388187
103.933 0.000384518
104.104 0.000380883
104.276 0.000377282
104.447 0.000373715
104.619 0.000370181
104.79 0.000366679
104.962 0.000363211
105.133 0.000359775
105.305 0.00035637
105.476 0.000352998
105.648 0.000349657
105.819 0.000346347
105.991 0.000343068
106.162 0.00033982
106.334 0.000336602
106.505 0.000333414
106.677 0.000330256
106.848 0.000327128
107.02 0.000324028
107.191 0.000320958
107.363 0.000317916
107.534 0.000314903
107.706 0.000311918
107.877 0.000308961
108.049 0.000306031
108.22 0.000303129
108.392 0.000300254
108.563 0.000297406
108.735 0.000294585
108.906 0.00029179
109.078 0.000289021
109.249 0.000286278
109.421 0.000283561
109.592 0.000280869
109.764 0.000278203
109.935 0.000275561
110.107 0.000272945
110.278 0.000270353
110.45 0.000267785
110.621 0.000265241
110.793 0.000262721
110.964 0.000260225
111.136 0.000257752
111.307 0.000255302
111.479 0.000252875
111.65 0.000250471
111.822 0.00024809
111.993 0.000245731
112.164 0.000243394
112.336 0.00024108
112.507 0.000238786
112.679 0.000236515
112.85 0.000234265
113.022 0.000232036
113.193 0.000229827
113.365 0.00022764
113.536 0.000225473
113.708 0.000223327
113.879 0.000221201
114.051 0.000219095
114.222 0.000217008
114.394 0.000214941
114.565 0.000212894
114.737 0.000210866
114.908 0.000208857
115.08 0.000206867
115.251 0.000204896
115.423 0.000202943
115.594 0.000201009
115.766 0.000199093
115.937 0.000197195
116.109 0.000195315
116.28 0.000193452
116.452 0.000191608
116.623 0.00018978
116.795 0.00018797
116.966 0.000186177
117.138 0.000184401
117.309 0.000182641
117.481 0.000180898
117.652 0.000179172
117.824 0.000177462
117.995 0.000175768
118.167 0.00017409
118.338 0.000172428
118.51 0.000170781
118.681 0.000169151
118.853 0.000167535
119.024 0.000165935
119.196 0.00016435
119.367 0.00016278
119.539 0.000161225
119.71 0.000159684
119.882 0.000158158
120.053 0.000156647
120.225 0.000155149
120.396 0.000153666
120.568 0.000152197
120.739 0.000150742
120.911 0.000149301
121.082 0.000147873
121.254 0.000146459
121.425 0.000145058
121.597 0.00014367
121.768 0.000142296
121.939 0.000140934
122.111 0.000139586
122.282 0.00013825
122.454 0.000136927
122.625 0.000135616
122.797 0.000134318
122.968 0.000133032
123.14 0.000131759
123.311 0.000130497
123.483 0.000129248
123.654 0.00012801
123.826 0.000126784
123.997 0.000125569
124.169 0.000124366
124.34 0.000123175
124.512 0.000121995
124.683 0.000120826
124.855 0.000119668
125.026 0.000118521
125.198 0.000117385
125.369 0.00011626
125.541 0.000115145
125.712 0.000114041
125.884 0.000112948
126.055 0.000111865
126.227 0.000110792
126.398 0.000109729
126.57 0.000108677
126.741 0.000107635
126.913 0.000106602
127.084 0.000105579
127.256 0.000104566
127.427 0.000103563
127.599 0.000102569
127.77 0.000101584
127.942 0.000100609
128.113 9.96436e-05
128.285 9.8687e-05
128.456 9.77395e-05
128.628 9.6801e-05
128.799 9.58715e-05
128.971 9.49508e-05
129.142 9.40389e-05
129.314 9.31356e-05
129.485 9.2241e-05
129.657 9.13548e-05
129.828 9.04771e-05
130 8.96078e-05
130.171 8.87467e-05
130.343 8.78939e-05
130.514 8.70492e-05
130.686 8.62125e-05
130.857 8.53838e-05
131.029 8.4563e-05
131.2 8.375e-05
131.372 8.29447e-05
131.543 8.21472e-05
131.714 8.13572e-05
131.886 8.05748e-05
132.057 7.97998e-05
132.229 7.90323e-05
132.4 7.8272e-05
132.572 7.7519e-05
132.743 7.67732e-05
132.915 7.60345e-05
133.086 7.53029e-05
133.258 7.45782e-05
133.429 7.38605e-05
133.601 7.31496e-05
133.772 7.24455e-05
133.944 7.17481e-05
134.115 7.10573e-05
134.287 7.03732e-05
134.458 6.96956e-05
134.63 6.90245e-05
134.801 6.83598e-05
134.973 6.77014e-05
135.144 6.70493e-05
135.316 6.64035e-05
135.487 6.57638e-05
135.659 6.51302e-05
135.83 6.45027e-05
136.002 6.38812e-05
136.173 6.32657e-05
136.345 6.2656e-05
136.516 6.20521e-05
136.688 6.14541e-05
136.859 6.08617e-05
137.031 6.0275e-05
137.202 5.96939e-05
137.374 5.91184e-05
137.545 5.85484e-05
137.717 5.79839e-05
137.888 5.74247e-05
138.06 5.68709e-05
138.231 5.63224e-05
138.403 5.57791e-05
138.574 5.52411e-05
138.746 5.47082e-05
138.917 5.41804e-05
139.089 5.36576e-05
139.26 5.31399e-05
139.432 5.26271e-05
139.603 5.21192e-05
139.775 5.16162e-05
139.946 5.1118e-05
140.118 5.06246e-05
140.289 5.01359e-05
140.461 4.96519e-05
140.632 4.91726e-05
140.804 4.86978e-05
140.975 4.82276e-05
141.147 4.77619e-05
141.318 4.73006e-05
141.489 4.68438e-05
141.661 4.63914e-05
141.832 4.59433e-05
142.004 4.54995e-05
142.175 4.50599e-05
142.347 4.46246e-05
142.518 4.41934e-05
142.69 4.37664e-05
142.861 4.33435e-05
143.033 4.29246e-05
143.204 4.25098e-05
143.376 4.20989e-05
143.547 4.1692e-05
143.719 4.12889e-05
143.89 4.08898e-05
144.062 4.04945e-05
144.233 4.0103e-05
144.405 3.97152e-05
144.576 3.93312e-05
144.748 3.89508e-05
144.919 3.85741e-05
145.091 3.8201e-05
145.262 3.78316e-05
145.434 3.74656e-05
145.605 3.71032e-05
145.777 3.67442e-05
145.948 3.63887e-05
146.12 3.60367e-05
146.291 3.5688e-05
146.463 3.53426e-05
146.634 3.50006e-05
146.806 3.46619e-05
146.977 3.43264e-05
147.149 3.39941e-05
147.32 3.36651e-05
147.492 3.33392e-05
147.663 3.30164e-05
147.835 3.26968e-05
148.006 3.23802e-05
148.178 3.20666e-05
148.349 3.17561e-05
148.521 3.14486e-05
148.692 3.1144e-05
148.864 3.08424e-05
149.035 3.05436e-05
149.207 3.02478e-05
149.378 2.99548e-05
149.55 2.96646e-05
149.721 2.93772e-05
149.893 2.90925e-05
150.064 2.88106e-05
150.236 2.85315e-05
150.407 2.8255e-05
150.579 2.79811e-05
150.75 2.77099e-05
150.922 2.74414e-05
151.093 2.71754e-05
151.265 2.69119e-05
151.436 2.6651e-05
151.607 2.63927e-05
151.779 2.61368e-05
151.95 2.58834e-05
152.122 2.56324e-05
152.293 2.53838e-05
152.465 2.51376e-05
152.636 2.48938e-05
152.808 2.46524e-05
152.979 2.44133e-05
153.151 2.41765e-05
153.322 2.3942e-05
153.494 2.37097e-05
153.665 2.34797e-05
153.837 2.32519e-05
154.008 2.30262e-05
154.18 2.28028e-05
154.351 2.25815e-05
154.523 2.23624e-05
154.694 2.21454e-05
154.866 2.19304e-05
155.037 2.17176e-05
155.209 2.15067e-05
155.38 2.1298e-05
155.552 2.10912e-05
155.723 2.08864e-05
155.895 2.06837e-05
156.066 2.04828e-05
156.238 2.02839e-05
156.409 2.0087e-05
156.581 1.98919e-05
156.752 1.96987e-05
156.924 1.95074e-05
157.095 1.93179e-05
157.267 1.91303e-05
157.438 1.89445e-05
157.61 1.87604e-05
157.781 1.85782e-05
157.953 1.83977e-05
158.124 1.82189e-05
158.296 1.80419e-05
158.467 1.78666e-05
158.639 1.76929e-05
158.81 1.7521e-05
158.982 1.73507e-05
159.153 1.71821e-05
159.325 1.70151e-05
159.496 1.68497e-05
159.668 1.66859e-05
159.839 1.65237e-05
160.011 1.6363e-05
160.182 1.6204e-05
160.354 1.60464e-05
160.525 1.58904e-05
160.697 1.57359e-05
160.868 1.55828e-05
161.04 1.54313e-05
161.211 1.52812e-05
161.382 1.51326e-05
161.554 1.49854e-05
161.725 1.48397e-05
161.897 1.46953e-05
162.068 1.45523e-05
162.24 1.44108e-05
162.411 1.42706e-05
162.583 1.41317e-05
162.754 1.39942e-05
162.926 1.38581e-05
163.097 1.37232e-05
163.269 1.35897e-05
163.44 1.34574e-05
163.612 1.33264e-05
163.783 1.31967e-05
163.955 1.30683e-05
164.126 1.29411e-05
164.298 1.28151e-05
164.469 1.26903e-05
164.641 1.25668e-05
164.812 1.24444e-05
164.984 1.23233e-05
165.155 1.22033e-05
165.327 1.20845e-05
165.498 1.19668e-05
165.67 1.18502e-05
165.841 1.17348e-05
166.013 1.16205e-05
166.184 1.15074e-05
166.356 1.13953e-05
166.527 1.12843e-05
166.699 1.11744e-05
166.87 1.10655e-05
167.042 1.09577e-05
167.213 1.08509e-05
167.385 1.07452e-05
167.556 1.06405e-05
167.728 1.05368e-05
167.899 1.04342e-05
168.071 1.03325e-05
168.242 1.02318e-05
168.414 1.01321e-05
168.585 1.00333e-05
168.757 9.93552e-06
168.928 9.83867e-06
169.1 9.74277e-06
169.271 9.64779e-06
169.443 9.55374e-06
169.614 9.4606e-06
169.786 9.36836e-06
169.957 9.27702e-06
170.129 9.18656e-06
170.3 9.09698e-06
170.472 9.00828e-06
170.643 8.92043e-06
170.815 8.83343e-06
170.986 8.74728e-06
171.157 8.66197e-06
171.329 8.57748e-06
171.5 8.49381e-06
171.672 8.41096e-06
171.843 8.32891e-06
172.015 8.24766e-06
