-7.13771 2.04295e-06
-7.02367 2.42968e-06
-6.90963 2.88979e-06
-6.79559 3.43724e-06
-6.68155 4.08866e-06
-6.56751 4.86383e-06
-6.45347 5.78633e-06
-6.33943 6.88424e-06
-6.22539 8.191e-06
-6.11135 9.74643e-06
-5.99732 1.1598e-05
-5.88328 1.38022e-05
-5.76924 1.64263e-05
-5.6552 1.95507e-05
-5.54116 2.32709e-05
-5.42712 2.77007e-05
-5.31308 3.2976e-05
-5.19904 3.92583e-05
-5.085 4.67405e-05
-4.97096 5.5652e-05
-4.85692 6.62666e-05
-4.74288 7.89102e-05
-4.62884 9.39713e-05
-4.51481 0.000111913
-4.40077 0.000133286
-4.28673 0.000158748
-4.17269 0.000189082
-4.05865 0.000225218
-3.94461 0.000268267
-3.83057 0.000319548
-3.71653 0.000380633
-3.60249 0.000453391
-3.48845 0.000540042
-3.37441 0.000643226
-3.26037 0.000766075
-3.14633 0.000912306
-3.03229 0.00108632
-2.91826 0.00129333
-2.80422 0.00153949
-2.69018 0.00183206
-2.57614 0.00217957
-2.4621 0.00259206
-2.34806 0.00308124
-2.23402 0.00366076
-2.11998 0.00434643
-2.00594 0.00515648
-1.8919 0.00611171
-1.77786 0.00723565
-1.66382 0.0085546
-1.54978 0.0100974
-1.43574 0.0118952
-1.32171 0.0139803
-1.20767 0.0163851
-1.09363 0.0191399
-0.979588 0.0222703
-0.865549 0.025793
-0.751509 0.0297119
-0.63747 0.0340127
-0.523431 0.0386585
-0.409392 0.0435865
-0.295352 0.0487071
-0.181313 0.0539074
-0.0672738 0.0590586
0.0467654 0.064027
0.160805 0.0686877
0.274844 0.0729358
0.388883 0.0766952
0.502922 0.0799223
0.616962 0.082604
0.731001 0.0847535
0.84504 0.0864027
0.95908 0.0875961
1.07312 0.0883842
1.18716 0.0888192
1.3012 0.0889514
1.41524 0.0888276
1.52928 0.08849
1.64332 0.0879755
1.75735 0.0873163
1.87139 0.08654
1.98543 0.0856697
2.09947 0.0847252
2.21351 0.083723
2.32755 0.0826767
2.44159 0.0815979
2.55563 0.0804961
2.66967 0.079379
2.78371 0.0782532
2.89775 0.077124
3.01179 0.0759958
3.12583 0.0748721
3.23986 0.0737558
3.3539 0.0726493
3.46794 0.0715545
3.58198 0.070473
3.69602 0.0694057
3.81006 0.0683538
3.9241 0.0673178
4.03814 0.0662983
4.15218 0.0652956
4.26622 0.06431
4.38026 0.0633415
4.4943 0.0623903
4.60834 0.0614562
4.72238 0.0605391
4.83641 0.059639
4.95045 0.0587556
5.06449 0.0578888
5.17853 0.0570382
5.29257 0.0562036
5.40661 0.0553847
5.52065 0.0545813
5.63469 0.053793
5.74873 0.0530195
5.86277 0.0522606
5.97681 0.0515159
6.09085 0.0507852
6.20489 0.050068
6.31892 0.0493642
6.43296 0.0486734
6.547 0.0479953
6.66104 0.0473297
6.77508 0.0466762
6.88912 0.0460346
7.00316 0.0454045
7.1172 0.0447858
7.23124 0.0441782
7.34528 0.0435814
7.45932 0.0429951
7.57336 0.0424192
7.6874 0.0418533
7.80144 0.0412973
7.91547 0.0407509
8.02951 0.0402139
8.14355 0.0396861
8.25759 0.0391673
8.37163 0.0386573
8.48567 0.0381559
8.59971 0.0376628
8.71375 0.037178
8.82779 0.0367012
8.94183 0.0362322
9.05587 0.0357709
9.16991 0.0353171
9.28395 0.0348707
9.39798 0.0344315
9.51202 0.0339993
9.62606 0.033574
9.7401 0.0331554
9.85414 0.0327434
9.96818 0.0323379
10.0822 0.0319387
10.1963 0.0315457
10.3103 0.0311588
10.4243 0.0307779
10.5384 0.0304027
10.6524 0.0300333
10.7665 0.0296694
10.8805 0.0293111
10.9945 0.0289581
11.1086 0.0286104
11.2226 0.0282679
11.3367 0.0279304
11.4507 0.0275979
11.5647 0.0272702
11.6788 0.0269474
11.7928 0.0266292
11.9068 0.0263157
12.0209 0.0260066
12.1349 0.025702
12.249 0.0254017
12.363 0.0251057
12.477 0.0248139
12.5911 0.0245262
12.7051 0.0242425
12.8192 0.0239628
12.9332 0.023687
13.0472 0.023415
13.1613 0.0231468
13.2753 0.0228823
13.3894 0.0226214
13.5034 0.0223641
13.6174 0.0221102
13.7315 0.0218598
13.8455 0.0216128
13.9596 0.0213691
14.0736 0.0211287
14.1876 0.0208915
14.3017 0.0206574
14.4157 0.0204265
14.5298 0.0201986
14.6438 0.0199737
14.7578 0.0197518
14.8719 0.0195327
14.9859 0.0193166
15.0999 0.0191032
15.214 0.0188926
15.328 0.0186847
15.4421 0.0184795
15.5561 0.018277
15.6701 0.018077
15.7842 0.0178796
15.8982 0.0176846
16.0123 0.0174922
16.1263 0.0173022
16.2403 0.0171146
16.3544 0.0169293
16.4684 0.0167464
16.5825 0.0165658
16.6965 0.0163874
16.8105 0.0162112
16.9246 0.0160372
17.0386 0.0158653
17.1527 0.0156956
17.2667 0.015528
17.3807 0.0153624
17.4948 0.0151988
17.6088 0.0150373
17.7229 0.0148777
17.8369 0.01472
17.9509 0.0145643
18.065 0.0144104
18.179 0.0142584
18.293 0.0141082
18.4071 0.0139598
18.5211 0.0138131
18.6352 0.0136683
18.7492 0.0135251
18.8632 0.0133837
18.9773 0.0132439
19.0913 0.0131058
19.2054 0.0129693
19.3194 0.0128344
19.4334 0.0127011
19.5475 0.0125693
19.6615 0.0124391
19.7756 0.0123104
19.8896 0.0121832
20.0036 0.0120575
20.1177 0.0119333
20.2317 0.0118104
20.3458 0.011689
20.4598 0.011569
20.5738 0.0114504
20.6879 0.0113331
20.8019 0.0112172
20.916 0.0111026
21.03 0.0109893
21.144 0.0108773
21.2581 0.0107665
21.3721 0.0106571
21.4861 0.0105488
21.6002 0.0104418
21.7142 0.010336
21.8283 0.0102313
21.9423 0.0101279
22.0563 0.0100256
22.1704 0.00992444
22.2844 0.00982442
22.3985 0.00972552
22.5125 0.00962772
22.6265 0.009531
22.7406 0.00943535
22.8546 0.00934077
22.9687 0.00924722
23.0827 0.00915472
23.1967 0.00906323
23.3108 0.00897274
23.4248 0.00888325
23.5389 0.00879474
23.6529 0.0087072
23.7669 0.00862061
23.881 0.00853497
23.995 0.00845026
24.109 0.00836648
24.2231 0.0082836
24.3371 0.00820162
24.4512 0.00812053
24.5652 0.00804032
24.6792 0.00796097
24.7933 0.00788247
24.9073 0.00780482
25.0214 0.00772801
25.1354 0.00765202
25.2494 0.00757684
25.3635 0.00750247
25.4775 0.00742889
25.5916 0.0073561
25.7056 0.00728408
25.8196 0.00721283
25.9337 0.00714233
26.0477 0.00707259
26.1618 0.00700358
26.2758 0.0069353
26.3898 0.00686775
26.5039 0.00680091
26.6179 0.00673477
26.732 0.00666933
26.846 0.00660457
26.96 0.0065405
27.0741 0.0064771
27.1881 0.00641436
27.3021 0.00635228
27.4162 0.00629084
27.5302 0.00623005
27.6443 0.00616989
27.7583 0.00611036
27.8723 0.00605145
27.9864 0.00599314
28.1004 0.00593545
28.2145 0.00587835
28.3285 0.00582184
28.4425 0.00576592
28.5566 0.00571057
28.6706 0.00565579
28.7847 0.00560158
28.8987 0.00554793
29.0127 0.00549483
29.1268 0.00544227
29.2408 0.00539025
29.3549 0.00533876
29.4689 0.0052878
29.5829 0.00523737
29.697 0.00518744
29.811 0.00513803
29.9251 0.00508912
30.0391 0.00504071
30.1531 0.00499279
30.2672 0.00494536
30.3812 0.0048984
30.4952 0.00485193
30.6093 0.00480592
30.7233 0.00476038
30.8374 0.0047153
30.9514 0.00467068
31.0654 0.0046265
31.1795 0.00458278
31.2935 0.00453949
31.4076 0.00449663
31.5216 0.00445421
31.6356 0.00441221
31.7497 0.00437064
31.8637 0.00432948
31.9778 0.00428873
32.0918 0.00424839
32.2058 0.00420846
32.3199 0.00416892
32.4339 0.00412977
32.548 0.00409102
32.662 0.00405265
32.776 0.00401467
32.8901 0.00397706
33.0041 0.00393982
33.1182 0.00390296
33.2322 0.00386646
33.3462 0.00383032
33.4603 0.00379454
33.5743 0.00375911
33.6883 0.00372403
33.8024 0.0036893
33.9164 0.00365491
34.0305 0.00362086
34.1445 0.00358715
34.2585 0.00355377
34.3726 0.00352071
34.4866 0.00348798
34.6007 0.00345557
34.7147 0.00342348
34.8287 0.00339171
34.9428 0.00336024
35.0568 0.00332908
35.1709 0.00329823
35.2849 0.00326768
35.3989 0.00323743
35.513 0.00320747
35.627 0.0031778
35.7411 0.00314843
35.8551 0.00311933
35.9691 0.00309053
36.0832 0.003062
36.1972 0.00303375
36.3113 0.00300577
36.4253 0.00297806
36.5393 0.00295062
36.6534 0.00292345
36.7674 0.00289654
36.8814 0.00286989
36.9955 0.0028435
37.1095 0.00281737
37.2236 0.00279148
37.3376 0.00276585
37.4516 0.00274046
37.5657 0.00271532
37.6797 0.00269041
37.7938 0.00266575
37.9078 0.00264133
38.0218 0.00261714
38.1359 0.00259318
38.2499 0.00256945
38.364 0.00254595
38.478 0.00252267
38.592 0.00249962
38.7061 0.00247679
38.8201 0.00245417
38.9342 0.00243177
39.0482 0.00240959
39.1622 0.00238761
39.2763 0.00236585
39.3903 0.00234429
39.5043 0.00232294
39.6184 0.0023018
39.7324 0.00228085
39.8465 0.0022601
39.9605 0.00223955
40.0745 0.0022192
40.1886 0.00219903
40.3026 0.00217906
40.4167 0.00215928
40.5307 0.00213969
40.6447 0.00212028
40.7588 0.00210105
40.8728 0.00208201
40.9869 0.00206314
41.1009 0.00204446
41.2149 0.00202595
41.329 0.00200762
41.443 0.00198945
41.5571 0.00197146
41.6711 0.00195364
41.7851 0.00193599
41.8992 0.0019185
42.0132 0.00190118
42.1273 0.00188402
42.2413 0.00186702
42.3553 0.00185018
42.4694 0.0018335
42.5834 0.00181697
42.6974 0.0018006
42.8115 0.00178439
42.9255 0.00176832
43.0396 0.00175241
43.1536 0.00173664
43.2676 0.00172102
43.3817 0.00170555
43.4957 0.00169022
43.6098 0.00167504
43.7238 0.00165999
43.8378 0.00164509
43.9519 0.00163033
44.0659 0.0016157
44.18 0.00160121
44.294 0.00158685
44.408 0.00157263
44.5221 0.00155854
44.6361 0.00154458
44.7502 0.00153075
44.8642 0.00151705
44.9782 0.00150348
45.0923 0.00149003
45.2063 0.0014767
45.3204 0.0014635
45.4344 0.00145043
45.5484 0.00143747
45.6625 0.00142463
45.7765 0.00141191
45.8905 0.00139931
46.0046 0.00138683
46.1186 0.00137446
46.2327 0.0013622
46.3467 0.00135006
46.4607 0.00133803
46.5748 0.00132611
46.6888 0.0013143
46.8029 0.0013026
46.9169 0.00129101
47.0309 0.00127953
47.145 0.00126815
47.259 0.00125687
47.3731 0.0012457
47.4871 0.00123463
47.6011 0.00122366
47.7152 0.00121279
47.8292 0.00120203
47.9433 0.00119136
48.0573 0.00118079
48.1713 0.00117031
48.2854 0.00115993
48.3994 0.00114965
48.5135 0.00113946
48.6275 0.00112936
48.7415 0.00111936
48.8556 0.00110945
48.9696 0.00109963
49.0836 0.0010899
49.1977 0.00108025
49.3117 0.0010707
49.4258 0.00106123
49.5398 0.00105185
49.6538 0.00104255
49.7679 0.00103334
49.8819 0.00102421
49.996 0.00101517
50.11 0.00100621
50.224 0.000997326
50.3381 0.000988526
50.4521 0.000979806
50.5662 0.000971165
50.6802 0.000962603
50.7942 0.000954118
50.9083 0.000945711
51.0223 0.00093738
51.1364 0.000929124
51.2504 0.000920943
51.3644 0.000912837
51.4785 0.000904804
51.5925 0.000896843
51.7066 0.000888955
51.8206 0.000881138
51.9346 0.000873391
52.0487 0.000865715
52.1627 0.000858108
52.2767 0.00085057
52.3908 0.0008431
52.5048 0.000835698
52.6189 0.000828362
52.7329 0.000821092
52.8469 0.000813888
52.961 0.000806749
53.075 0.000799675
53.1891 0.000792664
53.3031 0.000785716
53.4171 0.000778831
53.5312 0.000772007
53.6452 0.000765246
53.7593 0.000758545
53.8733 0.000751904
53.9873 0.000745323
54.1014 0.000738801
54.2154 0.000732337
54.3295 0.000725932
54.4435 0.000719584
54.5575 0.000713294
54.6716 0.000707059
54.7856 0.000700881
54.8997 0.000694758
55.0137 0.00068869
55.1277 0.000682676
55.2418 0.000676716
55.3558 0.000670809
55.4698 0.000664956
55.5839 0.000659155
55.6979 0.000653405
55.812 0.000647707
55.926 0.00064206
56.04 0.000636464
56.1541 0.000630917
56.2681 0.00062542
56.3822 0.000619972
56.4962 0.000614573
56.6102 0.000609222
56.7243 0.000603919
56.8383 0.000598663
56.9524 0.000593453
57.0664 0.000588291
57.1804 0.000583174
57.2945 0.000578103
57.4085 0.000573077
57.5226 0.000568096
57.6366 0.000563159
57.7506 0.000558266
57.8647 0.000553416
57.9787 0.00054861
58.0927 0.000543846
58.2068 0.000539125
58.3208 0.000534446
58.4349 0.000529808
58.5489 0.000525212
58.6629 0.000520656
58.777 0.000516141
58.891 0.000511665
59.0051 0.00050723
59.1191 0.000502834
59.2331 0.000498476
59.3472 0.000494158
59.4612 0.000489877
59.5753 0.000485635
59.6893 0.00048143
59.8033 0.000477262
59.9174 0.000473132
60.0314 0.000469038
60.1455 0.00046498
60.2595 0.000460957
60.3735 0.000456971
60.4876 0.00045302
60.6016 0.000449103
60.7157 0.000445222
60.8297 0.000441374
60.9437 0.000437561
61.0578 0.000433781
61.1718 0.000430034
61.2858 0.000426321
61.3999 0.00042264
61.5139 0.000418992
61.628 0.000415376
61.742 0.000411792
61.856 0.000408239
61.9701 0.000404718
62.0841 0.000401228
62.1982 0.000397768
62.3122 0.000394339
62.4262 0.00039094
62.5403 0.000387571
62.6543 0.000384232
62.7684 0.000380922
62.8824 0.000377641
62.9964 0.000374389
63.1105 0.000371165
63.2245 0.00036797
63.3386 0.000364803
63.4526 0.000361664
63.5666 0.000358552
63.6807 0.000355468
63.7947 0.00035241
63.9088 0.00034938
64.0228 0.000346376
64.1368 0.000343398
64.2509 0.000340447
64.3649 0.000337521
64.4789 0.000334621
64.593 0.000331747
64.707 0.000328897
64.8211 0.000326073
64.9351 0.000323273
65.0491 0.000320498
65.1632 0.000317747
65.2772 0.00031502
65.3913 0.000312317
65.5053 0.000309638
65.6193 0.000306982
65.7334 0.000304349
65.8474 0.00030174
65.9615 0.000299153
66.0755 0.000296588
66.1895 0.000294047
66.3036 0.000291527
66.4176 0.000289029
66.5317 0.000286553
66.6457 0.000284099
66.7597 0.000281666
66.8738 0.000279254
66.9878 0.000276864
67.1019 0.000274494
67.2159 0.000272145
67.3299 0.000269816
67.444 0.000267508
67.558 0.000265219
67.672 0.000262951
67.7861 0.000260702
67.9001 0.000258473
68.0142 0.000256264
68.1282 0.000254073
68.2422 0.000251902
68.3563 0.00024975
68.4703 0.000247616
68.5844 0.000245501
68.6984 0.000243404
68.8124 0.000241325
68.9265 0.000239265
69.0405 0.000237222
69.1546 0.000235198
69.2686 0.00023319
69.3826 0.0002312
69.4967 0.000229228
69.6107 0.000227272
69.7248 0.000225334
69.8388 0.000223412
69.9528 0.000221507
70.0669 0.000219619
70.1809 0.000217747
70.295 0.000215891
70.409 0.000214051
70.523 0.000212227
70.6371 0.000210419
70.7511 0.000208627
70.8651 0.00020685
70.9792 0.000205089
71.0932 0.000203342
71.2073 0.000201611
71.3213 0.000199895
71.4353 0.000198194
71.5494 0.000196507
71.6634 0.000194835
71.7775 0.000193178
71.8915 0.000191535
72.0055 0.000189906
72.1196 0.000188291
72.2336 0.00018669
72.3477 0.000185103
72.4617 0.000183529
72.5757 0.000181969
72.6898 0.000180423
72.8038 0.00017889
72.9179 0.00017737
73.0319 0.000175864
73.1459 0.00017437
73.26 0.000172889
73.374 0.000171421
73.488 0.000169966
73.6021 0.000168523
73.7161 0.000167093
73.8302 0.000165675
73.9442 0.000164269
74.0582 0.000162875
74.1723 0.000161494
74.2863 0.000160124
74.4004 0.000158766
74.5144 0.00015742
74.6284 0.000156085
74.7425 0.000154762
74.8565 0.00015345
74.9706 0.00015215
75.0846 0.00015086
75.1986 0.000149582
75.3127 0.000148315
75.4267 0.000147058
75.5408 0.000145813
75.6548 0.000144578
75.7688 0.000143354
75.8829 0.00014214
75.9969 0.000140937
76.111 0.000139744
76.225 0.000138561
76.339 0.000137389
76.4531 0.000136226
76.5671 0.000135074
76.6811 0.000133931
76.7952 0.000132798
76.9092 0.000131675
77.0233 0.000130562
77.1373 0.000129458
77.2513 0.000128363
77.3654 0.000127278
77.4794 0.000126203
77.5935 0.000125136
77.7075 0.000124079
77.8215 0.00012303
77.9356 0.000121991
78.0496 0.000120961
78.1637 0.000119939
78.2777 0.000118926
78.3917 0.000117922
78.5058 0.000116926
78.6198 0.000115939
78.7339 0.000114961
78.8479 0.00011399
78.9619 0.000113028
79.076 0.000112075
79.19 0.000111129
79.3041 0.000110192
79.4181 0.000109262
79.5321 0.000108341
79.6462 0.000107427
79.7602 0.000106521
79.8742 0.000105623
79.9883 0.000104733
80.1023 0.00010385
80.2164 0.000102975
80.3304 0.000102107
80.4444 0.000101247
80.5585 0.000100394
80.6725 9.95479e-05
80.7866 9.87094e-05
80.9006 9.78781e-05
81.0146 9.70538e-05
81.1287 9.62366e-05
81.2427 9.54263e-05
81.3568 9.46229e-05
81.4708 9.38264e-05
81.5848 9.30367e-05
81.6989 9.22537e-05
81.8129 9.14774e-05
81.927 9.07078e-05
82.041 8.99446e-05
82.155 8.9188e-05
82.2691 8.84378e-05
82.3831 8.76941e-05
82.4972 8.69566e-05
82.6112 8.62254e-05
82.7252 8.55005e-05
82.8393 8.47817e-05
82.9533 8.40691e-05
83.0673 8.33625e-05
83.1814 8.26619e-05
83.2954 8.19673e-05
83.4095 8.12786e-05
83.5235 8.05957e-05
83.6375 7.99187e-05
83.7516 7.92474e-05
83.8656 7.85819e-05
83.9797 7.79219e-05
84.0937 7.72676e-05
84.2077 7.66189e-05
84.3218 7.59757e-05
84.4358 7.53379e-05
84.5499 7.47056e-05
84.6639 7.40786e-05
84.7779 7.3457e-05
84.892 7.28406e-05
85.006 7.22295e-05
85.1201 7.16235e-05
85.2341 7.10227e-05
85.3481 7.0427e-05
85.4622 6.98364e-05
85.5762 6.92508e-05
85.6903 6.86701e-05
85.8043 6.80944e-05
85.9183 6.75236e-05
86.0324 6.69575e-05
86.1464 6.63963e-05
86.2604 6.58399e-05
86.3745 6.52882e-05
86.4885 6.47411e-05
86.6026 6.41987e-05
86.7166 6.36609e-05
86.8306 6.31276e-05
86.9447 6.25989e-05
87.0587 6.20746e-05
87.1728 6.15548e-05
87.2868 6.10394e-05
87.4008 6.05284e-05
87.5149 6.00217e-05
87.6289 5.95192e-05
87.743 5.9021e-05
87.857 5.85271e-05
87.971 5.80373e-05
88.0851 5.75517e-05
88.1991 5.70702e-05
88.3132 5.65927e-05
88.4272 5.61193e-05
88.5412 5.56499e-05
88.6553 5.51845e-05
88.7693 5.4723e-05
88.8833 5.42654e-05
88.9974 5.38116e-05
89.1114 5.33617e-05
89.2255 5.29157e-05
89.3395 5.24733e-05
89.4535 5.20348e-05
89.5676 5.15999e-05
89.6816 5.11687e-05
89.7957 5.07411e-05
89.9097 5.03172e-05
90.0237 4.98968e-05
90.1378 4.948e-05
90.2518 4.90667e-05
90.3659 4.86569e-05
90.4799 4.82506e-05
90.5939 4.78476e-05
90.708 4.74481e-05
90.822 4.7052e-05
90.9361 4.66592e-05
91.0501 4.62697e-05
91.1641 4.58835e-05
91.2782 4.55006e-05
91.3922 4.51208e-05
91.5063 4.47443e-05
91.6203 4.4371e-05
91.7343 4.40008e-05
91.8484 4.36337e-05
91.9624 4.32698e-05
92.0764 4.29089e-05
92.1905 4.2551e-05
92.3045 4.21962e-05
92.4186 4.18443e-05
92.5326 4.14954e-05
92.6466 4.11495e-05
92.7607 4.08064e-05
92.8747 4.04663e-05
92.9888 4.0129e-05
93.1028 3.97945e-05
93.2168 3.94629e-05
93.3309 3.91341e-05
93.4449 3.8808e-05
93.559 3.84847e-05
93.673 3.81641e-05
93.787 3.78462e-05
93.9011 3.75309e-05
94.0151 3.72183e-05
94.1292 3.69084e-05
94.2432 3.6601e-05
94.3572 3.62963e-05
94.4713 3.59941e-05
94.5853 3.56944e-05
94.6994 3.53973e-05
94.8134 3.51027e-05
94.9274 3.48105e-05
95.0415 3.45208e-05
95.1555 3.42335e-05
95.2695 3.39487e-05
95.3836 3.36662e-05
95.4976 3.33861e-05
95.6117 3.31084e-05
95.7257 3.2833e-05
95.8397 3.25599e-05
95.9538 3.22891e-05
96.0678 3.20206e-05
96.1819 3.17543e-05
96.2959 3.14903e-05
96.4099 3.12285e-05
96.524 3.09688e-05
96.638 3.07114e-05
96.7521 3.04561e-05
96.8661 3.0203e-05
96.9801 2.9952e-05
97.0942 2.97031e-05
97.2082 2.94562e-05
97.3223 2.92115e-05
97.4363 2.89688e-05
97.5503 2.87281e-05
97.6644 2.84895e-05
97.7784 2.82529e-05
97.8925 2.80182e-05
98.0065 2.77855e-05
98.1205 2.75548e-05
98.2346 2.7326e-05
98.3486 2.70991e-05
98.4626 2.68741e-05
98.5767 2.6651e-05
98.6907 2.64298e-05
98.8048 2.62104e-05
98.9188 2.59928e-05
99.0328 2.57771e-05
99.1469 2.55632e-05
99.2609 2.53511e-05
99.375 2.51407e-05
99.489 2.49322e-05
99.603 2.47253e-05
99.7171 2.45202e-05
99.8311 2.43168e-05
99.9452 2.41151e-05
100.059 2.39151e-05
100.173 2.37168e-05
100.287 2.35201e-05
100.401 2.33251e-05
100.515 2.31317e-05
100.629 2.294e-05
100.743 2.27498e-05
100.857 2.25612e-05
100.972 2.23742e-05
101.086 2.21888e-05
101.2 2.20049e-05
101.314 2.18225e-05
101.428 2.16417e-05
101.542 2.14624e-05
101.656 2.12846e-05
101.77 2.11083e-05
101.884 2.09334e-05
101.998 2.076e-05
102.112 2.05881e-05
102.226 2.04176e-05
102.34 2.02485e-05
102.454 2.00808e-05
102.568 1.99145e-05
102.682 1.97496e-05
102.796 1.95861e-05
102.91 1.9424e-05
103.024 1.92632e-05
103.138 1.91038e-05
103.252 1.89456e-05
103.366 1.87889e-05
103.48 1.86334e-05
103.594 1.84792e-05
103.708 1.83263e-05
103.822 1.81747e-05
103.937 1.80243e-05
104.051 1.78752e-05
104.165 1.77273e-05
104.279 1.75807e-05
104.393 1.74353e-05
104.507 1.72911e-05
104.621 1.71481e-05
104.735 1.70063e-05
104.849 1.68657e-05
104.963 1.67262e-05
105.077 1.6588e-05
105.191 1.64508e-05
105.305 1.63148e-05
105.419 1.618e-05
105.533 1.60463e-05
105.647 1.59136e-05
105.761 1.57821e-05
105.875 1.56517e-05
105.989 1.55224e-05
106.103 1.53941e-05
106.217 1.52669e-05
106.331 1.51408e-05
106.445 1.50157e-05
106.559 1.48917e-05
106.673 1.47687e-05
106.788 1.46467e-05
