-0.235104 0.000285096
-0.199534 0.000350643
-0.163964 0.000429251
-0.128393 0.000523006
-0.0928233 0.000634214
-0.0572531 0.000765396
-0.0216829 0.00091928
0.0138872 0.0010988
0.0494574 0.00130705
0.0850276 0.00154732
0.120598 0.00182299
0.156168 0.00213756
0.191738 0.0024946
0.227308 0.00289766
0.262879 0.0033503
0.298449 0.003856
0.334019 0.0044181
0.369589 0.00503978
0.405159 0.00572404
0.440729 0.00647358
0.4763 0.00729084
0.51187 0.00817793
0.54744 0.00913659
0.58301 0.0101682
0.61858 0.0112738
0.65415 0.0124538
0.689721 0.0137086
0.725291 0.0150378
0.760861 0.0164409
0.796431 0.0179167
0.832001 0.0194639
0.867572 0.0210808
0.903142 0.0227652
0.938712 0.0245148
0.974282 0.0263269
1.00985 0.0281986
1.04542 0.0301267
1.08099 0.032108
1.11656 0.0341388
1.15213 0.0362157
1.1877 0.0383349
1.22327 0.0404925
1.25884 0.0426847
1.29441 0.0449077
1.32998 0.0471575
1.36555 0.0494302
1.40112 0.0517221
1.43669 0.0540293
1.47226 0.0563481
1.50783 0.0586748
1.54341 0.0610059
1.57898 0.063338
1.61455 0.0656677
1.65012 0.0679917
1.68569 0.070307
1.72126 0.0726106
1.75683 0.0748997
1.7924 0.0771714
1.82797 0.0794234
1.86354 0.0816531
1.89911 0.0838582
1.93468 0.0860366
1.97025 0.0881863
2.00582 0.0903052
2.04139 0.0923918
2.07696 0.0944443
2.11253 0.0964612
2.1481 0.0984412
2.18367 0.100383
2.21924 0.102285
2.25481 0.104147
2.29038 0.105968
2.32595 0.107746
2.36152 0.109481
2.39709 0.111173
2.43266 0.11282
2.46823 0.114423
2.5038 0.115981
2.53937 0.117494
2.57494 0.11896
2.61051 0.120381
2.64608 0.121757
2.68165 0.123086
2.71722 0.124369
2.75279 0.125607
2.78836 0.126799
2.82393 0.127945
2.8595 0.129046
2.89507 0.130102
2.93064 0.131114
2.96621 0.13208
3.00178 0.133003
3.03735 0.133883
3.07292 0.134719
3.10849 0.135512
3.14406 0.136264
3.17963 0.136973
3.2152 0.137642
3.25077 0.13827
3.28634 0.138857
3.32191 0.139406
3.35748 0.139915
3.39305 0.140387
3.42862 0.14082
3.46419 0.141217
3.49977 0.141577
3.53534 0.141902
3.57091 0.142192
3.60648 0.142447
3.64205 0.142669
3.67762 0.142858
3.71319 0.143014
3.74876 0.143139
3.78433 0.143232
3.8199 0.143295
3.85547 0.143329
3.89104 0.143333
3.92661 0.143309
3.96218 0.143258
3.99775 0.143179
4.03332 0.143074
4.06889 0.142943
4.10446 0.142787
4.14003 0.142607
4.1756 0.142402
4.21117 0.142175
4.24674 0.141924
4.28231 0.141652
4.31788 0.141359
4.35345 0.141044
4.38902 0.14071
4.42459 0.140355
4.46016 0.139982
4.49573 0.13959
4.5313 0.13918
4.56687 0.138753
4.60244 0.138308
4.63801 0.137848
4.67358 0.137371
4.70915 0.13688
4.74472 0.136373
4.78029 0.135853
4.81586 0.135318
4.85143 0.13477
4.887 0.134209
4.92257 0.133636
4.95814 0.133051
4.99371 0.132454
5.02928 0.131846
5.06485 0.131228
5.10042 0.130599
5.13599 0.129961
5.17156 0.129313
5.20713 0.128656
5.2427 0.12799
5.27827 0.127317
5.31384 0.126635
5.34941 0.125946
5.38498 0.125249
5.42055 0.124546
5.45612 0.123837
5.4917 0.123121
5.52727 0.122399
5.56284 0.121672
5.59841 0.12094
5.63398 0.120203
5.66955 0.119461
5.70512 0.118715
5.74069 0.117965
5.77626 0.117211
5.81183 0.116454
5.8474 0.115694
5.88297 0.11493
5.91854 0.114164
5.95411 0.113396
5.98968 0.112625
6.02525 0.111852
6.06082 0.111077
6.09639 0.110301
6.13196 0.109524
6.16753 0.108745
6.2031 0.107966
6.23867 0.107185
6.27424 0.106405
6.30981 0.105624
6.34538 0.104842
6.38095 0.104061
6.41652 0.10328
6.45209 0.102499
6.48766 0.101719
6.52323 0.100939
6.5588 0.10016
6.59437 0.0993822
6.62994 0.0986054
6.66551 0.0978298
6.70108 0.0970556
6.73665 0.0962829
6.77222 0.0955119
6.80779 0.0947426
6.84336 0.0939751
6.87893 0.0932096
6.9145 0.0924463
6.95007 0.0916851
6.98564 0.0909262
7.02121 0.0901697
7.05678 0.0894157
7.09235 0.0886643
7.12792 0.0879156
7.16349 0.0871697
7.19906 0.0864266
7.23463 0.0856864
7.2702 0.0849492
7.30577 0.0842152
7.34134 0.0834842
7.37691 0.0827565
7.41248 0.0820321
7.44806 0.0813111
7.48363 0.0805934
7.5192 0.0798792
7.55477 0.0791686
7.59034 0.0784615
7.62591 0.0777581
7.66148 0.0770583
7.69705 0.0763623
7.73262 0.07567
7.76819 0.0749816
7.80376 0.074297
7.83933 0.0736163
7.8749 0.0729395
7.91047 0.0722667
7.94604 0.0715978
7.98161 0.070933
8.01718 0.0702722
8.05275 0.0696156
8.08832 0.068963
8.12389 0.0683145
8.15946 0.0676702
8.19503 0.0670301
8.2306 0.0663941
8.26617 0.0657624
8.30174 0.0651348
8.33731 0.0645115
8.37288 0.0638925
8.40845 0.0632777
8.44402 0.0626672
8.47959 0.0620609
8.51516 0.0614589
8.55073 0.0608612
8.5863 0.0602679
8.62187 0.0596788
8.65744 0.059094
8.69301 0.0585135
8.72858 0.0579374
8.76415 0.0573655
8.79972 0.056798
8.83529 0.0562347
8.87086 0.0556758
8.90643 0.0551211
8.942 0.0545708
8.97757 0.0540247
9.01314 0.0534829
9.04871 0.0529454
9.08428 0.0524121
9.11985 0.0518832
9.15542 0.0513584
9.19099 0.0508379
9.22656 0.0503217
9.26213 0.0498096
9.2977 0.0493018
9.33327 0.0487981
9.36884 0.0482987
9.40442 0.0478034
9.43999 0.0473122
9.47556 0.0468252
9.51113 0.0463424
9.5467 0.0458636
9.58227 0.0453889
9.61784 0.0449183
9.65341 0.0444518
9.68898 0.0439893
9.72455 0.0435308
9.76012 0.0430764
9.79569 0.0426259
9.83126 0.0421794
9.86683 0.0417369
9.9024 0.0412983
9.93797 0.0408636
9.97354 0.0404327
10.0091 0.0400058
10.0447 0.0395827
10.0802 0.0391635
10.1158 0.038748
10.1514 0.0383364
10.187 0.0379285
10.2225 0.0375244
10.2581 0.0371239
10.2937 0.0367272
10.3292 0.0363342
10.3648 0.0359448
10.4004 0.0355591
10.436 0.0351769
10.4715 0.0347984
10.5071 0.0344234
10.5427 0.034052
10.5782 0.0336841
10.6138 0.0333197
10.6494 0.0329588
10.6849 0.0326013
10.7205 0.0322472
10.7561 0.0318966
10.7917 0.0315493
10.8272 0.0312054
10.8628 0.0308648
10.8984 0.0305275
10.9339 0.0301936
10.9695 0.0298628
11.0051 0.0295353
11.0406 0.0292111
11.0762 0.02889
11.1118 0.0285721
11.1474 0.0282573
11.1829 0.0279457
11.2185 0.0276371
11.2541 0.0273316
11.2896 0.0270292
11.3252 0.0267298
11.3608 0.0264333
11.3963 0.0261399
11.4319 0.0258494
11.4675 0.0255619
11.5031 0.0252772
11.5386 0.0249955
11.5742 0.0247166
11.6098 0.0244405
11.6453 0.0241672
11.6809 0.0238968
11.7165 0.0236291
11.752 0.0233641
11.7876 0.0231019
11.8232 0.0228423
11.8588 0.0225855
11.8943 0.0223312
11.9299 0.0220797
11.9655 0.0218307
12.001 0.0215843
12.0366 0.0213405
12.0722 0.0210992
12.1077 0.0208604
12.1433 0.0206241
12.1789 0.0203903
12.2145 0.0201589
12.25 0.01993
12.2856 0.0197035
12.3212 0.0194794
12.3567 0.0192576
12.3923 0.0190382
12.4279 0.0188211
12.4635 0.0186063
12.499 0.0183937
12.5346 0.0181835
12.5702 0.0179754
12.6057 0.0177696
12.6413 0.017566
12.6769 0.0173646
12.7124 0.0171653
12.748 0.0169682
12.7836 0.0167732
12.8192 0.0165802
12.8547 0.0163894
12.8903 0.0162006
12.9259 0.0160139
12.9614 0.0158291
12.997 0.0156464
13.0326 0.0154656
13.0681 0.0152869
13.1037 0.01511
13.1393 0.0149351
13.1749 0.0147621
13.2104 0.0145909
13.246 0.0144217
13.2816 0.0142543
13.3171 0.0140887
13.3527 0.0139249
13.3883 0.0137629
13.4238 0.0136028
13.4594 0.0134443
13.495 0.0132876
13.5306 0.0131327
13.5661 0.0129794
13.6017 0.0128279
13.6373 0.012678
13.6728 0.0125298
13.7084 0.0123832
13.744 0.0122382
13.7795 0.0120949
13.8151 0.0119532
13.8507 0.011813
13.8863 0.0116744
13.9218 0.0115373
13.9574 0.0114018
13.993 0.0112677
14.0285 0.0111352
14.0641 0.0110042
14.0997 0.0108746
14.1352 0.0107465
14.1708 0.0106198
14.2064 0.0104946
14.242 0.0103707
14.2775 0.0102482
14.3131 0.0101272
14.3487 0.0100075
14.3842 0.00988911
14.4198 0.00977209
14.4554 0.00965639
14.491 0.009542
14.5265 0.00942891
14.5621 0.0093171
14.5977 0.00920656
14.6332 0.00909727
14.6688 0.00898923
14.7044 0.00888241
14.7399 0.00877681
14.7755 0.00867242
14.8111 0.00856921
14.8467 0.00846719
14.8822 0.00836632
14.9178 0.00826662
14.9534 0.00816805
14.9889 0.00807061
15.0245 0.00797429
15.0601 0.00787907
15.0956 0.00778494
15.1312 0.0076919
15.1668 0.00759992
15.2024 0.007509
15.2379 0.00741913
15.2735 0.0073303
15.3091 0.00724248
15.3446 0.00715568
15.3802 0.00706989
15.4158 0.00698508
15.4513 0.00690125
15.4869 0.0068184
15.5225 0.0067365
15.5581 0.00665555
15.5936 0.00657554
15.6292 0.00649646
15.6648 0.0064183
15.7003 0.00634104
15.7359 0.00626468
15.7715 0.00618921
15.807 0.00611462
15.8426 0.00604089
15.8782 0.00596803
15.9138 0.00589602
15.9493 0.00582484
15.9849 0.0057545
16.0205 0.00568498
16.056 0.00561627
16.0916 0.00554836
16.1272 0.00548125
16.1627 0.00541493
16.1983 0.00534938
16.2339 0.0052846
16.2695 0.00522058
16.305 0.00515731
16.3406 0.00509479
16.3762 0.005033
16.4117 0.00497193
16.4473 0.00491159
16.4829 0.00485195
16.5185 0.00479302
16.554 0.00473479
16.5896 0.00467724
16.6252 0.00462036
16.6607 0.00456416
16.6963 0.00450863
16.7319 0.00445375
16.7674 0.00439952
16.803 0.00434593
16.8386 0.00429297
16.8742 0.00424064
16.9097 0.00418894
16.9453 0.00413784
16.9809 0.00408735
17.0164 0.00403746
17.052 0.00398816
17.0876 0.00393945
17.1231 0.00389132
17.1587 0.00384376
17.1943 0.00379677
17.2299 0.00375033
17.2654 0.00370445
17.301 0.00365911
17.3366 0.00361432
17.3721 0.00357006
17.4077 0.00352632
17.4433 0.00348311
17.4788 0.00344042
17.5144 0.00339823
17.55 0.00335655
17.5856 0.00331537
17.6211 0.00327468
17.6567 0.00323448
17.6923 0.00319476
17.7278 0.00315552
17.7634 0.00311674
17.799 0.00307843
17.8345 0.00304059
17.8701 0.00300319
17.9057 0.00296624
17.9413 0.00292974
17.9768 0.00289368
18.0124 0.00285805
18.048 0.00282285
18.0835 0.00278807
18.1191 0.00275371
18.1547 0.00271976
18.1902 0.00268623
18.2258 0.0026531
18.2614 0.00262036
18.297 0.00258803
18.3325 0.00255608
18.3681 0.00252452
18.4037 0.00249334
18.4392 0.00246253
18.4748 0.0024321
18.5104 0.00240204
18.546 0.00237234
18.5815 0.002343
18.6171 0.00231401
18.6527 0.00228538
18.6882 0.00225709
18.7238 0.00222914
18.7594 0.00220154
18.7949 0.00217427
18.8305 0.00214733
18.8661 0.00212071
18.9017 0.00209442
18.9372 0.00206845
18.9728 0.0020428
19.0084 0.00201746
19.0439 0.00199242
19.0795 0.00196769
19.1151 0.00194326
19.1506 0.00191913
19.1862 0.00189529
19.2218 0.00187174
19.2574 0.00184848
19.2929 0.0018255
19.3285 0.00180281
19.3641 0.00178039
19.3996 0.00175824
19.4352 0.00173636
19.4708 0.00171475
19.5063 0.00169341
19.5419 0.00167232
19.5775 0.0016515
19.6131 0.00163092
19.6486 0.0016106
19.6842 0.00159053
19.7198 0.00157071
19.7553 0.00155112
19.7909 0.00153178
19.8265 0.00151267
19.862 0.0014938
19.8976 0.00147516
19.9332 0.00145674
19.9688 0.00143856
20.0043 0.00142059
20.0399 0.00140285
20.0755 0.00138532
20.111 0.00136801
20.1466 0.00135091
20.1822 0.00133403
20.2178 0.00131735
20.2533 0.00130087
20.2889 0.0012846
20.3245 0.00126853
20.36 0.00125265
20.3956 0.00123697
20.4312 0.00122149
20.4667 0.00120619
20.5023 0.00119108
20.5379 0.00117616
20.5735 0.00116143
20.609 0.00114687
20.6446 0.0011325
20.6802 0.0011183
20.7157 0.00110428
20.7513 0.00109043
20.7869 0.00107675
20.8224 0.00106324
20.858 0.00104989
20.8936 0.00103671
20.9292 0.0010237
20.9647 0.00101084
21.0003 0.000998149
21.0359 0.000985611
21.0714 0.000973228
21.107 0.000960998
21.1426 0.000948919
21.1781 0.00093699
21.2137 0.000925209
21.2493 0.000913573
21.2849 0.000902082
21.3204 0.000890733
21.356 0.000879525
21.3916 0.000868456
21.4271 0.000857525
21.4627 0.000846729
21.4983 0.000836067
21.5338 0.000825537
21.5694 0.000815138
21.605 0.000804868
21.6406 0.000794726
21.6761 0.00078471
21.7117 0.000774818
21.7473 0.00076505
21.7828 0.000755402
21.8184 0.000745875
21.854 0.000736466
21.8895 0.000727175
21.9251 0.000717999
21.9607 0.000708937
21.9963 0.000699988
22.0318 0.000691151
22.0674 0.000682423
22.103 0.000673805
22.1385 0.000665294
22.1741 0.000656889
22.2097 0.000648589
22.2453 0.000640392
22.2808 0.000632297
22.3164 0.000624304
22.352 0.00061641
22.3875 0.000608615
22.4231 0.000600917
22.4587 0.000593316
22.4942 0.000585809
22.5298 0.000578396
22.5654 0.000571076
22.601 0.000563847
22.6365 0.000556708
22.6721 0.000549659
22.7077 0.000542698
22.7432 0.000535824
22.7788 0.000529036
22.8144 0.000522334
22.8499 0.000515714
22.8855 0.000509178
22.9211 0.000502724
22.9567 0.000496351
22.9922 0.000490057
23.0278 0.000483842
23.0634 0.000477705
23.0989 0.000471645
23.1345 0.000465661
23.1701 0.000459752
23.2056 0.000453918
23.2412 0.000448156
23.2768 0.000442467
23.3124 0.000436849
23.3479 0.000431302
23.3835 0.000425824
23.4191 0.000420415
23.4546 0.000415074
23.4902 0.0004098
23.5258 0.000404592
23.5613 0.00039945
23.5969 0.000394373
23.6325 0.000389359
23.6681 0.000384408
23.7036 0.00037952
23.7392 0.000374693
23.7748 0.000369927
23.8103 0.00036522
23.8459 0.000360573
23.8815 0.000355985
23.917 0.000351454
23.9526 0.00034698
23.9882 0.000342563
24.0238 0.000338201
24.0593 0.000333895
24.0949 0.000329642
24.1305 0.000325443
24.166 0.000321297
24.2016 0.000317204
24.2372 0.000313162
24.2728 0.000309171
24.3083 0.00030523
24.3439 0.000301339
24.3795 0.000297497
24.415 0.000293704
24.4506 0.000289958
24.4862 0.00028626
24.5217 0.000282608
24.5573 0.000279003
24.5929 0.000275443
24.6285 0.000271928
24.664 0.000268458
24.6996 0.000265031
24.7352 0.000261648
24.7707 0.000258307
24.8063 0.000255009
24.8419 0.000251752
24.8774 0.000248537
24.913 0.000245362
24.9486 0.000242228
24.9842 0.000239133
25.0197 0.000236077
25.0553 0.00023306
25.0909 0.000230081
25.1264 0.00022714
25.162 0.000224236
25.1976 0.000221369
25.2331 0.000218538
25.2687 0.000215743
25.3043 0.000212984
25.3399 0.000210259
25.3754 0.00020757
25.411 0.000204914
25.4466 0.000202291
25.4821 0.000199702
25.5177 0.000197146
25.5533 0.000194623
25.5888 0.000192131
25.6244 0.000189671
25.66 0.000187242
25.6956 0.000184844
25.7311 0.000182477
25.7667 0.000180139
25.8023 0.000177831
25.8378 0.000175553
25.8734 0.000173303
25.909 0.000171082
25.9445 0.00016889
25.9801 0.000166725
26.0157 0.000164587
26.0513 0.000162477
26.0868 0.000160394
26.1224 0.000158337
26.158 0.000156306
26.1935 0.000154301
26.2291 0.000152322
26.2647 0.000150367
26.3003 0.000148438
26.3358 0.000146533
26.3714 0.000144653
26.407 0.000142796
26.4425 0.000140963
26.4781 0.000139153
26.5137 0.000137367
26.5492 0.000135603
26.5848 0.000133862
26.6204 0.000132142
26.656 0.000130445
26.6915 0.000128769
26.7271 0.000127115
26.7627 0.000125482
26.7982 0.000123869
26.8338 0.000122278
26.8694 0.000120706
26.9049 0.000119155
26.9405 0.000117623
26.9761 0.000116111
27.0117 0.000114618
27.0472 0.000113144
27.0828 0.000111689
27.1184 0.000110252
27.1539 0.000108834
27.1895 0.000107434
27.2251 0.000106052
27.2606 0.000104687
27.2962 0.00010334
27.3318 0.00010201
27.3674 0.000100698
27.4029 9.94014e-05
27.4385 9.81219e-05
27.4741 9.68587e-05
27.5096 9.56116e-05
27.5452 9.43805e-05
27.5808 9.31651e-05
27.6163 9.19652e-05
27.6519 9.07807e-05
27.6875 8.96113e-05
27.7231 8.84569e-05
27.7586 8.73172e-05
27.7942 8.61921e-05
27.8298 8.50815e-05
27.8653 8.3985e-05
27.9009 8.29026e-05
27.9365 8.1834e-05
27.972 8.07791e-05
28.0076 7.97376e-05
28.0432 7.87096e-05
28.0788 7.76947e-05
28.1143 7.66927e-05
28.1499 7.57037e-05
28.1855 7.47272e-05
28.221 7.37633e-05
28.2566 7.28118e-05
28.2922 7.18724e-05
28.3278 7.09451e-05
28.3633 7.00296e-05
28.3989 6.91259e-05
28.4345 6.82338e-05
28.47 6.73531e-05
28.5056 6.64837e-05
28.5412 6.56254e-05
28.5767 6.47781e-05
28.6123 6.39418e-05
28.6479 6.31161e-05
28.6835 6.2301e-05
28.719 6.14964e-05
28.7546 6.07021e-05
28.7902 5.9918e-05
28.8257 5.9144e-05
28.8613 5.83799e-05
28.8969 5.76256e-05
28.9324 5.6881e-05
28.968 5.6146e-05
29.0036 5.54203e-05
29.0392 5.4704e-05
29.0747 5.3997e-05
29.1103 5.32989e-05
29.1459 5.26099e-05
29.1814 5.19297e-05
29.217 5.12582e-05
29.2526 5.05954e-05
29.2881 4.99411e-05
29.3237 4.92952e-05
29.3593 4.86576e-05
29.3949 4.80282e-05
29.4304 4.74069e-05
29.466 4.67936e-05
29.5016 4.61881e-05
29.5371 4.55905e-05
29.5727 4.50005e-05
29.6083 4.44181e-05
29.6438 4.38433e-05
29.6794 4.32758e-05
29.715 4.27156e-05
29.7506 4.21626e-05
29.7861 4.16167e-05
29.8217 4.10779e-05
29.8573 4.0546e-05
29.8928 4.00209e-05
29.9284 3.95026e-05
29.964 3.8991e-05
29.9996 3.8486e-05
30.0351 3.79874e-05
30.0707 3.74953e-05
30.1063 3.70095e-05
30.1418 3.653e-05
30.1774 3.60567e-05
30.213 3.55894e-05
30.2485 3.51282e-05
30.2841 3.46729e-05
30.3197 3.42235e-05
30.3553 3.37799e-05
30.3908 3.3342e-05
30.4264 3.29097e-05
30.462 3.2483e-05
30.4975 3.20618e-05
30.5331 3.16461e-05
30.5687 3.12357e-05
30.6042 3.08306e-05
30.6398 3.04307e-05
30.6754 3.0036e-05
30.711 2.96464e-05
30.7465 2.92618e-05
30.7821 2.88821e-05
30.8177 2.85074e-05
30.8532 2.81375e-05
30.8888 2.77723e-05
30.9244 2.74119e-05
30.9599 2.70562e-05
30.9955 2.6705e-05
31.0311 2.63583e-05
31.0667 2.60162e-05
31.1022 2.56784e-05
31.1378 2.5345e-05
31.1734 2.5016e-05
31.2089 2.46911e-05
31.2445 2.43705e-05
31.2801 2.4054e-05
31.3156 2.37416e-05
31.3512 2.34332e-05
31.3868 2.31288e-05
31.4224 2.28284e-05
31.4579 2.25318e-05
31.4935 2.22391e-05
31.5291 2.19501e-05
31.5646 2.16649e-05
31.6002 2.13834e-05
31.6358 2.11055e-05
31.6713 2.08312e-05
31.7069 2.05604e-05
31.7425 2.02932e-05
31.7781 2.00294e-05
31.8136 1.9769e-05
31.8492 1.9512e-05
31.8848 1.92583e-05
31.9203 1.90079e-05
31.9559 1.87607e-05
31.9915 1.85168e-05
32.0271 1.8276e-05
32.0626 1.80383e-05
32.0982 1.78036e-05
32.1338 1.75721e-05
32.1693 1.73435e-05
32.2049 1.71178e-05
32.2405 1.68951e-05
32.276 1.66753e-05
32.3116 1.64583e-05
32.3472 1.62442e-05
32.3828 1.60328e-05
32.4183 1.58241e-05
32.4539 1.56182e-05
32.4895 1.54149e-05
32.525 1.52142e-05
32.5606 1.50162e-05
32.5962 1.48207e-05
32.6317 1.46277e-05
32.6673 1.44373e-05
32.7029 1.42493e-05
32.7385 1.40638e-05
32.774 1.38806e-05
32.8096 1.36998e-05
32.8452 1.35214e-05
32.8807 1.33453e-05
32.9163 1.31715e-05
32.9519 1.29999e-05
32.9874 1.28305e-05
33.023 1.26634e-05
33.0586 1.24984e-05
33.0942 1.23355e-05
33.1297 1.21748e-05
33.1653 1.20162e-05
33.2009 1.18596e-05
33.2364 1.1705e-05
33.272 1.15524e-05
33.3076 1.14019e-05
33.3431 1.12532e-05
33.3787 1.11065e-05
33.4143 1.09618e-05
33.4499 1.08188e-05
33.4854 1.06778e-05
33.521 1.05386e-05
33.5566 1.04011e-05
33.5921 1.02655e-05
33.6277 1.01316e-05
33.6633 9.99949e-06
33.6988 9.86907e-06
33.7344 9.74035e-06
33.77 9.61329e-06
33.8056 9.48789e-06
33.8411 9.36411e-06
33.8767 9.24195e-06
33.9123 9.12136e-06
33.9478 9.00235e-06
33.9834 8.88488e-06
34.019 8.76894e-06
34.0546 8.65451e-06
34.0901 8.54156e-06
34.1257 8.43008e-06
34.1613 8.32005e-06
34.1968 8.21144e-06
34.2324 8.10426e-06
34.268 7.99846e-06
34.3035 7.89404e-06
34.3391 7.79097e-06
34.3747 7.68925e-06
34.4103 7.58885e-06
34.4458 7.48975e-06
34.4814 7.39195e-06
34.517 7.29541e-06
34.5525 7.20013e-06
34.5881 7.10609e-06
34.6237 7.01328e-06
34.6592 6.92167e-06
34.6948 6.83125e-06
34.7304 6.74201e-06
34.766 6.65393e-06
34.8015 6.567e-06
34.8371 6.48119e-06
34.8727 6.39651e-06
34.9082 6.31292e-06
34.9438 6.23043e-06
34.9794 6.14901e-06
35.0149 6.06864e-06
35.0505 5.98933e-06
35.0861 5.91104e-06
35.1217 5.83378e-06
35.1572 5.75752e-06
35.1928 5.68225e-06
35.2284 5.60797e-06
35.2639 5.53465e-06
35.2995 5.46229e-06
