-1.67946 0.000217827
-1.63076 0.000268788
-1.58206 0.000331591
-1.53337 0.000408955
-1.48467 0.000504205
-1.43597 0.000621408
-1.38727 0.000765525
-1.33857 0.000942601
-1.28988 0.00115998
-1.24118 0.00142657
-1.19248 0.00175312
-1.14378 0.00215261
-1.09508 0.00264058
-1.04639 0.0032356
-0.997689 0.00395976
-0.948991 0.0048391
-0.900293 0.00590416
-0.851595 0.00719042
-0.802897 0.00873867
-0.754199 0.0105953
-0.705501 0.0128121
-0.656803 0.0154463
-0.608105 0.018559
-0.559407 0.0222144
-0.510709 0.0264772
-0.462011 0.031409
-0.413313 0.037065
-0.364615 0.0434882
-0.315917 0.0507043
-0.267219 0.058716
-0.218521 0.0674972
-0.169823 0.0769895
-0.121125 0.0871001
-0.0724273 0.0977031
-0.0237294 0.108643
0.0249686 0.119744
0.0736666 0.130815
0.122365 0.141667
0.171063 0.15212
0.219761 0.162013
0.268458 0.171212
0.317156 0.179615
0.365854 0.187151
0.414552 0.193783
0.46325 0.1995
0.511948 0.204316
0.560646 0.208263
0.609344 0.21139
0.658042 0.213752
0.70674 0.215412
0.755438 0.216435
0.804136 0.216885
0.852834 0.216826
0.901532 0.216317
0.95023 0.215415
0.998928 0.214171
1.04763 0.212632
1.09632 0.210841
1.14502 0.208837
1.19372 0.206653
1.24242 0.20432
1.29112 0.201864
1.33981 0.199309
1.38851 0.196675
1.43721 0.193981
1.48591 0.191241
1.53461 0.18847
1.5833 0.18568
1.632 0.182879
1.6807 0.180078
1.7294 0.177284
1.7781 0.174503
1.82679 0.17174
1.87549 0.169
1.92419 0.166287
1.97289 0.163604
2.02159 0.160954
2.07028 0.158338
2.11898 0.15576
2.16768 0.15322
2.21638 0.150719
2.26508 0.148258
2.31377 0.145837
2.36247 0.143458
2.41117 0.14112
2.45987 0.138824
2.50857 0.136568
2.55726 0.134354
2.60596 0.13218
2.65466 0.130047
2.70336 0.127954
2.75206 0.1259
2.80075 0.123885
2.84945 0.121909
2.89815 0.119971
2.94685 0.118069
2.99554 0.116205
3.04424 0.114376
3.09294 0.112582
3.14164 0.110823
3.19034 0.109098
3.23903 0.107406
3.28773 0.105747
3.33643 0.104119
3.38513 0.102523
3.43383 0.100957
3.48252 0.0994214
3.53122 0.0979148
3.57992 0.0964368
3.62862 0.0949869
3.67732 0.0935643
3.72601 0.0921684
3.77471 0.0907988
3.82341 0.0894547
3.87211 0.0881357
3.92081 0.0868412
3.9695 0.0855706
4.0182 0.0843234
4.0669 0.0830991
4.1156 0.0818971
4.1643 0.080717
4.21299 0.0795584
4.26169 0.0784206
4.31039 0.0773033
4.35909 0.0762059
4.40779 0.0751282
4.45648 0.0740695
4.50518 0.0730296
4.55388 0.072008
4.60258 0.0710042
4.65128 0.070018
4.69997 0.0690489
4.74867 0.0680966
4.79737 0.0671607
4.84607 0.0662408
4.89477 0.0653367
4.94346 0.0644479
4.99216 0.0635742
5.04086 0.0627152
5.08956 0.0618706
5.13826 0.0610401
5.18695 0.0602235
5.23565 0.0594204
5.28435 0.0586305
5.33305 0.0578537
5.38175 0.0570895
5.43044 0.0563378
5.47914 0.0555983
5.52784 0.0548708
5.57654 0.054155
5.62524 0.0534507
5.67393 0.0527576
5.72263 0.0520755
5.77133 0.0514043
5.82003 0.0507436
5.86873 0.0500933
5.91742 0.0494533
5.96612 0.0488231
6.01482 0.0482028
6.06352 0.0475921
6.11222 0.0469908
6.16091 0.0463988
6.20961 0.0458158
6.25831 0.0452416
6.30701 0.0446763
6.3557 0.0441194
6.4044 0.043571
6.4531 0.0430308
6.5018 0.0424987
6.5505 0.0419745
6.59919 0.0414581
6.64789 0.0409493
6.69659 0.0404481
6.74529 0.0399542
6.79399 0.0394676
6.84268 0.0389881
6.89138 0.0385155
6.94008 0.0380498
6.98878 0.0375909
7.03748 0.0371385
7.08617 0.0366927
7.13487 0.0362532
7.18357 0.03582
7.23227 0.0353929
7.28097 0.0349719
7.32966 0.0345569
7.37836 0.0341477
7.42706 0.0337442
7.47576 0.0333464
7.52446 0.0329541
7.57315 0.0325673
7.62185 0.0321859
7.67055 0.0318097
7.71925 0.0314387
7.76795 0.0310728
7.81664 0.0307119
7.86534 0.030356
7.91404 0.0300049
7.96274 0.0296585
8.01144 0.0293169
8.06013 0.0289798
8.10883 0.0286473
8.15753 0.0283193
8.20623 0.0279956
8.25493 0.0276763
8.30362 0.0273612
8.35232 0.0270503
8.40102 0.0267436
8.44972 0.0264408
8.49842 0.0261421
8.54711 0.0258473
8.59581 0.0255563
8.64451 0.0252692
8.69321 0.0249857
8.74191 0.024706
8.7906 0.0244299
8.8393 0.0241574
8.888 0.0238883
8.9367 0.0236228
8.9854 0.0233606
9.03409 0.0231018
9.08279 0.0228463
9.13149 0.0225941
9.18019 0.022345
9.22889 0.0220991
9.27758 0.0218564
9.32628 0.0216167
9.37498 0.02138
9.42368 0.0211462
9.47238 0.0209154
9.52107 0.0206875
9.56977 0.0204625
9.61847 0.0202402
9.66717 0.0200207
9.71587 0.0198039
9.76456 0.0195898
9.81326 0.0193783
9.86196 0.0191694
9.91066 0.0189631
9.95935 0.0187593
10.0081 0.0185581
10.0568 0.0183592
10.1054 0.0181628
10.1541 0.0179688
10.2028 0.0177771
10.2515 0.0175877
10.3002 0.0174007
10.3489 0.0172158
10.3976 0.0170332
10.4463 0.0168528
10.495 0.0166746
10.5437 0.0164984
10.5924 0.0163244
10.6411 0.0161525
10.6898 0.0159825
10.7385 0.0158147
10.7872 0.0156487
10.8359 0.0154848
10.8846 0.0153228
10.9333 0.0151627
10.982 0.0150044
11.0307 0.014848
11.0794 0.0146935
11.1281 0.0145407
11.1768 0.0143898
11.2255 0.0142406
11.2742 0.0140931
11.3229 0.0139473
11.3716 0.0138032
11.4203 0.0136608
11.469 0.01352
11.5177 0.0133809
11.5664 0.0132433
11.6151 0.0131073
11.6638 0.0129729
11.7125 0.01284
11.7612 0.0127087
11.8099 0.0125788
11.8586 0.0124504
11.9073 0.0123234
11.956 0.0121979
12.0047 0.0120739
12.0534 0.0119512
12.1021 0.0118299
12.1508 0.0117099
12.1995 0.0115914
12.2482 0.0114741
12.2969 0.0113582
12.3456 0.0112435
12.3943 0.0111302
12.443 0.0110181
12.4916 0.0109072
12.5403 0.0107976
12.589 0.0106892
12.6377 0.010582
12.6864 0.010476
12.7351 0.0103712
12.7838 0.0102675
12.8325 0.0101649
12.8812 0.0100635
12.9299 0.00996323
12.9786 0.00986404
13.0273 0.00976593
13.076 0.00966889
13.1247 0.00957291
13.1734 0.00947798
13.2221 0.00938409
13.2708 0.00929121
13.3195 0.00919935
13.3682 0.00910848
13.4169 0.00901859
13.4656 0.00892968
13.5143 0.00884172
13.563 0.00875472
13.6117 0.00866865
13.6604 0.00858351
13.7091 0.00849929
13.7578 0.00841596
13.8065 0.00833354
13.8552 0.00825199
13.9039 0.00817131
13.9526 0.0080915
14.0013 0.00801253
14.05 0.00793441
14.0987 0.00785712
14.1474 0.00778065
14.1961 0.00770499
14.2448 0.00763013
14.2935 0.00755606
14.3422 0.00748278
14.3909 0.00741027
14.4396 0.00733852
14.4883 0.00726753
14.537 0.00719728
14.5857 0.00712778
14.6344 0.007059
14.6831 0.00699094
14.7318 0.0069236
14.7805 0.00685695
14.8292 0.00679101
14.8779 0.00672575
14.9265 0.00666117
14.9752 0.00659727
15.0239 0.00653403
15.0726 0.00647144
15.1213 0.0064095
15.17 0.00634821
15.2187 0.00628755
15.2674 0.00622751
15.3161 0.0061681
15.3648 0.0061093
15.4135 0.0060511
15.4622 0.0059935
15.5109 0.0059365
15.5596 0.00588008
15.6083 0.00582424
15.657 0.00576897
15.7057 0.00571426
15.7544 0.00566012
15.8031 0.00560653
15.8518 0.00555348
15.9005 0.00550098
15.9492 0.00544901
15.9979 0.00539757
16.0466 0.00534665
16.0953 0.00529624
16.144 0.00524635
16.1927 0.00519697
16.2414 0.00514808
16.2901 0.00509969
16.3388 0.00505179
16.3875 0.00500437
16.4362 0.00495742
16.4849 0.00491095
16.5336 0.00486495
16.5823 0.00481941
16.631 0.00477433
16.6797 0.0047297
16.7284 0.00468551
16.7771 0.00464177
16.8258 0.00459847
16.8745 0.0045556
16.9232 0.00451316
16.9719 0.00447114
17.0206 0.00442953
17.0693 0.00438835
17.118 0.00434757
17.1667 0.0043072
17.2154 0.00426723
17.2641 0.00422765
17.3127 0.00418847
17.3614 0.00414967
17.4101 0.00411126
17.4588 0.00407323
17.5075 0.00403557
17.5562 0.00399829
17.6049 0.00396137
17.6536 0.00392482
17.7023 0.00388863
17.751 0.00385279
17.7997 0.0038173
17.8484 0.00378216
17.8971 0.00374737
17.9458 0.00371292
17.9945 0.0036788
18.0432 0.00364502
18.0919 0.00361157
18.1406 0.00357845
18.1893 0.00354564
18.238 0.00351316
18.2867 0.003481
18.3354 0.00344915
18.3841 0.0034176
18.4328 0.00338637
18.4815 0.00335544
18.5302 0.0033248
18.5789 0.00329447
18.6276 0.00326443
18.6763 0.00323468
18.725 0.00320521
18.7737 0.00317603
18.8224 0.00314714
18.8711 0.00311852
18.9198 0.00309018
18.9685 0.00306211
19.0172 0.00303431
19.0659 0.00300678
19.1146 0.00297951
19.1633 0.00295251
19.212 0.00292576
19.2607 0.00289928
19.3094 0.00287304
19.3581 0.00284706
19.4068 0.00282132
19.4555 0.00279583
19.5042 0.00277059
19.5529 0.00274558
19.6016 0.00272082
19.6503 0.00269629
19.6989 0.00267199
19.7476 0.00264793
19.7963 0.00262409
19.845 0.00260048
19.8937 0.0025771
19.9424 0.00255394
19.9911 0.00253099
20.0398 0.00250827
20.0885 0.00248576
20.1372 0.00246346
20.1859 0.00244137
20.2346 0.0024195
20.2833 0.00239783
20.332 0.00237636
20.3807 0.0023551
20.4294 0.00233404
20.4781 0.00231317
20.5268 0.0022925
20.5755 0.00227203
20.6242 0.00225175
20.6729 0.00223166
20.7216 0.00221176
20.7703 0.00219204
20.819 0.00217251
20.8677 0.00215317
20.9164 0.002134
20.9651 0.00211502
21.0138 0.00209621
21.0625 0.00207758
21.1112 0.00205912
21.1599 0.00204083
21.2086 0.00202272
21.2573 0.00200477
21.306 0.00198699
21.3547 0.00196938
21.4034 0.00195193
21.4521 0.00193464
21.5008 0.00191752
21.5495 0.00190055
21.5982 0.00188374
21.6469 0.00186709
21.6956 0.00185059
21.7443 0.00183424
21.793 0.00181805
21.8417 0.001802
21.8904 0.00178611
21.9391 0.00177036
21.9878 0.00175475
22.0365 0.00173929
22.0851 0.00172398
22.1338 0.0017088
22.1825 0.00169377
22.2312 0.00167887
22.2799 0.00166411
22.3286 0.00164949
22.3773 0.001635
22.426 0.00162064
22.4747 0.00160642
22.5234 0.00159232
22.5721 0.00157836
22.6208 0.00156452
22.6695 0.00155082
22.7182 0.00153723
22.7669 0.00152377
22.8156 0.00151044
22.8643 0.00149722
22.913 0.00148413
22.9617 0.00147116
23.0104 0.0014583
23.0591 0.00144557
23.1078 0.00143294
23.1565 0.00142044
23.2052 0.00140805
23.2539 0.00139577
23.3026 0.0013836
23.3513 0.00137154
23.4 0.0013596
23.4487 0.00134776
23.4974 0.00133603
23.5461 0.0013244
23.5948 0.00131289
23.6435 0.00130147
23.6922 0.00129016
23.7409 0.00127895
23.7896 0.00126785
23.8383 0.00125684
23.887 0.00124593
23.9357 0.00123513
23.9844 0.00122442
24.0331 0.0012138
24.0818 0.00120329
24.1305 0.00119286
24.1792 0.00118253
24.2279 0.0011723
24.2766 0.00116216
24.3253 0.00115211
24.374 0.00114214
24.4227 0.00113227
24.4714 0.00112249
24.52 0.0011128
24.5687 0.00110319
24.6174 0.00109367
24.6661 0.00108423
24.7148 0.00107488
24.7635 0.00106561
24.8122 0.00105643
24.8609 0.00104733
24.9096 0.00103831
24.9583 0.00102937
25.007 0.00102051
25.0557 0.00101173
25.1044 0.00100303
25.1531 0.000994404
25.2018 0.000985857
25.2505 0.000977387
25.2992 0.000968992
25.3479 0.000960672
25.3966 0.000952426
25.4453 0.000944254
25.494 0.000936155
25.5427 0.000928128
25.5914 0.000920172
25.6401 0.000912287
25.6888 0.000904472
25.7375 0.000896727
25.7862 0.00088905
25.8349 0.000881442
25.8836 0.000873901
25.9323 0.000866427
25.981 0.00085902
26.0297 0.000851678
26.0784 0.000844401
26.1271 0.000837189
26.1758 0.00083004
26.2245 0.000822955
26.2732 0.000815932
26.3219 0.000808972
26.3706 0.000802073
26.4193 0.000795235
26.468 0.000788458
26.5167 0.00078174
26.5654 0.000775082
26.6141 0.000768483
26.6628 0.000761941
26.7115 0.000755458
26.7602 0.000749031
26.8089 0.000742661
26.8576 0.000736347
26.9062 0.000730089
26.9549 0.000723886
27.0036 0.000717737
27.0523 0.000711643
27.101 0.000705602
27.1497 0.000699614
27.1984 0.000693678
27.2471 0.000687795
27.2958 0.000681963
27.3445 0.000676183
27.3932 0.000670453
27.4419 0.000664773
27.4906 0.000659143
27.5393 0.000653563
27.588 0.000648031
27.6367 0.000642548
27.6854 0.000637112
27.7341 0.000631725
27.7828 0.000626384
27.8315 0.00062109
27.8802 0.000615842
27.9289 0.00061064
27.9776 0.000605483
28.0263 0.000600372
28.075 0.000595305
28.1237 0.000590282
28.1724 0.000585303
28.2211 0.000580367
28.2698 0.000575474
28.3185 0.000570624
28.3672 0.000565816
28.4159 0.00056105
28.4646 0.000556325
28.5133 0.000551642
28.562 0.000546999
28.6107 0.000542396
28.6594 0.000537833
28.7081 0.00053331
28.7568 0.000528827
28.8055 0.000524382
28.8542 0.000519975
28.9029 0.000515607
28.9516 0.000511277
29.0003 0.000506984
29.049 0.000502728
29.0977 0.000498509
29.1464 0.000494327
29.1951 0.000490181
29.2438 0.000486071
29.2924 0.000481996
29.3411 0.000477956
29.3898 0.000473952
29.4385 0.000469982
29.4872 0.000466046
29.5359 0.000462144
29.5846 0.000458276
29.6333 0.000454441
29.682 0.000450639
29.7307 0.00044687
29.7794 0.000443134
29.8281 0.000439429
29.8768 0.000435757
29.9255 0.000432116
29.9742 0.000428507
30.0229 0.000424928
30.0716 0.00042138
30.1203 0.000417863
30.169 0.000414376
30.2177 0.000410919
30.2664 0.000407492
30.3151 0.000404094
30.3638 0.000400725
30.4125 0.000397385
30.4612 0.000394074
30.5099 0.000390791
30.5586 0.000387536
30.6073 0.000384309
30.656 0.00038111
30.7047 0.000377938
30.7534 0.000374793
30.8021 0.000371676
30.8508 0.000368585
30.8995 0.00036552
30.9482 0.000362481
30.9969 0.000359469
31.0456 0.000356482
31.0943 0.000353521
31.143 0.000350585
31.1917 0.000347674
31.2404 0.000344788
31.2891 0.000341927
31.3378 0.00033909
31.3865 0.000336277
31.4352 0.000333488
31.4839 0.000330723
31.5326 0.000327981
31.5813 0.000325263
31.63 0.000322568
31.6787 0.000319896
31.7273 0.000317246
31.776 0.00031462
31.8247 0.000312015
31.8734 0.000309433
31.9221 0.000306872
31.9708 0.000304334
32.0195 0.000301816
32.0682 0.000299321
32.1169 0.000296846
32.1656 0.000294393
32.2143 0.00029196
32.263 0.000289548
32.3117 0.000287156
32.3604 0.000284785
32.4091 0.000282433
32.4578 0.000280102
32.5065 0.00027779
32.5552 0.000275498
32.6039 0.000273226
32.6526 0.000270972
32.7013 0.000268738
32.75 0.000266522
32.7987 0.000264326
32.8474 0.000262147
32.8961 0.000259988
32.9448 0.000257846
32.9935 0.000255723
33.0422 0.000253617
33.0909 0.000251529
33.1396 0.000249459
33.1883 0.000247407
33.237 0.000245371
33.2857 0.000243353
33.3344 0.000241352
33.3831 0.000239368
33.4318 0.0002374
33.4805 0.000235449
33.5292 0.000233515
33.5779 0.000231596
33.6266 0.000229694
33.6753 0.000227808
33.724 0.000225938
33.7727 0.000224083
33.8214 0.000222244
33.8701 0.000220421
33.9188 0.000218613
33.9675 0.00021682
34.0162 0.000215042
34.0649 0.000213279
34.1135 0.000211531
34.1622 0.000209797
34.2109 0.000208078
34.2596 0.000206374
34.3083 0.000204683
34.357 0.000203007
34.4057 0.000201345
34.4544 0.000199697
34.5031 0.000198063
34.5518 0.000196442
34.6005 0.000194835
34.6492 0.000193242
34.6979 0.000191662
34.7466 0.000190095
34.7953 0.000188541
34.844 0.000187
34.8927 0.000185472
34.9414 0.000183957
34.9901 0.000182454
35.0388 0.000180964
35.0875 0.000179486
35.1362 0.000178021
35.1849 0.000176568
35.2336 0.000175127
35.2823 0.000173698
35.331 0.000172281
35.3797 0.000170876
35.4284 0.000169483
35.4771 0.000168101
35.5258 0.000166731
35.5745 0.000165372
35.6232 0.000164025
35.6719 0.000162688
35.7206 0.000161363
35.7693 0.000160049
35.818 0.000158746
35.8667 0.000157454
35.9154 0.000156172
35.9641 0.000154901
36.0128 0.000153641
36.0615 0.000152391
36.1102 0.000151151
36.1589 0.000149922
36.2076 0.000148703
36.2563 0.000147494
36.305 0.000146295
36.3537 0.000145107
36.4024 0.000143928
36.4511 0.000142758
36.4997 0.000141599
36.5484 0.000140449
36.5971 0.000139309
36.6458 0.000138178
36.6945 0.000137056
36.7432 0.000135944
36.7919 0.000134841
36.8406 0.000133747
36.8893 0.000132662
36.938 0.000131587
36.9867 0.00013052
37.0354 0.000129462
37.0841 0.000128412
37.1328 0.000127372
37.1815 0.00012634
37.2302 0.000125316
37.2789 0.000124301
37.3276 0.000123294
37.3763 0.000122296
37.425 0.000121306
37.4737 0.000120324
37.5224 0.00011935
37.5711 0.000118385
37.6198 0.000117427
37.6685 0.000116477
37.7172 0.000115535
37.7659 0.000114601
37.8146 0.000113674
37.8633 0.000112755
37.912 0.000111844
37.9607 0.00011094
38.0094 0.000110044
38.0581 0.000109155
38.1068 0.000108273
38.1555 0.000107399
38.2042 0.000106532
38.2529 0.000105672
38.3016 0.000104819
38.3503 0.000103973
38.399 0.000103134
38.4477 0.000102302
38.4964 0.000101476
38.5451 0.000100658
38.5938 9.98463e-05
38.6425 9.90413e-05
38.6912 9.82429e-05
38.7399 9.7451e-05
38.7886 9.66657e-05
38.8373 9.58867e-05
38.886 9.51142e-05
38.9346 9.43481e-05
38.9833 9.35882e-05
39.032 9.28346e-05
39.0807 9.20871e-05
39.1294 9.13458e-05
39.1781 9.06106e-05
39.2268 8.98814e-05
39.2755 8.91581e-05
39.3242 8.84408e-05
39.3729 8.77294e-05
39.4216 8.70238e-05
39.4703 8.6324e-05
39.519 8.56299e-05
39.5677 8.49416e-05
39.6164 8.42588e-05
39.6651 8.35816e-05
39.7138 8.291e-05
39.7625 8.22439e-05
39.8112 8.15832e-05
39.8599 8.0928e-05
39.9086 8.02781e-05
39.9573 7.96335e-05
40.006 7.89942e-05
40.0547 7.83601e-05
40.1034 7.77311e-05
40.1521 7.71074e-05
40.2008 7.64887e-05
40.2495 7.58751e-05
40.2982 7.52665e-05
40.3469 7.46628e-05
40.3956 7.40641e-05
40.4443 7.34703e-05
40.493 7.28813e-05
40.5417 7.22972e-05
40.5904 7.17178e-05
40.6391 7.11431e-05
40.6878 7.05731e-05
40.7365 7.00078e-05
40.7852 6.9447e-05
40.8339 6.88909e-05
40.8826 6.83393e-05
40.9313 6.77921e-05
40.98 6.72494e-05
41.0287 6.67112e-05
41.0774 6.61773e-05
41.1261 6.56478e-05
41.1748 6.51226e-05
41.2235 6.46016e-05
41.2722 6.40849e-05
41.3208 6.35725e-05
41.3695 6.30641e-05
41.4182 6.25599e-05
41.4669 6.20599e-05
41.5156 6.15638e-05
41.5643 6.10718e-05
41.613 6.05839e-05
41.6617 6.00998e-05
41.7104 5.96197e-05
41.7591 5.91436e-05
41.8078 5.86712e-05
41.8565 5.82027e-05
41.9052 5.77381e-05
41.9539 5.72772e-05
42.0026 5.682e-05
42.0513 5.63665e-05
42.1 5.59168e-05
42.1487 5.54706e-05
42.1974 5.50281e-05
42.2461 5.45892e-05
42.2948 5.41538e-05
42.3435 5.3722e-05
42.3922 5.32937e-05
42.4409 5.28688e-05
42.4896 5.24474e-05
42.5383 5.20294e-05
42.587 5.16148e-05
42.6357 5.12035e-05
42.6844 5.07956e-05
42.7331 5.0391e-05
42.7818 4.99896e-05
42.8305 4.95915e-05
42.8792 4.91967e-05
42.9279 4.8805e-05
42.9766 4.84165e-05
43.0253 4.80311e-05
43.074 4.76489e-05
43.1227 4.72697e-05
43.1714 4.68936e-05
43.2201 4.65206e-05
43.2688 4.61505e-05
43.3175 4.57835e-05
43.3662 4.54194e-05
43.4149 4.50582e-05
43.4636 4.47e-05
43.5123 4.43447e-05
43.561 4.39922e-05
43.6097 4.36426e-05
43.6584 4.32958e-05
43.707 4.29518e-05
43.7557 4.26106e-05
43.8044 4.22722e-05
43.8531 4.19364e-05
43.9018 4.16034e-05
43.9505 4.12731e-05
43.9992 4.09454e-05
44.0479 4.06203e-05
44.0966 4.02979e-05
44.1453 3.99781e-05
44.194 3.96609e-05
44.2427 3.93462e-05
44.2914 3.90341e-05
44.3401 3.87244e-05
44.3888 3.84173e-05
44.4375 3.81126e-05
44.4862 3.78104e-05
44.5349 3.75106e-05
44.5836 3.72133e-05
44.6323 3.69183e-05
44.681 3.66257e-05
44.7297 3.63355e-05
44.7784 3.60476e-05
44.8271 3.5762e-05
44.8758 3.54787e-05
44.9245 3.51976e-05
44.9732 3.49189e-05
45.0219 3.46424e-05
45.0706 3.43681e-05
45.1193 3.4096e-05
45.168 3.38261e-05
45.2167 3.35583e-05
45.2654 3.32928e-05
45.3141 3.30293e-05
45.3628 3.2768e-05
45.4115 3.25087e-05
45.4602 3.22516e-05
45.5089 3.19965e-05
45.5576 3.17434e-05
45.6063 3.14924e-05
45.655 3.12434e-05
45.7037 3.09964e-05
45.7524 3.07514e-05
45.8011 3.05083e-05
45.8498 3.02672e-05
45.8985 3.0028e-05
45.9472 2.97908e-05
45.9959 2.95554e-05
46.0446 2.93219e-05
46.0933 2.90903e-05
46.1419 2.88606e-05
46.1906 2.86327e-05
46.2393 2.84066e-05
46.288 2.81823e-05
46.3367 2.79599e-05
46.3854 2.77392e-05
46.4341 2.75203e-05
46.4828 2.73031e-05
46.5315 2.70877e-05
46.5802 2.68739e-05
46.6289 2.66619e-05
46.6776 2.64516e-05
46.7263 2.6243e-05
46.775 2.60361e-05
46.8237 2.58308e-05
46.8724 2.56271e-05
46.9211 2.54251e-05
46.9698 2.52247e-05
