-3.94101 0.000258869
-3.80166 0.000322016
-3.6623 0.0004007
-3.52294 0.000498784
-3.38359 0.0006211
-3.24423 0.000773697
-3.10487 0.00096415
-2.96552 0.00120195
-2.82616 0.00149899
-2.6868 0.00187017
-2.54744 0.00233416
-2.40809 0.00291436
-2.26873 0.00364005
-2.12937 0.00454783
-1.99002 0.00568339
-1.85066 0.0071035
-1.7113 0.00887843
-1.57195 0.0110944
-1.43259 0.0138562
-1.29323 0.0172883
-1.15387 0.0215348
-1.01452 0.0267543
-0.87516 0.0331057
-0.735803 0.0407196
-0.596446 0.0496463
-0.457089 0.0597775
-0.317732 0.0707541
-0.178375 0.0819126
-0.0390182 0.0923515
0.100339 0.101167
0.239696 0.107751
0.379053 0.111959
0.51841 0.114035
0.657767 0.11442
0.797124 0.113578
0.936481 0.111906
1.07584 0.109703
1.21519 0.107185
1.35455 0.1045
1.49391 0.101746
1.63327 0.0989895
1.77262 0.0962709
1.91198 0.0936165
2.05134 0.0910414
2.19069 0.0885541
2.33005 0.0861585
2.46941 0.0838551
2.60876 0.0816429
2.74812 0.0795193
2.88748 0.0774811
3.02684 0.0755249
3.16619 0.0736467
3.30555 0.0718428
3.44491 0.0701093
3.58426 0.0684426
3.72362 0.0668392
3.86298 0.0652957
4.00233 0.0638089
4.14169 0.0623758
4.28105 0.0609937
4.42041 0.0596598
4.55976 0.0583717
4.69912 0.0571271
4.83848 0.0559237
4.97783 0.0547596
5.11719 0.0536328
5.25655 0.0525416
5.3959 0.0514841
5.53526 0.050459
5.67462 0.0494647
5.81398 0.0484998
5.95333 0.047563
6.09269 0.0466531
6.23205 0.0457689
6.3714 0.0449094
6.51076 0.0440734
6.65012 0.0432602
6.78947 0.0424687
6.92883 0.041698
7.06819 0.0409475
7.20755 0.0402162
7.3469 0.0395034
7.48626 0.0388086
7.62562 0.0381309
7.76497 0.0374699
7.90433 0.0368248
8.04369 0.0361952
8.18304 0.0355804
8.3224 0.03498
8.46176 0.0343936
8.60112 0.0338205
8.74047 0.0332605
8.87983 0.032713
9.01919 0.0321776
9.15854 0.0316541
9.2979 0.031142
9.43726 0.0306409
9.57661 0.0301505
9.71597 0.0296705
9.85533 0.0292006
9.99469 0.0287405
10.134 0.0282899
10.2734 0.0278485
10.4128 0.0274161
10.5521 0.0269924
10.6915 0.0265772
10.8308 0.0261702
10.9702 0.0257712
11.1095 0.02538
11.2489 0.0249964
11.3883 0.0246202
11.5276 0.0242512
11.667 0.0238892
11.8063 0.023534
11.9457 0.0231854
12.085 0.0228433
12.2244 0.0225076
12.3638 0.022178
12.5031 0.0218545
12.6425 0.0215367
12.7818 0.0212248
12.9212 0.0209184
13.0605 0.0206174
13.1999 0.0203218
13.3393 0.0200314
13.4786 0.0197461
13.618 0.0194658
13.7573 0.0191903
13.8967 0.0189195
14.036 0.0186534
14.1754 0.0183918
14.3148 0.0181347
14.4541 0.0178818
14.5935 0.0176333
14.7328 0.0173889
14.8722 0.0171485
15.0115 0.0169121
15.1509 0.0166796
15.2903 0.0164509
15.4296 0.016226
15.569 0.0160047
15.7083 0.015787
15.8477 0.0155728
15.987 0.015362
16.1264 0.0151546
16.2658 0.0149505
16.4051 0.0147496
16.5445 0.0145519
16.6838 0.0143572
16.8232 0.0141657
16.9625 0.0139771
17.1019 0.0137914
17.2413 0.0136087
17.3806 0.0134287
17.52 0.0132515
17.6593 0.013077
17.7987 0.0129051
17.938 0.0127359
18.0774 0.0125692
18.2167 0.0124051
18.3561 0.0122434
18.4955 0.0120841
18.6348 0.0119273
18.7742 0.0117727
18.9135 0.0116204
19.0529 0.0114704
19.1922 0.0113226
19.3316 0.011177
19.471 0.0110335
19.6103 0.0108921
19.7497 0.0107528
19.889 0.0106155
20.0284 0.0104802
20.1677 0.0103468
20.3071 0.0102153
20.4465 0.0100858
20.5858 0.00995805
20.7252 0.00983216
20.8645 0.00970807
21.0039 0.00958573
21.1432 0.00946513
21.2826 0.00934623
21.422 0.00922901
21.5613 0.00911343
21.7007 0.00899948
21.84 0.00888712
21.9794 0.00877632
22.1187 0.00866707
22.2581 0.00855933
22.3975 0.00845308
22.5368 0.0083483
22.6762 0.00824497
22.8155 0.00814306
22.9549 0.00804254
23.0942 0.0079434
23.2336 0.00784562
23.373 0.00774917
23.5123 0.00765402
23.6517 0.00756017
23.791 0.00746759
23.9304 0.00737627
24.0697 0.00728617
24.2091 0.00719728
24.3485 0.00710959
24.4878 0.00702308
24.6272 0.00693772
24.7665 0.0068535
24.9059 0.0067704
25.0452 0.00668841
25.1846 0.0066075
25.324 0.00652767
25.4633 0.00644889
25.6027 0.00637115
25.742 0.00629444
25.8814 0.00621873
26.0207 0.00614402
26.1601 0.00607029
26.2995 0.00599752
26.4388 0.0059257
26.5782 0.00585481
26.7175 0.00578485
26.8569 0.0057158
26.9962 0.00564764
27.1356 0.00558037
27.275 0.00551396
27.4143 0.00544841
27.5537 0.00538371
27.693 0.00531984
27.8324 0.00525679
27.9717 0.00519454
28.1111 0.00513309
28.2505 0.00507243
28.3898 0.00501254
28.5292 0.00495342
28.6685 0.00489505
28.8079 0.00483742
28.9472 0.00478052
29.0866 0.00472434
29.226 0.00466887
29.3653 0.0046141
29.5047 0.00456002
29.644 0.00450663
29.7834 0.0044539
29.9227 0.00440184
30.0621 0.00435043
30.2015 0.00429966
30.3408 0.00424953
30.4802 0.00420003
30.6195 0.00415114
30.7589 0.00410286
30.8982 0.00405519
31.0376 0.0040081
31.177 0.0039616
31.3163 0.00391568
31.4557 0.00387032
31.595 0.00382553
31.7344 0.00378129
31.8737 0.00373759
32.0131 0.00369443
32.1524 0.00365181
32.2918 0.0036097
32.4312 0.00356812
32.5705 0.00352704
32.7099 0.00348647
32.8492 0.00344639
32.9886 0.00340681
33.1279 0.0033677
33.2673 0.00332908
33.4067 0.00329092
33.546 0.00325323
33.6854 0.003216
33.8247 0.00317921
33.9641 0.00314288
34.1034 0.00310698
34.2428 0.00307152
34.3822 0.00303649
34.5215 0.00300188
34.6609 0.00296768
34.8002 0.0029339
34.9396 0.00290053
35.0789 0.00286755
35.2183 0.00283498
35.3577 0.00280279
35.497 0.00277099
35.6364 0.00273957
35.7757 0.00270853
35.9151 0.00267786
36.0544 0.00264755
36.1938 0.00261761
36.3332 0.00258802
36.4725 0.00255879
36.6119 0.0025299
36.7512 0.00250135
36.8906 0.00247315
37.0299 0.00244528
37.1693 0.00241774
37.3087 0.00239053
37.448 0.00236363
37.5874 0.00233706
37.7267 0.0023108
37.8661 0.00228485
38.0054 0.00225921
38.1448 0.00223387
38.2842 0.00220882
38.4235 0.00218407
38.5629 0.00215962
38.7022 0.00213545
38.8416 0.00211156
38.9809 0.00208795
39.1203 0.00206462
39.2597 0.00204156
39.399 0.00201878
39.5384 0.00199625
39.6777 0.001974
39.8171 0.001952
39.9564 0.00193025
40.0958 0.00190876
40.2352 0.00188753
40.3745 0.00186653
40.5139 0.00184579
40.6532 0.00182528
40.7926 0.00180501
40.9319 0.00178498
41.0713 0.00176517
41.2107 0.0017456
41.35 0.00172626
41.4894 0.00170713
41.6287 0.00168823
41.7681 0.00166955
41.9074 0.00165108
42.0468 0.00163283
42.1862 0.00161478
42.3255 0.00159695
42.4649 0.00157931
42.6042 0.00156189
42.7436 0.00154466
42.8829 0.00152763
43.0223 0.00151079
43.1617 0.00149415
43.301 0.0014777
43.4404 0.00146144
43.5797 0.00144536
43.7191 0.00142947
43.8584 0.00141375
43.9978 0.00139822
44.1372 0.00138287
44.2765 0.00136769
44.4159 0.00135268
44.5552 0.00133785
44.6946 0.00132318
44.8339 0.00130868
44.9733 0.00129435
45.1127 0.00128017
45.252 0.00126616
45.3914 0.00125231
45.5307 0.00123862
45.6701 0.00122508
45.8094 0.00121169
45.9488 0.00119846
46.0881 0.00118537
46.2275 0.00117244
46.3669 0.00115965
46.5062 0.001147
46.6456 0.0011345
46.7849 0.00112214
46.9243 0.00110991
47.0636 0.00109783
47.203 0.00108588
47.3424 0.00107407
47.4817 0.00106239
47.6211 0.00105084
47.7604 0.00103942
47.8998 0.00102813
48.0391 0.00101696
48.1785 0.00100592
48.3179 0.000995007
48.4572 0.000984214
48.5966 0.000973542
48.7359 0.000962989
48.8753 0.000952555
49.0146 0.000942237
49.154 0.000932035
49.2934 0.000921947
49.4327 0.000911972
49.5721 0.000902108
49.7114 0.000892354
49.8508 0.000882708
49.9901 0.000873171
50.1295 0.000863739
50.2689 0.000854413
50.4082 0.000845191
50.5476 0.000836071
50.6869 0.000827053
50.8263 0.000818135
50.9656 0.000809316
51.105 0.000800594
51.2444 0.00079197
51.3837 0.000783442
51.5231 0.000775008
51.6624 0.000766667
51.8018 0.000758419
51.9411 0.000750263
52.0805 0.000742196
52.2199 0.000734219
52.3592 0.000726331
52.4986 0.000718529
52.6379 0.000710813
52.7773 0.000703183
52.9166 0.000695637
53.056 0.000688175
53.1954 0.000680794
53.3347 0.000673496
53.4741 0.000666277
53.6134 0.000659138
53.7528 0.000652078
53.8921 0.000645095
54.0315 0.00063819
54.1709 0.00063136
54.3102 0.000624605
54.4496 0.000617925
54.5889 0.000611317
54.7283 0.000604783
54.8676 0.00059832
55.007 0.000591928
55.1464 0.000585606
55.2857 0.000579354
55.4251 0.00057317
55.5644 0.000567054
55.7038 0.000561005
55.8431 0.000555022
55.9825 0.000549104
56.1219 0.000543251
56.2612 0.000537462
56.4006 0.000531737
56.5399 0.000526074
56.6793 0.000520473
56.8186 0.000514933
56.958 0.000509453
57.0974 0.000504033
57.2367 0.000498672
57.3761 0.00049337
57.5154 0.000488126
57.6548 0.000482938
57.7941 0.000477807
57.9335 0.000472732
58.0729 0.000467712
58.2122 0.000462747
58.3516 0.000457836
58.4909 0.000452978
58.6303 0.000448173
58.7696 0.00044342
58.909 0.000438719
59.0484 0.000434069
59.1877 0.000429469
59.3271 0.000424919
59.4664 0.000420418
59.6058 0.000415966
59.7451 0.000411563
59.8845 0.000407207
60.0238 0.000402898
60.1632 0.000398636
60.3026 0.00039442
60.4419 0.000390249
60.5813 0.000386124
60.7206 0.000382043
60.86 0.000378007
60.9993 0.000374014
61.1387 0.000370064
61.2781 0.000366157
61.4174 0.000362292
61.5568 0.000358468
61.6961 0.000354686
61.8355 0.000350945
61.9748 0.000347243
62.1142 0.000343582
62.2536 0.000339961
62.3929 0.000336378
62.5323 0.000332834
62.6716 0.000329327
62.811 0.000325859
62.9503 0.000322428
63.0897 0.000319034
63.2291 0.000315676
63.3684 0.000312355
63.5078 0.000309069
63.6471 0.000305818
63.7865 0.000302602
63.9258 0.000299421
64.0652 0.000296274
64.2046 0.000293161
64.3439 0.000290081
64.4833 0.000287034
64.6226 0.000284019
64.762 0.000281037
64.9013 0.000278087
65.0407 0.000275169
65.1801 0.000272281
65.3194 0.000269425
65.4588 0.000266599
65.5981 0.000263804
65.7375 0.000261038
65.8768 0.000258302
66.0162 0.000255595
66.1556 0.000252917
66.2949 0.000250268
66.4343 0.000247646
66.5736 0.000245053
66.713 0.000242488
66.8523 0.00023995
66.9917 0.000237439
67.1311 0.000234954
67.2704 0.000232497
67.4098 0.000230065
67.5491 0.000227659
67.6885 0.000225279
67.8278 0.000222925
67.9672 0.000220595
68.1066 0.00021829
68.2459 0.00021601
68.3853 0.000213754
68.5246 0.000211522
68.664 0.000209313
68.8033 0.000207128
68.9427 0.000204967
69.0821 0.000202828
69.2214 0.000200712
69.3608 0.000198619
69.5001 0.000196547
69.6395 0.000194498
69.7788 0.00019247
69.9182 0.000190464
70.0576 0.00018848
70.1969 0.000186516
70.3363 0.000184573
70.4756 0.00018265
70.615 0.000180748
70.7543 0.000178867
70.8937 0.000177005
71.0331 0.000175163
71.1724 0.00017334
71.3118 0.000171536
71.4511 0.000169752
71.5905 0.000167987
71.7298 0.00016624
71.8692 0.000164512
72.0086 0.000162801
72.1479 0.00016111
72.2873 0.000159435
72.4266 0.000157779
72.566 0.00015614
72.7053 0.000154518
72.8447 0.000152914
72.9841 0.000151326
73.1234 0.000149755
73.2628 0.000148201
73.4021 0.000146663
73.5415 0.000145142
73.6808 0.000143636
73.8202 0.000142146
73.9595 0.000140672
74.0989 0.000139214
74.2383 0.00013777
74.3776 0.000136343
74.517 0.00013493
74.6563 0.000133531
74.7957 0.000132148
74.935 0.000130779
75.0744 0.000129425
75.2138 0.000128085
75.3531 0.000126759
75.4925 0.000125446
75.6318 0.000124148
75.7712 0.000122863
75.9105 0.000121592
76.0499 0.000120334
76.1893 0.00011909
76.3286 0.000117858
76.468 0.000116639
76.6073 0.000115434
76.7467 0.00011424
76.886 0.00011306
77.0254 0.000111891
77.1648 0.000110735
77.3041 0.000109591
77.4435 0.000108459
77.5828 0.000107339
77.7222 0.000106231
77.8615 0.000105134
78.0009 0.000104049
78.1403 0.000102975
78.2796 0.000101912
78.419 0.000100861
78.5583 9.98201e-05
78.6977 9.87905e-05
78.837 9.77716e-05
78.9764 9.67634e-05
79.1158 9.57657e-05
79.2551 9.47784e-05
79.3945 9.38015e-05
79.5338 9.28348e-05
79.6732 9.18781e-05
79.8125 9.09315e-05
79.9519 8.99948e-05
80.0913 8.90678e-05
80.2306 8.81505e-05
80.37 8.72428e-05
80.5093 8.63446e-05
80.6487 8.54557e-05
80.788 8.45762e-05
80.9274 8.37057e-05
81.0668 8.28444e-05
81.2061 8.19921e-05
81.3455 8.11486e-05
81.4848 8.03139e-05
81.6242 7.9488e-05
81.7635 7.86706e-05
81.9029 7.78617e-05
82.0423 7.70613e-05
82.1816 7.62692e-05
82.321 7.54854e-05
82.4603 7.47097e-05
82.5997 7.39421e-05
82.739 7.31825e-05
82.8784 7.24308e-05
83.0178 7.16869e-05
83.1571 7.09507e-05
83.2965 7.02222e-05
83.4358 6.95013e-05
83.5752 6.87879e-05
83.7145 6.80819e-05
83.8539 6.73832e-05
83.9933 6.66918e-05
84.1326 6.60075e-05
84.272 6.53304e-05
84.4113 6.46603e-05
84.5507 6.39972e-05
84.69 6.3341e-05
84.8294 6.26915e-05
84.9688 6.20488e-05
85.1081 6.14128e-05
85.2475 6.07834e-05
85.3868 6.01605e-05
85.5262 5.95441e-05
85.6655 5.8934e-05
85.8049 5.83303e-05
85.9443 5.77328e-05
86.0836 5.71416e-05
86.223 5.65564e-05
86.3623 5.59774e-05
86.5017 5.54043e-05
86.641 5.48372e-05
86.7804 5.42759e-05
86.9198 5.37205e-05
87.0591 5.31708e-05
87.1985 5.26268e-05
87.3378 5.20884e-05
87.4772 5.15556e-05
87.6165 5.10283e-05
87.7559 5.05064e-05
87.8952 4.999e-05
88.0346 4.94789e-05
88.174 4.89731e-05
88.3133 4.84725e-05
88.4527 4.79771e-05
88.592 4.74868e-05
88.7314 4.70016e-05
88.8707 4.65214e-05
89.0101 4.60462e-05
89.1495 4.55759e-05
89.2888 4.51104e-05
89.4282 4.46497e-05
89.5675 4.41938e-05
89.7069 4.37426e-05
89.8462 4.32961e-05
89.9856 4.28541e-05
90.125 4.24168e-05
90.2643 4.19839e-05
90.4037 4.15555e-05
90.543 4.11315e-05
90.6824 4.07119e-05
90.8217 4.02967e-05
90.9611 3.98857e-05
91.1005 3.94789e-05
91.2398 3.90763e-05
91.3792 3.86779e-05
91.5185 3.82836e-05
91.6579 3.78934e-05
91.7972 3.75072e-05
91.9366 3.71249e-05
92.076 3.67466e-05
92.2153 3.63722e-05
92.3547 3.60016e-05
92.494 3.56349e-05
92.6334 3.52719e-05
92.7727 3.49127e-05
92.9121 3.45572e-05
93.0515 3.42053e-05
93.1908 3.3857e-05
93.3302 3.35123e-05
93.4695 3.31712e-05
93.6089 3.28336e-05
93.7482 3.24994e-05
93.8876 3.21687e-05
94.027 3.18414e-05
94.1663 3.15175e-05
94.3057 3.11969e-05
94.445 3.08795e-05
94.5844 3.05655e-05
94.7237 3.02546e-05
94.8631 2.9947e-05
95.0025 2.96425e-05
95.1418 2.93411e-05
95.2812 2.90429e-05
95.4205 2.87477e-05
95.5599 2.84555e-05
95.6992 2.81663e-05
95.8386 2.78801e-05
95.978 2.75969e-05
96.1173 2.73165e-05
96.2567 2.7039e-05
96.396 2.67644e-05
96.5354 2.64925e-05
96.6747 2.62235e-05
96.8141 2.59572e-05
96.9535 2.56937e-05
97.0928 2.54328e-05
97.2322 2.51747e-05
97.3715 2.49191e-05
97.5109 2.46662e-05
97.6502 2.44159e-05
97.7896 2.41682e-05
97.929 2.3923e-05
98.0683 2.36802e-05
98.2077 2.344e-05
98.347 2.32023e-05
98.4864 2.2967e-05
98.6257 2.2734e-05
98.7651 2.25035e-05
98.9045 2.22753e-05
99.0438 2.20495e-05
99.1832 2.1826e-05
99.3225 2.16047e-05
99.4619 2.13858e-05
99.6012 2.1169e-05
99.7406 2.09545e-05
99.88 2.07422e-05
100.019 2.0532e-05
100.159 2.0324e-05
100.298 2.01182e-05
100.437 1.99144e-05
100.577 1.97127e-05
100.716 1.95131e-05
100.855 1.93155e-05
100.995 1.91199e-05
101.134 1.89263e-05
101.274 1.87347e-05
101.413 1.85451e-05
101.552 1.83574e-05
101.692 1.81716e-05
101.831 1.79877e-05
101.97 1.78057e-05
102.11 1.76255e-05
102.249 1.74472e-05
102.388 1.72707e-05
102.528 1.7096e-05
102.667 1.69231e-05
102.806 1.6752e-05
102.946 1.65826e-05
103.085 1.64149e-05
103.225 1.62489e-05
103.364 1.60847e-05
103.503 1.59221e-05
103.643 1.57611e-05
103.782 1.56018e-05
103.921 1.54442e-05
104.061 1.52881e-05
104.2 1.51336e-05
104.339 1.49807e-05
104.479 1.48294e-05
104.618 1.46796e-05
104.757 1.45313e-05
104.897 1.43845e-05
105.036 1.42392e-05
105.176 1.40955e-05
105.315 1.39531e-05
105.454 1.38122e-05
105.594 1.36728e-05
105.733 1.35348e-05
105.872 1.33981e-05
106.012 1.32629e-05
106.151 1.31291e-05
106.29 1.29966e-05
106.43 1.28654e-05
106.569 1.27356e-05
106.708 1.26071e-05
106.848 1.24799e-05
106.987 1.2354e-05
107.127 1.22294e-05
107.266 1.21061e-05
107.405 1.1984e-05
107.545 1.18632e-05
107.684 1.17435e-05
107.823 1.16251e-05
107.963 1.15079e-05
108.102 1.13919e-05
108.241 1.12771e-05
108.381 1.11634e-05
108.52 1.10509e-05
108.659 1.09395e-05
108.799 1.08293e-05
108.938 1.07202e-05
109.078 1.06122e-05
109.217 1.05053e-05
109.356 1.03994e-05
109.496 1.02947e-05
109.635 1.0191e-05
109.774 1.00884e-05
109.914 9.98677e-06
110.053 9.8862e-06
110.192 9.78666e-06
110.332 9.68813e-06
110.471 9.59059e-06
110.61 9.49405e-06
110.75 9.39848e-06
110.889 9.30388e-06
111.029 9.21025e-06
111.168 9.11756e-06
111.307 9.02581e-06
111.447 8.93499e-06
111.586 8.8451e-06
111.725 8.75611e-06
111.865 8.66803e-06
112.004 8.58083e-06
112.143 8.49453e-06
112.283 8.40909e-06
112.422 8.32452e-06
112.561 8.24081e-06
112.701 8.15795e-06
112.84 8.07593e-06
112.98 7.99473e-06
113.119 7.91436e-06
113.258 7.8348e-06
113.398 7.75605e-06
113.537 7.6781e-06
113.676 7.60093e-06
113.816 7.52455e-06
113.955 7.44894e-06
114.094 7.37409e-06
114.234 7.3e-06
114.373 7.22666e-06
114.512 7.15407e-06
114.652 7.0822e-06
114.791 7.01107e-06
114.931 6.94065e-06
115.07 6.87095e-06
115.209 6.80195e-06
115.349 6.73365e-06
115.488 6.66604e-06
115.627 6.59911e-06
115.767 6.53286e-06
115.906 6.46728e-06
116.045 6.40236e-06
116.185 6.3381e-06
116.324 6.27449e-06
116.463 6.21152e-06
116.603 6.14919e-06
116.742 6.08749e-06
116.882 6.02641e-06
117.021 5.96594e-06
117.16 5.90609e-06
117.3 5.84684e-06
117.439 5.7882e-06
117.578 5.73014e-06
117.718 5.67267e-06
117.857 5.61578e-06
117.996 5.55946e-06
118.136 5.50371e-06
118.275 5.44853e-06
118.414 5.3939e-06
118.554 5.33983e-06
118.693 5.2863e-06
118.833 5.23331e-06
118.972 5.18085e-06
119.111 5.12892e-06
119.251 5.07752e-06
119.39 5.02664e-06
119.529 4.97627e-06
119.669 4.9264e-06
119.808 4.87704e-06
119.947 4.82818e-06
120.087 4.77981e-06
120.226 4.73193e-06
120.365 4.68453e-06
120.505 4.63761e-06
120.644 4.59116e-06
120.784 4.54518e-06
120.923 4.49967e-06
121.062 4.45461e-06
121.202 4.41001e-06
121.341 4.36585e-06
121.48 4.32214e-06
121.62 4.27887e-06
121.759 4.23604e-06
121.898 4.19364e-06
122.038 4.15167e-06
122.177 4.11011e-06
122.316 4.06898e-06
122.456 4.02826e-06
122.595 3.98795e-06
122.735 3.94805e-06
122.874 3.90855e-06
123.013 3.86945e-06
123.153 3.83074e-06
123.292 3.79242e-06
123.431 3.75448e-06
123.571 3.71693e-06
123.71 3.67975e-06
123.849 3.64295e-06
123.989 3.60652e-06
124.128 3.57046e-06
124.267 3.53476e-06
124.407 3.49941e-06
124.546 3.46443e-06
124.685 3.42979e-06
124.825 3.39551e-06
124.964 3.36157e-06
125.104 3.32797e-06
125.243 3.2947e-06
125.382 3.26178e-06
125.522 3.22918e-06
125.661 3.19691e-06
125.8 3.16497e-06
125.94 3.13334e-06
126.079 3.10204e-06
126.218 3.07104e-06
126.358 3.04037e-06
126.497 3.00999e-06
126.636 2.97993e-06
126.776 2.95016e-06
126.915 2.9207e-06
127.055 2.89153e-06
127.194 2.86265e-06
127.333 2.83407e-06
127.473 2.80577e-06
127.612 2.77775e-06
127.751 2.75002e-06
127.891 2.72257e-06
128.03 2.69539e-06
128.169 2.66848e-06
128.309 2.64184e-06
128.448 2.61548e-06
128.587 2.58937e-06
128.727 2.56353e-06
128.866 2.53795e-06
129.006 2.51262e-06
129.145 2.48755e-06
129.284 2.46273e-06
129.424 2.43816e-06
129.563 2.41383e-06
129.702 2.38975e-06
129.842 2.36591e-06
129.981 2.34231e-06
130.12 2.31895e-06
130.26 2.29582e-06
130.399 2.27292e-06
130.538 2.25026e-06
130.678 2.22782e-06
130.817 2.2056e-06
130.957 2.18361e-06
131.096 2.16184e-06
131.235 2.14029e-06
131.375 2.11895e-06
131.514 2.09782e-06
131.653 2.07691e-06
131.793 2.05621e-06
131.932 2.03572e-06
132.071 2.01543e-06
132.211 1.99534e-06
132.35 1.97546e-06
132.489 1.95577e-06
132.629 1.93628e-06
132.768 1.91699e-06
132.908 1.89789e-06
133.047 1.87898e-06
133.186 1.86026e-06
133.326 1.84173e-06
133.465 1.82339e-06
133.604 1.80522e-06
133.744 1.78724e-06
133.883 1.76944e-06
134.022 1.75182e-06
134.162 1.73437e-06
134.301 1.7171e-06
134.44 1.70001e-06
134.58 1.68308e-06
134.719 1.66632e-06
134.859 1.64973e-06
134.998 1.63331e-06
135.137 1.61705e-06
135.277 1.60095e-06
