-3.32086 0.000380252
-3.30978 0.000391233
-3.2987 0.000402526
-3.28762 0.000414139
-3.27654 0.000426083
-3.26546 0.000438365
-3.25437 0.000450995
-3.24329 0.000463983
-3.23221 0.000477338
-3.22113 0.000491072
-3.21005 0.000505194
-3.19897 0.000519715
-3.18789 0.000534646
-3.1768 0.000549999
-3.16572 0.000565785
-3.15464 0.000582015
-3.14356 0.000598703
-3.13248 0.000615861
-3.1214 0.000633501
-3.11032 0.000651638
-3.09924 0.000670284
-3.08815 0.000689453
-3.07707 0.00070916
-3.06599 0.00072942
-3.05491 0.000750247
-3.04383 0.000771657
-3.03275 0.000793667
-3.02167 0.000816291
-3.01058 0.000839548
-2.9995 0.000863453
-2.98842 0.000888026
-2.97734 0.000913283
-2.96626 0.000939244
-2.95518 0.000965927
-2.9441 0.000993352
-2.93302 0.00102154
-2.92193 0.00105051
-2.91085 0.00108028
-2.89977 0.00111088
-2.88869 0.00114233
-2.87761 0.00117464
-2.86653 0.00120785
-2.85545 0.00124198
-2.84436 0.00127705
-2.83328 0.00131309
-2.8222 0.00135011
-2.81112 0.00138816
-2.80004 0.00142726
-2.78896 0.00146743
-2.77788 0.0015087
-2.7668 0.0015511
-2.75571 0.00159467
-2.74463 0.00163943
-2.73355 0.00168541
-2.72247 0.00173265
-2.71139 0.00178118
-2.70031 0.00183103
-2.68923 0.00188224
-2.67814 0.00193485
-2.66706 0.00198889
-2.65598 0.00204439
-2.6449 0.0021014
-2.63382 0.00215995
-2.62274 0.00222009
-2.61166 0.00228186
-2.60057 0.0023453
-2.58949 0.00241044
-2.57841 0.00247735
-2.56733 0.00254605
-2.55625 0.00261661
-2.54517 0.00268906
-2.53409 0.00276345
-2.52301 0.00283984
-2.51192 0.00291828
-2.50084 0.00299881
-2.48976 0.00308149
-2.47868 0.00316638
-2.4676 0.00325353
-2.45652 0.003343
-2.44544 0.00343485
-2.43435 0.00352914
-2.42327 0.00362592
-2.41219 0.00372527
-2.40111 0.00382725
-2.39003 0.00393192
-2.37895 0.00403934
-2.36787 0.0041496
-2.35679 0.00426276
-2.3457 0.00437889
-2.33462 0.00449806
-2.32354 0.00462035
-2.31246 0.00474584
-2.30138 0.00487461
-2.2903 0.00500674
-2.27922 0.0051423
-2.26813 0.00528139
-2.25705 0.00542408
-2.24597 0.00557048
-2.23489 0.00572066
-2.22381 0.00587472
-2.21273 0.00603275
-2.20165 0.00619485
-2.19057 0.00636111
-2.17948 0.00653164
-2.1684 0.00670654
-2.15732 0.00688591
-2.14624 0.00706986
-2.13516 0.00725849
-2.12408 0.00745192
-2.113 0.00765026
-2.10191 0.00785363
-2.09083 0.00806214
-2.07975 0.00827591
-2.06867 0.00849507
-2.05759 0.00871974
-2.04651 0.00895004
-2.03543 0.00918612
-2.02434 0.00942809
-2.01326 0.0096761
-2.00218 0.00993029
-1.9911 0.0101908
-1.98002 0.0104577
-1.96894 0.0107313
-1.95786 0.0110116
-1.94678 0.0112988
-1.93569 0.0115931
-1.92461 0.0118945
-1.91353 0.0122034
-1.90245 0.0125197
-1.89137 0.0128438
-1.88029 0.0131758
-1.86921 0.0135157
-1.85812 0.0138639
-1.84704 0.0142205
-1.83596 0.0145857
-1.82488 0.0149596
-1.8138 0.0153424
-1.80272 0.0157344
-1.79164 0.0161356
-1.78056 0.0165464
-1.76947 0.0169669
-1.75839 0.0173974
-1.74731 0.0178379
-1.73623 0.0182888
-1.72515 0.0187502
-1.71407 0.0192223
-1.70299 0.0197054
-1.6919 0.0201997
-1.68082 0.0207054
-1.66974 0.0212228
-1.65866 0.0217519
-1.64758 0.0222932
-1.6365 0.0228468
-1.62542 0.023413
-1.61434 0.023992
-1.60325 0.024584
-1.59217 0.0251893
-1.58109 0.0258082
-1.57001 0.0264409
-1.55893 0.0270876
-1.54785 0.0277485
-1.53677 0.0284241
-1.52568 0.0291145
-1.5146 0.02982
-1.50352 0.0305408
-1.49244 0.0312772
-1.48136 0.0320295
-1.47028 0.032798
-1.4592 0.033583
-1.44811 0.0343846
-1.43703 0.0352032
-1.42595 0.0360391
-1.41487 0.0368926
-1.40379 0.0377638
-1.39271 0.0386532
-1.38163 0.039561
-1.37055 0.0404875
-1.35946 0.0414329
-1.34838 0.0423976
-1.3373 0.0433819
-1.32622 0.0443859
-1.31514 0.0454101
-1.30406 0.0464547
-1.29298 0.04752
-1.28189 0.0486062
-1.27081 0.0497137
-1.25973 0.0508427
-1.24865 0.0519935
-1.23757 0.0531664
-1.22649 0.0543617
-1.21541 0.0555797
-1.20433 0.0568206
-1.19324 0.0580846
-1.18216 0.0593721
-1.17108 0.0606833
-1.16 0.0620185
-1.14892 0.063378
-1.13784 0.0647619
-1.12676 0.0661705
-1.11567 0.0676041
-1.10459 0.0690629
-1.09351 0.0705471
-1.08243 0.072057
-1.07135 0.0735927
-1.06027 0.0751545
-1.04919 0.0767426
-1.03811 0.0783572
-1.02702 0.0799983
-1.01594 0.0816663
-1.00486 0.0833613
-0.99378 0.0850835
-0.982698 0.0868329
-0.971617 0.0886097
-0.960536 0.090414
-0.949454 0.092246
-0.938373 0.0941058
-0.927292 0.0959934
-0.91621 0.0979088
-0.905129 0.0998523
-0.894048 0.101824
-0.882966 0.103823
-0.871885 0.105851
-0.860804 0.107906
-0.849722 0.10999
-0.838641 0.112101
-0.82756 0.114241
-0.816478 0.116408
-0.805397 0.118603
-0.794316 0.120826
-0.783234 0.123076
-0.772153 0.125354
-0.761072 0.127659
-0.74999 0.129991
-0.738909 0.13235
-0.727828 0.134735
-0.716746 0.137147
-0.705665 0.139584
-0.694583 0.142048
-0.683502 0.144537
-0.672421 0.147051
-0.661339 0.149589
-0.650258 0.152152
-0.639177 0.154739
-0.628095 0.157349
-0.617014 0.159982
-0.605933 0.162638
-0.594851 0.165316
-0.58377 0.168015
-0.572689 0.170735
-0.561607 0.173475
-0.550526 0.176235
-0.539445 0.179013
-0.528363 0.18181
-0.517282 0.184625
-0.506201 0.187456
-0.495119 0.190303
-0.484038 0.193166
-0.472957 0.196043
-0.461875 0.198934
-0.450794 0.201838
-0.439713 0.204753
-0.428631 0.20768
-0.41755 0.210616
-0.406469 0.213562
-0.395387 0.216516
-0.384306 0.219477
-0.373224 0.222444
-0.362143 0.225416
-0.351062 0.228393
-0.33998 0.231372
-0.328899 0.234353
-0.317818 0.237335
-0.306736 0.240316
-0.295655 0.243296
-0.284574 0.246273
-0.273492 0.249246
-0.262411 0.252214
-0.25133 0.255175
-0.240248 0.258129
-0.229167 0.261075
-0.218086 0.26401
-0.207004 0.266934
-0.195923 0.269845
-0.184842 0.272743
-0.17376 0.275626
-0.162679 0.278492
-0.151598 0.281341
-0.140516 0.284171
-0.129435 0.286981
-0.118354 0.289769
-0.107272 0.292535
-0.0961909 0.295277
-0.0851095 0.297994
-0.0740282 0.300684
-0.0629468 0.303347
-0.0518655 0.305981
-0.0407841 0.308585
-0.0297028 0.311158
-0.0186214 0.313698
-0.00754009 0.316205
0.00354126 0.318677
0.0146226 0.321114
0.0257039 0.323513
0.0367853 0.325875
0.0478666 0.328197
0.058948 0.330479
0.0700293 0.332721
0.0811107 0.33492
0.092192 0.337076
0.103273 0.339187
0.114355 0.341255
0.125436 0.343276
0.136517 0.34525
0.147599 0.347178
0.15868 0.349056
0.169761 0.350886
0.180843 0.352667
0.191924 0.354397
0.203005 0.356075
0.214087 0.357703
0.225168 0.359278
0.23625 0.3608
0.247331 0.362269
0.258412 0.363684
0.269494 0.365045
0.280575 0.366351
0.291656 0.367603
0.302738 0.368799
0.313819 0.36994
0.3249 0.371025
0.335982 0.372054
0.347063 0.373026
0.358144 0.373943
0.369226 0.374803
0.380307 0.375606
0.391388 0.376353
0.40247 0.377043
0.413551 0.377677
0.424632 0.378254
0.435714 0.378775
0.446795 0.37924
0.457876 0.379649
0.468958 0.380001
0.480039 0.380299
0.49112 0.38054
0.502202 0.380727
0.513283 0.380859
0.524364 0.380937
0.535446 0.38096
0.546527 0.38093
0.557609 0.380846
0.56869 0.38071
0.579771 0.380522
0.590853 0.380281
0.601934 0.379989
0.613015 0.379647
0.624097 0.379254
0.635178 0.378812
0.646259 0.378321
0.657341 0.377781
0.668422 0.377194
0.679503 0.376559
0.690585 0.375878
0.701666 0.375151
0.712747 0.374379
0.723829 0.373563
0.73491 0.372703
0.745991 0.3718
0.757073 0.370855
0.768154 0.369868
0.779235 0.368841
0.790317 0.367774
0.801398 0.366668
0.812479 0.365523
0.823561 0.364341
0.834642 0.363122
0.845723 0.361867
0.856805 0.360576
0.867886 0.359252
0.878968 0.357893
0.890049 0.356502
0.90113 0.355079
0.912212 0.353625
0.923293 0.352141
0.934374 0.350627
0.945456 0.349084
0.956537 0.347513
0.967618 0.345915
0.9787 0.34429
0.989781 0.34264
1.00086 0.340966
1.01194 0.339267
1.02303 0.337545
1.03411 0.3358
1.04519 0.334034
1.05627 0.332247
1.06735 0.33044
1.07843 0.328614
1.08951 0.326768
1.10059 0.324905
1.11168 0.323025
1.12276 0.321128
1.13384 0.319215
1.14492 0.317288
1.156 0.315346
1.16708 0.31339
1.17816 0.311421
1.18925 0.30944
1.20033 0.307447
1.21141 0.305444
1.22249 0.30343
1.23357 0.301406
1.24465 0.299373
1.25573 0.297332
1.26681 0.295282
1.2779 0.293226
1.28898 0.291163
1.30006 0.289093
1.31114 0.287018
1.32222 0.284938
1.3333 0.282854
1.34438 0.280765
1.35547 0.278674
1.36655 0.276579
1.37763 0.274482
1.38871 0.272383
1.39979 0.270282
1.41087 0.268181
1.42195 0.266079
1.43303 0.263977
1.44412 0.261875
1.4552 0.259775
1.46628 0.257675
1.47736 0.255577
1.48844 0.253482
1.49952 0.251389
1.5106 0.249298
1.52169 0.247211
1.53277 0.245127
1.54385 0.243048
1.55493 0.240972
1.56601 0.238902
1.57709 0.236836
1.58817 0.234775
1.59925 0.23272
1.61034 0.230671
1.62142 0.228628
1.6325 0.226592
1.64358 0.224562
1.65466 0.22254
1.66574 0.220524
1.67682 0.218516
1.68791 0.216516
1.69899 0.214524
1.71007 0.21254
1.72115 0.210564
1.73223 0.208598
1.74331 0.20664
1.75439 0.204691
1.76548 0.202751
1.77656 0.20082
1.78764 0.1989
1.79872 0.196989
1.8098 0.195088
1.82088 0.193197
1.83196 0.191316
1.84304 0.189445
1.85413 0.187586
1.86521 0.185736
1.87629 0.183898
1.88737 0.18207
1.89845 0.180254
1.90953 0.178448
1.92061 0.176654
1.9317 0.174871
1.94278 0.173099
1.95386 0.171339
1.96494 0.169591
1.97602 0.167854
1.9871 0.166129
1.99818 0.164415
2.00926 0.162714
2.02035 0.161024
2.03143 0.159346
2.04251 0.15768
2.05359 0.156027
2.06467 0.154385
2.07575 0.152755
2.08683 0.151138
2.09792 0.149533
2.109 0.14794
2.12008 0.146359
2.13116 0.144791
2.14224 0.143234
2.15332 0.141691
2.1644 0.140159
2.17548 0.138639
2.18657 0.137132
2.19765 0.135637
2.20873 0.134155
2.21981 0.132685
2.23089 0.131226
2.24197 0.129781
2.25305 0.128347
2.26414 0.126926
2.27522 0.125517
2.2863 0.12412
2.29738 0.122735
2.30846 0.121362
2.31954 0.120001
2.33062 0.118653
2.34171 0.117316
2.35279 0.115992
2.36387 0.114679
2.37495 0.113379
2.38603 0.11209
2.39711 0.110813
2.40819 0.109548
2.41927 0.108294
2.43036 0.107052
2.44144 0.105822
2.45252 0.104604
2.4636 0.103397
2.47468 0.102201
2.48576 0.101017
2.49684 0.0998445
2.50793 0.0986832
2.51901 0.0975331
2.53009 0.0963943
2.54117 0.0952666
2.55225 0.0941499
2.56333 0.0930443
2.57441 0.0919497
2.58549 0.090866
2.59658 0.0897931
2.60766 0.0887309
2.61874 0.0876795
2.62982 0.0866387
2.6409 0.0856085
2.65198 0.0845888
2.66306 0.0835795
2.67415 0.0825807
2.68523 0.0815921
2.69631 0.0806137
2.70739 0.0796455
2.71847 0.0786874
2.72955 0.0777393
2.74063 0.0768011
2.75171 0.0758728
2.7628 0.0749543
2.77388 0.0740456
2.78496 0.0731465
2.79604 0.072257
2.80712 0.071377
2.8182 0.0705065
2.82928 0.0696453
2.84037 0.0687934
2.85145 0.0679507
2.86253 0.0671172
2.87361 0.0662928
2.88469 0.0654773
2.89577 0.0646708
2.90685 0.0638732
2.91794 0.0630843
2.92902 0.0623041
2.9401 0.0615325
2.95118 0.0607696
2.96226 0.0600151
2.97334 0.059269
2.98442 0.0585312
2.9955 0.0578017
3.00659 0.0570805
3.01767 0.0563673
3.02875 0.0556622
3.03983 0.054965
3.05091 0.0542758
3.06199 0.0535944
3.07307 0.0529208
3.08416 0.0522548
3.09524 0.0515965
3.10632 0.0509457
3.1174 0.0503024
3.12848 0.0496665
3.13956 0.049038
3.15064 0.0484167
3.16172 0.0478026
3.17281 0.0471957
3.18389 0.0465958
3.19497 0.0460029
3.20605 0.0454169
3.21713 0.0448378
3.22821 0.0442655
3.23929 0.0436999
3.25038 0.0431409
3.26146 0.0425886
3.27254 0.0420428
3.28362 0.0415034
3.2947 0.0409704
3.30578 0.0404438
3.31686 0.0399234
3.32794 0.0394093
3.33903 0.0389012
3.35011 0.0383993
3.36119 0.0379033
3.37227 0.0374133
3.38335 0.0369292
3.39443 0.036451
3.40551 0.0359784
3.4166 0.0355116
3.42768 0.0350505
3.43876 0.0345949
3.44984 0.0341449
3.46092 0.0337003
3.472 0.0332611
3.48308 0.0328273
3.49416 0.0323988
3.50525 0.0319755
3.51633 0.0315574
3.52741 0.0311445
3.53849 0.0307366
3.54957 0.0303337
3.56065 0.0299358
3.57173 0.0295427
3.58282 0.0291546
3.5939 0.0287712
3.60498 0.0283926
3.61606 0.0280187
3.62714 0.0276494
3.63822 0.0272847
3.6493 0.0269245
3.66039 0.0265688
3.67147 0.0262176
3.68255 0.0258707
3.69363 0.0255282
3.70471 0.02519
3.71579 0.024856
3.72687 0.0245262
3.73795 0.0242005
3.74904 0.023879
3.76012 0.0235615
3.7712 0.023248
3.78228 0.0229384
3.79336 0.0226328
3.80444 0.022331
3.81552 0.0220331
3.82661 0.0217389
3.83769 0.0214485
3.84877 0.0211617
3.85985 0.0208787
3.87093 0.0205992
3.88201 0.0203232
3.89309 0.0200508
3.90417 0.0197819
3.91526 0.0195164
3.92634 0.0192543
3.93742 0.0189956
3.9485 0.0187402
3.95958 0.0184881
3.97066 0.0182392
3.98174 0.0179935
3.99283 0.017751
4.00391 0.0175116
4.01499 0.0172753
4.02607 0.017042
4.03715 0.0168118
4.04823 0.0165845
4.05931 0.0163602
4.07039 0.0161388
4.08148 0.0159202
4.09256 0.0157045
4.10364 0.0154916
4.11472 0.0152815
4.1258 0.0150741
4.13688 0.0148694
4.14796 0.0146674
4.15905 0.014468
4.17013 0.0142712
4.18121 0.014077
4.19229 0.0138853
4.20337 0.0136962
4.21445 0.0135095
4.22553 0.0133253
4.23662 0.0131435
4.2477 0.012964
4.25878 0.012787
4.26986 0.0126122
4.28094 0.0124398
4.29202 0.0122696
4.3031 0.0121017
4.31418 0.011936
4.32527 0.0117725
4.33635 0.0116112
4.34743 0.011452
4.35851 0.0112949
4.36959 0.0111398
4.38067 0.0109869
4.39175 0.0108359
4.40284 0.010687
4.41392 0.01054
4.425 0.010395
4.43608 0.0102519
4.44716 0.0101108
4.45824 0.00997149
4.46932 0.00983406
4.4804 0.00969846
4.49149 0.00956467
4.50257 0.00943267
4.51365 0.00930244
4.52473 0.00917394
4.53581 0.00904717
4.54689 0.00892209
4.55797 0.00879869
4.56906 0.00867695
4.58014 0.00855684
4.59122 0.00843834
4.6023 0.00832144
4.61338 0.0082061
4.62446 0.00809232
4.63554 0.00798007
4.64662 0.00786933
4.65771 0.00776009
4.66879 0.00765232
4.67987 0.007546
4.69095 0.00744111
4.70203 0.00733765
4.71311 0.00723558
4.72419 0.00713489
4.73528 0.00703557
4.74636 0.00693759
4.75744 0.00684094
4.76852 0.0067456
4.7796 0.00665155
4.79068 0.00655878
4.80176 0.00646726
4.81285 0.006377
4.82393 0.00628795
4.83501 0.00620012
4.84609 0.00611349
4.85717 0.00602803
4.86825 0.00594374
4.87933 0.00586059
4.89041 0.00577858
4.9015 0.00569769
4.91258 0.00561791
4.92366 0.00553921
4.93474 0.00546159
4.94582 0.00538503
4.9569 0.00530952
4.96798 0.00523504
4.97907 0.00516158
4.99015 0.00508912
5.00123 0.00501766
5.01231 0.00494718
5.02339 0.00487767
5.03447 0.00480911
5.04555 0.00474149
5.05663 0.0046748
5.06772 0.00460902
5.0788 0.00454415
5.08988 0.00448018
5.10096 0.00441708
5.11204 0.00435485
5.12312 0.00429348
5.1342 0.00423296
5.14529 0.00417327
5.15637 0.0041144
5.16745 0.00405635
5.17853 0.0039991
5.18961 0.00394264
5.20069 0.00388695
5.21177 0.00383204
5.22285 0.00377789
5.23394 0.00372449
5.24502 0.00367182
5.2561 0.00361989
5.26718 0.00356867
5.27826 0.00351817
5.28934 0.00346836
5.30042 0.00341925
5.31151 0.00337081
5.32259 0.00332305
5.33367 0.00327596
5.34475 0.00322951
5.35583 0.00318372
5.36691 0.00313855
5.37799 0.00309402
5.38908 0.00305011
5.40016 0.00300681
5.41124 0.00296411
5.42232 0.002922
5.4334 0.00288049
5.44448 0.00283955
5.45556 0.00279918
5.46664 0.00275938
5.47773 0.00272013
5.48881 0.00268143
5.49989 0.00264327
5.51097 0.00260564
5.52205 0.00256854
5.53313 0.00253196
5.54421 0.00249589
5.5553 0.00246032
5.56638 0.00242525
5.57746 0.00239067
5.58854 0.00235658
5.59962 0.00232297
5.6107 0.00228982
5.62178 0.00225714
5.63286 0.00222492
5.64395 0.00219315
5.65503 0.00216183
5.66611 0.00213095
5.67719 0.0021005
5.68827 0.00207048
5.69935 0.00204088
5.71043 0.00201169
5.72152 0.00198292
5.7326 0.00195455
5.74368 0.00192658
5.75476 0.00189901
5.76584 0.00187182
5.77692 0.00184502
5.788 0.00181859
5.79908 0.00179254
5.81017 0.00176685
5.82125 0.00174153
5.83233 0.00171656
5.84341 0.00169195
5.85449 0.00166768
5.86557 0.00164375
5.87665 0.00162017
5.88774 0.00159692
5.89882 0.00157399
5.9099 0.00155139
5.92098 0.00152911
5.93206 0.00150714
5.94314 0.00148549
5.95422 0.00146414
5.9653 0.0014431
5.97639 0.00142235
5.98747 0.00140189
5.99855 0.00138173
6.00963 0.00136185
6.02071 0.00134226
6.03179 0.00132294
6.04287 0.00130389
6.05396 0.00128512
6.06504 0.00126661
6.07612 0.00124837
6.0872 0.00123038
6.09828 0.00121265
6.10936 0.00119517
6.12044 0.00117794
6.13153 0.00116096
6.14261 0.00114422
6.15369 0.00112771
6.16477 0.00111144
6.17585 0.0010954
6.18693 0.00107959
6.19801 0.00106401
6.20909 0.00104865
6.22018 0.0010335
6.23126 0.00101857
6.24234 0.00100386
6.25342 0.000989353
6.2645 0.000975054
6.27558 0.00096096
6.28666 0.000947066
6.29775 0.000933371
6.30883 0.000919871
6.31991 0.000906564
6.33099 0.000893448
6.34207 0.000880518
6.35315 0.000867773
6.36423 0.000855211
6.37531 0.000842828
6.3864 0.000830622
6.39748 0.000818591
6.40856 0.000806732
6.41964 0.000795043
6.43072 0.000783521
6.4418 0.000772164
6.45288 0.00076097
6.46397 0.000749936
6.47505 0.00073906
6.48613 0.00072834
6.49721 0.000717773
6.50829 0.000707358
6.51937 0.000697093
6.53045 0.000686975
6.54153 0.000677002
6.55262 0.000667172
6.5637 0.000657483
6.57478 0.000647933
6.58586 0.00063852
6.59694 0.000629243
6.60802 0.000620099
6.6191 0.000611086
6.63019 0.000602203
6.64127 0.000593447
6.65235 0.000584818
6.66343 0.000576312
6.67451 0.000567929
6.68559 0.000559667
6.69667 0.000551523
6.70776 0.000543496
6.71884 0.000535586
6.72992 0.000527789
6.741 0.000520104
6.75208 0.00051253
6.76316 0.000505065
6.77424 0.000497708
6.78532 0.000490457
6.79641 0.00048331
6.80749 0.000476266
6.81857 0.000469324
6.82965 0.000462483
6.84073 0.000455739
6.85181 0.000449094
6.86289 0.000442544
6.87398 0.000436088
6.88506 0.000429726
6.89614 0.000423456
6.90722 0.000417276
6.9183 0.000411186
6.92938 0.000405183
6.94046 0.000399268
6.95154 0.000393438
6.96263 0.000387692
6.97371 0.000382029
6.98479 0.000376448
6.99587 0.000370948
7.00695 0.000365528
7.01803 0.000360186
7.02911 0.000354921
7.0402 0.000349733
7.05128 0.000344619
7.06236 0.00033958
7.07344 0.000334614
7.08452 0.000329719
7.0956 0.000324896
7.10668 0.000320142
7.11776 0.000315458
7.12885 0.000310841
7.13993 0.000306291
7.15101 0.000301807
7.16209 0.000297389
7.17317 0.000293034
7.18425 0.000288743
7.19533 0.000284513
7.20642 0.000280346
7.2175 0.000276238
7.22858 0.000272191
7.23966 0.000268202
7.25074 0.000264271
7.26182 0.000260397
7.2729 0.00025658
7.28399 0.000252818
7.29507 0.00024911
7.30615 0.000245457
7.31723 0.000241857
7.32831 0.000238309
7.33939 0.000234812
7.35047 0.000231367
7.36155 0.000227971
7.37264 0.000224625
7.38372 0.000221328
7.3948 0.000218079
7.40588 0.000214877
7.41696 0.000211722
7.42804 0.000208612
7.43912 0.000205548
7.45021 0.000202529
7.46129 0.000199553
7.47237 0.000196621
7.48345 0.000193732
7.49453 0.000190884
7.50561 0.000188079
7.51669 0.000185314
7.52777 0.000182589
7.53886 0.000179904
7.54994 0.000177259
7.56102 0.000174652
7.5721 0.000172083
7.58318 0.000169551
7.59426 0.000167057
7.60534 0.000164599
7.61643 0.000162176
7.62751 0.00015979
7.63859 0.000157438
7.64967 0.00015512
7.66075 0.000152836
7.67183 0.000150586
7.68291 0.000148368
7.69399 0.000146183
7.70508 0.00014403
7.71616 0.000141908
7.72724 0.000139817
7.73832 0.000137757
7.7494 0.000135727
