0.0389534 0.000820019
0.123448 0.0012167
0.207943 0.00175423
0.292438 0.0024594
0.376933 0.00335615
0.461428 0.0044634
0.545923 0.0057932
0.630418 0.0073498
0.714912 0.00912933
0.799407 0.0111204
0.883902 0.013305
0.968397 0.0156601
1.05289 0.0181594
1.13739 0.0207743
1.22188 0.0234759
1.30638 0.026236
1.39087 0.0290275
1.47537 0.0318257
1.55986 0.0346082
1.64436 0.0373553
1.72885 0.0400502
1.81335 0.0426784
1.89784 0.0452282
1.98234 0.0476901
2.06683 0.0500566
2.15133 0.0523223
2.23582 0.0544831
2.32032 0.0565367
2.40481 0.0584818
2.4893 0.0603181
2.5738 0.0620462
2.65829 0.0636674
2.74279 0.0651838
2.82728 0.0665975
2.91178 0.0679113
2.99627 0.0691282
3.08077 0.0702515
3.16526 0.0712844
3.24976 0.0722304
3.33425 0.0730929
3.41875 0.0738755
3.50324 0.0745816
3.58774 0.0752146
3.67223 0.075778
3.75673 0.076275
3.84122 0.0767089
3.92572 0.0770827
4.01021 0.0773996
4.09471 0.0776624
4.1792 0.0778739
4.2637 0.0780369
4.34819 0.0781539
4.43269 0.0782275
4.51718 0.07826
4.60168 0.0782537
4.68617 0.0782108
4.77067 0.0781334
4.85516 0.0780235
4.93966 0.0778829
5.02415 0.0777134
5.10865 0.0775169
5.19314 0.0772948
5.27764 0.0770488
5.36213 0.0767804
5.44663 0.0764908
5.53112 0.0761816
5.61562 0.0758538
5.70011 0.0755088
5.78461 0.0751477
5.8691 0.0747716
5.95359 0.0743814
6.03809 0.0739783
6.12258 0.073563
6.20708 0.0731365
6.29157 0.0726995
6.37607 0.072253
6.46056 0.0717976
6.54506 0.0713341
6.62955 0.0708631
6.71405 0.0703853
6.79854 0.0699012
6.88304 0.0694115
6.96753 0.0689166
7.05203 0.0684172
7.13652 0.0679136
7.22102 0.0674064
7.30551 0.0668959
7.39001 0.0663827
7.4745 0.065867
7.559 0.0653493
7.64349 0.0648298
7.72799 0.0643091
7.81248 0.0637872
7.89698 0.0632646
7.98147 0.0627415
8.06597 0.0622182
8.15046 0.061695
8.23496 0.061172
8.31945 0.0606495
8.40395 0.0601277
8.48844 0.0596068
8.57294 0.059087
8.65743 0.0585685
8.74193 0.0580513
8.82642 0.0575358
8.91092 0.057022
8.99541 0.0565101
9.07991 0.0560001
9.1644 0.0554923
9.2489 0.0549867
9.33339 0.0544834
9.41788 0.0539826
9.50238 0.0534843
9.58687 0.0529886
9.67137 0.0524957
9.75586 0.0520055
9.84036 0.0515181
9.92485 0.0510337
10.0093 0.0505522
10.0938 0.0500737
10.1783 0.0495983
10.2628 0.0491261
10.3473 0.048657
10.4318 0.0481911
10.5163 0.0477285
10.6008 0.0472691
10.6853 0.0468131
10.7698 0.0463604
10.8543 0.045911
10.9388 0.045465
11.0233 0.0450224
11.1078 0.0445832
11.1923 0.0441475
11.2768 0.0437152
11.3613 0.0432863
11.4458 0.0428609
11.5303 0.042439
11.6148 0.0420205
11.6992 0.0416055
11.7837 0.0411939
11.8682 0.0407858
11.9527 0.0403812
12.0372 0.0399801
12.1217 0.0395824
12.2062 0.0391881
12.2907 0.0387973
12.3752 0.0384099
12.4597 0.038026
12.5442 0.0376454
12.6287 0.0372683
12.7132 0.0368945
12.7977 0.0365241
12.8822 0.0361571
12.9667 0.0357934
13.0512 0.0354331
13.1357 0.035076
13.2202 0.0347223
13.3046 0.0343719
13.3891 0.0340247
13.4736 0.0336807
13.5581 0.03334
13.6426 0.0330025
13.7271 0.0326682
13.8116 0.032337
13.8961 0.032009
13.9806 0.0316842
14.0651 0.0313624
14.1496 0.0310437
14.2341 0.0307281
14.3186 0.0304155
14.4031 0.030106
14.4876 0.0297994
14.5721 0.0294959
14.6566 0.0291953
14.7411 0.0288976
14.8256 0.0286028
14.9101 0.0283109
14.9945 0.0280219
15.079 0.0277357
15.1635 0.0274524
15.248 0.0271718
15.3325 0.0268941
15.417 0.026619
15.5015 0.0263468
15.586 0.0260772
15.6705 0.0258103
15.755 0.025546
15.8395 0.0252844
15.924 0.0250255
16.0085 0.0247691
16.093 0.0245153
16.1775 0.024264
16.262 0.0240152
16.3465 0.023769
16.431 0.0235252
16.5155 0.0232839
16.5999 0.0230451
16.6844 0.0228086
16.7689 0.0225746
16.8534 0.0223429
16.9379 0.0221135
17.0224 0.0218865
17.1069 0.0216618
17.1914 0.0214394
17.2759 0.0212192
17.3604 0.0210013
17.4449 0.0207856
17.5294 0.0205721
17.6139 0.0203608
17.6984 0.0201516
17.7829 0.0199446
17.8674 0.0197397
17.9519 0.0195369
18.0364 0.0193361
18.1209 0.0191374
18.2054 0.0189408
18.2898 0.0187462
18.3743 0.0185535
18.4588 0.0183629
18.5433 0.0181742
18.6278 0.0179874
18.7123 0.0178026
18.7968 0.0176196
18.8813 0.0174385
18.9658 0.0172593
19.0503 0.017082
19.1348 0.0169065
19.2193 0.0167327
19.3038 0.0165608
19.3883 0.0163906
19.4728 0.0162222
19.5573 0.0160556
19.6418 0.0158906
19.7263 0.0157274
19.8108 0.0155658
19.8952 0.0154059
19.9797 0.0152477
20.0642 0.0150911
20.1487 0.0149361
20.2332 0.0147827
20.3177 0.0146309
20.4022 0.0144807
20.4867 0.014332
20.5712 0.0141848
20.6557 0.0140392
20.7402 0.0138951
20.8247 0.0137525
20.9092 0.0136113
20.9937 0.0134716
21.0782 0.0133334
21.1627 0.0131966
21.2472 0.0130612
21.3317 0.0129272
21.4162 0.0127946
21.5007 0.0126634
21.5851 0.0125335
21.6696 0.012405
21.7541 0.0122778
21.8386 0.0121519
21.9231 0.0120273
22.0076 0.011904
22.0921 0.011782
22.1766 0.0116613
22.2611 0.0115418
22.3456 0.0114235
22.4301 0.0113065
22.5146 0.0111907
22.5991 0.011076
22.6836 0.0109626
22.7681 0.0108504
22.8526 0.0107393
22.9371 0.0106293
23.0216 0.0105205
23.1061 0.0104128
23.1906 0.0103063
23.275 0.0102008
23.3595 0.0100965
23.444 0.00999317
23.5285 0.00989096
23.613 0.0097898
23.6975 0.0096897
23.782 0.00959062
23.8665 0.00949258
23.951 0.00939555
24.0355 0.00929952
24.12 0.00920449
24.2045 0.00911045
24.289 0.00901737
24.3735 0.00892526
24.458 0.00883411
24.5425 0.00874389
24.627 0.00865461
24.7115 0.00856626
24.796 0.00847882
24.8804 0.00839228
24.9649 0.00830664
25.0494 0.00822188
25.1339 0.008138
25.2184 0.00805499
25.3029 0.00797284
25.3874 0.00789153
25.4719 0.00781107
25.5564 0.00773144
25.6409 0.00765263
25.7254 0.00757464
25.8099 0.00749745
25.8944 0.00742106
25.9789 0.00734546
26.0634 0.00727064
26.1479 0.0071966
26.2324 0.00712331
26.3169 0.00705079
26.4014 0.00697901
26.4859 0.00690798
26.5703 0.00683768
26.6548 0.0067681
26.7393 0.00669924
26.8238 0.0066311
26.9083 0.00656365
26.9928 0.00649691
27.0773 0.00643085
27.1618 0.00636547
27.2463 0.00630076
27.3308 0.00623673
27.4153 0.00617335
27.4998 0.00611063
27.5843 0.00604855
27.6688 0.00598712
27.7533 0.00592631
27.8378 0.00586613
27.9223 0.00580658
28.0068 0.00574763
28.0913 0.0056893
28.1757 0.00563156
28.2602 0.00557442
28.3447 0.00551786
28.4292 0.00546189
28.5137 0.0054065
28.5982 0.00535167
28.6827 0.00529741
28.7672 0.00524371
28.8517 0.00519056
28.9362 0.00513795
29.0207 0.00508589
29.1052 0.00503436
29.1897 0.00498336
29.2742 0.00493289
29.3587 0.00488293
29.4432 0.00483349
29.5277 0.00478455
29.6122 0.00473612
29.6967 0.00468819
29.7812 0.00464074
29.8656 0.00459379
29.9501 0.00454731
30.0346 0.00450132
30.1191 0.00445579
30.2036 0.00441073
30.2881 0.00436614
30.3726 0.004322
30.4571 0.00427831
30.5416 0.00423508
30.6261 0.00419228
30.7106 0.00414993
30.7951 0.00410801
30.8796 0.00406651
30.9641 0.00402545
31.0486 0.0039848
31.1331 0.00394457
31.2176 0.00390475
31.3021 0.00386534
31.3866 0.00382633
31.471 0.00378772
31.5555 0.00374951
31.64 0.00371169
31.7245 0.00367426
31.809 0.0036372
31.8935 0.00360053
31.978 0.00356423
32.0625 0.0035283
32.147 0.00349274
32.2315 0.00345755
32.316 0.00342271
32.4005 0.00338823
32.485 0.0033541
32.5695 0.00332032
32.654 0.00328689
32.7385 0.00325379
32.823 0.00322104
32.9075 0.00318861
32.992 0.00315652
33.0765 0.00312476
33.1609 0.00309332
33.2454 0.0030622
33.3299 0.0030314
33.4144 0.00300091
33.4989 0.00297074
33.5834 0.00294087
33.6679 0.00291131
33.7524 0.00288204
33.8369 0.00285308
33.9214 0.00282441
34.0059 0.00279603
34.0904 0.00276794
34.1749 0.00274014
34.2594 0.00271262
34.3439 0.00268538
34.4284 0.00265842
34.5129 0.00263173
34.5974 0.00260531
34.6819 0.00257916
34.7663 0.00255328
34.8508 0.00252766
34.9353 0.0025023
35.0198 0.0024772
35.1043 0.00245236
35.1888 0.00242777
35.2733 0.00240342
35.3578 0.00237933
35.4423 0.00235548
35.5268 0.00233187
35.6113 0.0023085
35.6958 0.00228537
35.7803 0.00226247
35.8648 0.00223981
35.9493 0.00221737
36.0338 0.00219517
36.1183 0.00217318
36.2028 0.00215143
36.2873 0.00212989
36.3718 0.00210857
36.4562 0.00208746
36.5407 0.00206658
36.6252 0.0020459
36.7097 0.00202543
36.7942 0.00200517
36.8787 0.00198511
36.9632 0.00196526
37.0477 0.00194561
37.1322 0.00192616
37.2167 0.0019069
37.3012 0.00188784
37.3857 0.00186897
37.4702 0.0018503
37.5547 0.00183181
37.6392 0.00181351
37.7237 0.00179539
37.8082 0.00177746
37.8927 0.00175971
37.9772 0.00174214
38.0616 0.00172475
38.1461 0.00170753
38.2306 0.00169048
38.3151 0.00167361
38.3996 0.00165691
38.4841 0.00164038
38.5686 0.00162401
38.6531 0.00160781
38.7376 0.00159178
38.8221 0.0015759
38.9066 0.00156019
38.9911 0.00154463
39.0756 0.00152923
39.1601 0.00151399
39.2446 0.0014989
39.3291 0.00148396
39.4136 0.00146918
39.4981 0.00145454
39.5826 0.00144005
39.6671 0.0014257
39.7515 0.0014115
39.836 0.00139745
39.9205 0.00138353
40.005 0.00136976
40.0895 0.00135612
40.174 0.00134262
40.2585 0.00132926
40.343 0.00131603
40.4275 0.00130294
40.512 0.00128997
40.5965 0.00127714
40.681 0.00126444
40.7655 0.00125186
40.85 0.00123941
40.9345 0.00122709
41.019 0.00121489
41.1035 0.00120281
41.188 0.00119086
41.2725 0.00117902
41.3569 0.00116731
41.4414 0.00115571
41.5259 0.00114422
41.6104 0.00113286
41.6949 0.0011216
41.7794 0.00111047
41.8639 0.00109944
41.9484 0.00108852
42.0329 0.00107771
42.1174 0.00106701
42.2019 0.00105642
42.2864 0.00104594
42.3709 0.00103556
42.4554 0.00102528
42.5399 0.00101511
42.6244 0.00100504
42.7089 0.000995068
42.7934 0.000985199
42.8779 0.000975428
42.9624 0.000965755
43.0468 0.00095618
43.1313 0.0009467
43.2158 0.000937315
43.3003 0.000928024
43.3848 0.000918827
43.4693 0.000909721
43.5538 0.000900707
43.6383 0.000891783
43.7228 0.000882948
43.8073 0.000874202
43.8918 0.000865543
43.9763 0.000856972
44.0608 0.000848485
44.1453 0.000840084
44.2298 0.000831767
44.3143 0.000823533
44.3988 0.000815381
44.4833 0.000807311
44.5678 0.000799322
44.6522 0.000791413
44.7367 0.000783582
44.8212 0.00077583
44.9057 0.000768156
44.9902 0.000760558
45.0747 0.000753036
45.1592 0.000745589
45.2437 0.000738217
45.3282 0.000730918
45.4127 0.000723692
45.4972 0.000716539
45.5817 0.000709456
45.6662 0.000702445
45.7507 0.000695503
45.8352 0.000688631
45.9197 0.000681828
46.0042 0.000675092
46.0887 0.000668423
46.1732 0.000661821
46.2577 0.000655285
46.3421 0.000648814
46.4266 0.000642408
46.5111 0.000636066
46.5956 0.000629786
46.6801 0.00062357
46.7646 0.000617415
46.8491 0.000611322
46.9336 0.000605289
47.0181 0.000599317
47.1026 0.000593404
47.1871 0.00058755
47.2716 0.000581754
47.3561 0.000576016
47.4406 0.000570335
47.5251 0.000564711
47.6096 0.000559143
47.6941 0.00055363
47.7786 0.000548172
47.8631 0.000542768
47.9475 0.000537418
48.032 0.000532122
48.1165 0.000526878
48.201 0.000521686
48.2855 0.000516546
48.37 0.000511457
48.4545 0.000506419
48.539 0.00050143
48.6235 0.000496492
48.708 0.000491602
48.7925 0.000486761
48.877 0.000481968
48.9615 0.000477223
49.046 0.000472525
49.1305 0.000467874
49.215 0.000463269
49.2995 0.000458709
49.384 0.000454195
49.4685 0.000449726
49.553 0.000445301
49.6374 0.00044092
49.7219 0.000436583
49.8064 0.000432288
49.8909 0.000428036
49.9754 0.000423827
50.0599 0.000419659
50.1444 0.000415533
50.2289 0.000411447
50.3134 0.000407402
50.3979 0.000403397
50.4824 0.000399432
50.5669 0.000395506
50.6514 0.000391619
50.7359 0.000387771
50.8204 0.000383961
50.9049 0.000380189
50.9894 0.000376454
51.0739 0.000372756
51.1584 0.000369094
51.2428 0.000365469
51.3273 0.00036188
51.4118 0.000358326
51.4963 0.000354808
51.5808 0.000351325
51.6653 0.000347876
51.7498 0.000344461
51.8343 0.00034108
51.9188 0.000337732
52.0033 0.000334418
52.0878 0.000331136
52.1723 0.000327887
52.2568 0.00032467
52.3413 0.000321485
52.4258 0.000318331
52.5103 0.000315208
52.5948 0.000312117
52.6793 0.000309056
52.7638 0.000306025
52.8483 0.000303024
52.9327 0.000300053
53.0172 0.000297112
53.1017 0.000294199
53.1862 0.000291315
53.2707 0.00028846
53.3552 0.000285633
53.4397 0.000282834
53.5242 0.000280062
53.6087 0.000277318
53.6932 0.000274601
53.7777 0.000271911
53.8622 0.000269247
53.9467 0.00026661
54.0312 0.000263999
54.1157 0.000261413
54.2002 0.000258853
54.2847 0.000256319
54.3692 0.000253809
54.4537 0.000251324
54.5381 0.000248864
54.6226 0.000246428
54.7071 0.000244016
54.7916 0.000241628
54.8761 0.000239263
54.9606 0.000236922
55.0451 0.000234603
55.1296 0.000232308
55.2141 0.000230035
55.2986 0.000227785
55.3831 0.000225557
55.4676 0.000223351
55.5521 0.000221166
55.6366 0.000219003
55.7211 0.000216862
55.8056 0.000214741
55.8901 0.000212642
55.9746 0.000210563
56.0591 0.000208505
56.1436 0.000206467
56.228 0.000204449
56.3125 0.00020245
56.397 0.000200472
56.4815 0.000198513
56.566 0.000196573
56.6505 0.000194653
56.735 0.000192751
56.8195 0.000190868
56.904 0.000189003
56.9885 0.000187157
57.073 0.000185329
57.1575 0.00018352
57.242 0.000181727
57.3265 0.000179953
57.411 0.000178196
57.4955 0.000176456
57.58 0.000174734
57.6645 0.000173028
57.749 0.000171339
57.8335 0.000169667
57.9179 0.000168011
58.0024 0.000166371
58.0869 0.000164748
58.1714 0.00016314
58.2559 0.000161549
58.3404 0.000159973
58.4249 0.000158412
58.5094 0.000156867
58.5939 0.000155337
58.6784 0.000153822
58.7629 0.000152322
58.8474 0.000150836
58.9319 0.000149365
59.0164 0.000147909
59.1009 0.000146467
59.1854 0.000145039
59.2699 0.000143625
59.3544 0.000142225
59.4389 0.000140839
59.5233 0.000139466
59.6078 0.000138107
59.6923 0.000136761
59.7768 0.000135429
59.8613 0.000134109
59.9458 0.000132803
60.0303 0.000131509
60.1148 0.000130228
60.1993 0.000128959
60.2838 0.000127703
60.3683 0.000126459
60.4528 0.000125228
60.5373 0.000124008
60.6218 0.000122801
60.7063 0.000121605
60.7908 0.000120421
60.8753 0.000119249
60.9598 0.000118088
61.0443 0.000116939
61.1288 0.0001158
61.2132 0.000114673
61.2977 0.000113557
61.3822 0.000112452
61.4667 0.000111358
61.5512 0.000110275
61.6357 0.000109202
61.7202 0.000108139
61.8047 0.000107087
61.8892 0.000106046
61.9737 0.000105014
62.0582 0.000103993
62.1427 0.000102981
62.2272 0.00010198
62.3117 0.000100988
62.3962 0.000100006
62.4807 9.90338e-05
62.5652 9.8071e-05
62.6497 9.71175e-05
62.7342 9.61735e-05
62.8186 9.52386e-05
62.9031 9.43129e-05
62.9876 9.33963e-05
63.0721 9.24886e-05
63.1566 9.15898e-05
63.2411 9.06998e-05
63.3256 8.98185e-05
63.4101 8.89458e-05
63.4946 8.80817e-05
63.5791 8.7226e-05
63.6636 8.63786e-05
63.7481 8.55396e-05
63.8326 8.47087e-05
63.9171 8.3886e-05
64.0016 8.30713e-05
64.0861 8.22646e-05
64.1706 8.14658e-05
64.2551 8.06748e-05
64.3396 7.98915e-05
64.4241 7.91158e-05
64.5085 7.83478e-05
64.593 7.75872e-05
64.6775 7.68341e-05
64.762 7.60883e-05
64.8465 7.53498e-05
64.931 7.46186e-05
65.0155 7.38944e-05
65.1 7.31774e-05
65.1845 7.24673e-05
65.269 7.17642e-05
65.3535 7.10679e-05
65.438 7.03785e-05
65.5225 6.96957e-05
65.607 6.90197e-05
65.6915 6.83502e-05
65.776 6.76872e-05
65.8605 6.70308e-05
65.945 6.63807e-05
66.0295 6.5737e-05
66.1139 6.50996e-05
66.1984 6.44683e-05
66.2829 6.38433e-05
66.3674 6.32243e-05
66.4519 6.26114e-05
66.5364 6.20044e-05
66.6209 6.14034e-05
66.7054 6.08083e-05
66.7899 6.02189e-05
66.8744 5.96353e-05
66.9589 5.90573e-05
67.0434 5.84851e-05
67.1279 5.79183e-05
67.2124 5.73572e-05
67.2969 5.68014e-05
67.3814 5.62511e-05
67.4659 5.57062e-05
67.5504 5.51666e-05
67.6349 5.46322e-05
67.7194 5.4103e-05
67.8038 5.3579e-05
67.8883 5.30601e-05
67.9728 5.25463e-05
68.0573 5.20374e-05
68.1418 5.15335e-05
68.2263 5.10346e-05
68.3108 5.05404e-05
68.3953 5.00511e-05
68.4798 4.95666e-05
68.5643 4.90868e-05
68.6488 4.86116e-05
68.7333 4.81411e-05
68.8178 4.76751e-05
68.9023 4.72137e-05
68.9868 4.67568e-05
69.0713 4.63044e-05
69.1558 4.58563e-05
69.2403 4.54126e-05
69.3248 4.49732e-05
69.4092 4.45381e-05
69.4937 4.41072e-05
69.5782 4.36805e-05
69.6627 4.3258e-05
69.7472 4.28395e-05
69.8317 4.24252e-05
69.9162 4.20149e-05
70.0007 4.16085e-05
70.0852 4.12061e-05
70.1697 4.08077e-05
70.2542 4.04131e-05
70.3387 4.00223e-05
70.4232 3.96354e-05
70.5077 3.92522e-05
70.5922 3.88727e-05
70.6767 3.84969e-05
70.7612 3.81248e-05
70.8457 3.77563e-05
70.9302 3.73913e-05
71.0147 3.703e-05
71.0991 3.66721e-05
71.1836 3.63177e-05
71.2681 3.59667e-05
71.3526 3.56192e-05
71.4371 3.5275e-05
71.5216 3.49342e-05
71.6061 3.45967e-05
71.6906 3.42625e-05
71.7751 3.39315e-05
71.8596 3.36037e-05
71.9441 3.32791e-05
72.0286 3.29577e-05
72.1131 3.26394e-05
72.1976 3.23242e-05
72.2821 3.2012e-05
72.3666 3.17029e-05
72.4511 3.13967e-05
72.5356 3.10936e-05
72.6201 3.07934e-05
72.7045 3.04961e-05
72.789 3.02016e-05
72.8735 2.99101e-05
72.958 2.96213e-05
73.0425 2.93354e-05
73.127 2.90523e-05
73.2115 2.87719e-05
73.296 2.84942e-05
73.3805 2.82192e-05
73.465 2.79469e-05
73.5495 2.76772e-05
73.634 2.74101e-05
73.7185 2.71456e-05
73.803 2.68837e-05
73.8875 2.66244e-05
73.972 2.63675e-05
74.0565 2.61131e-05
74.141 2.58612e-05
74.2255 2.56118e-05
74.31 2.53647e-05
74.3944 2.51201e-05
74.4789 2.48778e-05
74.5634 2.46379e-05
74.6479 2.44003e-05
74.7324 2.4165e-05
74.8169 2.3932e-05
74.9014 2.37013e-05
74.9859 2.34727e-05
75.0704 2.32464e-05
75.1549 2.30223e-05
75.2394 2.28004e-05
75.3239 2.25806e-05
75.4084 2.23629e-05
75.4929 2.21474e-05
75.5774 2.19339e-05
75.6619 2.17225e-05
75.7464 2.15132e-05
75.8309 2.13058e-05
75.9154 2.11005e-05
75.9998 2.08972e-05
76.0843 2.06959e-05
76.1688 2.04964e-05
76.2533 2.0299e-05
76.3378 2.01034e-05
76.4223 1.99097e-05
76.5068 1.97179e-05
76.5913 1.9528e-05
76.6758 1.93399e-05
76.7603 1.91536e-05
76.8448 1.89691e-05
76.9293 1.87865e-05
77.0138 1.86055e-05
77.0983 1.84264e-05
77.1828 1.82489e-05
77.2673 1.80732e-05
77.3518 1.78992e-05
77.4363 1.77268e-05
77.5208 1.75562e-05
77.6053 1.73872e-05
77.6897 1.72198e-05
77.7742 1.7054e-05
77.8587 1.68898e-05
77.9432 1.67273e-05
78.0277 1.65663e-05
78.1122 1.64068e-05
78.1967 1.62489e-05
78.2812 1.60925e-05
78.3657 1.59377e-05
78.4502 1.57843e-05
78.5347 1.56324e-05
78.6192 1.5482e-05
78.7037 1.5333e-05
78.7882 1.51855e-05
78.8727 1.50394e-05
78.9572 1.48947e-05
79.0417 1.47515e-05
79.1262 1.46096e-05
79.2107 1.4469e-05
79.2951 1.43299e-05
79.3796 1.4192e-05
79.4641 1.40555e-05
79.5486 1.39204e-05
79.6331 1.37865e-05
79.7176 1.36539e-05
79.8021 1.35226e-05
79.8866 1.33926e-05
79.9711 1.32638e-05
80.0556 1.31363e-05
80.1401 1.301e-05
80.2246 1.28849e-05
80.3091 1.2761e-05
80.3936 1.26384e-05
80.4781 1.25169e-05
80.5626 1.23966e-05
80.6471 1.22774e-05
80.7316 1.21594e-05
80.8161 1.20426e-05
80.9006 1.19268e-05
80.985 1.18122e-05
81.0695 1.16987e-05
81.154 1.15863e-05
81.2385 1.14749e-05
81.323 1.13647e-05
81.4075 1.12555e-05
81.492 1.11474e-05
81.5765 1.10403e-05
81.661 1.09342e-05
81.7455 1.08292e-05
81.83 1.07251e-05
81.9145 1.06221e-05
81.999 1.05201e-05
82.0835 1.0419e-05
82.168 1.0319e-05
82.2525 1.02199e-05
82.337 1.01217e-05
82.4215 1.00245e-05
82.506 9.92826e-06
82.5904 9.83292e-06
82.6749 9.73851e-06
82.7594 9.645e-06
82.8439 9.5524e-06
82.9284 9.46069e-06
83.0129 9.36987e-06
83.0974 9.27992e-06
83.1819 9.19083e-06
83.2664 9.10261e-06
83.3509 9.01524e-06
83.4354 8.9287e-06
83.5199 8.84301e-06
83.6044 8.75814e-06
83.6889 8.67408e-06
83.7734 8.59084e-06
83.8579 8.5084e-06
83.9424 8.42675e-06
84.0269 8.34589e-06
84.1114 8.26581e-06
84.1959 8.1865e-06
84.2803 8.10796e-06
84.3648 8.03017e-06
84.4493 7.95313e-06
