-9.50184 8.09081e-05
-9.48177 8.23397e-05
-9.4617 8.37968e-05
-9.44163 8.52798e-05
-9.42156 8.67892e-05
-9.40149 8.83255e-05
-9.38142 8.98891e-05
-9.36135 9.14806e-05
-9.34128 9.31005e-05
-9.32121 9.47492e-05
-9.30114 9.64273e-05
-9.28107 9.81352e-05
-9.261 9.98737e-05
-9.24093 0.000101643
-9.22086 0.000103444
-9.20079 0.000105277
-9.18072 0.000107143
-9.16065 0.000109042
-9.14058 0.000110975
-9.12051 0.000112942
-9.10044 0.000114945
-9.08037 0.000116983
-9.0603 0.000119057
-9.04023 0.000121169
-9.02016 0.000123318
-9.00009 0.000125506
-8.98002 0.000127733
-8.95995 0.000129999
-8.93988 0.000132306
-8.91981 0.000134655
-8.89974 0.000137045
-8.87967 0.000139478
-8.8596 0.000141954
-8.83953 0.000144475
-8.81946 0.00014704
-8.79939 0.000149652
-8.77932 0.00015231
-8.75925 0.000155016
-8.73918 0.00015777
-8.71911 0.000160573
-8.69904 0.000163427
-8.67897 0.000166332
-8.65891 0.000169288
-8.63884 0.000172298
-8.61877 0.000175361
-8.5987 0.00017848
-8.57863 0.000181654
-8.55856 0.000184885
-8.53849 0.000188173
-8.51842 0.000191521
-8.49835 0.000194929
-8.47828 0.000198398
-8.45821 0.000201929
-8.43814 0.000205523
-8.41807 0.000209182
-8.398 0.000212906
-8.37793 0.000216697
-8.35786 0.000220556
-8.33779 0.000224485
-8.31772 0.000228484
-8.29765 0.000232554
-8.27758 0.000236698
-8.25751 0.000240916
-8.23744 0.00024521
-8.21737 0.00024958
-8.1973 0.00025403
-8.17723 0.000258559
-8.15716 0.00026317
-8.13709 0.000267863
-8.11702 0.000272641
-8.09695 0.000277505
-8.07688 0.000282456
-8.05681 0.000287496
-8.03674 0.000292627
-8.01667 0.00029785
-7.9966 0.000303167
-7.97653 0.00030858
-7.95646 0.00031409
-7.93639 0.0003197
-7.91632 0.00032541
-7.89625 0.000331223
-7.87618 0.000337141
-7.85611 0.000343165
-7.83604 0.000349298
-7.81597 0.000355542
-7.7959 0.000361897
-7.77583 0.000368368
-7.75576 0.000374955
-7.7357 0.000381661
-7.71563 0.000388488
-7.69556 0.000395438
-7.67549 0.000402513
-7.65542 0.000409716
-7.63535 0.000417049
-7.61528 0.000424514
-7.59521 0.000432114
-7.57514 0.000439852
-7.55507 0.000447729
-7.535 0.000455748
-7.51493 0.000463912
-7.49486 0.000472224
-7.47479 0.000480686
-7.45472 0.000489301
-7.43465 0.000498071
-7.41458 0.000507001
-7.39451 0.000516091
-7.37444 0.000525347
-7.35437 0.000534769
-7.3343 0.000544362
-7.31423 0.000554129
-7.29416 0.000564073
-7.27409 0.000574197
-7.25402 0.000584504
-7.23395 0.000594998
-7.21388 0.000605682
-7.19381 0.000616559
-7.17374 0.000627634
-7.15367 0.000638909
-7.1336 0.000650389
-7.11353 0.000662077
-7.09346 0.000673978
-7.07339 0.000686094
-7.05332 0.00069843
-7.03325 0.00071099
-7.01318 0.000723778
-6.99311 0.000736798
-6.97304 0.000750055
-6.95297 0.000763552
-6.9329 0.000777295
-6.91283 0.000791288
-6.89276 0.000805535
-6.87269 0.000820041
-6.85262 0.000834811
-6.83255 0.000849849
-6.81249 0.000865162
-6.79242 0.000880752
-6.77235 0.000896627
-6.75228 0.000912791
-6.73221 0.000929249
-6.71214 0.000946007
-6.69207 0.00096307
-6.672 0.000980444
-6.65193 0.000998135
-6.63186 0.00101615
-6.61179 0.00103449
-6.59172 0.00105317
-6.57165 0.00107218
-6.55158 0.00109155
-6.53151 0.00111127
-6.51144 0.00113134
-6.49137 0.00115179
-6.4713 0.00117261
-6.45123 0.0011938
-6.43116 0.00121539
-6.41109 0.00123737
-6.39102 0.00125975
-6.37095 0.00128254
-6.35088 0.00130575
-6.33081 0.00132939
-6.31074 0.00135345
-6.29067 0.00137796
-6.2706 0.00140291
-6.25053 0.00142832
-6.23046 0.0014542
-6.21039 0.00148055
-6.19032 0.00150739
-6.17025 0.00153471
-6.15018 0.00156254
-6.13011 0.00159088
-6.11004 0.00161974
-6.08997 0.00164913
-6.0699 0.00167906
-6.04983 0.00170953
-6.02976 0.00174057
-6.00969 0.00177218
-5.98962 0.00180437
-5.96955 0.00183715
-5.94948 0.00187053
-5.92941 0.00190453
-5.90934 0.00193915
-5.88928 0.00197441
-5.86921 0.00201032
-5.84914 0.00204689
-5.82907 0.00208413
-5.809 0.00212206
-5.78893 0.00216069
-5.76886 0.00220003
-5.74879 0.00224009
-5.72872 0.0022809
-5.70865 0.00232246
-5.68858 0.00236478
-5.66851 0.00240789
-5.64844 0.00245179
-5.62837 0.00249651
-5.6083 0.00254205
-5.58823 0.00258843
-5.56816 0.00263567
-5.54809 0.00268378
-5.52802 0.00273278
-5.50795 0.00278269
-5.48788 0.00283353
-5.46781 0.0028853
-5.44774 0.00293804
-5.42767 0.00299175
-5.4076 0.00304646
-5.38753 0.00310218
-5.36746 0.00315893
-5.34739 0.00321674
-5.32732 0.00327562
-5.30725 0.0033356
-5.28718 0.00339668
-5.26711 0.00345891
-5.24704 0.00352229
-5.22697 0.00358684
-5.2069 0.0036526
-5.18683 0.00371958
-5.16676 0.00378781
-5.14669 0.0038573
-5.12662 0.00392809
-5.10655 0.0040002
-5.08648 0.00407366
-5.06641 0.00414848
-5.04634 0.0042247
-5.02627 0.00430234
-5.0062 0.00438142
-4.98613 0.00446199
-4.96607 0.00454405
-4.946 0.00462766
-4.92593 0.00471282
-4.90586 0.00479957
-4.88579 0.00488795
-4.86572 0.00497798
-4.84565 0.00506969
-4.82558 0.00516313
-4.80551 0.00525831
-4.78544 0.00535527
-4.76537 0.00545405
-4.7453 0.00555469
-4.72523 0.00565721
-4.70516 0.00576165
-4.68509 0.00586805
-4.66502 0.00597646
-4.64495 0.00608689
-4.62488 0.00619941
-4.60481 0.00631403
-4.58474 0.00643082
-4.56467 0.0065498
-4.5446 0.00667101
-4.52453 0.00679451
-4.50446 0.00692034
-4.48439 0.00704854
-4.46432 0.00717915
-4.44425 0.00731223
-4.42418 0.00744782
-4.40411 0.00758596
-4.38404 0.00772672
-4.36397 0.00787013
-4.3439 0.00801625
-4.32383 0.00816513
-4.30376 0.00831683
-4.28369 0.0084714
-4.26362 0.0086289
-4.24355 0.00878937
-4.22348 0.00895289
-4.20341 0.00911951
-4.18334 0.00928928
-4.16327 0.00946227
-4.1432 0.00963855
-4.12313 0.00981817
-4.10306 0.0100012
-4.08299 0.0101877
-4.06292 0.0103778
-4.04286 0.0105714
-4.02279 0.0107688
-4.00272 0.0109699
-3.98265 0.0111749
-3.96258 0.0113837
-3.94251 0.0115965
-3.92244 0.0118134
-3.90237 0.0120344
-3.8823 0.0122597
-3.86223 0.0124892
-3.84216 0.0127231
-3.82209 0.0129615
-3.80202 0.0132045
-3.78195 0.0134521
-3.76188 0.0137044
-3.74181 0.0139616
-3.72174 0.0142237
-3.70167 0.0144908
-3.6816 0.014763
-3.66153 0.0150405
-3.64146 0.0153233
-3.62139 0.0156115
-3.60132 0.0159052
-3.58125 0.0162046
-3.56118 0.0165098
-3.54111 0.0168208
-3.52104 0.0171378
-3.50097 0.0174609
-3.4809 0.0177903
-3.46083 0.0181259
-3.44076 0.0184681
-3.42069 0.0188168
-3.40062 0.0191723
-3.38055 0.0195347
-3.36048 0.019904
-3.34041 0.0202805
-3.32034 0.0206643
-3.30027 0.0210555
-3.2802 0.0214543
-3.26013 0.0218607
-3.24006 0.0222751
-3.21999 0.0226975
-3.19992 0.0231281
-3.17985 0.023567
-3.15978 0.0240145
-3.13971 0.0244706
-3.11965 0.0249356
-3.09958 0.0254097
-3.07951 0.025893
-3.05944 0.0263856
-3.03937 0.0268879
-3.0193 0.0273999
-2.99923 0.027922
-2.97916 0.0284541
-2.95909 0.0289967
-2.93902 0.0295499
-2.91895 0.0301138
-2.89888 0.0306888
-2.87881 0.031275
-2.85874 0.0318726
-2.83867 0.0324819
-2.8186 0.0331032
-2.79853 0.0337366
-2.77846 0.0343824
-2.75839 0.0350408
-2.73832 0.0357121
-2.71825 0.0363966
-2.69818 0.0370945
-2.67811 0.0378061
-2.65804 0.0385316
-2.63797 0.0392714
-2.6179 0.0400257
-2.59783 0.0407948
-2.57776 0.041579
-2.55769 0.0423786
-2.53762 0.043194
-2.51755 0.0440253
-2.49748 0.044873
-2.47741 0.0457374
-2.45734 0.0466187
-2.43727 0.0475174
-2.4172 0.0484338
-2.39713 0.0493681
-2.37706 0.0503209
-2.35699 0.0512924
-2.33692 0.0522831
-2.31685 0.0532932
-2.29678 0.0543232
-2.27671 0.0553735
-2.25664 0.0564444
-2.23657 0.0575364
-2.2165 0.0586499
-2.19643 0.0597853
-2.17637 0.060943
-2.1563 0.0621234
-2.13623 0.0633271
-2.11616 0.0645544
-2.09609 0.0658058
-2.07602 0.0670817
-2.05595 0.0683827
-2.03588 0.0697092
-2.01581 0.0710617
-1.99574 0.0724407
-1.97567 0.0738466
-1.9556 0.07528
-1.93553 0.0767415
-1.91546 0.0782314
-1.89539 0.0797504
-1.87532 0.0812989
-1.85525 0.0828776
-1.83518 0.0844868
-1.81511 0.0861273
-1.79504 0.0877996
-1.77497 0.0895041
-1.7549 0.0912416
-1.73483 0.0930124
-1.71476 0.0948173
-1.69469 0.0966568
-1.67462 0.0985314
-1.65455 0.100442
-1.63448 0.102388
-1.61441 0.104372
-1.59434 0.106393
-1.57427 0.108452
-1.5542 0.11055
-1.53413 0.112687
-1.51406 0.114864
-1.49399 0.117081
-1.47392 0.119339
-1.45385 0.121638
-1.43378 0.123979
-1.41371 0.126363
-1.39364 0.12879
-1.37357 0.13126
-1.3535 0.133774
-1.33343 0.136333
-1.31336 0.138936
-1.29329 0.141585
-1.27322 0.144279
-1.25316 0.147019
-1.23309 0.149805
-1.21302 0.152637
-1.19295 0.155516
-1.17288 0.158442
-1.15281 0.161414
-1.13274 0.164433
-1.11267 0.167499
-1.0926 0.170612
-1.07253 0.173771
-1.05246 0.176976
-1.03239 0.180227
-1.01232 0.183523
-0.992248 0.186863
-0.972178 0.190248
-0.952108 0.193675
-0.932039 0.197145
-0.911969 0.200656
-0.891899 0.204206
-0.871829 0.207794
-0.85176 0.211419
-0.83169 0.215079
-0.81162 0.218771
-0.79155 0.222493
-0.77148 0.226243
-0.751411 0.230019
-0.731341 0.233816
-0.711271 0.237632
-0.691201 0.241464
-0.671131 0.245307
-0.651062 0.249157
-0.630992 0.253011
-0.610922 0.256862
-0.590852 0.260707
-0.570783 0.26454
-0.550713 0.268355
-0.530643 0.272146
-0.510573 0.275906
-0.490503 0.27963
-0.470434 0.28331
-0.450364 0.286939
-0.430294 0.290508
-0.410224 0.294012
-0.390154 0.297441
-0.370085 0.300787
-0.350015 0.304041
-0.329945 0.307196
-0.309875 0.310243
-0.289806 0.313173
-0.269736 0.315978
-0.249666 0.318649
-0.229596 0.321177
-0.209526 0.323556
-0.189457 0.325776
-0.169387 0.327831
-0.149317 0.329714
-0.129247 0.331418
-0.109178 0.332937
-0.0891077 0.334266
-0.069038 0.335401
-0.0489682 0.336338
-0.0288984 0.337073
-0.00882861 0.337604
0.0112412 0.337931
0.031311 0.338052
0.0513807 0.337968
0.0714505 0.337679
0.0915203 0.337188
0.11159 0.336498
0.13166 0.335612
0.15173 0.334534
0.171799 0.33327
0.191869 0.331824
0.211939 0.330202
0.232009 0.328413
0.252079 0.326461
0.272148 0.324356
0.292218 0.322104
0.312288 0.319713
0.332358 0.317192
0.352427 0.314548
0.372497 0.311789
0.392567 0.308925
0.412637 0.305963
0.432707 0.30291
0.452776 0.299776
0.472846 0.296567
0.492916 0.293291
0.512986 0.289955
0.533056 0.286567
0.553125 0.283133
0.573195 0.279659
0.593265 0.276152
0.613335 0.272618
0.633404 0.269061
0.653474 0.265488
0.673544 0.261904
0.693614 0.258312
0.713684 0.254718
0.733753 0.251125
0.753823 0.247538
0.773893 0.243959
0.793963 0.240392
0.814032 0.236841
0.834102 0.233308
0.854172 0.229795
0.874242 0.226305
0.894312 0.222841
0.914381 0.219404
0.934451 0.215995
0.954521 0.212618
0.974591 0.209272
0.994661 0.205959
1.01473 0.202682
1.0348 0.199439
1.05487 0.196234
1.07494 0.193065
1.09501 0.189935
1.11508 0.186843
1.13515 0.18379
1.15522 0.180777
1.17529 0.177803
1.19536 0.17487
1.21543 0.171976
1.2355 0.169123
1.25557 0.166311
1.27564 0.163538
1.29571 0.160806
1.31578 0.158115
1.33585 0.155463
1.35592 0.152852
1.37599 0.15028
1.39606 0.147747
1.41613 0.145254
1.4362 0.1428
1.45627 0.140384
1.47634 0.138007
1.49641 0.135668
1.51647 0.133366
1.53654 0.131101
1.55661 0.128873
1.57668 0.126681
1.59675 0.124526
1.61682 0.122405
1.63689 0.12032
1.65696 0.11827
1.67703 0.116253
1.6971 0.11427
1.71717 0.112321
1.73724 0.110404
1.75731 0.10852
1.77738 0.106667
1.79745 0.104846
1.81752 0.103055
1.83759 0.101296
1.85766 0.0995658
1.87773 0.0978655
1.8978 0.0961943
1.91787 0.0945517
1.93794 0.0929373
1.95801 0.0913506
1.97808 0.0897912
1.99815 0.0882587
2.01822 0.0867526
2.03829 0.0852725
2.05836 0.0838179
2.07843 0.0823885
2.0985 0.0809838
2.11857 0.0796034
2.13864 0.078247
2.15871 0.076914
2.17878 0.0756041
2.19885 0.0743169
2.21892 0.0730521
2.23899 0.0718092
2.25906 0.0705879
2.27913 0.0693878
2.2992 0.0682085
2.31927 0.0670497
2.33934 0.0659111
2.35941 0.0647922
2.37948 0.0636927
2.39955 0.0626123
2.41962 0.0615507
2.43968 0.0605076
2.45975 0.0594825
2.47982 0.0584753
2.49989 0.0574855
2.51996 0.0565129
2.54003 0.0555572
2.5601 0.0546181
2.58017 0.0536952
2.60024 0.0527884
2.62031 0.0518973
2.64038 0.0510216
2.66045 0.0501611
2.68052 0.0493155
2.70059 0.0484845
2.72066 0.0476679
2.74073 0.0468655
2.7608 0.0460769
2.78087 0.045302
2.80094 0.0445404
2.82101 0.043792
2.84108 0.0430566
2.86115 0.0423338
2.88122 0.0416235
2.90129 0.0409254
2.92136 0.0402394
2.94143 0.0395652
2.9615 0.0389026
2.98157 0.0382514
3.00164 0.0376114
3.02171 0.0369825
3.04178 0.0363643
3.06185 0.0357567
3.08192 0.0351596
3.10199 0.0345727
3.12206 0.0339959
3.14213 0.033429
3.1622 0.0328718
3.18227 0.0323242
3.20234 0.0317859
3.22241 0.0312568
3.24248 0.0307368
3.26255 0.0302256
3.28262 0.0297232
3.30269 0.0292294
3.32276 0.028744
3.34283 0.0282669
3.36289 0.0277979
3.38296 0.0273369
3.40303 0.0268837
3.4231 0.0264383
3.44317 0.0260004
3.46324 0.02557
3.48331 0.0251469
3.50338 0.024731
3.52345 0.0243222
3.54352 0.0239202
3.56359 0.0235251
3.58366 0.0231367
3.60373 0.0227549
3.6238 0.0223795
3.64387 0.0220105
3.66394 0.0216477
3.68401 0.0212911
3.70408 0.0209405
3.72415 0.0205958
3.74422 0.0202569
3.76429 0.0199237
3.78436 0.0195962
3.80443 0.0192742
3.8245 0.0189576
3.84457 0.0186463
3.86464 0.0183403
3.88471 0.0180394
3.90478 0.0177435
3.92485 0.0174527
3.94492 0.0171667
3.96499 0.0168855
3.98506 0.016609
4.00513 0.0163372
4.0252 0.0160699
4.04527 0.0158071
4.06534 0.0155487
4.08541 0.0152946
4.10548 0.0150448
4.12555 0.0147992
4.14562 0.0145576
4.16569 0.0143201
4.18576 0.0140865
4.20583 0.0138569
4.2259 0.013631
4.24597 0.013409
4.26604 0.0131906
4.28611 0.0129759
4.30617 0.0127647
4.32624 0.0125571
4.34631 0.0123529
4.36638 0.0121521
4.38645 0.0119546
4.40652 0.0117605
4.42659 0.0115695
4.44666 0.0113817
4.46673 0.011197
4.4868 0.0110154
4.50687 0.0108368
4.52694 0.0106611
4.54701 0.0104884
4.56708 0.0103185
4.58715 0.0101514
4.60722 0.0099871
4.62729 0.00982549
4.64736 0.00966656
4.66743 0.00951025
4.6875 0.00935652
4.70757 0.00920532
4.72764 0.00905662
4.74771 0.00891036
4.76778 0.00876652
4.78785 0.00862504
4.80792 0.00848589
4.82799 0.00834903
4.84806 0.00821442
4.86813 0.00808203
4.8882 0.00795181
4.90827 0.00782373
4.92834 0.00769775
4.94841 0.00757383
4.96848 0.00745195
4.98855 0.00733207
5.00862 0.00721416
5.02869 0.00709817
5.04876 0.00698409
5.06883 0.00687187
5.0889 0.00676149
5.10897 0.00665291
5.12904 0.00654611
5.14911 0.00644106
5.16918 0.00633772
5.18925 0.00623607
5.20932 0.00613608
5.22938 0.00603772
5.24945 0.00594097
5.26952 0.00584579
5.28959 0.00575217
5.30966 0.00566007
5.32973 0.00556947
5.3498 0.00548035
5.36987 0.00539268
5.38994 0.00530643
5.41001 0.00522159
5.43008 0.00513813
5.45015 0.00505602
5.47022 0.00497525
5.49029 0.00489579
5.51036 0.00481762
5.53043 0.00474072
5.5505 0.00466507
5.57057 0.00459064
5.59064 0.00451742
5.61071 0.00444539
5.63078 0.00437453
5.65085 0.00430481
5.67092 0.00423622
5.69099 0.00416874
5.71106 0.00410236
5.73113 0.00403704
5.7512 0.00397279
5.77127 0.00390957
5.79134 0.00384738
5.81141 0.00378619
5.83148 0.00372598
5.85155 0.00366675
5.87162 0.00360848
5.89169 0.00355115
5.91176 0.00349474
5.93183 0.00343924
5.9519 0.00338463
5.97197 0.00333091
5.99204 0.00327805
6.01211 0.00322604
6.03218 0.00317487
6.05225 0.00312452
6.07232 0.00307499
6.09239 0.00302625
6.11246 0.00297829
6.13253 0.00293111
6.15259 0.00288468
6.17266 0.002839
6.19273 0.00279405
6.2128 0.00274982
6.23287 0.00270631
6.25294 0.00266349
6.27301 0.00262136
6.29308 0.00257991
6.31315 0.00253912
6.33322 0.00249898
6.35329 0.00245949
6.37336 0.00242063
6.39343 0.00238239
6.4135 0.00234476
6.43357 0.00230774
6.45364 0.00227131
6.47371 0.00223546
6.49378 0.00220018
6.51385 0.00216547
6.53392 0.00213132
6.55399 0.00209771
6.57406 0.00206463
6.59413 0.00203209
6.6142 0.00200006
6.63427 0.00196855
6.65434 0.00193754
6.67441 0.00190702
6.69448 0.00187699
6.71455 0.00184744
6.73462 0.00181836
6.75469 0.00178974
6.77476 0.00176158
6.79483 0.00173387
6.8149 0.0017066
6.83497 0.00167977
6.85504 0.00165336
6.87511 0.00162737
6.89518 0.00160179
6.91525 0.00157662
6.93532 0.00155186
6.95539 0.00152748
6.97546 0.0015035
6.99553 0.00147989
7.0156 0.00145666
7.03567 0.0014338
7.05574 0.0014113
7.0758 0.00138916
7.09587 0.00136737
7.11594 0.00134592
7.13601 0.00132482
7.15608 0.00130405
7.17615 0.00128361
7.19622 0.00126349
7.21629 0.0012437
7.23636 0.00122421
7.25643 0.00120504
7.2765 0.00118617
7.29657 0.0011676
7.31664 0.00114932
7.33671 0.00113133
7.35678 0.00111363
7.37685 0.0010962
7.39692 0.00107905
7.41699 0.00106218
7.43706 0.00104557
7.45713 0.00102922
7.4772 0.00101313
7.49727 0.000997294
7.51734 0.000981709
7.53741 0.00096637
7.55748 0.000951273
7.57755 0.000936415
7.59762 0.000921791
7.61769 0.000907398
7.63776 0.000893232
7.65783 0.00087929
7.6779 0.000865567
7.69797 0.000852061
7.71804 0.000838768
7.73811 0.000825684
7.75818 0.000812807
7.77825 0.000800132
7.79832 0.000787657
7.81839 0.000775378
7.83846 0.000763293
7.85853 0.000751398
7.8786 0.00073969
7.89867 0.000728167
7.91874 0.000716824
7.93881 0.000705661
7.95888 0.000694672
7.97895 0.000683857
7.99901 0.000673211
8.01908 0.000662733
8.03915 0.00065242
8.05922 0.000642268
8.07929 0.000632276
8.09936 0.000622441
8.11943 0.000612761
8.1395 0.000603232
8.15957 0.000593853
8.17964 0.000584621
8.19971 0.000575534
8.21978 0.00056659
8.23985 0.000557786
8.25992 0.00054912
8.27999 0.000540589
8.30006 0.000532193
8.32013 0.000523928
8.3402 0.000515793
8.36027 0.000507785
8.38034 0.000499903
8.40041 0.000492144
8.42048 0.000484506
8.44055 0.000476988
8.46062 0.000469588
8.48069 0.000462304
8.50076 0.000455134
8.52083 0.000448075
8.5409 0.000441128
8.56097 0.000434289
8.58104 0.000427557
8.60111 0.00042093
8.62118 0.000414406
8.64125 0.000407985
8.66132 0.000401664
8.68139 0.000395442
8.70146 0.000389317
8.72153 0.000383288
8.7416 0.000377353
8.76167 0.00037151
8.78174 0.000365759
8.80181 0.000360098
8.82188 0.000354525
8.84195 0.000349039
8.86202 0.000343638
8.88209 0.000338322
8.90216 0.000333088
8.92222 0.000327937
8.94229 0.000322865
8.96236 0.000317873
8.98243 0.000312958
9.0025 0.000308121
9.02257 0.000303358
9.04264 0.00029867
9.06271 0.000294054
9.08278 0.000289511
9.10285 0.000285038
9.12292 0.000280635
9.14299 0.000276301
9.16306 0.000272034
9.18313 0.000267833
9.2032 0.000263698
9.22327 0.000259627
9.24334 0.00025562
9.26341 0.000251674
9.28348 0.000247791
9.30355 0.000243967
9.32362 0.000240203
9.34369 0.000236498
9.36376 0.00023285
9.38383 0.000229259
9.4039 0.000225723
9.42397 0.000222243
9.44404 0.000218816
9.46411 0.000215443
9.48418 0.000212122
9.50425 0.000208853
9.52432 0.000205634
9.54439 0.000202466
9.56446 0.000199347
9.58453 0.000196276
9.6046 0.000193252
9.62467 0.000190276
9.64474 0.000187346
9.66481 0.000184461
9.68488 0.000181621
9.70495 0.000178825
9.72502 0.000176072
9.74509 0.000173362
9.76516 0.000170694
9.78523 0.000168068
9.8053 0.000165482
9.82537 0.000162936
9.84543 0.00016043
9.8655 0.000157962
9.88557 0.000155533
9.90564 0.000153141
9.92571 0.000150786
9.94578 0.000148468
9.96585 0.000146186
9.98592 0.000143939
10.006 0.000141726
10.0261 0.000139548
10.0461 0.000137404
10.0662 0.000135293
10.0863 0.000133214
10.1063 0.000131168
10.1264 0.000129153
10.1465 0.00012717
10.1666 0.000125217
10.1866 0.000123294
10.2067 0.000121401
10.2268 0.000119537
10.2468 0.000117702
10.2669 0.000115896
10.287 0.000114117
10.307 0.000112366
10.3271 0.000110641
10.3472 0.000108944
10.3672 0.000107273
10.3873 0.000105627
10.4074 0.000104007
10.4275 0.000102412
10.4475 0.000100841
10.4676 9.9295e-05
10.4877 9.77726e-05
10.5077 9.62737e-05
10.5278 9.47979e-05
10.5479 9.33449e-05
