-0.155854 0.00163018
0.78149 0.0316436
1.71883 0.0478411
2.65618 0.0475648
3.59352 0.0437142
4.53087 0.0395629
5.46821 0.03582
6.40556 0.032585
7.3429 0.029812
8.28025 0.0274285
9.21759 0.0253665
10.1549 0.0235693
11.0923 0.0219908
12.0296 0.0205945
12.967 0.019351
13.9043 0.0182367
14.8417 0.0172327
15.779 0.0163234
16.7163 0.0154959
17.6537 0.0147397
18.591 0.014046
19.5284 0.0134073
20.4657 0.0128172
21.4031 0.0122705
22.3404 0.0117624
23.2778 0.0112891
24.2151 0.010847
25.1524 0.0104333
26.0898 0.0100451
27.0271 0.00968033
27.9645 0.00933684
28.9018 0.00901285
29.8392 0.00870674
30.7765 0.0084171
31.7139 0.00814263
32.6512 0.00788218
33.5885 0.00763472
34.5259 0.00739932
35.4632 0.00717512
36.4006 0.00696136
37.3379 0.00675733
38.2753 0.0065624
39.2126 0.00637599
40.15 0.00619756
41.0873 0.00602663
42.0246 0.00586273
42.962 0.00570547
43.8993 0.00555445
44.8367 0.00540933
45.774 0.00526977
46.7114 0.00513547
47.6487 0.00500616
48.5861 0.00488156
49.5234 0.00476145
50.4608 0.00464558
51.3981 0.00453375
52.3354 0.00442577
53.2728 0.00432144
54.2101 0.00422059
55.1475 0.00412306
56.0848 0.0040287
57.0222 0.00393737
57.9595 0.00384892
58.8969 0.00376324
59.8342 0.0036802
60.7715 0.00359969
61.7089 0.00352161
62.6462 0.00344585
63.5836 0.00337232
64.5209 0.00330092
65.4583 0.00323158
66.3956 0.00316422
67.333 0.00309875
68.2703 0.0030351
69.2076 0.00297321
70.145 0.002913
71.0823 0.00285443
72.0197 0.00279742
72.957 0.00274192
73.8944 0.00268787
74.8317 0.00263523
75.7691 0.00258395
76.7064 0.00253398
77.6437 0.00248527
78.5811 0.00243779
79.5184 0.00239148
80.4558 0.00234632
81.3931 0.00230226
82.3305 0.00225927
83.2678 0.00221732
84.2052 0.00217637
85.1425 0.00213639
86.0798 0.00209734
87.0172 0.00205921
87.9545 0.00202196
88.8919 0.00198557
89.8292 0.00195001
90.7666 0.00191526
91.7039 0.00188128
92.6413 0.00184807
93.5786 0.00181559
94.5159 0.00178383
95.4533 0.00175277
96.3906 0.00172238
97.328 0.00169265
98.2653 0.00166355
99.2027 0.00163508
100.14 0.00160721
101.077 0.00157993
102.015 0.00155322
102.952 0.00152707
103.889 0.00150146
104.827 0.00147638
105.764 0.00145181
106.701 0.00142774
107.639 0.00140416
108.576 0.00138106
109.513 0.00135841
110.451 0.00133622
111.388 0.00131447
112.325 0.00129315
113.263 0.00127225
114.2 0.00125175
115.138 0.00123165
116.075 0.00121194
117.012 0.00119261
117.95 0.00117365
118.887 0.00115505
119.824 0.00113681
120.762 0.00111891
121.699 0.00110134
122.636 0.0010841
123.574 0.00106719
124.511 0.00105058
125.448 0.00103429
126.386 0.00101829
127.323 0.00100259
128.26 0.000987171
129.198 0.000972033
130.135 0.000957169
131.072 0.000942572
132.01 0.000928237
132.947 0.000914158
133.884 0.00090033
134.822 0.000886746
135.759 0.000873402
136.696 0.000860293
137.634 0.000847413
138.571 0.000834758
139.508 0.000822323
140.446 0.000810104
141.383 0.000798095
142.321 0.000786293
143.258 0.000774693
144.195 0.000763291
145.133 0.000752083
146.07 0.000741065
147.007 0.000730234
147.945 0.000719585
148.882 0.000709115
149.819 0.00069882
150.757 0.000688697
151.694 0.000678742
152.631 0.000668952
153.569 0.000659324
154.506 0.000649854
155.443 0.00064054
156.381 0.000631379
157.318 0.000622367
158.255 0.000613502
159.193 0.00060478
160.13 0.0005962
161.067 0.000587758
162.005 0.000579452
162.942 0.000571279
163.879 0.000563236
164.817 0.000555322
165.754 0.000547534
166.691 0.00053987
167.629 0.000532326
168.566 0.000524902
169.504 0.000517594
170.441 0.000510401
171.378 0.000503321
172.316 0.000496351
173.253 0.00048949
174.19 0.000482736
175.128 0.000476086
176.065 0.000469538
177.002 0.000463092
177.94 0.000456745
178.877 0.000450495
179.814 0.000444341
180.752 0.000438281
181.689 0.000432313
182.626 0.000426436
183.564 0.000420648
184.501 0.000414947
185.438 0.000409332
186.376 0.000403803
187.313 0.000398356
188.25 0.00039299
189.188 0.000387705
190.125 0.000382499
191.062 0.000377371
192 0.000372318
192.937 0.000367341
193.874 0.000362437
194.812 0.000357606
195.749 0.000352846
196.686 0.000348155
197.624 0.000343534
198.561 0.00033898
199.499 0.000334493
200.436 0.000330072
201.373 0.000325715
202.311 0.000321421
203.248 0.000317189
204.185 0.000313019
205.123 0.000308908
206.06 0.000304858
206.997 0.000300865
207.935 0.00029693
208.872 0.000293051
209.809 0.000289228
210.747 0.000285459
211.684 0.000281744
212.621 0.000278082
213.559 0.000274472
214.496 0.000270914
215.433 0.000267405
216.371 0.000263947
217.308 0.000260537
218.245 0.000257175
219.183 0.00025386
220.12 0.000250592
221.057 0.00024737
221.995 0.000244193
222.932 0.00024106
223.869 0.000237971
224.807 0.000234925
225.744 0.000231921
226.682 0.000228959
227.619 0.000226038
228.556 0.000223158
229.494 0.000220317
230.431 0.000217515
231.368 0.000214753
232.306 0.000212028
233.243 0.00020934
234.18 0.000206689
235.118 0.000204075
236.055 0.000201496
236.992 0.000198953
237.93 0.000196444
238.867 0.00019397
239.804 0.000191529
240.742 0.000189121
241.679 0.000186746
242.616 0.000184403
243.554 0.000182091
244.491 0.000179811
245.428 0.000177562
246.366 0.000175342
247.303 0.000173153
248.24 0.000170993
249.178 0.000168862
250.115 0.00016676
251.052 0.000164685
251.99 0.000162639
252.927 0.000160619
253.865 0.000158627
254.802 0.000156661
255.739 0.000154721
256.677 0.000152807
257.614 0.000150918
258.551 0.000149054
259.489 0.000147215
260.426 0.0001454
261.363 0.000143609
262.301 0.000141842
263.238 0.000140098
264.175 0.000138377
265.113 0.000136678
266.05 0.000135002
266.987 0.000133348
267.925 0.000131715
268.862 0.000130103
269.799 0.000128513
270.737 0.000126943
271.674 0.000125394
272.611 0.000123865
273.549 0.000122356
274.486 0.000120866
275.423 0.000119396
276.361 0.000117944
277.298 0.000116512
278.235 0.000115098
279.173 0.000113702
280.11 0.000112324
281.048 0.000110964
281.985 0.000109621
282.922 0.000108296
283.86 0.000106988
284.797 0.000105696
285.734 0.000104421
286.672 0.000103162
287.609 0.000101919
288.546 0.000100693
289.484 9.94816e-05
290.421 9.82859e-05
291.358 9.71054e-05
292.296 9.59399e-05
293.233 9.47892e-05
294.17 9.36531e-05
295.108 9.25315e-05
296.045 9.1424e-05
296.982 9.03306e-05
297.92 8.92509e-05
298.857 8.81849e-05
299.794 8.71324e-05
300.732 8.60931e-05
301.669 8.5067e-05
302.606 8.40537e-05
303.544 8.30532e-05
304.481 8.20652e-05
305.418 8.10896e-05
306.356 8.01263e-05
307.293 7.9175e-05
308.23 7.82356e-05
309.168 7.7308e-05
310.105 7.6392e-05
311.043 7.54874e-05
311.98 7.4594e-05
312.917 7.37118e-05
313.855 7.28406e-05
314.792 7.19802e-05
315.729 7.11306e-05
316.667 7.02914e-05
317.604 6.94627e-05
318.541 6.86442e-05
319.479 6.78359e-05
320.416 6.70376e-05
321.353 6.62492e-05
322.291 6.54705e-05
323.228 6.47014e-05
324.165 6.39418e-05
325.103 6.31915e-05
326.04 6.24505e-05
326.977 6.17186e-05
327.915 6.09957e-05
328.852 6.02817e-05
329.789 5.95765e-05
330.727 5.88799e-05
331.664 5.81918e-05
332.601 5.75122e-05
333.539 5.68409e-05
334.476 5.61777e-05
335.413 5.55227e-05
336.351 5.48757e-05
337.288 5.42366e-05
338.226 5.36053e-05
339.163 5.29817e-05
340.1 5.23656e-05
341.038 5.17571e-05
341.975 5.11559e-05
342.912 5.0562e-05
343.85 4.99754e-05
344.787 4.93959e-05
345.724 4.88234e-05
346.662 4.82578e-05
347.599 4.76991e-05
348.536 4.71471e-05
349.474 4.66018e-05
350.411 4.60631e-05
351.348 4.55309e-05
352.286 4.50051e-05
353.223 4.44856e-05
354.16 4.39724e-05
355.098 4.34654e-05
356.035 4.29644e-05
356.972 4.24695e-05
357.91 4.19806e-05
358.847 4.14975e-05
359.784 4.10202e-05
360.722 4.05486e-05
361.659 4.00826e-05
362.596 3.96223e-05
363.534 3.91674e-05
364.471 3.8718e-05
365.409 3.8274e-05
366.346 3.78352e-05
367.283 3.74017e-05
368.221 3.69734e-05
369.158 3.65502e-05
370.095 3.6132e-05
371.033 3.57188e-05
371.97 3.53105e-05
372.907 3.4907e-05
373.845 3.45084e-05
374.782 3.41145e-05
375.719 3.37252e-05
376.657 3.33406e-05
377.594 3.29605e-05
378.531 3.25849e-05
379.469 3.22138e-05
380.406 3.18471e-05
381.343 3.14847e-05
382.281 3.11266e-05
383.218 3.07727e-05
384.155 3.0423e-05
385.093 3.00774e-05
386.03 2.97359e-05
386.967 2.93984e-05
387.905 2.90649e-05
388.842 2.87353e-05
389.779 2.84096e-05
390.717 2.80877e-05
391.654 2.77696e-05
392.592 2.74552e-05
393.529 2.71445e-05
394.466 2.68375e-05
395.404 2.65341e-05
396.341 2.62342e-05
397.278 2.59378e-05
398.216 2.56449e-05
399.153 2.53554e-05
400.09 2.50693e-05
401.028 2.47866e-05
401.965 2.45071e-05
402.902 2.42309e-05
403.84 2.3958e-05
404.777 2.36882e-05
405.714 2.34216e-05
406.652 2.3158e-05
407.589 2.28976e-05
408.526 2.26401e-05
409.464 2.23857e-05
410.401 2.21342e-05
411.338 2.18856e-05
412.276 2.16399e-05
413.213 2.13971e-05
414.15 2.11571e-05
415.088 2.09199e-05
416.025 2.06854e-05
416.962 2.04536e-05
417.9 2.02245e-05
418.837 1.99981e-05
419.774 1.97743e-05
420.712 1.95531e-05
421.649 1.93344e-05
422.587 1.91183e-05
423.524 1.89046e-05
424.461 1.86934e-05
425.399 1.84847e-05
426.336 1.82783e-05
427.273 1.80744e-05
428.211 1.78727e-05
429.148 1.76734e-05
430.085 1.74764e-05
431.023 1.72817e-05
431.96 1.70892e-05
432.897 1.68989e-05
433.835 1.67108e-05
434.772 1.65248e-05
435.709 1.6341e-05
436.647 1.61593e-05
437.584 1.59797e-05
438.521 1.58021e-05
439.459 1.56266e-05
440.396 1.54531e-05
441.333 1.52815e-05
442.271 1.51119e-05
443.208 1.49443e-05
444.145 1.47786e-05
445.083 1.46147e-05
446.02 1.44528e-05
446.957 1.42927e-05
447.895 1.41344e-05
448.832 1.39779e-05
449.77 1.38232e-05
450.707 1.36703e-05
451.644 1.35191e-05
452.582 1.33696e-05
453.519 1.32218e-05
454.456 1.30757e-05
455.394 1.29313e-05
456.331 1.27885e-05
457.268 1.26473e-05
458.206 1.25077e-05
459.143 1.23698e-05
460.08 1.22333e-05
461.018 1.20985e-05
461.955 1.19651e-05
462.892 1.18333e-05
463.83 1.1703e-05
464.767 1.15741e-05
465.704 1.14467e-05
466.642 1.13207e-05
467.579 1.11962e-05
468.516 1.1073e-05
469.454 1.09513e-05
470.391 1.08309e-05
471.328 1.07119e-05
472.266 1.05943e-05
473.203 1.04779e-05
474.14 1.03629e-05
475.078 1.02492e-05
476.015 1.01367e-05
476.953 1.00255e-05
477.89 9.91559e-06
478.827 9.8069e-06
479.765 9.69943e-06
480.702 9.59316e-06
481.639 9.4881e-06
482.577 9.38421e-06
483.514 9.28149e-06
484.451 9.17992e-06
485.389 9.0795e-06
486.326 8.9802e-06
487.263 8.88201e-06
488.201 8.78492e-06
489.138 8.68893e-06
490.075 8.59401e-06
491.013 8.50015e-06
491.95 8.40734e-06
492.887 8.31557e-06
493.825 8.22483e-06
494.762 8.13511e-06
495.699 8.04638e-06
496.637 7.95865e-06
497.574 7.8719e-06
498.511 7.78611e-06
499.449 7.70129e-06
500.386 7.61741e-06
501.323 7.53447e-06
502.261 7.45245e-06
503.198 7.37135e-06
504.136 7.29115e-06
505.073 7.21184e-06
506.01 7.13342e-06
506.948 7.05587e-06
507.885 6.97919e-06
508.822 6.90335e-06
509.76 6.82837e-06
510.697 6.75421e-06
511.634 6.68088e-06
512.572 6.60836e-06
513.509 6.53665e-06
514.446 6.46574e-06
515.384 6.39561e-06
516.321 6.32626e-06
517.258 6.25768e-06
518.196 6.18987e-06
519.133 6.1228e-06
520.07 6.05648e-06
521.008 5.99089e-06
521.945 5.92602e-06
522.882 5.86188e-06
523.82 5.79845e-06
524.757 5.73571e-06
525.694 5.67368e-06
526.632 5.61232e-06
527.569 5.55165e-06
528.506 5.49165e-06
529.444 5.43231e-06
530.381 5.37362e-06
531.318 5.31558e-06
532.256 5.25819e-06
533.193 5.20142e-06
534.131 5.14529e-06
535.068 5.08977e-06
536.005 5.03486e-06
536.943 4.98056e-06
537.88 4.92686e-06
538.817 4.87375e-06
539.755 4.82123e-06
540.692 4.76928e-06
541.629 4.7179e-06
542.567 4.66709e-06
543.504 4.61684e-06
544.441 4.56714e-06
545.379 4.51799e-06
546.316 4.46937e-06
547.253 4.42129e-06
548.191 4.37374e-06
549.128 4.32671e-06
550.065 4.2802e-06
551.003 4.2342e-06
551.94 4.1887e-06
552.877 4.1437e-06
553.815 4.0992e-06
554.752 4.05518e-06
555.689 4.01165e-06
556.627 3.96859e-06
557.564 3.926e-06
558.501 3.88388e-06
559.439 3.84222e-06
560.376 3.80102e-06
561.314 3.76027e-06
562.251 3.71996e-06
563.188 3.68009e-06
564.126 3.64066e-06
565.063 3.60166e-06
566 3.56309e-06
566.938 3.52494e-06
567.875 3.4872e-06
568.812 3.44988e-06
569.75 3.41296e-06
570.687 3.37644e-06
571.624 3.34033e-06
572.562 3.30461e-06
573.499 3.26927e-06
574.436 3.23433e-06
575.374 3.19976e-06
576.311 3.16557e-06
577.248 3.13175e-06
578.186 3.0983e-06
579.123 3.06522e-06
580.06 3.03249e-06
580.998 3.00012e-06
581.935 2.9681e-06
582.872 2.93644e-06
583.81 2.90511e-06
584.747 2.87413e-06
585.684 2.84348e-06
586.622 2.81316e-06
587.559 2.78318e-06
588.497 2.75352e-06
589.434 2.72418e-06
590.371 2.69516e-06
591.309 2.66645e-06
592.246 2.63806e-06
593.183 2.60997e-06
594.121 2.58219e-06
595.058 2.55471e-06
595.995 2.52753e-06
596.933 2.50064e-06
597.87 2.47404e-06
598.807 2.44773e-06
599.745 2.42171e-06
600.682 2.39596e-06
601.619 2.3705e-06
602.557 2.34531e-06
603.494 2.32039e-06
604.431 2.29575e-06
605.369 2.27137e-06
606.306 2.24725e-06
607.243 2.22339e-06
608.181 2.19979e-06
609.118 2.17645e-06
610.055 2.15336e-06
610.993 2.13052e-06
611.93 2.10792e-06
612.867 2.08557e-06
613.805 2.06346e-06
614.742 2.04158e-06
615.68 2.01995e-06
616.617 1.99854e-06
617.554 1.97737e-06
618.492 1.95642e-06
619.429 1.9357e-06
620.366 1.91521e-06
621.304 1.89493e-06
622.241 1.87487e-06
623.178 1.85503e-06
624.116 1.8354e-06
625.053 1.81599e-06
625.99 1.79678e-06
626.928 1.77778e-06
627.865 1.75898e-06
628.802 1.74038e-06
629.74 1.72199e-06
630.677 1.70379e-06
631.614 1.68579e-06
632.552 1.66798e-06
633.489 1.65036e-06
634.426 1.63293e-06
635.364 1.61569e-06
636.301 1.59863e-06
637.238 1.58176e-06
638.176 1.56507e-06
639.113 1.54855e-06
640.05 1.53222e-06
640.988 1.51606e-06
641.925 1.50007e-06
642.862 1.48425e-06
643.8 1.4686e-06
644.737 1.45312e-06
645.675 1.43781e-06
646.612 1.42266e-06
647.549 1.40767e-06
648.487 1.39284e-06
649.424 1.37817e-06
650.361 1.36366e-06
651.299 1.3493e-06
652.236 1.3351e-06
653.173 1.32104e-06
654.111 1.30714e-06
655.048 1.29339e-06
655.985 1.27978e-06
656.923 1.26632e-06
657.86 1.253e-06
658.797 1.23983e-06
659.735 1.2268e-06
660.672 1.2139e-06
661.609 1.20114e-06
662.547 1.18852e-06
663.484 1.17603e-06
664.421 1.16368e-06
665.359 1.15146e-06
666.296 1.13936e-06
667.233 1.1274e-06
668.171 1.11557e-06
669.108 1.10386e-06
670.045 1.09227e-06
670.983 1.08081e-06
671.92 1.06947e-06
672.858 1.05825e-06
673.795 1.04715e-06
674.732 1.03617e-06
675.67 1.02531e-06
676.607 1.01456e-06
677.544 1.00392e-06
678.482 9.93403e-07
679.419 9.82993e-07
680.356 9.72694e-07
681.294 9.62505e-07
682.231 9.52423e-07
683.168 9.42449e-07
684.106 9.32581e-07
685.043 9.22818e-07
685.98 9.13158e-07
686.918 9.03601e-07
687.855 8.94145e-07
688.792 8.8479e-07
689.73 8.75533e-07
690.667 8.66375e-07
691.604 8.57315e-07
692.542 8.4835e-07
693.479 8.3948e-07
694.416 8.30704e-07
695.354 8.22022e-07
696.291 8.13431e-07
697.228 8.04931e-07
698.166 7.96522e-07
699.103 7.88201e-07
700.041 7.79968e-07
700.978 7.71823e-07
701.915 7.63764e-07
702.853 7.5579e-07
703.79 7.47901e-07
704.727 7.40095e-07
705.665 7.32371e-07
706.602 7.24729e-07
707.539 7.17168e-07
708.477 7.09687e-07
709.414 7.02286e-07
710.351 6.94962e-07
711.289 6.87715e-07
712.226 6.80546e-07
713.163 6.73452e-07
714.101 6.66433e-07
715.038 6.59488e-07
715.975 6.52616e-07
716.913 6.45817e-07
717.85 6.39089e-07
718.787 6.32433e-07
719.725 6.25847e-07
720.662 6.1933e-07
721.599 6.12882e-07
722.537 6.06502e-07
723.474 6.00189e-07
724.411 5.93943e-07
725.349 5.87763e-07
726.286 5.81648e-07
727.224 5.75597e-07
728.161 5.6961e-07
729.098 5.63686e-07
730.036 5.57825e-07
730.973 5.52025e-07
731.91 5.46286e-07
732.848 5.40608e-07
733.785 5.34989e-07
734.722 5.2943e-07
735.66 5.23929e-07
736.597 5.18485e-07
737.534 5.131e-07
738.472 5.0777e-07
739.409 5.02497e-07
740.346 4.97279e-07
741.284 4.92117e-07
742.221 4.87008e-07
743.158 4.81953e-07
744.096 4.76951e-07
745.033 4.72002e-07
745.97 4.67104e-07
746.908 4.62259e-07
747.845 4.57464e-07
748.782 4.52719e-07
749.72 4.48024e-07
750.657 4.43378e-07
751.594 4.38782e-07
752.532 4.34233e-07
753.469 4.29732e-07
754.407 4.25278e-07
755.344 4.20871e-07
756.281 4.16511e-07
757.219 4.12196e-07
758.156 4.07926e-07
759.093 4.03701e-07
760.031 3.9952e-07
760.968 3.95383e-07
761.905 3.91289e-07
762.843 3.87238e-07
763.78 3.8323e-07
764.717 3.79264e-07
765.655 3.75339e-07
766.592 3.71455e-07
767.529 3.67612e-07
768.467 3.63809e-07
769.404 3.60046e-07
770.341 3.56322e-07
771.279 3.52638e-07
772.216 3.48991e-07
773.153 3.45383e-07
774.091 3.41813e-07
775.028 3.3828e-07
775.965 3.34784e-07
776.903 3.31324e-07
777.84 3.27901e-07
778.777 3.24513e-07
779.715 3.21161e-07
780.652 3.17844e-07
781.589 3.14561e-07
782.527 3.11313e-07
783.464 3.08098e-07
784.402 3.04918e-07
785.339 3.0177e-07
786.276 2.98655e-07
787.214 2.95573e-07
788.151 2.92523e-07
789.088 2.89504e-07
790.026 2.86518e-07
790.963 2.83562e-07
791.9 2.80637e-07
792.838 2.77743e-07
793.775 2.74879e-07
794.712 2.72044e-07
795.65 2.6924e-07
796.587 2.66464e-07
797.524 2.63718e-07
798.462 2.61e-07
799.399 2.5831e-07
800.336 2.55648e-07
801.274 2.53014e-07
802.211 2.50408e-07
803.148 2.47828e-07
804.086 2.45276e-07
805.023 2.4275e-07
805.96 2.4025e-07
806.898 2.37777e-07
807.835 2.35329e-07
808.772 2.32906e-07
809.71 2.30509e-07
810.647 2.28137e-07
811.585 2.25789e-07
812.522 2.23466e-07
813.459 2.21167e-07
814.397 2.18891e-07
815.334 2.1664e-07
816.271 2.14412e-07
817.209 2.12207e-07
818.146 2.10025e-07
819.083 2.07865e-07
820.021 2.05728e-07
820.958 2.03614e-07
821.895 2.01521e-07
822.833 1.9945e-07
823.77 1.974e-07
824.707 1.95372e-07
825.645 1.93364e-07
826.582 1.91378e-07
827.519 1.89412e-07
828.457 1.87467e-07
829.394 1.85542e-07
830.331 1.83636e-07
831.269 1.81751e-07
832.206 1.79885e-07
833.143 1.78038e-07
834.081 1.76211e-07
835.018 1.74402e-07
835.955 1.72612e-07
836.893 1.70841e-07
837.83 1.69088e-07
838.768 1.67354e-07
839.705 1.65637e-07
840.642 1.63938e-07
841.58 1.62257e-07
842.517 1.60593e-07
843.454 1.58946e-07
844.392 1.57316e-07
845.329 1.55704e-07
846.266 1.54107e-07
847.204 1.52528e-07
848.141 1.50965e-07
849.078 1.49418e-07
850.016 1.47887e-07
850.953 1.46371e-07
851.89 1.44872e-07
852.828 1.43388e-07
853.765 1.41919e-07
854.702 1.40466e-07
855.64 1.39027e-07
856.577 1.37604e-07
857.514 1.36195e-07
858.452 1.348e-07
859.389 1.3342e-07
860.326 1.32055e-07
861.264 1.30703e-07
862.201 1.29366e-07
863.138 1.28042e-07
864.076 1.26732e-07
865.013 1.25435e-07
865.951 1.24152e-07
866.888 1.22882e-07
867.825 1.21625e-07
868.763 1.20381e-07
869.7 1.1915e-07
870.637 1.17932e-07
871.575 1.16726e-07
872.512 1.15533e-07
873.449 1.14352e-07
874.387 1.13183e-07
875.324 1.12027e-07
876.261 1.10882e-07
877.199 1.09749e-07
878.136 1.08627e-07
879.073 1.07518e-07
880.011 1.06419e-07
880.948 1.05332e-07
881.885 1.04257e-07
882.823 1.03192e-07
883.76 1.02138e-07
884.697 1.01095e-07
885.635 1.00063e-07
886.572 9.90416e-08
887.509 9.80306e-08
888.447 9.703e-08
889.384 9.60397e-08
890.321 9.50597e-08
891.259 9.40897e-08
892.196 9.31297e-08
893.133 9.21795e-08
894.071 9.12392e-08
895.008 9.03085e-08
895.946 8.93874e-08
896.883 8.84758e-08
897.82 8.75736e-08
898.758 8.66806e-08
899.695 8.57969e-08
900.632 8.49222e-08
901.57 8.40565e-08
902.507 8.31997e-08
903.444 8.23517e-08
904.382 8.15124e-08
905.319 8.06818e-08
906.256 7.98597e-08
907.194 7.90461e-08
908.131 7.82408e-08
909.068 7.74437e-08
910.006 7.66549e-08
910.943 7.58742e-08
911.88 7.51015e-08
912.818 7.43367e-08
913.755 7.35798e-08
914.692 7.28306e-08
915.63 7.20892e-08
916.567 7.13553e-08
917.504 7.0629e-08
918.442 6.99102e-08
919.379 6.91987e-08
920.316 6.84945e-08
921.254 6.77976e-08
922.191 6.71078e-08
923.129 6.6425e-08
924.066 6.57493e-08
925.003 6.50805e-08
925.941 6.44186e-08
926.878 6.37634e-08
927.815 6.3115e-08
928.753 6.24732e-08
929.69 6.1838e-08
930.627 6.12094e-08
931.565 6.05871e-08
932.502 5.99712e-08
933.439 5.93617e-08
934.377 5.87584e-08
935.314 5.81612e-08
936.251 5.75702e-08
