-3.31003 0.000212809
-3.30001 0.000218838
-3.28999 0.000225037
-3.27998 0.00023141
-3.26996 0.000237962
-3.25995 0.000244698
-3.24993 0.000251624
-3.23992 0.000258743
-3.2299 0.000266063
-3.21988 0.000273588
-3.20987 0.000281324
-3.19985 0.000289277
-3.18984 0.000297453
-3.17982 0.000305857
-3.16981 0.000314498
-3.15979 0.00032338
-3.14977 0.000332511
-3.13976 0.000341897
-3.12974 0.000351546
-3.11973 0.000361465
-3.10971 0.000371661
-3.0997 0.000382142
-3.08968 0.000392916
-3.07966 0.00040399
-3.06965 0.000415374
-3.05963 0.000427075
-3.04962 0.000439103
-3.0396 0.000451466
-3.02959 0.000464174
-3.01957 0.000477235
-3.00955 0.000490661
-2.99954 0.00050446
-2.98952 0.000518643
-2.97951 0.000533221
-2.96949 0.000548204
-2.95948 0.000563603
-2.94946 0.00057943
-2.93944 0.000595697
-2.92943 0.000612415
-2.91941 0.000629597
-2.9094 0.000647256
-2.89938 0.000665404
-2.88937 0.000684055
-2.87935 0.000703222
-2.86933 0.00072292
-2.85932 0.000743163
-2.8493 0.000763966
-2.83929 0.000785344
-2.82927 0.000807313
-2.81926 0.000829888
-2.80924 0.000853087
-2.79922 0.000876925
-2.78921 0.000901421
-2.77919 0.000926592
-2.76918 0.000952456
-2.75916 0.000979033
-2.74915 0.00100634
-2.73913 0.0010344
-2.72911 0.00106323
-2.7191 0.00109285
-2.70908 0.00112329
-2.69907 0.00115456
-2.68905 0.00118668
-2.67904 0.00121969
-2.66902 0.00125361
-2.659 0.00128845
-2.64899 0.00132424
-2.63897 0.00136102
-2.62896 0.00139879
-2.61894 0.0014376
-2.60893 0.00147747
-2.59891 0.00151843
-2.58889 0.0015605
-2.57888 0.00160372
-2.56886 0.00164812
-2.55885 0.00169372
-2.54883 0.00174056
-2.53882 0.00178868
-2.5288 0.0018381
-2.51878 0.00188886
-2.50877 0.001941
-2.49875 0.00199455
-2.48874 0.00204955
-2.47872 0.00210604
-2.46871 0.00216405
-2.45869 0.00222364
-2.44867 0.00228483
-2.43866 0.00234767
-2.42864 0.0024122
-2.41863 0.00247847
-2.40861 0.00254652
-2.3986 0.0026164
-2.38858 0.00268816
-2.37856 0.00276184
-2.36855 0.0028375
-2.35853 0.00291519
-2.34852 0.00299496
-2.3385 0.00307685
-2.32849 0.00316094
-2.31847 0.00324727
-2.30845 0.0033359
-2.29844 0.00342689
-2.28842 0.00352031
-2.27841 0.00361621
-2.26839 0.00371465
-2.25838 0.00381571
-2.24836 0.00391945
-2.23834 0.00402593
-2.22833 0.00413524
-2.21831 0.00424743
-2.2083 0.00436258
-2.19828 0.00448077
-2.18827 0.00460207
-2.17825 0.00472656
-2.16823 0.00485433
-2.15822 0.00498545
-2.1482 0.00512
-2.13819 0.00525809
-2.12817 0.00539978
-2.11816 0.00554518
-2.10814 0.00569437
-2.09812 0.00584744
-2.08811 0.00600451
-2.07809 0.00616566
-2.06808 0.00633099
-2.05806 0.0065006
-2.04805 0.00667461
-2.03803 0.00685312
-2.02801 0.00703624
-2.018 0.00722409
-2.00798 0.00741676
-1.99797 0.0076144
-1.98795 0.00781711
-1.97794 0.00802501
-1.96792 0.00823824
-1.9579 0.00845692
-1.94789 0.00868118
-1.93787 0.00891115
-1.92786 0.00914698
-1.91784 0.00938879
-1.90783 0.00963674
-1.89781 0.00989097
-1.88779 0.0101516
-1.87778 0.0104188
-1.86776 0.0106928
-1.85775 0.0109736
-1.84773 0.0112615
-1.83772 0.0115566
-1.8277 0.0118591
-1.81768 0.0121691
-1.80767 0.0124869
-1.79765 0.0128125
-1.78764 0.0131463
-1.77762 0.0134883
-1.76761 0.0138387
-1.75759 0.0141978
-1.74757 0.0145657
-1.73756 0.0149427
-1.72754 0.0153289
-1.71753 0.0157245
-1.70751 0.0161298
-1.6975 0.0165449
-1.68748 0.0169702
-1.67746 0.0174057
-1.66745 0.0178517
-1.65743 0.0183085
-1.64742 0.0187763
-1.6374 0.0192553
-1.62739 0.0197458
-1.61737 0.020248
-1.60735 0.0207621
-1.59734 0.0212884
-1.58732 0.0218272
-1.57731 0.0223787
-1.56729 0.0229432
-1.55728 0.0235209
-1.54726 0.0241122
-1.53724 0.0247172
-1.52723 0.0253363
-1.51721 0.0259698
-1.5072 0.0266179
-1.49718 0.027281
-1.48717 0.0279593
-1.47715 0.0286531
-1.46713 0.0293627
-1.45712 0.0300885
-1.4471 0.0308307
-1.43709 0.0315896
-1.42707 0.0323657
-1.41706 0.0331591
-1.40704 0.0339703
-1.39702 0.0347994
-1.38701 0.035647
-1.37699 0.0365133
-1.36698 0.0373986
-1.35696 0.0383032
-1.34695 0.0392276
-1.33693 0.0401721
-1.32691 0.0411369
-1.3169 0.0421226
-1.30688 0.0431293
-1.29687 0.0441575
-1.28685 0.0452075
-1.27684 0.0462797
-1.26682 0.0473744
-1.2568 0.048492
-1.24679 0.0496328
-1.23677 0.0507973
-1.22676 0.0519857
-1.21674 0.0531984
-1.20673 0.0544359
-1.19671 0.0556984
-1.18669 0.0569863
-1.17668 0.0583
-1.16666 0.0596398
-1.15665 0.0610061
-1.14663 0.0623993
-1.13662 0.0638196
-1.1266 0.0652676
-1.11658 0.0667434
-1.10657 0.0682475
-1.09655 0.0697801
-1.08654 0.0713417
-1.07652 0.0729325
-1.06651 0.074553
-1.05649 0.0762033
-1.04647 0.0778839
-1.03646 0.079595
-1.02644 0.081337
-1.01643 0.0831101
-1.00641 0.0849146
-0.996396 0.0867508
-0.98638 0.088619
-0.976364 0.0905195
-0.966349 0.0924525
-0.956333 0.0944182
-0.946317 0.0964168
-0.936302 0.0984487
-0.926286 0.100514
-0.91627 0.102613
-0.906254 0.104745
-0.896239 0.106912
-0.886223 0.109113
-0.876207 0.111347
-0.866192 0.113617
-0.856176 0.11592
-0.84616 0.118258
-0.836144 0.120631
-0.826129 0.123038
-0.816113 0.12548
-0.806097 0.127957
-0.796082 0.130469
-0.786066 0.133014
-0.77605 0.135595
-0.766034 0.13821
-0.756019 0.140859
-0.746003 0.143543
-0.735987 0.146261
-0.725972 0.149012
-0.715956 0.151797
-0.70594 0.154616
-0.695924 0.157468
-0.685909 0.160353
-0.675893 0.16327
-0.665877 0.166219
-0.655862 0.169201
-0.645846 0.172214
-0.63583 0.175257
-0.625814 0.178332
-0.615799 0.181436
-0.605783 0.18457
-0.595767 0.187732
-0.585752 0.190923
-0.575736 0.194141
-0.56572 0.197387
-0.555705 0.200659
-0.545689 0.203956
-0.535673 0.207278
-0.525657 0.210623
-0.515642 0.213992
-0.505626 0.217383
-0.49561 0.220795
-0.485595 0.224228
-0.475579 0.22768
-0.465563 0.23115
-0.455547 0.234637
-0.445532 0.23814
-0.435516 0.241659
-0.4255 0.245191
-0.415485 0.248736
-0.405469 0.252292
-0.395453 0.255859
-0.385437 0.259434
-0.375422 0.263017
-0.365406 0.266607
-0.35539 0.270201
-0.345375 0.273798
-0.335359 0.277398
-0.325343 0.280998
-0.315327 0.284597
-0.305312 0.288194
-0.295296 0.291787
-0.28528 0.295374
-0.275265 0.298955
-0.265249 0.302526
-0.255233 0.306088
-0.245217 0.309638
-0.235202 0.313174
-0.225186 0.316695
-0.21517 0.320199
-0.205155 0.323685
-0.195139 0.327151
-0.185123 0.330596
-0.175107 0.334016
-0.165092 0.337412
-0.155076 0.340781
-0.14506 0.344122
-0.135045 0.347432
-0.125029 0.350711
-0.115013 0.353956
-0.104997 0.357166
-0.0949817 0.36034
-0.084966 0.363475
-0.0749503 0.366571
-0.0649346 0.369625
-0.0549188 0.372636
-0.0449031 0.375603
-0.0348874 0.378523
-0.0248717 0.381396
-0.014856 0.38422
-0.00484027 0.386993
0.00517544 0.389715
0.0151912 0.392383
0.0252069 0.394997
0.0352226 0.397555
0.0452383 0.400055
0.055254 0.402498
0.0652697 0.404881
0.0752854 0.407203
0.0853011 0.409463
0.0953169 0.41166
0.105333 0.413794
0.115348 0.415863
0.125364 0.417866
0.13538 0.419802
0.145395 0.421671
0.155411 0.423471
0.165427 0.425203
0.175443 0.426865
0.185458 0.428457
0.195474 0.429978
0.20549 0.431427
0.215505 0.432805
0.225521 0.43411
0.235537 0.435342
0.245553 0.436502
0.255568 0.437589
0.265584 0.438602
0.2756 0.439541
0.285615 0.440407
0.295631 0.441199
0.305647 0.441917
0.315663 0.442561
0.325678 0.443132
0.335694 0.44363
0.34571 0.444054
0.355725 0.444405
0.365741 0.444683
0.375757 0.444888
0.385773 0.445022
0.395788 0.445084
0.405804 0.445075
0.41582 0.444995
0.425835 0.444844
0.435851 0.444625
0.445867 0.444336
0.455883 0.443979
0.465898 0.443554
0.475914 0.443062
0.48593 0.442504
0.495945 0.441881
0.505961 0.441193
0.515977 0.440442
0.525993 0.439627
0.536008 0.438751
0.546024 0.437813
0.55604 0.436816
0.566055 0.43576
0.576071 0.434645
0.586087 0.433473
0.596103 0.432245
0.606118 0.430963
0.616134 0.429626
0.62615 0.428236
0.636165 0.426795
0.646181 0.425302
0.656197 0.423761
0.666213 0.422171
0.676228 0.420533
0.686244 0.418849
0.69626 0.41712
0.706275 0.415348
0.716291 0.413532
0.726307 0.411675
0.736323 0.409778
0.746338 0.407841
0.756354 0.405866
0.76637 0.403854
0.776385 0.401806
0.786401 0.399724
0.796417 0.397608
0.806432 0.39546
0.816448 0.39328
0.826464 0.39107
0.83648 0.388831
0.846495 0.386564
0.856511 0.384271
0.866527 0.381951
0.876542 0.379607
0.886558 0.37724
0.896574 0.37485
0.90659 0.372438
0.916605 0.370006
0.926621 0.367555
0.936637 0.365085
0.946652 0.362598
0.956668 0.360094
0.966684 0.357575
0.9767 0.355042
0.986715 0.352495
0.996731 0.349935
1.00675 0.347364
1.01676 0.344782
1.02678 0.34219
1.03679 0.339589
1.04681 0.33698
1.05683 0.334364
1.06684 0.331741
1.07686 0.329112
1.08687 0.326478
1.09689 0.32384
1.1069 0.321199
1.11692 0.318555
1.12694 0.315909
1.13695 0.313262
1.14697 0.310615
1.15698 0.307967
1.167 0.30532
1.17701 0.302675
1.18703 0.300032
1.19705 0.297391
1.20706 0.294754
1.21708 0.29212
1.22709 0.289491
1.23711 0.286867
1.24712 0.284248
1.25714 0.281636
1.26716 0.27903
1.27717 0.27643
1.28719 0.273839
1.2972 0.271255
1.30722 0.268679
1.31723 0.266113
1.32725 0.263555
1.33727 0.261007
1.34728 0.258469
1.3573 0.255942
1.36731 0.253425
1.37733 0.25092
1.38734 0.248425
1.39736 0.245943
1.40738 0.243472
1.41739 0.241014
1.42741 0.238569
1.43742 0.236136
1.44744 0.233717
1.45745 0.231311
1.46747 0.228918
1.47749 0.22654
1.4875 0.224175
1.49752 0.221825
1.50753 0.21949
1.51755 0.217169
1.52756 0.214863
1.53758 0.212573
1.5476 0.210297
1.55761 0.208037
1.56763 0.205792
1.57764 0.203563
1.58766 0.20135
1.59767 0.199152
1.60769 0.196971
1.61771 0.194806
1.62772 0.192657
1.63774 0.190524
1.64775 0.188407
1.65777 0.186307
1.66778 0.184224
1.6778 0.182157
1.68782 0.180107
1.69783 0.178073
1.70785 0.176056
1.71786 0.174056
1.72788 0.172072
1.73789 0.170105
1.74791 0.168155
1.75793 0.166222
1.76794 0.164306
1.77796 0.162406
1.78797 0.160523
1.79799 0.158657
1.808 0.156808
1.81802 0.154976
1.82804 0.15316
1.83805 0.151361
1.84807 0.149578
1.85808 0.147812
1.8681 0.146063
1.87811 0.144331
1.88813 0.142614
1.89815 0.140915
1.90816 0.139231
1.91818 0.137564
1.92819 0.135914
1.93821 0.134279
1.94822 0.132661
1.95824 0.131059
1.96826 0.129472
1.97827 0.127902
1.98829 0.126348
1.9983 0.124809
2.00832 0.123286
2.01833 0.121779
2.02835 0.120287
2.03837 0.118811
2.04838 0.11735
2.0584 0.115904
2.06841 0.114474
2.07843 0.113059
2.08844 0.111659
2.09846 0.110273
2.10848 0.108903
2.11849 0.107547
2.12851 0.106206
2.13852 0.104879
2.14854 0.103567
2.15855 0.102269
2.16857 0.100985
2.17859 0.0997158
2.1886 0.0984603
2.19862 0.0972187
2.20863 0.0959909
2.21865 0.0947768
2.22866 0.0935763
2.23868 0.0923893
2.2487 0.0912157
2.25871 0.0900554
2.26873 0.0889082
2.27874 0.0877741
2.28876 0.0866529
2.29877 0.0855446
2.30879 0.084449
2.31881 0.083366
2.32882 0.0822955
2.33884 0.0812374
2.34885 0.0801917
2.35887 0.0791581
2.36888 0.0781366
2.3789 0.077127
2.38892 0.0761293
2.39893 0.0751434
2.40895 0.0741691
2.41896 0.0732063
2.42898 0.0722549
2.43899 0.0713149
2.44901 0.070386
2.45903 0.0694683
2.46904 0.0685616
2.47906 0.0676657
2.48907 0.0667806
2.49909 0.0659062
2.5091 0.0650423
2.51912 0.0641889
2.52914 0.0633459
2.53915 0.0625131
2.54917 0.0616905
2.55918 0.0608779
2.5692 0.0600752
2.57921 0.0592824
2.58923 0.0584993
2.59925 0.0577258
2.60926 0.0569619
2.61928 0.0562074
2.62929 0.0554623
2.63931 0.0547264
2.64932 0.0539996
2.65934 0.0532819
2.66936 0.0525731
2.67937 0.0518731
2.68939 0.0511819
2.6994 0.0504994
2.70942 0.0498254
2.71943 0.0491599
2.72945 0.0485027
2.73947 0.0478539
2.74948 0.0472132
2.7595 0.0465806
2.76951 0.045956
2.77953 0.0453394
2.78954 0.0447305
2.79956 0.0441295
2.80958 0.043536
2.81959 0.0429502
2.82961 0.0423718
2.83962 0.0418008
2.84964 0.0412371
2.85965 0.0406806
2.86967 0.0401313
2.87969 0.039589
2.8897 0.0390538
2.89972 0.0385254
2.90973 0.0380038
2.91975 0.037489
2.92976 0.0369808
2.93978 0.0364792
2.9498 0.0359841
2.95981 0.0354954
2.96983 0.0350131
2.97984 0.034537
2.98986 0.0340672
2.99987 0.0336034
3.00989 0.0331458
3.01991 0.0326941
3.02992 0.0322483
3.03994 0.0318083
3.04995 0.0313741
3.05997 0.0309456
3.06998 0.0305227
3.08 0.0301054
3.09002 0.0296936
3.10003 0.0292872
3.11005 0.0288861
3.12006 0.0284904
3.13008 0.0280998
3.14009 0.0277145
3.15011 0.0273342
3.16013 0.026959
3.17014 0.0265887
3.18016 0.0262234
3.19017 0.0258629
3.20019 0.0255072
3.2102 0.0251562
3.22022 0.0248099
3.23024 0.0244682
3.24025 0.0241311
3.25027 0.0237984
3.26028 0.0234702
3.2703 0.0231464
3.28031 0.0228269
3.29033 0.0225117
3.30035 0.0222007
3.31036 0.0218939
3.32038 0.0215912
3.33039 0.0212926
3.34041 0.020998
3.35042 0.0207073
3.36044 0.0204206
3.37046 0.0201377
3.38047 0.0198586
3.39049 0.0195833
3.4005 0.0193117
3.41052 0.0190438
3.42053 0.0187795
3.43055 0.0185187
3.44057 0.0182615
3.45058 0.0180078
3.4606 0.0177575
3.47061 0.0175106
3.48063 0.017267
3.49064 0.0170268
3.50066 0.0167898
3.51068 0.016556
3.52069 0.0163255
3.53071 0.016098
3.54072 0.0158736
3.55074 0.0156523
3.56075 0.0154341
3.57077 0.0152187
3.58079 0.0150064
3.5908 0.0147969
3.60082 0.0145903
3.61083 0.0143865
3.62085 0.0141855
3.63086 0.0139872
3.64088 0.0137917
3.6509 0.0135988
3.66091 0.0134086
3.67093 0.013221
3.68094 0.0130359
3.69096 0.0128534
3.70097 0.0126734
3.71099 0.0124959
3.72101 0.0123208
3.73102 0.0121481
3.74104 0.0119778
3.75105 0.0118098
3.76107 0.0116442
3.77108 0.0114808
3.7811 0.0113197
3.79112 0.0111608
3.80113 0.0110041
3.81115 0.0108495
3.82116 0.0106971
3.83118 0.0105468
3.84119 0.0103986
3.85121 0.0102524
3.86123 0.0101082
3.87124 0.00996603
3.88126 0.00982582
3.89127 0.00968756
3.90129 0.00955121
3.9113 0.00941674
3.92132 0.00928414
3.93134 0.00915338
3.94135 0.00902443
3.95137 0.00889727
3.96138 0.00877187
3.9714 0.00864822
3.98141 0.00852628
3.99143 0.00840604
4.00145 0.00828746
4.01146 0.00817054
4.02148 0.00805524
4.03149 0.00794155
4.04151 0.00782944
4.05152 0.00771888
4.06154 0.00760987
4.07156 0.00750238
4.08157 0.00739638
4.09159 0.00729186
4.1016 0.0071888
4.11162 0.00708718
4.12163 0.00698698
4.13165 0.00688817
4.14167 0.00679074
4.15168 0.00669467
4.1617 0.00659995
4.17171 0.00650655
4.18173 0.00641445
4.19174 0.00632365
4.20176 0.00623411
4.21177 0.00614582
4.22179 0.00605877
4.23181 0.00597294
4.24182 0.00588831
4.25184 0.00580487
4.26185 0.0057226
4.27187 0.00564147
4.28188 0.00556149
4.2919 0.00548263
4.30192 0.00540487
4.31193 0.0053282
4.32195 0.00525261
4.33196 0.00517808
4.34198 0.0051046
4.35199 0.00503215
4.36201 0.00496071
4.37203 0.00489028
4.38204 0.00482084
4.39206 0.00475238
4.40207 0.00468488
4.41209 0.00461833
4.4221 0.00455271
4.43212 0.00448802
4.44214 0.00442423
4.45215 0.00436135
4.46217 0.00429935
4.47218 0.00423822
4.4822 0.00417796
4.49221 0.00411854
4.50223 0.00405996
4.51225 0.00400221
4.52226 0.00394527
4.53228 0.00388914
4.54229 0.00383379
4.55231 0.00377923
4.56232 0.00372543
4.57234 0.0036724
4.58236 0.00362011
4.59237 0.00356857
4.60239 0.00351775
4.6124 0.00346765
4.62242 0.00341825
4.63243 0.00336955
4.64245 0.00332155
4.65247 0.00327422
4.66248 0.00322756
4.6725 0.00318156
4.68251 0.00313621
4.69253 0.0030915
4.70254 0.00304742
4.71256 0.00300397
4.72258 0.00296113
4.73259 0.0029189
4.74261 0.00287727
4.75262 0.00283622
4.76264 0.00279576
4.77265 0.00275587
4.78267 0.00271655
4.79269 0.00267778
4.8027 0.00263956
4.81272 0.00260189
4.82273 0.00256475
4.83275 0.00252813
4.84276 0.00249204
4.85278 0.00245645
4.8628 0.00242137
4.87281 0.00238679
4.88283 0.0023527
4.89284 0.00231909
4.90286 0.00228596
4.91287 0.00225331
4.92289 0.00222111
4.93291 0.00218937
4.94292 0.00215808
4.95294 0.00212724
4.96295 0.00209683
4.97297 0.00206686
4.98298 0.00203731
4.993 0.00200819
5.00302 0.00197947
5.01303 0.00195117
5.02305 0.00192327
5.03306 0.00189576
5.04308 0.00186865
5.05309 0.00184192
5.06311 0.00181557
5.07313 0.00178959
5.08314 0.00176399
5.09316 0.00173875
5.10317 0.00171387
5.11319 0.00168934
5.1232 0.00166517
5.13322 0.00164133
5.14324 0.00161784
5.15325 0.00159468
5.16327 0.00157185
5.17328 0.00154935
5.1833 0.00152716
5.19331 0.0015053
5.20333 0.00148374
5.21335 0.00146249
5.22336 0.00144155
5.23338 0.0014209
5.24339 0.00140055
5.25341 0.00138048
5.26342 0.00136071
5.27344 0.00134121
5.28346 0.001322
5.29347 0.00130305
5.30349 0.00128438
5.3135 0.00126598
5.32352 0.00124783
5.33353 0.00122995
5.34355 0.00121232
5.35357 0.00119494
5.36358 0.00117781
5.3736 0.00116093
5.38361 0.00114429
5.39363 0.00112788
5.40364 0.00111171
5.41366 0.00109577
5.42368 0.00108005
5.43369 0.00106457
5.44371 0.0010493
5.45372 0.00103425
5.46374 0.00101941
5.47375 0.00100479
5.48377 0.000990379
5.49379 0.000976172
5.5038 0.000962167
5.51382 0.000948363
5.52383 0.000934756
5.53385 0.000921344
5.54386 0.000908124
5.55388 0.000895092
5.5639 0.000882247
5.57391 0.000869586
5.58393 0.000857105
5.59394 0.000844804
5.60396 0.000832678
5.61397 0.000820725
5.62399 0.000808944
5.63401 0.000797331
5.64402 0.000785885
5.65404 0.000774602
5.66405 0.00076348
5.67407 0.000752518
5.68408 0.000741713
5.6941 0.000731062
5.70412 0.000720564
5.71413 0.000710216
5.72415 0.000700017
5.73416 0.000689963
5.74418 0.000680053
5.75419 0.000670286
5.76421 0.000660658
5.77423 0.000651168
5.78424 0.000641814
5.79426 0.000632594
5.80427 0.000623506
5.81429 0.000614548
5.8243 0.000605719
5.83432 0.000597016
5.84434 0.000588438
5.85435 0.000579982
5.86437 0.000571648
5.87438 0.000563434
5.8844 0.000555337
5.89441 0.000547356
5.90443 0.000539489
5.91445 0.000531736
5.92446 0.000524093
5.93448 0.00051656
5.94449 0.000509135
5.95451 0.000501817
5.96452 0.000494603
5.97454 0.000487493
5.98456 0.000480485
5.99457 0.000473578
6.00459 0.000466769
6.0146 0.000460058
6.02462 0.000453444
6.03463 0.000446924
6.04465 0.000440498
6.05467 0.000434164
6.06468 0.000427921
6.0747 0.000421767
6.08471 0.000415702
6.09473 0.000409724
6.10474 0.000403831
6.11476 0.000398024
6.12478 0.000392299
6.13479 0.000386657
6.14481 0.000381095
6.15482 0.000375614
6.16484 0.000370211
6.17485 0.000364886
6.18487 0.000359637
6.19489 0.000354464
6.2049 0.000349365
6.21492 0.000344339
6.22493 0.000339385
6.23495 0.000334502
6.24496 0.00032969
6.25498 0.000324946
6.265 0.000320271
6.27501 0.000315663
6.28503 0.000311121
6.29504 0.000306644
6.30506 0.000302232
6.31507 0.000297883
6.32509 0.000293596
6.33511 0.000289371
6.34512 0.000285207
6.35514 0.000281103
6.36515 0.000277057
6.37517 0.00027307
6.38518 0.00026914
6.3952 0.000265266
6.40522 0.000261448
6.41523 0.000257685
6.42525 0.000253976
6.43526 0.000250321
6.44528 0.000246718
6.45529 0.000243166
6.46531 0.000239666
6.47533 0.000236216
6.48534 0.000232816
6.49536 0.000229464
6.50537 0.000226161
6.51539 0.000222905
6.5254 0.000219696
6.53542 0.000216533
6.54544 0.000213416
6.55545 0.000210343
6.56547 0.000207315
6.57548 0.00020433
6.5855 0.000201388
6.59551 0.000198488
6.60553 0.00019563
6.61555 0.000192813
6.62556 0.000190037
6.63558 0.0001873
6.64559 0.000184603
6.65561 0.000181945
6.66562 0.000179325
6.67564 0.000176743
6.68566 0.000174198
6.69567 0.000171689
