-2.38262 4.87273e-06
-2.29222 6.92275e-06
-2.20182 9.82373e-06
-2.11142 1.39226e-05
-2.02102 1.9704e-05
-1.93062 2.78433e-05
-1.84022 3.92784e-05
-1.74982 5.53063e-05
-1.65942 7.7713e-05
-1.56902 0.000108946
-1.47862 0.000152337
-1.38822 0.000212395
-1.29782 0.000295166
-1.20742 0.000408685
-1.11702 0.000563503
-1.02662 0.000773279
-0.936216 0.00105539
-0.845816 0.00143149
-0.755416 0.0019278
-0.665016 0.00257501
-0.574615 0.00340739
-0.484215 0.00446088
-0.393815 0.00576982
-0.303414 0.00736241
-0.213014 0.00925539
-0.122614 0.011449
-0.0322137 0.013924
0.0581866 0.0166416
0.148587 0.0195476
0.238987 0.0225789
0.329387 0.0256714
0.419788 0.0287659
0.510188 0.0318129
0.600588 0.0347737
0.690988 0.0376203
0.781389 0.0403344
0.871789 0.042905
0.962189 0.0453273
1.05259 0.0476005
1.14299 0.0497268
1.23339 0.0517105
1.32379 0.0535571
1.41419 0.0552728
1.50459 0.0568641
1.59499 0.0583377
1.68539 0.0597001
1.77579 0.0609576
1.86619 0.0621165
1.95659 0.0631826
2.04699 0.0641612
2.13739 0.0650577
2.22779 0.0658769
2.31819 0.0666233
2.40859 0.0673012
2.49899 0.0679147
2.58939 0.0684674
2.67979 0.0689628
2.77019 0.0694043
2.86059 0.0697949
2.95099 0.0701374
3.0414 0.0704345
3.1318 0.0706889
3.2222 0.0709027
3.3126 0.0710783
3.403 0.0712178
3.4934 0.071323
3.5838 0.0713959
3.6742 0.0714382
3.7646 0.0714515
3.855 0.0714374
3.9454 0.0713973
4.0358 0.0713327
4.1262 0.0712448
4.2166 0.0711348
4.307 0.071004
4.3974 0.0708535
4.4878 0.0706842
4.5782 0.0704972
4.6686 0.0702935
4.759 0.0700739
4.8494 0.0698393
4.9398 0.0695906
5.0302 0.0693284
5.1206 0.0690535
5.211 0.0687667
5.3014 0.0684685
5.3918 0.0681597
5.4822 0.0678408
5.5726 0.0675124
5.663 0.067175
5.7534 0.0668293
5.8438 0.0664756
5.9342 0.0661146
6.0246 0.0657465
6.115 0.0653719
6.2054 0.0649912
6.2958 0.0646048
6.3862 0.064213
6.47661 0.0638163
6.56701 0.063415
6.65741 0.0630094
6.74781 0.0625998
6.83821 0.0621866
6.92861 0.06177
7.01901 0.0613503
7.10941 0.0609278
7.19981 0.0605028
7.29021 0.0600754
7.38061 0.059646
7.47101 0.0592147
7.56141 0.0587818
7.65181 0.0583475
7.74221 0.057912
7.83261 0.0574754
7.92301 0.0570379
8.01341 0.0565998
8.10381 0.0561612
8.19421 0.0557222
8.28461 0.055283
8.37501 0.0548438
8.46541 0.0544047
8.55581 0.0539657
8.64621 0.0535272
8.73661 0.0530891
8.82701 0.0526515
8.91741 0.0522147
9.00781 0.0517787
9.09821 0.0513436
9.18861 0.0509095
9.27901 0.0504765
9.36941 0.0500447
9.45981 0.0496142
9.55021 0.049185
9.64061 0.0487573
9.73101 0.0483311
9.82141 0.0479064
9.91181 0.0474834
10.0022 0.0470621
10.0926 0.0466426
10.183 0.0462249
10.2734 0.0458091
10.3638 0.0453952
10.4542 0.0449834
10.5446 0.0445735
10.635 0.0441657
10.7254 0.04376
10.8158 0.0433565
10.9062 0.0429552
10.9966 0.0425562
11.087 0.0421593
11.1774 0.0417648
11.2678 0.0413726
11.3582 0.0409828
11.4486 0.0405953
11.539 0.0402103
11.6294 0.0398276
11.7198 0.0394475
11.8102 0.0390697
11.9006 0.0386945
11.991 0.0383218
12.0814 0.0379516
12.1718 0.0375839
12.2622 0.0372187
12.3526 0.0368561
12.443 0.0364961
12.5334 0.0361386
12.6238 0.0357838
12.7142 0.0354315
12.8046 0.0350818
12.895 0.0347347
12.9854 0.0343902
13.0758 0.0340483
13.1662 0.033709
13.2566 0.0333724
13.347 0.0330383
13.4374 0.0327069
13.5278 0.032378
13.6182 0.0320518
13.7086 0.0317282
13.799 0.0314072
13.8894 0.0310887
13.9798 0.0307729
14.0702 0.0304597
14.1606 0.030149
14.251 0.029841
14.3414 0.0295355
14.4318 0.0292325
14.5222 0.0289322
14.6126 0.0286344
14.703 0.0283391
14.7934 0.0280463
14.8838 0.0277561
14.9742 0.0274684
15.0646 0.0271832
15.155 0.0269006
15.2454 0.0266203
15.3358 0.0263426
15.4262 0.0260673
15.5166 0.0257945
15.607 0.0255242
15.6974 0.0252562
15.7878 0.0249907
15.8782 0.0247276
15.9686 0.0244669
16.059 0.0242085
16.1494 0.0239525
16.2398 0.0236989
16.3302 0.0234477
16.4206 0.0231987
16.511 0.0229521
16.6014 0.0227077
16.6918 0.0224657
16.7822 0.0222259
16.8726 0.0219884
16.963 0.0217531
17.0534 0.0215201
17.1438 0.0212892
17.2342 0.0210606
17.3246 0.0208342
17.415 0.0206099
17.5054 0.0203878
17.5958 0.0201678
17.6862 0.01995
17.7766 0.0197342
17.867 0.0195206
17.9574 0.019309
18.0478 0.0190996
18.1382 0.0188921
18.2286 0.0186867
18.319 0.0184833
18.4094 0.018282
18.4998 0.0180826
18.5902 0.0178852
18.6806 0.0176897
18.771 0.0174962
18.8614 0.0173047
18.9518 0.017115
19.0422 0.0169273
19.1326 0.0167414
19.223 0.0165574
19.3134 0.0163752
19.4038 0.0161949
19.4942 0.0160165
19.5846 0.0158398
19.675 0.0156649
19.7654 0.0154918
19.8558 0.0153205
19.9462 0.0151509
20.0366 0.0149831
20.127 0.0148169
20.2174 0.0146525
20.3078 0.0144898
20.3982 0.0143287
20.4886 0.0141694
20.579 0.0140116
20.6694 0.0138555
20.7598 0.013701
20.8502 0.0135481
20.9406 0.0133968
21.031 0.0132471
21.1214 0.013099
21.2118 0.0129524
21.3022 0.0128073
21.3926 0.0126638
21.483 0.0125217
21.5734 0.0123812
21.6638 0.0122421
21.7542 0.0121045
21.8446 0.0119683
21.935 0.0118336
22.0254 0.0117003
22.1159 0.0115685
22.2063 0.011438
22.2967 0.0113089
22.3871 0.0111812
22.4775 0.0110548
22.5679 0.0109298
22.6583 0.0108062
22.7487 0.0106838
22.8391 0.0105628
22.9295 0.010443
23.0199 0.0103246
23.1103 0.0102074
23.2007 0.0100915
23.2911 0.00997678
23.3815 0.00986334
23.4719 0.00975112
23.5623 0.00964012
23.6527 0.00953032
23.7431 0.0094217
23.8335 0.00931426
23.9239 0.00920799
24.0143 0.00910287
24.1047 0.00899889
24.1951 0.00889605
24.2855 0.00879432
24.3759 0.00869371
24.4663 0.00859419
24.5567 0.00849576
24.6471 0.0083984
24.7375 0.00830211
24.8279 0.00820688
24.9183 0.00811269
25.0087 0.00801953
25.0991 0.0079274
25.1895 0.00783628
25.2799 0.00774616
25.3703 0.00765703
25.4607 0.00756889
25.5511 0.00748172
25.6415 0.00739551
25.7319 0.00731025
25.8223 0.00722594
25.9127 0.00714256
26.0031 0.00706011
26.0935 0.00697857
26.1839 0.00689793
26.2743 0.00681819
26.3647 0.00673933
26.4551 0.00666136
26.5455 0.00658425
26.6359 0.006508
26.7263 0.00643259
26.8167 0.00635803
26.9071 0.00628431
26.9975 0.0062114
27.0879 0.00613932
27.1783 0.00606803
27.2687 0.00599755
27.3591 0.00592786
27.4495 0.00585894
27.5399 0.0057908
27.6303 0.00572343
27.7207 0.00565681
27.8111 0.00559095
27.9015 0.00552582
27.9919 0.00546142
28.0823 0.00539776
28.1727 0.00533481
28.2631 0.00527256
28.3535 0.00521103
28.4439 0.00515018
28.5343 0.00509003
28.6247 0.00503055
28.7151 0.00497175
28.8055 0.00491361
28.8959 0.00485614
28.9863 0.00479931
29.0767 0.00474313
29.1671 0.00468758
29.2575 0.00463267
29.3479 0.00457838
29.4383 0.00452471
29.5287 0.00447165
29.6191 0.00441919
29.7095 0.00436733
29.7999 0.00431606
29.8903 0.00426538
29.9807 0.00421527
30.0711 0.00416574
30.1615 0.00411677
30.2519 0.00406836
30.3423 0.00402051
30.4327 0.0039732
30.5231 0.00392643
30.6135 0.0038802
30.7039 0.0038345
30.7943 0.00378932
30.8847 0.00374466
30.9751 0.00370051
31.0655 0.00365687
31.1559 0.00361373
31.2463 0.00357109
31.3367 0.00352894
31.4271 0.00348727
31.5175 0.00344608
31.6079 0.00340536
31.6983 0.00336512
31.7887 0.00332534
31.8791 0.00328601
31.9695 0.00324714
32.0599 0.00320872
32.1503 0.00317074
32.2407 0.00313321
32.3311 0.0030961
32.4215 0.00305942
32.5119 0.00302317
32.6023 0.00298734
32.6927 0.00295192
32.7831 0.00291691
32.8735 0.00288231
32.9639 0.00284811
33.0543 0.00281431
33.1447 0.00278089
33.2351 0.00274787
33.3255 0.00271523
33.4159 0.00268297
33.5063 0.00265108
33.5967 0.00261956
33.6871 0.00258841
33.7775 0.00255762
33.8679 0.00252719
33.9583 0.00249712
34.0487 0.00246739
34.1391 0.00243802
34.2295 0.00240898
34.3199 0.00238028
34.4103 0.00235192
34.5007 0.00232389
34.5911 0.00229618
34.6815 0.0022688
34.7719 0.00224174
34.8623 0.002215
34.9527 0.00218856
35.0431 0.00216244
35.1335 0.00213662
35.2239 0.00211111
35.3143 0.00208589
35.4047 0.00206097
35.4951 0.00203634
35.5855 0.002012
35.6759 0.00198795
35.7663 0.00196417
35.8567 0.00194068
35.9471 0.00191746
36.0375 0.00189452
36.1279 0.00187184
36.2183 0.00184943
36.3087 0.00182728
36.3991 0.0018054
36.4895 0.00178377
36.5799 0.00176239
36.6703 0.00174127
36.7607 0.0017204
36.8511 0.00169977
36.9415 0.00167938
37.0319 0.00165924
37.1223 0.00163933
37.2127 0.00161966
37.3031 0.00160021
37.3935 0.001581
37.4839 0.00156202
37.5743 0.00154326
37.6647 0.00152472
37.7551 0.0015064
37.8455 0.00148829
37.9359 0.0014704
38.0263 0.00145272
38.1167 0.00143525
38.2071 0.00141799
38.2975 0.00140093
38.3879 0.00138407
38.4783 0.00136742
38.5687 0.00135096
38.6591 0.00133469
38.7495 0.00131862
38.8399 0.00130274
38.9303 0.00128704
39.0207 0.00127154
39.1111 0.00125621
39.2015 0.00124107
39.2919 0.00122611
39.3823 0.00121133
39.4727 0.00119672
39.5631 0.00118228
39.6535 0.00116802
39.7439 0.00115392
39.8343 0.00114
39.9247 0.00112623
40.0151 0.00111264
40.1055 0.0010992
40.1959 0.00108592
40.2863 0.00107281
40.3767 0.00105985
40.4671 0.00104704
40.5575 0.00103438
40.6479 0.00102188
40.7383 0.00100952
40.8287 0.000997316
40.9191 0.000985253
41.0095 0.000973335
41.0999 0.000961559
41.1903 0.000949923
41.2807 0.000938426
41.3711 0.000927066
41.4615 0.000915842
41.5519 0.000904752
41.6423 0.000893795
41.7327 0.000882968
41.8231 0.000872271
41.9135 0.000861701
42.0039 0.000851258
42.0943 0.00084094
42.1847 0.000830746
42.2751 0.000820673
42.3655 0.000810721
42.4559 0.000800888
42.5463 0.000791172
42.6367 0.000781573
42.7271 0.000772089
42.8175 0.000762719
42.9079 0.000753461
42.9983 0.000744314
43.0887 0.000735276
43.1791 0.000726347
43.2695 0.000717525
43.3599 0.000708809
43.4503 0.000700197
43.5407 0.000691689
43.6311 0.000683283
43.7215 0.000674978
43.8119 0.000666772
43.9023 0.000658665
43.9927 0.000650656
44.0831 0.000642742
44.1735 0.000634924
44.2639 0.0006272
44.3543 0.000619568
44.4447 0.000612029
44.5351 0.00060458
44.6255 0.000597221
44.7159 0.00058995
44.8063 0.000582766
44.8967 0.00057567
44.9871 0.000568658
45.0775 0.000561731
45.1679 0.000554888
45.2583 0.000548127
45.3487 0.000541447
45.4391 0.000534848
45.5295 0.000528328
45.6199 0.000521887
45.7103 0.000515524
45.8007 0.000509237
45.8911 0.000503026
45.9815 0.000496891
46.0719 0.000490829
46.1623 0.00048484
46.2527 0.000478924
46.3431 0.000473079
46.4335 0.000467304
46.5239 0.0004616
46.6143 0.000455964
46.7047 0.000450396
46.7951 0.000444896
46.8855 0.000439462
46.9759 0.000434094
47.0663 0.00042879
47.1567 0.000423551
47.2471 0.000418375
47.3375 0.000413262
47.4279 0.000408211
47.5183 0.00040322
47.6087 0.000398291
47.6991 0.00039342
47.7895 0.000388609
47.8799 0.000383856
47.9703 0.000379161
48.0607 0.000374522
48.1511 0.00036994
48.2415 0.000365413
48.3319 0.000360941
48.4223 0.000356523
48.5127 0.000352159
48.6031 0.000347848
48.6935 0.000343588
48.7839 0.000339381
48.8743 0.000335225
48.9647 0.000331119
49.0551 0.000327063
49.1455 0.000323056
49.2359 0.000319097
49.3263 0.000315187
49.4167 0.000311324
49.5071 0.000307508
49.5975 0.000303739
49.6879 0.000300015
49.7783 0.000296337
49.8687 0.000292703
49.9591 0.000289113
50.0495 0.000285567
50.1399 0.000282064
50.2303 0.000278604
50.3207 0.000275186
50.4111 0.000271809
50.5015 0.000268473
50.5919 0.000265178
50.6823 0.000261923
50.7727 0.000258708
50.8631 0.000255532
50.9535 0.000252394
51.0439 0.000249295
51.1343 0.000246233
51.2247 0.000243209
51.3151 0.000240221
51.4055 0.00023727
51.4959 0.000234355
51.5863 0.000231475
51.6767 0.00022863
51.7671 0.00022582
51.8575 0.000223045
51.9479 0.000220303
52.0383 0.000217594
52.1287 0.000214919
52.2191 0.000212276
52.3095 0.000209666
52.3999 0.000207087
52.4903 0.00020454
52.5807 0.000202024
52.6711 0.000199538
52.7615 0.000197083
52.8519 0.000194658
52.9423 0.000192262
53.0327 0.000189896
53.1231 0.000187558
53.2135 0.000185249
53.3039 0.000182969
53.3943 0.000180716
53.4847 0.000178491
53.5751 0.000176293
53.6655 0.000174121
53.7559 0.000171977
53.8463 0.000169858
53.9367 0.000167765
54.0271 0.000165698
54.1175 0.000163657
54.2079 0.00016164
54.2983 0.000159648
54.3887 0.00015768
54.4791 0.000155736
54.5695 0.000153816
54.6599 0.00015192
54.7503 0.000150047
54.8407 0.000148197
54.9311 0.000146369
55.0215 0.000144564
55.1119 0.000142781
55.2023 0.000141019
55.2927 0.000139279
55.3831 0.000137561
55.4735 0.000135864
55.5639 0.000134187
55.6543 0.000132531
55.7447 0.000130895
55.8351 0.000129279
55.9255 0.000127684
56.0159 0.000126107
56.1063 0.00012455
56.1967 0.000123012
56.2871 0.000121493
56.3775 0.000119993
56.4679 0.000118511
56.5583 0.000117047
56.6487 0.000115601
56.7391 0.000114173
56.8296 0.000112762
56.92 0.000111369
57.0104 0.000109992
57.1008 0.000108633
57.1912 0.00010729
57.2816 0.000105964
57.372 0.000104654
57.4624 0.000103361
57.5528 0.000102083
57.6432 0.00010082
57.7336 9.95737e-05
57.824 9.83423e-05
57.9144 9.7126e-05
58.0048 9.59247e-05
58.0952 9.47381e-05
58.1856 9.35661e-05
58.276 9.24085e-05
58.3664 9.12652e-05
58.4568 9.01359e-05
58.5472 8.90205e-05
58.6376 8.79188e-05
58.728 8.68306e-05
58.8184 8.57558e-05
58.9088 8.46943e-05
58.9992 8.36458e-05
59.0896 8.26102e-05
59.18 8.15873e-05
59.2704 8.05771e-05
59.3608 7.95792e-05
59.4512 7.85937e-05
59.5416 7.76202e-05
59.632 7.66588e-05
59.7224 7.57092e-05
59.8128 7.47713e-05
59.9032 7.38449e-05
59.9936 7.29299e-05
60.084 7.20262e-05
60.1744 7.11337e-05
60.2648 7.02521e-05
60.3552 6.93814e-05
60.4456 6.85214e-05
60.536 6.7672e-05
60.6264 6.68331e-05
60.7168 6.60045e-05
60.8072 6.51861e-05
60.8976 6.43778e-05
60.988 6.35795e-05
61.0784 6.2791e-05
61.1688 6.20123e-05
61.2592 6.12431e-05
61.3496 6.04835e-05
61.44 5.97332e-05
61.5304 5.89921e-05
61.6208 5.82602e-05
61.7112 5.75373e-05
61.8016 5.68234e-05
61.892 5.61182e-05
61.9824 5.54218e-05
62.0728 5.47339e-05
62.1632 5.40545e-05
62.2536 5.33835e-05
62.344 5.27208e-05
62.4344 5.20663e-05
62.5248 5.14199e-05
62.6152 5.07814e-05
62.7056 5.01509e-05
62.796 4.95281e-05
62.8864 4.8913e-05
62.9768 4.83055e-05
63.0672 4.77055e-05
63.1576 4.71129e-05
63.248 4.65276e-05
63.3384 4.59496e-05
63.4288 4.53787e-05
63.5192 4.48149e-05
63.6096 4.4258e-05
63.7 4.3708e-05
63.7904 4.31648e-05
63.8808 4.26284e-05
63.9712 4.20985e-05
64.0616 4.15752e-05
64.152 4.10584e-05
64.2424 4.0548e-05
64.3328 4.00439e-05
64.4232 3.9546e-05
64.5136 3.90543e-05
64.604 3.85686e-05
64.6944 3.8089e-05
64.7848 3.76153e-05
64.8752 3.71475e-05
64.9656 3.66854e-05
65.056 3.62291e-05
65.1464 3.57784e-05
65.2368 3.53333e-05
65.3272 3.48937e-05
65.4176 3.44596e-05
65.508 3.40308e-05
65.5984 3.36073e-05
65.6888 3.31891e-05
65.7792 3.2776e-05
65.8696 3.23681e-05
65.96 3.19652e-05
66.0504 3.15673e-05
66.1408 3.11744e-05
66.2312 3.07863e-05
66.3216 3.0403e-05
66.412 3.00244e-05
66.5024 2.96506e-05
66.5928 2.92814e-05
66.6832 2.89167e-05
66.7736 2.85566e-05
66.864 2.82009e-05
66.9544 2.78497e-05
67.0448 2.75028e-05
67.1352 2.71602e-05
67.2256 2.68218e-05
67.316 2.64877e-05
67.4064 2.61577e-05
67.4968 2.58317e-05
67.5872 2.55099e-05
67.6776 2.5192e-05
67.768 2.4878e-05
67.8584 2.4568e-05
67.9488 2.42618e-05
68.0392 2.39594e-05
68.1296 2.36607e-05
68.22 2.33658e-05
68.3104 2.30745e-05
68.4008 2.27868e-05
68.4912 2.25027e-05
68.5816 2.22221e-05
68.672 2.1945e-05
68.7624 2.16714e-05
68.8528 2.14011e-05
68.9432 2.11342e-05
69.0336 2.08706e-05
69.124 2.06103e-05
69.2144 2.03532e-05
69.3048 2.00994e-05
69.3952 1.98486e-05
69.4856 1.9601e-05
69.576 1.93564e-05
69.6664 1.91149e-05
69.7568 1.88764e-05
69.8472 1.86409e-05
69.9376 1.84082e-05
70.028 1.81785e-05
70.1184 1.79516e-05
70.2088 1.77276e-05
70.2992 1.75063e-05
70.3896 1.72878e-05
70.48 1.7072e-05
70.5704 1.68589e-05
70.6608 1.66484e-05
70.7512 1.64405e-05
70.8416 1.62352e-05
70.932 1.60325e-05
71.0224 1.58323e-05
71.1128 1.56346e-05
71.2032 1.54393e-05
71.2936 1.52465e-05
71.384 1.50561e-05
71.4744 1.4868e-05
71.5648 1.46823e-05
71.6552 1.44989e-05
71.7456 1.43178e-05
71.836 1.41389e-05
71.9264 1.39622e-05
72.0168 1.37878e-05
72.1072 1.36155e-05
72.1976 1.34454e-05
72.288 1.32774e-05
72.3784 1.31114e-05
72.4688 1.29476e-05
72.5592 1.27857e-05
72.6496 1.26259e-05
72.74 1.24681e-05
72.8304 1.23123e-05
72.9208 1.21583e-05
73.0112 1.20063e-05
73.1016 1.18562e-05
73.192 1.1708e-05
73.2824 1.15616e-05
73.3728 1.1417e-05
73.4632 1.12743e-05
73.5536 1.11333e-05
73.644 1.09941e-05
73.7344 1.08566e-05
73.8248 1.07208e-05
73.9152 1.05867e-05
74.0056 1.04543e-05
74.096 1.03235e-05
74.1864 1.01943e-05
74.2768 1.00668e-05
74.3672 9.94086e-06
74.4576 9.81648e-06
74.548 9.69366e-06
74.6384 9.57237e-06
74.7288 9.45258e-06
74.8192 9.3343e-06
74.9096 9.21748e-06
75 9.10212e-06
75.0904 8.9882e-06
75.1808 8.8757e-06
75.2712 8.76461e-06
75.3616 8.6549e-06
75.452 8.54656e-06
75.5424 8.43956e-06
75.6328 8.33391e-06
75.7232 8.22957e-06
75.8136 8.12653e-06
75.904 8.02478e-06
75.9944 7.92429e-06
76.0848 7.82506e-06
76.1752 7.72707e-06
76.2656 7.6303e-06
76.356 7.53474e-06
76.4464 7.44037e-06
76.5368 7.34718e-06
76.6272 7.25515e-06
76.7176 7.16428e-06
76.808 7.07453e-06
76.8984 6.9859e-06
76.9888 6.89839e-06
77.0792 6.81196e-06
77.1696 6.72661e-06
77.26 6.64233e-06
77.3504 6.5591e-06
77.4408 6.47691e-06
77.5312 6.39575e-06
77.6216 6.3156e-06
77.712 6.23645e-06
77.8024 6.15828e-06
77.8928 6.0811e-06
77.9832 6.00488e-06
78.0736 5.92961e-06
78.164 5.85528e-06
78.2544 5.78188e-06
78.3448 5.7094e-06
78.4352 5.63782e-06
78.5256 5.56714e-06
78.616 5.49734e-06
78.7064 5.42841e-06
78.7968 5.36034e-06
78.8872 5.29313e-06
78.9776 5.22675e-06
79.068 5.1612e-06
79.1584 5.09647e-06
79.2488 5.03256e-06
79.3392 4.96944e-06
79.4296 4.90711e-06
79.52 4.84556e-06
79.6104 4.78477e-06
79.7008 4.72475e-06
79.7912 4.66548e-06
79.8816 4.60695e-06
79.972 4.54915e-06
80.0624 4.49208e-06
80.1528 4.43571e-06
80.2432 4.38006e-06
80.3336 4.3251e-06
80.424 4.27082e-06
80.5144 4.21723e-06
80.6048 4.1643e-06
80.6952 4.11204e-06
80.7856 4.06043e-06
80.876 4.00947e-06
80.9664 3.95914e-06
81.0568 3.90945e-06
81.1472 3.86037e-06
81.2376 3.81191e-06
81.328 3.76406e-06
81.4184 3.71681e-06
81.5088 3.67014e-06
81.5992 3.62406e-06
81.6896 3.57856e-06
81.78 3.53363e-06
81.8704 3.48926e-06
81.9608 3.44544e-06
82.0512 3.40218e-06
82.1416 3.35945e-06
82.232 3.31726e-06
82.3224 3.2756e-06
82.4128 3.23446e-06
82.5032 3.19383e-06
82.5936 3.15372e-06
82.684 3.1141e-06
82.7744 3.07498e-06
82.8648 3.03636e-06
82.9552 2.99821e-06
83.0456 2.96054e-06
83.136 2.92335e-06
83.2264 2.88662e-06
83.3168 2.85035e-06
83.4072 2.81454e-06
83.4976 2.77917e-06
83.588 2.74425e-06
83.6784 2.70976e-06
83.7688 2.67571e-06
83.8592 2.64208e-06
83.9496 2.60888e-06
84.04 2.57609e-06
84.1304 2.54371e-06
84.2208 2.51174e-06
84.3112 2.48016e-06
84.4016 2.44899e-06
84.492 2.4182e-06
84.5824 2.3878e-06
84.6728 2.35778e-06
84.7632 2.32814e-06
84.8536 2.29887e-06
84.944 2.26997e-06
85.0344 2.24142e-06
85.1248 2.21324e-06
85.2152 2.18541e-06
85.3056 2.15793e-06
85.396 2.13079e-06
85.4864 2.104e-06
85.5768 2.07754e-06
85.6672 2.05141e-06
85.7576 2.02561e-06
85.848 2.00013e-06
85.9384 1.97497e-06
86.0288 1.95013e-06
86.1192 1.9256e-06
86.2096 1.90137e-06
86.3 1.87746e-06
86.3904 1.85384e-06
86.4808 1.83051e-06
86.5712 1.80748e-06
86.6616 1.78474e-06
86.752 1.76229e-06
86.8424 1.74011e-06
86.9328 1.71822e-06
87.0232 1.6966e-06
87.1136 1.67525e-06
87.204 1.65416e-06
87.2944 1.63335e-06
87.3848 1.61279e-06
87.4752 1.59249e-06
87.5656 1.57245e-06
87.656 1.55266e-06
87.7464 1.53311e-06
87.8368 1.51382e-06
87.9272 1.49476e-06
