-1.10738 0.000320927
-0.748593 0.00105238
-0.389804 0.00298911
-0.0310142 0.00697905
0.327775 0.013039
0.686565 0.0198777
1.04535 0.0260016
1.40414 0.0307085
1.76293 0.0339903
2.12172 0.0361152
2.48051 0.0373813
2.8393 0.0380345
3.19809 0.0382576
3.55688 0.0381815
3.91567 0.0378981
4.27446 0.0374723
4.63325 0.0369497
4.99204 0.0363627
5.35083 0.0357344
5.70962 0.0350813
6.06841 0.0344153
6.4272 0.033745
6.78599 0.0330765
7.14478 0.0324142
7.50356 0.0317612
7.86235 0.0311198
8.22114 0.0304913
8.57993 0.0298768
8.93872 0.0292768
9.29751 0.0286918
9.6563 0.0281216
10.0151 0.0275664
10.3739 0.0270259
10.7327 0.0264998
11.0915 0.0259879
11.4502 0.0254899
11.809 0.0250052
12.1678 0.0245336
12.5266 0.0240746
12.8854 0.0236279
13.2442 0.0231929
13.603 0.0227695
13.9618 0.022357
14.3206 0.0219553
14.6794 0.0215638
15.0381 0.0211823
15.3969 0.0208104
15.7557 0.0204477
16.1145 0.0200941
16.4733 0.019749
16.8321 0.0194124
17.1909 0.0190838
17.5497 0.018763
17.9085 0.0184497
18.2672 0.0181438
18.626 0.0178449
18.9848 0.0175528
19.3436 0.0172673
19.7024 0.0169882
20.0612 0.0167153
20.42 0.0164484
20.7788 0.0161874
21.1376 0.0159319
21.4964 0.0156819
21.8551 0.0154373
22.2139 0.0151977
22.5727 0.0149632
22.9315 0.0147335
23.2903 0.0145085
23.6491 0.014288
24.0079 0.014072
24.3667 0.0138604
24.7255 0.0136529
25.0842 0.0134495
25.443 0.0132501
25.8018 0.0130545
26.1606 0.0128627
26.5194 0.0126745
26.8782 0.0124899
27.237 0.0123088
27.5958 0.0121311
27.9546 0.0119566
28.3134 0.0117854
28.6721 0.0116173
29.0309 0.0114523
29.3897 0.0112902
29.7485 0.011131
30.1073 0.0109747
30.4661 0.0108212
30.8249 0.0106703
31.1837 0.0105221
31.5425 0.0103765
31.9012 0.0102333
32.26 0.0100927
32.6188 0.00995441
32.9776 0.0098185
33.3364 0.00968488
33.6952 0.00955351
34.054 0.00942433
34.4128 0.0092973
34.7716 0.00917236
35.1304 0.00904949
35.4891 0.00892862
35.8479 0.00880972
36.2067 0.00869274
36.5655 0.00857765
36.9243 0.00846441
37.2831 0.00835297
37.6419 0.00824331
38.0007 0.00813537
38.3595 0.00802914
38.7182 0.00792457
39.077 0.00782164
39.4358 0.0077203
39.7946 0.00762053
40.1534 0.00752229
40.5122 0.00742556
40.871 0.00733031
41.2298 0.00723651
41.5886 0.00714413
41.9474 0.00705314
42.3061 0.00696352
42.6649 0.00687524
43.0237 0.00678827
43.3825 0.0067026
43.7413 0.0066182
44.1001 0.00653504
44.4589 0.0064531
44.8177 0.00637236
45.1765 0.00629279
45.5352 0.00621439
45.894 0.00613712
46.2528 0.00606096
46.6116 0.0059859
46.9704 0.00591192
47.3292 0.00583899
47.688 0.0057671
48.0468 0.00569623
48.4056 0.00562637
48.7644 0.00555749
49.1231 0.00548958
49.4819 0.00542262
49.8407 0.0053566
50.1995 0.00529149
50.5583 0.00522729
50.9171 0.00516399
51.2759 0.00510155
51.6347 0.00503997
51.9935 0.00497925
52.3522 0.00491935
52.711 0.00486027
53.0698 0.00480199
53.4286 0.00474451
53.7874 0.0046878
54.1462 0.00463187
54.505 0.00457668
54.8638 0.00452224
55.2226 0.00446852
55.5814 0.00441553
55.9401 0.00436324
56.2989 0.00431165
56.6577 0.00426074
57.0165 0.00421051
57.3753 0.00416094
57.7341 0.00411202
58.0929 0.00406375
58.4517 0.00401611
58.8105 0.0039691
59.1692 0.00392269
59.528 0.00387689
59.8868 0.00383169
60.2456 0.00378708
60.6044 0.00374304
60.9632 0.00369957
61.322 0.00365666
61.6808 0.0036143
62.0396 0.00357249
62.3984 0.00353121
62.7571 0.00349046
63.1159 0.00345023
63.4747 0.00341051
63.8335 0.00337129
64.1923 0.00333258
64.5511 0.00329435
64.9099 0.00325661
65.2687 0.00321934
65.6275 0.00318254
65.9862 0.0031462
66.345 0.00311032
66.7038 0.00307489
67.0626 0.0030399
67.4214 0.00300534
67.7802 0.00297122
68.139 0.00293752
68.4978 0.00290424
68.8566 0.00287137
69.2154 0.00283891
69.5741 0.00280684
69.9329 0.00277518
70.2917 0.0027439
70.6505 0.00271301
71.0093 0.00268249
71.3681 0.00265235
71.7269 0.00262257
72.0857 0.00259316
72.4445 0.00256411
72.8032 0.00253541
73.162 0.00250706
73.5208 0.00247906
73.8796 0.00245139
74.2384 0.00242406
74.5972 0.00239705
74.956 0.00237037
75.3148 0.00234402
75.6736 0.00231798
76.0324 0.00229225
76.3911 0.00226683
76.7499 0.00224171
77.1087 0.0022169
77.4675 0.00219238
77.8263 0.00216815
78.1851 0.00214422
78.5439 0.00212056
78.9027 0.00209719
79.2615 0.00207409
79.6202 0.00205127
79.979 0.00202872
80.3378 0.00200643
80.6966 0.0019844
81.0554 0.00196264
81.4142 0.00194113
81.773 0.00191987
82.1318 0.00189887
82.4906 0.00187811
82.8494 0.00185759
83.2081 0.00183731
83.5669 0.00181727
83.9257 0.00179746
84.2845 0.00177788
84.6433 0.00175853
85.0021 0.00173941
85.3609 0.00172051
85.7197 0.00170182
86.0785 0.00168336
86.4372 0.0016651
86.796 0.00164706
87.1548 0.00162922
87.5136 0.0016116
87.8724 0.00159417
88.2312 0.00157694
88.59 0.00155992
88.9488 0.00154308
89.3076 0.00152645
89.6664 0.00151
90.0251 0.00149374
90.3839 0.00147766
90.7427 0.00146177
91.1015 0.00144606
91.4603 0.00143053
91.8191 0.00141518
92.1779 0.0014
92.5367 0.00138499
92.8955 0.00137015
93.2542 0.00135549
93.613 0.00134098
93.9718 0.00132664
94.3306 0.00131247
94.6894 0.00129845
95.0482 0.00128459
95.407 0.00127089
95.7658 0.00125735
96.1246 0.00124395
96.4834 0.00123071
96.8421 0.00121761
97.2009 0.00120466
97.5597 0.00119186
97.9185 0.0011792
98.2773 0.00116668
98.6361 0.0011543
98.9949 0.00114206
99.3537 0.00112996
99.7125 0.00111799
100.071 0.00110616
100.43 0.00109445
100.789 0.00108288
101.148 0.00107144
101.506 0.00106012
101.865 0.00104893
102.224 0.00103786
102.583 0.00102692
102.942 0.00101609
103.3 0.00100539
103.659 0.000994804
104.018 0.000984336
104.377 0.000973983
104.736 0.000963744
105.094 0.000953618
105.453 0.000943603
105.812 0.000933699
106.171 0.000923903
106.529 0.000914215
106.888 0.000904634
107.247 0.000895157
107.606 0.000885785
107.965 0.000876515
108.323 0.000867347
108.682 0.000858278
109.041 0.000849309
109.4 0.000840438
109.759 0.000831664
110.117 0.000822986
110.476 0.000814402
110.835 0.000805911
111.194 0.000797513
111.553 0.000789206
111.911 0.00078099
112.27 0.000772863
112.629 0.000764824
112.988 0.000756872
113.346 0.000749006
113.705 0.000741226
114.064 0.00073353
114.423 0.000725917
114.782 0.000718386
115.14 0.000710937
115.499 0.000703568
115.858 0.000696279
116.217 0.000689069
116.576 0.000681936
116.934 0.000674879
117.293 0.000667899
117.652 0.000660994
118.011 0.000654163
118.37 0.000647406
118.728 0.000640721
119.087 0.000634108
119.446 0.000627566
119.805 0.000621094
120.163 0.000614691
120.522 0.000608357
120.881 0.00060209
121.24 0.000595891
121.599 0.000589757
121.957 0.00058369
122.316 0.000577687
122.675 0.000571748
123.034 0.000565872
123.393 0.000560059
123.751 0.000554308
124.11 0.000548619
124.469 0.000542989
124.828 0.00053742
125.187 0.00053191
125.545 0.000526458
125.904 0.000521064
126.263 0.000515728
126.622 0.000510448
126.98 0.000505224
127.339 0.000500055
127.698 0.000494941
128.057 0.000489881
128.416 0.000484875
128.774 0.000479921
129.133 0.00047502
129.492 0.000470171
129.851 0.000465373
130.21 0.000460625
130.568 0.000455928
130.927 0.00045128
131.286 0.000446681
131.645 0.00044213
132.004 0.000437628
132.362 0.000433173
132.721 0.000428764
133.08 0.000424402
133.439 0.000420086
133.797 0.000415815
134.156 0.000411589
134.515 0.000407407
134.874 0.000403269
135.233 0.000399174
135.591 0.000395122
135.95 0.000391113
136.309 0.000387146
136.668 0.00038322
137.027 0.000379335
137.385 0.000375491
137.744 0.000371687
138.103 0.000367922
138.462 0.000364197
138.821 0.000360511
139.179 0.000356863
139.538 0.000353253
139.897 0.000349681
140.256 0.000346146
140.614 0.000342648
140.973 0.000339186
141.332 0.000335761
141.691 0.000332371
142.05 0.000329016
142.408 0.000325696
142.767 0.00032241
143.126 0.000319159
143.485 0.000315941
143.844 0.000312756
144.202 0.000309605
144.561 0.000306486
144.92 0.0003034
145.279 0.000300345
145.638 0.000297322
145.996 0.000294331
146.355 0.00029137
146.714 0.00028844
147.073 0.00028554
147.431 0.000282671
147.79 0.00027983
148.149 0.000277019
148.508 0.000274238
148.867 0.000271484
149.225 0.00026876
149.584 0.000266063
149.943 0.000263394
150.302 0.000260752
150.661 0.000258138
151.019 0.000255551
151.378 0.00025299
151.737 0.000250455
152.096 0.000247947
152.455 0.000245464
152.813 0.000243007
153.172 0.000240575
153.531 0.000238168
153.89 0.000235786
154.248 0.000233428
154.607 0.000231095
154.966 0.000228785
155.325 0.000226499
155.684 0.000224236
156.042 0.000221997
156.401 0.00021978
156.76 0.000217586
157.119 0.000215415
157.478 0.000213265
157.836 0.000211138
158.195 0.000209033
158.554 0.000206949
158.913 0.000204886
159.272 0.000202844
159.63 0.000200823
159.989 0.000198823
160.348 0.000196843
160.707 0.000194883
161.065 0.000192944
161.424 0.000191024
161.783 0.000189123
162.142 0.000187242
162.501 0.00018538
162.859 0.000183537
163.218 0.000181713
163.577 0.000179907
163.936 0.00017812
164.295 0.000176351
164.653 0.000174599
165.012 0.000172866
165.371 0.00017115
165.73 0.000169452
166.089 0.00016777
166.447 0.000166106
166.806 0.000164459
167.165 0.000162828
167.524 0.000161214
167.882 0.000159617
168.241 0.000158035
168.6 0.000156469
168.959 0.00015492
169.318 0.000153386
169.676 0.000151867
170.035 0.000150364
170.394 0.000148876
170.753 0.000147403
171.112 0.000145945
171.47 0.000144502
171.829 0.000143073
172.188 0.000141659
172.547 0.000140259
172.906 0.000138873
173.264 0.000137501
173.623 0.000136143
173.982 0.000134798
174.341 0.000133468
174.699 0.00013215
175.058 0.000130846
175.417 0.000129555
175.776 0.000128277
176.135 0.000127012
176.493 0.000125759
176.852 0.000124519
177.211 0.000123292
177.57 0.000122077
177.929 0.000120874
178.287 0.000119683
178.646 0.000118504
179.005 0.000117337
179.364 0.000116182
179.723 0.000115038
180.081 0.000113906
180.44 0.000112785
180.799 0.000111676
181.158 0.000110577
181.516 0.00010949
181.875 0.000108413
182.234 0.000107348
182.593 0.000106292
182.952 0.000105248
183.31 0.000104214
183.669 0.00010319
184.028 0.000102177
184.387 0.000101173
184.746 0.00010018
185.104 9.91966e-05
185.463 9.8223e-05
185.822 9.72592e-05
186.181 9.6305e-05
186.54 9.53604e-05
186.898 9.44251e-05
187.257 9.34992e-05
187.616 9.25826e-05
187.975 9.16751e-05
188.333 9.07766e-05
188.692 8.98872e-05
189.051 8.90065e-05
189.41 8.81347e-05
189.769 8.72716e-05
190.127 8.6417e-05
190.486 8.5571e-05
190.845 8.47334e-05
191.204 8.39041e-05
191.563 8.30831e-05
191.921 8.22703e-05
192.28 8.14656e-05
192.639 8.06688e-05
192.998 7.988e-05
193.357 7.9099e-05
193.715 7.83258e-05
194.074 7.75603e-05
194.433 7.68024e-05
194.792 7.6052e-05
195.15 7.53091e-05
195.509 7.45736e-05
195.868 7.38453e-05
196.227 7.31243e-05
196.586 7.24105e-05
196.944 7.17037e-05
197.303 7.10039e-05
197.662 7.03111e-05
198.021 6.96251e-05
198.38 6.8946e-05
198.738 6.82736e-05
199.097 6.76078e-05
199.456 6.69487e-05
199.815 6.62961e-05
200.174 6.56499e-05
200.532 6.50101e-05
200.891 6.43767e-05
201.25 6.37495e-05
201.609 6.31286e-05
201.967 6.25138e-05
202.326 6.1905e-05
202.685 6.13023e-05
203.044 6.07056e-05
203.403 6.01147e-05
203.761 5.95297e-05
204.12 5.89505e-05
204.479 5.8377e-05
204.838 5.78091e-05
205.197 5.72469e-05
205.555 5.66902e-05
205.914 5.61391e-05
206.273 5.55933e-05
206.632 5.50529e-05
206.991 5.45179e-05
207.349 5.39882e-05
207.708 5.34636e-05
208.067 5.29443e-05
208.426 5.24301e-05
208.784 5.19209e-05
209.143 5.14167e-05
209.502 5.09176e-05
209.861 5.04233e-05
210.22 4.99339e-05
210.578 4.94493e-05
210.937 4.89695e-05
211.296 4.84945e-05
211.655 4.8024e-05
212.014 4.75583e-05
212.372 4.70971e-05
212.731 4.66404e-05
213.09 4.61883e-05
213.449 4.57405e-05
213.808 4.52972e-05
214.166 4.48583e-05
214.525 4.44236e-05
214.884 4.39932e-05
215.243 4.35671e-05
215.601 4.31451e-05
215.96 4.27273e-05
216.319 4.23136e-05
216.678 4.19039e-05
217.037 4.14983e-05
217.395 4.10967e-05
217.754 4.0699e-05
218.113 4.03051e-05
218.472 3.99152e-05
218.831 3.95291e-05
219.189 3.91467e-05
219.548 3.87682e-05
219.907 3.83933e-05
220.266 3.80221e-05
220.625 3.76545e-05
220.983 3.72905e-05
221.342 3.69301e-05
221.701 3.65733e-05
222.06 3.62199e-05
222.418 3.587e-05
222.777 3.55235e-05
223.136 3.51804e-05
223.495 3.48406e-05
223.854 3.45042e-05
224.212 3.41711e-05
224.571 3.38412e-05
224.93 3.35146e-05
225.289 3.31911e-05
225.648 3.28708e-05
226.006 3.25537e-05
226.365 3.22396e-05
226.724 3.19286e-05
227.083 3.16207e-05
227.442 3.13157e-05
227.8 3.10138e-05
228.159 3.07148e-05
228.518 3.04187e-05
228.877 3.01254e-05
229.235 2.98351e-05
229.594 2.95476e-05
229.953 2.92629e-05
230.312 2.89809e-05
230.671 2.87018e-05
231.029 2.84253e-05
231.388 2.81515e-05
231.747 2.78805e-05
232.106 2.7612e-05
232.465 2.73462e-05
232.823 2.70829e-05
233.182 2.68222e-05
233.541 2.65641e-05
233.9 2.63085e-05
234.259 2.60554e-05
234.617 2.58047e-05
234.976 2.55565e-05
235.335 2.53106e-05
235.694 2.50672e-05
236.052 2.48262e-05
236.411 2.45875e-05
236.77 2.43511e-05
237.129 2.4117e-05
237.488 2.38852e-05
237.846 2.36556e-05
238.205 2.34283e-05
238.564 2.32032e-05
238.923 2.29803e-05
239.282 2.27595e-05
239.64 2.25409e-05
239.999 2.23244e-05
240.358 2.211e-05
240.717 2.18977e-05
241.076 2.16875e-05
241.434 2.14793e-05
241.793 2.12731e-05
242.152 2.10689e-05
242.511 2.08667e-05
242.869 2.06665e-05
243.228 2.04682e-05
243.587 2.02719e-05
243.946 2.00774e-05
244.305 1.98848e-05
244.663 1.96941e-05
245.022 1.95053e-05
245.381 1.93182e-05
245.74 1.9133e-05
246.099 1.89496e-05
246.457 1.8768e-05
246.816 1.85881e-05
247.175 1.841e-05
247.534 1.82335e-05
247.893 1.80588e-05
248.251 1.78858e-05
248.61 1.77145e-05
248.969 1.75448e-05
249.328 1.73768e-05
249.686 1.72104e-05
250.045 1.70456e-05
250.404 1.68824e-05
250.763 1.67208e-05
251.122 1.65607e-05
251.48 1.64022e-05
251.839 1.62452e-05
252.198 1.60898e-05
252.557 1.59358e-05
252.916 1.57833e-05
253.274 1.56324e-05
253.633 1.54828e-05
253.992 1.53347e-05
254.351 1.51881e-05
254.71 1.50428e-05
255.068 1.4899e-05
255.427 1.47566e-05
255.786 1.46155e-05
256.145 1.44758e-05
256.503 1.43374e-05
256.862 1.42004e-05
257.221 1.40647e-05
257.58 1.39303e-05
257.939 1.37972e-05
258.297 1.36654e-05
258.656 1.35349e-05
259.015 1.34056e-05
259.374 1.32776e-05
259.733 1.31508e-05
260.091 1.30252e-05
260.45 1.29008e-05
260.809 1.27777e-05
261.168 1.26557e-05
261.527 1.25349e-05
261.885 1.24153e-05
262.244 1.22968e-05
262.603 1.21794e-05
262.962 1.20632e-05
263.32 1.19481e-05
263.679 1.18342e-05
264.038 1.17213e-05
264.397 1.16095e-05
264.756 1.14988e-05
265.114 1.13891e-05
265.473 1.12805e-05
265.832 1.1173e-05
266.191 1.10664e-05
266.55 1.09609e-05
266.908 1.08565e-05
267.267 1.0753e-05
267.626 1.06505e-05
267.985 1.0549e-05
268.344 1.04485e-05
268.702 1.0349e-05
269.061 1.02504e-05
269.42 1.01527e-05
269.779 1.0056e-05
270.137 9.96027e-06
270.496 9.86541e-06
270.855 9.77147e-06
271.214 9.67844e-06
271.573 9.58629e-06
271.931 9.49503e-06
272.29 9.40465e-06
272.649 9.31514e-06
273.008 9.22648e-06
273.367 9.13868e-06
273.725 9.05172e-06
274.084 8.96559e-06
274.443 8.8803e-06
274.802 8.79582e-06
275.161 8.71215e-06
275.519 8.62928e-06
275.878 8.54721e-06
276.237 8.46593e-06
276.596 8.38543e-06
276.954 8.3057e-06
277.313 8.22673e-06
277.672 8.14852e-06
278.031 8.07107e-06
278.39 7.99435e-06
278.748 7.91837e-06
279.107 7.84312e-06
279.466 7.76859e-06
279.825 7.69478e-06
280.184 7.62167e-06
280.542 7.54926e-06
280.901 7.47755e-06
281.26 7.40652e-06
281.619 7.33617e-06
281.978 7.2665e-06
282.336 7.1975e-06
282.695 7.12915e-06
283.054 7.06146e-06
283.413 6.99442e-06
283.771 6.92802e-06
284.13 6.86226e-06
284.489 6.79713e-06
284.848 6.73261e-06
285.207 6.66872e-06
285.565 6.60544e-06
285.924 6.54276e-06
286.283 6.48069e-06
286.642 6.4192e-06
287.001 6.35831e-06
287.359 6.298e-06
287.718 6.23826e-06
288.077 6.1791e-06
288.436 6.1205e-06
288.795 6.06246e-06
289.153 6.00498e-06
289.512 5.94805e-06
289.871 5.89166e-06
290.23 5.83581e-06
290.588 5.78049e-06
290.947 5.7257e-06
291.306 5.67144e-06
291.665 5.61769e-06
292.024 5.56446e-06
292.382 5.51173e-06
292.741 5.45951e-06
293.1 5.40779e-06
293.459 5.35656e-06
293.818 5.30582e-06
294.176 5.25557e-06
294.535 5.20579e-06
294.894 5.15649e-06
295.253 5.10766e-06
295.612 5.0593e-06
295.97 5.0114e-06
296.329 4.96396e-06
296.688 4.91696e-06
297.047 4.87042e-06
297.405 4.82432e-06
297.764 4.77866e-06
298.123 4.73344e-06
298.482 4.68864e-06
298.841 4.64428e-06
299.199 4.60034e-06
299.558 4.55681e-06
299.917 4.5137e-06
300.276 4.471e-06
300.635 4.42871e-06
300.993 4.38683e-06
301.352 4.34534e-06
301.711 4.30424e-06
302.07 4.26354e-06
302.429 4.22323e-06
302.787 4.1833e-06
303.146 4.14375e-06
303.505 4.10458e-06
303.864 4.06578e-06
304.222 4.02735e-06
304.581 3.98928e-06
304.94 3.95158e-06
305.299 3.91424e-06
305.658 3.87725e-06
306.016 3.84061e-06
306.375 3.80433e-06
306.734 3.76839e-06
307.093 3.73279e-06
307.452 3.69753e-06
307.81 3.6626e-06
308.169 3.62801e-06
308.528 3.59375e-06
308.887 3.55981e-06
309.246 3.52619e-06
309.604 3.4929e-06
309.963 3.45992e-06
310.322 3.42726e-06
310.681 3.3949e-06
311.039 3.36286e-06
311.398 3.33111e-06
311.757 3.29967e-06
312.116 3.26853e-06
312.475 3.23769e-06
312.833 3.20713e-06
313.192 3.17687e-06
313.551 3.1469e-06
313.91 3.11721e-06
314.269 3.0878e-06
314.627 3.05867e-06
314.986 3.02982e-06
315.345 3.00124e-06
315.704 2.97294e-06
316.063 2.9449e-06
316.421 2.91713e-06
316.78 2.88962e-06
317.139 2.86238e-06
317.498 2.83539e-06
317.856 2.80866e-06
318.215 2.78218e-06
318.574 2.75596e-06
318.933 2.72998e-06
319.292 2.70425e-06
319.65 2.67876e-06
320.009 2.65352e-06
320.368 2.62851e-06
320.727 2.60375e-06
321.086 2.57921e-06
321.444 2.55491e-06
321.803 2.53084e-06
322.162 2.507e-06
322.521 2.48339e-06
322.88 2.45999e-06
323.238 2.43682e-06
323.597 2.41387e-06
323.956 2.39114e-06
324.315 2.36863e-06
324.673 2.34632e-06
325.032 2.32423e-06
325.391 2.30235e-06
325.75 2.28067e-06
326.109 2.2592e-06
326.467 2.23794e-06
326.826 2.21687e-06
327.185 2.19601e-06
327.544 2.17534e-06
327.903 2.15487e-06
328.261 2.13459e-06
328.62 2.1145e-06
328.979 2.09461e-06
329.338 2.0749e-06
329.697 2.05538e-06
330.055 2.03604e-06
330.414 2.01689e-06
330.773 1.99792e-06
331.132 1.97913e-06
331.49 1.96051e-06
331.849 1.94208e-06
332.208 1.92381e-06
332.567 1.90572e-06
332.926 1.8878e-06
333.284 1.87005e-06
333.643 1.85247e-06
334.002 1.83505e-06
334.361 1.8178e-06
334.72 1.80072e-06
335.078 1.78379e-06
335.437 1.76702e-06
335.796 1.75042e-06
336.155 1.73397e-06
336.514 1.71767e-06
336.872 1.70153e-06
337.231 1.68554e-06
337.59 1.66971e-06
337.949 1.65402e-06
338.307 1.63848e-06
338.666 1.62309e-06
339.025 1.60784e-06
339.384 1.59274e-06
339.743 1.57778e-06
340.101 1.56296e-06
340.46 1.54828e-06
340.819 1.53374e-06
341.178 1.51934e-06
341.537 1.50508e-06
341.895 1.49094e-06
342.254 1.47695e-06
342.613 1.46308e-06
342.972 1.44935e-06
343.331 1.43574e-06
343.689 1.42226e-06
344.048 1.40891e-06
344.407 1.39569e-06
344.766 1.38259e-06
345.124 1.36962e-06
345.483 1.35677e-06
345.842 1.34403e-06
346.201 1.33142e-06
346.56 1.31893e-06
346.918 1.30656e-06
347.277 1.2943e-06
347.636 1.28216e-06
347.995 1.27013e-06
348.354 1.25822e-06
348.712 1.24642e-06
349.071 1.23473e-06
349.43 1.22315e-06
349.789 1.21168e-06
350.148 1.20032e-06
350.506 1.18906e-06
350.865 1.17791e-06
351.224 1.16687e-06
351.583 1.15593e-06
351.941 1.14509e-06
352.3 1.13436e-06
352.659 1.12372e-06
353.018 1.11319e-06
353.377 1.10276e-06
353.735 1.09242e-06
354.094 1.08219e-06
354.453 1.07204e-06
354.812 1.062e-06
355.171 1.05205e-06
355.529 1.04219e-06
355.888 1.03243e-06
356.247 1.02275e-06
356.606 1.01317e-06
356.965 1.00368e-06
357.323 9.94279e-07
