-7.37134 0.000140021
-7.35106 0.000143477
-7.33078 0.000147017
-7.3105 0.000150643
-7.29021 0.000154358
-7.26993 0.000158165
-7.24965 0.000162064
-7.22937 0.000166059
-7.20909 0.000170152
-7.18881 0.000174344
-7.16852 0.00017864
-7.14824 0.00018304
-7.12796 0.000187548
-7.10768 0.000192165
-7.0874 0.000196896
-7.06712 0.000201742
-7.04684 0.000206707
-7.02655 0.000211793
-7.00627 0.000217003
-6.98599 0.00022234
-6.96571 0.000227807
-6.94543 0.000233407
-6.92515 0.000239144
-6.90486 0.000245021
-6.88458 0.000251041
-6.8643 0.000257208
-6.84402 0.000263524
-6.82374 0.000269995
-6.80346 0.000276623
-6.78318 0.000283413
-6.76289 0.000290367
-6.74261 0.000297491
-6.72233 0.000304788
-6.70205 0.000312262
-6.68177 0.000319918
-6.66149 0.00032776
-6.64121 0.000335793
-6.62092 0.00034402
-6.60064 0.000352447
-6.58036 0.000361079
-6.56008 0.00036992
-6.5398 0.000378975
-6.51952 0.00038825
-6.49923 0.00039775
-6.47895 0.00040748
-6.45867 0.000417446
-6.43839 0.000427652
-6.41811 0.000438106
-6.39783 0.000448813
-6.37755 0.00045978
-6.35726 0.000471011
-6.33698 0.000482514
-6.3167 0.000494294
-6.29642 0.00050636
-6.27614 0.000518717
-6.25586 0.000531372
-6.23557 0.000544332
-6.21529 0.000557606
-6.19501 0.000571199
-6.17473 0.00058512
-6.15445 0.000599377
-6.13417 0.000613978
-6.11389 0.00062893
-6.0936 0.000644242
-6.07332 0.000659922
-6.05304 0.00067598
-6.03276 0.000692424
-6.01248 0.000709264
-5.9922 0.000726508
-5.97192 0.000744167
-5.95163 0.00076225
-5.93135 0.000780766
-5.91107 0.000799727
-5.89079 0.000819143
-5.87051 0.000839025
-5.85023 0.000859383
-5.82994 0.000880229
-5.80966 0.000901575
-5.78938 0.000923431
-5.7691 0.00094581
-5.74882 0.000968725
-5.72854 0.000992188
-5.70826 0.00101621
-5.68797 0.00104081
-5.66769 0.00106599
-5.64741 0.00109178
-5.62713 0.00111818
-5.60685 0.00114521
-5.58657 0.00117289
-5.56629 0.00120122
-5.546 0.00123023
-5.52572 0.00125993
-5.50544 0.00129034
-5.48516 0.00132147
-5.46488 0.00135334
-5.4446 0.00138597
-5.42431 0.00141937
-5.40403 0.00145357
-5.38375 0.00148857
-5.36347 0.00152441
-5.34319 0.0015611
-5.32291 0.00159866
-5.30263 0.0016371
-5.28234 0.00167646
-5.26206 0.00171674
-5.24178 0.00175798
-5.2215 0.0018002
-5.20122 0.00184341
-5.18094 0.00188764
-5.16065 0.00193291
-5.14037 0.00197925
-5.12009 0.00202669
-5.09981 0.00207524
-5.07953 0.00212493
-5.05925 0.0021758
-5.03897 0.00222786
-5.01868 0.00228114
-4.9984 0.00233567
-4.97812 0.00239149
-4.95784 0.00244861
-4.93756 0.00250708
-4.91728 0.00256691
-4.897 0.00262814
-4.87671 0.00269081
-4.85643 0.00275494
-4.83615 0.00282057
-4.81587 0.00288773
-4.79559 0.00295646
-4.77531 0.0030268
-4.75502 0.00309877
-4.73474 0.00317242
-4.71446 0.00324778
-4.69418 0.0033249
-4.6739 0.00340381
-4.65362 0.00348455
-4.63334 0.00356717
-4.61305 0.0036517
-4.59277 0.00373819
-4.57249 0.00382668
-4.55221 0.00391722
-4.53193 0.00400986
-4.51165 0.00410463
-4.49136 0.00420159
-4.47108 0.00430079
-4.4508 0.00440228
-4.43052 0.0045061
-4.41024 0.00461231
-4.38996 0.00472097
-4.36968 0.00483212
-4.34939 0.00494582
-4.32911 0.00506213
-4.30883 0.0051811
-4.28855 0.0053028
-4.26827 0.00542728
-4.24799 0.00555461
-4.22771 0.00568484
-4.20742 0.00581804
-4.18714 0.00595428
-4.16686 0.00609362
-4.14658 0.00623613
-4.1263 0.00638188
-4.10602 0.00653093
-4.08573 0.00668336
-4.06545 0.00683925
-4.04517 0.00699867
-4.02489 0.00716169
-4.00461 0.00732838
-3.98433 0.00749884
-3.96405 0.00767314
-3.94376 0.00785137
-3.92348 0.0080336
-3.9032 0.00821992
-3.88292 0.00841042
-3.86264 0.00860519
-3.84236 0.00880431
-3.82207 0.00900789
-3.80179 0.00921601
-3.78151 0.00942877
-3.76123 0.00964626
-3.74095 0.0098686
-3.72067 0.0100959
-3.70039 0.0103282
-3.6801 0.0105656
-3.65982 0.0108083
-3.63954 0.0110564
-3.61926 0.01131
-3.59898 0.0115691
-3.5787 0.0118339
-3.55842 0.0121045
-3.53813 0.0123811
-3.51785 0.0126638
-3.49757 0.0129526
-3.47729 0.0132477
-3.45701 0.0135492
-3.43673 0.0138573
-3.41644 0.0141721
-3.39616 0.0144938
-3.37588 0.0148223
-3.3556 0.015158
-3.33532 0.015501
-3.31504 0.0158513
-3.29476 0.0162091
-3.27447 0.0165747
-3.25419 0.016948
-3.23391 0.0173294
-3.21363 0.0177188
-3.19335 0.0181166
-3.17307 0.0185228
-3.15278 0.0189376
-3.1325 0.0193612
-3.11222 0.0197938
-3.09194 0.0202355
-3.07166 0.0206864
-3.05138 0.0211468
-3.0311 0.0216169
-3.01081 0.0220968
-2.99053 0.0225866
-2.97025 0.0230867
-2.94997 0.0235971
-2.92969 0.024118
-2.90941 0.0246498
-2.88913 0.0251924
-2.86884 0.0257462
-2.84856 0.0263113
-2.82828 0.026888
-2.808 0.0274764
-2.78772 0.0280767
-2.76744 0.0286892
-2.74715 0.029314
-2.72687 0.0299514
-2.70659 0.0306016
-2.68631 0.0312648
-2.66603 0.0319411
-2.64575 0.0326309
-2.62547 0.0333344
-2.60518 0.0340517
-2.5849 0.0347831
-2.56462 0.0355289
-2.54434 0.0362892
-2.52406 0.0370642
-2.50378 0.0378543
-2.48349 0.0386596
-2.46321 0.0394804
-2.44293 0.0403168
-2.42265 0.0411692
-2.40237 0.0420377
-2.38209 0.0429227
-2.36181 0.0438242
-2.34152 0.0447427
-2.32124 0.0456782
-2.30096 0.046631
-2.28068 0.0476014
-2.2604 0.0485896
-2.24012 0.0495959
-2.21984 0.0506203
-2.19955 0.0516633
-2.17927 0.0527249
-2.15899 0.0538055
-2.13871 0.0549053
-2.11843 0.0560244
-2.09815 0.0571631
-2.07786 0.0583216
-2.05758 0.0595001
-2.0373 0.0606988
-2.01702 0.0619179
-1.99674 0.0631577
-1.97646 0.0644182
-1.95618 0.0656998
-1.93589 0.0670025
-1.91561 0.0683265
-1.89533 0.0696721
-1.87505 0.0710393
-1.85477 0.0724283
-1.83449 0.0738393
-1.8142 0.0752723
-1.79392 0.0767276
-1.77364 0.0782052
-1.75336 0.0797052
-1.73308 0.0812277
-1.7128 0.0827728
-1.69252 0.0843406
-1.67223 0.0859311
-1.65195 0.0875443
-1.63167 0.0891803
-1.61139 0.0908391
-1.59111 0.0925206
-1.57083 0.0942249
-1.55055 0.0959519
-1.53026 0.0977014
-1.50998 0.0994735
-1.4897 0.101268
-1.46942 0.103085
-1.44914 0.104924
-1.42886 0.106785
-1.40857 0.108668
-1.38829 0.110572
-1.36801 0.112498
-1.34773 0.114444
-1.32745 0.116412
-1.30717 0.1184
-1.28689 0.120408
-1.2666 0.122435
-1.24632 0.124482
-1.22604 0.126548
-1.20576 0.128631
-1.18548 0.130733
-1.1652 0.132852
-1.14491 0.134987
-1.12463 0.137138
-1.10435 0.139305
-1.08407 0.141486
-1.06379 0.143681
-1.04351 0.145889
-1.02323 0.148109
-1.00294 0.15034
-0.982663 0.152582
-0.962381 0.154833
-0.9421 0.157093
-0.921818 0.15936
-0.901537 0.161634
-0.881255 0.163912
-0.860974 0.166195
-0.840692 0.16848
-0.820411 0.170768
-0.800129 0.173055
-0.779848 0.175341
-0.759566 0.177625
-0.739285 0.179905
-0.719003 0.182179
-0.698721 0.184447
-0.67844 0.186706
-0.658158 0.188956
-0.637877 0.191194
-0.617595 0.193419
-0.597314 0.195629
-0.577032 0.197823
-0.556751 0.199999
-0.536469 0.202154
-0.516188 0.204289
-0.495906 0.206399
-0.475625 0.208485
-0.455343 0.210544
-0.435062 0.212575
-0.41478 0.214574
-0.394499 0.216542
-0.374217 0.218476
-0.353936 0.220374
-0.333654 0.222235
-0.313373 0.224057
-0.293091 0.225837
-0.27281 0.227576
-0.252528 0.22927
-0.232247 0.230919
-0.211965 0.23252
-0.191684 0.234073
-0.171402 0.235575
-0.151121 0.237026
-0.130839 0.238424
-0.110558 0.239767
-0.0902761 0.241055
-0.0699945 0.242287
-0.049713 0.243461
-0.0294315 0.244576
-0.00915 0.245632
0.0111315 0.246627
0.031413 0.247561
0.0516945 0.248433
0.0719761 0.249243
0.0922576 0.249989
0.112539 0.250672
0.132821 0.251292
0.153102 0.251847
0.173384 0.252338
0.193665 0.252765
0.213947 0.253127
0.234228 0.253425
0.25451 0.253659
0.274791 0.253829
0.295073 0.253936
0.315354 0.25398
0.335636 0.253961
0.355917 0.253879
0.376199 0.253737
0.39648 0.253534
0.416762 0.25327
0.437043 0.252948
0.457325 0.252567
0.477606 0.252128
0.497888 0.251634
0.518169 0.251083
0.538451 0.250479
0.558732 0.249821
0.579014 0.249111
0.599295 0.24835
0.619577 0.247539
0.639858 0.24668
0.66014 0.245773
0.680421 0.244821
0.700703 0.243823
0.720985 0.242783
0.741266 0.2417
0.761548 0.240576
0.781829 0.239413
0.802111 0.238212
0.822392 0.236974
0.842674 0.235701
0.862955 0.234393
0.883237 0.233053
0.903518 0.231681
0.9238 0.23028
0.944081 0.228849
0.964363 0.227391
0.984644 0.225906
1.00493 0.224397
1.02521 0.222864
1.04549 0.221308
1.06577 0.219731
1.08605 0.218134
1.10633 0.216518
1.12661 0.214884
1.1469 0.213233
1.16718 0.211566
1.18746 0.209885
1.20774 0.208191
1.22802 0.206484
1.2483 0.204766
1.26859 0.203037
1.28887 0.201299
1.30915 0.199552
1.32943 0.197798
1.34971 0.196037
1.36999 0.19427
1.39027 0.192498
1.41056 0.190722
1.43084 0.188942
1.45112 0.187159
1.4714 0.185375
1.49168 0.183589
1.51196 0.181803
1.53225 0.180017
1.55253 0.178232
1.57281 0.176448
1.59309 0.174667
1.61337 0.172888
1.63365 0.171112
1.65393 0.16934
1.67422 0.167572
1.6945 0.165808
1.71478 0.16405
1.73506 0.162298
1.75534 0.160552
1.77562 0.158813
1.7959 0.15708
1.81619 0.155355
1.83647 0.153637
1.85675 0.151928
1.87703 0.150227
1.89731 0.148535
1.91759 0.146852
1.93788 0.145179
1.95816 0.143515
1.97844 0.14186
1.99872 0.140217
2.019 0.138583
2.03928 0.13696
2.05956 0.135348
2.07985 0.133747
2.10013 0.132158
2.12041 0.130579
2.14069 0.129013
2.16097 0.127458
2.18125 0.125915
2.20154 0.124384
2.22182 0.122865
2.2421 0.121358
2.26238 0.119864
2.28266 0.118382
2.30294 0.116913
2.32322 0.115456
2.34351 0.114012
2.36379 0.112581
2.38407 0.111163
2.40435 0.109757
2.42463 0.108365
2.44491 0.106985
2.46519 0.105618
2.48548 0.104264
2.50576 0.102924
2.52604 0.101596
2.54632 0.100281
2.5666 0.0989798
2.58688 0.0976912
2.60717 0.0964156
2.62745 0.095153
2.64773 0.0939034
2.66801 0.0926667
2.68829 0.0914429
2.70857 0.090232
2.72885 0.089034
2.74914 0.0878487
2.76942 0.0866763
2.7897 0.0855165
2.80998 0.0843694
2.83026 0.083235
2.85054 0.0821131
2.87083 0.0810037
2.89111 0.0799067
2.91139 0.0788221
2.93167 0.0777498
2.95195 0.0766898
2.97223 0.0756419
2.99251 0.0746061
3.0128 0.0735824
3.03308 0.0725705
3.05336 0.0715706
3.07364 0.0705824
3.09392 0.069606
3.1142 0.0686412
3.13448 0.0676879
3.15477 0.066746
3.17505 0.0658156
3.19533 0.0648964
3.21561 0.0639884
3.23589 0.0630915
3.25617 0.0622056
3.27646 0.0613306
3.29674 0.0604665
3.31702 0.0596131
3.3373 0.0587704
3.35758 0.0579382
3.37786 0.0571164
3.39814 0.0563051
3.41843 0.055504
3.43871 0.054713
3.45899 0.0539322
3.47927 0.0531613
3.49955 0.0524003
3.51983 0.0516491
3.54012 0.0509076
3.5604 0.0501757
3.58068 0.0494534
3.60096 0.0487404
3.62124 0.0480367
3.64152 0.0473423
3.6618 0.046657
3.68209 0.0459807
3.70237 0.0453133
3.72265 0.0446548
3.74293 0.044005
3.76321 0.0433639
3.78349 0.0427314
3.80377 0.0421073
3.82406 0.0414916
3.84434 0.0408841
3.86462 0.0402849
3.8849 0.0396938
3.90518 0.0391106
3.92546 0.0385354
3.94575 0.037968
3.96603 0.0374083
3.98631 0.0368563
4.00659 0.0363118
4.02687 0.0357748
4.04715 0.0352452
4.06743 0.0347229
4.08772 0.0342078
4.108 0.0336999
4.12828 0.0331989
4.14856 0.0327049
4.16884 0.0322178
4.18912 0.0317375
4.20941 0.0312639
4.22969 0.0307969
4.24997 0.0303364
4.27025 0.0298825
4.29053 0.0294349
4.31081 0.0289936
4.33109 0.0285585
4.35138 0.0281296
4.37166 0.0277067
4.39194 0.0272899
4.41222 0.0268789
4.4325 0.0264738
4.45278 0.0260745
4.47306 0.0256809
4.49335 0.0252928
4.51363 0.0249104
4.53391 0.0245334
4.55419 0.0241618
4.57447 0.0237956
4.59475 0.0234346
4.61504 0.0230789
4.63532 0.0227283
4.6556 0.0223827
4.67588 0.0220421
4.69616 0.0217065
4.71644 0.0213757
4.73672 0.0210498
4.75701 0.0207286
4.77729 0.020412
4.79757 0.0201001
4.81785 0.0197927
4.83813 0.0194898
4.85841 0.0191914
4.8787 0.0188973
4.89898 0.0186075
4.91926 0.018322
4.93954 0.0180407
4.95982 0.0177635
4.9801 0.0174904
5.00038 0.0172213
5.02067 0.0169562
5.04095 0.016695
5.06123 0.0164377
5.08151 0.0161842
5.10179 0.0159344
5.12207 0.0156884
5.14235 0.015446
5.16264 0.0152072
5.18292 0.0149719
5.2032 0.0147402
5.22348 0.0145119
5.24376 0.014287
5.26404 0.0140655
5.28433 0.0138473
5.30461 0.0136324
5.32489 0.0134207
5.34517 0.0132121
5.36545 0.0130067
5.38573 0.0128044
5.40601 0.0126051
5.4263 0.0124088
5.44658 0.0122155
5.46686 0.012025
5.48714 0.0118375
5.50742 0.0116528
5.5277 0.0114708
5.54799 0.0112917
5.56827 0.0111152
5.58855 0.0109414
5.60883 0.0107703
5.62911 0.0106017
5.64939 0.0104357
5.66967 0.0102722
5.68996 0.0101112
5.71024 0.00995265
5.73052 0.00979651
5.7508 0.00964276
5.77108 0.00949134
5.79136 0.00934224
5.81164 0.00919541
5.83193 0.00905083
5.85221 0.00890846
5.87249 0.00876826
5.89277 0.00863021
5.91305 0.00849428
5.93333 0.00836043
5.95362 0.00822863
5.9739 0.00809885
5.99418 0.00797107
6.01446 0.00784526
6.03474 0.00772138
6.05502 0.0075994
6.0753 0.0074793
6.09559 0.00736106
6.11587 0.00724463
6.13615 0.00713
6.15643 0.00701715
6.17671 0.00690603
6.19699 0.00679663
6.21727 0.00668893
6.23756 0.00658289
6.25784 0.00647849
6.27812 0.00637571
6.2984 0.00627452
6.31868 0.0061749
6.33896 0.00607682
6.35925 0.00598027
6.37953 0.00588522
6.39981 0.00579165
6.42009 0.00569953
6.44037 0.00560884
6.46065 0.00551957
6.48093 0.00543168
6.50122 0.00534517
6.5215 0.00526
6.54178 0.00517617
6.56206 0.00509364
6.58234 0.0050124
6.60262 0.00493243
6.62291 0.0048537
6.64319 0.00477621
6.66347 0.00469993
6.68375 0.00462485
6.70403 0.00455094
6.72431 0.00447819
6.74459 0.00440658
6.76488 0.00433609
6.78516 0.00426671
6.80544 0.00419842
6.82572 0.0041312
6.846 0.00406503
6.86628 0.00399991
6.88656 0.00393581
6.90685 0.00387271
6.92713 0.00381061
6.94741 0.00374949
6.96769 0.00368933
6.98797 0.00363012
7.00825 0.00357184
7.02854 0.00351448
7.04882 0.00345803
7.0691 0.00340247
7.08938 0.00334778
7.10966 0.00329396
7.12994 0.00324099
7.15022 0.00318885
7.17051 0.00313754
7.19079 0.00308705
7.21107 0.00303735
7.23135 0.00298844
7.25163 0.0029403
7.27191 0.00289292
7.2922 0.0028463
7.31248 0.00280042
7.33276 0.00275526
7.35304 0.00271082
7.37332 0.00266709
7.3936 0.00262405
7.41388 0.00258169
7.43417 0.00254001
7.45445 0.00249899
7.47473 0.00245862
7.49501 0.0024189
7.51529 0.0023798
7.53557 0.00234133
7.55585 0.00230348
7.57614 0.00226622
7.59642 0.00222956
7.6167 0.00219348
7.63698 0.00215798
7.65726 0.00212305
7.67754 0.00208867
7.69783 0.00205484
7.71811 0.00202155
7.73839 0.00198879
7.75867 0.00195656
7.77895 0.00192484
7.79923 0.00189363
7.81951 0.00186292
7.8398 0.0018327
7.86008 0.00180296
7.88036 0.0017737
7.90064 0.00174491
7.92092 0.00171657
7.9412 0.0016887
7.96149 0.00166127
7.98177 0.00163427
8.00205 0.00160772
8.02233 0.00158158
8.04261 0.00155587
8.06289 0.00153057
8.08317 0.00150568
8.10346 0.00148118
8.12374 0.00145708
8.14402 0.00143337
8.1643 0.00141004
8.18458 0.00138708
8.20486 0.00136449
8.22514 0.00134227
8.24543 0.0013204
8.26571 0.00129889
8.28599 0.00127772
8.30627 0.00125689
8.32655 0.0012364
8.34683 0.00121624
8.36712 0.0011964
8.3874 0.00117688
8.40768 0.00115768
8.42796 0.00113879
8.44824 0.0011202
8.46852 0.00110191
8.4888 0.00108392
8.50909 0.00106622
8.52937 0.0010488
8.54965 0.00103167
8.56993 0.00101481
8.59021 0.000998224
8.61049 0.000981906
8.63078 0.000965853
8.65106 0.000950059
8.67134 0.00093452
8.69162 0.000919233
8.7119 0.000904193
8.73218 0.000889397
8.75246 0.000874841
8.77275 0.00086052
8.79303 0.000846431
8.81331 0.000832571
8.83359 0.000818935
8.85387 0.00080552
8.87415 0.000792323
8.89443 0.000779339
8.91472 0.000766567
8.935 0.000754001
8.95528 0.00074164
8.97556 0.000729479
8.99584 0.000717516
9.01612 0.000705747
9.03641 0.000694169
9.05669 0.000682779
9.07697 0.000671574
9.09725 0.000660552
9.11753 0.000649708
9.13781 0.000639041
9.15809 0.000628548
9.17838 0.000618225
9.19866 0.00060807
9.21894 0.00059808
9.23922 0.000588253
9.2595 0.000578586
9.27978 0.000569076
9.30007 0.000559722
9.32035 0.000550519
9.34063 0.000541467
9.36091 0.000532562
9.38119 0.000523802
9.40147 0.000515185
9.42175 0.000506709
9.44204 0.000498371
9.46232 0.000490168
9.4826 0.0004821
9.50288 0.000474163
9.52316 0.000466356
9.54344 0.000458676
9.56372 0.000451122
9.58401 0.000443691
9.60429 0.000436382
9.62457 0.000429191
9.64485 0.000422119
9.66513 0.000415162
9.68541 0.000408318
9.7057 0.000401587
9.72598 0.000394965
9.74626 0.000388452
9.76654 0.000382045
9.78682 0.000375744
9.8071 0.000369545
9.82738 0.000363448
9.84767 0.00035745
9.86795 0.000351551
9.88823 0.000345748
9.90851 0.000340041
9.92879 0.000334427
9.94907 0.000328904
9.96936 0.000323473
9.98964 0.00031813
10.0099 0.000312875
10.0302 0.000307706
10.0505 0.000302622
10.0708 0.000297621
10.091 0.000292702
10.1113 0.000287864
10.1316 0.000283105
10.1519 0.000278425
10.1722 0.000273821
10.1925 0.000269293
10.2127 0.000264839
10.233 0.000260458
10.2533 0.000256149
10.2736 0.000251911
10.2939 0.000247742
10.3141 0.000243642
10.3344 0.00023961
10.3547 0.000235643
10.375 0.000231742
10.3953 0.000227905
10.4155 0.000224131
10.4358 0.000220419
10.4561 0.000216769
10.4764 0.000213178
10.4967 0.000209646
10.517 0.000206173
10.5372 0.000202756
10.5575 0.000199396
10.5778 0.000196091
10.5981 0.000192841
10.6184 0.000189644
10.6386 0.000186499
10.6589 0.000183407
10.6792 0.000180365
10.6995 0.000177374
10.7198 0.000174432
10.7401 0.000171538
10.7603 0.000168692
10.7806 0.000165893
10.8009 0.00016314
10.8212 0.000160433
10.8415 0.00015777
10.8617 0.000155151
10.882 0.000152575
10.9023 0.000150042
10.9226 0.00014755
10.9429 0.0001451
10.9631 0.00014269
10.9834 0.00014032
11.0037 0.000137989
11.024 0.000135696
11.0443 0.000133442
11.0646 0.000131224
11.0848 0.000129043
11.1051 0.000126899
11.1254 0.000124789
11.1457 0.000122715
11.166 0.000120675
11.1862 0.000118668
11.2065 0.000116695
11.2268 0.000114754
11.2471 0.000112845
11.2674 0.000110968
11.2877 0.000109122
11.3079 0.000107307
11.3282 0.000105521
11.3485 0.000103766
11.3688 0.000102039
11.3891 0.00010034
11.4093 9.86703e-05
11.4296 9.70277e-05
11.4499 9.54124e-05
11.4702 9.38238e-05
11.4905 9.22615e-05
11.5108 9.07251e-05
11.531 8.92141e-05
11.5513 8.77281e-05
11.5716 8.62668e-05
11.5919 8.48297e-05
11.6122 8.34164e-05
11.6324 8.20265e-05
11.6527 8.06596e-05
11.673 7.93154e-05
11.6933 7.79935e-05
11.7136 7.66935e-05
11.7338 7.5415e-05
11.7541 7.41577e-05
11.7744 7.29213e-05
11.7947 7.17054e-05
11.815 7.05097e-05
11.8353 6.93338e-05
11.8555 6.81774e-05
11.8758 6.70402e-05
11.8961 6.59219e-05
11.9164 6.48221e-05
11.9367 6.37406e-05
11.9569 6.26771e-05
11.9772 6.16311e-05
11.9975 6.06026e-05
12.0178 5.95911e-05
12.0381 5.85965e-05
12.0584 5.76183e-05
12.0786 5.66564e-05
12.0989 5.57105e-05
12.1192 5.47803e-05
12.1395 5.38656e-05
12.1598 5.2966e-05
12.18 5.20814e-05
12.2003 5.12115e-05
12.2206 5.03561e-05
12.2409 4.95149e-05
12.2612 4.86877e-05
12.2814 4.78742e-05
12.3017 4.70742e-05
12.322 4.62876e-05
12.3423 4.5514e-05
12.3626 4.47534e-05
12.3829 4.40053e-05
12.4031 4.32697e-05
12.4234 4.25464e-05
12.4437 4.1835e-05
12.464 4.11356e-05
12.4843 4.04477e-05
12.5045 3.97713e-05
12.5248 3.91062e-05
12.5451 3.84521e-05
12.5654 3.7809e-05
12.5857 3.71765e-05
12.606 3.65546e-05
12.6262 3.5943e-05
12.6465 3.53416e-05
12.6668 3.47503e-05
12.6871 3.41688e-05
12.7074 3.35969e-05
12.7276 3.30346e-05
12.7479 3.24817e-05
12.7682 3.1938e-05
12.7885 3.14033e-05
12.8088 3.08776e-05
12.829 3.03606e-05
12.8493 2.98523e-05
12.8696 2.93524e-05
12.8899 2.88608e-05
