-5.79992 8.90579e-06
-5.76866 9.42577e-06
-5.73739 9.9762e-06
-5.70613 1.05589e-05
-5.67486 1.11757e-05
-5.6436 1.18286e-05
-5.61233 1.25198e-05
-5.58106 1.32516e-05
-5.5498 1.40262e-05
-5.51853 1.48463e-05
-5.48727 1.57145e-05
-5.456 1.66336e-05
-5.42473 1.76066e-05
-5.39347 1.86368e-05
-5.3622 1.97274e-05
-5.33094 2.0882e-05
-5.29967 2.21045e-05
-5.26841 2.33988e-05
-5.23714 2.47691e-05
-5.20587 2.62199e-05
-5.17461 2.7756e-05
-5.14334 2.93824e-05
-5.11208 3.11045e-05
-5.08081 3.29279e-05
-5.04954 3.48585e-05
-5.01828 3.69027e-05
-4.98701 3.90672e-05
-4.95575 4.13591e-05
-4.92448 4.3786e-05
-4.89321 4.63559e-05
-4.86195 4.90771e-05
-4.83068 5.19586e-05
-4.79942 5.501e-05
-4.76815 5.82413e-05
-4.73689 6.16631e-05
-4.70562 6.52867e-05
-4.67435 6.9124e-05
-4.64309 7.31878e-05
-4.61182 7.74915e-05
-4.58056 8.20492e-05
-4.54929 8.6876e-05
-4.51802 9.1988e-05
-4.48676 9.74019e-05
-4.45549 0.000103136
-4.42423 0.000109209
-4.39296 0.00011564
-4.3617 0.000122453
-4.33043 0.000129668
-4.29916 0.00013731
-4.2679 0.000145405
-4.23663 0.000153978
-4.20537 0.000163059
-4.1741 0.000172679
-4.14283 0.000182868
-4.11157 0.000193661
-4.0803 0.000205094
-4.04904 0.000217204
-4.01777 0.000230034
-3.9865 0.000243624
-3.95524 0.00025802
-3.92397 0.000273272
-3.89271 0.000289428
-3.86144 0.000306545
-3.83018 0.000324678
-3.79891 0.000343889
-3.76764 0.000364242
-3.73638 0.000385805
-3.70511 0.00040865
-3.67385 0.000432854
-3.64258 0.000458499
-3.61131 0.000485671
-3.58005 0.00051446
-3.54878 0.000544964
-3.51752 0.000577285
-3.48625 0.000611532
-3.45499 0.00064782
-3.42372 0.000686273
-3.39245 0.000727018
-3.36119 0.000770194
-3.32992 0.000815947
-3.29866 0.000864431
-3.26739 0.000915809
-3.23612 0.000970255
-3.20486 0.00102795
-3.17359 0.0010891
-3.14233 0.0011539
-3.11106 0.00122258
-3.0798 0.00129536
-3.04853 0.00137249
-3.01726 0.00145424
-2.986 0.00154088
-2.95473 0.00163271
-2.92347 0.00173003
-2.8922 0.00183319
-2.86093 0.00194252
-2.82967 0.00205839
-2.7984 0.00218121
-2.76714 0.00231139
-2.73587 0.00244938
-2.7046 0.00259563
-2.67334 0.00275065
-2.64207 0.00291497
-2.61081 0.00308913
-2.57954 0.00327375
-2.54828 0.00346943
-2.51701 0.00367685
-2.48574 0.00389671
-2.45448 0.00412976
-2.42321 0.00437678
-2.39195 0.00463862
-2.36068 0.00491616
-2.32941 0.00521035
-2.29815 0.00552217
-2.26688 0.00585268
-2.23562 0.00620299
-2.20435 0.0065743
-2.17309 0.00696785
-2.14182 0.00738496
-2.11055 0.00782703
-2.07929 0.00829554
-2.04802 0.00879207
-2.01676 0.00931827
-1.98549 0.00987589
-1.95422 0.0104668
-1.92296 0.0110929
-1.89169 0.0117563
-1.86043 0.0124592
-1.82916 0.0132039
-1.79789 0.0139927
-1.76663 0.0148284
-1.73536 0.0157134
-1.7041 0.0166508
-1.67283 0.0176435
-1.64157 0.0186946
-1.6103 0.0198074
-1.57903 0.0209854
-1.54777 0.0222323
-1.5165 0.0235517
-1.48524 0.0249479
-1.45397 0.0264248
-1.4227 0.0279869
-1.39144 0.0296386
-1.36017 0.0313848
-1.32891 0.0332303
-1.29764 0.0351801
-1.26638 0.0372396
-1.23511 0.0394141
-1.20384 0.0417091
-1.17258 0.0441304
-1.14131 0.0466838
-1.11005 0.0493751
-1.07878 0.0522102
-1.04751 0.0551952
-1.01625 0.0583359
-0.984982 0.0616381
-0.953717 0.0651075
-0.922451 0.0687496
-0.891185 0.0725696
-0.859919 0.0765722
-0.828653 0.0807616
-0.797387 0.0851415
-0.766121 0.0897147
-0.734856 0.0944833
-0.70359 0.0994479
-0.672324 0.104608
-0.641058 0.109963
-0.609792 0.115507
-0.578526 0.121237
-0.54726 0.127145
-0.515995 0.133221
-0.484729 0.139454
-0.453463 0.145829
-0.422197 0.152328
-0.390931 0.158932
-0.359665 0.165619
-0.328399 0.172363
-0.297134 0.179136
-0.265868 0.185907
-0.234602 0.192645
-0.203336 0.199315
-0.17207 0.205883
-0.140804 0.212312
-0.109538 0.218566
-0.0782725 0.224611
-0.0470067 0.230413
-0.0157408 0.235939
0.0155251 0.241162
0.0467909 0.246054
0.0780568 0.250594
0.109323 0.254764
0.140589 0.258549
0.171854 0.261942
0.20312 0.264936
0.234386 0.26753
0.265652 0.269727
0.296918 0.271534
0.328184 0.272961
0.35945 0.27402
0.390715 0.274725
0.421981 0.275092
0.453247 0.275141
0.484513 0.274888
0.515779 0.274355
0.547045 0.273559
0.578311 0.272521
0.609576 0.27126
0.640842 0.269795
0.672108 0.268143
0.703374 0.266323
0.73464 0.26435
0.765906 0.262241
0.797172 0.260009
0.828437 0.25767
0.859703 0.255236
0.890969 0.252718
0.922235 0.250128
0.953501 0.247477
0.984767 0.244773
1.01603 0.242026
1.0473 0.239242
1.07856 0.23643
1.10983 0.233596
1.1411 0.230746
1.17236 0.227886
1.20363 0.22502
1.23489 0.222153
1.26616 0.219288
1.29743 0.21643
1.32869 0.213582
1.35996 0.210747
1.39122 0.207927
1.42249 0.205124
1.45375 0.202341
1.48502 0.19958
1.51629 0.196841
1.54755 0.194127
1.57882 0.191439
1.61008 0.188778
1.64135 0.186144
1.67262 0.183539
1.70388 0.180963
1.73515 0.178417
1.76641 0.175901
1.79768 0.173415
1.82894 0.170961
1.86021 0.168537
1.89148 0.166145
1.92274 0.163784
1.95401 0.161454
1.98527 0.159155
2.01654 0.156888
2.04781 0.154652
2.07907 0.152447
2.11034 0.150273
2.1416 0.14813
2.17287 0.146017
2.20414 0.143935
2.2354 0.141882
2.26667 0.139859
2.29793 0.137865
2.3292 0.135901
2.36046 0.133965
2.39173 0.132058
2.423 0.130179
2.45426 0.128328
2.48553 0.126504
2.51679 0.124707
2.54806 0.122937
2.57933 0.121194
2.61059 0.119476
2.64186 0.117785
2.67312 0.116118
2.70439 0.114477
2.73565 0.11286
2.76692 0.111268
2.79819 0.109699
2.82945 0.108154
2.86072 0.106633
2.89198 0.105134
2.92325 0.103657
2.95452 0.102203
2.98578 0.100771
3.01705 0.0993602
3.04831 0.0979706
3.07958 0.0966018
3.11085 0.0952537
3.14211 0.0939257
3.17338 0.0926176
3.20464 0.0913291
3.23591 0.0900599
3.26717 0.0888096
3.29844 0.0875781
3.32971 0.0863649
3.36097 0.0851698
3.39224 0.0839925
3.4235 0.0828327
3.45477 0.0816902
3.48604 0.0805646
3.5173 0.0794557
3.54857 0.0783633
3.57983 0.077287
3.6111 0.0762267
3.64236 0.075182
3.67363 0.0741527
3.7049 0.0731386
3.73616 0.0721394
3.76743 0.0711548
3.79869 0.0701848
3.82996 0.069229
3.86123 0.0682871
3.89249 0.067359
3.92376 0.0664445
3.95502 0.0655434
3.98629 0.0646553
4.01756 0.0637802
4.04882 0.0629178
4.08009 0.0620679
4.11135 0.0612303
4.14262 0.0604049
4.17388 0.0595914
4.20515 0.0587896
4.23642 0.0579994
4.26768 0.0572206
4.29895 0.056453
4.33021 0.0556964
4.36148 0.0549507
4.39275 0.0542156
4.42401 0.0534911
4.45528 0.0527769
4.48654 0.0520729
4.51781 0.051379
4.54907 0.0506949
4.58034 0.0500206
4.61161 0.0493558
4.64287 0.0487005
4.67414 0.0480544
4.7054 0.0474175
4.73667 0.0467896
4.76794 0.0461706
4.7992 0.0455603
4.83047 0.0449585
4.86173 0.0443653
4.893 0.0437803
4.92426 0.0432036
4.95553 0.042635
4.9868 0.0420743
5.01806 0.0415214
5.04933 0.0409763
5.08059 0.0404388
5.11186 0.0399087
5.14313 0.039386
5.17439 0.0388706
5.20566 0.0383624
5.23692 0.0378612
5.26819 0.0373669
5.29946 0.0368795
5.33072 0.0363988
5.36199 0.0359247
5.39325 0.0354572
5.42452 0.0349961
5.45578 0.0345414
5.48705 0.0340929
5.51832 0.0336506
5.54958 0.0332143
5.58085 0.032784
5.61211 0.0323596
5.64338 0.031941
5.67465 0.0315281
5.70591 0.0311209
5.73718 0.0307192
5.76844 0.0303229
5.79971 0.0299321
5.83097 0.0295465
5.86224 0.0291662
5.89351 0.0287911
5.92477 0.028421
5.95604 0.0280559
5.9873 0.0276958
6.01857 0.0273405
6.04984 0.02699
6.0811 0.0266443
6.11237 0.0263032
6.14363 0.0259667
6.1749 0.0256347
6.20617 0.0253072
6.23743 0.024984
6.2687 0.0246652
6.29996 0.0243507
6.33123 0.0240404
6.36249 0.0237342
6.39376 0.0234321
6.42503 0.023134
6.45629 0.0228399
6.48756 0.0225497
6.51882 0.0222634
6.55009 0.0219809
6.58136 0.0217022
6.61262 0.0214271
6.64389 0.0211557
6.67515 0.0208879
6.70642 0.0206236
6.73768 0.0203628
6.76895 0.0201055
6.80022 0.0198516
6.83148 0.019601
6.86275 0.0193537
6.89401 0.0191097
6.92528 0.0188689
6.95655 0.0186312
6.98781 0.0183967
7.01908 0.0181653
7.05034 0.0179369
7.08161 0.0177115
7.11288 0.017489
7.14414 0.0172694
7.17541 0.0170528
7.20667 0.0168389
7.23794 0.0166279
7.2692 0.0164196
7.30047 0.016214
7.33174 0.0160111
7.363 0.0158108
7.39427 0.0156132
7.42553 0.0154181
7.4568 0.0152255
7.48807 0.0150355
7.51933 0.0148479
7.5506 0.0146627
7.58186 0.01448
7.61313 0.0142996
7.64439 0.0141215
7.67566 0.0139458
7.70693 0.0137723
7.73819 0.013601
7.76946 0.013432
7.80072 0.0132651
7.83199 0.0131004
7.86326 0.0129378
7.89452 0.0127773
7.92579 0.0126189
7.95705 0.0124625
7.98832 0.0123081
8.01959 0.0121557
8.05085 0.0120053
8.08212 0.0118567
8.11338 0.0117101
8.14465 0.0115654
8.17591 0.0114225
8.20718 0.0112814
8.23845 0.0111422
8.26971 0.0110047
8.30098 0.0108689
8.33224 0.0107349
8.36351 0.0106026
8.39478 0.010472
8.42604 0.0103431
8.45731 0.0102158
8.48857 0.0100901
8.51984 0.00996603
8.5511 0.00984352
8.58237 0.00972256
8.61364 0.00960314
8.6449 0.00948523
8.67617 0.00936882
8.70743 0.00925388
8.7387 0.0091404
8.76997 0.00902835
8.80123 0.00891772
8.8325 0.00880849
8.86376 0.00870063
8.89503 0.00859414
8.9263 0.00848899
8.95756 0.00838517
8.98883 0.00828266
9.02009 0.00818144
9.05136 0.00808149
9.08262 0.0079828
9.11389 0.00788535
9.14516 0.00778913
9.17642 0.00769411
9.20769 0.00760029
9.23895 0.00750764
9.27022 0.00741616
9.30149 0.00732583
9.33275 0.00723663
9.36402 0.00714854
9.39528 0.00706156
9.42655 0.00697566
9.45781 0.00689084
9.48908 0.00680708
9.52035 0.00672437
9.55161 0.00664269
9.58288 0.00656203
9.61414 0.00648238
9.64541 0.00640372
9.67668 0.00632604
9.70794 0.00624933
9.73921 0.00617357
9.77047 0.00609876
9.80174 0.00602488
9.833 0.00595191
9.86427 0.00587986
9.89554 0.0058087
9.9268 0.00573842
9.95807 0.00566901
9.98933 0.00560047
10.0206 0.00553278
10.0519 0.00546593
10.0831 0.0053999
10.1144 0.00533469
10.1457 0.00527029
10.1769 0.00520669
10.2082 0.00514388
10.2395 0.00508184
10.2707 0.00502057
10.302 0.00496005
10.3333 0.00490028
10.3645 0.00484125
10.3958 0.00478295
10.4271 0.00472537
10.4583 0.0046685
10.4896 0.00461233
10.5209 0.00455685
10.5521 0.00450206
10.5834 0.00444794
10.6147 0.00439448
10.6459 0.00434169
10.6772 0.00428954
10.7084 0.00423803
10.7397 0.00418716
10.771 0.00413691
10.8022 0.00408728
10.8335 0.00403825
10.8648 0.00398983
10.896 0.003942
10.9273 0.00389476
10.9586 0.0038481
10.9898 0.00380201
11.0211 0.00375648
11.0524 0.00371152
11.0836 0.0036671
11.1149 0.00362322
11.1462 0.00357988
11.1774 0.00353707
11.2087 0.00349479
11.24 0.00345302
11.2712 0.00341176
11.3025 0.003371
11.3338 0.00333074
11.365 0.00329098
11.3963 0.00325169
11.4276 0.00321289
11.4588 0.00317456
11.4901 0.0031367
11.5214 0.00309929
11.5526 0.00306234
11.5839 0.00302585
11.6152 0.00298979
11.6464 0.00295418
11.6777 0.00291899
11.709 0.00288424
11.7402 0.0028499
11.7715 0.00281599
11.8028 0.00278248
11.834 0.00274939
11.8653 0.00271669
11.8966 0.00268439
11.9278 0.00265248
11.9591 0.00262096
11.9903 0.00258982
12.0216 0.00255906
12.0529 0.00252867
12.0841 0.00249865
12.1154 0.00246899
12.1467 0.00243969
12.1779 0.00241074
12.2092 0.00238215
12.2405 0.0023539
12.2717 0.00232599
12.303 0.00229842
12.3343 0.00227118
12.3655 0.00224427
12.3968 0.00221768
12.4281 0.00219142
12.4593 0.00216547
12.4906 0.00213984
12.5219 0.00211451
12.5531 0.00208949
12.5844 0.00206477
12.6157 0.00204035
12.6469 0.00201622
12.6782 0.00199239
12.7095 0.00196884
12.7407 0.00194557
12.772 0.00192258
12.8033 0.00189987
12.8345 0.00187743
12.8658 0.00185527
12.8971 0.00183336
12.9283 0.00181173
12.9596 0.00179035
12.9909 0.00176922
13.0221 0.00174836
13.0534 0.00172774
13.0847 0.00170737
13.1159 0.00168724
13.1472 0.00166735
13.1785 0.00164771
13.2097 0.0016283
13.241 0.00160912
13.2722 0.00159017
13.3035 0.00157144
13.3348 0.00155294
13.366 0.00153467
13.3973 0.00151661
13.4286 0.00149877
13.4598 0.00148114
13.4911 0.00146372
13.5224 0.00144651
13.5536 0.0014295
13.5849 0.0014127
13.6162 0.0013961
13.6474 0.00137969
13.6787 0.00136349
13.71 0.00134747
13.7412 0.00133165
13.7725 0.00131602
13.8038 0.00130057
13.835 0.0012853
13.8663 0.00127022
13.8976 0.00125532
13.9288 0.0012406
13.9601 0.00122605
13.9914 0.00121167
14.0226 0.00119747
14.0539 0.00118343
14.0852 0.00116956
14.1164 0.00115586
14.1477 0.00114232
14.179 0.00112894
14.2102 0.00111572
14.2415 0.00110265
14.2728 0.00108974
14.304 0.00107699
14.3353 0.00106438
14.3666 0.00105193
14.3978 0.00103962
14.4291 0.00102746
14.4604 0.00101545
14.4916 0.00100357
14.5229 0.000991842
14.5541 0.000980249
14.5854 0.000968793
14.6167 0.000957472
14.6479 0.000946286
14.6792 0.000935233
14.7105 0.00092431
14.7417 0.000913517
14.773 0.000902851
14.8043 0.000892312
14.8355 0.000881897
14.8668 0.000871606
14.8981 0.000861437
14.9293 0.000851387
14.9606 0.000841457
14.9919 0.000831644
15.0231 0.000821947
15.0544 0.000812364
15.0857 0.000802895
15.1169 0.000793537
15.1482 0.00078429
15.1795 0.000775153
15.2107 0.000766123
15.242 0.0007572
15.2733 0.000748382
15.3045 0.000739668
15.3358 0.000731056
15.3671 0.000722547
15.3983 0.000714137
15.4296 0.000705827
15.4609 0.000697615
15.4921 0.0006895
15.5234 0.00068148
15.5547 0.000673555
15.5859 0.000665723
15.6172 0.000657983
15.6485 0.000650334
15.6797 0.000642775
15.711 0.000635306
15.7423 0.000627924
15.7735 0.000620629
15.8048 0.00061342
15.836 0.000606295
15.8673 0.000599255
15.8986 0.000592297
15.9298 0.000585421
15.9611 0.000578626
15.9924 0.00057191
16.0236 0.000565274
16.0549 0.000558715
16.0862 0.000552233
16.1174 0.000545828
16.1487 0.000539497
16.18 0.000533241
16.2112 0.000527059
16.2425 0.000520949
16.2738 0.00051491
16.305 0.000508943
16.3363 0.000503045
16.3676 0.000497216
16.3988 0.000491456
16.4301 0.000485763
16.4614 0.000480138
16.4926 0.000474577
16.5239 0.000469082
16.5552 0.000463652
16.5864 0.000458285
16.6177 0.000452981
16.649 0.000447739
16.6802 0.000442558
16.7115 0.000437438
16.7428 0.000432378
16.774 0.000427377
16.8053 0.000422434
16.8366 0.000417549
16.8678 0.000412722
16.8991 0.00040795
16.9304 0.000403235
16.9616 0.000398575
16.9929 0.000393969
17.0242 0.000389417
17.0554 0.000384918
17.0867 0.000380471
17.118 0.000376077
17.1492 0.000371734
17.1805 0.000367441
17.2117 0.000363199
17.243 0.000359006
17.2743 0.000354862
17.3055 0.000350767
17.3368 0.000346719
17.3681 0.000342718
17.3993 0.000338764
17.4306 0.000334856
17.4619 0.000330994
17.4931 0.000327177
17.5244 0.000323404
17.5557 0.000319675
17.5869 0.00031599
17.6182 0.000312347
17.6495 0.000308747
17.6807 0.000305189
17.712 0.000301672
17.7433 0.000298196
17.7745 0.000294761
17.8058 0.000291365
17.8371 0.00028801
17.8683 0.000284693
17.8996 0.000281415
17.9309 0.000278174
17.9621 0.000274972
17.9934 0.000271807
18.0247 0.000268678
18.0559 0.000265586
18.0872 0.00026253
18.1185 0.000259509
18.1497 0.000256524
18.181 0.000253573
18.2123 0.000250657
18.2435 0.000247774
18.2748 0.000244925
18.3061 0.000242108
18.3373 0.000239325
18.3686 0.000236574
18.3999 0.000233855
18.4311 0.000231167
18.4624 0.00022851
18.4936 0.000225885
18.5249 0.00022329
18.5562 0.000220724
18.5874 0.000218189
18.6187 0.000215683
18.65 0.000213206
18.6812 0.000210758
18.7125 0.000208338
18.7438 0.000205946
18.775 0.000203582
18.8063 0.000201246
18.8376 0.000198936
18.8688 0.000196653
18.9001 0.000194397
18.9314 0.000192166
18.9626 0.000189962
18.9939 0.000187783
19.0252 0.000185629
19.0564 0.0001835
19.0877 0.000181396
19.119 0.000179316
19.1502 0.00017726
19.1815 0.000175228
19.2128 0.00017322
19.244 0.000171234
19.2753 0.000169272
19.3066 0.000167332
19.3378 0.000165415
19.3691 0.00016352
19.4004 0.000161647
19.4316 0.000159795
19.4629 0.000157965
19.4942 0.000156156
19.5254 0.000154368
19.5567 0.0001526
19.588 0.000150853
19.6192 0.000149127
19.6505 0.00014742
19.6818 0.000145732
19.713 0.000144065
19.7443 0.000142416
19.7755 0.000140787
19.8068 0.000139176
19.8381 0.000137584
19.8693 0.00013601
19.9006 0.000134454
19.9319 0.000132917
19.9631 0.000131397
19.9944 0.000129894
20.0257 0.000128409
20.0569 0.000126941
20.0882 0.00012549
20.1195 0.000124056
20.1507 0.000122638
20.182 0.000121237
20.2133 0.000119851
20.2445 0.000118482
20.2758 0.000117128
20.3071 0.00011579
20.3383 0.000114468
20.3696 0.00011316
20.4009 0.000111868
20.4321 0.000110591
20.4634 0.000109328
20.4947 0.00010808
20.5259 0.000106846
20.5572 0.000105626
20.5885 0.000104421
20.6197 0.000103229
20.651 0.000102051
20.6823 0.000100886
20.7135 9.97352e-05
20.7448 9.85973e-05
20.7761 9.74726e-05
20.8073 9.63607e-05
20.8386 9.52616e-05
20.8699 9.41752e-05
20.9011 9.31012e-05
20.9324 9.20396e-05
20.9637 9.09902e-05
20.9949 8.99528e-05
21.0262 8.89274e-05
21.0574 8.79137e-05
21.0887 8.69117e-05
21.12 8.59211e-05
21.1512 8.4942e-05
21.1825 8.39741e-05
21.2138 8.30173e-05
21.245 8.20715e-05
21.2763 8.11365e-05
21.3076 8.02123e-05
21.3388 7.92986e-05
21.3701 7.83955e-05
21.4014 7.75027e-05
21.4326 7.66202e-05
21.4639 7.57478e-05
21.4952 7.48853e-05
21.5264 7.40328e-05
21.5577 7.31901e-05
21.589 7.2357e-05
21.6202 7.15335e-05
21.6515 7.07194e-05
21.6828 6.99146e-05
21.714 6.91191e-05
21.7453 6.83326e-05
21.7766 6.75552e-05
21.8078 6.67867e-05
21.8391 6.6027e-05
21.8704 6.5276e-05
21.9016 6.45336e-05
21.9329 6.37997e-05
21.9642 6.30742e-05
21.9954 6.23571e-05
22.0267 6.16481e-05
22.058 6.09472e-05
22.0892 6.02544e-05
22.1205 5.95695e-05
22.1518 5.88924e-05
22.183 5.82231e-05
22.2143 5.75615e-05
22.2456 5.69074e-05
22.2768 5.62608e-05
22.3081 5.56216e-05
22.3393 5.49897e-05
22.3706 5.4365e-05
22.4019 5.37475e-05
22.4331 5.3137e-05
22.4644 5.25335e-05
22.4957 5.1937e-05
22.5269 5.13472e-05
22.5582 5.07642e-05
22.5895 5.01878e-05
22.6207 4.96181e-05
22.652 4.90548e-05
22.6833 4.8498e-05
22.7145 4.79475e-05
22.7458 4.74033e-05
22.7771 4.68654e-05
22.8083 4.63336e-05
22.8396 4.58078e-05
22.8709 4.52881e-05
22.9021 4.47743e-05
22.9334 4.42664e-05
22.9647 4.37643e-05
22.9959 4.32679e-05
23.0272 4.27771e-05
23.0585 4.2292e-05
23.0897 4.18124e-05
23.121 4.13383e-05
23.1523 4.08696e-05
23.1835 4.04062e-05
23.2148 3.99481e-05
23.2461 3.94953e-05
23.2773 3.90476e-05
23.3086 3.8605e-05
23.3399 3.81675e-05
23.3711 3.77349e-05
23.4024 3.73073e-05
23.4337 3.68846e-05
23.4649 3.64667e-05
23.4962 3.60535e-05
23.5275 3.56451e-05
23.5587 3.52413e-05
23.59 3.48421e-05
23.6212 3.44475e-05
23.6525 3.40574e-05
23.6838 3.36717e-05
23.715 3.32904e-05
23.7463 3.29134e-05
23.7776 3.25408e-05
23.8088 3.21724e-05
23.8401 3.18082e-05
23.8714 3.14481e-05
23.9026 3.10921e-05
23.9339 3.07402e-05
23.9652 3.03923e-05
23.9964 3.00484e-05
24.0277 2.97083e-05
24.059 2.93722e-05
24.0902 2.90398e-05
24.1215 2.87113e-05
24.1528 2.83865e-05
24.184 2.80653e-05
24.2153 2.77479e-05
24.2466 2.7434e-05
24.2778 2.71238e-05
24.3091 2.6817e-05
24.3404 2.65137e-05
24.3716 2.62139e-05
24.4029 2.59175e-05
24.4342 2.56245e-05
24.4654 2.53348e-05
24.4967 2.50484e-05
24.528 2.47652e-05
24.5592 2.44853e-05
24.5905 2.42086e-05
24.6218 2.3935e-05
24.653 2.36645e-05
24.6843 2.33971e-05
24.7156 2.31327e-05
24.7468 2.28713e-05
24.7781 2.26129e-05
24.8094 2.23574e-05
24.8406 2.21049e-05
24.8719 2.18552e-05
24.9031 2.16083e-05
24.9344 2.13642e-05
24.9657 2.1123e-05
24.9969 2.08844e-05
25.0282 2.06486e-05
25.0595 2.04154e-05
25.0907 2.01849e-05
25.122 1.9957e-05
25.1533 1.97317e-05
25.1845 1.9509e-05
25.2158 1.92887e-05
25.2471 1.9071e-05
25.2783 1.88558e-05
25.3096 1.8643e-05
25.3409 1.84326e-05
25.3721 1.82246e-05
25.4034 1.80189e-05
25.4347 1.78156e-05
