-1.09354 0.000374485
-1.01603 0.000480001
-0.938519 0.000612404
-0.861007 0.000777441
-0.783496 0.000981676
-0.705985 0.00123247
-0.628473 0.00153786
-0.550962 0.00190646
-0.473451 0.00234713
-0.395939 0.00286872
-0.318428 0.00347965
-0.240916 0.00418744
-0.163405 0.00499827
-0.0858938 0.00591653
-0.00838242 0.00694448
0.0691289 0.00808197
0.14664 0.00932636
0.224152 0.0106726
0.301663 0.0121134
0.379174 0.0136396
0.456686 0.0152407
0.534197 0.016905
0.611708 0.0186205
0.68922 0.020375
0.766731 0.0221567
0.844243 0.0239541
0.921754 0.0257568
0.999265 0.0275551
1.07678 0.0293405
1.15429 0.0311053
1.2318 0.0328431
1.30931 0.0345482
1.38682 0.0362159
1.46433 0.0378425
1.54184 0.0394247
1.61936 0.0409603
1.69687 0.0424474
1.77438 0.0438846
1.85189 0.0452711
1.9294 0.0466064
2.00691 0.0478903
2.08442 0.0491231
2.16194 0.0503049
2.23945 0.0514364
2.31696 0.0525182
2.39447 0.0535512
2.47198 0.0545363
2.54949 0.0554745
2.627 0.0563668
2.70452 0.0572145
2.78203 0.0580185
2.85954 0.0587801
2.93705 0.0595005
3.01456 0.0601809
3.09207 0.0608223
3.16958 0.0614261
3.24709 0.0619934
3.32461 0.0625253
3.40212 0.0630229
3.47963 0.0634874
3.55714 0.0639199
3.63465 0.0643213
3.71216 0.0646928
3.78967 0.0650353
3.86719 0.0653499
3.9447 0.0656375
4.02221 0.065899
4.09972 0.0661353
4.17723 0.0663474
4.25474 0.066536
4.33225 0.066702
4.40976 0.0668462
4.48728 0.0669693
4.56479 0.0670722
4.6423 0.0671555
4.71981 0.0672199
4.79732 0.0672662
4.87483 0.067295
4.95234 0.067307
5.02986 0.0673026
5.10737 0.0672827
5.18488 0.0672476
5.26239 0.0671981
5.3399 0.0671346
5.41741 0.0670577
5.49492 0.0669678
5.57244 0.0668655
5.64995 0.0667512
5.72746 0.0666255
5.80497 0.0664887
5.88248 0.0663412
5.95999 0.0661836
6.0375 0.0660161
6.11501 0.0658392
6.19253 0.0656533
6.27004 0.0654587
6.34755 0.0652558
6.42506 0.065045
6.50257 0.0648264
6.58008 0.0646006
6.65759 0.0643677
6.73511 0.0641281
6.81262 0.0638821
6.89013 0.06363
6.96764 0.0633719
7.04515 0.0631083
7.12266 0.0628393
7.20017 0.0625652
7.27769 0.0622862
7.3552 0.0620026
7.43271 0.0617146
7.51022 0.0614224
7.58773 0.0611261
7.66524 0.0608261
7.74275 0.0605226
7.82026 0.0602156
7.89778 0.0599054
7.97529 0.0595921
8.0528 0.059276
8.13031 0.0589572
8.20782 0.0586359
8.28533 0.0583122
8.36284 0.0579862
8.44036 0.0576582
8.51787 0.0573282
8.59538 0.0569964
8.67289 0.056663
8.7504 0.056328
8.82791 0.0559916
8.90542 0.0556539
8.98294 0.0553151
9.06045 0.0549751
9.13796 0.0546342
9.21547 0.0542925
9.29298 0.05395
9.37049 0.0536068
9.448 0.0532631
9.52551 0.0529189
9.60303 0.0525744
9.68054 0.0522296
9.75805 0.0518845
9.83556 0.0515394
9.91307 0.0511941
9.99058 0.050849
10.0681 0.0505039
10.1456 0.050159
10.2231 0.0498143
10.3006 0.04947
10.3781 0.049126
10.4557 0.0487824
10.5332 0.0484393
10.6107 0.0480968
10.6882 0.0477549
10.7657 0.0474136
10.8432 0.047073
10.9207 0.0467332
10.9982 0.0463942
11.0757 0.0460561
11.1533 0.0457188
11.2308 0.0453824
11.3083 0.0450471
11.3858 0.0447127
11.4633 0.0443794
11.5408 0.0440472
11.6183 0.0437161
11.6958 0.0433862
11.7733 0.0430575
11.8509 0.04273
11.9284 0.0424037
12.0059 0.0420787
12.0834 0.041755
12.1609 0.0414327
12.2384 0.0411117
12.3159 0.040792
12.3934 0.0404738
12.4709 0.040157
12.5485 0.0398417
12.626 0.0395278
12.7035 0.0392154
12.781 0.0389045
12.8585 0.0385952
12.936 0.0382873
13.0135 0.037981
13.091 0.0376763
13.1685 0.0373732
13.2461 0.0370716
13.3236 0.0367717
13.4011 0.0364734
13.4786 0.0361767
13.5561 0.0358817
13.6336 0.0355883
13.7111 0.0352965
13.7886 0.0350064
13.8662 0.034718
13.9437 0.0344313
14.0212 0.0341463
14.0987 0.0338629
14.1762 0.0335813
14.2537 0.0333013
14.3312 0.0330231
14.4087 0.0327466
14.4862 0.0324718
14.5638 0.0321987
14.6413 0.0319274
14.7188 0.0316577
14.7963 0.0313898
14.8738 0.0311236
14.9513 0.0308592
15.0288 0.0305965
15.1063 0.0303355
15.1838 0.0300762
15.2614 0.0298187
15.3389 0.0295629
15.4164 0.0293088
15.4939 0.0290564
15.5714 0.0288058
15.6489 0.0285569
15.7264 0.0283097
15.8039 0.0280643
15.8814 0.0278205
15.959 0.0275785
16.0365 0.0273382
16.114 0.0270995
16.1915 0.0268626
16.269 0.0266274
16.3465 0.0263938
16.424 0.026162
16.5015 0.0259318
16.579 0.0257034
16.6566 0.0254766
16.7341 0.0252514
16.8116 0.025028
16.8891 0.0248061
16.9666 0.024586
17.0441 0.0243675
17.1216 0.0241506
17.1991 0.0239354
17.2767 0.0237218
17.3542 0.0235098
17.4317 0.0232994
17.5092 0.0230906
17.5867 0.0228835
17.6642 0.0226779
17.7417 0.0224739
17.8192 0.0222715
17.8967 0.0220707
17.9743 0.0218715
18.0518 0.0216738
18.1293 0.0214777
18.2068 0.0212831
18.2843 0.02109
18.3618 0.0208985
18.4393 0.0207085
18.5168 0.02052
18.5943 0.020333
18.6719 0.0201475
18.7494 0.0199635
18.8269 0.019781
18.9044 0.0196
18.9819 0.0194204
19.0594 0.0192423
19.1369 0.0190656
19.2144 0.0188904
19.2919 0.0187166
19.3695 0.0185443
19.447 0.0183733
19.5245 0.0182038
19.602 0.0180356
19.6795 0.0178689
19.757 0.0177035
19.8345 0.0175395
19.912 0.0173769
19.9895 0.0172157
20.0671 0.0170557
20.1446 0.0168972
20.2221 0.0167399
20.2996 0.016584
20.3771 0.0164294
20.4546 0.0162761
20.5321 0.0161241
20.6096 0.0159734
20.6872 0.015824
20.7647 0.0156758
20.8422 0.015529
20.9197 0.0153833
20.9972 0.0152389
21.0747 0.0150958
21.1522 0.0149539
21.2297 0.0148132
21.3072 0.0146737
21.3848 0.0145354
21.4623 0.0143983
21.5398 0.0142624
21.6173 0.0141277
21.6948 0.0139942
21.7723 0.0138618
21.8498 0.0137306
21.9273 0.0136005
22.0048 0.0134716
22.0824 0.0133438
22.1599 0.0132171
22.2374 0.0130915
22.3149 0.012967
22.3924 0.0128437
22.4699 0.0127214
22.5474 0.0126002
22.6249 0.0124801
22.7024 0.012361
22.78 0.012243
22.8575 0.012126
22.935 0.0120101
23.0125 0.0118952
23.09 0.0117814
23.1675 0.0116685
23.245 0.0115567
23.3225 0.0114459
23.4 0.011336
23.4776 0.0112272
23.5551 0.0111193
23.6326 0.0110124
23.7101 0.0109065
23.7876 0.0108015
23.8651 0.0106975
23.9426 0.0105944
24.0201 0.0104922
24.0976 0.010391
24.1752 0.0102907
24.2527 0.0101913
24.3302 0.0100928
24.4077 0.00999518
24.4852 0.00989847
24.5627 0.00980264
24.6402 0.00970769
24.7177 0.0096136
24.7953 0.00952038
24.8728 0.00942801
24.9503 0.00933648
25.0278 0.0092458
25.1053 0.00915595
25.1828 0.00906693
25.2603 0.00897872
25.3378 0.00889133
25.4153 0.00880475
25.4929 0.00871897
25.5704 0.00863397
25.6479 0.00854977
25.7254 0.00846634
25.8029 0.00838369
25.8804 0.0083018
25.9579 0.00822068
26.0354 0.00814031
26.1129 0.00806068
26.1905 0.0079818
26.268 0.00790365
26.3455 0.00782623
26.423 0.00774954
26.5005 0.00767356
26.578 0.00759829
26.6555 0.00752372
26.733 0.00744985
26.8105 0.00737668
26.8881 0.00730419
26.9656 0.00723238
27.0431 0.00716125
27.1206 0.00709078
27.1981 0.00702098
27.2756 0.00695184
27.3531 0.00688334
27.4306 0.0068155
27.5081 0.00674829
27.5857 0.00668172
27.6632 0.00661578
27.7407 0.00655046
27.8182 0.00648576
27.8957 0.00642167
27.9732 0.00635819
28.0507 0.00629531
28.1282 0.00623303
28.2058 0.00617134
28.2833 0.00611023
28.3608 0.00604971
28.4383 0.00598976
28.5158 0.00593039
28.5933 0.00587158
28.6708 0.00581333
28.7483 0.00575563
28.8258 0.00569849
28.9034 0.0056419
28.9809 0.00558584
29.0584 0.00553032
29.1359 0.00547534
29.2134 0.00542087
29.2909 0.00536694
29.3684 0.00531352
29.4459 0.00526061
29.5234 0.00520821
29.601 0.00515631
29.6785 0.00510491
29.756 0.00505401
29.8335 0.00500359
29.911 0.00495367
29.9885 0.00490422
30.066 0.00485525
30.1435 0.00480675
30.221 0.00475872
30.2986 0.00471116
30.3761 0.00466405
30.4536 0.0046174
30.5311 0.0045712
30.6086 0.00452545
30.6861 0.00448014
30.7636 0.00443527
30.8411 0.00439084
30.9186 0.00434683
30.9962 0.00430326
31.0737 0.0042601
31.1512 0.00421737
31.2287 0.00417505
31.3062 0.00413315
31.3837 0.00409165
31.4612 0.00405055
31.5387 0.00400986
31.6163 0.00396956
31.6938 0.00392965
31.7713 0.00389014
31.8488 0.00385101
31.9263 0.00381226
32.0038 0.00377389
32.0813 0.00373589
32.1588 0.00369827
32.2363 0.00366101
32.3139 0.00362412
32.3914 0.00358759
32.4689 0.00355142
32.5464 0.0035156
32.6239 0.00348014
32.7014 0.00344502
32.7789 0.00341025
32.8564 0.00337581
32.9339 0.00334172
33.0115 0.00330796
33.089 0.00327454
33.1665 0.00324144
33.244 0.00320866
33.3215 0.00317622
33.399 0.00314408
33.4765 0.00311227
33.554 0.00308077
33.6315 0.00304958
33.7091 0.0030187
33.7866 0.00298812
33.8641 0.00295785
33.9416 0.00292787
34.0191 0.00289819
34.0966 0.0028688
34.1741 0.00283971
34.2516 0.0028109
34.3291 0.00278238
34.4067 0.00275414
34.4842 0.00272617
34.5617 0.00269849
34.6392 0.00267108
34.7167 0.00264394
34.7942 0.00261707
34.8717 0.00259047
34.9492 0.00256413
35.0268 0.00253806
35.1043 0.00251224
35.1818 0.00248668
35.2593 0.00246137
35.3368 0.00243632
35.4143 0.00241151
35.4918 0.00238695
35.5693 0.00236264
35.6468 0.00233856
35.7244 0.00231473
35.8019 0.00229114
35.8794 0.00226778
35.9569 0.00224465
36.0344 0.00222175
36.1119 0.00219908
36.1894 0.00217664
36.2669 0.00215442
36.3444 0.00213243
36.422 0.00211065
36.4995 0.00208909
36.577 0.00206775
36.6545 0.00204662
36.732 0.00202571
36.8095 0.002005
36.887 0.0019845
36.9645 0.0019642
37.042 0.00194411
37.1196 0.00192422
37.1971 0.00190453
37.2746 0.00188503
37.3521 0.00186573
37.4296 0.00184663
37.5071 0.00182771
37.5846 0.00180899
37.6621 0.00179046
37.7396 0.00177211
37.8172 0.00175394
37.8947 0.00173596
37.9722 0.00171816
38.0497 0.00170054
38.1272 0.00168309
38.2047 0.00166582
38.2822 0.00164873
38.3597 0.0016318
38.4373 0.00161505
38.5148 0.00159847
38.5923 0.00158205
38.6698 0.0015658
38.7473 0.00154971
38.8248 0.00153379
38.9023 0.00151802
38.9798 0.00150242
39.0573 0.00148697
39.1349 0.00147168
39.2124 0.00145654
39.2899 0.00144155
39.3674 0.00142672
39.4449 0.00141204
39.5224 0.0013975
39.5999 0.00138311
39.6774 0.00136887
39.7549 0.00135477
39.8325 0.00134082
39.91 0.001327
39.9875 0.00131333
40.065 0.00129979
40.1425 0.0012864
40.22 0.00127313
40.2975 0.00126001
40.375 0.00124701
40.4525 0.00123415
40.5301 0.00122141
40.6076 0.00120881
40.6851 0.00119634
40.7626 0.00118399
40.8401 0.00117176
40.9176 0.00115966
40.9951 0.00114769
41.0726 0.00113583
41.1501 0.0011241
41.2277 0.00111248
41.3052 0.00110099
41.3827 0.00108961
41.4602 0.00107834
41.5377 0.00106719
41.6152 0.00105616
41.6927 0.00104523
41.7702 0.00103442
41.8478 0.00102372
41.9253 0.00101312
42.0028 0.00100264
42.0803 0.000992261
42.1578 0.000981989
42.2353 0.000971821
42.3128 0.000961757
42.3903 0.000951796
42.4678 0.000941936
42.5454 0.000932177
42.6229 0.000922517
42.7004 0.000912956
42.7779 0.000903493
42.8554 0.000894127
42.9329 0.000884856
43.0104 0.00087568
43.0879 0.000866598
43.1654 0.000857608
43.243 0.000848711
43.3205 0.000839904
43.398 0.000831188
43.4755 0.000822561
43.553 0.000814022
43.6305 0.00080557
43.708 0.000797205
43.7855 0.000788926
43.863 0.000780732
43.9406 0.000772621
44.0181 0.000764594
44.0956 0.000756649
44.1731 0.000748785
44.2506 0.000741002
44.3281 0.000733299
44.4056 0.000725675
44.4831 0.000718129
44.5606 0.00071066
44.6382 0.000703268
44.7157 0.000695952
44.7932 0.000688711
44.8707 0.000681545
44.9482 0.000674452
45.0257 0.000667432
45.1032 0.000660484
45.1807 0.000653607
45.2583 0.000646801
45.3358 0.000640065
45.4133 0.000633399
45.4908 0.000626801
45.5683 0.000620271
45.6458 0.000613808
45.7233 0.000607411
45.8008 0.00060108
45.8783 0.000594815
45.9559 0.000588614
46.0334 0.000582477
46.1109 0.000576403
46.1884 0.000570391
46.2659 0.000564442
46.3434 0.000558554
46.4209 0.000552726
46.4984 0.000546959
46.5759 0.000541251
46.6535 0.000535602
46.731 0.000530011
46.8085 0.000524478
46.886 0.000519002
46.9635 0.000513583
47.041 0.000508219
47.1185 0.000502911
47.196 0.000497658
47.2735 0.000492458
47.3511 0.000487313
47.4286 0.000482221
47.5061 0.000477181
47.5836 0.000472193
47.6611 0.000467257
47.7386 0.000462372
47.8161 0.000457538
47.8936 0.000452753
47.9711 0.000448018
48.0487 0.000443332
48.1262 0.000438694
48.2037 0.000434104
48.2812 0.000429562
48.3587 0.000425067
48.4362 0.000420618
48.5137 0.000416216
48.5912 0.000411859
48.6688 0.000407547
48.7463 0.00040328
48.8238 0.000399056
48.9013 0.000394877
48.9788 0.000390741
49.0563 0.000386648
49.1338 0.000382597
49.2113 0.000378589
49.2888 0.000374622
49.3664 0.000370696
49.4439 0.00036681
49.5214 0.000362965
49.5989 0.00035916
49.6764 0.000355395
49.7539 0.000351668
49.8314 0.00034798
49.9089 0.000344331
49.9864 0.000340719
50.064 0.000337145
50.1415 0.000333608
50.219 0.000330107
50.2965 0.000326643
50.374 0.000323215
50.4515 0.000319823
50.529 0.000316466
50.6065 0.000313144
50.684 0.000309856
50.7616 0.000306603
50.8391 0.000303383
50.9166 0.000300197
50.9941 0.000297044
51.0716 0.000293923
51.1491 0.000290836
51.2266 0.00028778
51.3041 0.000284756
51.3816 0.000281764
51.4592 0.000278802
51.5367 0.000275872
51.6142 0.000272972
51.6917 0.000270102
51.7692 0.000267263
51.8467 0.000264452
51.9242 0.000261671
52.0017 0.000258919
52.0793 0.000256196
52.1568 0.000253501
52.2343 0.000250834
52.3118 0.000248195
52.3893 0.000245584
52.4668 0.000242999
52.5443 0.000240442
52.6218 0.000237911
52.6993 0.000235407
52.7769 0.000232929
52.8544 0.000230477
52.9319 0.00022805
53.0094 0.000225648
53.0869 0.000223272
53.1644 0.000220921
53.2419 0.000218594
53.3194 0.000216291
53.3969 0.000214012
53.4745 0.000211757
53.552 0.000209526
53.6295 0.000207318
53.707 0.000205133
53.7845 0.000202971
53.862 0.000200832
53.9395 0.000198715
54.017 0.00019662
54.0945 0.000194546
54.1721 0.000192495
54.2496 0.000190465
54.3271 0.000188456
54.4046 0.000186469
54.4821 0.000184502
54.5596 0.000182555
54.6371 0.000180629
54.7146 0.000178723
54.7921 0.000176838
54.8697 0.000174971
54.9472 0.000173125
55.0247 0.000171297
55.1022 0.000169489
55.1797 0.0001677
55.2572 0.00016593
55.3347 0.000164178
55.4122 0.000162444
55.4897 0.000160728
55.5673 0.000159031
55.6448 0.000157351
55.7223 0.000155689
55.7998 0.000154045
55.8773 0.000152417
55.9548 0.000150807
56.0323 0.000149213
56.1098 0.000147636
56.1874 0.000146076
56.2649 0.000144532
56.3424 0.000143005
56.4199 0.000141493
56.4974 0.000139997
56.5749 0.000138517
56.6524 0.000137052
56.7299 0.000135603
56.8074 0.000134169
56.885 0.00013275
56.9625 0.000131346
57.04 0.000129957
57.1175 0.000128582
57.195 0.000127222
57.2725 0.000125876
57.35 0.000124544
57.4275 0.000123226
57.505 0.000121922
57.5826 0.000120631
57.6601 0.000119354
57.7376 0.000118091
57.8151 0.000116841
57.8926 0.000115604
57.9701 0.00011438
58.0476 0.000113169
58.1251 0.000111971
58.2026 0.000110785
58.2802 0.000109611
58.3577 0.00010845
58.4352 0.000107302
58.5127 0.000106165
58.5902 0.00010504
58.6677 0.000103927
58.7452 0.000102826
58.8227 0.000101737
58.9002 0.000100658
58.9778 9.95916e-05
59.0553 9.85361e-05
59.1328 9.74916e-05
59.2103 9.64582e-05
59.2878 9.54356e-05
59.3653 9.44238e-05
59.4428 9.34226e-05
59.5203 9.2432e-05
59.5979 9.14518e-05
59.6754 9.0482e-05
59.7529 8.95223e-05
59.8304 8.85728e-05
59.9079 8.76333e-05
59.9854 8.67036e-05
60.0629 8.57838e-05
60.1404 8.48737e-05
60.2179 8.39731e-05
60.2955 8.3082e-05
60.373 8.22004e-05
60.4505 8.1328e-05
60.528 8.04648e-05
60.6055 7.96108e-05
60.683 7.87657e-05
60.7605 7.79296e-05
60.838 7.71022e-05
60.9155 7.62836e-05
60.9931 7.54736e-05
61.0706 7.46722e-05
61.1481 7.38793e-05
61.2256 7.30946e-05
61.3031 7.23183e-05
61.3806 7.15502e-05
61.4581 7.07902e-05
61.5356 7.00382e-05
61.6131 6.92941e-05
61.6907 6.85579e-05
61.7682 6.78295e-05
61.8457 6.71087e-05
61.9232 6.63956e-05
62.0007 6.569e-05
62.0782 6.49918e-05
62.1557 6.4301e-05
62.2332 6.36176e-05
62.3107 6.29413e-05
62.3883 6.22722e-05
62.4658 6.16101e-05
62.5433 6.09551e-05
62.6208 6.0307e-05
62.6983 5.96657e-05
62.7758 5.90312e-05
62.8533 5.84034e-05
62.9308 5.77822e-05
63.0084 5.71676e-05
63.0859 5.65596e-05
63.1634 5.59579e-05
63.2409 5.53626e-05
63.3184 5.47736e-05
63.3959 5.41908e-05
63.4734 5.36142e-05
63.5509 5.30437e-05
63.6284 5.24792e-05
63.706 5.19207e-05
63.7835 5.13681e-05
63.861 5.08214e-05
63.9385 5.02804e-05
64.016 4.97452e-05
64.0935 4.92156e-05
64.171 4.86916e-05
64.2485 4.81732e-05
64.326 4.76603e-05
64.4036 4.71528e-05
64.4811 4.66506e-05
64.5586 4.61538e-05
64.6361 4.56623e-05
64.7136 4.51759e-05
64.7911 4.46947e-05
64.8686 4.42186e-05
64.9461 4.37476e-05
65.0236 4.32815e-05
65.1012 4.28204e-05
65.1787 4.23641e-05
65.2562 4.19127e-05
65.3337 4.14661e-05
65.4112 4.10242e-05
65.4887 4.0587e-05
65.5662 4.01544e-05
65.6437 3.97264e-05
65.7212 3.9303e-05
65.7988 3.8884e-05
65.8763 3.84695e-05
65.9538 3.80594e-05
66.0313 3.76536e-05
66.1088 3.72521e-05
66.1863 3.68549e-05
66.2638 3.64619e-05
66.3413 3.6073e-05
66.4189 3.56883e-05
66.4964 3.53077e-05
66.5739 3.49311e-05
66.6514 3.45585e-05
66.7289 3.41899e-05
66.8064 3.38251e-05
66.8839 3.34643e-05
66.9614 3.31072e-05
67.0389 3.2754e-05
67.1165 3.24045e-05
67.194 3.20587e-05
67.2715 3.17166e-05
67.349 3.13781e-05
67.4265 3.10432e-05
67.504 3.07119e-05
67.5815 3.03841e-05
67.659 3.00598e-05
67.7365 2.97389e-05
67.8141 2.94214e-05
67.8916 2.91073e-05
67.9691 2.87965e-05
68.0466 2.84891e-05
68.1241 2.81848e-05
68.2016 2.78839e-05
68.2791 2.75861e-05
68.3566 2.72915e-05
68.4341 2.7e-05
68.5117 2.67116e-05
68.5892 2.64263e-05
68.6667 2.6144e-05
68.7442 2.58647e-05
68.8217 2.55884e-05
68.8992 2.53151e-05
68.9767 2.50446e-05
69.0542 2.4777e-05
69.1317 2.45122e-05
69.2093 2.42503e-05
69.2868 2.39912e-05
69.3643 2.37348e-05
69.4418 2.34811e-05
69.5193 2.32301e-05
69.5968 2.29818e-05
69.6743 2.27362e-05
69.7518 2.24931e-05
69.8294 2.22527e-05
69.9069 2.20148e-05
69.9844 2.17794e-05
70.0619 2.15465e-05
70.1394 2.13161e-05
70.2169 2.10882e-05
70.2944 2.08627e-05
70.3719 2.06396e-05
70.4494 2.04189e-05
70.527 2.02005e-05
70.6045 1.99844e-05
70.682 1.97706e-05
70.7595 1.95592e-05
70.837 1.93499e-05
70.9145 1.91429e-05
70.992 1.89381e-05
71.0695 1.87355e-05
71.147 1.8535e-05
71.2246 1.83367e-05
71.3021 1.81405e-05
71.3796 1.79464e-05
71.4571 1.77543e-05
71.5346 1.75643e-05
71.6121 1.73763e-05
71.6896 1.71904e-05
71.7671 1.70064e-05
71.8446 1.68243e-05
71.9222 1.66442e-05
71.9997 1.6466e-05
72.0772 1.62898e-05
72.1547 1.61153e-05
72.2322 1.59428e-05
72.3097 1.57721e-05
72.3872 1.56032e-05
72.4647 1.54361e-05
72.5422 1.52708e-05
72.6198 1.51073e-05
72.6973 1.49455e-05
72.7748 1.47854e-05
72.8523 1.46271e-05
72.9298 1.44704e-05
73.0073 1.43154e-05
73.0848 1.4162e-05
73.1623 1.40103e-05
73.2399 1.38602e-05
73.3174 1.37117e-05
73.3949 1.35648e-05
73.4724 1.34195e-05
73.5499 1.32757e-05
73.6274 1.31334e-05
73.7049 1.29927e-05
73.7824 1.28534e-05
73.8599 1.27157e-05
73.9375 1.25794e-05
74.015 1.24445e-05
74.0925 1.23112e-05
74.17 1.21792e-05
74.2475 1.20486e-05
74.325 1.19195e-05
74.4025 1.17917e-05
74.48 1.16653e-05
74.5575 1.15402e-05
74.6351 1.14165e-05
74.7126 1.1294e-05
74.7901 1.11729e-05
74.8676 1.10531e-05
74.9451 1.09346e-05
75.0226 1.08173e-05
75.1001 1.07013e-05
75.1776 1.05865e-05
75.2551 1.0473e-05
75.3327 1.03606e-05
75.4102 1.02495e-05
75.4877 1.01396e-05
75.5652 1.00308e-05
75.6427 9.92316e-06
75.7202 9.8167e-06
75.7977 9.71137e-06
75.8752 9.60717e-06
75.9527 9.50409e-06
76.0303 9.4021e-06
76.1078 9.30121e-06
76.1853 9.20139e-06
76.2628 9.10264e-06
76.3403 9.00495e-06
