-7.55201 9.93158e-05
-7.53161 0.000101561
-7.5112 0.000103858
-7.4908 0.000106207
-7.47039 0.00010861
-7.44999 0.000111068
-7.42958 0.000113581
-7.40918 0.000116152
-7.38877 0.000118782
-7.36837 0.000121472
-7.34796 0.000124223
-7.32756 0.000127037
-7.30715 0.000129916
-7.28675 0.00013286
-7.26634 0.000135872
-7.24594 0.000138952
-7.22553 0.000142103
-7.20513 0.000145326
-7.18472 0.000148623
-7.16432 0.000151995
-7.14391 0.000155445
-7.12351 0.000158973
-7.1031 0.000162583
-7.0827 0.000166275
-7.06229 0.000170052
-7.04189 0.000173915
-7.02148 0.000177867
-7.00108 0.000181909
-6.98067 0.000186045
-6.96027 0.000190275
-6.93986 0.000194602
-6.91946 0.000199029
-6.89905 0.000203557
-6.87865 0.000208189
-6.85824 0.000212928
-6.83784 0.000217776
-6.81743 0.000222735
-6.79703 0.000227808
-6.77662 0.000232998
-6.75622 0.000238307
-6.73581 0.000243739
-6.71541 0.000249295
-6.695 0.000254979
-6.6746 0.000260795
-6.65419 0.000266744
-6.63379 0.00027283
-6.61338 0.000279057
-6.59298 0.000285427
-6.57257 0.000291944
-6.55217 0.000298611
-6.53176 0.000305433
-6.51136 0.000312411
-6.49095 0.000319551
-6.47055 0.000326855
-6.45014 0.000334329
-6.42974 0.000341975
-6.40933 0.000349797
-6.38893 0.000357801
-6.36852 0.000365989
-6.34812 0.000374367
-6.32771 0.000382938
-6.30731 0.000391708
-6.2869 0.000400681
-6.2665 0.000409862
-6.24609 0.000419255
-6.22569 0.000428866
-6.20528 0.0004387
-6.18488 0.000448762
-6.16447 0.000459057
-6.14407 0.00046959
-6.12366 0.000480368
-6.10326 0.000491396
-6.08285 0.00050268
-6.06245 0.000514226
-6.04204 0.000526041
-6.02164 0.000538129
-6.00123 0.000550499
-5.98083 0.000563156
-5.96042 0.000576108
-5.94002 0.00058936
-5.91961 0.000602921
-5.89921 0.000616798
-5.8788 0.000630998
-5.8584 0.000645528
-5.83799 0.000660397
-5.81759 0.000675612
-5.79718 0.000691182
-5.77678 0.000707115
-5.75637 0.000723419
-5.73597 0.000740104
-5.71556 0.000757178
-5.69516 0.00077465
-5.67475 0.000792531
-5.65435 0.000810829
-5.63394 0.000829555
-5.61354 0.000848718
-5.59313 0.000868329
-5.57273 0.000888399
-5.55232 0.000908939
-5.53192 0.000929959
-5.51151 0.000951471
-5.49111 0.000973487
-5.4707 0.000996018
-5.4503 0.00101908
-5.42989 0.00104268
-5.40949 0.00106683
-5.38908 0.00109155
-5.36868 0.00111685
-5.34827 0.00114274
-5.32787 0.00116924
-5.30746 0.00119637
-5.28706 0.00122413
-5.26665 0.00125254
-5.24625 0.00128162
-5.22584 0.00131138
-5.20544 0.00134184
-5.18503 0.00137303
-5.16463 0.00140494
-5.14422 0.00143761
-5.12382 0.00147104
-5.10341 0.00150526
-5.08301 0.00154029
-5.0626 0.00157615
-5.0422 0.00161285
-5.02179 0.00165041
-5.00139 0.00168886
-4.98098 0.00172822
-4.96058 0.00176851
-4.94017 0.00180975
-4.91977 0.00185197
-4.89936 0.00189518
-4.87896 0.00193942
-4.85855 0.0019847
-4.83815 0.00203105
-4.81774 0.0020785
-4.79734 0.00212707
-4.77693 0.00217679
-4.75653 0.00222769
-4.73612 0.0022798
-4.71572 0.00233314
-4.69531 0.00238775
-4.67491 0.00244365
-4.6545 0.00250088
-4.6341 0.00255947
-4.61369 0.00261945
-4.59329 0.00268085
-4.57288 0.00274371
-4.55248 0.00280807
-4.53207 0.00287395
-4.51167 0.00294141
-4.49126 0.00301047
-4.47086 0.00308117
-4.45045 0.00315355
-4.43005 0.00322766
-4.40964 0.00330354
-4.38924 0.00338122
-4.36883 0.00346076
-4.34843 0.00354219
-4.32802 0.00362557
-4.30762 0.00371093
-4.28721 0.00379833
-4.26681 0.00388782
-4.2464 0.00397945
-4.226 0.00407326
-4.20559 0.00416932
-4.18519 0.00426768
-4.16478 0.00436839
-4.14438 0.0044715
-4.12397 0.00457709
-4.10357 0.0046852
-4.08316 0.0047959
-4.06276 0.00490926
-4.04235 0.00502533
-4.02195 0.00514418
-4.00154 0.00526588
-3.98114 0.0053905
-3.96073 0.00551811
-3.94033 0.00564878
-3.91992 0.00578259
-3.89952 0.00591961
-3.87911 0.00605993
-3.85871 0.00620361
-3.8383 0.00635075
-3.8179 0.00650142
-3.79749 0.00665572
-3.77709 0.00681373
-3.75668 0.00697554
-3.73628 0.00714124
-3.71587 0.00731093
-3.69547 0.00748471
-3.67506 0.00766267
-3.65466 0.00784491
-3.63425 0.00803155
-3.61385 0.00822269
-3.59344 0.00841843
-3.57304 0.00861889
-3.55263 0.00882419
-3.53223 0.00903444
-3.51182 0.00924976
-3.49142 0.00947027
-3.47101 0.0096961
-3.45061 0.00992739
-3.4302 0.0101643
-3.4098 0.0104068
-3.38939 0.0106553
-3.36899 0.0109097
-3.34858 0.0111703
-3.32818 0.0114372
-3.30777 0.0117105
-3.28737 0.0119905
-3.26696 0.0122772
-3.24656 0.0125708
-3.22615 0.0128715
-3.20575 0.0131795
-3.18534 0.013495
-3.16494 0.013818
-3.14453 0.0141489
-3.12413 0.0144878
-3.10372 0.0148348
-3.08332 0.0151903
-3.06291 0.0155543
-3.04251 0.0159271
-3.0221 0.0163089
-3.0017 0.0167
-2.98129 0.0171005
-2.96089 0.0175107
-2.94048 0.0179308
-2.92008 0.018361
-2.89967 0.0188016
-2.87927 0.0192528
-2.85886 0.0197149
-2.83846 0.0201882
-2.81805 0.0206729
-2.79765 0.0211693
-2.77724 0.0216776
-2.75684 0.0221982
-2.73643 0.0227313
-2.71603 0.0232772
-2.69562 0.0238362
-2.67522 0.0244087
-2.65481 0.024995
-2.6344 0.0255953
-2.614 0.0262101
-2.59359 0.0268395
-2.57319 0.0274841
-2.55278 0.0281441
-2.53238 0.0288199
-2.51197 0.0295118
-2.49157 0.0302203
-2.47116 0.0309456
-2.45076 0.0316883
-2.43035 0.0324486
-2.40995 0.0332271
-2.38954 0.034024
-2.36914 0.0348398
-2.34873 0.035675
-2.32833 0.0365299
-2.30792 0.037405
-2.28752 0.0383008
-2.26711 0.0392177
-2.24671 0.0401561
-2.2263 0.0411166
-2.2059 0.0420996
-2.18549 0.0431056
-2.16509 0.044135
-2.14468 0.0451885
-2.12428 0.0462664
-2.10387 0.0473693
-2.08347 0.0484978
-2.06306 0.0496523
-2.04266 0.0508333
-2.02225 0.0520415
-2.00185 0.0532773
-1.98144 0.0545413
-1.96104 0.055834
-1.94063 0.0571561
-1.92023 0.058508
-1.89982 0.0598903
-1.87942 0.0613036
-1.85901 0.0627485
-1.83861 0.0642255
-1.8182 0.0657352
-1.7978 0.0672781
-1.77739 0.0688549
-1.75699 0.0704661
-1.73658 0.0721123
-1.71618 0.073794
-1.69577 0.0755117
-1.67537 0.0772661
-1.65496 0.0790577
-1.63456 0.080887
-1.61415 0.0827546
-1.59375 0.0846609
-1.57334 0.0866064
-1.55294 0.0885917
-1.53253 0.0906172
-1.51213 0.0926833
-1.49172 0.0947905
-1.47132 0.0969392
-1.45091 0.0991298
-1.43051 0.101363
-1.4101 0.103638
-1.3897 0.105956
-1.36929 0.108317
-1.34889 0.110722
-1.32848 0.11317
-1.30808 0.115661
-1.28767 0.118196
-1.26727 0.120775
-1.24686 0.123398
-1.22646 0.126064
-1.20605 0.128773
-1.18565 0.131526
-1.16524 0.134322
-1.14484 0.13716
-1.12443 0.14004
-1.10403 0.142962
-1.08362 0.145924
-1.06322 0.148927
-1.04281 0.15197
-1.02241 0.15505
-1.002 0.158169
-0.981599 0.161323
-0.961194 0.164513
-0.940789 0.167737
-0.920384 0.170993
-0.899979 0.174279
-0.879574 0.177595
-0.859169 0.180937
-0.838763 0.184305
-0.818358 0.187695
-0.797953 0.191106
-0.777548 0.194535
-0.757143 0.19798
-0.736738 0.201438
-0.716333 0.204905
-0.695928 0.208379
-0.675523 0.211858
-0.655118 0.215336
-0.634713 0.218812
-0.614308 0.222281
-0.593903 0.225739
-0.573498 0.229183
-0.553093 0.23261
-0.532688 0.236013
-0.512283 0.239391
-0.491878 0.242737
-0.471473 0.246048
-0.451068 0.24932
-0.430663 0.252548
-0.410258 0.255726
-0.389853 0.258852
-0.369448 0.261919
-0.349043 0.264923
-0.328638 0.267861
-0.308233 0.270726
-0.287828 0.273515
-0.267423 0.276223
-0.247018 0.278846
-0.226613 0.281379
-0.206208 0.283818
-0.185803 0.28616
-0.165398 0.2884
-0.144993 0.290534
-0.124588 0.292559
-0.104183 0.294473
-0.0837779 0.29627
-0.0633728 0.29795
-0.0429678 0.299509
-0.0225628 0.300945
-0.0021578 0.302255
0.0182472 0.303439
0.0386522 0.304495
0.0590573 0.30542
0.0794623 0.306216
0.0998673 0.30688
0.120272 0.307413
0.140677 0.307814
0.161082 0.308085
0.181487 0.308225
0.201892 0.308236
0.222297 0.308118
0.242702 0.307873
0.263107 0.307503
0.283512 0.30701
0.303917 0.306395
0.324322 0.305662
0.344727 0.304812
0.365133 0.303849
0.385538 0.302776
0.405943 0.301595
0.426348 0.30031
0.446753 0.298924
0.467158 0.29744
0.487563 0.295863
0.507968 0.294196
0.528373 0.292443
0.548778 0.290607
0.569183 0.288692
0.589588 0.286702
0.609993 0.284641
0.630398 0.282512
0.650803 0.28032
0.671208 0.278068
0.691613 0.275759
0.712018 0.273399
0.732423 0.270989
0.752828 0.268534
0.773233 0.266038
0.793638 0.263503
0.814043 0.260933
0.834448 0.258331
0.854853 0.255701
0.875258 0.253045
0.895663 0.250367
0.916068 0.247668
0.936473 0.244953
0.956878 0.242224
0.977283 0.239482
0.997688 0.236732
1.01809 0.233975
1.0385 0.231213
1.0589 0.228448
1.07931 0.225683
1.09971 0.22292
1.12012 0.22016
1.14052 0.217405
1.16093 0.214657
1.18133 0.211917
1.20174 0.209188
1.22214 0.206469
1.24255 0.203764
1.26295 0.201072
1.28336 0.198396
1.30376 0.195735
1.32417 0.193092
1.34457 0.190467
1.36498 0.187862
1.38538 0.185276
1.40579 0.182711
1.42619 0.180167
1.4466 0.177645
1.467 0.175146
1.48741 0.172669
1.50781 0.170217
1.52822 0.167789
1.54862 0.165385
1.56903 0.163005
1.58943 0.160651
1.60984 0.158323
1.63024 0.15602
1.65065 0.153743
1.67105 0.151491
1.69146 0.149266
1.71186 0.147068
1.73227 0.144895
1.75267 0.142749
1.77308 0.140629
1.79348 0.138536
1.81389 0.136469
1.83429 0.134429
1.8547 0.132414
1.8751 0.130426
1.89551 0.128465
1.91591 0.126529
1.93632 0.124619
1.95672 0.122735
1.97713 0.120876
1.99753 0.119043
2.01794 0.117235
2.03834 0.115452
2.05875 0.113695
2.07915 0.111962
2.09956 0.110253
2.11996 0.108569
2.14037 0.106909
2.16077 0.105273
2.18118 0.10366
2.20158 0.102071
2.22199 0.100505
2.24239 0.0989617
2.2628 0.0974412
2.2832 0.0959432
2.30361 0.0944674
2.32401 0.0930135
2.34442 0.0915812
2.36482 0.0901704
2.38523 0.0887807
2.40563 0.0874119
2.42604 0.0860637
2.44644 0.084736
2.46685 0.0834283
2.48725 0.0821405
2.50766 0.0808723
2.52806 0.0796235
2.54847 0.0783937
2.56887 0.0771828
2.58928 0.0759904
2.60968 0.0748164
2.63009 0.0736604
2.65049 0.0725222
2.6709 0.0714017
2.6913 0.0702984
2.71171 0.0692122
2.73211 0.0681429
2.75252 0.0670901
2.77292 0.0660537
2.79333 0.0650334
2.81373 0.064029
2.83414 0.0630402
2.85454 0.0620668
2.87495 0.0611087
2.89535 0.0601655
2.91576 0.059237
2.93616 0.0583231
2.95657 0.0574234
2.97697 0.0565378
2.99738 0.0556661
3.01778 0.0548081
3.03819 0.0539635
3.05859 0.0531322
3.079 0.0523139
3.0994 0.0515084
3.11981 0.0507156
3.14021 0.0499353
3.16062 0.0491672
3.18102 0.0484111
3.20143 0.047667
3.22183 0.0469345
3.24224 0.0462136
3.26264 0.0455039
3.28305 0.0448055
3.30345 0.044118
3.32386 0.0434413
3.34426 0.0427753
3.36467 0.0421197
3.38508 0.0414744
3.40548 0.0408393
3.42589 0.0402142
3.44629 0.0395989
3.4667 0.0389932
3.4871 0.0383971
3.50751 0.0378103
3.52791 0.0372327
3.54832 0.0366643
3.56872 0.0361047
3.58913 0.0355539
3.60953 0.0350118
3.62994 0.0344781
3.65034 0.0339529
3.67075 0.0334359
3.69115 0.0329269
3.71156 0.032426
3.73196 0.0319329
3.75237 0.0314475
3.77277 0.0309697
3.79318 0.0304994
3.81358 0.0300365
3.83399 0.0295808
3.85439 0.0291322
3.8748 0.0286907
3.8952 0.028256
3.91561 0.0278281
3.93601 0.0274069
3.95642 0.0269923
3.97682 0.0265841
3.99723 0.0261823
4.01763 0.0257868
4.03804 0.0253974
4.05844 0.0250141
4.07885 0.0246368
4.09925 0.0242653
4.11966 0.0238996
4.14006 0.0235396
4.16047 0.0231852
4.18087 0.0228363
4.20128 0.0224928
4.22168 0.0221546
4.24209 0.0218217
4.26249 0.0214939
4.2829 0.0211713
4.3033 0.0208536
4.32371 0.0205408
4.34411 0.0202329
4.36452 0.0199297
4.38492 0.0196312
4.40533 0.0193374
4.42573 0.0190481
4.44614 0.0187632
4.46654 0.0184827
4.48695 0.0182066
4.50735 0.0179347
4.52776 0.017667
4.54816 0.0174034
4.56857 0.0171439
4.58897 0.0168883
4.60938 0.0166367
4.62978 0.016389
4.65019 0.0161451
4.67059 0.0159049
4.691 0.0156684
4.7114 0.0154355
4.73181 0.0152062
4.75221 0.0149804
4.77262 0.014758
4.79302 0.0145391
4.81343 0.0143235
4.83383 0.0141112
4.85424 0.0139021
4.87464 0.0136963
4.89505 0.0134936
4.91545 0.0132939
4.93586 0.0130973
4.95626 0.0129038
4.97667 0.0127131
4.99707 0.0125254
5.01748 0.0123405
5.03788 0.0121584
5.05829 0.0119791
5.07869 0.0118025
5.0991 0.0116286
5.1195 0.0114574
5.13991 0.0112887
5.16031 0.0111226
5.18072 0.010959
5.20112 0.0107979
5.22153 0.0106392
5.24193 0.010483
5.26234 0.010329
5.28274 0.0101775
5.30315 0.0100282
5.32355 0.00988112
5.34396 0.0097363
5.36436 0.00959366
5.38477 0.00945317
5.40517 0.0093148
5.42558 0.00917851
5.44598 0.00904427
5.46639 0.00891206
5.48679 0.00878183
5.5072 0.00865355
5.5276 0.00852721
5.54801 0.00840276
5.56841 0.00828018
5.58882 0.00815943
5.60922 0.0080405
5.62963 0.00792335
5.65003 0.00780796
5.67044 0.00769429
5.69084 0.00758232
5.71125 0.00747202
5.73165 0.00736338
5.75206 0.00725636
5.77246 0.00715093
5.79287 0.00704708
5.81327 0.00694478
5.83368 0.00684401
5.85408 0.00674473
5.87449 0.00664694
5.89489 0.0065506
5.9153 0.00645569
5.9357 0.0063622
5.95611 0.0062701
5.97651 0.00617936
5.99692 0.00608998
6.01732 0.00600192
6.03773 0.00591516
6.05813 0.0058297
6.07854 0.0057455
6.09894 0.00566255
6.11935 0.00558083
6.13975 0.00550031
6.16016 0.00542099
6.18056 0.00534285
6.20097 0.00526585
6.22137 0.00519
6.24178 0.00511527
6.26218 0.00504164
6.28259 0.00496909
6.30299 0.00489762
6.3234 0.0048272
6.3438 0.00475782
6.36421 0.00468946
6.38461 0.00462211
6.40502 0.00455575
6.42542 0.00449036
6.44583 0.00442594
6.46623 0.00436246
6.48664 0.00429992
6.50704 0.00423829
6.52745 0.00417757
6.54785 0.00411774
6.56826 0.00405879
6.58866 0.0040007
6.60907 0.00394347
6.62947 0.00388707
6.64988 0.0038315
6.67028 0.00377674
6.69069 0.00372278
6.71109 0.00366962
6.7315 0.00361723
6.7519 0.0035656
6.77231 0.00351473
6.79271 0.0034646
6.81312 0.0034152
6.83352 0.00336653
6.85393 0.00331856
6.87433 0.00327129
6.89474 0.00322472
6.91514 0.00317882
6.93555 0.00313358
6.95595 0.00308901
6.97636 0.00304509
6.99676 0.0030018
7.01717 0.00295914
7.03757 0.0029171
7.05798 0.00287568
7.07838 0.00283485
7.09879 0.00279462
7.11919 0.00275497
7.1396 0.00271589
7.16 0.00267739
7.18041 0.00263944
7.20081 0.00260204
7.22122 0.00256518
7.24162 0.00252885
7.26203 0.00249305
7.28243 0.00245777
7.30284 0.002423
7.32324 0.00238873
7.34365 0.00235495
7.36405 0.00232167
7.38446 0.00228886
7.40486 0.00225653
7.42527 0.00222466
7.44567 0.00219325
7.46608 0.0021623
7.48648 0.00213179
7.50689 0.00210172
7.52729 0.00207208
7.5477 0.00204287
7.5681 0.00201408
7.58851 0.00198571
7.60891 0.00195774
7.62932 0.00193018
7.64972 0.00190301
7.67013 0.00187623
7.69053 0.00184983
7.71094 0.00182382
7.73134 0.00179817
7.75175 0.0017729
7.77215 0.00174798
7.79256 0.00172343
7.81296 0.00169922
7.83337 0.00167537
7.85377 0.00165185
7.87418 0.00162867
7.89458 0.00160582
7.91499 0.0015833
7.93539 0.0015611
7.9558 0.00153922
7.9762 0.00151765
7.99661 0.00149639
8.01701 0.00147544
8.03742 0.00145478
8.05782 0.00143441
8.07823 0.00141434
8.09863 0.00139455
8.11904 0.00137505
8.13944 0.00135582
8.15985 0.00133687
8.18025 0.00131818
8.20066 0.00129977
8.22106 0.00128161
8.24147 0.00126372
8.26187 0.00124607
8.28228 0.00122868
8.30268 0.00121154
8.32309 0.00119464
8.34349 0.00117798
8.3639 0.00116155
8.3843 0.00114536
8.40471 0.0011294
8.42511 0.00111366
8.44552 0.00109815
8.46592 0.00108286
8.48633 0.00106779
8.50673 0.00105292
8.52714 0.00103827
8.54754 0.00102383
8.56795 0.00100959
8.58835 0.000995553
8.60876 0.000981714
8.62916 0.000968071
8.64957 0.000954621
8.66997 0.00094136
8.69038 0.000928288
8.71078 0.000915399
8.73119 0.000902693
8.75159 0.000890166
8.772 0.000877816
8.7924 0.00086564
8.81281 0.000853636
8.83321 0.000841801
8.85362 0.000830133
8.87402 0.00081863
8.89443 0.000807288
8.91483 0.000796106
8.93524 0.000785082
8.95564 0.000774213
8.97605 0.000763497
8.99645 0.000752931
9.01686 0.000742515
9.03726 0.000732244
9.05767 0.000722118
9.07807 0.000712135
9.09848 0.000702291
9.11888 0.000692586
9.13929 0.000683017
9.15969 0.000673583
9.1801 0.00066428
9.2005 0.000655109
9.22091 0.000646066
9.24131 0.00063715
9.26172 0.000628358
9.28212 0.00061969
9.30253 0.000611144
9.32293 0.000602717
9.34334 0.000594408
9.36375 0.000586216
9.38415 0.000578138
9.40456 0.000570173
9.42496 0.000562319
9.44537 0.000554576
9.46577 0.000546941
9.48618 0.000539412
9.50658 0.000531989
9.52699 0.000524669
9.54739 0.000517451
9.5678 0.000510335
9.5882 0.000503317
9.60861 0.000496398
9.62901 0.000489575
9.64942 0.000482848
9.66982 0.000476214
9.69023 0.000469672
9.71063 0.000463222
9.73104 0.000456862
9.75144 0.00045059
9.77185 0.000444406
9.79225 0.000438308
9.81266 0.000432294
9.83306 0.000426365
9.85347 0.000420518
9.87387 0.000414752
9.89428 0.000409066
9.91468 0.00040346
9.93509 0.000397931
9.95549 0.000392479
9.9759 0.000387103
9.9963 0.000381802
10.0167 0.000376574
10.0371 0.000371419
10.0575 0.000366336
10.0779 0.000361323
10.0983 0.000356379
10.1187 0.000351504
10.1391 0.000346697
10.1595 0.000341956
10.1799 0.000337282
10.2004 0.000332671
10.2208 0.000328125
10.2412 0.000323642
10.2616 0.000319221
10.282 0.000314861
10.3024 0.000310561
10.3228 0.000306321
10.3432 0.00030214
10.3636 0.000298016
10.384 0.00029395
10.4044 0.000289939
10.4248 0.000285984
10.4452 0.000282084
10.4656 0.000278238
10.486 0.000274445
10.5064 0.000270704
10.5268 0.000267015
10.5472 0.000263376
10.5676 0.000259788
10.588 0.00025625
10.6085 0.00025276
10.6289 0.000249319
10.6493 0.000245925
10.6697 0.000242578
10.6901 0.000239276
10.7105 0.000236021
10.7309 0.00023281
10.7513 0.000229643
10.7717 0.000226521
10.7921 0.000223441
10.8125 0.000220403
10.8329 0.000217407
10.8533 0.000214453
10.8737 0.000211539
10.8941 0.000208665
10.9145 0.000205831
10.9349 0.000203036
10.9553 0.000200279
10.9757 0.00019756
10.9961 0.000194879
11.0166 0.000192234
11.037 0.000189626
11.0574 0.000187053
11.0778 0.000184516
11.0982 0.000182013
11.1186 0.000179545
11.139 0.000177111
11.1594 0.00017471
11.1798 0.000172343
11.2002 0.000170007
11.2206 0.000167704
11.241 0.000165432
11.2614 0.000163191
11.2818 0.000160981
11.3022 0.000158802
11.3226 0.000156652
11.343 0.000154532
11.3634 0.00015244
11.3838 0.000150378
11.4042 0.000148343
11.4247 0.000146337
11.4451 0.000144357
11.4655 0.000142405
11.4859 0.00014048
11.5063 0.000138581
11.5267 0.000136708
11.5471 0.00013486
11.5675 0.000133038
11.5879 0.000131241
11.6083 0.000129468
11.6287 0.00012772
11.6491 0.000125995
11.6695 0.000124294
11.6899 0.000122616
11.7103 0.000120961
11.7307 0.000119328
11.7511 0.000117718
11.7715 0.00011613
11.7919 0.000114564
11.8123 0.000113018
11.8328 0.000111494
11.8532 0.000109991
11.8736 0.000108508
11.894 0.000107046
11.9144 0.000105603
11.9348 0.00010418
11.9552 0.000102776
11.9756 0.000101392
11.996 0.000100026
12.0164 9.86791e-05
12.0368 9.73504e-05
12.0572 9.60397e-05
12.0776 9.47469e-05
12.098 9.34716e-05
12.1184 9.22138e-05
12.1388 9.0973e-05
12.1592 8.9749e-05
12.1796 8.85418e-05
12.2 8.73509e-05
12.2204 8.61762e-05
12.2409 8.50175e-05
12.2613 8.38745e-05
12.2817 8.27471e-05
12.3021 8.16349e-05
12.3225 8.05379e-05
12.3429 7.94557e-05
12.3633 7.83883e-05
12.3837 7.73353e-05
12.4041 7.62966e-05
12.4245 7.5272e-05
12.4449 7.42613e-05
12.4653 7.32643e-05
12.4857 7.22809e-05
12.5061 7.13108e-05
12.5265 7.03538e-05
12.5469 6.94098e-05
12.5673 6.84785e-05
12.5877 6.756e-05
12.6081 6.66538e-05
12.6285 6.57599e-05
12.649 6.48781e-05
12.6694 6.40083e-05
12.6898 6.31503e-05
12.7102 6.23038e-05
12.7306 6.14688e-05
12.751 6.06452e-05
12.7714 5.98326e-05
12.7918 5.90311e-05
12.8122 5.82404e-05
12.8326 5.74603e-05
