-5.83696 6.36355e-05
-5.8271 6.47004e-05
-5.81723 6.57833e-05
-5.80737 6.68843e-05
-5.79751 6.80039e-05
-5.78765 6.91424e-05
-5.77778 7.03e-05
-5.76792 7.14771e-05
-5.75806 7.2674e-05
-5.74819 7.38911e-05
-5.73833 7.51288e-05
-5.72847 7.63872e-05
-5.7186 7.76669e-05
-5.70874 7.89681e-05
-5.69888 8.02913e-05
-5.68902 8.16367e-05
-5.67915 8.30049e-05
-5.66929 8.43961e-05
-5.65943 8.58107e-05
-5.64956 8.72493e-05
-5.6397 8.8712e-05
-5.62984 9.01995e-05
-5.61997 9.1712e-05
-5.61011 9.32501e-05
-5.60025 9.48141e-05
-5.59039 9.64045e-05
-5.58052 9.80218e-05
-5.57066 9.96663e-05
-5.5608 0.000101339
-5.55093 0.000103039
-5.54107 0.000104768
-5.53121 0.000106527
-5.52134 0.000108315
-5.51148 0.000110133
-5.50162 0.000111982
-5.49176 0.000113863
-5.48189 0.000115775
-5.47203 0.000117719
-5.46217 0.000119697
-5.4523 0.000121707
-5.44244 0.000123752
-5.43258 0.000125831
-5.42271 0.000127946
-5.41285 0.000130096
-5.40299 0.000132282
-5.39313 0.000134506
-5.38326 0.000136767
-5.3734 0.000139066
-5.36354 0.000141404
-5.35367 0.000143782
-5.34381 0.0001462
-5.33395 0.000148659
-5.32408 0.00015116
-5.31422 0.000153703
-5.30436 0.000156289
-5.2945 0.000158919
-5.28463 0.000161593
-5.27477 0.000164313
-5.26491 0.000167079
-5.25504 0.000169891
-5.24518 0.000172751
-5.23532 0.00017566
-5.22545 0.000178618
-5.21559 0.000181626
-5.20573 0.000184686
-5.19587 0.000187797
-5.186 0.00019096
-5.17614 0.000194178
-5.16628 0.00019745
-5.15641 0.000200777
-5.14655 0.000204161
-5.13669 0.000207603
-5.12682 0.000211103
-5.11696 0.000214662
-5.1071 0.000218282
-5.09724 0.000221963
-5.08737 0.000225706
-5.07751 0.000229513
-5.06765 0.000233385
-5.05778 0.000237323
-5.04792 0.000241327
-5.03806 0.0002454
-5.02819 0.000249542
-5.01833 0.000253754
-5.00847 0.000258038
-4.99861 0.000262394
-4.98874 0.000266825
-4.97888 0.000271331
-4.96902 0.000275913
-4.95915 0.000280574
-4.94929 0.000285313
-4.93943 0.000290134
-4.92957 0.000295036
-4.9197 0.000300022
-4.90984 0.000305093
-4.89998 0.00031025
-4.89011 0.000315495
-4.88025 0.000320829
-4.87039 0.000326254
-4.86052 0.000331771
-4.85066 0.000337382
-4.8408 0.000343089
-4.83094 0.000348893
-4.82107 0.000354797
-4.81121 0.0003608
-4.80135 0.000366906
-4.79148 0.000373116
-4.78162 0.000379432
-4.77176 0.000385856
-4.76189 0.000392389
-4.75203 0.000399034
-4.74217 0.000405791
-4.73231 0.000412665
-4.72244 0.000419655
-4.71258 0.000426765
-4.70272 0.000433996
-4.69285 0.000441351
-4.68299 0.000448831
-4.67313 0.000456439
-4.66326 0.000464177
-4.6534 0.000472047
-4.64354 0.000480051
-4.63368 0.000488192
-4.62381 0.000496473
-4.61395 0.000504895
-4.60409 0.00051346
-4.59422 0.000522172
-4.58436 0.000531034
-4.5745 0.000540046
-4.56463 0.000549213
-4.55477 0.000558537
-4.54491 0.00056802
-4.53505 0.000577665
-4.52518 0.000587475
-4.51532 0.000597453
-4.50546 0.000607603
-4.49559 0.000617925
-4.48573 0.000628425
-4.47587 0.000639104
-4.466 0.000649966
-4.45614 0.000661015
-4.44628 0.000672252
-4.43642 0.000683682
-4.42655 0.000695308
-4.41669 0.000707133
-4.40683 0.000719161
-4.39696 0.000731395
-4.3871 0.000743839
-4.37724 0.000756497
-4.36737 0.000769371
-4.35751 0.000782466
-4.34765 0.000795786
-4.33779 0.000809335
-4.32792 0.000823116
-4.31806 0.000837133
-4.3082 0.000851391
-4.29833 0.000865894
-4.28847 0.000880646
-4.27861 0.000895652
-4.26874 0.000910915
-4.25888 0.00092644
-4.24902 0.000942232
-4.23916 0.000958296
-4.22929 0.000974635
-4.21943 0.000991256
-4.20957 0.00100816
-4.1997 0.00102536
-4.18984 0.00104285
-4.17998 0.00106065
-4.17011 0.00107874
-4.16025 0.00109716
-4.15039 0.00111588
-4.14053 0.00113493
-4.13066 0.00115431
-4.1208 0.00117402
-4.11094 0.00119408
-4.10107 0.00121447
-4.09121 0.00123522
-4.08135 0.00125633
-4.07148 0.00127779
-4.06162 0.00129963
-4.05176 0.00132185
-4.0419 0.00134445
-4.03203 0.00136743
-4.02217 0.00139082
-4.01231 0.00141461
-4.00244 0.0014388
-3.99258 0.00146342
-3.98272 0.00148846
-3.97285 0.00151393
-3.96299 0.00153984
-3.95313 0.0015662
-3.94327 0.00159302
-3.9334 0.00162029
-3.92354 0.00164804
-3.91368 0.00167627
-3.90381 0.00170498
-3.89395 0.0017342
-3.88409 0.00176391
-3.87422 0.00179414
-3.86436 0.00182489
-3.8545 0.00185618
-3.84464 0.001888
-3.83477 0.00192038
-3.82491 0.00195331
-3.81505 0.00198682
-3.80518 0.0020209
-3.79532 0.00205558
-3.78546 0.00209085
-3.77559 0.00212674
-3.76573 0.00216325
-3.75587 0.00220039
-3.74601 0.00223817
-3.73614 0.0022766
-3.72628 0.00231571
-3.71642 0.00235549
-3.70655 0.00239596
-3.69669 0.00243713
-3.68683 0.00247901
-3.67696 0.00252162
-3.6671 0.00256497
-3.65724 0.00260908
-3.64738 0.00265394
-3.63751 0.00269959
-3.62765 0.00274603
-3.61779 0.00279327
-3.60792 0.00284133
-3.59806 0.00289023
-3.5882 0.00293998
-3.57833 0.00299059
-3.56847 0.00304208
-3.55861 0.00309446
-3.54875 0.00314776
-3.53888 0.00320198
-3.52902 0.00325714
-3.51916 0.00331326
-3.50929 0.00337036
-3.49943 0.00342845
-3.48957 0.00348755
-3.4797 0.00354768
-3.46984 0.00360885
-3.45998 0.00367109
-3.45012 0.00373441
-3.44025 0.00379884
-3.43039 0.00386438
-3.42053 0.00393107
-3.41066 0.00399892
-3.4008 0.00406794
-3.39094 0.00413818
-3.38107 0.00420963
-3.37121 0.00428233
-3.36135 0.0043563
-3.35149 0.00443155
-3.34162 0.00450812
-3.33176 0.00458602
-3.3219 0.00466528
-3.31203 0.00474593
-3.30217 0.00482798
-3.29231 0.00491146
-3.28244 0.0049964
-3.27258 0.00508281
-3.26272 0.00517074
-3.25286 0.0052602
-3.24299 0.00535123
-3.23313 0.00544384
-3.22327 0.00553807
-3.2134 0.00563395
-3.20354 0.0057315
-3.19368 0.00583075
-3.18381 0.00593174
-3.17395 0.0060345
-3.16409 0.00613905
-3.15423 0.00624542
-3.14436 0.00635366
-3.1345 0.00646379
-3.12464 0.00657584
-3.11477 0.00668986
-3.10491 0.00680587
-3.09505 0.00692391
-3.08518 0.00704401
-3.07532 0.00716622
-3.06546 0.00729056
-3.0556 0.00741708
-3.04573 0.00754581
-3.03587 0.0076768
-3.02601 0.00781009
-3.01614 0.0079457
-3.00628 0.00808369
-2.99642 0.0082241
-2.98655 0.00836697
-2.97669 0.00851234
-2.96683 0.00866026
-2.95697 0.00881077
-2.9471 0.00896392
-2.93724 0.00911976
-2.92738 0.00927832
-2.91751 0.00943967
-2.90765 0.00960384
-2.89779 0.00977089
-2.88792 0.00994088
-2.87806 0.0101138
-2.8682 0.0102898
-2.85834 0.0104689
-2.84847 0.0106512
-2.83861 0.0108366
-2.82875 0.0110253
-2.81888 0.0112173
-2.80902 0.0114126
-2.79916 0.0116114
-2.78929 0.0118137
-2.77943 0.0120195
-2.76957 0.012229
-2.75971 0.0124421
-2.74984 0.012659
-2.73998 0.0128796
-2.73012 0.0131042
-2.72025 0.0133327
-2.71039 0.0135652
-2.70053 0.0138018
-2.69066 0.0140425
-2.6808 0.0142875
-2.67094 0.0145368
-2.66108 0.0147905
-2.65121 0.0150486
-2.64135 0.0153112
-2.63149 0.0155785
-2.62162 0.0158505
-2.61176 0.0161272
-2.6019 0.0164088
-2.59203 0.0166954
-2.58217 0.016987
-2.57231 0.0172837
-2.56245 0.0175857
-2.55258 0.0178929
-2.54272 0.0182056
-2.53286 0.0185237
-2.52299 0.0188474
-2.51313 0.0191769
-2.50327 0.0195121
-2.4934 0.0198532
-2.48354 0.0202003
-2.47368 0.0205535
-2.46382 0.0209129
-2.45395 0.0212786
-2.44409 0.0216508
-2.43423 0.0220295
-2.42436 0.0224148
-2.4145 0.022807
-2.40464 0.023206
-2.39478 0.023612
-2.38491 0.0240252
-2.37505 0.0244456
-2.36519 0.0248734
-2.35532 0.0253087
-2.34546 0.0257516
-2.3356 0.0262024
-2.32573 0.026661
-2.31587 0.0271277
-2.30601 0.0276026
-2.29615 0.0280858
-2.28628 0.0285775
-2.27642 0.0290779
-2.26656 0.029587
-2.25669 0.030105
-2.24683 0.0306322
-2.23697 0.0311685
-2.2271 0.0317143
-2.21724 0.0322697
-2.20738 0.0328347
-2.19752 0.0334097
-2.18765 0.0339947
-2.17779 0.03459
-2.16793 0.0351957
-2.15806 0.0358121
-2.1482 0.0364392
-2.13834 0.0370772
-2.12847 0.0377264
-2.11861 0.038387
-2.10875 0.0390591
-2.09889 0.039743
-2.08902 0.0404388
-2.07916 0.0411468
-2.0693 0.0418671
-2.05943 0.0425999
-2.04957 0.0433456
-2.03971 0.0441043
-2.02984 0.0448761
-2.01998 0.0456614
-2.01012 0.0464604
-2.00026 0.0472733
-1.99039 0.0481004
-1.98053 0.0489418
-1.97067 0.0497978
-1.9608 0.0506687
-1.95094 0.0515547
-1.94108 0.052456
-1.93121 0.053373
-1.92135 0.0543059
-1.91149 0.0552549
-1.90163 0.0562204
-1.89176 0.0572025
-1.8819 0.0582016
-1.87204 0.059218
-1.86217 0.0602519
-1.85231 0.0613036
-1.84245 0.0623734
-1.83258 0.0634617
-1.82272 0.0645686
-1.81286 0.0656946
-1.803 0.0668399
-1.79313 0.0680048
-1.78327 0.0691897
-1.77341 0.0703949
-1.76354 0.0716207
-1.75368 0.0728674
-1.74382 0.0741355
-1.73395 0.0754251
-1.72409 0.0767366
-1.71423 0.0780705
-1.70437 0.079427
-1.6945 0.0808066
-1.68464 0.0822095
-1.67478 0.0836361
-1.66491 0.0850869
-1.65505 0.0865621
-1.64519 0.0880622
-1.63532 0.0895875
-1.62546 0.0911384
-1.6156 0.0927153
-1.60574 0.0943187
-1.59587 0.0959488
-1.58601 0.0976061
-1.57615 0.099291
-1.56628 0.101004
-1.55642 0.102745
-1.54656 0.104516
-1.53669 0.106315
-1.52683 0.108144
-1.51697 0.110003
-1.50711 0.111893
-1.49724 0.113814
-1.48738 0.115766
-1.47752 0.11775
-1.46765 0.119766
-1.45779 0.121815
-1.44793 0.123897
-1.43806 0.126012
-1.4282 0.128162
-1.41834 0.130346
-1.40848 0.132565
-1.39861 0.13482
-1.38875 0.13711
-1.37889 0.139437
-1.36902 0.1418
-1.35916 0.144201
-1.3493 0.146639
-1.33943 0.149115
-1.32957 0.15163
-1.31971 0.154183
-1.30985 0.156776
-1.29998 0.159409
-1.29012 0.162083
-1.28026 0.164797
-1.27039 0.167552
-1.26053 0.170348
-1.25067 0.173187
-1.2408 0.176068
-1.23094 0.178992
-1.22108 0.181959
-1.21122 0.184969
-1.20135 0.188024
-1.19149 0.191123
-1.18163 0.194266
-1.17176 0.197455
-1.1619 0.200689
-1.15204 0.203968
-1.14217 0.207294
-1.13231 0.210666
-1.12245 0.214084
-1.11259 0.217549
-1.10272 0.221062
-1.09286 0.224621
-1.083 0.228228
-1.07313 0.231883
-1.06327 0.235585
-1.05341 0.239336
-1.04354 0.243134
-1.03368 0.246981
-1.02382 0.250876
-1.01396 0.254819
-1.00409 0.25881
-0.99423 0.262849
-0.984367 0.266936
-0.974504 0.271071
-0.964641 0.275254
-0.954778 0.279485
-0.944915 0.283762
-0.935052 0.288087
-0.925189 0.292458
-0.915326 0.296876
-0.905463 0.301339
-0.8956 0.305848
-0.885737 0.310401
-0.875874 0.314999
-0.866011 0.31964
-0.856148 0.324324
-0.846285 0.329049
-0.836422 0.333816
-0.826559 0.338623
-0.816696 0.34347
-0.806833 0.348354
-0.79697 0.353275
-0.787107 0.358232
-0.777244 0.363224
-0.767381 0.368248
-0.757518 0.373304
-0.747655 0.378389
-0.737792 0.383503
-0.727929 0.388643
-0.718066 0.393808
-0.708203 0.398996
-0.69834 0.404204
-0.688477 0.40943
-0.678614 0.414673
-0.668751 0.419929
-0.658888 0.425197
-0.649025 0.430473
-0.639162 0.435755
-0.629299 0.44104
-0.619436 0.446325
-0.609573 0.451608
-0.59971 0.456884
-0.589847 0.462151
-0.579984 0.467405
-0.570121 0.472643
-0.560258 0.477861
-0.550395 0.483056
-0.540532 0.488223
-0.530669 0.493358
-0.520806 0.498458
-0.510943 0.503518
-0.50108 0.508533
-0.491217 0.513501
-0.481354 0.518415
-0.471491 0.523272
-0.461628 0.528066
-0.451765 0.532793
-0.441902 0.537449
-0.432039 0.542027
-0.422176 0.546524
-0.412313 0.550934
-0.40245 0.555252
-0.392587 0.559472
-0.382724 0.563591
-0.372861 0.567602
-0.362998 0.5715
-0.353135 0.575281
-0.343272 0.578938
-0.333409 0.582467
-0.323546 0.585863
-0.313683 0.58912
-0.30382 0.592234
-0.293957 0.595199
-0.284094 0.598011
-0.274231 0.600664
-0.264368 0.603155
-0.254505 0.605479
-0.244642 0.607631
-0.234779 0.609606
-0.224916 0.611402
-0.215053 0.613014
-0.20519 0.614438
-0.195327 0.615671
-0.185464 0.61671
-0.175601 0.617552
-0.165738 0.618193
-0.155875 0.618632
-0.146012 0.618866
-0.136149 0.618894
-0.126286 0.618713
-0.116423 0.618323
-0.10656 0.617723
-0.0966969 0.616911
-0.0868339 0.615887
-0.0769709 0.614652
-0.0671079 0.613206
-0.0572449 0.611549
-0.0473819 0.609683
-0.0375189 0.607608
-0.0276559 0.605326
-0.0177929 0.60284
-0.00792994 0.600152
0.00193306 0.597264
0.0117961 0.594179
0.021659 0.590901
0.031522 0.587433
0.041385 0.583779
0.051248 0.579943
0.061111 0.57593
0.070974 0.571744
0.080837 0.567391
0.0907 0.562874
0.100563 0.5582
0.110426 0.553375
0.120289 0.548403
0.130152 0.543291
0.140015 0.538045
0.149878 0.53267
0.159741 0.527174
0.169604 0.521562
0.179467 0.515842
0.18933 0.510018
0.199193 0.504099
0.209056 0.49809
0.218919 0.491998
0.228782 0.485829
0.238645 0.47959
0.248508 0.473288
0.258371 0.466929
0.268234 0.460519
0.278097 0.454064
0.28796 0.447571
0.297823 0.441046
0.307686 0.434494
0.317549 0.427922
0.327412 0.421334
0.337275 0.414738
0.347138 0.408137
0.357001 0.401538
0.366864 0.394945
0.376727 0.388364
0.38659 0.381798
0.396453 0.375253
0.406316 0.368733
0.416179 0.362242
0.426042 0.355784
0.435905 0.349363
0.445768 0.342983
0.455631 0.336647
0.465494 0.330358
0.475357 0.32412
0.48522 0.317935
0.495083 0.311806
0.504946 0.305736
0.514809 0.299727
0.524672 0.293782
0.534535 0.287902
0.544398 0.282089
0.554261 0.276346
0.564124 0.270673
0.573987 0.265073
0.58385 0.259546
0.593713 0.254094
0.603576 0.248718
0.613439 0.243418
0.623302 0.238196
0.633165 0.233052
0.643028 0.227987
0.652891 0.223001
0.662754 0.218094
0.672617 0.213267
0.68248 0.208521
0.692343 0.203854
0.702206 0.199267
0.712069 0.19476
0.721932 0.190332
0.731795 0.185984
0.741658 0.181715
0.751521 0.177525
0.761384 0.173413
0.771247 0.169379
0.78111 0.165421
0.790973 0.161541
0.800836 0.157736
0.810699 0.154007
0.820562 0.150352
0.830425 0.14677
0.840288 0.143262
0.850151 0.139826
0.860014 0.136461
0.869877 0.133166
0.87974 0.12994
0.889603 0.126783
0.899466 0.123694
0.909329 0.120671
0.919192 0.117713
0.929055 0.114821
0.938918 0.111992
0.948781 0.109225
0.958644 0.10652
0.968507 0.103875
0.97837 0.101291
0.988233 0.0987642
0.998096 0.0962954
1.00796 0.093883
1.01782 0.0915261
1.02768 0.0892237
1.03755 0.0869747
1.04741 0.0847781
1.05727 0.082633
1.06714 0.0805383
1.077 0.0784931
1.08686 0.0764964
1.09673 0.0745473
1.10659 0.0726447
1.11645 0.0707877
1.12631 0.0689754
1.13618 0.0672068
1.14604 0.0654811
1.1559 0.0637973
1.16577 0.0621546
1.17563 0.060552
1.18549 0.0589887
1.19536 0.0574638
1.20522 0.0559766
1.21508 0.0545261
1.22494 0.0531116
1.23481 0.0517322
1.24467 0.0503871
1.25453 0.0490757
1.2644 0.047797
1.27426 0.0465504
1.28412 0.0453352
1.29399 0.0441505
1.30385 0.0429958
1.31371 0.0418702
1.32357 0.0407732
1.33344 0.0397039
1.3433 0.0386619
1.35316 0.0376464
1.36303 0.0366569
1.37289 0.0356926
1.38275 0.034753
1.39262 0.0338375
1.40248 0.0329454
1.41234 0.0320764
1.4222 0.0312297
1.43207 0.0304048
1.44193 0.0296012
1.45179 0.0288184
1.46166 0.0280559
1.47152 0.0273131
1.48138 0.0265896
1.49125 0.0258849
1.50111 0.0251985
1.51097 0.02453
1.52083 0.0238789
1.5307 0.0232448
1.54056 0.0226273
1.55042 0.0220259
1.56029 0.0214402
1.57015 0.0208699
1.58001 0.0203145
1.58988 0.0197737
1.59974 0.0192471
1.6096 0.0187343
1.61946 0.0182351
1.62933 0.0177489
1.63919 0.0172756
1.64905 0.0168147
1.65892 0.016366
1.66878 0.0159292
1.67864 0.0155039
1.68851 0.0150898
1.69837 0.0146867
1.70823 0.0142942
1.71809 0.0139122
1.72796 0.0135402
1.73782 0.0131781
1.74768 0.0128257
1.75755 0.0124825
1.76741 0.0121485
1.77727 0.0118234
1.78714 0.0115069
1.797 0.0111988
1.80686 0.0108989
1.81672 0.010607
1.82659 0.0103229
1.83645 0.0100463
1.84631 0.00977712
1.85618 0.00951509
1.86604 0.00926006
1.8759 0.00901182
1.88577 0.00877021
1.89563 0.00853505
1.90549 0.00830617
1.91535 0.0080834
1.92522 0.00786658
1.93508 0.00765556
1.94494 0.00745018
1.95481 0.00725029
1.96467 0.00705575
1.97453 0.00686641
1.9844 0.00668214
1.99426 0.0065028
2.00412 0.00632827
2.01398 0.0061584
2.02385 0.00599309
2.03371 0.0058322
2.04357 0.00567563
2.05344 0.00552325
2.0633 0.00537496
2.07316 0.00523065
2.08303 0.0050902
2.09289 0.00495352
2.10275 0.00482051
2.11261 0.00469106
2.12248 0.00456509
2.13234 0.0044425
2.1422 0.0043232
2.15207 0.0042071
2.16193 0.00409412
2.17179 0.00398417
2.18166 0.00387717
2.19152 0.00377305
2.20138 0.00367172
2.21124 0.00357312
2.22111 0.00347716
2.23097 0.00338378
2.24083 0.00329291
2.2507 0.00320448
2.26056 0.00311843
2.27042 0.00303469
2.28029 0.0029532
2.29015 0.0028739
2.30001 0.00279673
2.30987 0.00272164
2.31974 0.00264856
2.3296 0.00257745
2.33946 0.00250825
2.34933 0.00244091
2.35919 0.00237538
2.36905 0.00231161
2.37892 0.00224956
2.38878 0.00218917
2.39864 0.00213041
2.4085 0.00207323
2.41837 0.00201758
2.42823 0.00196344
2.43809 0.00191074
2.44796 0.00185947
2.45782 0.00180957
2.46768 0.00176101
2.47755 0.00171376
2.48741 0.00166778
2.49727 0.00162304
2.50713 0.0015795
2.517 0.00153713
2.52686 0.0014959
2.53672 0.00145577
2.54659 0.00141673
2.55645 0.00137873
2.56631 0.00134176
2.57618 0.00130578
2.58604 0.00127077
2.5959 0.0012367
2.60576 0.00120354
2.61563 0.00117128
2.62549 0.00113988
2.63535 0.00110933
2.64522 0.0010796
2.65508 0.00105066
2.66494 0.00102251
2.67481 0.00099511
2.68467 0.000968447
2.69453 0.0009425
2.70439 0.000917251
2.71426 0.00089268
2.72412 0.000868769
2.73398 0.0008455
2.74385 0.000822857
2.75371 0.000800821
2.76357 0.000779378
2.77343 0.00075851
2.7833 0.000738203
2.79316 0.000718441
2.80302 0.000699209
2.81289 0.000680494
2.82275 0.000662282
2.83261 0.000644558
2.84248 0.00062731
2.85234 0.000610526
2.8622 0.000594191
2.87206 0.000578295
2.88193 0.000562826
2.89179 0.000547772
2.90165 0.000533122
2.91152 0.000518864
2.92138 0.00050499
2.93124 0.000491487
2.94111 0.000478347
2.95097 0.000465559
2.96083 0.000453114
2.97069 0.000441003
2.98056 0.000429217
2.99042 0.000417747
3.00028 0.000406584
3.01015 0.00039572
3.02001 0.000385148
3.02987 0.000374859
3.03974 0.000364846
3.0496 0.000355102
3.05946 0.000345618
3.06932 0.000336389
3.07919 0.000327407
3.08905 0.000318665
3.09891 0.000310158
3.10878 0.000301878
3.11864 0.000293821
3.1285 0.000285979
3.13837 0.000278347
3.14823 0.00027092
3.15809 0.000263691
3.16795 0.000256656
3.17782 0.000249809
3.18768 0.000243146
3.19754 0.000236661
3.20741 0.000230349
3.21727 0.000224207
3.22713 0.000218228
3.237 0.00021241
3.24686 0.000206747
3.25672 0.000201236
3.26658 0.000195872
3.27645 0.000190652
3.28631 0.000185571
3.29617 0.000180627
3.30604 0.000175814
3.3159 0.00017113
3.32576 0.000166571
3.33563 0.000162135
3.34549 0.000157816
3.35535 0.000153614
3.36521 0.000149523
3.37508 0.000145542
3.38494 0.000141667
3.3948 0.000137896
3.40467 0.000134225
3.41453 0.000130652
3.42439 0.000127175
3.43426 0.000123791
3.44412 0.000120497
3.45398 0.000117291
3.46384 0.000114171
3.47371 0.000111134
3.48357 0.000108178
3.49343 0.000105301
3.5033 0.0001025
3.51316 9.97749e-05
3.52302 9.71221e-05
3.53289 9.454e-05
3.54275 9.20268e-05
3.55261 8.95807e-05
3.56247 8.71998e-05
3.57234 8.48824e-05
3.5822 8.26268e-05
3.59206 8.04313e-05
3.60193 7.82944e-05
3.61179 7.62144e-05
3.62165 7.41899e-05
3.63152 7.22194e-05
3.64138 7.03014e-05
3.65124 6.84344e-05
3.6611 6.66173e-05
3.67097 6.48485e-05
3.68083 6.31269e-05
3.69069 6.14511e-05
3.70056 5.982e-05
3.71042 5.82323e-05
3.72028 5.66869e-05
3.73015 5.51827e-05
3.74001 5.37185e-05
3.74987 5.22932e-05
3.75973 5.0906e-05
3.7696 4.95556e-05
3.77946 4.82412e-05
3.78932 4.69618e-05
3.79919 4.57164e-05
3.80905 4.45042e-05
3.81891 4.33242e-05
3.82878 4.21756e-05
3.83864 4.10575e-05
3.8485 3.99692e-05
3.85836 3.89098e-05
3.86823 3.78786e-05
3.87809 3.68749e-05
3.88795 3.58978e-05
3.89782 3.49467e-05
3.90768 3.40209e-05
3.91754 3.31196e-05
3.92741 3.22424e-05
3.93727 3.13884e-05
3.94713 3.05572e-05
3.95699 2.9748e-05
3.96686 2.89603e-05
3.97672 2.81936e-05
3.98658 2.74472e-05
3.99645 2.67206e-05
4.00631 2.60133e-05
4.01617 2.53249e-05
