-0.0832804 0.000761481
0.717098 0.00989307
1.51748 0.0184252
2.31785 0.0217406
3.11823 0.0226272
3.91861 0.0225256
4.71899 0.0220188
5.51937 0.021352
6.31975 0.0206343
7.12012 0.0199155
7.9205 0.0192188
8.72088 0.018554
9.52126 0.0179247
10.3216 0.0173313
11.122 0.0167726
11.9224 0.0162464
12.7228 0.0157508
13.5231 0.0152833
14.3235 0.0148417
15.1239 0.0144241
15.9243 0.0140285
16.7247 0.0136532
17.525 0.0132966
18.3254 0.0129573
19.1258 0.0126339
19.9262 0.0123253
20.7266 0.0120305
21.5269 0.0117484
22.3273 0.0114783
23.1277 0.0112192
23.9281 0.0109705
24.7284 0.0107315
25.5288 0.0105017
26.3292 0.0102804
27.1296 0.0100671
27.93 0.00986142
28.7303 0.00966288
29.5307 0.0094711
30.3311 0.00928571
31.1315 0.00910637
31.9318 0.00893277
32.7322 0.00876461
33.5326 0.00860162
34.333 0.00844356
35.1334 0.00829018
35.9337 0.00814127
36.7341 0.00799662
37.5345 0.00785605
38.3349 0.00771936
39.1353 0.0075864
39.9356 0.00745701
40.736 0.00733103
41.5364 0.00720832
42.3368 0.00708876
43.1371 0.00697221
43.9375 0.00685857
44.7379 0.00674772
45.5383 0.00663955
46.3387 0.00653396
47.139 0.00643087
47.9394 0.00633017
48.7398 0.0062318
49.5402 0.00613565
50.3405 0.00604167
51.1409 0.00594977
51.9413 0.00585988
52.7417 0.00577194
53.5421 0.00568589
54.3424 0.00560167
55.1428 0.00551921
55.9432 0.00543846
56.7436 0.00535938
57.544 0.0052819
58.3443 0.00520599
59.1447 0.00513159
59.9451 0.00505866
60.7455 0.00498715
61.5458 0.00491704
62.3462 0.00484827
63.1466 0.00478082
63.947 0.00471463
64.7474 0.00464969
65.5477 0.00458596
66.3481 0.0045234
67.1485 0.00446198
67.9489 0.00440167
68.7492 0.00434245
69.5496 0.00428429
70.35 0.00422715
71.1504 0.00417103
71.9508 0.00411588
72.7511 0.00406168
73.5515 0.00400842
74.3519 0.00395607
75.1523 0.00390461
75.9527 0.00385401
76.753 0.00380426
77.5534 0.00375534
78.3538 0.00370723
79.1542 0.0036599
79.9545 0.00361335
80.7549 0.00356756
81.5553 0.0035225
82.3557 0.00347816
83.1561 0.00343453
83.9564 0.00339159
84.7568 0.00334933
85.5572 0.00330773
86.3576 0.00326678
87.1579 0.00322646
87.9583 0.00318676
88.7587 0.00314767
89.5591 0.00310917
90.3595 0.00307126
91.1598 0.00303392
91.9602 0.00299715
92.7606 0.00296092
93.561 0.00292523
94.3614 0.00289006
95.1617 0.00285542
95.9621 0.00282128
96.7625 0.00278764
97.5629 0.00275449
98.3632 0.00272182
99.1636 0.00268962
99.964 0.00265788
100.764 0.00262659
101.565 0.00259574
102.365 0.00256534
103.166 0.00253536
103.966 0.0025058
104.766 0.00247665
105.567 0.00244791
106.367 0.00241957
107.167 0.00239162
107.968 0.00236406
108.768 0.00233687
109.569 0.00231005
110.369 0.0022836
111.169 0.00225751
111.97 0.00223176
112.77 0.00220637
113.57 0.00218131
114.371 0.00215659
115.171 0.0021322
115.972 0.00210814
116.772 0.00208439
117.572 0.00206095
118.373 0.00203782
119.173 0.002015
119.973 0.00199247
120.774 0.00197023
121.574 0.00194829
122.375 0.00192663
123.175 0.00190524
123.975 0.00188413
124.776 0.0018633
125.576 0.00184273
126.376 0.00182242
127.177 0.00180236
127.977 0.00178257
128.778 0.00176302
129.578 0.00174372
130.378 0.00172466
131.179 0.00170584
131.979 0.00168725
132.78 0.0016689
133.58 0.00165077
134.38 0.00163287
135.181 0.00161519
135.981 0.00159773
136.781 0.00158048
137.582 0.00156345
138.382 0.00154662
139.183 0.00153
139.983 0.00151358
140.783 0.00149736
141.584 0.00148134
142.384 0.00146551
143.184 0.00144987
143.985 0.00143442
144.785 0.00141915
145.586 0.00140407
146.386 0.00138917
147.186 0.00137444
147.987 0.00135989
148.787 0.00134552
149.587 0.00133131
150.388 0.00131727
151.188 0.0013034
151.989 0.00128969
152.789 0.00127614
153.589 0.00126275
154.39 0.00124952
155.19 0.00123644
155.99 0.00122352
156.791 0.00121074
157.591 0.00119811
158.392 0.00118563
159.192 0.0011733
159.992 0.0011611
160.793 0.00114905
161.593 0.00113713
162.394 0.00112536
163.194 0.00111371
163.994 0.0011022
164.795 0.00109082
165.595 0.00107957
166.395 0.00106845
167.196 0.00105746
167.996 0.00104659
168.797 0.00103584
169.597 0.00102521
170.397 0.00101471
171.198 0.00100432
171.998 0.000994049
172.798 0.000983893
173.599 0.000973851
174.399 0.000963921
175.2 0.000954103
176 0.000944393
176.8 0.000934792
177.601 0.000925297
178.401 0.000915908
179.201 0.000906623
180.002 0.000897441
180.802 0.00088836
181.603 0.000879379
182.403 0.000870497
183.203 0.000861713
184.004 0.000853025
184.804 0.000844432
185.604 0.000835934
186.405 0.000827528
187.205 0.000819215
188.006 0.000810992
188.806 0.000802858
189.606 0.000794813
190.407 0.000786855
191.207 0.000778984
192.007 0.000771198
192.808 0.000763496
193.608 0.000755877
194.409 0.00074834
195.209 0.000740885
196.009 0.00073351
196.81 0.000726214
197.61 0.000718996
198.411 0.000711856
199.211 0.000704792
200.011 0.000697804
200.812 0.00069089
201.612 0.00068405
202.412 0.000677283
203.213 0.000670588
204.013 0.000663964
204.814 0.000657411
205.614 0.000650927
206.414 0.000644511
207.215 0.000638164
208.015 0.000631883
208.815 0.000625669
209.616 0.00061952
210.416 0.000613436
211.217 0.000607416
212.017 0.000601459
212.817 0.000595565
213.618 0.000589733
214.418 0.000583961
215.218 0.00057825
216.019 0.000572599
216.819 0.000567007
217.62 0.000561473
218.42 0.000555996
219.22 0.000550577
220.021 0.000545214
220.821 0.000539907
221.621 0.000534655
222.422 0.000529457
223.222 0.000524313
224.023 0.000519222
224.823 0.000514184
225.623 0.000509198
226.424 0.000504263
227.224 0.000499379
228.025 0.000494545
228.825 0.000489761
229.625 0.000485027
230.426 0.000480341
231.226 0.000475702
232.026 0.000471112
232.827 0.000466568
233.627 0.000462071
234.428 0.00045762
235.228 0.000453214
236.028 0.000448853
236.829 0.000444537
237.629 0.000440265
238.429 0.000436036
239.23 0.00043185
240.03 0.000427706
240.831 0.000423605
241.631 0.000419545
242.431 0.000415526
243.232 0.000411548
244.032 0.00040761
244.832 0.000403712
245.633 0.000399854
246.433 0.000396034
247.234 0.000392253
248.034 0.000388509
248.834 0.000384804
249.635 0.000381136
250.435 0.000377504
251.235 0.000373909
252.036 0.00037035
252.836 0.000366827
253.637 0.000363339
254.437 0.000359886
255.237 0.000356468
256.038 0.000353083
256.838 0.000349733
257.639 0.000346416
258.439 0.000343132
259.239 0.00033988
260.04 0.000336661
260.84 0.000333474
261.64 0.000330319
262.441 0.000327195
263.241 0.000324102
264.042 0.00032104
264.842 0.000318008
265.642 0.000315006
266.443 0.000312034
267.243 0.000309092
268.043 0.000306178
268.844 0.000303293
269.644 0.000300437
270.445 0.000297609
271.245 0.000294808
272.045 0.000292036
272.846 0.00028929
273.646 0.000286572
274.446 0.00028388
275.247 0.000281215
276.047 0.000278576
276.848 0.000275963
277.648 0.000273375
278.448 0.000270813
279.249 0.000268276
280.049 0.000265763
280.849 0.000263276
281.65 0.000260812
282.45 0.000258373
283.251 0.000255958
284.051 0.000253566
284.851 0.000251197
285.652 0.000248851
286.452 0.000246529
287.253 0.000244229
288.053 0.000241951
288.853 0.000239696
289.654 0.000237462
290.454 0.00023525
291.254 0.000233059
292.055 0.00023089
292.855 0.000228742
293.656 0.000226615
294.456 0.000224508
295.256 0.000222421
296.057 0.000220355
296.857 0.000218309
297.657 0.000216283
298.458 0.000214276
299.258 0.000212288
300.059 0.00021032
300.859 0.00020837
301.659 0.00020644
302.46 0.000204528
303.26 0.000202634
304.06 0.000200759
304.861 0.000198901
305.661 0.000197062
306.462 0.00019524
307.262 0.000193436
308.062 0.000191648
308.863 0.000189879
309.663 0.000188126
310.463 0.000186389
311.264 0.00018467
312.064 0.000182967
312.865 0.00018128
313.665 0.000179609
314.465 0.000177955
315.266 0.000176316
316.066 0.000174692
316.866 0.000173085
317.667 0.000171492
318.467 0.000169915
319.268 0.000168353
320.068 0.000166805
320.868 0.000165273
321.669 0.000163755
322.469 0.000162251
323.27 0.000160762
324.07 0.000159286
324.87 0.000157825
325.671 0.000156378
326.471 0.000154944
327.271 0.000153524
328.072 0.000152118
328.872 0.000150725
329.673 0.000149345
330.473 0.000147978
331.273 0.000146624
332.074 0.000145282
332.874 0.000143954
333.674 0.000142638
334.475 0.000141334
335.275 0.000140043
336.076 0.000138764
336.876 0.000137497
337.676 0.000136242
338.477 0.000134999
339.277 0.000133767
340.077 0.000132547
340.878 0.000131339
341.678 0.000130142
342.479 0.000128956
343.279 0.000127781
344.079 0.000126618
344.88 0.000125465
345.68 0.000124323
346.48 0.000123192
347.281 0.000122071
348.081 0.000120961
348.882 0.000119862
349.682 0.000118772
350.482 0.000117693
351.283 0.000116624
352.083 0.000115565
352.884 0.000114516
353.684 0.000113477
354.484 0.000112447
355.285 0.000111427
356.085 0.000110417
356.885 0.000109416
357.686 0.000108424
358.486 0.000107441
359.287 0.000106468
360.087 0.000105504
360.887 0.000104549
361.688 0.000103603
362.488 0.000102665
363.288 0.000101736
364.089 0.000100816
364.889 9.99046e-05
365.69 9.90015e-05
366.49 9.81068e-05
367.29 9.72204e-05
368.091 9.63422e-05
368.891 9.54722e-05
369.691 9.46103e-05
370.492 9.37564e-05
371.292 9.29104e-05
372.093 9.20722e-05
372.893 9.12418e-05
373.693 9.04191e-05
374.494 8.9604e-05
375.294 8.87965e-05
376.094 8.79964e-05
376.895 8.72038e-05
377.695 8.64184e-05
378.496 8.56404e-05
379.296 8.48695e-05
380.096 8.41057e-05
380.897 8.3349e-05
381.697 8.25993e-05
382.498 8.18565e-05
383.298 8.11206e-05
384.098 8.03914e-05
384.899 7.9669e-05
385.699 7.89532e-05
386.499 7.82441e-05
387.3 7.75414e-05
388.1 7.68453e-05
388.901 7.61555e-05
389.701 7.54721e-05
390.501 7.4795e-05
391.302 7.41241e-05
392.102 7.34594e-05
392.902 7.28008e-05
393.703 7.21482e-05
394.503 7.15016e-05
395.304 7.0861e-05
396.104 7.02262e-05
396.904 6.95973e-05
397.705 6.89742e-05
398.505 6.83567e-05
399.305 6.77449e-05
400.106 6.71388e-05
400.906 6.65382e-05
401.707 6.59431e-05
402.507 6.53534e-05
403.307 6.47691e-05
404.108 6.41902e-05
404.908 6.36166e-05
405.708 6.30482e-05
406.509 6.2485e-05
407.309 6.1927e-05
408.11 6.13741e-05
408.91 6.08262e-05
409.71 6.02833e-05
410.511 5.97454e-05
411.311 5.92124e-05
412.112 5.86843e-05
412.912 5.8161e-05
413.712 5.76424e-05
414.513 5.71286e-05
415.313 5.66195e-05
416.113 5.6115e-05
416.914 5.56151e-05
417.714 5.51197e-05
418.515 5.46289e-05
419.315 5.41425e-05
420.115 5.36606e-05
420.916 5.3183e-05
421.716 5.27098e-05
422.516 5.22409e-05
423.317 5.17763e-05
424.117 5.13158e-05
424.918 5.08596e-05
425.718 5.04075e-05
426.518 4.99595e-05
427.319 4.95156e-05
428.119 4.90757e-05
428.919 4.86398e-05
429.72 4.82078e-05
430.52 4.77798e-05
431.321 4.73557e-05
432.121 4.69354e-05
432.921 4.65189e-05
433.722 4.61061e-05
434.522 4.56972e-05
435.322 4.52919e-05
436.123 4.48903e-05
436.923 4.44923e-05
437.724 4.40979e-05
438.524 4.37071e-05
439.324 4.33198e-05
440.125 4.29361e-05
440.925 4.25558e-05
441.726 4.21789e-05
442.526 4.18054e-05
443.326 4.14353e-05
444.127 4.10686e-05
444.927 4.07052e-05
445.727 4.0345e-05
446.528 3.99881e-05
447.328 3.96344e-05
448.129 3.92839e-05
448.929 3.89366e-05
449.729 3.85924e-05
450.53 3.82513e-05
451.33 3.79133e-05
452.13 3.75783e-05
452.931 3.72463e-05
453.731 3.69173e-05
454.532 3.65913e-05
455.332 3.62682e-05
456.132 3.59481e-05
456.933 3.56308e-05
457.733 3.53163e-05
458.533 3.50047e-05
459.334 3.46959e-05
460.134 3.43899e-05
460.935 3.40866e-05
461.735 3.37861e-05
462.535 3.34882e-05
463.336 3.3193e-05
464.136 3.29005e-05
464.936 3.26106e-05
465.737 3.23233e-05
466.537 3.20385e-05
467.338 3.17564e-05
468.138 3.14767e-05
468.938 3.11996e-05
469.739 3.09249e-05
470.539 3.06528e-05
471.339 3.0383e-05
472.14 3.01157e-05
472.94 2.98507e-05
473.741 2.95882e-05
474.541 2.93279e-05
475.341 2.90701e-05
476.142 2.88145e-05
476.942 2.85612e-05
477.743 2.83102e-05
478.543 2.80614e-05
479.343 2.78148e-05
480.144 2.75705e-05
480.944 2.73283e-05
481.744 2.70883e-05
482.545 2.68504e-05
483.345 2.66147e-05
484.146 2.63811e-05
484.946 2.61495e-05
485.746 2.59201e-05
486.547 2.56926e-05
487.347 2.54672e-05
488.147 2.52438e-05
488.948 2.50224e-05
489.748 2.4803e-05
490.549 2.45856e-05
491.349 2.437e-05
492.149 2.41564e-05
492.95 2.39447e-05
493.75 2.37349e-05
494.55 2.3527e-05
495.351 2.33209e-05
496.151 2.31166e-05
496.952 2.29142e-05
497.752 2.27135e-05
498.552 2.25147e-05
499.353 2.23176e-05
500.153 2.21223e-05
500.953 2.19287e-05
501.754 2.17368e-05
502.554 2.15466e-05
503.355 2.13582e-05
504.155 2.11714e-05
504.955 2.09862e-05
505.756 2.08027e-05
506.556 2.06208e-05
507.357 2.04406e-05
508.157 2.02619e-05
508.957 2.00849e-05
509.758 1.99094e-05
510.558 1.97355e-05
511.358 1.95631e-05
512.159 1.93922e-05
512.959 1.92228e-05
513.76 1.9055e-05
514.56 1.88886e-05
515.36 1.87238e-05
516.161 1.85603e-05
516.961 1.83984e-05
517.761 1.82378e-05
518.562 1.80787e-05
519.362 1.7921e-05
520.163 1.77647e-05
520.963 1.76098e-05
521.763 1.74562e-05
522.564 1.7304e-05
523.364 1.71532e-05
524.164 1.70036e-05
524.965 1.68555e-05
525.765 1.67086e-05
526.566 1.6563e-05
527.366 1.64187e-05
528.166 1.62757e-05
528.967 1.61339e-05
529.767 1.59934e-05
530.567 1.58542e-05
531.368 1.57161e-05
532.168 1.55793e-05
532.969 1.54437e-05
533.769 1.53093e-05
534.569 1.51761e-05
535.37 1.5044e-05
536.17 1.49132e-05
536.971 1.47834e-05
537.771 1.46549e-05
538.571 1.45274e-05
539.372 1.44011e-05
540.172 1.42759e-05
540.972 1.41518e-05
541.773 1.40288e-05
542.573 1.39068e-05
543.374 1.3786e-05
544.174 1.36662e-05
544.974 1.35475e-05
545.775 1.34298e-05
546.575 1.33131e-05
547.375 1.31975e-05
548.176 1.30829e-05
548.976 1.29693e-05
549.777 1.28567e-05
550.577 1.27451e-05
551.377 1.26345e-05
552.178 1.25249e-05
552.978 1.24162e-05
553.778 1.23084e-05
554.579 1.22017e-05
555.379 1.20958e-05
556.18 1.19909e-05
556.98 1.18869e-05
557.78 1.17838e-05
558.581 1.16817e-05
559.381 1.15804e-05
560.181 1.148e-05
560.982 1.13805e-05
561.782 1.12819e-05
562.583 1.11841e-05
563.383 1.10872e-05
564.183 1.09912e-05
564.984 1.0896e-05
565.784 1.08016e-05
566.585 1.0708e-05
567.385 1.06153e-05
568.185 1.05234e-05
568.986 1.04323e-05
569.786 1.0342e-05
570.586 1.02525e-05
571.387 1.01637e-05
572.187 1.00758e-05
572.988 9.9886e-06
573.788 9.90218e-06
574.588 9.81652e-06
575.389 9.73161e-06
576.189 9.64744e-06
576.989 9.56401e-06
577.79 9.48131e-06
578.59 9.39933e-06
579.391 9.31807e-06
580.191 9.23753e-06
580.991 9.15768e-06
581.792 9.07854e-06
582.592 9.00009e-06
583.392 8.92232e-06
584.193 8.84524e-06
584.993 8.76883e-06
585.794 8.69308e-06
586.594 8.618e-06
587.394 8.54358e-06
588.195 8.46981e-06
588.995 8.39668e-06
589.795 8.32419e-06
590.596 8.25233e-06
591.396 8.1811e-06
592.197 8.11049e-06
592.997 8.0405e-06
593.797 7.97112e-06
594.598 7.90235e-06
595.398 7.83418e-06
596.199 7.7666e-06
596.999 7.69961e-06
597.799 7.63321e-06
598.6 7.56738e-06
599.4 7.50213e-06
600.2 7.43745e-06
601.001 7.37334e-06
601.801 7.30978e-06
602.602 7.24677e-06
603.402 7.18432e-06
604.202 7.12241e-06
605.003 7.06104e-06
605.803 7.00021e-06
606.603 6.9399e-06
607.404 6.88012e-06
608.204 6.82086e-06
609.005 6.76212e-06
609.805 6.70389e-06
610.605 6.64616e-06
611.406 6.58894e-06
612.206 6.53222e-06
613.006 6.47599e-06
613.807 6.42025e-06
614.607 6.365e-06
615.408 6.31022e-06
616.208 6.25593e-06
617.008 6.2021e-06
617.809 6.14874e-06
618.609 6.09585e-06
619.409 6.04342e-06
620.21 5.99144e-06
621.01 5.93992e-06
621.811 5.88884e-06
622.611 5.83821e-06
623.411 5.78801e-06
624.212 5.73826e-06
625.012 5.68893e-06
625.812 5.64004e-06
626.613 5.59157e-06
627.413 5.54352e-06
628.214 5.49588e-06
629.014 5.44866e-06
629.814 5.40186e-06
630.615 5.35545e-06
631.415 5.30945e-06
632.216 5.26385e-06
633.016 5.21865e-06
633.816 5.17384e-06
634.617 5.12941e-06
635.417 5.08537e-06
636.217 5.04172e-06
637.018 4.99844e-06
637.818 4.95554e-06
638.619 4.91301e-06
639.419 4.87085e-06
640.219 4.82905e-06
641.02 4.78762e-06
641.82 4.74655e-06
642.62 4.70583e-06
643.421 4.66546e-06
644.221 4.62545e-06
645.022 4.58578e-06
645.822 4.54645e-06
646.622 4.50747e-06
647.423 4.46882e-06
648.223 4.43051e-06
649.023 4.39253e-06
649.824 4.35488e-06
650.624 4.31755e-06
651.425 4.28055e-06
652.225 4.24387e-06
653.025 4.2075e-06
653.826 4.17145e-06
654.626 4.13572e-06
655.426 4.10029e-06
656.227 4.06517e-06
657.027 4.03035e-06
657.828 3.99583e-06
658.628 3.96161e-06
659.428 3.92769e-06
660.229 3.89406e-06
661.029 3.86072e-06
661.83 3.82767e-06
662.63 3.7949e-06
663.43 3.76242e-06
664.231 3.73022e-06
665.031 3.6983e-06
665.831 3.66665e-06
666.632 3.63528e-06
667.432 3.60418e-06
668.233 3.57334e-06
669.033 3.54277e-06
669.833 3.51247e-06
670.634 3.48243e-06
671.434 3.45265e-06
672.234 3.42312e-06
673.035 3.39385e-06
673.835 3.36483e-06
674.636 3.33607e-06
675.436 3.30755e-06
676.236 3.27927e-06
677.037 3.25124e-06
677.837 3.22346e-06
678.637 3.19591e-06
679.438 3.1686e-06
680.238 3.14152e-06
681.039 3.11468e-06
681.839 3.08807e-06
682.639 3.06169e-06
683.44 3.03554e-06
684.24 3.00961e-06
685.04 2.98391e-06
685.841 2.95843e-06
686.641 2.93316e-06
687.442 2.90812e-06
688.242 2.88329e-06
689.042 2.85867e-06
689.843 2.83427e-06
690.643 2.81008e-06
691.444 2.78609e-06
692.244 2.76231e-06
693.044 2.73874e-06
693.845 2.71537e-06
694.645 2.6922e-06
695.445 2.66923e-06
696.246 2.64646e-06
697.046 2.62388e-06
697.847 2.6015e-06
698.647 2.57931e-06
699.447 2.55731e-06
700.248 2.5355e-06
701.048 2.51388e-06
701.848 2.49245e-06
702.649 2.4712e-06
703.449 2.45013e-06
704.25 2.42924e-06
705.05 2.40853e-06
705.85 2.388e-06
706.651 2.36765e-06
707.451 2.34747e-06
708.251 2.32747e-06
709.052 2.30763e-06
709.852 2.28797e-06
710.653 2.26848e-06
711.453 2.24915e-06
712.253 2.22999e-06
713.054 2.211e-06
713.854 2.19217e-06
714.654 2.1735e-06
715.455 2.15499e-06
716.255 2.13663e-06
717.056 2.11844e-06
717.856 2.1004e-06
718.656 2.08252e-06
719.457 2.06479e-06
720.257 2.04722e-06
721.058 2.02979e-06
721.858 2.01251e-06
722.658 1.99539e-06
723.459 1.97841e-06
724.259 1.96157e-06
725.059 1.94488e-06
725.86 1.92833e-06
726.66 1.91193e-06
727.461 1.89566e-06
728.261 1.87954e-06
729.061 1.86355e-06
729.862 1.8477e-06
730.662 1.83198e-06
731.462 1.8164e-06
732.263 1.80096e-06
733.063 1.78564e-06
733.864 1.77046e-06
734.664 1.75541e-06
735.464 1.74049e-06
736.265 1.72569e-06
737.065 1.71102e-06
737.865 1.69648e-06
738.666 1.68206e-06
739.466 1.66777e-06
740.267 1.6536e-06
741.067 1.63954e-06
741.867 1.62561e-06
742.668 1.6118e-06
743.468 1.59811e-06
744.268 1.58453e-06
745.069 1.57107e-06
745.869 1.55773e-06
746.67 1.5445e-06
747.47 1.53138e-06
748.27 1.51838e-06
749.071 1.50548e-06
749.871 1.4927e-06
750.671 1.48003e-06
751.472 1.46746e-06
752.272 1.455e-06
753.073 1.44265e-06
753.873 1.43041e-06
754.673 1.41827e-06
755.474 1.40623e-06
756.274 1.3943e-06
757.075 1.38246e-06
757.875 1.37073e-06
758.675 1.3591e-06
759.476 1.34757e-06
760.276 1.33614e-06
761.076 1.3248e-06
761.877 1.31357e-06
762.677 1.30243e-06
763.478 1.29138e-06
764.278 1.28043e-06
765.078 1.26957e-06
765.879 1.2588e-06
766.679 1.24813e-06
767.479 1.23754e-06
768.28 1.22705e-06
769.08 1.21665e-06
769.881 1.20634e-06
770.681 1.19611e-06
771.481 1.18597e-06
772.282 1.17592e-06
773.082 1.16595e-06
773.882 1.15607e-06
774.683 1.14628e-06
775.483 1.13656e-06
776.284 1.12693e-06
777.084 1.11738e-06
777.884 1.10792e-06
778.685 1.09853e-06
779.485 1.08923e-06
780.285 1.08e-06
781.086 1.07085e-06
781.886 1.06178e-06
782.687 1.05279e-06
783.487 1.04387e-06
784.287 1.03504e-06
785.088 1.02627e-06
785.888 1.01758e-06
786.689 1.00897e-06
787.489 1.00042e-06
788.289 9.91956e-07
789.09 9.83559e-07
789.89 9.75234e-07
790.69 9.66979e-07
791.491 9.58795e-07
792.291 9.50681e-07
793.092 9.42636e-07
793.892 9.3466e-07
794.692 9.26751e-07
795.493 9.1891e-07
796.293 9.11136e-07
797.093 9.03428e-07
797.894 8.95785e-07
798.694 8.88208e-07
799.495 8.80695e-07
