-2.84214 0.000617484
-2.833 0.000633818
-2.82387 0.00065058
-2.81473 0.000667781
-2.8056 0.000685433
-2.79646 0.000703548
-2.78733 0.000722136
-2.77819 0.000741211
-2.76906 0.000760785
-2.75992 0.000780871
-2.75079 0.000801483
-2.74165 0.000822632
-2.73252 0.000844335
-2.72338 0.000866604
-2.71425 0.000889454
-2.70511 0.000912901
-2.69598 0.000936959
-2.68684 0.000961645
-2.67771 0.000986973
-2.66857 0.00101296
-2.65944 0.00103963
-2.6503 0.00106699
-2.64117 0.00109506
-2.63203 0.00112386
-2.6229 0.00115341
-2.61376 0.00118373
-2.60463 0.00121483
-2.59549 0.00124674
-2.58636 0.00127948
-2.57722 0.00131307
-2.56809 0.00134753
-2.55895 0.00138289
-2.54982 0.00141915
-2.54068 0.00145636
-2.53155 0.00149453
-2.52241 0.00153369
-2.51328 0.00157386
-2.50414 0.00161506
-2.49501 0.00165733
-2.48587 0.00170069
-2.47674 0.00174517
-2.4676 0.00179079
-2.45847 0.00183759
-2.44933 0.0018856
-2.4402 0.00193484
-2.43106 0.00198534
-2.42193 0.00203714
-2.41279 0.00209028
-2.40366 0.00214477
-2.39452 0.00220067
-2.38539 0.002258
-2.37625 0.00231679
-2.36712 0.00237709
-2.35798 0.00243894
-2.34885 0.00250236
-2.33971 0.00256741
-2.33058 0.00263411
-2.32144 0.00270252
-2.31231 0.00277267
-2.30317 0.00284461
-2.29404 0.00291838
-2.2849 0.00299403
-2.27577 0.0030716
-2.26663 0.00315114
-2.2575 0.0032327
-2.24836 0.00331633
-2.23923 0.00340207
-2.23009 0.00348999
-2.22096 0.00358014
-2.21182 0.00367256
-2.20269 0.00376732
-2.19355 0.00386446
-2.18442 0.00396406
-2.17528 0.00406617
-2.16615 0.00417085
-2.15701 0.00427816
-2.14788 0.00438816
-2.13874 0.00450093
-2.12961 0.00461653
-2.12047 0.00473502
-2.11134 0.00485648
-2.1022 0.00498098
-2.09307 0.00510859
-2.08393 0.00523938
-2.0748 0.00537344
-2.06566 0.00551083
-2.05653 0.00565164
-2.04739 0.00579595
-2.03826 0.00594385
-2.02912 0.00609541
-2.01999 0.00625073
-2.01085 0.00640989
-2.00172 0.00657299
-1.99258 0.00674011
-1.98345 0.00691136
-1.97431 0.00708682
-1.96518 0.0072666
-1.95604 0.0074508
-1.94691 0.00763951
-1.93777 0.00783286
-1.92864 0.00803093
-1.9195 0.00823385
-1.91037 0.00844172
-1.90123 0.00865466
-1.8921 0.00887279
-1.88296 0.00909622
-1.87383 0.00932507
-1.86469 0.00955947
-1.85556 0.00979955
-1.84642 0.0100454
-1.83729 0.0102973
-1.82815 0.0105551
-1.81902 0.0108192
-1.80988 0.0110897
-1.80075 0.0113666
-1.79161 0.0116502
-1.78248 0.0119405
-1.77334 0.0122378
-1.76421 0.0125421
-1.75507 0.0128537
-1.74594 0.0131727
-1.7368 0.0134993
-1.72767 0.0138336
-1.71853 0.0141758
-1.7094 0.014526
-1.70026 0.0148845
-1.69113 0.0152515
-1.68199 0.015627
-1.67285 0.0160113
-1.66372 0.0164046
-1.65458 0.016807
-1.64545 0.0172188
-1.63631 0.0176402
-1.62718 0.0180713
-1.61804 0.0185124
-1.60891 0.0189637
-1.59977 0.0194253
-1.59064 0.0198975
-1.5815 0.0203806
-1.57237 0.0208746
-1.56323 0.02138
-1.5541 0.0218968
-1.54496 0.0224254
-1.53583 0.0229659
-1.52669 0.0235186
-1.51756 0.0240837
-1.50842 0.0246615
-1.49929 0.0252523
-1.49015 0.0258562
-1.48102 0.0264736
-1.47188 0.0271047
-1.46275 0.0277497
-1.45361 0.028409
-1.44448 0.0290828
-1.43534 0.0297714
-1.42621 0.030475
-1.41707 0.031194
-1.40794 0.0319286
-1.3988 0.0326791
-1.38967 0.0334458
-1.38053 0.034229
-1.3714 0.035029
-1.36226 0.0358461
-1.35313 0.0366806
-1.34399 0.0375327
-1.33486 0.0384029
-1.32572 0.0392915
-1.31659 0.0401986
-1.30745 0.0411247
-1.29832 0.0420701
-1.28918 0.043035
-1.28005 0.0440199
-1.27091 0.0450251
-1.26178 0.0460508
-1.25264 0.0470974
-1.24351 0.0481652
-1.23437 0.0492546
-1.22524 0.0503659
-1.2161 0.0514994
-1.20697 0.0526555
-1.19783 0.0538345
-1.1887 0.0550368
-1.17956 0.0562627
-1.17043 0.0575124
-1.16129 0.0587865
-1.15216 0.0600851
-1.14302 0.0614087
-1.13389 0.0627575
-1.12475 0.064132
-1.11562 0.0655324
-1.10648 0.0669591
-1.09735 0.0684124
-1.08821 0.0698926
-1.07908 0.0714002
-1.06994 0.0729352
-1.06081 0.0744983
-1.05167 0.0760895
-1.04254 0.0777093
-1.0334 0.0793579
-1.02427 0.0810357
-1.01513 0.0827429
-1.006 0.0844798
-0.996863 0.0862468
-0.987728 0.0880441
-0.978593 0.089872
-0.969458 0.0917308
-0.960323 0.0936207
-0.951188 0.0955419
-0.942053 0.0974947
-0.932918 0.0994794
-0.923783 0.101496
-0.914648 0.103545
-0.905513 0.105627
-0.896378 0.107741
-0.887243 0.109888
-0.878108 0.112068
-0.868973 0.114281
-0.859838 0.116528
-0.850703 0.118808
-0.841568 0.121121
-0.832433 0.123468
-0.823298 0.125849
-0.814163 0.128264
-0.805028 0.130712
-0.795893 0.133195
-0.786758 0.135711
-0.777623 0.138261
-0.768488 0.140845
-0.759353 0.143463
-0.750218 0.146115
-0.741083 0.1488
-0.731948 0.151519
-0.722813 0.154271
-0.713678 0.157056
-0.704543 0.159875
-0.695407 0.162726
-0.686272 0.16561
-0.677137 0.168527
-0.668002 0.171475
-0.658867 0.174456
-0.649732 0.177468
-0.640597 0.180511
-0.631462 0.183585
-0.622327 0.186689
-0.613192 0.189823
-0.604057 0.192986
-0.594922 0.196179
-0.585787 0.199399
-0.576652 0.202648
-0.567517 0.205924
-0.558382 0.209226
-0.549247 0.212554
-0.540112 0.215908
-0.530977 0.219286
-0.521842 0.222688
-0.512707 0.226113
-0.503572 0.229561
-0.494437 0.233029
-0.485302 0.236519
-0.476167 0.240027
-0.467032 0.243555
-0.457897 0.2471
-0.448762 0.250662
-0.439627 0.25424
-0.430492 0.257832
-0.421357 0.261438
-0.412222 0.265056
-0.403087 0.268686
-0.393952 0.272325
-0.384817 0.275974
-0.375682 0.27963
-0.366547 0.283293
-0.357412 0.28696
-0.348277 0.290632
-0.339142 0.294306
-0.330007 0.297981
-0.320872 0.301656
-0.311737 0.305329
-0.302601 0.308999
-0.293466 0.312665
-0.284331 0.316325
-0.275196 0.319977
-0.266061 0.32362
-0.256926 0.327253
-0.247791 0.330874
-0.238656 0.334481
-0.229521 0.338073
-0.220386 0.341648
-0.211251 0.345206
-0.202116 0.348743
-0.192981 0.352259
-0.183846 0.355752
-0.174711 0.359221
-0.165576 0.362663
-0.156441 0.366078
-0.147306 0.369464
-0.138171 0.372818
-0.129036 0.376141
-0.119901 0.379429
-0.110766 0.382682
-0.101631 0.385898
-0.092496 0.389075
-0.0833609 0.392212
-0.0742259 0.395307
-0.0650909 0.39836
-0.0559559 0.401367
-0.0468208 0.404329
-0.0376858 0.407244
-0.0285508 0.410109
-0.0194158 0.412925
-0.0102808 0.415689
-0.00114573 0.4184
0.0079893 0.421057
0.0171243 0.423659
0.0262593 0.426204
0.0353944 0.428692
0.0445294 0.431121
0.0536644 0.43349
0.0627994 0.435797
0.0719345 0.438043
0.0810695 0.440226
0.0902045 0.442344
0.0993395 0.444398
0.108475 0.446386
0.11761 0.448307
0.126745 0.450161
0.13588 0.451947
0.145015 0.453664
0.15415 0.455311
0.163285 0.456889
0.17242 0.458396
0.181555 0.459832
0.19069 0.461196
0.199825 0.462489
0.20896 0.463709
0.218095 0.464856
0.22723 0.465931
0.236365 0.466933
0.2455 0.467861
0.254635 0.468716
0.26377 0.469498
0.272905 0.470206
0.28204 0.470841
0.291175 0.471402
0.30031 0.47189
0.309445 0.472305
0.31858 0.472648
0.327715 0.472917
0.33685 0.473115
0.345985 0.47324
0.35512 0.473294
0.364255 0.473276
0.37339 0.473188
0.382525 0.473029
0.39166 0.472801
0.400795 0.472503
0.40993 0.472137
0.419065 0.471703
0.4282 0.471202
0.437335 0.470634
0.44647 0.47
0.455605 0.469301
0.46474 0.468538
0.473875 0.467711
0.48301 0.466822
0.492146 0.465871
0.501281 0.464859
0.510416 0.463787
0.519551 0.462657
0.528686 0.461468
0.537821 0.460222
0.546956 0.458919
0.556091 0.457562
0.565226 0.456151
0.574361 0.454687
0.583496 0.453171
0.592631 0.451603
0.601766 0.449986
0.610901 0.448321
0.620036 0.446607
0.629171 0.444848
0.638306 0.443042
0.647441 0.441193
0.656576 0.4393
0.665711 0.437365
0.674846 0.435389
0.683981 0.433374
0.693116 0.43132
0.702251 0.429228
0.711386 0.427099
0.720521 0.424936
0.729656 0.422738
0.738791 0.420507
0.747926 0.418244
0.757061 0.415951
0.766196 0.413627
0.775331 0.411275
0.784466 0.408895
0.793601 0.406489
0.802736 0.404058
0.811871 0.401602
0.821006 0.399123
0.830141 0.396621
0.839276 0.394098
0.848411 0.391555
0.857546 0.388993
0.866681 0.386413
0.875816 0.383815
0.884952 0.381201
0.894087 0.378572
0.903222 0.375929
0.912357 0.373272
0.921492 0.370603
0.930627 0.367922
0.939762 0.36523
0.948897 0.362528
0.958032 0.359818
0.967167 0.357099
0.976302 0.354374
0.985437 0.351641
0.994572 0.348903
1.00371 0.34616
1.01284 0.343413
1.02198 0.340663
1.03111 0.33791
1.04025 0.335155
1.04938 0.332399
1.05852 0.329642
1.06765 0.326886
1.07679 0.32413
1.08592 0.321376
1.09506 0.318623
1.10419 0.315874
1.11333 0.313128
1.12246 0.310385
1.1316 0.307648
1.14073 0.304915
1.14987 0.302187
1.159 0.299466
1.16814 0.296751
1.17727 0.294044
1.18641 0.291344
1.19554 0.288652
1.20468 0.285968
1.21381 0.283293
1.22295 0.280628
1.23208 0.277972
1.24122 0.275326
1.25035 0.272691
1.25949 0.270067
1.26862 0.267454
1.27776 0.264852
1.28689 0.262262
1.29603 0.259685
1.30516 0.25712
1.3143 0.254568
1.32343 0.252029
1.33257 0.249503
1.3417 0.246991
1.35084 0.244493
1.35997 0.242009
1.36911 0.239539
1.37824 0.237084
1.38738 0.234643
1.39651 0.232218
1.40565 0.229807
1.41478 0.227412
1.42392 0.225033
1.43305 0.222669
1.44219 0.220321
1.45132 0.217989
1.46046 0.215672
1.46959 0.213373
1.47873 0.211089
1.48786 0.208822
1.497 0.206571
1.50613 0.204337
1.51527 0.20212
1.5244 0.199919
1.53354 0.197736
1.54267 0.195569
1.55181 0.193419
1.56094 0.191286
1.57008 0.18917
1.57921 0.187072
1.58835 0.18499
1.59748 0.182926
1.60662 0.180879
1.61575 0.178849
1.62489 0.176836
1.63402 0.17484
1.64316 0.172862
1.65229 0.170901
1.66143 0.168957
1.67056 0.16703
1.6797 0.16512
1.68883 0.163228
1.69797 0.161352
1.7071 0.159494
1.71624 0.157653
1.72537 0.155828
1.73451 0.154021
1.74364 0.15223
1.75278 0.150457
1.76191 0.1487
1.77105 0.14696
1.78018 0.145237
1.78932 0.14353
1.79845 0.14184
1.80759 0.140166
1.81672 0.138509
1.82586 0.136868
1.83499 0.135243
1.84413 0.133635
1.85326 0.132043
1.8624 0.130466
1.87153 0.128906
1.88067 0.127362
1.8898 0.125833
1.89894 0.12432
1.90807 0.122823
1.91721 0.121341
1.92634 0.119874
1.93548 0.118423
1.94461 0.116987
1.95375 0.115566
1.96288 0.114161
1.97202 0.11277
1.98115 0.111394
1.99029 0.110033
1.99942 0.108686
2.00856 0.107354
2.01769 0.106036
2.02683 0.104733
2.03596 0.103443
2.0451 0.102168
2.05423 0.100907
2.06337 0.0996599
2.0725 0.0984264
2.08164 0.0972065
2.09077 0.0960002
2.09991 0.0948074
2.10904 0.0936279
2.11818 0.0924616
2.12731 0.0913084
2.13645 0.0901682
2.14558 0.0890409
2.15472 0.0879264
2.16385 0.0868246
2.17299 0.0857353
2.18212 0.0846584
2.19126 0.0835939
2.20039 0.0825417
2.20953 0.0815015
2.21866 0.0804734
2.2278 0.0794571
2.23693 0.0784527
2.24607 0.0774599
2.2552 0.0764787
2.26434 0.075509
2.27348 0.0745506
2.28261 0.0736034
2.29175 0.0726674
2.30088 0.0717424
2.31002 0.0708283
2.31915 0.0699251
2.32829 0.0690325
2.33742 0.0681506
2.34656 0.0672791
2.35569 0.0664181
2.36483 0.0655673
2.37396 0.0647267
2.3831 0.0638962
2.39223 0.0630757
2.40137 0.062265
2.4105 0.0614642
2.41964 0.0606729
2.42877 0.0598913
2.43791 0.0591191
2.44704 0.0583563
2.45618 0.0576028
2.46531 0.0568585
2.47445 0.0561232
2.48358 0.0553969
2.49272 0.0546795
2.50185 0.0539709
2.51099 0.053271
2.52012 0.0525797
2.52926 0.0518969
2.53839 0.0512225
2.54753 0.0505564
2.55666 0.0498986
2.5658 0.0492489
2.57493 0.0486073
2.58407 0.0479736
2.5932 0.0473478
2.60234 0.0467297
2.61147 0.0461194
2.62061 0.0455167
2.62974 0.0449215
2.63888 0.0443338
2.64801 0.0437534
2.65715 0.0431803
2.66628 0.0426143
2.67542 0.0420555
2.68455 0.0415037
2.69369 0.0409589
2.70282 0.0404209
2.71196 0.0398897
2.72109 0.0393653
2.73023 0.0388474
2.73936 0.0383361
2.7485 0.0378313
2.75763 0.0373329
2.76677 0.0368408
2.7759 0.036355
2.78504 0.0358753
2.79417 0.0354018
2.80331 0.0349343
2.81244 0.0344727
2.82158 0.0340171
2.83071 0.0335672
2.83985 0.0331232
2.84898 0.0326848
2.85812 0.032252
2.86725 0.0318248
2.87639 0.031403
2.88552 0.0309867
2.89466 0.0305758
2.90379 0.0301701
2.91293 0.0297696
2.92206 0.0293743
2.9312 0.0289841
2.94033 0.028599
2.94947 0.0282188
2.9586 0.0278435
2.96774 0.0274731
2.97687 0.0271075
2.98601 0.0267466
2.99514 0.0263904
3.00428 0.0260388
3.01341 0.0256918
3.02255 0.0253493
3.03168 0.0250112
3.04082 0.0246775
3.04995 0.0243482
3.05909 0.0240232
3.06822 0.0237024
3.07736 0.0233858
3.08649 0.0230733
3.09563 0.0227649
3.10476 0.0224606
3.1139 0.0221602
3.12303 0.0218637
3.13217 0.0215712
3.1413 0.0212824
3.15044 0.0209974
3.15957 0.0207162
3.16871 0.0204387
3.17784 0.0201648
3.18698 0.0198945
3.19611 0.0196278
3.20525 0.0193645
3.21438 0.0191048
3.22352 0.0188484
3.23265 0.0185954
3.24179 0.0183458
3.25092 0.0180994
3.26006 0.0178563
3.26919 0.0176164
3.27833 0.0173797
3.28746 0.0171461
3.2966 0.0169156
3.30573 0.0166881
3.31487 0.0164636
3.324 0.0162421
3.33314 0.0160236
3.34227 0.0158079
3.35141 0.0155951
3.36054 0.0153851
3.36968 0.0151779
3.37881 0.0149734
3.38795 0.0147717
3.39708 0.0145726
3.40622 0.0143762
3.41535 0.0141824
3.42449 0.0139911
3.43362 0.0138025
3.44276 0.0136163
3.45189 0.0134326
3.46103 0.0132513
3.47016 0.0130724
3.4793 0.012896
3.48843 0.0127219
3.49757 0.0125501
3.5067 0.0123806
3.51584 0.0122133
3.52497 0.0120483
3.53411 0.0118855
3.54324 0.0117249
3.55238 0.0115664
3.56151 0.01141
3.57065 0.0112557
3.57978 0.0111035
3.58892 0.0109533
3.59805 0.0108051
3.60719 0.0106589
3.61632 0.0105147
3.62546 0.0103724
3.63459 0.010232
3.64373 0.0100935
3.65286 0.00995681
3.662 0.00982198
3.67113 0.00968895
3.68027 0.00955771
3.6894 0.00942823
3.69854 0.00930049
3.70767 0.00917447
3.71681 0.00905013
3.72594 0.00892747
3.73508 0.00880645
3.74421 0.00868706
3.75335 0.00856927
3.76248 0.00845307
3.77162 0.00833842
3.78075 0.00822532
3.78989 0.00811375
3.79902 0.00800367
3.80816 0.00789507
3.81729 0.00778794
3.82643 0.00768225
3.83556 0.00757798
3.8447 0.00747512
3.85383 0.00737364
3.86297 0.00727353
3.8721 0.00717477
3.88124 0.00707734
3.89037 0.00698122
3.89951 0.0068864
3.90864 0.00679286
3.91778 0.00670058
3.92691 0.00660955
3.93605 0.00651974
3.94518 0.00643115
3.95432 0.00634375
3.96345 0.00625753
3.97259 0.00617248
3.98172 0.00608858
3.99086 0.00600581
3.99999 0.00592416
4.00913 0.00584361
4.01826 0.00576415
4.0274 0.00568577
4.03653 0.00560845
4.04567 0.00553217
4.0548 0.00545692
4.06394 0.00538269
4.07307 0.00530947
4.08221 0.00523724
4.09134 0.00516598
4.10048 0.00509569
4.10961 0.00502635
4.11875 0.00495795
4.12788 0.00489048
4.13702 0.00482392
4.14615 0.00475826
4.15529 0.00469349
4.16442 0.0046296
4.17356 0.00456658
4.18269 0.00450441
4.19183 0.00444308
4.20096 0.00438258
4.2101 0.00432291
4.21923 0.00426404
4.22837 0.00420597
4.2375 0.00414869
4.24664 0.00409219
4.25578 0.00403645
4.26491 0.00398147
4.27405 0.00392724
4.28318 0.00387374
4.29232 0.00382097
4.30145 0.00376891
4.31059 0.00371756
4.31972 0.00366691
4.32886 0.00361695
4.33799 0.00356766
4.34713 0.00351905
4.35626 0.00347109
4.3654 0.00342379
4.37453 0.00337713
4.38367 0.0033311
4.3928 0.0032857
4.40194 0.00324091
4.41107 0.00319674
4.42021 0.00315316
4.42934 0.00311018
4.43848 0.00306778
4.44761 0.00302596
4.45675 0.00298471
4.46588 0.00294402
4.47502 0.00290388
4.48415 0.00286429
4.49329 0.00282523
4.50242 0.00278671
4.51156 0.00274871
4.52069 0.00271123
4.52983 0.00267426
4.53896 0.00263779
4.5481 0.00260182
4.55723 0.00256634
4.56637 0.00253134
4.5755 0.00249681
4.58464 0.00246276
4.59377 0.00242917
4.60291 0.00239604
4.61204 0.00236336
4.62118 0.00233112
4.63031 0.00229932
4.63945 0.00226796
4.64858 0.00223702
4.65772 0.00220651
4.66685 0.00217641
4.67599 0.00214672
4.68512 0.00211743
4.69426 0.00208855
4.70339 0.00206006
4.71253 0.00203195
4.72166 0.00200423
4.7308 0.00197689
4.73993 0.00194992
4.74907 0.00192331
4.7582 0.00189707
4.76734 0.00187119
4.77647 0.00184566
4.78561 0.00182048
4.79474 0.00179564
4.80388 0.00177114
4.81301 0.00174697
4.82215 0.00172313
4.83128 0.00169962
4.84042 0.00167643
4.84955 0.00165355
4.85869 0.00163099
4.86782 0.00160874
4.87696 0.00158678
4.88609 0.00156513
4.89523 0.00154377
4.90436 0.00152271
4.9135 0.00150193
4.92263 0.00148143
4.93177 0.00146122
4.9409 0.00144128
4.95004 0.00142161
4.95917 0.00140221
4.96831 0.00138307
4.97744 0.0013642
4.98658 0.00134558
4.99571 0.00132722
5.00485 0.00130911
5.01398 0.00129125
5.02312 0.00127362
5.03225 0.00125624
5.04139 0.0012391
5.05052 0.00122219
5.05966 0.00120551
5.06879 0.00118906
5.07793 0.00117283
5.08706 0.00115683
5.0962 0.00114104
5.10533 0.00112547
5.11447 0.00111011
5.1236 0.00109496
5.13274 0.00108002
5.14187 0.00106528
5.15101 0.00105075
5.16014 0.00103641
5.16928 0.00102226
5.17841 0.00100831
5.18755 0.000994554
5.19668 0.000980982
5.20582 0.000967596
5.21495 0.000954392
5.22409 0.000941368
5.23322 0.000928523
5.24236 0.000915852
5.25149 0.000903355
5.26063 0.000891028
5.26976 0.00087887
5.2789 0.000866877
5.28803 0.000855049
5.29717 0.000843381
5.3063 0.000831874
5.31544 0.000820523
5.32457 0.000809327
5.33371 0.000798284
5.34284 0.000787392
5.35198 0.000776648
5.36111 0.000766051
5.37025 0.000755599
5.37938 0.00074529
5.38852 0.000735121
5.39765 0.000725092
5.40679 0.000715199
5.41592 0.000705441
5.42506 0.000695817
5.43419 0.000686324
5.44333 0.00067696
5.45246 0.000667725
5.4616 0.000658615
5.47073 0.00064963
5.47987 0.000640768
5.489 0.000632026
5.49814 0.000623404
5.50727 0.0006149
5.51641 0.000606512
5.52554 0.000598238
5.53468 0.000590078
5.54381 0.000582029
5.55295 0.000574089
5.56208 0.000566258
5.57122 0.000558534
5.58035 0.000550916
5.58949 0.000543402
5.59862 0.00053599
5.60776 0.000528679
5.61689 0.000521468
5.62603 0.000514356
5.63516 0.000507341
5.6443 0.000500422
5.65343 0.000493597
5.66257 0.000486865
5.6717 0.000480225
5.68084 0.000473676
5.68997 0.000467216
5.69911 0.000460845
5.70824 0.00045456
5.71738 0.000448362
5.72651 0.000442248
5.73565 0.000436217
5.74478 0.000430269
5.75392 0.000424402
5.76305 0.000418615
5.77219 0.000412907
5.78132 0.000407277
5.79046 0.000401724
5.79959 0.000396247
5.80873 0.000390844
5.81786 0.000385516
5.827 0.00038026
5.83613 0.000375075
5.84527 0.000369962
5.8544 0.000364918
5.86354 0.000359944
5.87267 0.000355037
5.88181 0.000350197
5.89094 0.000345423
5.90008 0.000340715
5.90921 0.00033607
5.91835 0.00033149
5.92748 0.000326971
5.93662 0.000322515
5.94575 0.000318119
5.95489 0.000313783
5.96402 0.000309506
5.97316 0.000305288
5.98229 0.000301127
5.99143 0.000297023
6.00056 0.000292976
6.0097 0.000288983
6.01883 0.000285045
6.02797 0.000281161
6.0371 0.000277329
6.04624 0.00027355
6.05537 0.000269823
6.06451 0.000266146
6.07364 0.00026252
6.08278 0.000258943
6.09191 0.000255415
6.10105 0.000251935
6.11018 0.000248502
6.11932 0.000245117
6.12845 0.000241777
6.13759 0.000238484
6.14672 0.000235235
6.15586 0.00023203
6.16499 0.000228869
6.17413 0.000225752
6.18326 0.000222677
6.1924 0.000219643
6.20153 0.000216652
6.21067 0.000213701
6.2198 0.00021079
6.22894 0.000207919
6.23808 0.000205087
6.24721 0.000202294
6.25635 0.000199539
6.26548 0.000196822
6.27462 0.000194141
6.28375 0.000191498
