-0.449272 0.000216278
-0.424279 0.000256172
-0.399286 0.000302729
-0.374294 0.000356912
-0.349301 0.000419795
-0.324308 0.000492568
-0.299316 0.000576546
-0.274323 0.000673172
-0.24933 0.000784025
-0.224338 0.000910821
-0.199345 0.00105542
-0.174352 0.00121981
-0.14936 0.00140615
-0.124367 0.0016167
-0.0993744 0.00185388
-0.0743817 0.00212023
-0.0493891 0.00241839
-0.0243964 0.00275114
0.000596252 0.00312131
0.0255889 0.00353182
0.0505816 0.00398566
0.0755742 0.00448582
0.100567 0.00503533
0.12556 0.00563718
0.150552 0.00629435
0.175545 0.00700972
0.200538 0.0077861
0.22553 0.00862615
0.250523 0.00953242
0.275516 0.0105072
0.300508 0.0115528
0.325501 0.012671
0.350494 0.0138635
0.375486 0.0151317
0.400479 0.0164769
0.425472 0.0178997
0.450464 0.0194008
0.475457 0.0209804
0.50045 0.0226384
0.525442 0.0243744
0.550435 0.0261875
0.575428 0.0280769
0.60042 0.030041
0.625413 0.0320784
0.650405 0.0341869
0.675398 0.0363645
0.700391 0.0386085
0.725383 0.0409164
0.750376 0.0432852
0.775369 0.0457118
0.800361 0.0481928
0.825354 0.0507247
0.850347 0.0533041
0.875339 0.0559272
0.900332 0.0585901
0.925325 0.061289
0.950317 0.06402
0.97531 0.066779
1.0003 0.0695622
1.0253 0.0723654
1.05029 0.0751849
1.07528 0.0780166
1.10027 0.0808566
1.12527 0.0837013
1.15026 0.0865467
1.17525 0.0893894
1.20024 0.0922257
1.22524 0.0950523
1.25023 0.0978656
1.27522 0.100663
1.30021 0.10344
1.32521 0.106196
1.3502 0.108926
1.37519 0.111628
1.40019 0.114299
1.42518 0.116938
1.45017 0.119541
1.47516 0.122108
1.50016 0.124635
1.52515 0.12712
1.55014 0.129563
1.57513 0.131961
1.60013 0.134313
1.62512 0.136618
1.65011 0.138874
1.6751 0.14108
1.7001 0.143236
1.72509 0.14534
1.75008 0.147392
1.77508 0.14939
1.80007 0.151335
1.82506 0.153226
1.85005 0.155062
1.87505 0.156843
1.90004 0.158569
1.92503 0.16024
1.95002 0.161856
1.97502 0.163417
2.00001 0.164922
2.025 0.166372
2.04999 0.167768
2.07499 0.169109
2.09998 0.170395
2.12497 0.171628
2.14997 0.172807
2.17496 0.173934
2.19995 0.175007
2.22494 0.176029
2.24994 0.176999
2.27493 0.177918
2.29992 0.178787
2.32491 0.179606
2.34991 0.180376
2.3749 0.181098
2.39989 0.181773
2.42488 0.1824
2.44988 0.182982
2.47487 0.183518
2.49986 0.18401
2.52486 0.184458
2.54985 0.184862
2.57484 0.185225
2.59983 0.185546
2.62483 0.185827
2.64982 0.186068
2.67481 0.18627
2.6998 0.186434
2.7248 0.18656
2.74979 0.18665
2.77478 0.186704
2.79977 0.186723
2.82477 0.186708
2.84976 0.18666
2.87475 0.18658
2.89975 0.186467
2.92474 0.186324
2.94973 0.18615
2.97472 0.185947
2.99972 0.185716
3.02471 0.185456
3.0497 0.18517
3.07469 0.184857
3.09969 0.184518
3.12468 0.184155
3.14967 0.183767
3.17466 0.183355
3.19966 0.182921
3.22465 0.182464
3.24964 0.181986
3.27464 0.181487
3.29963 0.180968
3.32462 0.180429
3.34961 0.179871
3.37461 0.179295
3.3996 0.178701
3.42459 0.17809
3.44958 0.177463
3.47458 0.176819
3.49957 0.17616
3.52456 0.175486
3.54955 0.174798
3.57455 0.174096
3.59954 0.17338
3.62453 0.172652
3.64953 0.171912
3.67452 0.171159
3.69951 0.170395
3.7245 0.169621
3.7495 0.168836
3.77449 0.168041
3.79948 0.167236
3.82447 0.166422
3.84947 0.1656
3.87446 0.164769
3.89945 0.163931
3.92444 0.163085
3.94944 0.162231
3.97443 0.161372
3.99942 0.160505
4.02441 0.159633
4.04941 0.158755
4.0744 0.157871
4.09939 0.156983
4.12439 0.15609
4.14938 0.155192
4.17437 0.15429
4.19936 0.153385
4.22436 0.152476
4.24935 0.151564
4.27434 0.150648
4.29933 0.149731
4.32433 0.14881
4.34932 0.147888
4.37431 0.146964
4.3993 0.146038
4.4243 0.14511
4.44929 0.144181
4.47428 0.143252
4.49928 0.142321
4.52427 0.14139
4.54926 0.140458
4.57425 0.139527
4.59925 0.138595
4.62424 0.137664
4.64923 0.136732
4.67422 0.135802
4.69922 0.134872
4.72421 0.133943
4.7492 0.133015
4.77419 0.132088
4.79919 0.131163
4.82418 0.130239
4.84917 0.129317
4.87417 0.128396
4.89916 0.127477
4.92415 0.126561
4.94914 0.125646
4.97414 0.124734
4.99913 0.123824
5.02412 0.122917
5.04911 0.122012
5.07411 0.12111
5.0991 0.120211
5.12409 0.119314
5.14908 0.118421
5.17408 0.117531
5.19907 0.116644
5.22406 0.11576
5.24906 0.114879
5.27405 0.114002
5.29904 0.113128
5.32403 0.112258
5.34903 0.111392
5.37402 0.110529
5.39901 0.10967
5.424 0.108815
5.449 0.107963
5.47399 0.107116
5.49898 0.106272
5.52397 0.105433
5.54897 0.104597
5.57396 0.103766
5.59895 0.102939
5.62395 0.102116
5.64894 0.101297
5.67393 0.100482
5.69892 0.0996722
5.72392 0.0988664
5.74891 0.098065
5.7739 0.0972679
5.79889 0.0964753
5.82389 0.0956872
5.84888 0.0949035
5.87387 0.0941244
5.89886 0.0933497
5.92386 0.0925796
5.94885 0.0918141
5.97384 0.0910532
5.99884 0.0902968
6.02383 0.0895451
6.04882 0.0887979
6.07381 0.0880554
6.09881 0.0873176
6.1238 0.0865844
6.14879 0.0858558
6.17378 0.085132
6.19878 0.0844127
6.22377 0.0836982
6.24876 0.0829883
6.27375 0.0822832
6.29875 0.0815827
6.32374 0.0808868
6.34873 0.0801957
6.37373 0.0795092
6.39872 0.0788274
6.42371 0.0781503
6.4487 0.0774778
6.4737 0.07681
6.49869 0.0761468
6.52368 0.0754883
6.54867 0.0748344
6.57367 0.0741852
6.59866 0.0735406
6.62365 0.0729006
6.64864 0.0722651
6.67364 0.0716343
6.69863 0.0710081
6.72362 0.0703864
6.74862 0.0697693
6.77361 0.0691567
6.7986 0.0685487
6.82359 0.0679451
6.84859 0.0673461
6.87358 0.0667515
6.89857 0.0661615
6.92356 0.0655758
6.94856 0.0649946
6.97355 0.0644178
6.99854 0.0638455
7.02353 0.0632775
7.04853 0.0627138
7.07352 0.0621546
7.09851 0.0615996
7.12351 0.061049
7.1485 0.0605026
7.17349 0.0599605
7.19848 0.0594227
7.22348 0.0588891
7.24847 0.0583597
7.27346 0.0578345
7.29845 0.0573135
7.32345 0.0567967
7.34844 0.0562839
7.37343 0.0557753
7.39842 0.0552707
7.42342 0.0547702
7.44841 0.0542738
7.4734 0.0537814
7.4984 0.0532929
7.52339 0.0528085
7.54838 0.052328
7.57337 0.0518514
7.59837 0.0513788
7.62336 0.05091
7.64835 0.0504451
7.67334 0.049984
7.69834 0.0495268
7.72333 0.0490733
7.74832 0.0486236
7.77331 0.0481777
7.79831 0.0477355
7.8233 0.047297
7.84829 0.0468621
7.87329 0.0464309
7.89828 0.0460034
7.92327 0.0455794
7.94826 0.0451591
7.97326 0.0447423
7.99825 0.044329
8.02324 0.0439192
8.04823 0.043513
8.07323 0.0431102
8.09822 0.0427108
8.12321 0.0423149
8.1482 0.0419224
8.1732 0.0415332
8.19819 0.0411474
8.22318 0.0407649
8.24818 0.0403857
8.27317 0.0400098
8.29816 0.0396372
8.32315 0.0392678
8.34815 0.0389016
8.37314 0.0385385
8.39813 0.0381787
8.42312 0.037822
8.44812 0.0374684
8.47311 0.0371179
8.4981 0.0367705
8.52309 0.0364261
8.54809 0.0360847
8.57308 0.0357464
8.59807 0.0354111
8.62306 0.0350787
8.64806 0.0347492
8.67305 0.0344226
8.69804 0.034099
8.72304 0.0337782
8.74803 0.0334603
8.77302 0.0331452
8.79801 0.0328329
8.82301 0.0325234
8.848 0.0322166
8.87299 0.0319126
8.89798 0.0316113
8.92298 0.0313127
8.94797 0.0310168
8.97296 0.0307236
8.99795 0.030433
9.02295 0.030145
9.04794 0.0298595
9.07293 0.0295767
9.09793 0.0292964
9.12292 0.0290187
9.14791 0.0287434
9.1729 0.0284707
9.1979 0.0282004
9.22289 0.0279325
9.24788 0.0276672
9.27287 0.0274042
9.29787 0.0271436
9.32286 0.0268853
9.34785 0.0266295
9.37284 0.0263759
9.39784 0.0261247
9.42283 0.0258758
9.44782 0.0256291
9.47282 0.0253847
9.49781 0.0251426
9.5228 0.0249026
9.54779 0.0246649
9.57279 0.0244293
9.59778 0.024196
9.62277 0.0239647
9.64776 0.0237356
9.67276 0.0235086
9.69775 0.0232837
9.72274 0.0230608
9.74773 0.0228401
9.77273 0.0226213
9.79772 0.0224046
9.82271 0.0221899
9.84771 0.0219772
9.8727 0.0217664
9.89769 0.0215576
9.92268 0.0213507
9.94768 0.0211458
9.97267 0.0209427
9.99766 0.0207416
10.0227 0.0205423
10.0476 0.0203449
10.0726 0.0201493
10.0976 0.0199555
10.1226 0.0197636
10.1476 0.0195734
10.1726 0.019385
10.1976 0.0191984
10.2226 0.0190135
10.2476 0.0188303
10.2726 0.0186489
10.2976 0.0184692
10.3226 0.0182911
10.3476 0.0181147
10.3726 0.01794
10.3975 0.0177669
10.4225 0.0175954
10.4475 0.0174256
10.4725 0.0172573
10.4975 0.0170906
10.5225 0.0169255
10.5475 0.0167619
10.5725 0.0165999
10.5975 0.0164394
10.6225 0.0162805
10.6475 0.016123
10.6725 0.015967
10.6975 0.0158125
10.7224 0.0156594
10.7474 0.0155078
10.7724 0.0153577
10.7974 0.0152089
10.8224 0.0150616
10.8474 0.0149156
10.8724 0.0147711
10.8974 0.0146279
10.9224 0.014486
10.9474 0.0143455
10.9724 0.0142064
10.9974 0.0140685
11.0224 0.013932
11.0474 0.0137968
11.0723 0.0136628
11.0973 0.0135302
11.1223 0.0133988
11.1473 0.0132686
11.1723 0.0131397
11.1973 0.013012
11.2223 0.0128855
11.2473 0.0127603
11.2723 0.0126362
11.2973 0.0125133
11.3223 0.0123916
11.3473 0.012271
11.3723 0.0121516
11.3973 0.0120334
11.4222 0.0119163
11.4472 0.0118002
11.4722 0.0116853
11.4972 0.0115715
11.5222 0.0114588
11.5472 0.0113472
11.5722 0.0112366
11.5972 0.0111271
11.6222 0.0110187
11.6472 0.0109113
11.6722 0.0108049
11.6972 0.0106995
11.7222 0.0105952
11.7471 0.0104918
11.7721 0.0103895
11.7971 0.0102881
11.8221 0.0101877
11.8471 0.0100883
11.8721 0.00998978
11.8971 0.00989225
11.9221 0.00979566
11.9471 0.00969999
11.9721 0.00960525
11.9971 0.00951142
12.0221 0.00941849
12.0471 0.00932646
12.0721 0.00923532
12.097 0.00914505
12.122 0.00905566
12.147 0.00896712
12.172 0.00887944
12.197 0.00879261
12.222 0.00870662
12.247 0.00862145
12.272 0.00853711
12.297 0.00845358
12.322 0.00837086
12.347 0.00828894
12.372 0.00820781
12.397 0.00812746
12.4219 0.0080479
12.4469 0.0079691
12.4719 0.00789106
12.4969 0.00781378
12.5219 0.00773725
12.5469 0.00766146
12.5719 0.0075864
12.5969 0.00751207
12.6219 0.00743846
12.6469 0.00736556
12.6719 0.00729337
12.6969 0.00722188
12.7219 0.00715108
12.7469 0.00708097
12.7718 0.00701154
12.7968 0.00694279
12.8218 0.0068747
12.8468 0.00680727
12.8718 0.00674049
12.8968 0.00667437
12.9218 0.00660889
12.9468 0.00654404
12.9718 0.00647982
12.9968 0.00641623
13.0218 0.00635326
13.0468 0.00629089
13.0718 0.00622914
13.0968 0.00616798
13.1217 0.00610742
13.1467 0.00604745
13.1717 0.00598806
13.1967 0.00592925
13.2217 0.00587102
13.2467 0.00581335
13.2717 0.00575624
13.2967 0.00569969
13.3217 0.00564368
13.3467 0.00558823
13.3717 0.00553331
13.3967 0.00547893
13.4217 0.00542508
13.4466 0.00537176
13.4716 0.00531895
13.4966 0.00526666
13.5216 0.00521488
13.5466 0.00516361
13.5716 0.00511283
13.5966 0.00506255
13.6216 0.00501277
13.6466 0.00496346
13.6716 0.00491464
13.6966 0.0048663
13.7216 0.00481842
13.7466 0.00477102
13.7716 0.00472408
13.7965 0.0046776
13.8215 0.00463157
13.8465 0.00458599
13.8715 0.00454085
13.8965 0.00449616
13.9215 0.00445191
13.9465 0.00440808
13.9715 0.00436469
13.9965 0.00432172
14.0215 0.00427917
14.0465 0.00423703
14.0715 0.00419531
14.0965 0.004154
14.1215 0.00411309
14.1464 0.00407258
14.1714 0.00403247
14.1964 0.00399275
14.2214 0.00395342
14.2464 0.00391448
14.2714 0.00387591
14.2964 0.00383773
14.3214 0.00379992
14.3464 0.00376248
14.3714 0.0037254
14.3964 0.00368869
14.4214 0.00365234
14.4464 0.00361634
14.4713 0.0035807
14.4963 0.00354541
14.5213 0.00351046
14.5463 0.00347586
14.5713 0.00344159
14.5963 0.00340766
14.6213 0.00337407
14.6463 0.0033408
14.6713 0.00330786
14.6963 0.00327524
14.7213 0.00324295
14.7463 0.00321097
14.7713 0.0031793
14.7963 0.00314795
14.8212 0.0031169
14.8462 0.00308616
14.8712 0.00305572
14.8962 0.00302557
14.9212 0.00299573
14.9462 0.00296617
14.9712 0.00293691
14.9962 0.00290794
15.0212 0.00287925
15.0462 0.00285084
15.0712 0.00282271
15.0962 0.00279486
15.1212 0.00276728
15.1462 0.00273997
15.1711 0.00271293
15.1961 0.00268615
15.2211 0.00265964
15.2461 0.00263339
15.2711 0.0026074
15.2961 0.00258166
15.3211 0.00255618
15.3461 0.00253095
15.3711 0.00250596
15.3961 0.00248122
15.4211 0.00245673
15.4461 0.00243247
15.4711 0.00240846
15.496 0.00238468
15.521 0.00236113
15.546 0.00233782
15.571 0.00231473
15.596 0.00229187
15.621 0.00226924
15.646 0.00224683
15.671 0.00222464
15.696 0.00220267
15.721 0.00218092
15.746 0.00215938
15.771 0.00213805
15.796 0.00211693
15.821 0.00209602
15.8459 0.00207532
15.8709 0.00205482
15.8959 0.00203452
15.9209 0.00201442
15.9459 0.00199452
15.9709 0.00197481
15.9959 0.0019553
16.0209 0.00193598
16.0459 0.00191686
16.0709 0.00189792
16.0959 0.00187916
16.1209 0.0018606
16.1459 0.00184221
16.1708 0.00182401
16.1958 0.00180598
16.2208 0.00178814
16.2458 0.00177047
16.2708 0.00175297
16.2958 0.00173564
16.3208 0.00171849
16.3458 0.00170151
16.3708 0.00168469
16.3958 0.00166804
16.4208 0.00165155
16.4458 0.00163523
16.4708 0.00161907
16.4958 0.00160306
16.5207 0.00158722
16.5457 0.00157153
16.5707 0.00155599
16.5957 0.00154061
16.6207 0.00152538
16.6457 0.0015103
16.6707 0.00149537
16.6957 0.00148059
16.7207 0.00146595
16.7457 0.00145146
16.7707 0.00143711
16.7957 0.0014229
16.8207 0.00140883
16.8457 0.0013949
16.8706 0.00138111
16.8956 0.00136745
16.9206 0.00135393
16.9456 0.00134054
16.9706 0.00132729
16.9956 0.00131416
17.0206 0.00130117
17.0456 0.0012883
17.0706 0.00127556
17.0956 0.00126295
17.1206 0.00125046
17.1456 0.00123809
17.1706 0.00122585
17.1955 0.00121372
17.2205 0.00120172
17.2455 0.00118984
17.2705 0.00117807
17.2955 0.00116642
17.3205 0.00115488
17.3455 0.00114346
17.3705 0.00113215
17.3955 0.00112095
17.4205 0.00110986
17.4455 0.00109889
17.4705 0.00108802
17.4955 0.00107726
17.5205 0.0010666
17.5454 0.00105605
17.5704 0.0010456
17.5954 0.00103526
17.6204 0.00102502
17.6454 0.00101488
17.6704 0.00100484
17.6954 0.000994901
17.7204 0.00098506
17.7454 0.000975315
17.7704 0.000965667
17.7954 0.000956114
17.8204 0.000946655
17.8454 0.00093729
17.8704 0.000928018
17.8953 0.000918837
17.9203 0.000909747
17.9453 0.000900747
17.9703 0.000891835
17.9953 0.000883012
18.0203 0.000874276
18.0453 0.000865627
18.0703 0.000857062
18.0953 0.000848583
18.1203 0.000840187
18.1453 0.000831875
18.1703 0.000823644
18.1953 0.000815495
18.2202 0.000807427
18.2452 0.000799438
18.2702 0.000791528
18.2952 0.000783696
18.3202 0.000775942
18.3452 0.000768265
18.3702 0.000760663
18.3952 0.000753137
18.4202 0.000745685
18.4452 0.000738307
18.4702 0.000731001
18.4952 0.000723768
18.5202 0.000716607
18.5452 0.000709516
18.5701 0.000702496
18.5951 0.000695544
18.6201 0.000688662
18.6451 0.000681848
18.6701 0.000675101
18.6951 0.000668421
18.7201 0.000661806
18.7451 0.000655258
18.7701 0.000648774
18.7951 0.000642354
18.8201 0.000635998
18.8451 0.000629704
18.8701 0.000623473
18.895 0.000617304
18.92 0.000611195
18.945 0.000605147
18.97 0.000599159
18.995 0.00059323
19.02 0.000587359
19.045 0.000581547
19.07 0.000575792
19.095 0.000570095
19.12 0.000564453
19.145 0.000558867
19.17 0.000553337
19.195 0.000547861
19.22 0.00054244
19.2449 0.000537072
19.2699 0.000531757
19.2949 0.000526495
19.3199 0.000521285
19.3449 0.000516126
19.3699 0.000511019
19.3949 0.000505962
19.4199 0.000500955
19.4449 0.000495998
19.4699 0.000491089
19.4949 0.000486229
19.5199 0.000481418
19.5449 0.000476654
19.5699 0.000471937
19.5948 0.000467267
19.6198 0.000462643
19.6448 0.000458064
19.6698 0.000453531
19.6948 0.000449043
19.7198 0.0004446
19.7448 0.0004402
19.7698 0.000435844
19.7948 0.000431531
19.8198 0.00042726
19.8448 0.000423032
19.8698 0.000418846
19.8948 0.000414701
19.9197 0.000410597
19.9447 0.000406534
19.9697 0.000402511
19.9947 0.000398528
20.0197 0.000394584
20.0447 0.000390679
20.0697 0.000386813
20.0947 0.000382986
20.1197 0.000379196
20.1447 0.000375443
20.1697 0.000371728
20.1947 0.000368049
20.2197 0.000364407
20.2447 0.000360801
20.2696 0.000357231
20.2946 0.000353696
20.3196 0.000350196
20.3446 0.000346731
20.3696 0.0003433
20.3946 0.000339902
20.4196 0.000336539
20.4446 0.000333209
20.4696 0.000329912
20.4946 0.000326647
20.5196 0.000323415
20.5446 0.000320214
20.5696 0.000317046
20.5946 0.000313909
20.6195 0.000310802
20.6445 0.000307727
20.6695 0.000304682
20.6945 0.000301667
20.7195 0.000298682
20.7445 0.000295727
20.7695 0.0002928
20.7945 0.000289903
20.8195 0.000287035
20.8445 0.000284195
20.8695 0.000281382
20.8945 0.000278598
20.9195 0.000275842
20.9444 0.000273112
20.9694 0.00027041
20.9944 0.000267734
21.0194 0.000265085
21.0444 0.000262462
21.0694 0.000259865
21.0944 0.000257294
21.1194 0.000254748
21.1444 0.000252228
21.1694 0.000249732
21.1944 0.000247261
21.2194 0.000244815
21.2444 0.000242393
21.2694 0.000239995
21.2943 0.00023762
21.3193 0.000235269
21.3443 0.000232941
21.3693 0.000230637
21.3943 0.000228355
21.4193 0.000226096
21.4443 0.000223859
21.4693 0.000221644
21.4943 0.000219451
21.5193 0.00021728
21.5443 0.00021513
21.5693 0.000213002
21.5943 0.000210895
21.6192 0.000208808
21.6442 0.000206742
21.6692 0.000204697
21.6942 0.000202672
21.7192 0.000200667
21.7442 0.000198682
21.7692 0.000196716
21.7942 0.00019477
21.8192 0.000192843
21.8442 0.000190936
21.8692 0.000189047
21.8942 0.000187177
21.9192 0.000185325
21.9442 0.000183492
21.9691 0.000181677
21.9941 0.000179879
22.0191 0.0001781
22.0441 0.000176338
22.0691 0.000174594
22.0941 0.000172867
22.1191 0.000171157
22.1441 0.000169464
22.1691 0.000167787
22.1941 0.000166128
22.2191 0.000164484
22.2441 0.000162857
22.2691 0.000161247
22.2941 0.000159652
22.319 0.000158072
22.344 0.000156509
22.369 0.000154961
22.394 0.000153428
22.419 0.000151911
22.444 0.000150408
22.469 0.00014892
22.494 0.000147447
22.519 0.000145989
22.544 0.000144545
22.569 0.000143116
22.594 0.0001417
22.619 0.000140299
22.6439 0.000138911
22.6689 0.000137537
22.6939 0.000136177
22.7189 0.00013483
22.7439 0.000133497
22.7689 0.000132176
22.7939 0.000130869
22.8189 0.000129575
22.8439 0.000128293
22.8689 0.000127025
22.8939 0.000125768
22.9189 0.000124525
22.9439 0.000123293
22.9689 0.000122074
22.9938 0.000120867
23.0188 0.000119671
23.0438 0.000118488
23.0688 0.000117316
23.0938 0.000116156
23.1188 0.000115008
23.1438 0.00011387
23.1688 0.000112744
23.1938 0.000111629
23.2188 0.000110526
23.2438 0.000109433
23.2688 0.000108351
23.2938 0.000107279
23.3188 0.000106218
23.3437 0.000105168
23.3687 0.000104128
23.3937 0.000103099
23.4187 0.000102079
23.4437 0.00010107
23.4687 0.000100071
23.4937 9.90812e-05
23.5187 9.81016e-05
23.5437 9.71317e-05
23.5687 9.61713e-05
23.5937 9.52205e-05
23.6187 9.4279e-05
23.6437 9.33469e-05
23.6686 9.2424e-05
23.6936 9.15103e-05
23.7186 9.06056e-05
23.7436 8.97098e-05
23.7686 8.88229e-05
23.7936 8.79448e-05
23.8186 8.70753e-05
23.8436 8.62145e-05
23.8686 8.53622e-05
23.8936 8.45183e-05
23.9186 8.36828e-05
23.9436 8.28555e-05
23.9686 8.20365e-05
23.9936 8.12255e-05
24.0185 8.04226e-05
24.0435 7.96276e-05
24.0685 7.88404e-05
24.0935 7.80611e-05
24.1185 7.72895e-05
24.1435 7.65255e-05
24.1685 7.5769e-05
24.1935 7.50201e-05
24.2185 7.42785e-05
24.2435 7.35443e-05
24.2685 7.28174e-05
24.2935 7.20976e-05
24.3185 7.1385e-05
24.3435 7.06795e-05
24.3684 6.99809e-05
24.3934 6.92892e-05
24.4184 6.86043e-05
24.4434 6.79263e-05
24.4684 6.72549e-05
24.4934 6.65902e-05
24.5184 6.59321e-05
