-8.84272 1.10126e-07
-8.79535 1.19347e-07
-8.74799 1.29338e-07
-8.70062 1.40163e-07
-8.65325 1.51893e-07
-8.60589 1.64602e-07
-8.55852 1.78373e-07
-8.51115 1.93293e-07
-8.46378 2.09458e-07
-8.41642 2.26972e-07
-8.36905 2.45947e-07
-8.32168 2.66506e-07
-8.27432 2.88778e-07
-8.22695 3.12908e-07
-8.17958 3.39049e-07
-8.13221 3.67369e-07
-8.08485 3.98048e-07
-8.03748 4.31284e-07
-7.99011 4.67287e-07
-7.94275 5.06289e-07
-7.89538 5.48538e-07
-7.84801 5.94303e-07
-7.80064 6.43877e-07
-7.75328 6.97575e-07
-7.70591 7.55739e-07
-7.65854 8.1874e-07
-7.61117 8.86979e-07
-7.56381 9.60889e-07
-7.51644 1.04094e-06
-7.46907 1.12764e-06
-7.42171 1.22155e-06
-7.37434 1.32325e-06
-7.32697 1.43339e-06
-7.2796 1.55267e-06
-7.23224 1.68185e-06
-7.18487 1.82174e-06
-7.1375 1.97323e-06
-7.09014 2.13728e-06
-7.04277 2.31493e-06
-6.9954 2.50729e-06
-6.94803 2.71559e-06
-6.90067 2.94113e-06
-6.8533 3.18533e-06
-6.80593 3.44975e-06
-6.75857 3.73604e-06
-6.7112 4.046e-06
-6.66383 4.38159e-06
-6.61646 4.74491e-06
-6.5691 5.13824e-06
-6.52173 5.56405e-06
-6.47436 6.02502e-06
-6.427 6.52403e-06
-6.37963 7.0642e-06
-6.33226 7.64892e-06
-6.28489 8.28185e-06
-6.23753 8.96692e-06
-6.19016 9.70843e-06
-6.14279 1.0511e-05
-6.09543 1.13796e-05
-6.04806 1.23197e-05
-6.00069 1.33371e-05
-5.95332 1.44381e-05
-5.90596 1.56296e-05
-5.85859 1.6919e-05
-5.81122 1.83142e-05
-5.76386 1.98239e-05
-5.71649 2.14575e-05
-5.66912 2.3225e-05
-5.62175 2.51373e-05
-5.57439 2.72062e-05
-5.52702 2.94445e-05
-5.47965 3.1866e-05
-5.43229 3.44855e-05
-5.38492 3.73191e-05
-5.33755 4.03842e-05
-5.29018 4.36995e-05
-5.24282 4.72854e-05
-5.19545 5.11638e-05
-5.14808 5.53583e-05
-5.10072 5.98945e-05
-5.05335 6.48e-05
-5.00598 7.01046e-05
-4.95861 7.58405e-05
-4.91125 8.20425e-05
-4.86388 8.87481e-05
-4.81651 9.59979e-05
-4.76914 0.000103836
-4.72178 0.000112308
-4.67441 0.000121467
-4.62704 0.000131367
-4.57968 0.000142068
-4.53231 0.000153633
-4.48494 0.000166131
-4.43757 0.000179638
-4.39021 0.000194233
-4.34284 0.000210003
-4.29547 0.000227042
-4.24811 0.000245451
-4.20074 0.000265338
-4.15337 0.000286821
-4.106 0.000310025
-4.05864 0.000335087
-4.01127 0.000362154
-3.9639 0.000391383
-3.91654 0.000422945
-3.86917 0.000457024
-3.8218 0.000493816
-3.77443 0.000533534
-3.72707 0.000576408
-3.6797 0.000622682
-3.63233 0.000672624
-3.58497 0.000726517
-3.5376 0.000784668
-3.49023 0.000847407
-3.44286 0.00091509
-3.3955 0.000988097
-3.34813 0.00106684
-3.30076 0.00115175
-3.2534 0.00124331
-3.20603 0.00134203
-3.15866 0.00144845
-3.11129 0.00156315
-3.06393 0.00168676
-3.01656 0.00181996
-2.96919 0.00196347
-2.92183 0.00211806
-2.87446 0.00228455
-2.82709 0.00246384
-2.77972 0.00265688
-2.73236 0.00286468
-2.68499 0.00308832
-2.63762 0.00332898
-2.59026 0.00358788
-2.54289 0.00386635
-2.49552 0.00416581
-2.44815 0.00448776
-2.40079 0.00483381
-2.35342 0.00520566
-2.30605 0.00560513
-2.25868 0.00603416
-2.21132 0.00649478
-2.16395 0.00698919
-2.11658 0.00751968
-2.06922 0.0080887
-2.02185 0.00869882
-1.97448 0.00935278
-1.92711 0.0100534
-1.87975 0.0108038
-1.83238 0.011607
-1.78501 0.0124665
-1.73765 0.0133857
-1.69028 0.0143682
-1.64291 0.0154178
-1.59554 0.0165383
-1.54818 0.017734
-1.50081 0.0190089
-1.45344 0.0203673
-1.40608 0.0218135
-1.35871 0.023352
-1.31134 0.0249872
-1.26397 0.0267236
-1.21661 0.0285656
-1.16924 0.0305173
-1.12187 0.032583
-1.07451 0.0347665
-1.02714 0.0370713
-0.979771 0.0395007
-0.932404 0.0420571
-0.885037 0.0447426
-0.83767 0.0475584
-0.790303 0.0505047
-0.742935 0.0535808
-0.695568 0.0567846
-0.648201 0.0601126
-0.600834 0.06356
-0.553467 0.06712
-0.5061 0.0707841
-0.458732 0.0745418
-0.411365 0.0783806
-0.363998 0.0822862
-0.316631 0.0862422
-0.269264 0.0902306
-0.221897 0.0942318
-0.174529 0.0982252
-0.127162 0.102189
-0.0797951 0.106103
-0.032428 0.109945
0.0149392 0.113694
0.0623064 0.117332
0.109674 0.120842
0.157041 0.124208
0.204408 0.127418
0.251775 0.130463
0.299142 0.133334
0.346509 0.136027
0.393877 0.138538
0.441244 0.140868
0.488611 0.143016
0.535978 0.144986
0.583345 0.146781
0.630712 0.148406
0.67808 0.149866
0.725447 0.151167
0.772814 0.152315
0.820181 0.153318
0.867548 0.154182
0.914915 0.154913
0.962283 0.155517
1.00965 0.156003
1.05702 0.156375
1.10438 0.15664
1.15175 0.156804
1.19912 0.156873
1.24649 0.156852
1.29385 0.156746
1.34122 0.15656
1.38859 0.156299
1.43595 0.155967
1.48332 0.155569
1.53069 0.155108
1.57806 0.15459
1.62542 0.154016
1.67279 0.153391
1.72016 0.152718
1.76752 0.152
1.81489 0.15124
1.86226 0.150441
1.90963 0.149605
1.95699 0.148735
2.00436 0.147833
2.05173 0.146902
2.09909 0.145943
2.14646 0.144958
2.19383 0.143951
2.2412 0.142921
2.28856 0.141872
2.33593 0.140804
2.3833 0.139719
2.43066 0.138619
2.47803 0.137505
2.5254 0.136378
2.57277 0.13524
2.62013 0.134091
2.6675 0.132934
2.71487 0.131768
2.76223 0.130595
2.8096 0.129416
2.85697 0.128231
2.90434 0.127043
2.9517 0.12585
2.99907 0.124655
3.04644 0.123458
3.09381 0.122259
3.14117 0.12106
3.18854 0.11986
3.23591 0.118661
3.28327 0.117463
3.33064 0.116266
3.37801 0.115072
3.42538 0.11388
3.47274 0.112691
3.52011 0.111505
3.56748 0.110323
3.61484 0.109145
3.66221 0.107972
3.70958 0.106803
3.75695 0.10564
3.80431 0.104482
3.85168 0.10333
3.89905 0.102184
3.94641 0.101044
3.99378 0.0999103
4.04115 0.0987834
4.08852 0.0976635
4.13588 0.0965506
4.18325 0.095445
4.23062 0.0943468
4.27798 0.0932562
4.32535 0.0921732
4.37272 0.0910981
4.42009 0.090031
4.46745 0.088972
4.51482 0.0879211
4.56219 0.0868785
4.60955 0.0858443
4.65692 0.0848185
4.70429 0.0838012
4.75166 0.0827926
4.79902 0.0817925
4.84639 0.0808011
4.89376 0.0798185
4.94112 0.0788446
4.98849 0.0778795
5.03586 0.0769232
5.08323 0.0759758
5.13059 0.0750373
5.17796 0.0741076
5.22533 0.0731868
5.27269 0.0722749
5.32006 0.0713719
5.36743 0.0704778
5.4148 0.0695925
5.46216 0.0687161
5.50953 0.0678486
5.5569 0.0669899
5.60427 0.06614
5.65163 0.0652989
5.699 0.0644665
5.74637 0.0636429
5.79373 0.0628279
5.8411 0.0620216
5.88847 0.061224
5.93584 0.0604349
5.9832 0.0596544
6.03057 0.0588824
6.07794 0.0581188
6.1253 0.0573637
6.17267 0.0566169
6.22004 0.0558785
6.26741 0.0551483
6.31477 0.0544263
6.36214 0.0537125
6.40951 0.0530068
6.45687 0.0523091
6.50424 0.0516195
6.55161 0.0509378
6.59898 0.050264
6.64634 0.049598
6.69371 0.0489398
6.74108 0.0482892
6.78844 0.0476464
6.83581 0.0470111
6.88318 0.0463833
6.93055 0.045763
6.97791 0.0451502
7.02528 0.0445446
7.07265 0.0439463
7.12001 0.0433552
7.16738 0.0427713
7.21475 0.0421945
7.26212 0.0416247
7.30948 0.0410618
7.35685 0.0405058
7.40422 0.0399567
7.45158 0.0394143
7.49895 0.0388786
7.54632 0.0383495
7.59369 0.0378271
7.64105 0.0373111
7.68842 0.0368015
7.73579 0.0362984
7.78315 0.0358015
7.83052 0.0353109
7.87789 0.0348265
7.92526 0.0343482
7.97262 0.033876
8.01999 0.0334097
8.06736 0.0329494
8.11473 0.032495
8.16209 0.0320464
8.20946 0.0316035
8.25683 0.0311663
8.30419 0.0307347
8.35156 0.0303087
8.39893 0.0298882
8.4463 0.0294731
8.49366 0.0290634
8.54103 0.028659
8.5884 0.0282599
8.63576 0.027866
8.68313 0.0274772
8.7305 0.0270935
8.77787 0.0267148
8.82523 0.0263412
8.8726 0.0259724
8.91997 0.0256085
8.96733 0.0252493
9.0147 0.024895
9.06207 0.0245453
9.10944 0.0242002
9.1568 0.0238597
9.20417 0.0235238
9.25154 0.0231923
9.2989 0.0228653
9.34627 0.0225426
9.39364 0.0222242
9.44101 0.0219101
9.48837 0.0216002
9.53574 0.0212945
9.58311 0.0209928
9.63047 0.0206953
9.67784 0.0204017
9.72521 0.0201121
9.77258 0.0198265
9.81994 0.0195446
9.86731 0.0192667
9.91468 0.0189924
9.96204 0.0187219
10.0094 0.0184551
10.0568 0.0181919
10.1041 0.0179323
10.1515 0.0176763
10.1989 0.0174237
10.2462 0.0171746
10.2936 0.0169289
10.341 0.0166866
10.3883 0.0164476
10.4357 0.0162118
10.4831 0.0159794
10.5305 0.0157501
10.5778 0.015524
10.6252 0.015301
10.6726 0.015081
10.7199 0.0148641
10.7673 0.0146503
10.8147 0.0144393
10.862 0.0142313
10.9094 0.0140262
10.9568 0.0138239
11.0041 0.0136245
11.0515 0.0134278
11.0989 0.0132339
11.1462 0.0130426
11.1936 0.012854
11.241 0.0126681
11.2883 0.0124847
11.3357 0.012304
11.3831 0.0121257
11.4304 0.01195
11.4778 0.0117767
11.5252 0.0116058
11.5725 0.0114373
11.6199 0.0112712
11.6673 0.0111075
11.7146 0.010946
11.762 0.0107868
11.8094 0.0106299
11.8567 0.0104752
11.9041 0.0103226
11.9515 0.0101722
11.9988 0.010024
12.0462 0.0098778
12.0936 0.0097337
12.1409 0.00959164
12.1883 0.0094516
12.2357 0.00931354
12.283 0.00917745
12.3304 0.00904328
12.3778 0.00891102
12.4251 0.00878065
12.4725 0.00865213
12.5199 0.00852544
12.5672 0.00840055
12.6146 0.00827744
12.662 0.0081561
12.7093 0.00803648
12.7567 0.00791857
12.8041 0.00780235
12.8514 0.00768779
12.8988 0.00757487
12.9462 0.00746356
12.9935 0.00735385
13.0409 0.00724572
13.0883 0.00713913
13.1356 0.00703408
13.183 0.00693053
13.2304 0.00682847
13.2777 0.00672788
13.3251 0.00662873
13.3725 0.00653102
13.4198 0.00643471
13.4672 0.00633978
13.5146 0.00624623
13.5619 0.00615402
13.6093 0.00606315
13.6567 0.00597358
13.7041 0.00588531
13.7514 0.00579832
13.7988 0.00571258
13.8462 0.00562809
13.8935 0.00554482
13.9409 0.00546275
13.9883 0.00538187
14.0356 0.00530216
14.083 0.00522362
14.1304 0.00514621
14.1777 0.00506992
14.2251 0.00499474
14.2725 0.00492065
14.3198 0.00484764
14.3672 0.0047757
14.4146 0.0047048
14.4619 0.00463493
14.5093 0.00456607
14.5567 0.00449823
14.604 0.00443137
14.6514 0.00436548
14.6988 0.00430056
14.7461 0.00423658
14.7935 0.00417354
14.8409 0.00411141
14.8882 0.0040502
14.9356 0.00398988
14.983 0.00393044
15.0303 0.00387188
15.0777 0.00381416
15.1251 0.0037573
15.1724 0.00370127
15.2198 0.00364605
15.2672 0.00359165
15.3145 0.00353804
15.3619 0.00348523
15.4093 0.00343318
15.4566 0.0033819
15.504 0.00333138
15.5514 0.00328159
15.5987 0.00323254
15.6461 0.00318421
15.6935 0.00313659
15.7408 0.00308966
15.7882 0.00304343
15.8356 0.00299789
15.8829 0.00295301
15.9303 0.00290879
15.9777 0.00286522
16.025 0.0028223
16.0724 0.00278001
16.1198 0.00273834
16.1671 0.00269729
16.2145 0.00265685
16.2619 0.002617
16.3092 0.00257774
16.3566 0.00253906
16.404 0.00250095
16.4513 0.00246341
16.4987 0.00242642
16.5461 0.00238998
16.5934 0.00235408
16.6408 0.00231871
16.6882 0.00228386
16.7355 0.00224953
16.7829 0.00221571
16.8303 0.00218239
16.8777 0.00214956
16.925 0.00211722
16.9724 0.00208536
17.0198 0.00205397
17.0671 0.00202305
17.1145 0.00199259
17.1619 0.00196258
17.2092 0.00193302
17.2566 0.0019039
17.304 0.00187521
17.3513 0.00184694
17.3987 0.0018191
17.4461 0.00179167
17.4934 0.00176465
17.5408 0.00173803
17.5882 0.00171181
17.6355 0.00168597
17.6829 0.00166053
17.7303 0.00163546
17.7776 0.00161077
17.825 0.00158644
17.8724 0.00156248
17.9197 0.00153887
17.9671 0.00151562
18.0145 0.00149271
18.0618 0.00147015
18.1092 0.00144792
18.1566 0.00142603
18.2039 0.00140446
18.2513 0.00138321
18.2987 0.00136229
18.346 0.00134167
18.3934 0.00132136
18.4408 0.00130136
18.4881 0.00128166
18.5355 0.00126225
18.5829 0.00124313
18.6302 0.0012243
18.6776 0.00120575
18.725 0.00118748
18.7723 0.00116948
18.8197 0.00115175
18.8671 0.00113429
18.9144 0.00111709
18.9618 0.00110015
19.0092 0.00108346
19.0565 0.00106702
19.1039 0.00105083
19.1513 0.00103488
19.1986 0.00101917
19.246 0.0010037
19.2934 0.000988462
19.3407 0.000973451
19.3881 0.000958665
19.4355 0.000944102
19.4828 0.000929758
19.5302 0.000915629
19.5776 0.000901713
19.6249 0.000888007
19.6723 0.000874506
19.7197 0.000861209
19.767 0.000848112
19.8144 0.000835212
19.8618 0.000822507
19.9091 0.000809993
19.9565 0.000797667
20.0039 0.000785528
20.0513 0.000773571
20.0986 0.000761794
20.146 0.000750195
20.1934 0.000738771
20.2407 0.000727519
20.2881 0.000716437
20.3355 0.000705523
20.3828 0.000694773
20.4302 0.000684185
20.4776 0.000673757
20.5249 0.000663487
20.5723 0.000653371
20.6197 0.000643409
20.667 0.000633597
20.7144 0.000623934
20.7618 0.000614416
20.8091 0.000605042
20.8565 0.00059581
20.9039 0.000586718
20.9512 0.000577764
20.9986 0.000568944
21.046 0.000560258
21.0933 0.000551704
21.1407 0.000543279
21.1881 0.000534982
21.2354 0.00052681
21.2828 0.000518763
21.3302 0.000510837
21.3775 0.000503031
21.4249 0.000495343
21.4723 0.000487772
21.5196 0.000480316
21.567 0.000472972
21.6144 0.00046574
21.6617 0.000458618
21.7091 0.000451604
21.7565 0.000444696
21.8038 0.000437893
21.8512 0.000431193
21.8986 0.000424595
21.9459 0.000418097
21.9933 0.000411698
22.0407 0.000405396
22.088 0.00039919
22.1354 0.000393078
22.1828 0.000387059
22.2301 0.000381131
22.2775 0.000375293
22.3249 0.000369544
22.3722 0.000363883
22.4196 0.000358307
22.467 0.000352817
22.5143 0.000347409
22.5617 0.000342084
22.6091 0.000336841
22.6564 0.000331676
22.7038 0.000326591
22.7512 0.000321583
22.7985 0.000316651
22.8459 0.000311794
22.8933 0.000307011
22.9406 0.000302301
22.988 0.000297663
23.0354 0.000293095
23.0828 0.000288597
23.1301 0.000284168
23.1775 0.000279806
23.2249 0.00027551
23.2722 0.00027128
23.3196 0.000267115
23.367 0.000263013
23.4143 0.000258974
23.4617 0.000254996
23.5091 0.000251079
23.5564 0.000247221
23.6038 0.000243423
23.6512 0.000239682
23.6985 0.000235999
23.7459 0.000232372
23.7933 0.0002288
23.8406 0.000225282
23.888 0.000221819
23.9354 0.000218408
23.9827 0.00021505
24.0301 0.000211742
24.0775 0.000208485
24.1248 0.000205279
24.1722 0.000202121
24.2196 0.000199011
24.2669 0.000195949
24.3143 0.000192933
24.3617 0.000189964
24.409 0.00018704
24.4564 0.000184161
24.5038 0.000181326
24.5511 0.000178534
24.5985 0.000175785
24.6459 0.000173079
24.6932 0.000170413
24.7406 0.000167788
24.788 0.000165204
24.8353 0.000162659
24.8827 0.000160153
24.9301 0.000157685
24.9774 0.000155256
25.0248 0.000152863
25.0722 0.000150507
25.1195 0.000148187
25.1669 0.000145903
25.2143 0.000143654
25.2616 0.000141439
25.309 0.000139258
25.3564 0.00013711
25.4037 0.000134996
25.4511 0.000132914
25.4985 0.000130864
25.5458 0.000128845
25.5932 0.000126857
25.6406 0.0001249
25.6879 0.000122973
25.7353 0.000121075
25.7827 0.000119206
25.83 0.000117367
25.8774 0.000115555
25.9248 0.000113771
25.9721 0.000112015
26.0195 0.000110285
26.0669 0.000108582
26.1142 0.000106905
26.1616 0.000105254
26.209 0.000103629
26.2564 0.000102028
26.3037 0.000100452
26.3511 9.89001e-05
26.3985 9.73721e-05
26.4458 9.58675e-05
26.4932 9.43861e-05
26.5406 9.29274e-05
26.5879 9.14912e-05
26.6353 9.00771e-05
26.6827 8.86847e-05
26.73 8.73137e-05
26.7774 8.59638e-05
26.8248 8.46346e-05
26.8721 8.33259e-05
26.9195 8.20373e-05
26.9669 8.07686e-05
27.0142 7.95194e-05
27.0616 7.82894e-05
27.109 7.70783e-05
27.1563 7.58859e-05
27.2037 7.47118e-05
27.2511 7.35558e-05
27.2984 7.24176e-05
27.3458 7.12969e-05
27.3932 7.01935e-05
27.4405 6.91071e-05
27.4879 6.80374e-05
27.5353 6.69842e-05
27.5826 6.59472e-05
27.63 6.49262e-05
27.6774 6.39209e-05
27.7247 6.29311e-05
27.7721 6.19565e-05
27.8195 6.0997e-05
27.8668 6.00523e-05
27.9142 5.91221e-05
27.9616 5.82063e-05
28.0089 5.73046e-05
28.0563 5.64167e-05
28.1037 5.55426e-05
28.151 5.4682e-05
28.1984 5.38346e-05
28.2458 5.30003e-05
28.2931 5.21789e-05
28.3405 5.13702e-05
28.3879 5.05739e-05
28.4352 4.97899e-05
28.4826 4.9018e-05
28.53 4.8258e-05
28.5773 4.75098e-05
28.6247 4.67731e-05
28.6721 4.60477e-05
28.7194 4.53336e-05
28.7668 4.46305e-05
28.8142 4.39383e-05
28.8615 4.32567e-05
28.9089 4.25857e-05
28.9563 4.1925e-05
29.0036 4.12745e-05
29.051 4.06341e-05
29.0984 4.00036e-05
29.1457 3.93828e-05
29.1931 3.87716e-05
29.2405 3.81699e-05
29.2878 3.75775e-05
29.3352 3.69942e-05
29.3826 3.64199e-05
29.43 3.58545e-05
29.4773 3.52978e-05
29.5247 3.47498e-05
29.5721 3.42102e-05
29.6194 3.3679e-05
29.6668 3.31559e-05
29.7142 3.2641e-05
29.7615 3.21341e-05
29.8089 3.16349e-05
29.8563 3.11435e-05
29.9036 3.06597e-05
29.951 3.01834e-05
29.9984 2.97145e-05
30.0457 2.92528e-05
30.0931 2.87982e-05
30.1405 2.83507e-05
30.1878 2.79101e-05
30.2352 2.74763e-05
30.2826 2.70493e-05
30.3299 2.66288e-05
30.3773 2.62149e-05
30.4247 2.58074e-05
30.472 2.54062e-05
30.5194 2.50112e-05
30.5668 2.46223e-05
30.6141 2.42394e-05
30.6615 2.38625e-05
30.7089 2.34914e-05
30.7562 2.31261e-05
30.8036 2.27664e-05
30.851 2.24123e-05
30.8983 2.20636e-05
30.9457 2.17204e-05
30.9931 2.13825e-05
31.0404 2.10499e-05
31.0878 2.07223e-05
31.1352 2.03999e-05
31.1825 2.00825e-05
31.2299 1.977e-05
31.2773 1.94623e-05
31.3246 1.91594e-05
31.372 1.88612e-05
31.4194 1.85676e-05
31.4667 1.82786e-05
31.5141 1.7994e-05
31.5615 1.77139e-05
31.6088 1.74381e-05
31.6562 1.71666e-05
31.7036 1.68993e-05
31.7509 1.66362e-05
31.7983 1.63771e-05
31.8457 1.61221e-05
31.893 1.5871e-05
31.9404 1.56238e-05
31.9878 1.53804e-05
32.0351 1.51408e-05
32.0825 1.4905e-05
32.1299 1.46728e-05
32.1772 1.44442e-05
32.2246 1.42192e-05
32.272 1.39976e-05
32.3193 1.37795e-05
32.3667 1.35648e-05
32.4141 1.33534e-05
32.4614 1.31453e-05
32.5088 1.29404e-05
32.5562 1.27387e-05
32.6036 1.25401e-05
32.6509 1.23447e-05
32.6983 1.21522e-05
32.7457 1.19628e-05
32.793 1.17763e-05
32.8404 1.15927e-05
32.8878 1.14119e-05
32.9351 1.1234e-05
32.9825 1.10588e-05
33.0299 1.08863e-05
33.0772 1.07165e-05
33.1246 1.05494e-05
33.172 1.03849e-05
33.2193 1.02229e-05
33.2667 1.00634e-05
33.3141 9.90644e-06
33.3614 9.75189e-06
33.4088 9.59975e-06
33.4562 9.44998e-06
33.5035 9.30253e-06
33.5509 9.15738e-06
33.5983 9.01448e-06
33.6456 8.87381e-06
33.693 8.73533e-06
33.7404 8.599e-06
33.7877 8.46479e-06
33.8351 8.33267e-06
33.8825 8.2026e-06
33.9298 8.07456e-06
33.9772 7.94851e-06
34.0246 7.82442e-06
34.0719 7.70227e-06
34.1193 7.58201e-06
34.1667 7.46363e-06
34.214 7.34709e-06
34.2614 7.23236e-06
34.3088 7.11942e-06
34.3561 7.00824e-06
34.4035 6.89878e-06
34.4509 6.79104e-06
34.4982 6.68497e-06
34.5456 6.58055e-06
34.593 6.47776e-06
34.6403 6.37657e-06
34.6877 6.27695e-06
34.7351 6.17889e-06
34.7824 6.08235e-06
34.8298 5.98732e-06
34.8772 5.89377e-06
34.9245 5.80167e-06
34.9719 5.71101e-06
35.0193 5.62177e-06
35.0666 5.53391e-06
35.114 5.44742e-06
35.1614 5.36228e-06
35.2087 5.27847e-06
35.2561 5.19596e-06
35.3035 5.11474e-06
35.3508 5.03478e-06
35.3982 4.95608e-06
35.4456 4.87859e-06
35.4929 4.80232e-06
35.5403 4.72723e-06
35.5877 4.65332e-06
35.635 4.58056e-06
35.6824 4.50893e-06
35.7298 4.43842e-06
35.7772 4.36901e-06
35.8245 4.30068e-06
35.8719 4.23342e-06
35.9193 4.1672e-06
35.9666 4.10202e-06
36.014 4.03786e-06
36.0614 3.97469e-06
36.1087 3.91252e-06
36.1561 3.85131e-06
36.2035 3.79105e-06
36.2508 3.73174e-06
36.2982 3.67335e-06
36.3456 3.61588e-06
36.3929 3.5593e-06
36.4403 3.5036e-06
36.4877 3.44877e-06
36.535 3.3948e-06
36.5824 3.34167e-06
36.6298 3.28937e-06
36.6771 3.23789e-06
36.7245 3.18721e-06
36.7719 3.13732e-06
36.8192 3.08821e-06
36.8666 3.03986e-06
36.914 2.99227e-06
36.9613 2.94543e-06
37.0087 2.89931e-06
37.0561 2.85392e-06
37.1034 2.80923e-06
37.1508 2.76525e-06
37.1982 2.72194e-06
37.2455 2.67932e-06
37.2929 2.63736e-06
37.3403 2.59606e-06
37.3876 2.5554e-06
37.435 2.51538e-06
37.4824 2.47598e-06
37.5297 2.4372e-06
37.5771 2.39902e-06
37.6245 2.36144e-06
37.6718 2.32445e-06
37.7192 2.28803e-06
37.7666 2.25219e-06
37.8139 2.2169e-06
37.8613 2.18217e-06
37.9087 2.14798e-06
37.956 2.11432e-06
38.0034 2.08119e-06
38.0508 2.04858e-06
38.0981 2.01647e-06
38.1455 1.98487e-06
38.1929 1.95377e-06
38.2402 1.92315e-06
38.2876 1.893e-06
38.335 1.86333e-06
38.3823 1.83413e-06
38.4297 1.80538e-06
38.4771 1.77707e-06
