-9.73133 0.000172696
-9.68727 0.000177778
-9.64321 0.000183013
-9.59914 0.000188405
-9.55508 0.000193959
-9.51102 0.000199681
-9.46695 0.000205574
-9.42289 0.000211645
-9.37883 0.000217899
-9.33476 0.000224341
-9.2907 0.000230978
-9.24664 0.000237815
-9.20258 0.000244859
-9.15851 0.000252117
-9.11445 0.000259594
-9.07039 0.000267297
-9.02632 0.000275234
-8.98226 0.000283413
-8.9382 0.000291839
-8.89413 0.000300522
-8.85007 0.000309469
-8.80601 0.000318688
-8.76195 0.000328189
-8.71788 0.000337979
-8.67382 0.000348068
-8.62976 0.000358465
-8.58569 0.000369181
-8.54163 0.000380224
-8.49757 0.000391606
-8.4535 0.000403336
-8.40944 0.000415427
-8.36538 0.00042789
-8.32132 0.000440735
-8.27725 0.000453976
-8.23319 0.000467625
-8.18913 0.000481694
-8.14506 0.000496198
-8.101 0.000511151
-8.05694 0.000526565
-8.01287 0.000542457
-7.96881 0.000558841
-7.92475 0.000575734
-7.88069 0.000593151
-7.83662 0.00061111
-7.79256 0.000629627
-7.7485 0.000648722
-7.70443 0.000668412
-7.66037 0.000688716
-7.61631 0.000709655
-7.57224 0.000731249
-7.52818 0.00075352
-7.48412 0.000776489
-7.44006 0.000800179
-7.39599 0.000824613
-7.35193 0.000849817
-7.30787 0.000875814
-7.2638 0.000902632
-7.21974 0.000930296
-7.17568 0.000958835
-7.13161 0.000988277
-7.08755 0.00101865
-7.04349 0.00104999
-6.99942 0.00108233
-6.95536 0.00111569
-6.9113 0.00115012
-6.86724 0.00118564
-6.82317 0.00122231
-6.77911 0.00126014
-6.73505 0.00129918
-6.69098 0.00133948
-6.64692 0.00138107
-6.60286 0.001424
-6.55879 0.00146831
-6.51473 0.00151405
-6.47067 0.00156127
-6.42661 0.00161002
-6.38254 0.00166034
-6.33848 0.0017123
-6.29442 0.00176595
-6.25035 0.00182134
-6.20629 0.00187854
-6.16223 0.00193761
-6.11816 0.00199861
-6.0741 0.0020616
-6.03004 0.00212667
-5.98598 0.00219387
-5.94191 0.00226329
-5.89785 0.00233499
-5.85379 0.00240906
-5.80972 0.00248559
-5.76566 0.00256465
-5.7216 0.00264634
-5.67753 0.00273075
-5.63347 0.00281797
-5.58941 0.0029081
-5.54535 0.00300125
-5.50128 0.00309752
-5.45722 0.00319703
-5.41316 0.00329989
-5.36909 0.00340621
-5.32503 0.00351613
-5.28097 0.00362977
-5.2369 0.00374727
-5.19284 0.00386876
-5.14878 0.0039944
-5.10471 0.00412433
-5.06065 0.0042587
-5.01659 0.00439768
-4.97253 0.00454145
-4.92846 0.00469017
-4.8844 0.00484402
-4.84034 0.00500321
-4.79627 0.00516792
-4.75221 0.00533836
-4.70815 0.00551475
-4.66408 0.0056973
-4.62002 0.00588626
-4.57596 0.00608186
-4.5319 0.00628435
-4.48783 0.006494
-4.44377 0.00671108
-4.39971 0.00693587
-4.35564 0.00716866
-4.31158 0.00740978
-4.26752 0.00765954
-4.22345 0.00791827
-4.17939 0.00818633
-4.13533 0.00846408
-4.09127 0.0087519
-4.0472 0.00905019
-4.00314 0.00935936
-3.95908 0.00967985
-3.91501 0.0100121
-3.87095 0.0103566
-3.82689 0.0107139
-3.78282 0.0110843
-3.73876 0.0114686
-3.6947 0.0118673
-3.65064 0.0122808
-3.60657 0.01271
-3.56251 0.0131553
-3.51845 0.0136175
-3.47438 0.0140973
-3.43032 0.0145955
-3.38626 0.0151127
-3.34219 0.0156498
-3.29813 0.0162077
-3.25407 0.0167872
-3.21 0.0173893
-3.16594 0.018015
-3.12188 0.0186652
-3.07782 0.0193411
-3.03375 0.0200438
-2.98969 0.0207744
-2.94563 0.0215343
-2.90156 0.0223247
-2.8575 0.023147
-2.81344 0.0240026
-2.76937 0.0248931
-2.72531 0.0258201
-2.68125 0.0267851
-2.63719 0.0277901
-2.59312 0.0288367
-2.54906 0.0299271
-2.505 0.0310632
-2.46093 0.0322472
-2.41687 0.0334814
-2.37281 0.0347682
-2.32874 0.0361101
-2.28468 0.0375097
-2.24062 0.0389698
-2.19656 0.0404935
-2.15249 0.0420837
-2.10843 0.0437438
-2.06437 0.0454772
-2.0203 0.0472874
-1.97624 0.0491784
-1.93218 0.0511541
-1.88811 0.0532187
-1.84405 0.0553766
-1.79999 0.0576325
-1.75593 0.0599912
-1.71186 0.0624577
-1.6678 0.0650375
-1.62374 0.0677359
-1.57967 0.0705589
-1.53561 0.0735122
-1.49155 0.0766023
-1.44748 0.0798352
-1.40342 0.0832177
-1.35936 0.0867563
-1.31529 0.0904577
-1.27123 0.0943286
-1.22717 0.0983755
-1.18311 0.102605
-1.13904 0.107023
-1.09498 0.111636
-1.05092 0.116447
-1.00685 0.121462
-0.962791 0.126682
-0.918728 0.13211
-0.874665 0.137744
-0.830602 0.143581
-0.786539 0.149615
-0.742476 0.155836
-0.698413 0.16223
-0.65435 0.168778
-0.610287 0.175454
-0.566224 0.182229
-0.522161 0.189062
-0.478098 0.195909
-0.434035 0.202716
-0.389972 0.209421
-0.345909 0.215957
-0.301845 0.222248
-0.257782 0.228216
-0.213719 0.23378
-0.169656 0.23886
-0.125593 0.243382
-0.0815304 0.247278
-0.0374674 0.25049
0.00659566 0.252977
0.0506587 0.254712
0.0947217 0.255687
0.138785 0.255911
0.182848 0.255408
0.226911 0.254219
0.270974 0.252394
0.315037 0.249993
0.3591 0.247082
0.403163 0.243728
0.447226 0.239998
0.491289 0.235959
0.535352 0.231671
0.579415 0.227191
0.623478 0.222571
0.667541 0.217855
0.711604 0.213083
0.755667 0.208289
0.79973 0.203502
0.843793 0.198745
0.887856 0.194039
0.931919 0.1894
0.975982 0.184839
1.02005 0.180368
1.06411 0.175994
1.10817 0.171722
1.15223 0.167555
1.1963 0.163497
1.24036 0.159549
1.28442 0.15571
1.32849 0.151981
1.37255 0.14836
1.41661 0.144845
1.46068 0.141435
1.50474 0.138128
1.5488 0.13492
1.59286 0.131809
1.63693 0.128792
1.68099 0.125867
1.72505 0.12303
1.76912 0.120279
1.81318 0.117611
1.85724 0.115023
1.90131 0.112513
1.94537 0.110077
1.98943 0.107713
2.03349 0.105418
2.07756 0.103191
2.12162 0.101028
2.16568 0.0989272
2.20975 0.0968865
2.25381 0.0949036
2.29787 0.0929765
2.34194 0.0911032
2.386 0.0892817
2.43006 0.0875103
2.47412 0.085787
2.51819 0.0841104
2.56225 0.0824786
2.60631 0.0808902
2.65038 0.0793436
2.69444 0.0778375
2.7385 0.0763703
2.78257 0.0749408
2.82663 0.0735478
2.87069 0.0721899
2.91476 0.0708661
2.95882 0.0695752
3.00288 0.068316
3.04694 0.0670877
3.09101 0.0658892
3.13507 0.0647195
3.17913 0.0635777
3.2232 0.0624629
3.26726 0.0613743
3.31132 0.0603111
3.35539 0.0592725
3.39945 0.0582577
3.44351 0.0572661
3.48757 0.0562968
3.53164 0.0553494
3.5757 0.054423
3.61976 0.0535171
3.66383 0.052631
3.70789 0.0517643
3.75195 0.0509164
3.79602 0.0500866
3.84008 0.0492746
3.88414 0.0484797
3.9282 0.0477016
3.97227 0.0469398
4.01633 0.0461938
4.06039 0.0454631
4.10446 0.0447474
4.14852 0.0440463
4.19258 0.0433594
4.23665 0.0426863
4.28071 0.0420266
4.32477 0.04138
4.36883 0.0407462
4.4129 0.0401248
4.45696 0.0395155
4.50102 0.038918
4.54509 0.038332
4.58915 0.0377572
4.63321 0.0371934
4.67728 0.0366402
4.72134 0.0360975
4.7654 0.0355649
4.80947 0.0350422
4.85353 0.0345292
4.89759 0.0340256
4.94165 0.0335312
4.98572 0.0330459
5.02978 0.0325693
5.07384 0.0321013
5.11791 0.0316417
5.16197 0.0311903
5.20603 0.0307469
5.2501 0.0303114
5.29416 0.0298835
5.33822 0.029463
5.38228 0.0290499
5.42635 0.0286439
5.47041 0.028245
5.51447 0.0278528
5.55854 0.0274674
5.6026 0.0270885
5.64666 0.026716
5.69073 0.0263498
5.73479 0.0259897
5.77885 0.0256357
5.82291 0.0252875
5.86698 0.0249451
5.91104 0.0246083
5.9551 0.024277
5.99917 0.0239511
6.04323 0.0236306
6.08729 0.0233152
6.13136 0.023005
6.17542 0.0226997
6.21948 0.0223992
6.26354 0.0221036
6.30761 0.0218127
6.35167 0.0215264
6.39573 0.0212445
6.4398 0.0209671
6.48386 0.0206941
6.52792 0.0204252
6.57199 0.0201606
6.61605 0.0199
6.66011 0.0196435
6.70417 0.0193909
6.74824 0.0191421
6.7923 0.0188972
6.83636 0.0186559
6.88043 0.0184183
6.92449 0.0181843
6.96855 0.0179538
7.01262 0.0177268
7.05668 0.0175031
7.10074 0.0172828
7.14481 0.0170657
7.18887 0.0168519
7.23293 0.0166412
7.27699 0.0164335
7.32106 0.016229
7.36512 0.0160274
7.40918 0.0158287
7.45325 0.0156329
7.49731 0.01544
7.54137 0.0152498
7.58544 0.0150623
7.6295 0.0148776
7.67356 0.0146954
7.71762 0.0145159
7.76169 0.0143389
7.80575 0.0141644
7.84981 0.0139924
7.89388 0.0138228
7.93794 0.0136556
7.982 0.0134907
8.02607 0.0133281
8.07013 0.0131678
8.11419 0.0130097
8.15825 0.0128538
8.20232 0.0127
8.24638 0.0125484
8.29044 0.0123988
8.33451 0.0122513
8.37857 0.0121058
8.42263 0.0119623
8.4667 0.0118207
8.51076 0.0116811
8.55482 0.0115433
8.59888 0.0114074
8.64295 0.0112733
8.68701 0.0111411
8.73107 0.0110106
8.77514 0.0108818
8.8192 0.0107547
8.86326 0.0106294
8.90733 0.0105057
8.95139 0.0103836
8.99545 0.0102632
9.03952 0.0101443
9.08358 0.010027
9.12764 0.00991122
9.1717 0.00979696
9.21577 0.0096842
9.25983 0.0095729
9.30389 0.00946304
9.34796 0.00935461
9.39202 0.00924758
9.43608 0.00914194
9.48015 0.00903765
9.52421 0.0089347
9.56827 0.00883307
9.61233 0.00873274
9.6564 0.0086337
9.70046 0.00853591
9.74452 0.00843937
9.78859 0.00834405
9.83265 0.00824994
9.87671 0.00815702
9.92078 0.00806528
9.96484 0.00797468
10.0089 0.00788523
10.053 0.00779689
10.097 0.00770966
10.1411 0.00762352
10.1852 0.00753846
10.2292 0.00745445
10.2733 0.00737149
10.3173 0.00728955
10.3614 0.00720863
10.4055 0.00712871
10.4495 0.00704978
10.4936 0.00697181
10.5377 0.0068948
10.5817 0.00681874
10.6258 0.00674361
10.6698 0.0066694
10.7139 0.00659609
10.758 0.00652367
10.802 0.00645214
10.8461 0.00638147
10.8902 0.00631166
10.9342 0.00624269
10.9783 0.00617455
11.0224 0.00610724
11.0664 0.00604074
11.1105 0.00597503
11.1545 0.00591012
11.1986 0.00584598
11.2427 0.00578261
11.2867 0.00571999
11.3308 0.00565812
11.3749 0.00559699
11.4189 0.00553658
11.463 0.00547689
11.507 0.00541791
11.5511 0.00535962
11.5952 0.00530202
11.6392 0.0052451
11.6833 0.00518885
11.7274 0.00513327
11.7714 0.00507833
11.8155 0.00502404
11.8595 0.00497038
11.9036 0.00491735
11.9477 0.00486494
11.9917 0.00481314
12.0358 0.00476194
12.0799 0.00471134
12.1239 0.00466133
12.168 0.00461189
12.2121 0.00456302
12.2561 0.00451472
12.3002 0.00446698
12.3442 0.00441979
12.3883 0.00437314
12.4324 0.00432703
12.4764 0.00428144
12.5205 0.00423638
12.5646 0.00419183
12.6086 0.00414779
12.6527 0.00410426
12.6967 0.00406122
12.7408 0.00401867
12.7849 0.00397661
12.8289 0.00393502
12.873 0.0038939
12.9171 0.00385325
12.9611 0.00381306
13.0052 0.00377333
13.0493 0.00373404
13.0933 0.00369519
13.1374 0.00365679
13.1814 0.00361881
13.2255 0.00358126
13.2696 0.00354413
13.3136 0.00350742
13.3577 0.00347112
13.4018 0.00343522
13.4458 0.00339972
13.4899 0.00336462
13.5339 0.00332992
13.578 0.00329559
13.6221 0.00326165
13.6661 0.00322809
13.7102 0.00319489
13.7543 0.00316207
13.7983 0.0031296
13.8424 0.0030975
13.8864 0.00306575
13.9305 0.00303435
13.9746 0.0030033
14.0186 0.00297258
14.0627 0.00294221
14.1068 0.00291217
14.1508 0.00288246
14.1949 0.00285307
14.239 0.002824
14.283 0.00279526
14.3271 0.00276682
14.3711 0.0027387
14.4152 0.00271088
14.4593 0.00268337
14.5033 0.00265615
14.5474 0.00262923
14.5915 0.0026026
14.6355 0.00257626
14.6796 0.00255021
14.7236 0.00252444
14.7677 0.00249894
14.8118 0.00247372
14.8558 0.00244878
14.8999 0.0024241
14.944 0.00239969
14.988 0.00237554
15.0321 0.00235165
15.0761 0.00232801
15.1202 0.00230463
15.1643 0.0022815
15.2083 0.00225862
15.2524 0.00223598
15.2965 0.00221359
15.3405 0.00219143
15.3846 0.00216951
15.4287 0.00214782
15.4727 0.00212636
15.5168 0.00210513
15.5608 0.00208413
15.6049 0.00206335
15.649 0.00204279
15.693 0.00202245
15.7371 0.00200232
15.7812 0.00198241
15.8252 0.00196271
15.8693 0.00194321
15.9133 0.00192392
15.9574 0.00190484
16.0015 0.00188595
16.0455 0.00186726
16.0896 0.00184877
16.1337 0.00183048
16.1777 0.00181237
16.2218 0.00179446
16.2659 0.00177673
16.3099 0.00175919
16.354 0.00174184
16.398 0.00172466
16.4421 0.00170766
16.4862 0.00169084
16.5302 0.0016742
16.5743 0.00165773
16.6184 0.00164143
16.6624 0.0016253
16.7065 0.00160934
16.7505 0.00159354
16.7946 0.00157791
16.8387 0.00156244
16.8827 0.00154713
16.9268 0.00153198
16.9709 0.00151699
17.0149 0.00150215
17.059 0.00148746
17.103 0.00147293
17.1471 0.00145854
17.1912 0.0014443
17.2352 0.00143021
17.2793 0.00141627
17.3234 0.00140247
17.3674 0.00138881
17.4115 0.00137529
17.4556 0.00136191
17.4996 0.00134866
17.5437 0.00133555
17.5877 0.00132258
17.6318 0.00130974
17.6759 0.00129703
17.7199 0.00128445
17.764 0.001272
17.8081 0.00125967
17.8521 0.00124747
17.8962 0.0012354
17.9402 0.00122345
17.9843 0.00121162
18.0284 0.00119991
18.0724 0.00118832
18.1165 0.00117684
18.1606 0.00116549
18.2046 0.00115424
18.2487 0.00114312
18.2927 0.0011321
18.3368 0.0011212
18.3809 0.0011104
18.4249 0.00109972
18.469 0.00108914
18.5131 0.00107867
18.5571 0.00106831
18.6012 0.00105805
18.6453 0.00104789
18.6893 0.00103784
18.7334 0.00102788
18.7774 0.00101803
18.8215 0.00100828
18.8656 0.00099862
18.9096 0.000989061
18.9537 0.000979597
18.9978 0.000970228
19.0418 0.000960954
19.0859 0.000951772
19.1299 0.000942681
19.174 0.000933682
19.2181 0.000924773
19.2621 0.000915952
19.3062 0.00090722
19.3503 0.000898574
19.3943 0.000890015
19.4384 0.000881541
19.4825 0.000873151
19.5265 0.000864845
19.5706 0.000856621
19.6146 0.00084848
19.6587 0.000840419
19.7028 0.000832438
19.7468 0.000824536
19.7909 0.000816712
19.835 0.000808966
19.879 0.000801297
19.9231 0.000793703
19.9671 0.000786185
20.0112 0.000778741
20.0553 0.000771371
20.0993 0.000764073
20.1434 0.000756847
20.1875 0.000749693
20.2315 0.000742609
20.2756 0.000735595
20.3196 0.00072865
20.3637 0.000721773
20.4078 0.000714964
20.4518 0.000708222
20.4959 0.000701546
20.54 0.000694936
20.584 0.000688391
20.6281 0.000681909
20.6722 0.000675492
20.7162 0.000669137
20.7603 0.000662845
20.8043 0.000656614
20.8484 0.000650444
20.8925 0.000644334
20.9365 0.000638284
20.9806 0.000632293
21.0247 0.000626361
21.0687 0.000620487
21.1128 0.000614669
21.1568 0.000608909
21.2009 0.000603205
21.245 0.000597556
21.289 0.000591962
21.3331 0.000586423
21.3772 0.000580938
21.4212 0.000575505
21.4653 0.000570126
21.5094 0.000564799
21.5534 0.000559524
21.5975 0.000554299
21.6415 0.000549126
21.6856 0.000544002
21.7297 0.000538928
21.7737 0.000533904
21.8178 0.000528928
21.8619 0.000524
21.9059 0.000519119
21.95 0.000514286
21.994 0.0005095
22.0381 0.00050476
22.0822 0.000500065
22.1262 0.000495416
22.1703 0.000490812
22.2144 0.000486252
22.2584 0.000481735
22.3025 0.000477263
22.3465 0.000472833
22.3906 0.000468446
22.4347 0.000464102
22.4787 0.000459798
22.5228 0.000455537
22.5669 0.000451316
22.6109 0.000447136
22.655 0.000442996
22.6991 0.000438895
22.7431 0.000434834
22.7872 0.000430812
22.8312 0.000426828
22.8753 0.000422882
22.9194 0.000418975
22.9634 0.000415104
23.0075 0.000411271
23.0516 0.000407474
23.0956 0.000403713
23.1397 0.000399989
23.1837 0.000396299
23.2278 0.000392645
23.2719 0.000389026
23.3159 0.000385442
23.36 0.000381891
23.4041 0.000378375
23.4481 0.000374892
23.4922 0.000371442
23.5362 0.000368024
23.5803 0.00036464
23.6244 0.000361287
23.6684 0.000357966
23.7125 0.000354677
23.7566 0.000351419
23.8006 0.000348192
23.8447 0.000344996
23.8888 0.00034183
23.9328 0.000338694
23.9769 0.000335587
24.0209 0.00033251
24.065 0.000329462
24.1091 0.000326443
24.1531 0.000323453
24.1972 0.000320491
24.2413 0.000317557
24.2853 0.00031465
24.3294 0.000311771
24.3734 0.000308919
24.4175 0.000306094
24.4616 0.000303296
24.5056 0.000300524
24.5497 0.000297778
24.5938 0.000295058
24.6378 0.000292364
24.6819 0.000289695
24.726 0.000287051
24.77 0.000284432
24.8141 0.000281838
24.8581 0.000279268
24.9022 0.000276723
24.9463 0.000274201
24.9903 0.000271702
25.0344 0.000269228
25.0785 0.000266776
25.1225 0.000264348
25.1666 0.000261942
25.2106 0.000259559
25.2547 0.000257198
25.2988 0.000254859
25.3428 0.000252542
25.3869 0.000250247
25.431 0.000247974
25.475 0.000245721
25.5191 0.00024349
25.5631 0.000241279
25.6072 0.00023909
25.6513 0.00023692
25.6953 0.000234771
25.7394 0.000232642
25.7835 0.000230533
25.8275 0.000228443
25.8716 0.000226373
25.9157 0.000224323
25.9597 0.000222291
26.0038 0.000220278
26.0478 0.000218284
26.0919 0.000216309
26.136 0.000214352
26.18 0.000212413
26.2241 0.000210492
26.2682 0.000208589
26.3122 0.000206704
26.3563 0.000204836
26.4003 0.000202986
26.4444 0.000201153
26.4885 0.000199336
26.5325 0.000197537
26.5766 0.000195754
26.6207 0.000193988
26.6647 0.000192238
26.7088 0.000190505
26.7528 0.000188787
26.7969 0.000187086
26.841 0.0001854
26.885 0.00018373
26.9291 0.000182075
26.9732 0.000180435
27.0172 0.000178811
27.0613 0.000177202
27.1054 0.000175607
27.1494 0.000174028
27.1935 0.000172462
27.2375 0.000170912
27.2816 0.000169375
27.3257 0.000167853
27.3697 0.000166345
27.4138 0.000164851
27.4579 0.00016337
27.5019 0.000161903
27.546 0.00016045
27.59 0.00015901
27.6341 0.000157583
27.6782 0.00015617
27.7222 0.000154769
27.7663 0.000153382
27.8104 0.000152007
27.8544 0.000150644
27.8985 0.000149295
27.9426 0.000147957
27.9866 0.000146632
28.0307 0.000145319
28.0747 0.000144018
28.1188 0.000142729
28.1629 0.000141452
28.2069 0.000140187
28.251 0.000138933
28.2951 0.000137691
28.3391 0.00013646
28.3832 0.00013524
28.4272 0.000134032
28.4713 0.000132834
28.5154 0.000131648
28.5594 0.000130472
28.6035 0.000129307
28.6476 0.000128153
28.6916 0.00012701
28.7357 0.000125876
28.7797 0.000124754
28.8238 0.000123641
28.8679 0.000122538
28.9119 0.000121446
28.956 0.000120364
29.0001 0.000119291
29.0441 0.000118228
29.0882 0.000117175
29.1323 0.000116132
29.1763 0.000115098
29.2204 0.000114074
29.2644 0.000113058
29.3085 0.000112052
29.3526 0.000111056
29.3966 0.000110068
29.4407 0.000109089
29.4848 0.000108119
29.5288 0.000107158
29.5729 0.000106206
29.6169 0.000105263
29.661 0.000104327
29.7051 0.000103401
29.7491 0.000102483
29.7932 0.000101573
29.8373 0.000100672
29.8813 9.97782e-05
29.9254 9.8893e-05
29.9695 9.80158e-05
30.0135 9.71465e-05
30.0576 9.62852e-05
30.1016 9.54316e-05
30.1457 9.45858e-05
30.1898 9.37476e-05
30.2338 9.2917e-05
30.2779 9.2094e-05
30.322 9.12784e-05
30.366 9.04702e-05
30.4101 8.96693e-05
30.4541 8.88756e-05
30.4982 8.80891e-05
30.5423 8.73098e-05
30.5863 8.65374e-05
30.6304 8.57721e-05
30.6745 8.50136e-05
30.7185 8.42621e-05
30.7626 8.35173e-05
30.8066 8.27792e-05
30.8507 8.20478e-05
30.8948 8.1323e-05
30.9388 8.06047e-05
30.9829 7.98929e-05
31.027 7.91876e-05
31.071 7.84885e-05
31.1151 7.77958e-05
31.1592 7.71094e-05
31.2032 7.64291e-05
31.2473 7.57549e-05
31.2913 7.50868e-05
31.3354 7.44247e-05
31.3795 7.37686e-05
31.4235 7.31184e-05
31.4676 7.24741e-05
31.5117 7.18355e-05
31.5557 7.12027e-05
31.5998 7.05755e-05
31.6438 6.9954e-05
31.6879 6.93381e-05
31.732 6.87277e-05
31.776 6.81228e-05
31.8201 6.75234e-05
31.8642 6.69293e-05
31.9082 6.63405e-05
31.9523 6.57571e-05
31.9963 6.51788e-05
32.0404 6.46058e-05
32.0845 6.40379e-05
32.1285 6.34751e-05
32.1726 6.29173e-05
32.2167 6.23645e-05
32.2607 6.18167e-05
32.3048 6.12738e-05
32.3489 6.07357e-05
32.3929 6.02025e-05
32.437 5.9674e-05
32.481 5.91503e-05
32.5251 5.86312e-05
32.5692 5.81168e-05
32.6132 5.7607e-05
32.6573 5.71018e-05
32.7014 5.66011e-05
32.7454 5.61048e-05
32.7895 5.5613e-05
32.8335 5.51256e-05
32.8776 5.46425e-05
32.9217 5.41637e-05
32.9657 5.36893e-05
33.0098 5.3219e-05
33.0539 5.2753e-05
33.0979 5.22911e-05
33.142 5.18333e-05
33.1861 5.13796e-05
33.2301 5.093e-05
33.2742 5.04844e-05
33.3182 5.00427e-05
33.3623 4.9605e-05
33.4064 4.91711e-05
33.4504 4.87412e-05
33.4945 4.83151e-05
33.5386 4.78927e-05
33.5826 4.74741e-05
33.6267 4.70593e-05
33.6707 4.66481e-05
33.7148 4.62406e-05
33.7589 4.58368e-05
33.8029 4.54365e-05
33.847 4.50398e-05
33.8911 4.46466e-05
33.9351 4.42569e-05
33.9792 4.38706e-05
34.0232 4.34878e-05
34.0673 4.31084e-05
34.1114 4.27324e-05
34.1554 4.23597e-05
34.1995 4.19903e-05
34.2436 4.16242e-05
34.2876 4.12613e-05
