-7.58996 0.000314562
-7.57309 0.00032016
-7.55622 0.000325856
-7.53936 0.000331652
-7.52249 0.000337552
-7.50562 0.000343555
-7.48875 0.000349664
-7.47188 0.000355881
-7.45502 0.000362208
-7.43815 0.000368647
-7.42128 0.000375199
-7.40441 0.000381867
-7.38755 0.000388653
-7.37068 0.000395558
-7.35381 0.000402585
-7.33694 0.000409736
-7.32007 0.000417013
-7.30321 0.000424419
-7.28634 0.000431955
-7.26947 0.000439623
-7.2526 0.000447427
-7.23574 0.000455369
-7.21887 0.00046345
-7.202 0.000471673
-7.18513 0.000480042
-7.16826 0.000488557
-7.1514 0.000497223
-7.13453 0.000506041
-7.11766 0.000515014
-7.10079 0.000524145
-7.08392 0.000533437
-7.06706 0.000542892
-7.05019 0.000552513
-7.03332 0.000562304
-7.01645 0.000572266
-6.99959 0.000582404
-6.98272 0.00059272
-6.96585 0.000603217
-6.94898 0.000613898
-6.93211 0.000624767
-6.91525 0.000635827
-6.89838 0.000647081
-6.88151 0.000658532
-6.86464 0.000670184
-6.84778 0.000682041
-6.83091 0.000694106
-6.81404 0.000706382
-6.79717 0.000718874
-6.7803 0.000731585
-6.76344 0.000744518
-6.74657 0.000757678
-6.7297 0.000771069
-6.71283 0.000784694
-6.69596 0.000798558
-6.6791 0.000812664
-6.66223 0.000827018
-6.64536 0.000841622
-6.62849 0.000856482
-6.61163 0.000871603
-6.59476 0.000886987
-6.57789 0.000902641
-6.56102 0.000918568
-6.54415 0.000934774
-6.52729 0.000951263
-6.51042 0.00096804
-6.49355 0.00098511
-6.47668 0.00100248
-6.45982 0.00102015
-6.44295 0.00103813
-6.42608 0.00105642
-6.40921 0.00107504
-6.39234 0.00109398
-6.37548 0.00111324
-6.35861 0.00113285
-6.34174 0.00115279
-6.32487 0.00117309
-6.308 0.00119373
-6.29114 0.00121474
-6.27427 0.00123611
-6.2574 0.00125786
-6.24053 0.00127998
-6.22367 0.00130249
-6.2068 0.00132539
-6.18993 0.00134869
-6.17306 0.00137239
-6.15619 0.00139651
-6.13933 0.00142104
-6.12246 0.001446
-6.10559 0.0014714
-6.08872 0.00149724
-6.07186 0.00152352
-6.05499 0.00155026
-6.03812 0.00157747
-6.02125 0.00160514
-6.00438 0.0016333
-5.98752 0.00166195
-5.97065 0.00169109
-5.95378 0.00172074
-5.93691 0.0017509
-5.92004 0.00178158
-5.90318 0.0018128
-5.88631 0.00184455
-5.86944 0.00187686
-5.85257 0.00190972
-5.83571 0.00194316
-5.81884 0.00197717
-5.80197 0.00201177
-5.7851 0.00204696
-5.76823 0.00208277
-5.75137 0.00211919
-5.7345 0.00215625
-5.71763 0.00219394
-5.70076 0.00223228
-5.6839 0.00227129
-5.66703 0.00231096
-5.65016 0.00235133
-5.63329 0.00239238
-5.61642 0.00243415
-5.59956 0.00247663
-5.58269 0.00251985
-5.56582 0.00256381
-5.54895 0.00260853
-5.53209 0.00265401
-5.51522 0.00270028
-5.49835 0.00274735
-5.48148 0.00279522
-5.46461 0.00284392
-5.44775 0.00289345
-5.43088 0.00294383
-5.41401 0.00299508
-5.39714 0.00304721
-5.38027 0.00310023
-5.36341 0.00315416
-5.34654 0.00320902
-5.32967 0.00326481
-5.3128 0.00332156
-5.29594 0.00337929
-5.27907 0.003438
-5.2622 0.00349771
-5.24533 0.00355845
-5.22846 0.00362023
-5.2116 0.00368306
-5.19473 0.00374696
-5.17786 0.00381196
-5.16099 0.00387807
-5.14413 0.0039453
-5.12726 0.00401368
-5.11039 0.00408323
-5.09352 0.00415397
-5.07665 0.00422591
-5.05979 0.00429907
-5.04292 0.00437348
-5.02605 0.00444916
-5.00918 0.00452612
-4.99231 0.00460439
-4.97545 0.004684
-4.95858 0.00476495
-4.94171 0.00484728
-4.92484 0.00493101
-4.90798 0.00501616
-4.89111 0.00510276
-4.87424 0.00519082
-4.85737 0.00528037
-4.8405 0.00537145
-4.82364 0.00546406
-4.80677 0.00555824
-4.7899 0.00565401
-4.77303 0.00575141
-4.75617 0.00585045
-4.7393 0.00595116
-4.72243 0.00605357
-4.70556 0.00615772
-4.68869 0.00626361
-4.67183 0.0063713
-4.65496 0.0064808
-4.63809 0.00659214
-4.62122 0.00670536
-4.60435 0.00682048
-4.58749 0.00693754
-4.57062 0.00705657
-4.55375 0.00717759
-4.53688 0.00730065
-4.52002 0.00742578
-4.50315 0.007553
-4.48628 0.00768235
-4.46941 0.00781388
-4.45254 0.0079476
-4.43568 0.00808357
-4.41881 0.00822181
-4.40194 0.00836235
-4.38507 0.00850525
-4.36821 0.00865054
-4.35134 0.00879825
-4.33447 0.00894842
-4.3176 0.00910109
-4.30073 0.00925631
-4.28387 0.00941412
-4.267 0.00957455
-4.25013 0.00973765
-4.23326 0.00990345
-4.21639 0.010072
-4.19953 0.0102434
-4.18266 0.0104176
-4.16579 0.0105947
-4.14892 0.0107747
-4.13206 0.0109577
-4.11519 0.0111437
-4.09832 0.0113328
-4.08145 0.0115251
-4.06458 0.0117205
-4.04772 0.0119191
-4.03085 0.012121
-4.01398 0.0123262
-3.99711 0.0125348
-3.98025 0.0127469
-3.96338 0.0129624
-3.94651 0.0131814
-3.92964 0.0134041
-3.91277 0.0136304
-3.89591 0.0138604
-3.87904 0.0140942
-3.86217 0.0143318
-3.8453 0.0145733
-3.82843 0.0148188
-3.81157 0.0150682
-3.7947 0.0153217
-3.77783 0.0155794
-3.76096 0.0158412
-3.7441 0.0161073
-3.72723 0.0163777
-3.71036 0.0166525
-3.69349 0.0169318
-3.67662 0.0172156
-3.65976 0.017504
-3.64289 0.017797
-3.62602 0.0180948
-3.60915 0.0183975
-3.59229 0.0187049
-3.57542 0.0190174
-3.55855 0.0193349
-3.54168 0.0196574
-3.52481 0.0199852
-3.50795 0.0203182
-3.49108 0.0206566
-3.47421 0.0210004
-3.45734 0.0213497
-3.44047 0.0217045
-3.42361 0.0220651
-3.40674 0.0224314
-3.38987 0.0228035
-3.373 0.0231815
-3.35614 0.0235656
-3.33927 0.0239558
-3.3224 0.0243521
-3.30553 0.0247547
-3.28866 0.0251637
-3.2718 0.0255792
-3.25493 0.0260012
-3.23806 0.0264298
-3.22119 0.0268652
-3.20433 0.0273075
-3.18746 0.0277567
-3.17059 0.0282129
-3.15372 0.0286763
-3.13685 0.0291469
-3.11999 0.0296249
-3.10312 0.0301103
-3.08625 0.0306033
-3.06938 0.031104
-3.05251 0.0316124
-3.03565 0.0321287
-3.01878 0.032653
-3.00191 0.0331854
-2.98504 0.033726
-2.96818 0.034275
-2.95131 0.0348323
-2.93444 0.0353983
-2.91757 0.0359729
-2.9007 0.0365563
-2.88384 0.0371486
-2.86697 0.03775
-2.8501 0.0383605
-2.83323 0.0389802
-2.81637 0.0396094
-2.7995 0.0402481
-2.78263 0.0408964
-2.76576 0.0415546
-2.74889 0.0422226
-2.73203 0.0429006
-2.71516 0.0435888
-2.69829 0.0442874
-2.68142 0.0449963
-2.66456 0.0457158
-2.64769 0.046446
-2.63082 0.047187
-2.61395 0.0479389
-2.59708 0.048702
-2.58022 0.0494763
-2.56335 0.0502619
-2.54648 0.0510591
-2.52961 0.0518679
-2.51274 0.0526885
-2.49588 0.0535211
-2.47901 0.0543657
-2.46214 0.0552225
-2.44527 0.0560917
-2.42841 0.0569734
-2.41154 0.0578677
-2.39467 0.0587748
-2.3778 0.0596949
-2.36093 0.060628
-2.34407 0.0615743
-2.3272 0.062534
-2.31033 0.0635072
-2.29346 0.064494
-2.2766 0.0654947
-2.25973 0.0665093
-2.24286 0.0675379
-2.22599 0.0685808
-2.20912 0.0696381
-2.19226 0.0707099
-2.17539 0.0717963
-2.15852 0.0728976
-2.14165 0.0740137
-2.12478 0.075145
-2.10792 0.0762915
-2.09105 0.0774533
-2.07418 0.0786306
-2.05731 0.0798235
-2.04045 0.0810322
-2.02358 0.0822568
-2.00671 0.0834974
-1.98984 0.0847541
-1.97297 0.0860271
-1.95611 0.0873165
-1.93924 0.0886224
-1.92237 0.089945
-1.9055 0.0912842
-1.88864 0.0926404
-1.87177 0.0940135
-1.8549 0.0954036
-1.83803 0.0968109
-1.82116 0.0982355
-1.8043 0.0996774
-1.78743 0.101137
-1.77056 0.102614
-1.75369 0.104108
-1.73682 0.10562
-1.71996 0.10715
-1.70309 0.108698
-1.68622 0.110263
-1.66935 0.111847
-1.65249 0.113448
-1.63562 0.115067
-1.61875 0.116705
-1.60188 0.11836
-1.58501 0.120033
-1.56815 0.121724
-1.55128 0.123434
-1.53441 0.125161
-1.51754 0.126906
-1.50068 0.128669
-1.48381 0.13045
-1.46694 0.132249
-1.45007 0.134065
-1.4332 0.135899
-1.41634 0.137751
-1.39947 0.13962
-1.3826 0.141506
-1.36573 0.143409
-1.34886 0.145329
-1.332 0.147266
-1.31513 0.14922
-1.29826 0.15119
-1.28139 0.153175
-1.26453 0.155177
-1.24766 0.157194
-1.23079 0.159227
-1.21392 0.161274
-1.19705 0.163337
-1.18019 0.165413
-1.16332 0.167503
-1.14645 0.169607
-1.12958 0.171723
-1.11272 0.173852
-1.09585 0.175993
-1.07898 0.178146
-1.06211 0.18031
-1.04524 0.182483
-1.02838 0.184667
-1.01151 0.18686
-0.994641 0.189061
-0.977773 0.19127
-0.960905 0.193485
-0.944037 0.195707
-0.927169 0.197935
-0.910301 0.200166
-0.893434 0.202401
-0.876566 0.204639
-0.859698 0.206879
-0.84283 0.209119
-0.825962 0.211358
-0.809094 0.213596
-0.792227 0.215831
-0.775359 0.218063
-0.758491 0.220289
-0.741623 0.222508
-0.724755 0.22472
-0.707888 0.226923
-0.69102 0.229115
-0.674152 0.231295
-0.657284 0.233462
-0.640416 0.235613
-0.623548 0.237748
-0.606681 0.239865
-0.589813 0.241961
-0.572945 0.244036
-0.556077 0.246087
-0.539209 0.248113
-0.522341 0.250112
-0.505474 0.252082
-0.488606 0.254022
-0.471738 0.255928
-0.45487 0.2578
-0.438002 0.259636
-0.421135 0.261433
-0.404267 0.26319
-0.387399 0.264904
-0.370531 0.266574
-0.353663 0.268197
-0.336795 0.269772
-0.319928 0.271298
-0.30306 0.272771
-0.286192 0.27419
-0.269324 0.275553
-0.252456 0.276859
-0.235588 0.278105
-0.218721 0.27929
-0.201853 0.280413
-0.184985 0.281472
-0.168117 0.282465
-0.151249 0.283391
-0.134382 0.284249
-0.117514 0.285037
-0.100646 0.285755
-0.083778 0.286402
-0.0669102 0.286976
-0.0500424 0.287476
-0.0331746 0.287904
-0.0163068 0.288256
0.000561071 0.288535
0.0174289 0.288738
0.0342967 0.288866
0.0511645 0.28892
0.0680324 0.288898
0.0849002 0.288802
0.101768 0.288632
0.118636 0.288388
0.135504 0.288071
0.152371 0.287682
0.169239 0.287221
0.186107 0.28669
0.202975 0.286089
0.219843 0.28542
0.236711 0.284684
0.253578 0.283882
0.270446 0.283015
0.287314 0.282086
0.304182 0.281096
0.32105 0.280046
0.337918 0.278937
0.354785 0.277773
0.371653 0.276553
0.388521 0.275281
0.405389 0.273958
0.422257 0.272585
0.439124 0.271165
0.455992 0.269699
0.47286 0.268189
0.489728 0.266637
0.506596 0.265045
0.523464 0.263414
0.540331 0.261747
0.557199 0.260045
0.574067 0.25831
0.590935 0.256543
0.607803 0.254747
0.624671 0.252923
0.641538 0.251072
0.658406 0.249197
0.675274 0.247299
0.692142 0.245379
0.70901 0.243439
0.725877 0.241481
0.742745 0.239506
0.759613 0.237515
0.776481 0.235509
0.793349 0.233491
0.810217 0.231461
0.827084 0.229421
0.843952 0.227371
0.86082 0.225314
0.877688 0.223249
0.894556 0.221179
0.911424 0.219104
0.928291 0.217026
0.945159 0.214944
0.962027 0.212862
0.978895 0.210778
0.995763 0.208694
1.01263 0.206611
1.0295 0.20453
1.04637 0.202452
1.06323 0.200376
1.0801 0.198305
1.09697 0.196239
1.11384 0.194177
1.13071 0.192122
1.14757 0.190074
1.16444 0.188032
1.18131 0.185998
1.19818 0.183973
1.21504 0.181956
1.23191 0.179948
1.24878 0.17795
1.26565 0.175962
1.28252 0.173985
1.29938 0.172019
1.31625 0.170063
1.33312 0.16812
1.34999 0.166188
1.36685 0.164268
1.38372 0.162361
1.40059 0.160467
1.41746 0.158586
1.43433 0.156718
1.45119 0.154863
1.46806 0.153022
1.48493 0.151195
1.5018 0.149382
1.51867 0.147584
1.53553 0.145799
1.5524 0.14403
1.56927 0.142274
1.58614 0.140534
1.603 0.138808
1.61987 0.137098
1.63674 0.135402
1.65361 0.133722
1.67048 0.132056
1.68734 0.130406
1.70421 0.128772
1.72108 0.127152
1.73795 0.125548
1.75481 0.123959
1.77168 0.122386
1.78855 0.120827
1.80542 0.119285
1.82229 0.117757
1.83915 0.116245
1.85602 0.114749
1.87289 0.113267
1.88976 0.111801
1.90663 0.11035
1.92349 0.108914
1.94036 0.107494
1.95723 0.106089
1.9741 0.104698
1.99096 0.103323
2.00783 0.101962
2.0247 0.100617
2.04157 0.099286
2.05844 0.09797
2.0753 0.0966686
2.09217 0.0953818
2.10904 0.0941094
2.12591 0.0928515
2.14277 0.091608
2.15964 0.0903786
2.17651 0.0891634
2.19338 0.0879623
2.21025 0.0867751
2.22711 0.0856018
2.24398 0.0844422
2.26085 0.0832963
2.27772 0.082164
2.29459 0.0810451
2.31145 0.0799396
2.32832 0.0788474
2.34519 0.0777683
2.36206 0.0767022
2.37892 0.0756491
2.39579 0.0746088
2.41266 0.0735812
2.42953 0.0725663
2.4464 0.0715638
2.46326 0.0705737
2.48013 0.0695959
2.497 0.0686302
2.51387 0.0676766
2.53073 0.066735
2.5476 0.0658051
2.56447 0.064887
2.58134 0.0639805
2.59821 0.0630855
2.61507 0.0622018
2.63194 0.0613294
2.64881 0.0604681
2.66568 0.0596179
2.68254 0.0587786
2.69941 0.0579502
2.71628 0.0571324
2.73315 0.0563252
2.75002 0.0555285
2.76688 0.0547422
2.78375 0.0539661
2.80062 0.0532001
2.81749 0.0524442
2.83436 0.0516983
2.85122 0.0509621
2.86809 0.0502357
2.88496 0.0495188
2.90183 0.0488115
2.91869 0.0481136
2.93556 0.0474249
2.95243 0.0467454
2.9693 0.046075
2.98617 0.0454136
3.00303 0.044761
3.0199 0.0441172
3.03677 0.0434821
3.05364 0.0428556
3.0705 0.0422375
3.08737 0.0416277
3.10424 0.0410262
3.12111 0.0404329
3.13798 0.0398477
3.15484 0.0392705
3.17171 0.0387011
3.18858 0.0381395
3.20545 0.0375856
3.22232 0.0370393
3.23918 0.0365004
3.25605 0.035969
3.27292 0.035445
3.28979 0.0349281
3.30665 0.0344184
3.32352 0.0339157
3.34039 0.03342
3.35726 0.0329312
3.37413 0.0324492
3.39099 0.0319739
3.40786 0.0315052
3.42473 0.031043
3.4416 0.0305873
3.45846 0.030138
3.47533 0.0296949
3.4922 0.0292581
3.50907 0.0288274
3.52594 0.0284027
3.5428 0.0279841
3.55967 0.0275713
3.57654 0.0271644
3.59341 0.0267631
3.61028 0.0263676
3.62714 0.0259777
3.64401 0.0255933
3.66088 0.0252143
3.67775 0.0248407
3.69461 0.0244725
3.71148 0.0241094
3.72835 0.0237516
3.74522 0.0233988
3.76209 0.0230511
3.77895 0.0227084
3.79582 0.0223705
3.81269 0.0220375
3.82956 0.0217093
3.84642 0.0213857
3.86329 0.0210668
3.88016 0.0207525
3.89703 0.0204427
3.9139 0.0201374
3.93076 0.0198365
3.94763 0.0195399
3.9645 0.0192476
3.98137 0.0189595
3.99824 0.0186756
4.0151 0.0183958
4.03197 0.01812
4.04884 0.0178483
4.06571 0.0175805
4.08257 0.0173165
4.09944 0.0170565
4.11631 0.0168001
4.13318 0.0165476
4.15005 0.0162987
4.16691 0.0160534
4.18378 0.0158117
4.20065 0.0155736
4.21752 0.0153389
4.23438 0.0151076
4.25125 0.0148797
4.26812 0.0146552
4.28499 0.014434
4.30186 0.014216
4.31872 0.0140012
4.33559 0.0137895
4.35246 0.013581
4.36933 0.0133755
4.3862 0.0131731
4.40306 0.0129736
4.41993 0.0127771
4.4368 0.0125835
4.45367 0.0123927
4.47053 0.0122048
4.4874 0.0120196
4.50427 0.0118371
4.52114 0.0116574
4.53801 0.0114803
4.55487 0.0113058
4.57174 0.011134
4.58861 0.0109646
4.60548 0.0107978
4.62234 0.0106335
4.63921 0.0104716
4.65608 0.0103121
4.67295 0.010155
4.68982 0.0100002
4.70668 0.00984772
4.72355 0.00969751
4.74042 0.00954954
4.75729 0.00940378
4.77416 0.00926019
4.79102 0.00911874
4.80789 0.00897941
4.82476 0.00884216
4.84163 0.00870696
4.85849 0.00857378
4.87536 0.00844259
4.89223 0.00831337
4.9091 0.00818609
4.92597 0.00806071
4.94283 0.00793722
4.9597 0.00781557
4.97657 0.00769575
4.99344 0.00757773
5.0103 0.00746149
5.02717 0.00734699
5.04404 0.00723421
5.06091 0.00712313
5.07778 0.00701373
5.09464 0.00690597
5.11151 0.00679983
5.12838 0.00669529
5.14525 0.00659233
5.16212 0.00649092
5.17898 0.00639105
5.19585 0.00629268
5.21272 0.0061958
5.22959 0.00610038
5.24645 0.0060064
5.26332 0.00591384
5.28019 0.00582269
5.29706 0.00573292
5.31393 0.0056445
5.33079 0.00555742
5.34766 0.00547167
5.36453 0.00538721
5.3814 0.00530404
5.39826 0.00522213
5.41513 0.00514146
5.432 0.00506201
5.44887 0.00498377
5.46574 0.00490673
5.4826 0.00483085
5.49947 0.00475613
5.51634 0.00468254
5.53321 0.00461007
5.55007 0.00453871
5.56694 0.00446844
5.58381 0.00439923
5.60068 0.00433108
5.61755 0.00426397
5.63441 0.00419788
5.65128 0.0041328
5.66815 0.00406872
5.68502 0.00400561
5.70189 0.00394347
5.71875 0.00388227
5.73562 0.00382201
5.75249 0.00376268
5.76936 0.00370425
5.78622 0.00364671
5.80309 0.00359006
5.81996 0.00353427
5.83683 0.00347934
5.8537 0.00342524
5.87056 0.00337198
5.88743 0.00331954
5.9043 0.00326789
5.92117 0.00321704
5.93803 0.00316697
5.9549 0.00311767
5.97177 0.00306913
5.98864 0.00302133
6.00551 0.00297427
6.02237 0.00292792
6.03924 0.0028823
6.05611 0.00283737
6.07298 0.00279313
6.08985 0.00274958
6.10671 0.00270669
6.12358 0.00266447
6.14045 0.00262289
6.15732 0.00258196
6.17418 0.00254165
6.19105 0.00250197
6.20792 0.0024629
6.22479 0.00242443
6.24166 0.00238656
6.25852 0.00234927
6.27539 0.00231255
6.29226 0.0022764
6.30913 0.00224081
6.32599 0.00220577
6.34286 0.00217127
6.35973 0.00213731
6.3766 0.00210386
6.39347 0.00207094
6.41033 0.00203853
6.4272 0.00200661
6.44407 0.00197519
6.46094 0.00194426
6.47781 0.00191381
6.49467 0.00188382
6.51154 0.0018543
6.52841 0.00182524
6.54528 0.00179663
6.56214 0.00176847
6.57901 0.00174073
6.59588 0.00171343
6.61275 0.00168656
6.62962 0.0016601
6.64648 0.00163405
6.66335 0.0016084
6.68022 0.00158315
6.69709 0.0015583
6.71395 0.00153383
6.73082 0.00150974
6.74769 0.00148603
6.76456 0.00146268
6.78143 0.0014397
6.79829 0.00141707
6.81516 0.0013948
6.83203 0.00137287
6.8489 0.00135129
6.86577 0.00133004
6.88263 0.00130912
6.8995 0.00128853
6.91637 0.00126825
6.93324 0.0012483
6.9501 0.00122865
6.96697 0.00120931
6.98384 0.00119027
7.00071 0.00117153
7.01758 0.00115308
7.03444 0.00113492
7.05131 0.00111704
7.06818 0.00109944
7.08505 0.00108212
7.10191 0.00106506
7.11878 0.00104828
7.13565 0.00103175
7.15252 0.00101548
7.16939 0.00099947
7.18625 0.000983707
7.20312 0.00096819
7.21999 0.000952916
7.23686 0.00093788
7.25373 0.00092308
7.27059 0.000908511
7.28746 0.00089417
7.30433 0.000880053
7.3212 0.000866158
7.33806 0.000852479
7.35493 0.000839015
7.3718 0.000825762
7.38867 0.000812716
7.40554 0.000799875
7.4224 0.000787234
7.43927 0.000774792
7.45614 0.000762545
7.47301 0.00075049
7.48987 0.000738623
7.50674 0.000726943
7.52361 0.000715446
7.54048 0.00070413
7.55735 0.00069299
7.57421 0.000682026
7.59108 0.000671234
7.60795 0.000660611
7.62482 0.000650155
7.64169 0.000639863
7.65855 0.000629732
7.67542 0.000619761
7.69229 0.000609946
7.70916 0.000600286
7.72602 0.000590777
7.74289 0.000581418
7.75976 0.000572206
7.77663 0.000563139
7.7935 0.000554214
7.81036 0.00054543
7.82723 0.000536784
7.8441 0.000528274
7.86097 0.000519898
7.87783 0.000511653
7.8947 0.000503539
7.91157 0.000495552
7.92844 0.000487691
7.94531 0.000479953
7.96217 0.000472338
7.97904 0.000464842
7.99591 0.000457465
8.01278 0.000450204
8.02965 0.000443057
8.04651 0.000436023
8.06338 0.0004291
8.08025 0.000422285
8.09712 0.000415579
8.11398 0.000408978
8.13085 0.000402481
8.14772 0.000396087
8.16459 0.000389793
8.18146 0.000383599
8.19832 0.000377503
8.21519 0.000371503
8.23206 0.000365597
8.24893 0.000359785
8.26579 0.000354065
8.28266 0.000348435
8.29953 0.000342893
8.3164 0.00033744
8.33327 0.000332072
8.35013 0.00032679
8.367 0.000321591
8.38387 0.000316474
8.40074 0.000311437
8.4176 0.000306481
8.43447 0.000301603
8.45134 0.000296802
8.46821 0.000292077
8.48508 0.000287427
8.50194 0.00028285
8.51881 0.000278346
8.53568 0.000273913
8.55255 0.00026955
8.56942 0.000265256
8.58628 0.00026103
8.60315 0.000256871
8.62002 0.000252778
8.63689 0.00024875
8.65375 0.000244785
8.67062 0.000240884
8.68749 0.000237044
8.70436 0.000233265
8.72123 0.000229546
8.73809 0.000225885
8.75496 0.000222283
8.77183 0.000218738
8.7887 0.000215249
8.80556 0.000211816
8.82243 0.000208437
8.8393 0.000205111
8.85617 0.000201838
8.87304 0.000198618
8.8899 0.000195448
8.90677 0.000192328
8.92364 0.000189258
8.94051 0.000186237
8.95738 0.000183264
8.97424 0.000180338
8.99111 0.000177458
9.00798 0.000174624
9.02485 0.000171835
9.04171 0.000169091
9.05858 0.00016639
9.07545 0.000163732
9.09232 0.000161116
9.10919 0.000158542
9.12605 0.000156008
9.14292 0.000153515
9.15979 0.000151062
9.17666 0.000148647
9.19352 0.000146271
9.21039 0.000143933
9.22726 0.000141631
9.24413 0.000139367
9.261 0.000137138
