-1.2513 0.00144443
-1.21879 0.00165209
-1.18627 0.00188876
-1.15375 0.00215832
-1.12123 0.00246508
-1.08872 0.0028139
-1.0562 0.0032102
-1.02368 0.00366
-0.991166 0.00417001
-0.958648 0.00474763
-0.926131 0.00540104
-0.893614 0.00613924
-0.861097 0.00697206
-0.828579 0.0079102
-0.796062 0.00896527
-0.763545 0.0101497
-0.731027 0.011477
-0.69851 0.0129611
-0.665993 0.0146171
-0.633475 0.0164603
-0.600958 0.0185068
-0.568441 0.0207726
-0.535923 0.0232739
-0.503406 0.0260264
-0.470889 0.029045
-0.438371 0.0323434
-0.405854 0.0359336
-0.373337 0.0398254
-0.34082 0.0440256
-0.308302 0.0485377
-0.275785 0.0533613
-0.243268 0.0584917
-0.21075 0.063919
-0.178233 0.0696286
-0.145716 0.0756005
-0.113198 0.0818095
-0.080681 0.0882255
-0.0481637 0.0948142
-0.0156464 0.101537
0.0168709 0.108353
0.0493882 0.115218
0.0819055 0.122088
0.114423 0.128918
0.14694 0.135664
0.179457 0.142286
0.211975 0.148745
0.244492 0.155004
0.277009 0.161033
0.309527 0.166805
0.342044 0.172297
0.374561 0.177492
0.407079 0.182375
0.439596 0.186939
0.472113 0.191178
0.504631 0.19509
0.537148 0.198676
0.569665 0.201941
0.602182 0.204892
0.6347 0.207536
0.667217 0.209884
0.699734 0.211947
0.732252 0.213737
0.764769 0.215266
0.797286 0.216547
0.829804 0.217594
0.862321 0.21842
0.894838 0.219038
0.927356 0.219461
0.959873 0.219701
0.99239 0.219769
1.02491 0.219679
1.05742 0.219441
1.08994 0.219065
1.12246 0.218561
1.15498 0.21794
1.18749 0.21721
1.22001 0.21638
1.25253 0.215458
1.28505 0.214451
1.31756 0.213367
1.35008 0.212211
1.3826 0.210991
1.41512 0.209713
1.44763 0.20838
1.48015 0.207
1.51267 0.205575
1.54518 0.204112
1.5777 0.202613
1.61022 0.201083
1.64274 0.199525
1.67525 0.197942
1.70777 0.196338
1.74029 0.194715
1.77281 0.193076
1.80532 0.191424
1.83784 0.189761
1.87036 0.188088
1.90287 0.186407
1.93539 0.184722
1.96791 0.183032
2.00043 0.18134
2.03294 0.179648
2.06546 0.177956
2.09798 0.176265
2.1305 0.174577
2.16301 0.172893
2.19553 0.171214
2.22805 0.16954
2.26057 0.167873
2.29308 0.166212
2.3256 0.16456
2.35812 0.162916
2.39063 0.161281
2.42315 0.159656
2.45567 0.15804
2.48819 0.156435
2.5207 0.154841
2.55322 0.153257
2.58574 0.151685
2.61826 0.150125
2.65077 0.148577
2.68329 0.147041
2.71581 0.145518
2.74833 0.144007
2.78084 0.142509
2.81336 0.141023
2.84588 0.139551
2.87839 0.138091
2.91091 0.136645
2.94343 0.135212
2.97595 0.133792
3.00846 0.132386
3.04098 0.130993
3.0735 0.129613
3.10602 0.128246
3.13853 0.126893
3.17105 0.125553
3.20357 0.124226
3.23608 0.122913
3.2686 0.121612
3.30112 0.120325
3.33364 0.119051
3.36615 0.11779
3.39867 0.116542
3.43119 0.115307
3.46371 0.114084
3.49622 0.112875
3.52874 0.111678
3.56126 0.110493
3.59378 0.109321
3.62629 0.108162
3.65881 0.107015
3.69133 0.10588
3.72384 0.104757
3.75636 0.103646
3.78888 0.102547
3.8214 0.10146
3.85391 0.100384
3.88643 0.0993206
3.91895 0.0982683
3.95147 0.0972275
3.98398 0.0961979
4.0165 0.0951795
4.04902 0.0941722
4.08153 0.0931758
4.11405 0.0921904
4.14657 0.0912157
4.17909 0.0902516
4.2116 0.0892981
4.24412 0.0883551
4.27664 0.0874224
4.30916 0.0864999
4.34167 0.0855875
4.37419 0.0846852
4.40671 0.0837927
4.43923 0.0829101
4.47174 0.0820372
4.50426 0.0811738
4.53678 0.08032
4.56929 0.0794756
4.60181 0.0786404
4.63433 0.0778144
4.66685 0.0769976
4.69936 0.0761897
4.73188 0.0753907
4.7644 0.0746005
4.79692 0.073819
4.82943 0.0730461
4.86195 0.0722817
4.89447 0.0715257
4.92698 0.0707781
4.9595 0.0700386
4.99202 0.0693073
5.02454 0.068584
5.05705 0.0678687
5.08957 0.0671612
5.12209 0.0664615
5.15461 0.0657694
5.18712 0.065085
5.21964 0.0644081
5.25216 0.0637386
5.28468 0.0630764
5.31719 0.0624215
5.34971 0.0617737
5.38223 0.061133
5.41474 0.0604994
5.44726 0.0598727
5.47978 0.0592528
5.5123 0.0586397
5.54481 0.0580333
5.57733 0.0574335
5.60985 0.0568402
5.64237 0.0562534
5.67488 0.055673
5.7074 0.0550989
5.73992 0.0545311
5.77243 0.0539694
5.80495 0.0534139
5.83747 0.0528644
5.86999 0.0523208
5.9025 0.0517831
5.93502 0.0512513
5.96754 0.0507252
6.00006 0.0502049
6.03257 0.0496901
6.06509 0.0491809
6.09761 0.0486772
6.13013 0.048179
6.16264 0.0476861
6.19516 0.0471986
6.22768 0.0467163
6.26019 0.0462392
6.29271 0.0457672
6.32523 0.0453003
6.35775 0.0448385
6.39026 0.0443816
6.42278 0.0439296
6.4553 0.0434824
6.48782 0.0430401
6.52033 0.0426024
6.55285 0.0421695
6.58537 0.0417412
6.61789 0.0413175
6.6504 0.0408983
6.68292 0.0404836
6.71544 0.0400733
6.74795 0.0396673
6.78047 0.0392658
6.81299 0.0388684
6.84551 0.0384753
6.87802 0.0380864
6.91054 0.0377017
6.94306 0.037321
6.97558 0.0369443
7.00809 0.0365717
7.04061 0.0362029
7.07313 0.0358381
7.10564 0.0354772
7.13816 0.0351201
7.17068 0.0347667
7.2032 0.0344171
7.23571 0.0340712
7.26823 0.0337289
7.30075 0.0333902
7.33327 0.0330551
7.36578 0.0327236
7.3983 0.0323955
7.43082 0.0320708
7.46334 0.0317496
7.49585 0.0314318
7.52837 0.0311173
7.56089 0.030806
7.5934 0.0304981
7.62592 0.0301933
7.65844 0.0298918
7.69096 0.0295934
7.72347 0.0292981
7.75599 0.029006
7.78851 0.0287168
7.82103 0.0284307
7.85354 0.0281476
7.88606 0.0278674
7.91858 0.0275901
7.95109 0.0273157
7.98361 0.0270442
8.01613 0.0267755
8.04865 0.0265096
8.08116 0.0262464
8.11368 0.025986
8.1462 0.0257283
8.17872 0.0254732
8.21123 0.0252208
8.24375 0.024971
8.27627 0.0247238
8.30879 0.0244791
8.3413 0.024237
8.37382 0.0239973
8.40634 0.0237602
8.43885 0.0235254
8.47137 0.0232931
8.50389 0.0230632
8.53641 0.0228357
8.56892 0.0226105
8.60144 0.0223876
8.63396 0.022167
8.66648 0.0219487
8.69899 0.0217326
8.73151 0.0215187
8.76403 0.021307
8.79654 0.0210975
8.82906 0.0208901
8.86158 0.0206849
8.8941 0.0204817
8.92661 0.0202807
8.95913 0.0200816
8.99165 0.0198847
9.02417 0.0196897
9.05668 0.0194967
9.0892 0.0193057
9.12172 0.0191166
9.15424 0.0189295
9.18675 0.0187442
9.21927 0.0185609
9.25179 0.0183794
9.2843 0.0181997
9.31682 0.0180219
9.34934 0.0178459
9.38186 0.0176716
9.41437 0.0174992
9.44689 0.0173284
9.47941 0.0171594
9.51193 0.0169922
9.54444 0.0168266
9.57696 0.0166627
9.60948 0.0165004
9.64199 0.0163398
9.67451 0.0161808
9.70703 0.0160234
9.73955 0.0158676
9.77206 0.0157133
9.80458 0.0155607
9.8371 0.0154095
9.86962 0.0152599
9.90213 0.0151118
9.93465 0.0149651
9.96717 0.01482
9.99969 0.0146763
10.0322 0.014534
10.0647 0.0143932
10.0972 0.0142538
10.1298 0.0141158
10.1623 0.0139792
10.1948 0.0138439
10.2273 0.01371
10.2598 0.0135774
10.2923 0.0134462
10.3249 0.0133163
10.3574 0.0131876
10.3899 0.0130603
10.4224 0.0129342
10.4549 0.0128094
10.4874 0.0126858
10.52 0.0125635
10.5525 0.0124424
10.585 0.0123224
10.6175 0.0122037
10.65 0.0120862
10.6825 0.0119698
10.7151 0.0118546
10.7476 0.0117405
10.7801 0.0116276
10.8126 0.0115158
10.8451 0.0114051
10.8777 0.0112955
10.9102 0.011187
10.9427 0.0110795
10.9752 0.0109732
11.0077 0.0108678
11.0402 0.0107636
11.0728 0.0106603
11.1053 0.0105581
11.1378 0.0104569
11.1703 0.0103567
11.2028 0.0102574
11.2353 0.0101592
11.2679 0.0100619
11.3004 0.00996561
11.3329 0.00987024
11.3654 0.00977582
11.3979 0.00968233
11.4304 0.00958975
11.463 0.00949809
11.4955 0.00940734
11.528 0.00931747
11.5605 0.00922849
11.593 0.00914038
11.6256 0.00905314
11.6581 0.00896676
11.6906 0.00888123
11.7231 0.00879653
11.7556 0.00871267
11.7881 0.00862963
11.8207 0.0085474
11.8532 0.00846598
11.8857 0.00838535
11.9182 0.00830552
11.9507 0.00822647
11.9832 0.00814819
12.0158 0.00807068
12.0483 0.00799392
12.0808 0.00791792
12.1133 0.00784266
12.1458 0.00776813
12.1783 0.00769434
12.2109 0.00762126
12.2434 0.00754889
12.2759 0.00747723
12.3084 0.00740627
12.3409 0.00733601
12.3734 0.00726642
12.406 0.00719752
12.4385 0.00712928
12.471 0.00706171
12.5035 0.0069948
12.536 0.00692854
12.5686 0.00686292
12.6011 0.00679794
12.6336 0.00673359
12.6661 0.00666987
12.6986 0.00660676
12.7311 0.00654427
12.7637 0.00648238
12.7962 0.0064211
12.8287 0.00636041
12.8612 0.0063003
12.8937 0.00624078
12.9262 0.00618184
12.9588 0.00612347
12.9913 0.00606566
13.0238 0.00600841
13.0563 0.00595172
13.0888 0.00589557
13.1213 0.00583997
13.1539 0.0057849
13.1864 0.00573037
13.2189 0.00567636
13.2514 0.00562287
13.2839 0.00556991
13.3165 0.00551745
13.349 0.0054655
13.3815 0.00541404
13.414 0.00536309
13.4465 0.00531263
13.479 0.00526265
13.5116 0.00521315
13.5441 0.00516413
13.5766 0.00511558
13.6091 0.0050675
13.6416 0.00501988
13.6741 0.00497272
13.7067 0.00492602
13.7392 0.00487976
13.7717 0.00483395
13.8042 0.00478857
13.8367 0.00474364
13.8692 0.00469913
13.9018 0.00465505
13.9343 0.00461139
13.9668 0.00456816
13.9993 0.00452533
14.0318 0.00448292
14.0643 0.00444092
14.0969 0.00439931
14.1294 0.00435811
14.1619 0.0043173
14.1944 0.00427688
14.2269 0.00423684
14.2595 0.00419719
14.292 0.00415792
14.3245 0.00411903
14.357 0.0040805
14.3895 0.00404235
14.422 0.00400456
14.4546 0.00396713
14.4871 0.00393006
14.5196 0.00389334
14.5521 0.00385697
14.5846 0.00382095
14.6171 0.00378527
14.6497 0.00374993
14.6822 0.00371493
14.7147 0.00368026
14.7472 0.00364593
14.7797 0.00361192
14.8122 0.00357823
14.8448 0.00354487
14.8773 0.00351182
14.9098 0.00347909
14.9423 0.00344666
14.9748 0.00341455
15.0074 0.00338274
15.0399 0.00335124
15.0724 0.00332003
15.1049 0.00328912
15.1374 0.0032585
15.1699 0.00322818
15.2025 0.00319814
15.235 0.00316839
15.2675 0.00313892
15.3 0.00310973
15.3325 0.00308081
15.365 0.00305217
15.3976 0.0030238
15.4301 0.0029957
15.4626 0.00296787
15.4951 0.0029403
15.5276 0.00291299
15.5601 0.00288594
15.5927 0.00285915
15.6252 0.00283261
15.6577 0.00280632
15.6902 0.00278028
15.7227 0.00275448
15.7552 0.00272893
15.7878 0.00270362
15.8203 0.00267855
15.8528 0.00265372
15.8853 0.00262912
15.9178 0.00260475
15.9504 0.00258062
15.9829 0.00255671
16.0154 0.00253303
16.0479 0.00250957
16.0804 0.00248633
16.1129 0.00246331
16.1455 0.00244051
16.178 0.00241792
16.2105 0.00239555
16.243 0.00237338
16.2755 0.00235143
16.308 0.00232968
16.3406 0.00230814
16.3731 0.0022868
16.4056 0.00226566
16.4381 0.00224471
16.4706 0.00222397
16.5031 0.00220342
16.5357 0.00218307
16.5682 0.0021629
16.6007 0.00214293
16.6332 0.00212314
16.6657 0.00210354
16.6983 0.00208412
16.7308 0.00206489
16.7633 0.00204583
16.7958 0.00202696
16.8283 0.00200826
16.8608 0.00198974
16.8934 0.00197139
16.9259 0.00195321
16.9584 0.00193521
16.9909 0.00191737
17.0234 0.0018997
17.0559 0.00188219
17.0885 0.00186485
17.121 0.00184767
17.1535 0.00183065
17.186 0.0018138
17.2185 0.0017971
17.251 0.00178055
17.2836 0.00176416
17.3161 0.00174793
17.3486 0.00173184
17.3811 0.00171591
17.4136 0.00170012
17.4461 0.00168449
17.4787 0.001669
17.5112 0.00165365
17.5437 0.00163845
17.5762 0.00162339
17.6087 0.00160847
17.6413 0.00159368
17.6738 0.00157904
17.7063 0.00156454
17.7388 0.00155016
17.7713 0.00153593
17.8038 0.00152182
17.8364 0.00150785
17.8689 0.00149401
17.9014 0.0014803
17.9339 0.00146671
17.9664 0.00145325
17.9989 0.00143992
18.0315 0.00142671
18.064 0.00141362
18.0965 0.00140066
18.129 0.00138781
18.1615 0.00137509
18.194 0.00136248
18.2266 0.00135
18.2591 0.00133762
18.2916 0.00132537
18.3241 0.00131322
18.3566 0.00130119
18.3892 0.00128928
18.4217 0.00127747
18.4542 0.00126577
18.4867 0.00125418
18.5192 0.0012427
18.5517 0.00123133
18.5843 0.00122006
18.6168 0.00120889
18.6493 0.00119783
18.6818 0.00118687
18.7143 0.00117602
18.7468 0.00116526
18.7794 0.00115461
18.8119 0.00114405
18.8444 0.00113359
18.8769 0.00112323
18.9094 0.00111296
18.9419 0.00110279
18.9745 0.00109271
19.007 0.00108273
19.0395 0.00107284
19.072 0.00106304
19.1045 0.00105333
19.137 0.00104371
19.1696 0.00103418
19.2021 0.00102474
19.2346 0.00101539
19.2671 0.00100612
19.2996 0.000996939
19.3322 0.000987842
19.3647 0.00097883
19.3972 0.000969901
19.4297 0.000961054
19.4622 0.000952289
19.4947 0.000943605
19.5273 0.000935002
19.5598 0.000926478
19.5923 0.000918033
19.6248 0.000909665
19.6573 0.000901375
19.6898 0.000893162
19.7224 0.000885024
19.7549 0.000876962
19.7874 0.000868974
19.8199 0.000861059
19.8524 0.000853218
19.8849 0.000845449
19.9175 0.000837752
19.95 0.000830126
19.9825 0.00082257
20.015 0.000815083
20.0475 0.000807666
20.0801 0.000800317
20.1126 0.000793036
20.1451 0.000785822
20.1776 0.000778674
20.2101 0.000771592
20.2426 0.000764576
20.2752 0.000757624
20.3077 0.000750736
20.3402 0.000743911
20.3727 0.00073715
20.4052 0.00073045
20.4377 0.000723812
20.4703 0.000717236
20.5028 0.000710719
20.5353 0.000704263
20.5678 0.000697866
20.6003 0.000691528
20.6328 0.000685248
20.6654 0.000679026
20.6979 0.000672861
20.7304 0.000666753
20.7629 0.000660701
20.7954 0.000654704
20.8279 0.000648763
20.8605 0.000642876
20.893 0.000637043
20.9255 0.000631264
20.958 0.000625537
20.9905 0.000619864
21.0231 0.000614242
21.0556 0.000608672
21.0881 0.000603153
21.1206 0.000597685
21.1531 0.000592267
21.1856 0.000586899
21.2182 0.00058158
21.2507 0.000576309
21.2832 0.000571087
21.3157 0.000565913
21.3482 0.000560786
21.3807 0.000555707
21.4133 0.000550673
21.4458 0.000545686
21.4783 0.000540745
21.5108 0.000535849
21.5433 0.000530997
21.5758 0.000526191
21.6084 0.000521428
21.6409 0.000516708
21.6734 0.000512032
21.7059 0.000507399
21.7384 0.000502808
21.771 0.000498259
21.8035 0.000493752
21.836 0.000489286
21.8685 0.000484861
21.901 0.000480476
21.9335 0.000476132
21.9661 0.000471827
21.9986 0.000467561
22.0311 0.000463335
22.0636 0.000459147
22.0961 0.000454997
22.1286 0.000450885
22.1612 0.000446811
22.1937 0.000442774
22.2262 0.000438774
22.2587 0.000434811
22.2912 0.000430883
22.3237 0.000426992
22.3563 0.000423136
22.3888 0.000419315
22.4213 0.000415529
22.4538 0.000411778
22.4863 0.000408061
22.5189 0.000404377
22.5514 0.000400728
22.5839 0.000397111
22.6164 0.000393528
22.6489 0.000389977
22.6814 0.000386459
22.714 0.000382973
22.7465 0.000379518
22.779 0.000376095
22.8115 0.000372704
22.844 0.000369343
22.8765 0.000366012
22.9091 0.000362713
22.9416 0.000359443
22.9741 0.000356203
23.0066 0.000352992
23.0391 0.000349811
23.0716 0.000346658
23.1042 0.000343535
23.1367 0.00034044
23.1692 0.000337372
23.2017 0.000334333
23.2342 0.000331322
23.2667 0.000328338
23.2993 0.000325381
23.3318 0.000322451
23.3643 0.000319547
23.3968 0.00031667
23.4293 0.00031382
23.4619 0.000310995
23.4944 0.000308195
23.5269 0.000305422
23.5594 0.000302673
23.5919 0.000299949
23.6244 0.000297251
23.657 0.000294576
23.6895 0.000291926
23.722 0.0002893
23.7545 0.000286698
23.787 0.00028412
23.8195 0.000281565
23.8521 0.000279033
23.8846 0.000276524
23.9171 0.000274038
23.9496 0.000271574
23.9821 0.000269133
24.0146 0.000266714
24.0472 0.000264317
24.0797 0.000261942
24.1122 0.000259588
24.1447 0.000257256
24.1772 0.000254944
24.2098 0.000252654
24.2423 0.000250384
24.2748 0.000248135
24.3073 0.000245907
24.3398 0.000243699
24.3723 0.00024151
24.4049 0.000239342
24.4374 0.000237193
24.4699 0.000235063
24.5024 0.000232953
24.5349 0.000230862
24.5674 0.00022879
24.6 0.000226737
24.6325 0.000224702
24.665 0.000222686
24.6975 0.000220688
24.73 0.000218708
24.7625 0.000216746
24.7951 0.000214802
24.8276 0.000212875
24.8601 0.000210966
24.8926 0.000209074
24.9251 0.000207199
24.9576 0.000205342
24.9902 0.000203501
25.0227 0.000201676
25.0552 0.000199868
25.0877 0.000198077
25.1202 0.000196302
25.1528 0.000194542
25.1853 0.000192799
25.2178 0.000191071
25.2503 0.000189359
25.2828 0.000187663
25.3153 0.000185982
25.3479 0.000184316
25.3804 0.000182665
25.4129 0.000181029
25.4454 0.000179407
25.4779 0.000177801
25.5104 0.000176209
25.543 0.000174631
25.5755 0.000173068
25.608 0.000171518
25.6405 0.000169983
25.673 0.000168461
25.7055 0.000166954
25.7381 0.00016546
25.7706 0.000163979
25.8031 0.000162512
25.8356 0.000161058
25.8681 0.000159617
25.9007 0.000158189
25.9332 0.000156774
25.9657 0.000155371
25.9982 0.000153982
26.0307 0.000152605
26.0632 0.00015124
26.0958 0.000149887
26.1283 0.000148547
26.1608 0.000147219
26.1933 0.000145903
26.2258 0.000144599
26.2583 0.000143306
26.2909 0.000142025
26.3234 0.000140756
26.3559 0.000139498
26.3884 0.000138252
26.4209 0.000137016
26.4534 0.000135792
26.486 0.000134579
26.5185 0.000133377
26.551 0.000132185
26.5835 0.000131004
26.616 0.000129834
26.6485 0.000128675
26.6811 0.000127526
26.7136 0.000126387
26.7461 0.000125259
26.7786 0.00012414
26.8111 0.000123032
26.8437 0.000121934
26.8762 0.000120845
26.9087 0.000119767
26.9412 0.000118698
26.9737 0.000117638
27.0062 0.000116588
27.0388 0.000115548
27.0713 0.000114517
27.1038 0.000113495
27.1363 0.000112483
27.1688 0.000111479
27.2013 0.000110485
27.2339 0.0001095
27.2664 0.000108523
27.2989 0.000107555
27.3314 0.000106596
27.3639 0.000105645
27.3964 0.000104703
27.429 0.00010377
27.4615 0.000102845
27.494 0.000101928
27.5265 0.000101019
27.559 0.000100119
27.5916 9.92266e-05
27.6241 9.83423e-05
27.6566 9.74659e-05
27.6891 9.65974e-05
27.7216 9.57367e-05
27.7541 9.48837e-05
27.7867 9.40383e-05
27.8192 9.32006e-05
27.8517 9.23703e-05
27.8842 9.15475e-05
27.9167 9.07321e-05
27.9492 8.99241e-05
27.9818 8.91232e-05
28.0143 8.83296e-05
28.0468 8.75431e-05
28.0793 8.67636e-05
28.1118 8.59911e-05
28.1443 8.52255e-05
28.1769 8.44668e-05
28.2094 8.3715e-05
28.2419 8.29698e-05
28.2744 8.22313e-05
28.3069 8.14995e-05
28.3394 8.07742e-05
28.372 8.00554e-05
28.4045 7.93431e-05
28.437 7.86371e-05
28.4695 7.79375e-05
28.502 7.72441e-05
28.5346 7.6557e-05
28.5671 7.5876e-05
28.5996 7.52011e-05
28.6321 7.45322e-05
28.6646 7.38694e-05
28.6971 7.32124e-05
28.7297 7.25614e-05
28.7622 7.19162e-05
28.7947 7.12767e-05
28.8272 7.0643e-05
28.8597 7.0015e-05
28.8922 6.93926e-05
28.9248 6.87757e-05
28.9573 6.81644e-05
28.9898 6.75586e-05
29.0223 6.69582e-05
29.0548 6.63631e-05
29.0873 6.57734e-05
29.1199 6.51889e-05
29.1524 6.46097e-05
29.1849 6.40356e-05
29.2174 6.34667e-05
29.2499 6.29029e-05
29.2825 6.23441e-05
29.315 6.17904e-05
29.3475 6.12415e-05
29.38 6.06976e-05
29.4125 6.01586e-05
29.445 5.96243e-05
29.4776 5.90949e-05
29.5101 5.85701e-05
29.5426 5.80501e-05
29.5751 5.75347e-05
29.6076 5.70239e-05
29.6401 5.65177e-05
29.6727 5.6016e-05
29.7052 5.55188e-05
29.7377 5.5026e-05
29.7702 5.45377e-05
29.8027 5.40537e-05
29.8352 5.3574e-05
29.8678 5.30986e-05
29.9003 5.26275e-05
29.9328 5.21605e-05
29.9653 5.16977e-05
29.9978 5.12391e-05
30.0303 5.07846e-05
30.0629 5.03341e-05
30.0954 4.98876e-05
30.1279 4.94451e-05
30.1604 4.90066e-05
30.1929 4.8572e-05
30.2255 4.81413e-05
30.258 4.77144e-05
30.2905 4.72913e-05
30.323 4.6872e-05
30.3555 4.64564e-05
30.388 4.60446e-05
30.4206 4.56364e-05
30.4531 4.52318e-05
30.4856 4.48309e-05
30.5181 4.44336e-05
30.5506 4.40397e-05
30.5831 4.36495e-05
30.6157 4.32626e-05
30.6482 4.28793e-05
30.6807 4.24993e-05
30.7132 4.21228e-05
30.7457 4.17495e-05
30.7782 4.13797e-05
30.8108 4.10131e-05
30.8433 4.06498e-05
30.8758 4.02897e-05
30.9083 3.99328e-05
30.9408 3.95791e-05
30.9734 3.92286e-05
31.0059 3.88812e-05
31.0384 3.85369e-05
31.0709 3.81956e-05
31.1034 3.78574e-05
31.1359 3.75222e-05
31.1685 3.719e-05
31.201 3.68608e-05
31.2335 3.65345e-05
