-0.586587 0.000385271
-0.562252 0.000471685
-0.537917 0.000576161
-0.513583 0.000702096
-0.489248 0.000853426
-0.464913 0.00103468
-0.440578 0.00125102
-0.416243 0.00150834
-0.391909 0.00181326
-0.367574 0.0021732
-0.343239 0.00259637
-0.318904 0.00309182
-0.294569 0.00366942
-0.270234 0.00433979
-0.2459 0.00511427
-0.221565 0.00600483
-0.19723 0.00702393
-0.172895 0.00818436
-0.14856 0.00949904
-0.124226 0.0109808
-0.0998907 0.0126423
-0.0755559 0.0144953
-0.0512211 0.0165509
-0.0268862 0.0188191
-0.00255142 0.0213082
0.0217834 0.0240252
0.0461182 0.0269747
0.070453 0.0301597
0.0947879 0.0335806
0.119123 0.0372354
0.143457 0.0411201
0.167792 0.0452279
0.192127 0.0495498
0.216462 0.0540749
0.240797 0.05879
0.265132 0.0636803
0.289466 0.0687292
0.313801 0.073919
0.338136 0.0792312
0.362471 0.0846462
0.386806 0.0901441
0.411141 0.0957051
0.435475 0.101309
0.45981 0.106936
0.484145 0.112568
0.50848 0.118185
0.532815 0.123771
0.557149 0.129308
0.581484 0.134781
0.605819 0.140176
0.630154 0.14548
0.654489 0.150679
0.678824 0.155764
0.703158 0.160725
0.727493 0.165553
0.751828 0.170241
0.776163 0.174782
0.800498 0.179172
0.824832 0.183405
0.849167 0.18748
0.873502 0.191392
0.897837 0.195141
0.922172 0.198724
0.946507 0.202143
0.970841 0.205397
0.995176 0.208487
1.01951 0.211414
1.04385 0.21418
1.06818 0.216786
1.09252 0.219236
1.11685 0.221532
1.14119 0.223677
1.16552 0.225674
1.18985 0.227526
1.21419 0.229237
1.23852 0.230811
1.26286 0.23225
1.28719 0.23356
1.31153 0.234743
1.33586 0.235803
1.3602 0.236745
1.38453 0.237572
1.40887 0.238288
1.4332 0.238896
1.45754 0.239401
1.48187 0.239807
1.50621 0.240116
1.53054 0.240332
1.55488 0.24046
1.57921 0.240502
1.60355 0.240461
1.62788 0.240342
1.65222 0.240147
1.67655 0.23988
1.70089 0.239543
1.72522 0.239139
1.74956 0.238672
1.77389 0.238144
1.79823 0.237558
1.82256 0.236917
1.84689 0.236223
1.87123 0.235478
1.89556 0.234686
1.9199 0.233848
1.94423 0.232966
1.96857 0.232043
1.9929 0.231082
2.01724 0.230083
2.04157 0.229048
2.06591 0.227981
2.09024 0.226882
2.11458 0.225754
2.13891 0.224597
2.16325 0.223414
2.18758 0.222206
2.21192 0.220975
2.23625 0.219722
2.26059 0.218449
2.28492 0.217156
2.30926 0.215845
2.33359 0.214518
2.35793 0.213176
2.38226 0.211819
2.4066 0.210449
2.43093 0.209066
2.45527 0.207673
2.4796 0.20627
2.50393 0.204857
2.52827 0.203436
2.5526 0.202007
2.57694 0.200572
2.60127 0.199131
2.62561 0.197685
2.64994 0.196234
2.67428 0.19478
2.69861 0.193323
2.72295 0.191863
2.74728 0.190401
2.77162 0.188939
2.79595 0.187475
2.82029 0.186012
2.84462 0.184548
2.86896 0.183086
2.89329 0.181625
2.91763 0.180166
2.94196 0.178709
2.9663 0.177254
2.99063 0.175803
3.01497 0.174355
3.0393 0.17291
3.06364 0.17147
3.08797 0.170034
3.11231 0.168602
3.13664 0.167176
3.16098 0.165754
3.18531 0.164338
3.20964 0.162928
3.23398 0.161524
3.25831 0.160125
3.28265 0.158733
3.30698 0.157348
3.33132 0.155969
3.35565 0.154598
3.37999 0.153233
3.40432 0.151875
3.42866 0.150525
3.45299 0.149183
3.47733 0.147848
3.50166 0.14652
3.526 0.145201
3.55033 0.14389
3.57467 0.142586
3.599 0.141291
3.62334 0.140004
3.64767 0.138725
3.67201 0.137455
3.69634 0.136193
3.72068 0.134939
3.74501 0.133695
3.76935 0.132458
3.79368 0.131231
3.81802 0.130012
3.84235 0.128802
3.86668 0.1276
3.89102 0.126408
3.91535 0.125224
3.93969 0.124049
3.96402 0.122883
3.98836 0.121725
4.01269 0.120577
4.03703 0.119437
4.06136 0.118306
4.0857 0.117184
4.11003 0.116071
4.13437 0.114967
4.1587 0.113872
4.18304 0.112785
4.20737 0.111707
4.23171 0.110638
4.25604 0.109578
4.28038 0.108526
4.30471 0.107483
4.32905 0.106449
4.35338 0.105424
4.37772 0.104407
4.40205 0.103399
4.42639 0.102399
4.45072 0.101408
4.47506 0.100425
4.49939 0.0994513
4.52373 0.0984856
4.54806 0.0975282
4.57239 0.0965793
4.59673 0.0956386
4.62106 0.0947062
4.6454 0.093782
4.66973 0.092866
4.69407 0.0919582
4.7184 0.0910584
4.74274 0.0901667
4.76707 0.089283
4.79141 0.0884073
4.81574 0.0875394
4.84008 0.0866794
4.86441 0.0858272
4.88875 0.0849828
4.91308 0.084146
4.93742 0.0833169
4.96175 0.0824955
4.98609 0.0816816
5.01042 0.0808751
5.03476 0.0800762
5.05909 0.0792846
5.08343 0.0785004
5.10776 0.0777235
5.1321 0.0769538
5.15643 0.0761913
5.18077 0.075436
5.2051 0.0746877
5.22943 0.0739465
5.25377 0.0732122
5.2781 0.0724849
5.30244 0.0717644
5.32677 0.0710508
5.35111 0.0703439
5.37544 0.0696437
5.39978 0.0689502
5.42411 0.0682633
5.44845 0.067583
5.47278 0.0669091
5.49712 0.0662417
5.52145 0.0655807
5.54579 0.0649261
5.57012 0.0642777
5.59446 0.0636356
5.61879 0.0629996
5.64313 0.0623698
5.66746 0.0617461
5.6918 0.0611284
5.71613 0.0605167
5.74047 0.0599109
5.7648 0.059311
5.78914 0.0587169
5.81347 0.0581286
5.83781 0.057546
5.86214 0.0569691
5.88647 0.0563979
5.91081 0.0558322
5.93514 0.055272
5.95948 0.0547173
5.98381 0.0541681
6.00815 0.0536242
6.03248 0.0530857
6.05682 0.0525524
6.08115 0.0520244
6.10549 0.0515016
6.12982 0.0509839
6.15416 0.0504714
6.17849 0.0499638
6.20283 0.0494613
6.22716 0.0489638
6.2515 0.0484711
6.27583 0.0479833
6.30017 0.0475004
6.3245 0.0470222
6.34884 0.0465488
6.37317 0.0460801
6.39751 0.045616
6.42184 0.0451565
6.44618 0.0447016
6.47051 0.0442511
6.49485 0.0438052
6.51918 0.0433637
6.54352 0.0429266
6.56785 0.0424939
6.59218 0.0420654
6.61652 0.0416413
6.64085 0.0412213
6.66519 0.0408056
6.68952 0.040394
6.71386 0.0399865
6.73819 0.039583
6.76253 0.0391837
6.78686 0.0387883
6.8112 0.0383968
6.83553 0.0380093
6.85987 0.0376256
6.8842 0.0372458
6.90854 0.0368698
6.93287 0.0364976
6.95721 0.0361291
6.98154 0.0357643
7.00588 0.0354031
7.03021 0.0350456
7.05455 0.0346917
7.07888 0.0343413
7.10322 0.0339944
7.12755 0.0336511
7.15189 0.0333111
7.17622 0.0329746
7.20056 0.0326415
7.22489 0.0323117
7.24922 0.0319853
7.27356 0.0316621
7.29789 0.0313422
7.32223 0.0310255
7.34656 0.030712
7.3709 0.0304017
7.39523 0.0300944
7.41957 0.0297903
7.4439 0.0294893
7.46824 0.0291912
7.49257 0.0288962
7.51691 0.0286042
7.54124 0.0283151
7.56558 0.0280289
7.58991 0.0277456
7.61425 0.0274652
7.63858 0.0271876
7.66292 0.0269128
7.68725 0.0266408
7.71159 0.0263716
7.73592 0.026105
7.76026 0.0258412
7.78459 0.02558
7.80893 0.0253214
7.83326 0.0250655
7.8576 0.0248122
7.88193 0.0245614
7.90626 0.0243131
7.9306 0.0240674
7.95493 0.0238241
7.97927 0.0235834
8.0036 0.023345
8.02794 0.0231091
8.05227 0.0228755
8.07661 0.0226443
8.10094 0.0224155
8.12528 0.022189
8.14961 0.0219647
8.17395 0.0217428
8.19828 0.0215231
8.22262 0.0213056
8.24695 0.0210903
8.27129 0.0208772
8.29562 0.0206662
8.31996 0.0204574
8.34429 0.0202507
8.36863 0.0200461
8.39296 0.0198436
8.4173 0.0196431
8.44163 0.0194447
8.46597 0.0192482
8.4903 0.0190538
8.51464 0.0188613
8.53897 0.0186708
8.56331 0.0184822
8.58764 0.0182955
8.61197 0.0181107
8.63631 0.0179278
8.66064 0.0177468
8.68498 0.0175676
8.70931 0.0173902
8.73365 0.0172146
8.75798 0.0170407
8.78232 0.0168687
8.80665 0.0166984
8.83099 0.0165298
8.85532 0.0163629
8.87966 0.0161977
8.90399 0.0160342
8.92833 0.0158723
8.95266 0.0157121
8.977 0.0155535
9.00133 0.0153965
9.02567 0.0152412
9.05 0.0150873
9.07434 0.0149351
9.09867 0.0147844
9.12301 0.0146352
9.14734 0.0144875
9.17168 0.0143414
9.19601 0.0141967
9.22035 0.0140535
9.24468 0.0139117
9.26901 0.0137714
9.29335 0.0136325
9.31768 0.013495
9.34202 0.0133589
9.36635 0.0132242
9.39069 0.0130908
9.41502 0.0129588
9.43936 0.0128281
9.46369 0.0126988
9.48803 0.0125708
9.51236 0.012444
9.5367 0.0123186
9.56103 0.0121944
9.58537 0.0120715
9.6097 0.0119498
9.63404 0.0118294
9.65837 0.0117102
9.68271 0.0115922
9.70704 0.0114754
9.73138 0.0113597
9.75571 0.0112453
9.78005 0.011132
9.80438 0.0110199
9.82872 0.0109089
9.85305 0.010799
9.87739 0.0106902
9.90172 0.0105825
9.92605 0.010476
9.95039 0.0103705
9.97472 0.010266
9.99906 0.0101627
10.0234 0.0100604
10.0477 0.00995908
10.0721 0.00985883
10.0964 0.00975959
10.1207 0.00966135
10.1451 0.00956411
10.1694 0.00946786
10.1937 0.00937258
10.2181 0.00927826
10.2424 0.00918491
10.2667 0.00909249
10.2911 0.00900101
10.3154 0.00891046
10.3397 0.00882083
10.3641 0.0087321
10.3884 0.00864428
10.4128 0.00855734
10.4371 0.00847128
10.4614 0.00838609
10.4858 0.00830177
10.5101 0.0082183
10.5344 0.00813567
10.5588 0.00805389
10.5831 0.00797292
10.6074 0.00789278
10.6318 0.00781345
10.6561 0.00773492
10.6804 0.00765719
10.7048 0.00758024
10.7291 0.00750408
10.7534 0.00742868
10.7778 0.00735404
10.8021 0.00728016
10.8264 0.00720703
10.8508 0.00713464
10.8751 0.00706298
10.8994 0.00699204
10.9238 0.00692183
10.9481 0.00685232
10.9725 0.00678351
10.9968 0.0067154
11.0211 0.00664798
11.0455 0.00658124
11.0698 0.00651518
11.0941 0.00644978
11.1185 0.00638505
11.1428 0.00632097
11.1671 0.00625753
11.1915 0.00619474
11.2158 0.00613258
11.2401 0.00607105
11.2645 0.00601015
11.2888 0.00594985
11.3131 0.00589017
11.3375 0.00583109
11.3618 0.00577261
11.3861 0.00571471
11.4105 0.0056574
11.4348 0.00560067
11.4591 0.00554452
11.4835 0.00548893
11.5078 0.0054339
11.5322 0.00537943
11.5565 0.00532551
11.5808 0.00527213
11.6052 0.00521929
11.6295 0.00516698
11.6538 0.0051152
11.6782 0.00506395
11.7025 0.00501321
11.7268 0.00496298
11.7512 0.00491326
11.7755 0.00486405
11.7998 0.00481532
11.8242 0.00476709
11.8485 0.00471935
11.8728 0.00467209
11.8972 0.0046253
11.9215 0.00457899
11.9458 0.00453315
11.9702 0.00448776
11.9945 0.00444283
12.0188 0.00439836
12.0432 0.00435434
12.0675 0.00431076
12.0919 0.00426761
12.1162 0.00422491
12.1405 0.00418263
12.1649 0.00414078
12.1892 0.00409935
12.2135 0.00405834
12.2379 0.00401774
12.2622 0.00397755
12.2865 0.00393777
12.3109 0.00389838
12.3352 0.0038594
12.3595 0.0038208
12.3839 0.0037826
12.4082 0.00374478
12.4325 0.00370734
12.4569 0.00367027
12.4812 0.00363358
12.5055 0.00359726
12.5299 0.00356131
12.5542 0.00352572
12.5786 0.00349048
12.6029 0.0034556
12.6272 0.00342107
12.6516 0.00338689
12.6759 0.00335305
12.7002 0.00331955
12.7246 0.00328639
12.7489 0.00325357
12.7732 0.00322107
12.7976 0.0031889
12.8219 0.00315706
12.8462 0.00312553
12.8706 0.00309432
12.8949 0.00306343
12.9192 0.00303284
12.9436 0.00300256
12.9679 0.00297259
12.9922 0.00294292
13.0166 0.00291355
13.0409 0.00288447
13.0652 0.00285568
13.0896 0.00282719
13.1139 0.00279898
13.1383 0.00277105
13.1626 0.00274341
13.1869 0.00271604
13.2113 0.00268894
13.2356 0.00266212
13.2599 0.00263557
13.2843 0.00260929
13.3086 0.00258326
13.3329 0.00255751
13.3573 0.002532
13.3816 0.00250676
13.4059 0.00248177
13.4303 0.00245703
13.4546 0.00243253
13.4789 0.00240829
13.5033 0.00238428
13.5276 0.00236052
13.5519 0.002337
13.5763 0.00231371
13.6006 0.00229065
13.6249 0.00226783
13.6493 0.00224524
13.6736 0.00222287
13.698 0.00220073
13.7223 0.0021788
13.7466 0.0021571
13.771 0.00213562
13.7953 0.00211435
13.8196 0.0020933
13.844 0.00207245
13.8683 0.00205182
13.8926 0.00203139
13.917 0.00201117
13.9413 0.00199114
13.9656 0.00197132
13.99 0.0019517
14.0143 0.00193228
14.0386 0.00191305
14.063 0.00189401
14.0873 0.00187516
14.1116 0.00185651
14.136 0.00183803
14.1603 0.00181975
14.1846 0.00180164
14.209 0.00178372
14.2333 0.00176598
14.2577 0.00174842
14.282 0.00173103
14.3063 0.00171381
14.3307 0.00169677
14.355 0.0016799
14.3793 0.0016632
14.4037 0.00164666
14.428 0.00163029
14.4523 0.00161408
14.4767 0.00159804
14.501 0.00158215
14.5253 0.00156643
14.5497 0.00155086
14.574 0.00153545
14.5983 0.00152019
14.6227 0.00150509
14.647 0.00149013
14.6713 0.00147533
14.6957 0.00146067
14.72 0.00144616
14.7443 0.0014318
14.7687 0.00141758
14.793 0.0014035
14.8174 0.00138956
14.8417 0.00137576
14.866 0.0013621
14.8904 0.00134857
14.9147 0.00133518
14.939 0.00132193
14.9634 0.0013088
14.9877 0.00129581
15.012 0.00128295
15.0364 0.00127022
15.0607 0.00125761
15.085 0.00124513
15.1094 0.00123277
15.1337 0.00122054
15.158 0.00120843
15.1824 0.00119644
15.2067 0.00118457
15.231 0.00117282
15.2554 0.00116118
15.2797 0.00114967
15.3041 0.00113826
15.3284 0.00112697
15.3527 0.0011158
15.3771 0.00110473
15.4014 0.00109378
15.4257 0.00108293
15.4501 0.00107219
15.4744 0.00106156
15.4987 0.00105104
15.5231 0.00104062
15.5474 0.00103031
15.5717 0.00102009
15.5961 0.00100998
15.6204 0.000999974
15.6447 0.000990064
15.6691 0.000980253
15.6934 0.00097054
15.7177 0.000960923
15.7421 0.000951403
15.7664 0.000941977
15.7907 0.000932646
15.8151 0.000923407
15.8394 0.00091426
15.8638 0.000905205
15.8881 0.00089624
15.9124 0.000887364
15.9368 0.000878577
15.9611 0.000869877
15.9854 0.000861264
16.0098 0.000852736
16.0341 0.000844294
16.0584 0.000835935
16.0828 0.00082766
16.1071 0.000819467
16.1314 0.000811356
16.1558 0.000803326
16.1801 0.000795375
16.2044 0.000787504
16.2288 0.000779711
16.2531 0.000771996
16.2774 0.000764357
16.3018 0.000756795
16.3261 0.000749307
16.3504 0.000741894
16.3748 0.000734555
16.3991 0.000727289
16.4235 0.000720096
16.4478 0.000712974
16.4721 0.000705922
16.4965 0.000698941
16.5208 0.000692029
16.5451 0.000685186
16.5695 0.000678412
16.5938 0.000671704
16.6181 0.000665063
16.6425 0.000658488
16.6668 0.000651979
16.6911 0.000645534
16.7155 0.000639154
16.7398 0.000632836
16.7641 0.000626582
16.7885 0.00062039
16.8128 0.000614259
16.8371 0.000608189
16.8615 0.00060218
16.8858 0.00059623
16.9101 0.000590339
16.9345 0.000584507
16.9588 0.000578733
16.9832 0.000573016
17.0075 0.000567356
17.0318 0.000561753
17.0562 0.000556204
17.0805 0.000550711
17.1048 0.000545273
17.1292 0.000539888
17.1535 0.000534557
17.1778 0.000529279
17.2022 0.000524054
17.2265 0.00051888
17.2508 0.000513757
17.2752 0.000508686
17.2995 0.000503665
17.3238 0.000498693
17.3482 0.000493771
17.3725 0.000488898
17.3968 0.000484073
17.4212 0.000479296
17.4455 0.000474567
17.4698 0.000469884
17.4942 0.000465248
17.5185 0.000460658
17.5429 0.000456113
17.5672 0.000451613
17.5915 0.000447158
17.6159 0.000442748
17.6402 0.000438381
17.6645 0.000434057
17.6889 0.000429776
17.7132 0.000425538
17.7375 0.000421341
17.7619 0.000417186
17.7862 0.000413073
17.8105 0.000409
17.8349 0.000404968
17.8592 0.000400975
17.8835 0.000397022
17.9079 0.000393108
17.9322 0.000389233
17.9565 0.000385397
17.9809 0.000381598
18.0052 0.000377837
18.0295 0.000374114
18.0539 0.000370427
18.0782 0.000366777
18.1026 0.000363163
18.1269 0.000359585
18.1512 0.000356042
18.1756 0.000352534
18.1999 0.000349061
18.2242 0.000345622
18.2486 0.000342218
18.2729 0.000338847
18.2972 0.00033551
18.3216 0.000332205
18.3459 0.000328933
18.3702 0.000325694
18.3946 0.000322487
18.4189 0.000319311
18.4432 0.000316167
18.4676 0.000313054
18.4919 0.000309972
18.5162 0.00030692
18.5406 0.000303899
18.5649 0.000300907
18.5893 0.000297945
18.6136 0.000295013
18.6379 0.000292109
18.6623 0.000289234
18.6866 0.000286388
18.7109 0.000283569
18.7353 0.000280779
18.7596 0.000278016
18.7839 0.00027528
18.8083 0.000272572
18.8326 0.00026989
18.8569 0.000267235
18.8813 0.000264606
18.9056 0.000262003
18.9299 0.000259426
18.9543 0.000256874
18.9786 0.000254348
19.0029 0.000251846
19.0273 0.000249369
19.0516 0.000246917
19.0759 0.000244489
19.1003 0.000242085
19.1246 0.000239704
19.149 0.000237347
19.1733 0.000235014
19.1976 0.000232703
19.222 0.000230416
19.2463 0.000228151
19.2706 0.000225908
19.295 0.000223687
19.3193 0.000221489
19.3436 0.000219312
19.368 0.000217157
19.3923 0.000215022
19.4166 0.000212909
19.441 0.000210817
19.4653 0.000208746
19.4896 0.000206695
19.514 0.000204664
19.5383 0.000202653
19.5626 0.000200662
19.587 0.000198691
19.6113 0.000196739
19.6356 0.000194807
19.66 0.000192893
19.6843 0.000190998
19.7087 0.000189123
19.733 0.000187265
19.7573 0.000185426
19.7817 0.000183605
19.806 0.000181802
19.8303 0.000180017
19.8547 0.00017825
19.879 0.000176499
19.9033 0.000174767
19.9277 0.000173051
19.952 0.000171352
19.9763 0.00016967
20.0007 0.000168005
20.025 0.000166355
20.0493 0.000164723
20.0737 0.000163106
20.098 0.000161505
20.1223 0.00015992
20.1467 0.000158351
20.171 0.000156797
20.1953 0.000155258
20.2197 0.000153735
20.244 0.000152227
20.2684 0.000150733
20.2927 0.000149254
20.317 0.00014779
20.3414 0.00014634
20.3657 0.000144905
20.39 0.000143483
20.4144 0.000142076
20.4387 0.000140683
20.463 0.000139303
20.4874 0.000137937
20.5117 0.000136584
20.536 0.000135245
20.5604 0.000133918
20.5847 0.000132605
20.609 0.000131305
20.6334 0.000130018
20.6577 0.000128743
20.682 0.000127481
20.7064 0.000126231
20.7307 0.000124994
20.755 0.000123768
20.7794 0.000122555
20.8037 0.000121354
20.8281 0.000120165
20.8524 0.000118987
20.8767 0.000117821
20.9011 0.000116666
20.9254 0.000115523
20.9497 0.000114391
20.9741 0.00011327
20.9984 0.00011216
21.0227 0.000111061
21.0471 0.000109973
21.0714 0.000108896
21.0957 0.000107829
21.1201 0.000106773
21.1444 0.000105727
21.1687 0.000104691
21.1931 0.000103666
21.2174 0.00010265
21.2417 0.000101645
21.2661 0.00010065
21.2904 9.96639e-05
21.3148 9.86879e-05
21.3391 9.77215e-05
21.3634 9.67646e-05
21.3878 9.58171e-05
21.4121 9.4879e-05
21.4364 9.39501e-05
21.4608 9.30303e-05
21.4851 9.21195e-05
21.5094 9.12177e-05
21.5338 9.03248e-05
21.5581 8.94406e-05
21.5824 8.85651e-05
21.6068 8.76983e-05
21.6311 8.68399e-05
21.6554 8.599e-05
21.6798 8.51485e-05
21.7041 8.43152e-05
21.7284 8.34901e-05
21.7528 8.26731e-05
21.7771 8.18641e-05
21.8014 8.10631e-05
21.8258 8.027e-05
21.8501 7.94846e-05
21.8745 7.8707e-05
21.8988 7.7937e-05
21.9231 7.71746e-05
21.9475 7.64196e-05
21.9718 7.56721e-05
21.9961 7.49319e-05
22.0205 7.4199e-05
22.0448 7.34733e-05
22.0691 7.27547e-05
22.0935 7.20432e-05
22.1178 7.13386e-05
22.1421 7.0641e-05
22.1665 6.99502e-05
22.1908 6.92662e-05
22.2151 6.85889e-05
22.2395 6.79183e-05
22.2638 6.72542e-05
22.2881 6.65967e-05
22.3125 6.59456e-05
22.3368 6.5301e-05
22.3611 6.46626e-05
22.3855 6.40305e-05
22.4098 6.34046e-05
22.4342 6.27849e-05
22.4585 6.21712e-05
22.4828 6.15636e-05
22.5072 6.09619e-05
22.5315 6.03661e-05
22.5558 5.97762e-05
22.5802 5.9192e-05
22.6045 5.86136e-05
22.6288 5.80409e-05
22.6532 5.74737e-05
22.6775 5.69122e-05
22.7018 5.63561e-05
22.7262 5.58055e-05
22.7505 5.52603e-05
22.7748 5.47205e-05
22.7992 5.41859e-05
22.8235 5.36566e-05
22.8478 5.31325e-05
22.8722 5.26135e-05
22.8965 5.20996e-05
22.9208 5.15908e-05
22.9452 5.10869e-05
22.9695 5.0588e-05
22.9939 5.0094e-05
23.0182 4.96048e-05
23.0425 4.91204e-05
23.0669 4.86407e-05
23.0912 4.81658e-05
23.1155 4.76955e-05
23.1399 4.72298e-05
23.1642 4.67687e-05
23.1885 4.63121e-05
23.2129 4.586e-05
23.2372 4.54123e-05
23.2615 4.4969e-05
23.2859 4.453e-05
23.3102 4.40953e-05
23.3345 4.36649e-05
23.3589 4.32388e-05
23.3832 4.28167e-05
23.4075 4.23989e-05
23.4319 4.19851e-05
23.4562 4.15754e-05
23.4805 4.11696e-05
23.5049 4.07679e-05
23.5292 4.03701e-05
23.5536 3.99762e-05
23.5779 3.95861e-05
23.6022 3.91999e-05
23.6266 3.88174e-05
23.6509 3.84387e-05
23.6752 3.80637e-05
23.6996 3.76924e-05
23.7239 3.73247e-05
