-5.76521 0.000140273
-5.74838 0.000143618
-5.73154 0.000147043
-5.7147 0.000150552
-5.69787 0.000154144
-5.68103 0.000157824
-5.66419 0.000161592
-5.64735 0.000165451
-5.63052 0.000169403
-5.61368 0.000173451
-5.59684 0.000177596
-5.58001 0.000181841
-5.56317 0.000186189
-5.54633 0.000190643
-5.5295 0.000195203
-5.51266 0.000199875
-5.49582 0.000204659
-5.47899 0.000209559
-5.46215 0.000214577
-5.44531 0.000219717
-5.42847 0.000224982
-5.41164 0.000230374
-5.3948 0.000235897
-5.37796 0.000241554
-5.36113 0.000247348
-5.34429 0.000253282
-5.32745 0.000259361
-5.31062 0.000265587
-5.29378 0.000271964
-5.27694 0.000278497
-5.2601 0.000285188
-5.24327 0.000292041
-5.22643 0.000299062
-5.20959 0.000306253
-5.19276 0.000313619
-5.17592 0.000321164
-5.15908 0.000328894
-5.14225 0.000336811
-5.12541 0.000344921
-5.10857 0.000353229
-5.09173 0.00036174
-5.0749 0.000370458
-5.05806 0.000379389
-5.04122 0.000388538
-5.02439 0.00039791
-5.00755 0.000407511
-4.99071 0.000417347
-4.97388 0.000427423
-4.95704 0.000437746
-4.9402 0.000448321
-4.92337 0.000459155
-4.90653 0.000470254
-4.88969 0.000481625
-4.87285 0.000493274
-4.85602 0.000505209
-4.83918 0.000517437
-4.82234 0.000529964
-4.80551 0.000542799
-4.78867 0.000555948
-4.77183 0.000569421
-4.755 0.000583224
-4.73816 0.000597367
-4.72132 0.000611857
-4.70448 0.000626703
-4.68765 0.000641915
-4.67081 0.000657501
-4.65397 0.000673471
-4.63714 0.000689834
-4.6203 0.0007066
-4.60346 0.000723779
-4.58663 0.000741382
-4.56979 0.000759419
-4.55295 0.000777902
-4.53612 0.00079684
-4.51928 0.000816247
-4.50244 0.000836132
-4.4856 0.00085651
-4.46877 0.000877391
-4.45193 0.000898789
-4.43509 0.000920716
-4.41826 0.000943187
-4.40142 0.000966214
-4.38458 0.000989811
-4.36775 0.00101399
-4.35091 0.00103878
-4.33407 0.00106417
-4.31723 0.0010902
-4.3004 0.00111688
-4.28356 0.00114421
-4.26672 0.00117223
-4.24989 0.00120094
-4.23305 0.00123037
-4.21621 0.00126053
-4.19938 0.00129144
-4.18254 0.00132312
-4.1657 0.00135559
-4.14886 0.00138887
-4.13203 0.00142298
-4.11519 0.00145794
-4.09835 0.00149378
-4.08152 0.00153051
-4.06468 0.00156816
-4.04784 0.00160675
-4.03101 0.0016463
-4.01417 0.00168685
-3.99733 0.00172841
-3.9805 0.00177101
-3.96366 0.00181468
-3.94682 0.00185945
-3.92998 0.00190533
-3.91315 0.00195237
-3.89631 0.0020006
-3.87947 0.00205003
-3.86264 0.00210071
-3.8458 0.00215266
-3.82896 0.00220591
-3.81213 0.00226051
-3.79529 0.00231649
-3.77845 0.00237387
-3.76161 0.00243271
-3.74478 0.00249302
-3.72794 0.00255486
-3.7111 0.00261827
-3.69427 0.00268327
-3.67743 0.00274992
-3.66059 0.00281825
-3.64376 0.00288832
-3.62692 0.00296016
-3.61008 0.00303381
-3.59325 0.00310934
-3.57641 0.00318678
-3.55957 0.00326619
-3.54273 0.00334761
-3.5259 0.00343111
-3.50906 0.00351672
-3.49222 0.00360452
-3.47539 0.00369455
-3.45855 0.00378687
-3.44171 0.00388154
-3.42488 0.00397863
-3.40804 0.00407819
-3.3912 0.0041803
-3.37436 0.00428501
-3.35753 0.0043924
-3.34069 0.00450254
-3.32385 0.00461549
-3.30702 0.00473133
-3.29018 0.00485014
-3.27334 0.004972
-3.25651 0.00509698
-3.23967 0.00522517
-3.22283 0.00535665
-3.20599 0.00549151
-3.18916 0.00562983
-3.17232 0.00577172
-3.15548 0.00591725
-3.13865 0.00606654
-3.12181 0.00621967
-3.10497 0.00637674
-3.08814 0.00653787
-3.0713 0.00670317
-3.05446 0.00687273
-3.03763 0.00704667
-3.02079 0.00722511
-3.00395 0.00740818
-2.98711 0.00759598
-2.97028 0.00778865
-2.95344 0.00798631
-2.9366 0.00818911
-2.91977 0.00839717
-2.90293 0.00861063
-2.88609 0.00882964
-2.86926 0.00905435
-2.85242 0.00928491
-2.83558 0.00952148
-2.81874 0.00976421
-2.80191 0.0100133
-2.78507 0.0102688
-2.76823 0.0105311
-2.7514 0.0108001
-2.73456 0.0110763
-2.71772 0.0113596
-2.70089 0.0116504
-2.68405 0.0119488
-2.66721 0.012255
-2.65037 0.0125692
-2.63354 0.0128917
-2.6167 0.0132226
-2.59986 0.0135623
-2.58303 0.0139108
-2.56619 0.0142686
-2.54935 0.0146358
-2.53252 0.0150126
-2.51568 0.0153994
-2.49884 0.0157963
-2.48201 0.0162038
-2.46517 0.016622
-2.44833 0.0170513
-2.43149 0.0174919
-2.41466 0.0179442
-2.39782 0.0184084
-2.38098 0.018885
-2.36415 0.0193741
-2.34731 0.0198763
-2.33047 0.0203918
-2.31364 0.0209209
-2.2968 0.0214641
-2.27996 0.0220218
-2.26312 0.0225943
-2.24629 0.023182
-2.22945 0.0237853
-2.21261 0.0244048
-2.19578 0.0250407
-2.17894 0.0256936
-2.1621 0.0263639
-2.14527 0.0270521
-2.12843 0.0277586
-2.11159 0.028484
-2.09476 0.0292288
-2.07792 0.0299935
-2.06108 0.0307787
-2.04424 0.0315849
-2.02741 0.0324126
-2.01057 0.0332625
-1.99373 0.0341351
-1.9769 0.0350311
-1.96006 0.0359511
-1.94322 0.0368957
-1.92639 0.0378656
-1.90955 0.0388616
-1.89271 0.0398842
-1.87587 0.0409343
-1.85904 0.0420124
-1.8422 0.0431195
-1.82536 0.0442563
-1.80853 0.0454235
-1.79169 0.046622
-1.77485 0.0478526
-1.75802 0.0491162
-1.74118 0.0504136
-1.72434 0.0517457
-1.7075 0.0531135
-1.69067 0.0545179
-1.67383 0.0559598
-1.65699 0.0574403
-1.64016 0.0589603
-1.62332 0.0605208
-1.60648 0.062123
-1.58965 0.0637678
-1.57281 0.0654564
-1.55597 0.0671899
-1.53914 0.0689695
-1.5223 0.0707962
-1.50546 0.0726713
-1.48862 0.074596
-1.47179 0.0765715
-1.45495 0.0785991
-1.43811 0.0806801
-1.42128 0.0828156
-1.40444 0.0850071
-1.3876 0.0872559
-1.37077 0.0895633
-1.35393 0.0919308
-1.33709 0.0943595
-1.32025 0.0968511
-1.30342 0.0994069
-1.28658 0.102028
-1.26974 0.104717
-1.25291 0.107474
-1.23607 0.1103
-1.21923 0.113199
-1.2024 0.11617
-1.18556 0.119215
-1.16872 0.122336
-1.15189 0.125534
-1.13505 0.12881
-1.11821 0.132167
-1.10137 0.135604
-1.08454 0.139125
-1.0677 0.142729
-1.05086 0.146418
-1.03403 0.150193
-1.01719 0.154056
-1.00035 0.158008
-0.983515 0.162049
-0.966678 0.16618
-0.949841 0.170402
-0.933004 0.174717
-0.916167 0.179124
-0.899331 0.183623
-0.882494 0.188216
-0.865657 0.192903
-0.84882 0.197682
-0.831983 0.202555
-0.815146 0.207521
-0.798309 0.212578
-0.781472 0.217727
-0.764635 0.222966
-0.747798 0.228294
-0.730961 0.233709
-0.714124 0.239208
-0.697287 0.24479
-0.68045 0.250452
-0.663613 0.256191
-0.646776 0.262003
-0.629939 0.267884
-0.613102 0.27383
-0.596265 0.279836
-0.579428 0.285898
-0.562591 0.292008
-0.545754 0.298161
-0.528917 0.30435
-0.51208 0.310568
-0.495243 0.316806
-0.478406 0.323057
-0.461569 0.329311
-0.444732 0.335558
-0.427895 0.34179
-0.411059 0.347994
-0.394222 0.35416
-0.377385 0.360277
-0.360548 0.366332
-0.343711 0.372313
-0.326874 0.378208
-0.310037 0.384002
-0.2932 0.389682
-0.276363 0.395236
-0.259526 0.400648
-0.242689 0.405906
-0.225852 0.410996
-0.209015 0.415903
-0.192178 0.420615
-0.175341 0.425118
-0.158504 0.429399
-0.141667 0.433447
-0.12483 0.437248
-0.107993 0.440794
-0.0911562 0.444072
-0.0743192 0.447073
-0.0574823 0.44979
-0.0406453 0.452214
-0.0238083 0.454338
-0.00697135 0.456159
0.00986561 0.45767
0.0267026 0.45887
0.0435395 0.459756
0.0603765 0.460327
0.0772135 0.460585
0.0940504 0.460531
0.110887 0.460167
0.127724 0.459499
0.144561 0.45853
0.161398 0.457268
0.178235 0.455718
0.195072 0.453889
0.211909 0.45179
0.228746 0.44943
0.245583 0.446819
0.26242 0.443968
0.279257 0.440888
0.296094 0.43759
0.312931 0.434086
0.329768 0.430387
0.346605 0.426507
0.363442 0.422456
0.380279 0.418248
0.397116 0.413893
0.413953 0.409405
0.43079 0.404794
0.447627 0.400072
0.464464 0.39525
0.481301 0.390339
0.498138 0.38535
0.514975 0.380292
0.531812 0.375176
0.548649 0.37001
0.565485 0.364804
0.582322 0.359566
0.599159 0.354305
0.615996 0.349027
0.632833 0.343741
0.64967 0.338452
0.666507 0.333168
0.683344 0.327894
0.700181 0.322635
0.717018 0.317398
0.733855 0.312186
0.750692 0.307005
0.767529 0.301858
0.784366 0.296749
0.801203 0.291682
0.81804 0.286659
0.834877 0.281684
0.851714 0.276759
0.868551 0.271887
0.885388 0.267069
0.902225 0.262308
0.919062 0.257604
0.935899 0.252961
0.952736 0.248377
0.969573 0.243856
0.98641 0.239397
1.00325 0.235002
1.02008 0.230671
1.03692 0.226404
1.05376 0.222202
1.07059 0.218064
1.08743 0.213992
1.10427 0.209985
1.12111 0.206043
1.13794 0.202166
1.15478 0.198354
1.17162 0.194606
1.18845 0.190921
1.20529 0.187301
1.22213 0.183743
1.23896 0.180248
1.2558 0.176814
1.27264 0.173442
1.28947 0.170131
1.30631 0.166879
1.32315 0.163687
1.33999 0.160553
1.35682 0.157477
1.37366 0.154458
1.3905 0.151496
1.40733 0.148588
1.42417 0.145736
1.44101 0.142937
1.45784 0.140191
1.47468 0.137497
1.49152 0.134855
1.50836 0.132263
1.52519 0.129721
1.54203 0.127228
1.55887 0.124783
1.5757 0.122385
1.59254 0.120034
1.60938 0.117728
1.62621 0.115467
1.64305 0.11325
1.65989 0.111076
1.67673 0.108944
1.69356 0.106854
1.7104 0.104805
1.72724 0.102797
1.74407 0.100827
1.76091 0.0988963
1.77775 0.0970033
1.79458 0.0951475
1.81142 0.0933282
1.82826 0.0915446
1.84509 0.0897961
1.86193 0.088082
1.87877 0.0864017
1.89561 0.0847544
1.91244 0.0831395
1.92928 0.0815564
1.94612 0.0800045
1.96295 0.0784831
1.97979 0.0769916
1.99663 0.0755296
2.01346 0.0740963
2.0303 0.0726911
2.04714 0.0713137
2.06398 0.0699633
2.08081 0.0686394
2.09765 0.0673416
2.11449 0.0660692
2.13132 0.0648218
2.14816 0.0635989
2.165 0.0624
2.18183 0.0612246
2.19867 0.0600722
2.21551 0.0589424
2.23235 0.0578347
2.24918 0.0567487
2.26602 0.0556839
2.28286 0.0546399
2.29969 0.0536163
2.31653 0.0526127
2.33337 0.0516286
2.3502 0.0506637
2.36704 0.0497176
2.38388 0.0487899
2.40071 0.0478802
2.41755 0.0469882
2.43439 0.0461135
2.45123 0.0452558
2.46806 0.0444147
2.4849 0.04359
2.50174 0.0427811
2.51857 0.0419879
2.53541 0.0412101
2.55225 0.0404472
2.56908 0.0396991
2.58592 0.0389654
2.60276 0.0382458
2.6196 0.0375401
2.63643 0.0368479
2.65327 0.036169
2.67011 0.0355032
2.68694 0.0348501
2.70378 0.0342096
2.72062 0.0335813
2.73745 0.032965
2.75429 0.0323605
2.77113 0.0317675
2.78796 0.0311859
2.8048 0.0306153
2.82164 0.0300557
2.83848 0.0295066
2.85531 0.028968
2.87215 0.0284397
2.88899 0.0279213
2.90582 0.0274128
2.92266 0.0269139
2.9395 0.0264245
2.95633 0.0259443
2.97317 0.0254733
2.99001 0.0250111
3.00685 0.0245576
3.02368 0.0241126
3.04052 0.0236761
3.05736 0.0232477
3.07419 0.0228275
3.09103 0.0224151
3.10787 0.0220104
3.1247 0.0216134
3.14154 0.0212237
3.15838 0.0208414
3.17522 0.0204662
3.19205 0.0200981
3.20889 0.0197368
3.22573 0.0193822
3.24256 0.0190343
3.2594 0.0186928
3.27624 0.0183577
3.29307 0.0180289
3.30991 0.0177061
3.32675 0.0173893
3.34358 0.0170784
3.36042 0.0167733
3.37726 0.0164738
3.3941 0.0161799
3.41093 0.0158914
3.42777 0.0156082
3.44461 0.0153303
3.46144 0.0150575
3.47828 0.0147897
3.49512 0.0145268
3.51195 0.0142688
3.52879 0.0140155
3.54563 0.0137669
3.56247 0.0135228
3.5793 0.0132832
3.59614 0.013048
3.61298 0.0128172
3.62981 0.0125905
3.64665 0.012368
3.66349 0.0121495
3.68032 0.0119351
3.69716 0.0117245
3.714 0.0115178
3.73084 0.0113149
3.74767 0.0111157
3.76451 0.01092
3.78135 0.010728
3.79818 0.0105394
3.81502 0.0103542
3.83186 0.0101724
3.84869 0.00999395
3.86553 0.00981868
3.88237 0.00964659
3.8992 0.00947761
3.91604 0.00931168
3.93288 0.00914875
3.94972 0.00898876
3.96655 0.00883166
3.98339 0.00867738
4.00023 0.00852589
4.01706 0.00837712
4.0339 0.00823103
4.05074 0.00808757
4.06757 0.00794668
4.08441 0.00780832
4.10125 0.00767244
4.11809 0.00753899
4.13492 0.00740794
4.15176 0.00727924
4.1686 0.00715283
4.18543 0.00702869
4.20227 0.00690676
4.21911 0.00678701
4.23594 0.0066694
4.25278 0.00655389
4.26962 0.00644043
4.28645 0.00632899
4.30329 0.00621954
4.32013 0.00611203
4.33697 0.00600644
4.3538 0.00590272
4.37064 0.00580084
4.38748 0.00570077
4.40431 0.00560247
4.42115 0.00550592
4.43799 0.00541107
4.45482 0.00531791
4.47166 0.00522639
4.4885 0.00513649
4.50534 0.00504818
4.52217 0.00496143
4.53901 0.0048762
4.55585 0.00479249
4.57268 0.00471024
4.58952 0.00462945
4.60636 0.00455008
4.62319 0.0044721
4.64003 0.0043955
4.65687 0.00432024
4.67371 0.0042463
4.69054 0.00417366
4.70738 0.0041023
4.72422 0.00403219
4.74105 0.0039633
4.75789 0.00389563
4.77473 0.00382913
4.79156 0.0037638
4.8084 0.00369962
4.82524 0.00363655
4.84207 0.00357459
4.85891 0.00351371
4.87575 0.00345389
4.89259 0.00339511
4.90942 0.00333736
4.92626 0.00328062
4.9431 0.00322486
4.95993 0.00317007
4.97677 0.00311624
4.99361 0.00306334
5.01044 0.00301136
5.02728 0.00296029
5.04412 0.0029101
5.06096 0.00286078
5.07779 0.00281231
5.09463 0.00276469
5.11147 0.00271789
5.1283 0.0026719
5.14514 0.00262671
5.16198 0.0025823
5.17881 0.00253866
5.19565 0.00249577
5.21249 0.00245362
5.22932 0.0024122
5.24616 0.0023715
5.263 0.0023315
5.27984 0.00229218
5.29667 0.00225355
5.31351 0.00221558
5.33035 0.00217826
5.34718 0.00214159
5.36402 0.00210554
5.38086 0.00207012
5.39769 0.0020353
5.41453 0.00200109
5.43137 0.00196746
5.44821 0.0019344
5.46504 0.00190192
5.48188 0.00186999
5.49872 0.00183861
5.51555 0.00180776
5.53239 0.00177745
5.54923 0.00174765
5.56606 0.00171836
5.5829 0.00168958
5.59974 0.00166128
5.61658 0.00163347
5.63341 0.00160614
5.65025 0.00157927
5.66709 0.00155286
5.68392 0.0015269
5.70076 0.00150138
5.7176 0.0014763
5.73443 0.00145164
5.75127 0.0014274
5.76811 0.00140358
5.78494 0.00138016
5.80178 0.00135714
5.81862 0.00133452
5.83546 0.00131227
5.85229 0.00129041
5.86913 0.00126891
5.88597 0.00124778
5.9028 0.00122701
5.91964 0.00120659
5.93648 0.00118652
5.95331 0.00116679
5.97015 0.00114739
5.98699 0.00112832
6.00383 0.00110957
6.02066 0.00109114
6.0375 0.00107302
6.05434 0.00105521
6.07117 0.0010377
6.08801 0.00102048
6.10485 0.00100356
6.12168 0.00098692
6.13852 0.000970562
6.15536 0.000954481
6.1722 0.00093867
6.18903 0.000923126
6.20587 0.000907843
6.22271 0.000892818
6.23954 0.000878046
6.25638 0.000863523
6.27322 0.000849244
6.29005 0.000835206
6.30689 0.000821403
6.32373 0.000807832
6.34056 0.00079449
6.3574 0.000781371
6.37424 0.000768473
6.39108 0.000755791
6.40791 0.000743322
6.42475 0.000731062
6.44159 0.000719008
6.45842 0.000707156
6.47526 0.000695502
6.4921 0.000684043
6.50893 0.000672777
6.52577 0.000661699
6.54261 0.000650806
6.55945 0.000640096
6.57628 0.000629564
6.59312 0.000619209
6.60996 0.000609027
6.62679 0.000599015
6.64363 0.00058917
6.66047 0.000579489
6.6773 0.00056997
6.69414 0.00056061
6.71098 0.000551406
6.72781 0.000542355
6.74465 0.000533456
6.76149 0.000524704
6.77833 0.000516098
6.79516 0.000507636
6.812 0.000499314
6.82884 0.000491131
6.84567 0.000483085
6.86251 0.000475172
6.87935 0.00046739
6.89618 0.000459738
6.91302 0.000452213
6.92986 0.000444813
6.9467 0.000437536
6.96353 0.000430379
6.98037 0.000423342
6.99721 0.000416421
7.01404 0.000409615
7.03088 0.000402922
7.04772 0.00039634
7.06455 0.000389867
7.08139 0.000383501
7.09823 0.00037724
7.11507 0.000371084
7.1319 0.000365029
7.14874 0.000359074
7.16558 0.000353218
7.18241 0.000347459
7.19925 0.000341795
7.21609 0.000336224
7.23292 0.000330746
7.24976 0.000325358
7.2666 0.000320059
7.28343 0.000314848
7.30027 0.000309722
7.31711 0.000304681
7.33395 0.000299724
7.35078 0.000294848
7.36762 0.000290052
7.38446 0.000285336
7.40129 0.000280697
7.41813 0.000276135
7.43497 0.000271647
7.4518 0.000267234
7.46864 0.000262893
7.48548 0.000258624
7.50232 0.000254425
7.51915 0.000250295
7.53599 0.000246233
7.55283 0.000242238
7.56966 0.000238309
7.5865 0.000234444
7.60334 0.000230642
7.62017 0.000226903
7.63701 0.000223225
7.65385 0.000219608
7.67068 0.00021605
7.68752 0.00021255
7.70436 0.000209108
7.7212 0.000205723
7.73803 0.000202392
7.75487 0.000199117
7.77171 0.000195895
7.78854 0.000192726
7.80538 0.000189608
7.82222 0.000186542
7.83905 0.000183526
7.85589 0.000180559
7.87273 0.000177641
7.88957 0.000174771
7.9064 0.000171947
7.92324 0.00016917
7.94008 0.000166438
7.95691 0.000163751
7.97375 0.000161107
7.99059 0.000158507
8.00742 0.00015595
8.02426 0.000153434
8.0411 0.000150959
8.05794 0.000148524
8.07477 0.000146129
8.09161 0.000143774
8.10845 0.000141456
8.12528 0.000139177
8.14212 0.000136934
8.15896 0.000134729
8.17579 0.000132559
8.19263 0.000130424
8.20947 0.000128324
8.2263 0.000126259
8.24314 0.000124227
8.25998 0.000122228
8.27682 0.000120262
8.29365 0.000118327
8.31049 0.000116424
8.32733 0.000114552
8.34416 0.000112711
8.361 0.000110899
8.37784 0.000109117
8.39467 0.000107364
8.41151 0.000105639
8.42835 0.000103942
8.44519 0.000102273
8.46202 0.000100631
8.47886 9.90157e-05
8.4957 9.74265e-05
8.51253 9.58631e-05
8.52937 9.4325e-05
8.54621 9.28118e-05
8.56304 9.13232e-05
8.57988 8.98588e-05
8.59672 8.8418e-05
8.61356 8.70006e-05
8.63039 8.56062e-05
8.64723 8.42343e-05
8.66407 8.28846e-05
8.6809 8.15568e-05
8.69774 8.02505e-05
8.71458 7.89654e-05
8.73141 7.7701e-05
8.74825 7.64571e-05
8.76509 7.52333e-05
8.78192 7.40293e-05
8.79876 7.28447e-05
8.8156 7.16793e-05
8.83244 7.05327e-05
8.84927 6.94047e-05
8.86611 6.82949e-05
8.88295 6.7203e-05
8.89978 6.61287e-05
8.91662 6.50718e-05
8.93346 6.40319e-05
8.95029 6.30088e-05
8.96713 6.20023e-05
8.98397 6.10119e-05
9.00081 6.00376e-05
9.01764 5.90789e-05
9.03448 5.81357e-05
9.05132 5.72077e-05
9.06815 5.62947e-05
9.08499 5.53964e-05
9.10183 5.45125e-05
9.11866 5.36429e-05
9.1355 5.27873e-05
9.15234 5.19455e-05
9.16917 5.11172e-05
9.18601 5.03023e-05
9.20285 4.95004e-05
9.21969 4.87115e-05
9.23652 4.79353e-05
9.25336 4.71715e-05
9.2702 4.642e-05
9.28703 4.56807e-05
9.30387 4.49532e-05
9.32071 4.42374e-05
9.33754 4.35331e-05
9.35438 4.28401e-05
9.37122 4.21582e-05
9.38806 4.14873e-05
9.40489 4.08272e-05
9.42173 4.01777e-05
9.43857 3.95385e-05
9.4554 3.89097e-05
9.47224 3.8291e-05
9.48908 3.76821e-05
9.50591 3.70831e-05
9.52275 3.64936e-05
9.53959 3.59136e-05
9.55643 3.53429e-05
9.57326 3.47814e-05
9.5901 3.42288e-05
9.60694 3.36851e-05
9.62377 3.31502e-05
9.64061 3.26237e-05
9.65745 3.21058e-05
9.67428 3.15961e-05
9.69112 3.10946e-05
9.70796 3.06011e-05
9.72479 3.01155e-05
9.74163 2.96377e-05
9.75847 2.91675e-05
9.77531 2.87048e-05
9.79214 2.82496e-05
9.80898 2.78016e-05
9.82582 2.73608e-05
9.84265 2.69271e-05
9.85949 2.65002e-05
9.87633 2.60802e-05
9.89316 2.56669e-05
9.91 2.52603e-05
9.92684 2.48601e-05
9.94368 2.44663e-05
9.96051 2.40788e-05
9.97735 2.36975e-05
9.99419 2.33222e-05
10.011 2.2953e-05
10.0279 2.25896e-05
10.0447 2.22321e-05
10.0615 2.18803e-05
10.0784 2.1534e-05
10.0952 2.11933e-05
10.112 2.0858e-05
10.1289 2.05281e-05
10.1457 2.02035e-05
10.1626 1.9884e-05
10.1794 1.95696e-05
10.1962 1.92602e-05
10.2131 1.89557e-05
10.2299 1.86561e-05
10.2467 1.83613e-05
10.2636 1.80712e-05
10.2804 1.77857e-05
10.2973 1.75047e-05
10.3141 1.72282e-05
10.3309 1.69561e-05
10.3478 1.66883e-05
10.3646 1.64248e-05
10.3814 1.61655e-05
10.3983 1.59103e-05
10.4151 1.56592e-05
10.4319 1.54121e-05
10.4488 1.51689e-05
10.4656 1.49295e-05
10.4825 1.4694e-05
10.4993 1.44622e-05
10.5161 1.42341e-05
10.533 1.40096e-05
10.5498 1.37887e-05
10.5666 1.35713e-05
10.5835 1.33574e-05
10.6003 1.31468e-05
10.6172 1.29396e-05
10.634 1.27357e-05
10.6508 1.2535e-05
10.6677 1.23375e-05
10.6845 1.21432e-05
10.7013 1.19519e-05
10.7182 1.17637e-05
10.735 1.15784e-05
10.7518 1.13961e-05
10.7687 1.12167e-05
10.7855 1.10401e-05
10.8024 1.08663e-05
10.8192 1.06953e-05
10.836 1.0527e-05
10.8529 1.03613e-05
10.8697 1.01983e-05
10.8865 1.00379e-05
10.9034 9.87999e-06
10.9202 9.72459e-06
10.9371 9.57166e-06
10.9539 9.42115e-06
10.9707 9.27302e-06
10.9876 9.12724e-06
11.0044 8.98377e-06
11.0212 8.84257e-06
11.0381 8.7036e-06
11.0549 8.56683e-06
