-4.8429 3.72402e-05
-4.83363 3.80423e-05
-4.82436 3.88617e-05
-4.81509 3.96988e-05
-4.80582 4.05539e-05
-4.79655 4.14274e-05
-4.78728 4.23197e-05
-4.77801 4.32312e-05
-4.76874 4.41624e-05
-4.75947 4.51136e-05
-4.7502 4.60853e-05
-4.74093 4.70779e-05
-4.73166 4.80919e-05
-4.72239 4.91278e-05
-4.71312 5.01859e-05
-4.70385 5.12668e-05
-4.69458 5.23711e-05
-4.68531 5.3499e-05
-4.67604 5.46513e-05
-4.66677 5.58284e-05
-4.6575 5.70308e-05
-4.64823 5.82592e-05
-4.63896 5.95139e-05
-4.62969 6.07957e-05
-4.62043 6.21051e-05
-4.61116 6.34427e-05
-4.60189 6.4809e-05
-4.59262 6.62048e-05
-4.58335 6.76307e-05
-4.57408 6.90872e-05
-4.56481 7.05751e-05
-4.55554 7.2095e-05
-4.54627 7.36476e-05
-4.537 7.52336e-05
-4.52773 7.68538e-05
-4.51846 7.85089e-05
-4.50919 8.01995e-05
-4.49992 8.19266e-05
-4.49065 8.36908e-05
-4.48138 8.5493e-05
-4.47211 8.7334e-05
-4.46284 8.92146e-05
-4.45357 9.11357e-05
-4.4443 9.30981e-05
-4.43503 9.51027e-05
-4.42576 9.71505e-05
-4.41649 9.92423e-05
-4.40722 0.000101379
-4.39795 0.000103562
-4.38868 0.000105792
-4.37941 0.000108069
-4.37014 0.000110396
-4.36087 0.000112773
-4.3516 0.000115201
-4.34233 0.000117681
-4.33306 0.000120214
-4.32379 0.000122802
-4.31452 0.000125446
-4.30525 0.000128146
-4.29598 0.000130905
-4.28671 0.000133723
-4.27744 0.000136601
-4.26817 0.000139541
-4.2589 0.000142545
-4.24963 0.000145613
-4.24036 0.000148747
-4.23109 0.000151948
-4.22182 0.000155219
-4.21255 0.000158559
-4.20328 0.000161971
-4.19401 0.000165457
-4.18474 0.000169018
-4.17547 0.000172655
-4.1662 0.00017637
-4.15693 0.000180165
-4.14766 0.000184041
-4.13839 0.000188001
-4.12912 0.000192046
-4.11985 0.000196178
-4.11058 0.000200399
-4.10131 0.00020471
-4.09204 0.000209114
-4.08277 0.000213612
-4.0735 0.000218207
-4.06423 0.0002229
-4.05496 0.000227695
-4.0457 0.000232592
-4.03643 0.000237595
-4.02716 0.000242704
-4.01789 0.000247924
-4.00862 0.000253256
-3.99935 0.000258702
-3.99008 0.000264264
-3.98081 0.000269947
-3.97154 0.000275751
-3.96227 0.000281679
-3.953 0.000287735
-3.94373 0.000293921
-3.93446 0.000300239
-3.92519 0.000306693
-3.91592 0.000313285
-3.90665 0.000320019
-3.89738 0.000326897
-3.88811 0.000333923
-3.87884 0.000341099
-3.86957 0.000348429
-3.8603 0.000355916
-3.85103 0.000363563
-3.84176 0.000371374
-3.83249 0.000379353
-3.82322 0.000387503
-3.81395 0.000395827
-3.80468 0.000404329
-3.79541 0.000413014
-3.78614 0.000421885
-3.77687 0.000430945
-3.7676 0.0004402
-3.75833 0.000449652
-3.74906 0.000459307
-3.73979 0.000469169
-3.73052 0.000479242
-3.72125 0.00048953
-3.71198 0.000500038
-3.70271 0.000510771
-3.69344 0.000521734
-3.68417 0.000532931
-3.6749 0.000544368
-3.66563 0.000556049
-3.65636 0.00056798
-3.64709 0.000580166
-3.63782 0.000592612
-3.62855 0.000605324
-3.61928 0.000618308
-3.61001 0.00063157
-3.60074 0.000645114
-3.59147 0.000658948
-3.5822 0.000673078
-3.57293 0.000687509
-3.56366 0.000702248
-3.55439 0.000717302
-3.54512 0.000732677
-3.53585 0.00074838
-3.52658 0.000764418
-3.51731 0.000780798
-3.50804 0.000797528
-3.49877 0.000814614
-3.4895 0.000832065
-3.48024 0.000849888
-3.47097 0.00086809
-3.4617 0.000886681
-3.45243 0.000905667
-3.44316 0.000925058
-3.43389 0.000944863
-3.42462 0.000965088
-3.41535 0.000985745
-3.40608 0.00100684
-3.39681 0.00102839
-3.38754 0.00105039
-3.37827 0.00107286
-3.369 0.00109581
-3.35973 0.00111925
-3.35046 0.00114318
-3.34119 0.00116763
-3.33192 0.00119259
-3.32265 0.00121809
-3.31338 0.00124413
-3.30411 0.00127072
-3.29484 0.00129787
-3.28557 0.0013256
-3.2763 0.00135392
-3.26703 0.00138284
-3.25776 0.00141237
-3.24849 0.00144253
-3.23922 0.00147333
-3.22995 0.00150479
-3.22068 0.0015369
-3.21141 0.0015697
-3.20214 0.0016032
-3.19287 0.0016374
-3.1836 0.00167233
-3.17433 0.001708
-3.16506 0.00174442
-3.15579 0.00178161
-3.14652 0.00181959
-3.13725 0.00185838
-3.12798 0.00189798
-3.11871 0.00193842
-3.10944 0.00197971
-3.10017 0.00202188
-3.0909 0.00206493
-3.08163 0.0021089
-3.07236 0.00215379
-3.06309 0.00219963
-3.05382 0.00224644
-3.04455 0.00229423
-3.03528 0.00234303
-3.02601 0.00239286
-3.01674 0.00244374
-3.00747 0.00249569
-2.9982 0.00254873
-2.98893 0.00260289
-2.97966 0.00265818
-2.97039 0.00271465
-2.96112 0.00277229
-2.95185 0.00283115
-2.94258 0.00289124
-2.93331 0.0029526
-2.92404 0.00301524
-2.91478 0.0030792
-2.90551 0.0031445
-2.89624 0.00321117
-2.88697 0.00327923
-2.8777 0.00334872
-2.86843 0.00341967
-2.85916 0.0034921
-2.84989 0.00356605
-2.84062 0.00364154
-2.83135 0.00371861
-2.82208 0.00379729
-2.81281 0.00387761
-2.80354 0.00395961
-2.79427 0.00404332
-2.785 0.00412878
-2.77573 0.00421602
-2.76646 0.00430507
-2.75719 0.00439598
-2.74792 0.00448878
-2.73865 0.00458352
-2.72938 0.00468022
-2.72011 0.00477894
-2.71084 0.0048797
-2.70157 0.00498256
-2.6923 0.00508755
-2.68303 0.00519472
-2.67376 0.00530411
-2.66449 0.00541576
-2.65522 0.00552973
-2.64595 0.00564606
-2.63668 0.00576479
-2.62741 0.00588598
-2.61814 0.00600967
-2.60887 0.00613592
-2.5996 0.00626477
-2.59033 0.00639628
-2.58106 0.0065305
-2.57179 0.00666748
-2.56252 0.00680728
-2.55325 0.00694996
-2.54398 0.00709557
-2.53471 0.00724418
-2.52544 0.00739583
-2.51617 0.00755059
-2.5069 0.00770853
-2.49763 0.0078697
-2.48836 0.00803418
-2.47909 0.00820201
-2.46982 0.00837328
-2.46055 0.00854805
-2.45128 0.00872638
-2.44201 0.00890836
-2.43274 0.00909404
-2.42347 0.0092835
-2.4142 0.00947682
-2.40493 0.00967406
-2.39566 0.00987532
-2.38639 0.0100807
-2.37712 0.0102902
-2.36785 0.0105039
-2.35858 0.010722
-2.34932 0.0109445
-2.34005 0.0111715
-2.33078 0.011403
-2.32151 0.0116393
-2.31224 0.0118803
-2.30297 0.0121261
-2.2937 0.0123769
-2.28443 0.0126328
-2.27516 0.0128937
-2.26589 0.0131599
-2.25662 0.0134315
-2.24735 0.0137085
-2.23808 0.013991
-2.22881 0.0142791
-2.21954 0.014573
-2.21027 0.0148728
-2.201 0.0151785
-2.19173 0.0154904
-2.18246 0.0158084
-2.17319 0.0161327
-2.16392 0.0164634
-2.15465 0.0168007
-2.14538 0.0171447
-2.13611 0.0174954
-2.12684 0.0178531
-2.11757 0.0182178
-2.1083 0.0185896
-2.09903 0.0189688
-2.08976 0.0193554
-2.08049 0.0197496
-2.07122 0.0201515
-2.06195 0.0205613
-2.05268 0.020979
-2.04341 0.0214049
-2.03414 0.0218391
-2.02487 0.0222817
-2.0156 0.0227329
-2.00633 0.0231928
-1.99706 0.0236616
-1.98779 0.0241394
-1.97852 0.0246265
-1.96925 0.0251229
-1.95998 0.0256289
-1.95071 0.0261446
-1.94144 0.0266701
-1.93217 0.0272057
-1.9229 0.0277515
-1.91363 0.0283077
-1.90436 0.0288745
-1.89509 0.029452
-1.88582 0.0300404
-1.87655 0.03064
-1.86728 0.0312509
-1.85801 0.0318733
-1.84874 0.0325074
-1.83947 0.0331533
-1.8302 0.0338114
-1.82093 0.0344817
-1.81166 0.0351645
-1.80239 0.03586
-1.79312 0.0365685
-1.78386 0.03729
-1.77459 0.0380248
-1.76532 0.0387732
-1.75605 0.0395353
-1.74678 0.0403114
-1.73751 0.0411017
-1.72824 0.0419065
-1.71897 0.0427258
-1.7097 0.04356
-1.70043 0.0444094
-1.69116 0.045274
-1.68189 0.0461542
-1.67262 0.0470503
-1.66335 0.0479623
-1.65408 0.0488907
-1.64481 0.0498355
-1.63554 0.0507971
-1.62627 0.0517758
-1.617 0.0527717
-1.60773 0.0537851
-1.59846 0.0548163
-1.58919 0.0558654
-1.57992 0.0569329
-1.57065 0.0580189
-1.56138 0.0591236
-1.55211 0.0602474
-1.54284 0.0613904
-1.53357 0.0625531
-1.5243 0.0637355
-1.51503 0.064938
-1.50576 0.0661609
-1.49649 0.0674043
-1.48722 0.0686687
-1.47795 0.0699541
-1.46868 0.071261
-1.45941 0.0725895
-1.45014 0.0739399
-1.44087 0.0753125
-1.4316 0.0767075
-1.42233 0.0781253
-1.41306 0.079566
-1.40379 0.08103
-1.39452 0.0825175
-1.38525 0.0840287
-1.37598 0.0855639
-1.36671 0.0871234
-1.35744 0.0887074
-1.34817 0.0903161
-1.3389 0.0919499
-1.32963 0.093609
-1.32036 0.0952935
-1.31109 0.0970038
-1.30182 0.0987401
-1.29255 0.100503
-1.28328 0.102292
-1.27401 0.104107
-1.26474 0.10595
-1.25547 0.107819
-1.2462 0.109716
-1.23693 0.111641
-1.22766 0.113593
-1.2184 0.115573
-1.20913 0.117582
-1.19986 0.119618
-1.19059 0.121683
-1.18132 0.123777
-1.17205 0.125899
-1.16278 0.128051
-1.15351 0.130231
-1.14424 0.132441
-1.13497 0.13468
-1.1257 0.136949
-1.11643 0.139247
-1.10716 0.141575
-1.09789 0.143932
-1.08862 0.146319
-1.07935 0.148737
-1.07008 0.151184
-1.06081 0.153661
-1.05154 0.156168
-1.04227 0.158705
-1.033 0.161272
-1.02373 0.163869
-1.01446 0.166496
-1.00519 0.169153
-0.995919 0.171839
-0.986649 0.174555
-0.977379 0.177301
-0.96811 0.180077
-0.95884 0.182881
-0.94957 0.185715
-0.9403 0.188578
-0.93103 0.19147
-0.92176 0.19439
-0.91249 0.197339
-0.903221 0.200316
-0.893951 0.203321
-0.884681 0.206353
-0.875411 0.209413
-0.866141 0.212499
-0.856871 0.215612
-0.847602 0.218751
-0.838332 0.221916
-0.829062 0.225105
-0.819792 0.22832
-0.810522 0.231559
-0.801252 0.234822
-0.791983 0.238108
-0.782713 0.241417
-0.773443 0.244747
-0.764173 0.2481
-0.754903 0.251473
-0.745633 0.254866
-0.736364 0.258278
-0.727094 0.261709
-0.717824 0.265158
-0.708554 0.268625
-0.699284 0.272107
-0.690014 0.275605
-0.680745 0.279117
-0.671475 0.282643
-0.662205 0.286182
-0.652935 0.289733
-0.643665 0.293294
-0.634395 0.296865
-0.625126 0.300445
-0.615856 0.304032
-0.606586 0.307626
-0.597316 0.311225
-0.588046 0.314828
-0.578776 0.318434
-0.569507 0.322042
-0.560237 0.325651
-0.550967 0.329259
-0.541697 0.332865
-0.532427 0.336467
-0.523157 0.340065
-0.513888 0.343656
-0.504618 0.347241
-0.495348 0.350816
-0.486078 0.354381
-0.476808 0.357934
-0.467538 0.361474
-0.458269 0.365
-0.448999 0.368509
-0.439729 0.372
-0.430459 0.375472
-0.421189 0.378923
-0.411919 0.382352
-0.402649 0.385757
-0.39338 0.389136
-0.38411 0.392488
-0.37484 0.395812
-0.36557 0.399105
-0.3563 0.402366
-0.34703 0.405593
-0.337761 0.408785
-0.328491 0.411941
-0.319221 0.415058
-0.309951 0.418135
-0.300681 0.42117
-0.291411 0.424162
-0.282142 0.427109
-0.272872 0.43001
-0.263602 0.432863
-0.254332 0.435666
-0.245062 0.438419
-0.235792 0.441118
-0.226523 0.443764
-0.217253 0.446354
-0.207983 0.448888
-0.198713 0.451362
-0.189443 0.453777
-0.180173 0.456131
-0.170904 0.458423
-0.161634 0.46065
-0.152364 0.462813
-0.143094 0.464909
-0.133824 0.466937
-0.124554 0.468897
-0.115285 0.470787
-0.106015 0.472606
-0.0967449 0.474353
-0.087475 0.476027
-0.0782052 0.477628
-0.0689354 0.479153
-0.0596655 0.480603
-0.0503957 0.481976
-0.0411259 0.483272
-0.031856 0.484489
-0.0225862 0.485629
-0.0133164 0.486688
-0.00404652 0.487668
0.00522331 0.488568
0.0144932 0.489387
0.023763 0.490125
0.0330328 0.490781
0.0423027 0.491356
0.0515725 0.491848
0.0608423 0.492258
0.0701122 0.492586
0.079382 0.492831
0.0886518 0.492995
0.0979217 0.493075
0.107192 0.493074
0.116461 0.49299
0.125731 0.492825
0.135001 0.492577
0.144271 0.492249
0.153541 0.49184
0.162811 0.49135
0.17208 0.49078
0.18135 0.490131
0.19062 0.489403
0.19989 0.488597
0.20916 0.487713
0.21843 0.486752
0.227699 0.485715
0.236969 0.484603
0.246239 0.483417
0.255509 0.482157
0.264779 0.480824
0.274049 0.47942
0.283318 0.477945
0.292588 0.476401
0.301858 0.474789
0.311128 0.473109
0.320398 0.471363
0.329668 0.469552
0.338937 0.467677
0.348207 0.46574
0.357477 0.463742
0.366747 0.461683
0.376017 0.459566
0.385287 0.457392
0.394556 0.455162
0.403826 0.452877
0.413096 0.450539
0.422366 0.448149
0.431636 0.445709
0.440906 0.44322
0.450175 0.440684
0.459445 0.438101
0.468715 0.435474
0.477985 0.432804
0.487255 0.430092
0.496525 0.427339
0.505794 0.424548
0.515064 0.42172
0.524334 0.418856
0.533604 0.415957
0.542874 0.413026
0.552144 0.410062
0.561413 0.407069
0.570683 0.404048
0.579953 0.400999
0.589223 0.397924
0.598493 0.394825
0.607763 0.391703
0.617033 0.388559
0.626302 0.385395
0.635572 0.382212
0.644842 0.379012
0.654112 0.375795
0.663382 0.372564
0.672652 0.369318
0.681921 0.366061
0.691191 0.362792
0.700461 0.359513
0.709731 0.356226
0.719001 0.352931
0.728271 0.349629
0.73754 0.346323
0.74681 0.343012
0.75608 0.339698
0.76535 0.336383
0.77462 0.333066
0.78389 0.32975
0.793159 0.326435
0.802429 0.323122
0.811699 0.319812
0.820969 0.316506
0.830239 0.313205
0.839509 0.30991
0.848778 0.306622
0.858048 0.303341
0.867318 0.300069
0.876588 0.296806
0.885858 0.293553
0.895128 0.29031
0.904397 0.28708
0.913667 0.283861
0.922937 0.280655
0.932207 0.277463
0.941477 0.274285
0.950747 0.271121
0.960016 0.267973
0.969286 0.264841
0.978556 0.261725
0.987826 0.258627
0.997096 0.255546
1.00637 0.252482
1.01564 0.249438
1.02491 0.246412
1.03418 0.243406
1.04344 0.240419
1.05271 0.237452
1.06198 0.234506
1.07125 0.231581
1.08052 0.228677
1.08979 0.225794
1.09906 0.222934
1.10833 0.220095
1.1176 0.217279
1.12687 0.214485
1.13614 0.211714
1.14541 0.208966
1.15468 0.206241
1.16395 0.20354
1.17322 0.200862
1.18249 0.198208
1.19176 0.195577
1.20103 0.192971
1.2103 0.190389
1.21957 0.187831
1.22884 0.185297
1.23811 0.182788
1.24738 0.180303
1.25665 0.177843
1.26592 0.175407
1.27519 0.172996
1.28446 0.170609
1.29373 0.168247
1.303 0.165909
1.31227 0.163597
1.32154 0.161308
1.33081 0.159044
1.34008 0.156805
1.34935 0.15459
1.35862 0.1524
1.36789 0.150233
1.37716 0.148092
1.38643 0.145974
1.3957 0.14388
1.40497 0.141811
1.41424 0.139765
1.42351 0.137744
1.43278 0.135746
1.44205 0.133771
1.45132 0.131821
1.46059 0.129893
1.46986 0.127989
1.47913 0.126108
1.4884 0.12425
1.49767 0.122415
1.50694 0.120602
1.51621 0.118812
1.52548 0.117045
1.53475 0.1153
1.54402 0.113576
1.55329 0.111875
1.56256 0.110196
1.57183 0.108538
1.5811 0.106902
1.59037 0.105287
1.59964 0.103693
1.6089 0.10212
1.61817 0.100567
1.62744 0.0990356
1.63671 0.0975243
1.64598 0.0960331
1.65525 0.094562
1.66452 0.0931107
1.67379 0.0916791
1.68306 0.0902669
1.69233 0.088874
1.7016 0.0875003
1.71087 0.0861454
1.72014 0.0848092
1.72941 0.0834915
1.73868 0.0821922
1.74795 0.080911
1.75722 0.0796478
1.76649 0.0784023
1.77576 0.0771744
1.78503 0.0759639
1.7943 0.0747706
1.80357 0.0735943
1.81284 0.0724348
1.82211 0.0712919
1.83138 0.0701654
1.84065 0.0690552
1.84992 0.0679611
1.85919 0.0668828
1.86846 0.0658202
1.87773 0.0647732
1.887 0.0637414
1.89627 0.0627248
1.90554 0.0617231
1.91481 0.0607362
1.92408 0.0597639
1.93335 0.058806
1.94262 0.0578623
1.95189 0.0569327
1.96116 0.0560169
1.97043 0.0551149
1.9797 0.0542264
1.98897 0.0533512
1.99824 0.0524892
2.00751 0.0516403
2.01678 0.0508042
2.02605 0.0499807
2.03532 0.0491698
2.04459 0.0483712
2.05386 0.0475848
2.06313 0.0468104
2.0724 0.0460479
2.08167 0.0452971
2.09094 0.0445578
2.10021 0.0438299
2.10948 0.0431132
2.11875 0.0424077
2.12802 0.041713
2.13729 0.0410291
2.14656 0.0403559
2.15583 0.0396931
2.1651 0.0390406
2.17437 0.0383984
2.18363 0.0377662
2.1929 0.0371439
2.20217 0.0365313
2.21144 0.0359284
2.22071 0.035335
2.22998 0.0347509
2.23925 0.0341761
2.24852 0.0336103
2.25779 0.0330535
2.26706 0.0325055
2.27633 0.0319662
2.2856 0.0314355
2.29487 0.0309132
2.30414 0.0303993
2.31341 0.0298935
2.32268 0.0293959
2.33195 0.0289062
2.34122 0.0284243
2.35049 0.0279502
2.35976 0.0274837
2.36903 0.0270247
2.3783 0.0265731
2.38757 0.0261287
2.39684 0.0256915
2.40611 0.0252614
2.41538 0.0248382
2.42465 0.0244219
2.43392 0.0240124
2.44319 0.0236094
2.45246 0.023213
2.46173 0.0228231
2.471 0.0224395
2.48027 0.0220621
2.48954 0.0216909
2.49881 0.0213258
2.50808 0.0209666
2.51735 0.0206133
2.52662 0.0202658
2.53589 0.0199239
2.54516 0.0195877
2.55443 0.019257
2.5637 0.0189317
2.57297 0.0186118
2.58224 0.0182971
2.59151 0.0179876
2.60078 0.0176832
2.61005 0.0173838
2.61932 0.0170894
2.62859 0.0167998
2.63786 0.016515
2.64713 0.0162349
2.6564 0.0159595
2.66567 0.0156886
2.67494 0.0154222
2.68421 0.0151603
2.69348 0.0149027
2.70275 0.0146493
2.71202 0.0144002
2.72129 0.0141552
2.73056 0.0139143
2.73983 0.0136774
2.74909 0.0134445
2.75836 0.0132154
2.76763 0.0129902
2.7769 0.0127687
2.78617 0.0125509
2.79544 0.0123368
2.80471 0.0121263
2.81398 0.0119193
2.82325 0.0117157
2.83252 0.0115156
2.84179 0.0113188
2.85106 0.0111253
2.86033 0.0109351
2.8696 0.010748
2.87887 0.0105642
2.88814 0.0103834
2.89741 0.0102056
2.90668 0.0100308
2.91595 0.00985902
2.92522 0.0096901
2.93449 0.00952402
2.94376 0.00936075
2.95303 0.00920023
2.9623 0.00904243
2.97157 0.00888729
2.98084 0.00873477
2.99011 0.00858483
2.99938 0.00843743
3.00865 0.00829252
3.01792 0.00815006
3.02719 0.00801002
3.03646 0.00787236
3.04573 0.00773702
3.055 0.00760398
3.06427 0.0074732
3.07354 0.00734464
3.08281 0.00721827
3.09208 0.00709404
3.10135 0.00697192
3.11062 0.00685188
3.11989 0.00673388
3.12916 0.00661789
3.13843 0.00650387
3.1477 0.00639179
3.15697 0.00628162
3.16624 0.00617333
3.17551 0.00606689
3.18478 0.00596226
3.19405 0.00585942
3.20332 0.00575833
3.21259 0.00565897
3.22186 0.0055613
3.23113 0.0054653
3.2404 0.00537094
3.24967 0.0052782
3.25894 0.00518704
3.26821 0.00509744
3.27748 0.00500937
3.28675 0.00492281
3.29602 0.00483773
3.30529 0.00475411
3.31455 0.00467192
3.32382 0.00459114
3.33309 0.00451174
3.34236 0.00443371
3.35163 0.00435701
3.3609 0.00428163
3.37017 0.00420754
3.37944 0.00413472
3.38871 0.00406315
3.39798 0.00399281
3.40725 0.00392368
3.41652 0.00385574
3.42579 0.00378896
3.43506 0.00372334
3.44433 0.00365884
3.4536 0.00359545
3.46287 0.00353315
3.47214 0.00347192
3.48141 0.00341174
3.49068 0.0033526
3.49995 0.00329448
3.50922 0.00323736
3.51849 0.00318123
3.52776 0.00312606
3.53703 0.00307184
3.5463 0.00301855
3.55557 0.00296619
3.56484 0.00291472
3.57411 0.00286415
3.58338 0.00281444
3.59265 0.0027656
3.60192 0.00271759
3.61119 0.00267042
3.62046 0.00262406
3.62973 0.0025785
3.639 0.00253372
3.64827 0.00248972
3.65754 0.00244648
3.66681 0.00240399
3.67608 0.00236223
3.68535 0.00232119
3.69462 0.00228086
3.70389 0.00224123
3.71316 0.00220229
3.72243 0.00216401
3.7317 0.0021264
3.74097 0.00208944
3.75024 0.00205312
3.75951 0.00201743
3.76878 0.00198236
3.77805 0.00194789
3.78732 0.00191402
3.79659 0.00188074
3.80586 0.00184803
3.81513 0.00181589
3.8244 0.0017843
3.83367 0.00175327
3.84294 0.00172277
3.85221 0.00169279
3.86148 0.00166334
3.87075 0.0016344
3.88001 0.00160596
3.88928 0.00157802
3.89855 0.00155055
3.90782 0.00152357
3.91709 0.00149705
3.92636 0.00147099
3.93563 0.00144539
3.9449 0.00142023
3.95417 0.0013955
3.96344 0.00137121
3.97271 0.00134733
3.98198 0.00132387
3.99125 0.00130082
4.00052 0.00127817
4.00979 0.00125591
4.01906 0.00123404
4.02833 0.00121254
4.0376 0.00119143
4.04687 0.00117067
4.05614 0.00115028
4.06541 0.00113024
4.07468 0.00111055
4.08395 0.00109121
4.09322 0.0010722
4.10249 0.00105351
4.11176 0.00103516
4.12103 0.00101712
4.1303 0.000999399
4.13957 0.000981983
4.14884 0.000964871
4.15811 0.000948056
4.16738 0.000931534
4.17665 0.000915299
4.18592 0.000899346
4.19519 0.000883671
4.20446 0.000868268
4.21373 0.000853133
4.223 0.000838262
4.23227 0.000823649
4.24154 0.000809291
4.25081 0.000795183
4.26008 0.00078132
4.26935 0.000767698
4.27862 0.000754313
4.28789 0.000741162
4.29716 0.000728239
4.30643 0.000715542
4.3157 0.000703065
4.32497 0.000690806
4.33424 0.00067876
4.34351 0.000666923
4.35278 0.000655293
4.36205 0.000643866
4.37132 0.000632637
4.38059 0.000621604
4.38986 0.000610764
4.39913 0.000600112
4.4084 0.000589645
4.41767 0.000579361
