-0.424274 0.00082684
-0.357634 0.00136712
-0.290993 0.0022064
-0.224352 0.00346761
-0.157712 0.00529553
-0.0910712 0.0078443
-0.0244305 0.011257
0.0422101 0.0156407
0.108851 0.0210421
0.175491 0.0274325
0.242132 0.0347052
0.308773 0.0426867
0.375413 0.0511594
0.442054 0.059887
0.508695 0.0686395
0.575335 0.0772114
0.641976 0.0854331
0.708616 0.0931751
0.775257 0.100347
0.841898 0.106895
0.908538 0.112791
0.975179 0.118035
1.04182 0.122641
1.10846 0.126635
1.1751 0.130052
1.24174 0.132933
1.30838 0.13532
1.37502 0.137253
1.44166 0.138775
1.5083 0.139926
1.57494 0.140742
1.64159 0.14126
1.70823 0.14151
1.77487 0.141523
1.84151 0.141325
1.90815 0.14094
1.97479 0.140392
2.04143 0.139699
2.10807 0.13888
2.17471 0.13795
2.24135 0.136924
2.30799 0.135815
2.37463 0.134635
2.44127 0.133393
2.50791 0.132099
2.57455 0.130761
2.64119 0.129386
2.70784 0.127981
2.77448 0.126551
2.84112 0.125102
2.90776 0.123639
2.9744 0.122165
3.04104 0.120683
3.10768 0.119198
3.17432 0.117712
3.24096 0.116227
3.3076 0.114746
3.37424 0.11327
3.44088 0.111802
3.50752 0.110343
3.57416 0.108894
3.6408 0.107456
3.70745 0.10603
3.77409 0.104617
3.84073 0.103219
3.90737 0.101835
3.97401 0.100466
4.04065 0.0991124
4.10729 0.0977748
4.17393 0.0964534
4.24057 0.0951484
4.30721 0.0938601
4.37385 0.0925885
4.44049 0.0913337
4.50713 0.0900959
4.57377 0.088875
4.64041 0.0876711
4.70705 0.086484
4.7737 0.0853137
4.84034 0.0841602
4.90698 0.0830233
4.97362 0.081903
5.04026 0.080799
5.1069 0.0797112
5.17354 0.0786396
5.24018 0.0775838
5.30682 0.0765438
5.37346 0.0755193
5.4401 0.0745102
5.50674 0.0735163
5.57338 0.0725374
5.64002 0.0715732
5.70666 0.0706236
5.7733 0.0696883
5.83995 0.0687673
5.90659 0.0678602
5.97323 0.0669668
6.03987 0.066087
6.10651 0.0652205
6.17315 0.0643671
6.23979 0.0635267
6.30643 0.0626989
6.37307 0.0618837
6.43971 0.0610808
6.50635 0.06029
6.57299 0.0595112
6.63963 0.058744
6.70627 0.0579884
6.77291 0.0572441
6.83956 0.056511
6.9062 0.0557889
6.97284 0.0550775
7.03948 0.0543767
7.10612 0.0536864
7.17276 0.0530063
7.2394 0.0523363
7.30604 0.0516762
7.37268 0.0510259
7.43932 0.0503851
7.50596 0.0497538
7.5726 0.0491317
7.63924 0.0485187
7.70588 0.0479146
7.77252 0.0473194
7.83916 0.0467328
7.90581 0.0461547
7.97245 0.045585
8.03909 0.0450235
8.10573 0.0444701
8.17237 0.0439247
8.23901 0.043387
8.30565 0.042857
8.37229 0.0423346
8.43893 0.0418197
8.50557 0.041312
8.57221 0.0408115
8.63885 0.0403181
8.70549 0.0398316
8.77213 0.039352
8.83877 0.0388791
8.90541 0.0384128
8.97206 0.037953
9.0387 0.0374996
9.10534 0.0370525
9.17198 0.0366116
9.23862 0.0361768
9.30526 0.035748
9.3719 0.0353251
9.43854 0.0349079
9.50518 0.0344965
9.57182 0.0340907
9.63846 0.0336904
9.7051 0.0332955
9.77174 0.032906
9.83838 0.0325218
9.90502 0.0321427
9.97167 0.0317687
10.0383 0.0313998
10.1049 0.0310358
10.1716 0.0306766
10.2382 0.0303223
10.3049 0.0299726
10.3715 0.0296276
10.4381 0.0292871
10.5048 0.0289512
10.5714 0.0286196
10.6381 0.0282924
10.7047 0.0279695
10.7714 0.0276508
10.838 0.0273363
10.9046 0.0270259
10.9713 0.0267195
11.0379 0.0264171
11.1046 0.0261186
11.1712 0.0258239
11.2378 0.0255331
11.3045 0.0252459
11.3711 0.0249625
11.4378 0.0246826
11.5044 0.0244064
11.571 0.0241337
11.6377 0.0238644
11.7043 0.0235985
11.771 0.023336
11.8376 0.0230769
11.9042 0.022821
11.9709 0.0225683
12.0375 0.0223187
12.1042 0.0220723
12.1708 0.021829
12.2374 0.0215887
12.3041 0.0213514
12.3707 0.0211171
12.4374 0.0208857
12.504 0.0206571
12.5706 0.0204313
12.6373 0.0202083
12.7039 0.0199881
12.7706 0.0197706
12.8372 0.0195557
12.9039 0.0193435
12.9705 0.0191338
13.0371 0.0189268
13.1038 0.0187222
13.1704 0.0185201
13.2371 0.0183204
13.3037 0.0181232
13.3703 0.0179284
13.437 0.0177359
13.5036 0.0175457
13.5703 0.0173578
13.6369 0.0171721
13.7035 0.0169887
13.7702 0.0168074
13.8368 0.0166284
13.9035 0.0164514
13.9701 0.0162766
14.0367 0.0161038
14.1034 0.015933
14.17 0.0157643
14.2367 0.0155976
14.3033 0.0154328
14.3699 0.01527
14.4366 0.0151091
14.5032 0.01495
14.5699 0.0147929
14.6365 0.0146375
14.7032 0.014484
14.7698 0.0143322
14.8364 0.0141823
14.9031 0.014034
14.9697 0.0138875
15.0364 0.0137427
15.103 0.0135995
15.1696 0.013458
15.2363 0.0133181
15.3029 0.0131798
15.3696 0.0130432
15.4362 0.012908
15.5028 0.0127745
15.5695 0.0126424
15.6361 0.0125119
15.7028 0.0123828
15.7694 0.0122552
15.836 0.0121291
15.9027 0.0120043
15.9693 0.011881
16.036 0.0117591
16.1026 0.0116386
16.1692 0.0115194
16.2359 0.0114016
16.3025 0.0112851
16.3692 0.0111699
16.4358 0.0110559
16.5024 0.0109433
16.5691 0.0108319
16.6357 0.0107218
16.7024 0.0106129
16.769 0.0105051
16.8357 0.0103986
16.9023 0.0102933
16.9689 0.0101892
17.0356 0.0100862
17.1022 0.00998429
17.1689 0.00988354
17.2355 0.00978391
17.3021 0.00968537
17.3688 0.00958792
17.4354 0.00949153
17.5021 0.0093962
17.5687 0.00930192
17.6353 0.00920867
17.702 0.00911643
17.7686 0.0090252
17.8353 0.00893496
17.9019 0.00884571
17.9685 0.00875743
18.0352 0.0086701
18.1018 0.00858372
18.1685 0.00849828
18.2351 0.00841375
18.3017 0.00833015
18.3684 0.00824744
18.435 0.00816562
18.5017 0.00808469
18.5683 0.00800462
18.6349 0.00792542
18.7016 0.00784706
18.7682 0.00776954
18.8349 0.00769285
18.9015 0.00761698
18.9682 0.00754192
19.0348 0.00746766
19.1014 0.0073942
19.1681 0.00732151
19.2347 0.00724959
19.3014 0.00717844
19.368 0.00710804
19.4346 0.00703839
19.5013 0.00696947
19.5679 0.00690129
19.6346 0.00683382
19.7012 0.00676706
19.7678 0.00670101
19.8345 0.00663565
19.9011 0.00657097
19.9678 0.00650698
20.0344 0.00644366
20.101 0.006381
20.1677 0.00631899
20.2343 0.00625764
20.301 0.00619692
20.3676 0.00613684
20.4342 0.00607739
20.5009 0.00601855
20.5675 0.00596032
20.6342 0.0059027
20.7008 0.00584568
20.7674 0.00578925
20.8341 0.00573341
20.9007 0.00567814
20.9674 0.00562344
21.034 0.00556931
21.1007 0.00551573
21.1673 0.00546271
21.2339 0.00541024
21.3006 0.0053583
21.3672 0.0053069
21.4339 0.00525602
21.5005 0.00520567
21.5671 0.00515583
21.6338 0.00510651
21.7004 0.00505769
21.7671 0.00500936
21.8337 0.00496153
21.9003 0.00491419
21.967 0.00486733
22.0336 0.00482095
22.1003 0.00477504
22.1669 0.0047296
22.2335 0.00468462
22.3002 0.00464009
22.3668 0.00459602
22.4335 0.00455239
22.5001 0.0045092
22.5667 0.00446645
22.6334 0.00442413
22.7 0.00438224
22.7667 0.00434077
22.8333 0.00429972
22.8999 0.00425908
22.9666 0.00421885
23.0332 0.00417903
23.0999 0.00413961
23.1665 0.00410058
23.2332 0.00406194
23.2998 0.00402369
23.3664 0.00398582
23.4331 0.00394833
23.4997 0.00391121
23.5664 0.00387447
23.633 0.00383809
23.6996 0.00380208
23.7663 0.00376642
23.8329 0.00373112
23.8996 0.00369617
23.9662 0.00366156
24.0328 0.0036273
24.0995 0.00359338
24.1661 0.0035598
24.2328 0.00352654
24.2994 0.00349362
24.366 0.00346102
24.4327 0.00342875
24.4993 0.00339679
24.566 0.00336515
24.6326 0.00333382
24.6992 0.0033028
24.7659 0.00327209
24.8325 0.00324167
24.8992 0.00321156
24.9658 0.00318174
25.0324 0.00315222
25.0991 0.00312298
25.1657 0.00309403
25.2324 0.00306536
25.299 0.00303698
25.3657 0.00300887
25.4323 0.00298104
25.4989 0.00295348
25.5656 0.00292618
25.6322 0.00289916
25.6989 0.00287239
25.7655 0.00284589
25.8321 0.00281965
25.8988 0.00279366
25.9654 0.00276792
26.0321 0.00274243
26.0987 0.00271719
26.1653 0.0026922
26.232 0.00266744
26.2986 0.00264293
26.3653 0.00261866
26.4319 0.00259461
26.4985 0.00257081
26.5652 0.00254723
26.6318 0.00252388
26.6985 0.00250075
26.7651 0.00247785
26.8317 0.00245516
26.8984 0.0024327
26.965 0.00241045
27.0317 0.00238842
27.0983 0.00236659
27.1649 0.00234498
27.2316 0.00232358
27.2982 0.00230238
27.3649 0.00228138
27.4315 0.00226058
27.4982 0.00223999
27.5648 0.00221959
27.6314 0.00219938
27.6981 0.00217937
27.7647 0.00215955
27.8314 0.00213992
27.898 0.00212047
27.9646 0.00210121
28.0313 0.00208214
28.0979 0.00206324
28.1646 0.00204453
28.2312 0.00202599
28.2978 0.00200763
28.3645 0.00198944
28.4311 0.00197143
28.4978 0.00195359
28.5644 0.00193591
28.631 0.00191841
28.6977 0.00190107
28.7643 0.00188389
28.831 0.00186688
28.8976 0.00185002
28.9642 0.00183333
29.0309 0.00181679
29.0975 0.00180041
29.1642 0.00178419
29.2308 0.00176811
29.2974 0.00175219
29.3641 0.00173642
29.4307 0.0017208
29.4974 0.00170532
29.564 0.00168999
29.6307 0.0016748
29.6973 0.00165976
29.7639 0.00164486
29.8306 0.00163009
29.8972 0.00161547
29.9639 0.00160098
30.0305 0.00158663
30.0971 0.00157241
30.1638 0.00155833
30.2304 0.00154437
30.2971 0.00153055
30.3637 0.00151685
30.4303 0.00150329
30.497 0.00148985
30.5636 0.00147653
30.6303 0.00146334
30.6969 0.00145028
30.7635 0.00143733
30.8302 0.00142451
30.8968 0.0014118
30.9635 0.00139921
31.0301 0.00138674
31.0967 0.00137439
31.1634 0.00136214
31.23 0.00135002
31.2967 0.001338
31.3633 0.0013261
31.43 0.00131431
31.4966 0.00130262
31.5632 0.00129105
31.6299 0.00127958
31.6965 0.00126822
31.7632 0.00125696
31.8298 0.0012458
31.8964 0.00123475
31.9631 0.0012238
32.0297 0.00121296
32.0964 0.00120221
32.163 0.00119156
32.2296 0.00118101
32.2963 0.00117056
32.3629 0.0011602
32.4296 0.00114994
32.4962 0.00113977
32.5628 0.00112969
32.6295 0.00111971
32.6961 0.00110982
32.7628 0.00110002
32.8294 0.00109031
32.896 0.00108069
32.9627 0.00107116
33.0293 0.00106171
33.096 0.00105235
33.1626 0.00104308
33.2292 0.00103389
33.2959 0.00102479
33.3625 0.00101577
33.4292 0.00100683
33.4958 0.00099797
33.5625 0.000989194
33.6291 0.000980497
33.6957 0.00097188
33.7624 0.000963341
33.829 0.000954881
33.8957 0.000946497
33.9623 0.000938189
34.0289 0.000929957
34.0956 0.0009218
34.1622 0.000913717
34.2289 0.000905708
34.2955 0.000897771
34.3621 0.000889906
34.4288 0.000882113
34.4954 0.00087439
34.5621 0.000866738
34.6287 0.000859154
34.6953 0.00085164
34.762 0.000844193
34.8286 0.000836814
34.8953 0.000829502
34.9619 0.000822255
35.0285 0.000815075
35.0952 0.000807959
35.1618 0.000800907
35.2285 0.000793919
35.2951 0.000786994
35.3617 0.000780132
35.4284 0.000773332
35.495 0.000766592
35.5617 0.000759914
35.6283 0.000753296
35.695 0.000746737
35.7616 0.000740237
35.8282 0.000733796
35.8949 0.000727413
35.9615 0.000721087
36.0282 0.000714818
36.0948 0.000708606
36.1614 0.000702449
36.2281 0.000696347
36.2947 0.0006903
36.3614 0.000684307
36.428 0.000678369
36.4946 0.000672483
36.5613 0.00066665
36.6279 0.000660869
36.6946 0.00065514
36.7612 0.000649463
36.8278 0.000643836
36.8945 0.000638259
36.9611 0.000632732
37.0278 0.000627255
37.0944 0.000621827
37.161 0.000616447
37.2277 0.000611115
37.2943 0.000605831
37.361 0.000600593
37.4276 0.000595403
37.4942 0.000590259
37.5609 0.00058516
37.6275 0.000580107
37.6942 0.000575099
37.7608 0.000570136
37.8275 0.000565217
37.8941 0.000560341
37.9607 0.000555509
38.0274 0.00055072
38.094 0.000545973
38.1607 0.000541269
38.2273 0.000536606
38.2939 0.000531985
38.3606 0.000527405
38.4272 0.000522865
38.4939 0.000518365
38.5605 0.000513906
38.6271 0.000509486
38.6938 0.000505105
38.7604 0.000500763
38.8271 0.000496459
38.8937 0.000492194
38.9603 0.000487966
39.027 0.000483775
39.0936 0.000479622
39.1603 0.000475505
39.2269 0.000471425
39.2935 0.000467381
39.3602 0.000463372
39.4268 0.000459399
39.4935 0.000455461
39.5601 0.000451557
39.6267 0.000447688
39.6934 0.000443853
39.76 0.000440052
39.8267 0.000436285
39.8933 0.00043255
39.96 0.000428849
40.0266 0.00042518
40.0932 0.000421543
40.1599 0.000417938
40.2265 0.000414365
40.2932 0.000410823
40.3598 0.000407313
40.4264 0.000403833
40.4931 0.000400384
40.5597 0.000396965
40.6264 0.000393576
40.693 0.000390217
40.7596 0.000386887
40.8263 0.000383587
40.8929 0.000380315
40.9596 0.000377072
41.0262 0.000373858
41.0928 0.000370672
41.1595 0.000367513
41.2261 0.000364382
41.2928 0.000361279
41.3594 0.000358203
41.426 0.000355153
41.4927 0.00035213
41.5593 0.000349134
41.626 0.000346164
41.6926 0.00034322
41.7592 0.000340301
41.8259 0.000337408
41.8925 0.000334541
41.9592 0.000331698
42.0258 0.00032888
42.0925 0.000326086
42.1591 0.000323317
42.2257 0.000320572
42.2924 0.000317851
42.359 0.000315154
42.4257 0.00031248
42.4923 0.00030983
42.5589 0.000307202
42.6256 0.000304597
42.6922 0.000302015
42.7589 0.000299456
42.8255 0.000296918
42.8921 0.000294403
42.9588 0.00029191
43.0254 0.000289438
43.0921 0.000286987
43.1587 0.000284558
43.2253 0.00028215
43.292 0.000279763
43.3586 0.000277397
43.4253 0.000275051
43.4919 0.000272725
43.5585 0.00027042
43.6252 0.000268135
43.6918 0.000265869
43.7585 0.000263623
43.8251 0.000261396
43.8917 0.000259189
43.9584 0.000257001
44.025 0.000254831
44.0917 0.000252681
44.1583 0.000250549
44.225 0.000248435
44.2916 0.00024634
44.3582 0.000244263
44.4249 0.000242204
44.4915 0.000240162
44.5582 0.000238138
44.6248 0.000236132
44.6914 0.000234143
44.7581 0.000232171
44.8247 0.000230216
44.8914 0.000228278
44.958 0.000226356
45.0246 0.000224451
45.0913 0.000222563
45.1579 0.000220691
45.2246 0.000218835
45.2912 0.000216995
45.3578 0.00021517
45.4245 0.000213362
45.4911 0.000211569
45.5578 0.000209791
45.6244 0.000208029
45.691 0.000206282
45.7577 0.000204549
45.8243 0.000202832
45.891 0.00020113
45.9576 0.000199442
46.0242 0.000197768
46.0909 0.000196109
46.1575 0.000194464
46.2242 0.000192834
46.2908 0.000191217
46.3575 0.000189614
46.4241 0.000188025
46.4907 0.000186449
46.5574 0.000184887
46.624 0.000183338
46.6907 0.000181803
46.7573 0.000180281
46.8239 0.000178771
46.8906 0.000177275
46.9572 0.000175791
47.0239 0.000174321
47.0905 0.000172862
47.1571 0.000171416
47.2238 0.000169983
47.2904 0.000168562
47.3571 0.000167153
47.4237 0.000165756
47.4903 0.000164371
47.557 0.000162997
47.6236 0.000161636
47.6903 0.000160286
47.7569 0.000158947
47.8235 0.00015762
47.8902 0.000156304
47.9568 0.000155
48.0235 0.000153707
48.0901 0.000152424
48.1568 0.000151153
48.2234 0.000149892
48.29 0.000148642
48.3567 0.000147403
48.4233 0.000146174
48.49 0.000144956
48.5566 0.000143748
48.6232 0.000142551
48.6899 0.000141363
48.7565 0.000140186
48.8232 0.000139019
48.8898 0.000137861
48.9564 0.000136714
49.0231 0.000135576
49.0897 0.000134448
49.1564 0.000133329
49.223 0.00013222
49.2896 0.00013112
49.3563 0.00013003
49.4229 0.000128949
49.4896 0.000127877
49.5562 0.000126814
49.6228 0.00012576
49.6895 0.000124715
49.7561 0.000123679
49.8228 0.000122652
49.8894 0.000121633
49.956 0.000120624
50.0227 0.000119622
50.0893 0.000118629
50.156 0.000117645
50.2226 0.000116669
50.2893 0.000115701
50.3559 0.000114741
50.4225 0.000113789
50.4892 0.000112846
50.5558 0.00011191
50.6225 0.000110982
50.6891 0.000110063
50.7557 0.000109151
50.8224 0.000108246
50.889 0.000107349
50.9557 0.00010646
51.0223 0.000105579
51.0889 0.000104704
51.1556 0.000103838
51.2222 0.000102978
51.2889 0.000102126
51.3555 0.000101281
51.4221 0.000100443
51.4888 9.96118e-05
51.5554 9.87879e-05
51.6221 9.7971e-05
51.6887 9.71609e-05
51.7553 9.63576e-05
51.822 9.55611e-05
51.8886 9.47714e-05
51.9553 9.39882e-05
52.0219 9.32117e-05
52.0885 9.24417e-05
52.1552 9.16781e-05
52.2218 9.0921e-05
52.2885 9.01703e-05
52.3551 8.94259e-05
52.4218 8.86877e-05
52.4884 8.79557e-05
52.555 8.72299e-05
52.6217 8.65102e-05
52.6883 8.57965e-05
52.755 8.50888e-05
52.8216 8.43871e-05
52.8882 8.36913e-05
52.9549 8.30013e-05
53.0215 8.2317e-05
53.0882 8.16386e-05
53.1548 8.09658e-05
53.2214 8.02987e-05
53.2881 7.96371e-05
53.3547 7.89811e-05
53.4214 7.83306e-05
53.488 7.76856e-05
53.5546 7.70459e-05
53.6213 7.64117e-05
53.6879 7.57827e-05
53.7546 7.5159e-05
53.8212 7.45405e-05
53.8878 7.39272e-05
53.9545 7.3319e-05
54.0211 7.2716e-05
54.0878 7.21179e-05
54.1544 7.15249e-05
54.221 7.09369e-05
54.2877 7.03537e-05
54.3543 6.97754e-05
54.421 6.9202e-05
54.4876 6.86334e-05
54.5543 6.80695e-05
54.6209 6.75103e-05
54.6875 6.69558e-05
54.7542 6.64059e-05
54.8208 6.58606e-05
54.8875 6.53199e-05
54.9541 6.47837e-05
55.0207 6.42519e-05
55.0874 6.37246e-05
55.154 6.32017e-05
55.2207 6.26832e-05
55.2873 6.2169e-05
55.3539 6.16591e-05
55.4206 6.11534e-05
55.4872 6.06519e-05
55.5539 6.01547e-05
55.6205 5.96615e-05
55.6871 5.91725e-05
55.7538 5.86876e-05
55.8204 5.82066e-05
55.8871 5.77297e-05
55.9537 5.72568e-05
56.0203 5.67878e-05
56.087 5.63227e-05
56.1536 5.58615e-05
56.2203 5.54041e-05
56.2869 5.49505e-05
56.3535 5.45007e-05
56.4202 5.40547e-05
56.4868 5.36123e-05
56.5535 5.31737e-05
56.6201 5.27386e-05
56.6868 5.23072e-05
56.7534 5.18794e-05
56.82 5.14551e-05
56.8867 5.10344e-05
56.9533 5.06171e-05
57.02 5.02033e-05
57.0866 4.9793e-05
57.1532 4.93861e-05
57.2199 4.89825e-05
57.2865 4.85823e-05
57.3532 4.81854e-05
57.4198 4.77918e-05
57.4864 4.74014e-05
57.5531 4.70144e-05
57.6197 4.66305e-05
57.6864 4.62498e-05
57.753 4.58722e-05
57.8196 4.54978e-05
57.8863 4.51265e-05
57.9529 4.47582e-05
58.0196 4.43931e-05
58.0862 4.40309e-05
58.1528 4.36717e-05
58.2195 4.33156e-05
58.2861 4.29623e-05
58.3528 4.2612e-05
58.4194 4.22646e-05
58.486 4.19201e-05
58.5527 4.15784e-05
58.6193 4.12395e-05
58.686 4.09035e-05
58.7526 4.05702e-05
58.8193 4.02397e-05
58.8859 3.99119e-05
58.9525 3.95868e-05
59.0192 3.92644e-05
59.0858 3.89447e-05
59.1525 3.86276e-05
59.2191 3.83131e-05
59.2857 3.80013e-05
59.3524 3.7692e-05
59.419 3.73853e-05
59.4857 3.70811e-05
59.5523 3.67794e-05
59.6189 3.64802e-05
59.6856 3.61834e-05
59.7522 3.58892e-05
59.8189 3.55973e-05
59.8855 3.53079e-05
59.9521 3.50208e-05
60.0188 3.47361e-05
60.0854 3.44538e-05
60.1521 3.41738e-05
60.2187 3.38961e-05
60.2853 3.36206e-05
60.352 3.33475e-05
60.4186 3.30766e-05
60.4853 3.28079e-05
60.5519 3.25415e-05
60.6185 3.22772e-05
60.6852 3.20152e-05
60.7518 3.17552e-05
60.8185 3.14975e-05
60.8851 3.12418e-05
60.9518 3.09883e-05
61.0184 3.07368e-05
61.085 3.04874e-05
61.1517 3.02401e-05
61.2183 2.99947e-05
61.285 2.97515e-05
61.3516 2.95102e-05
61.4182 2.92709e-05
61.4849 2.90335e-05
61.5515 2.87981e-05
61.6182 2.85647e-05
61.6848 2.83331e-05
61.7514 2.81035e-05
61.8181 2.78758e-05
61.8847 2.76499e-05
61.9514 2.74259e-05
62.018 2.72037e-05
62.0846 2.69834e-05
62.1513 2.67648e-05
62.2179 2.65481e-05
62.2846 2.63331e-05
62.3512 2.61199e-05
62.4178 2.59084e-05
62.4845 2.56987e-05
62.5511 2.54907e-05
62.6178 2.52844e-05
62.6844 2.50798e-05
62.751 2.48769e-05
62.8177 2.46756e-05
62.8843 2.4476e-05
62.951 2.4278e-05
63.0176 2.40817e-05
63.0843 2.38869e-05
63.1509 2.36938e-05
63.2175 2.35022e-05
63.2842 2.33122e-05
63.3508 2.31238e-05
63.4175 2.29369e-05
63.4841 2.27515e-05
63.5507 2.25677e-05
63.6174 2.23853e-05
63.684 2.22045e-05
63.7507 2.20251e-05
63.8173 2.18472e-05
63.8839 2.16708e-05
63.9506 2.14958e-05
64.0172 2.13222e-05
64.0839 2.11501e-05
64.1505 2.09793e-05
64.2171 2.081e-05
64.2838 2.0642e-05
64.3504 2.04754e-05
64.4171 2.03102e-05
64.4837 2.01463e-05
64.5503 1.99838e-05
64.617 1.98226e-05
64.6836 1.96627e-05
64.7503 1.95041e-05
64.8169 1.93468e-05
64.8835 1.91908e-05
64.9502 1.90361e-05
65.0168 1.88826e-05
65.0835 1.87304e-05
65.1501 1.85794e-05
65.2168 1.84297e-05
65.2834 1.82811e-05
65.35 1.81338e-05
65.4167 1.79877e-05
65.4833 1.78428e-05
65.55 1.76991e-05
65.6166 1.75565e-05
65.6832 1.74151e-05
65.7499 1.72749e-05
65.8165 1.71358e-05
65.8832 1.69978e-05
65.9498 1.6861e-05
66.0164 1.67252e-05
66.0831 1.65906e-05
66.1497 1.64571e-05
