-3.91742 0.000247559
-3.90922 0.000252094
-3.90101 0.000256712
-3.89281 0.000261416
-3.8846 0.000266207
-3.87639 0.000271085
-3.86819 0.000276054
-3.85998 0.000281114
-3.85178 0.000286267
-3.84357 0.000291516
-3.83537 0.000296861
-3.82716 0.000302304
-3.81896 0.000307848
-3.81075 0.000313494
-3.80255 0.000319245
-3.79434 0.000325101
-3.78613 0.000331065
-3.77793 0.00033714
-3.76972 0.000343326
-3.76152 0.000349627
-3.75331 0.000356044
-3.74511 0.000362579
-3.7369 0.000369235
-3.7287 0.000376014
-3.72049 0.000382918
-3.71228 0.000389949
-3.70408 0.00039711
-3.69587 0.000404404
-3.68767 0.000411832
-3.67946 0.000419397
-3.67126 0.000427102
-3.66305 0.00043495
-3.65485 0.000442942
-3.64664 0.000451082
-3.63844 0.000459373
-3.63023 0.000467817
-3.62202 0.000476416
-3.61382 0.000485175
-3.60561 0.000494096
-3.59741 0.000503182
-3.5892 0.000512435
-3.581 0.00052186
-3.57279 0.000531459
-3.56459 0.000541236
-3.55638 0.000551193
-3.54818 0.000561335
-3.53997 0.000571665
-3.53176 0.000582185
-3.52356 0.000592901
-3.51535 0.000603814
-3.50715 0.00061493
-3.49894 0.000626251
-3.49074 0.000637782
-3.48253 0.000649527
-3.47433 0.000661489
-3.46612 0.000673672
-3.45792 0.000686082
-3.44971 0.000698721
-3.4415 0.000711594
-3.4333 0.000724706
-3.42509 0.000738061
-3.41689 0.000751663
-3.40868 0.000765518
-3.40048 0.000779629
-3.39227 0.000794002
-3.38407 0.000808641
-3.37586 0.000823552
-3.36766 0.000838739
-3.35945 0.000854208
-3.35124 0.000869964
-3.34304 0.000886012
-3.33483 0.000902358
-3.32663 0.000919007
-3.31842 0.000935965
-3.31022 0.000953238
-3.30201 0.000970831
-3.29381 0.000988751
-3.2856 0.001007
-3.27739 0.00102559
-3.26919 0.00104453
-3.26098 0.00106382
-3.25278 0.00108347
-3.24457 0.00110348
-3.23637 0.00112386
-3.22816 0.00114462
-3.21996 0.00116577
-3.21175 0.00118731
-3.20355 0.00120925
-3.19534 0.0012316
-3.18713 0.00125436
-3.17893 0.00127755
-3.17072 0.00130117
-3.16252 0.00132522
-3.15431 0.00134973
-3.14611 0.00137469
-3.1379 0.00140011
-3.1297 0.00142601
-3.12149 0.00145239
-3.11329 0.00147926
-3.10508 0.00150663
-3.09687 0.00153451
-3.08867 0.0015629
-3.08046 0.00159183
-3.07226 0.00162129
-3.06405 0.00165131
-3.05585 0.00168188
-3.04764 0.00171302
-3.03944 0.00174474
-3.03123 0.00177705
-3.02303 0.00180996
-3.01482 0.00184349
-3.00661 0.00187763
-2.99841 0.00191242
-2.9902 0.00194785
-2.982 0.00198395
-2.97379 0.00202071
-2.96559 0.00205817
-2.95738 0.00209632
-2.94918 0.00213518
-2.94097 0.00217476
-2.93277 0.00221508
-2.92456 0.00225616
-2.91635 0.002298
-2.90815 0.00234062
-2.89994 0.00238403
-2.89174 0.00242826
-2.88353 0.00247331
-2.87533 0.0025192
-2.86712 0.00256594
-2.85892 0.00261356
-2.85071 0.00266206
-2.8425 0.00271148
-2.8343 0.00276181
-2.82609 0.00281308
-2.81789 0.00286531
-2.80968 0.00291851
-2.80148 0.00297271
-2.79327 0.00302791
-2.78507 0.00308415
-2.77686 0.00314144
-2.76866 0.0031998
-2.76045 0.00325925
-2.75224 0.0033198
-2.74404 0.00338149
-2.73583 0.00344433
-2.72763 0.00350834
-2.71942 0.00357355
-2.71122 0.00363998
-2.70301 0.00370765
-2.69481 0.00377658
-2.6866 0.0038468
-2.6784 0.00391833
-2.67019 0.0039912
-2.66198 0.00406543
-2.65378 0.00414104
-2.64557 0.00421807
-2.63737 0.00429654
-2.62916 0.00437647
-2.62096 0.0044579
-2.61275 0.00454085
-2.60455 0.00462535
-2.59634 0.00471143
-2.58814 0.00479912
-2.57993 0.00488845
-2.57172 0.00497945
-2.56352 0.00507215
-2.55531 0.00516658
-2.54711 0.00526278
-2.5389 0.00536077
-2.5307 0.0054606
-2.52249 0.00556229
-2.51429 0.00566589
-2.50608 0.00577142
-2.49788 0.00587893
-2.48967 0.00598844
-2.48146 0.00610001
-2.47326 0.00621366
-2.46505 0.00632943
-2.45685 0.00644737
-2.44864 0.00656752
-2.44044 0.00668991
-2.43223 0.00681459
-2.42403 0.0069416
-2.41582 0.00707099
-2.40761 0.00720279
-2.39941 0.00733706
-2.3912 0.00747385
-2.383 0.00761318
-2.37479 0.00775513
-2.36659 0.00789973
-2.35838 0.00804703
-2.35018 0.00819708
-2.34197 0.00834995
-2.33377 0.00850566
-2.32556 0.00866429
-2.31735 0.00882589
-2.30915 0.00899051
-2.30094 0.0091582
-2.29274 0.00932903
-2.28453 0.00950305
-2.27633 0.00968032
-2.26812 0.00986091
-2.25992 0.0100449
-2.25171 0.0102323
-2.24351 0.0104232
-2.2353 0.0106176
-2.22709 0.0108157
-2.21889 0.0110175
-2.21068 0.0112231
-2.20248 0.0114325
-2.19427 0.0116458
-2.18607 0.0118631
-2.17786 0.0120845
-2.16966 0.01231
-2.16145 0.0125397
-2.15325 0.0127737
-2.14504 0.013012
-2.13683 0.0132548
-2.12863 0.0135022
-2.12042 0.0137541
-2.11222 0.0140108
-2.10401 0.0142722
-2.09581 0.0145385
-2.0876 0.0148098
-2.0794 0.0150861
-2.07119 0.0153676
-2.06299 0.0156543
-2.05478 0.0159464
-2.04657 0.0162439
-2.03837 0.0165469
-2.03016 0.0168556
-2.02196 0.0171701
-2.01375 0.0174904
-2.00555 0.0178166
-1.99734 0.0181489
-1.98914 0.0184874
-1.98093 0.0188322
-1.97272 0.0191834
-1.96452 0.0195411
-1.95631 0.0199055
-1.94811 0.0202767
-1.9399 0.0206547
-1.9317 0.0210397
-1.92349 0.0214319
-1.91529 0.0218314
-1.90708 0.0222383
-1.89888 0.0226527
-1.89067 0.0230748
-1.88246 0.0235047
-1.87426 0.0239426
-1.86605 0.0243886
-1.85785 0.0248429
-1.84964 0.0253055
-1.84144 0.0257767
-1.83323 0.0262566
-1.82503 0.0267454
-1.81682 0.0272432
-1.80862 0.0277502
-1.80041 0.0282665
-1.7922 0.0287924
-1.784 0.0293279
-1.77579 0.0298734
-1.76759 0.0304288
-1.75938 0.0309945
-1.75118 0.0315706
-1.74297 0.0321573
-1.73477 0.0327547
-1.72656 0.0333632
-1.71836 0.0339828
-1.71015 0.0346137
-1.70194 0.0352563
-1.69374 0.0359105
-1.68553 0.0365768
-1.67733 0.0372553
-1.66912 0.0379461
-1.66092 0.0386496
-1.65271 0.0393659
-1.64451 0.0400953
-1.6363 0.0408379
-1.6281 0.0415941
-1.61989 0.042364
-1.61168 0.043148
-1.60348 0.0439462
-1.59527 0.0447588
-1.58707 0.0455862
-1.57886 0.0464286
-1.57066 0.0472862
-1.56245 0.0481593
-1.55425 0.0490482
-1.54604 0.0499532
-1.53783 0.0508744
-1.52963 0.0518122
-1.52142 0.0527669
-1.51322 0.0537388
-1.50501 0.0547281
-1.49681 0.0557351
-1.4886 0.0567601
-1.4804 0.0578035
-1.47219 0.0588654
-1.46399 0.0599464
-1.45578 0.0610465
-1.44757 0.0621663
-1.43937 0.0633059
-1.43116 0.0644657
-1.42296 0.0656461
-1.41475 0.0668473
-1.40655 0.0680697
-1.39834 0.0693137
-1.39014 0.0705795
-1.38193 0.0718676
-1.37373 0.0731783
-1.36552 0.0745119
-1.35731 0.0758688
-1.34911 0.0772494
-1.3409 0.078654
-1.3327 0.080083
-1.32449 0.0815367
-1.31629 0.0830157
-1.30808 0.0845201
-1.29988 0.0860505
-1.29167 0.0876071
-1.28347 0.0891905
-1.27526 0.090801
-1.26705 0.0924389
-1.25885 0.0941047
-1.25064 0.0957989
-1.24244 0.0975217
-1.23423 0.0992736
-1.22603 0.101055
-1.21782 0.102866
-1.20962 0.104708
-1.20141 0.106581
-1.19321 0.108484
-1.185 0.110419
-1.17679 0.112387
-1.16859 0.114386
-1.16038 0.116419
-1.15218 0.118485
-1.14397 0.120584
-1.13577 0.122718
-1.12756 0.124886
-1.11936 0.12709
-1.11115 0.129328
-1.10294 0.131603
-1.09474 0.133914
-1.08653 0.136261
-1.07833 0.138646
-1.07012 0.141068
-1.06192 0.143528
-1.05371 0.146026
-1.04551 0.148563
-1.0373 0.15114
-1.0291 0.153755
-1.02089 0.156411
-1.01268 0.159107
-1.00448 0.161843
-0.996274 0.164621
-0.988068 0.16744
-0.979863 0.170301
-0.971657 0.173204
-0.963452 0.176149
-0.955247 0.179137
-0.947041 0.182169
-0.938836 0.185243
-0.93063 0.188361
-0.922425 0.191523
-0.914219 0.19473
-0.906014 0.19798
-0.897808 0.201276
-0.889603 0.204616
-0.881397 0.208002
-0.873192 0.211432
-0.864986 0.214908
-0.856781 0.21843
-0.848575 0.221997
-0.84037 0.22561
-0.832164 0.229269
-0.823959 0.232973
-0.815753 0.236724
-0.807548 0.24052
-0.799343 0.244362
-0.791137 0.24825
-0.782932 0.252183
-0.774726 0.256162
-0.766521 0.260186
-0.758315 0.264255
-0.75011 0.268368
-0.741904 0.272527
-0.733699 0.276729
-0.725493 0.280976
-0.717288 0.285266
-0.709082 0.289598
-0.700877 0.293974
-0.692671 0.298391
-0.684466 0.302849
-0.67626 0.307348
-0.668055 0.311887
-0.65985 0.316465
-0.651644 0.321082
-0.643439 0.325736
-0.635233 0.330427
-0.627028 0.335153
-0.618822 0.339914
-0.610617 0.344708
-0.602411 0.349535
-0.594206 0.354393
-0.586 0.35928
-0.577795 0.364196
-0.569589 0.369139
-0.561384 0.374108
-0.553178 0.3791
-0.544973 0.384114
-0.536767 0.389149
-0.528562 0.394203
-0.520357 0.399274
-0.512151 0.40436
-0.503946 0.409458
-0.49574 0.414568
-0.487535 0.419686
-0.479329 0.424811
-0.471124 0.42994
-0.462918 0.435071
-0.454713 0.440201
-0.446507 0.445328
-0.438302 0.450449
-0.430096 0.455562
-0.421891 0.460664
-0.413685 0.465752
-0.40548 0.470823
-0.397274 0.475874
-0.389069 0.480903
-0.380864 0.485906
-0.372658 0.49088
-0.364453 0.495822
-0.356247 0.500728
-0.348042 0.505596
-0.339836 0.510423
-0.331631 0.515204
-0.323425 0.519936
-0.31522 0.524617
-0.307014 0.529242
-0.298809 0.533808
-0.290603 0.538312
-0.282398 0.54275
-0.274192 0.547118
-0.265987 0.551413
-0.257781 0.555632
-0.249576 0.559771
-0.241371 0.563826
-0.233165 0.567795
-0.22496 0.571673
-0.216754 0.575457
-0.208549 0.579143
-0.200343 0.582729
-0.192138 0.586212
-0.183932 0.589587
-0.175727 0.592851
-0.167521 0.596003
-0.159316 0.599038
-0.15111 0.601954
-0.142905 0.604747
-0.134699 0.607416
-0.126494 0.609957
-0.118288 0.612368
-0.110083 0.614646
-0.101877 0.61679
-0.093672 0.618797
-0.0854665 0.620664
-0.0772611 0.622391
-0.0690556 0.623976
-0.0608501 0.625415
-0.0526447 0.62671
-0.0444392 0.627857
-0.0362337 0.628856
-0.0280282 0.629705
-0.0198228 0.630405
-0.0116173 0.630954
-0.00341183 0.631352
0.00479364 0.631598
0.0129991 0.631693
0.0212046 0.631636
0.0294101 0.631427
0.0376155 0.631067
0.045821 0.630557
0.0540265 0.629896
0.0622319 0.629086
0.0704374 0.628128
0.0786429 0.627022
0.0868483 0.625771
0.0950538 0.624375
0.103259 0.622837
0.111465 0.621157
0.11967 0.619339
0.127876 0.617383
0.136081 0.615292
0.144287 0.613068
0.152492 0.610713
0.160698 0.608231
0.168903 0.605624
0.177109 0.602893
0.185314 0.600043
0.193519 0.597076
0.201725 0.593995
0.20993 0.590803
0.218136 0.587503
0.226341 0.584098
0.234547 0.580592
0.242752 0.576987
0.250958 0.573288
0.259163 0.569497
0.267369 0.565618
0.275574 0.561654
0.28378 0.557608
0.291985 0.553485
0.300191 0.549288
0.308396 0.545019
0.316602 0.540682
0.324807 0.536282
0.333012 0.531821
0.341218 0.527302
0.349423 0.522729
0.357629 0.518106
0.365834 0.513436
0.37404 0.508721
0.382245 0.503965
0.390451 0.499172
0.398656 0.494345
0.406862 0.489486
0.415067 0.484598
0.423273 0.479686
0.431478 0.474751
0.439684 0.469796
0.447889 0.464824
0.456095 0.459839
0.4643 0.454842
0.472505 0.449837
0.480711 0.444825
0.488916 0.439809
0.497122 0.434793
0.505327 0.429777
0.513533 0.424765
0.521738 0.419758
0.529944 0.414758
0.538149 0.409769
0.546355 0.404791
0.55456 0.399827
0.562766 0.394878
0.570971 0.389946
0.579177 0.385033
0.587382 0.380141
0.595588 0.375271
0.603793 0.370424
0.611999 0.365603
0.620204 0.360808
0.628409 0.35604
0.636615 0.351302
0.64482 0.346594
0.653026 0.341917
0.661231 0.337272
0.669437 0.332661
0.677642 0.328084
0.685848 0.323542
0.694053 0.319036
0.702259 0.314567
0.710464 0.310135
0.71867 0.305742
0.726875 0.301388
0.735081 0.297073
0.743286 0.292798
0.751492 0.288563
0.759697 0.284369
0.767902 0.280217
0.776108 0.276107
0.784313 0.272038
0.792519 0.268012
0.800724 0.264029
0.80893 0.260088
0.817135 0.256191
0.825341 0.252336
0.833546 0.248525
0.841752 0.244758
0.849957 0.241033
0.858163 0.237353
0.866368 0.233716
0.874574 0.230122
0.882779 0.226572
0.890985 0.223066
0.89919 0.219602
0.907395 0.216183
0.915601 0.212806
0.923806 0.209472
0.932012 0.206181
0.940217 0.202933
0.948423 0.199727
0.956628 0.196564
0.964834 0.193442
0.973039 0.190362
0.981245 0.187324
0.98945 0.184328
0.997656 0.181372
1.00586 0.178457
1.01407 0.175582
1.02227 0.172748
1.03048 0.169953
1.03868 0.167198
1.04689 0.164482
1.05509 0.161805
1.0633 0.159167
1.0715 0.156566
1.07971 0.154003
1.08792 0.151478
1.09612 0.14899
1.10433 0.146539
1.11253 0.144123
1.12074 0.141744
1.12894 0.139401
1.13715 0.137092
1.14535 0.134819
1.15356 0.132579
1.16177 0.130374
1.16997 0.128202
1.17818 0.126064
1.18638 0.123959
1.19459 0.121886
1.20279 0.119845
1.211 0.117835
1.2192 0.115857
1.22741 0.11391
1.23561 0.111994
1.24382 0.110107
1.25203 0.108251
1.26023 0.106423
1.26844 0.104625
1.27664 0.102855
1.28485 0.101114
1.29305 0.0993998
1.30126 0.0977134
1.30946 0.0960542
1.31767 0.0944216
1.32587 0.0928154
1.33408 0.0912351
1.34229 0.0896805
1.35049 0.0881511
1.3587 0.0866465
1.3669 0.0851665
1.37511 0.0837107
1.38331 0.0822787
1.39152 0.0808702
1.39972 0.0794848
1.40793 0.0781222
1.41613 0.0767821
1.42434 0.0754641
1.43255 0.0741679
1.44075 0.0728932
1.44896 0.0716396
1.45716 0.0704069
1.46537 0.0691947
1.47357 0.0680026
1.48178 0.0668305
1.48998 0.065678
1.49819 0.0645447
1.50639 0.0634305
1.5146 0.0623349
1.52281 0.0612578
1.53101 0.0601988
1.53922 0.0591576
1.54742 0.058134
1.55563 0.0571276
1.56383 0.0561383
1.57204 0.0551657
1.58024 0.0542095
1.58845 0.0532696
1.59666 0.0523456
1.60486 0.0514374
1.61307 0.0505445
1.62127 0.0496669
1.62948 0.0488042
1.63768 0.0479562
1.64589 0.0471227
1.65409 0.0463035
1.6623 0.0454982
1.6705 0.0447067
1.67871 0.0439288
1.68692 0.0431642
1.69512 0.0424127
1.70333 0.041674
1.71153 0.0409481
1.71974 0.0402347
1.72794 0.0395335
1.73615 0.0388444
1.74435 0.0381671
1.75256 0.0375015
1.76076 0.0368474
1.76897 0.0362046
1.77718 0.0355728
1.78538 0.034952
1.79359 0.0343419
1.80179 0.0337423
1.81 0.0331531
1.8182 0.0325741
1.82641 0.0320052
1.83461 0.031446
1.84282 0.0308966
1.85102 0.0303567
1.85923 0.0298262
1.86744 0.0293048
1.87564 0.0287925
1.88385 0.0282891
1.89205 0.0277945
1.90026 0.0273084
1.90846 0.0268309
1.91667 0.0263616
1.92487 0.0259004
1.93308 0.0254473
1.94128 0.0250021
1.94949 0.0245647
1.9577 0.0241348
1.9659 0.0237125
1.97411 0.0232975
1.98231 0.0228897
1.99052 0.0224891
1.99872 0.0220954
2.00693 0.0217087
2.01513 0.0213286
2.02334 0.0209553
2.03155 0.0205884
2.03975 0.0202279
2.04796 0.0198738
2.05616 0.0195258
2.06437 0.0191839
2.07257 0.018848
2.08078 0.0185179
2.08898 0.0181937
2.09719 0.0178751
2.10539 0.017562
2.1136 0.0172545
2.12181 0.0169523
2.13001 0.0166555
2.13822 0.0163638
2.14642 0.0160772
2.15463 0.0157957
2.16283 0.0155191
2.17104 0.0152473
2.17924 0.0149803
2.18745 0.0147179
2.19565 0.0144602
2.20386 0.014207
2.21207 0.0139582
2.22027 0.0137138
2.22848 0.0134737
2.23668 0.0132377
2.24489 0.0130059
2.25309 0.0127782
2.2613 0.0125545
2.2695 0.0123347
2.27771 0.0121187
2.28591 0.0119066
2.29412 0.0116981
2.30233 0.0114934
2.31053 0.0112922
2.31874 0.0110945
2.32694 0.0109003
2.33515 0.0107095
2.34335 0.0105221
2.35156 0.010338
2.35976 0.010157
2.36797 0.00997931
2.37617 0.00980469
2.38438 0.00963314
2.39259 0.00946459
2.40079 0.00929901
2.409 0.00913633
2.4172 0.0089765
2.42541 0.00881948
2.43361 0.00866522
2.44182 0.00851367
2.45002 0.00836477
2.45823 0.00821849
2.46644 0.00807478
2.47464 0.00793358
2.48285 0.00779487
2.49105 0.00765859
2.49926 0.00752471
2.50746 0.00739317
2.51567 0.00726394
2.52387 0.00713699
2.53208 0.00701225
2.54028 0.00688971
2.54849 0.00676932
2.5567 0.00665104
2.5649 0.00653484
2.57311 0.00642068
2.58131 0.00630852
2.58952 0.00619832
2.59772 0.00609007
2.60593 0.00598371
2.61413 0.00587921
2.62234 0.00577656
2.63054 0.0056757
2.63875 0.00557661
2.64696 0.00547926
2.65516 0.00538361
2.66337 0.00528965
2.67157 0.00519733
2.67978 0.00510663
2.68798 0.00501753
2.69619 0.00492998
2.70439 0.00484397
2.7126 0.00475947
2.7208 0.00467645
2.72901 0.00459489
2.73722 0.00451475
2.74542 0.00443602
2.75363 0.00435867
2.76183 0.00428268
2.77004 0.00420802
2.77824 0.00413467
2.78645 0.0040626
2.79465 0.00399179
2.80286 0.00392223
2.81106 0.00385389
2.81927 0.00378674
2.82748 0.00372077
2.83568 0.00365595
2.84389 0.00359227
2.85209 0.00352971
2.8603 0.00346824
2.8685 0.00340784
2.87671 0.00334851
2.88491 0.00329021
2.89312 0.00323294
2.90132 0.00317666
2.90953 0.00312137
2.91774 0.00306705
2.92594 0.00301368
2.93415 0.00296125
2.94235 0.00290973
2.95056 0.00285911
2.95876 0.00280938
2.96697 0.00276052
2.97517 0.00271252
2.98338 0.00266535
2.99159 0.00261901
2.99979 0.00257348
3.008 0.00252874
3.0162 0.00248479
3.02441 0.0024416
3.03261 0.00239917
3.04082 0.00235749
3.04902 0.00231653
3.05723 0.00227628
3.06543 0.00223674
3.07364 0.00219789
3.08185 0.00215972
3.09005 0.00212222
3.09826 0.00208537
3.10646 0.00204916
3.11467 0.00201359
3.12287 0.00197864
3.13108 0.0019443
3.13928 0.00191056
3.14749 0.0018774
3.15569 0.00184483
3.1639 0.00181283
3.17211 0.00178138
3.18031 0.00175048
3.18852 0.00172012
3.19672 0.00169029
3.20493 0.00166098
3.21313 0.00163219
3.22134 0.00160389
3.22954 0.00157609
3.23775 0.00154877
3.24595 0.00152193
3.25416 0.00149556
3.26237 0.00146965
3.27057 0.00144418
3.27878 0.00141917
3.28698 0.00139458
3.29519 0.00137043
3.30339 0.0013467
3.3116 0.00132338
3.3198 0.00130047
3.32801 0.00127795
3.33621 0.00125583
3.34442 0.0012341
3.35263 0.00121274
3.36083 0.00119175
3.36904 0.00117113
3.37724 0.00115087
3.38545 0.00113096
3.39365 0.0011114
3.40186 0.00109218
3.41006 0.00107329
3.41827 0.00105473
3.42648 0.00103649
3.43468 0.00101857
3.44289 0.00100097
3.45109 0.000983666
3.4593 0.000966666
3.4675 0.000949961
3.47571 0.000933546
3.48391 0.000917417
3.49212 0.000901569
3.50032 0.000885995
3.50853 0.000870693
3.51674 0.000855656
3.52494 0.00084088
3.53315 0.000826361
3.54135 0.000812095
3.54956 0.000798076
3.55776 0.0007843
3.56597 0.000770764
3.57417 0.000757463
3.58238 0.000744392
3.59058 0.000731549
3.59879 0.000718928
3.607 0.000706527
3.6152 0.00069434
3.62341 0.000682365
3.63161 0.000670598
3.63982 0.000659035
3.64802 0.000647673
3.65623 0.000636507
3.66443 0.000625535
3.67264 0.000614754
3.68084 0.000604159
3.68905 0.000593748
3.69726 0.000583518
3.70546 0.000573464
3.71367 0.000563585
3.72187 0.000553877
3.73008 0.000544338
3.73828 0.000534963
3.74649 0.000525751
3.75469 0.000516699
3.7629 0.000507803
3.7711 0.000499062
3.77931 0.000490471
3.78752 0.00048203
3.79572 0.000473734
3.80393 0.000465583
3.81213 0.000457572
3.82034 0.0004497
3.82854 0.000441964
3.83675 0.000434362
3.84495 0.000426891
3.85316 0.00041955
3.86137 0.000412336
3.86957 0.000405246
3.87778 0.000398279
3.88598 0.000391432
3.89419 0.000384704
3.90239 0.000378092
3.9106 0.000371595
3.9188 0.000365209
3.92701 0.000358935
3.93521 0.000352768
3.94342 0.000346708
3.95163 0.000340753
3.95983 0.0003349
3.96804 0.000329149
3.97624 0.000323497
3.98445 0.000317943
3.99265 0.000312484
4.00086 0.00030712
4.00906 0.000301848
4.01727 0.000296667
4.02547 0.000291576
4.03368 0.000286573
4.04189 0.000281656
4.05009 0.000276824
4.0583 0.000272075
4.0665 0.000267408
4.07471 0.000262821
4.08291 0.000258314
4.09112 0.000253884
4.09932 0.000249531
4.10753 0.000245253
4.11573 0.000241048
4.12394 0.000236916
4.13215 0.000232856
4.14035 0.000228865
4.14856 0.000224943
4.15676 0.000221089
4.16497 0.000217301
4.17317 0.000213578
4.18138 0.000209919
4.18958 0.000206323
4.19779 0.00020279
4.20599 0.000199317
4.2142 0.000195904
4.22241 0.00019255
4.23061 0.000189253
4.23882 0.000186013
4.24702 0.000182829
4.25523 0.0001797
4.26343 0.000176624
4.27164 0.000173602
4.27984 0.000170631
