-21.8913 7.29963e-06
-21.8445 7.44063e-06
-21.7976 7.58439e-06
-21.7508 7.73095e-06
-21.7039 7.88037e-06
-21.6571 8.03271e-06
-21.6102 8.18803e-06
-21.5634 8.34638e-06
-21.5165 8.50783e-06
-21.4697 8.67243e-06
-21.4228 8.84025e-06
-21.376 9.01136e-06
-21.3291 9.18582e-06
-21.2823 9.36368e-06
-21.2354 9.54504e-06
-21.1886 9.72994e-06
-21.1417 9.91846e-06
-21.0949 1.01107e-05
-21.048 1.03067e-05
-21.0012 1.05065e-05
-20.9543 1.07102e-05
-20.9075 1.0918e-05
-20.8606 1.11298e-05
-20.8138 1.13458e-05
-20.7669 1.1566e-05
-20.7201 1.17905e-05
-20.6732 1.20194e-05
-20.6264 1.22529e-05
-20.5795 1.24909e-05
-20.5327 1.27336e-05
-20.4858 1.29811e-05
-20.439 1.32334e-05
-20.3921 1.34907e-05
-20.3453 1.37531e-05
-20.2984 1.40206e-05
-20.2516 1.42934e-05
-20.2047 1.45716e-05
-20.1579 1.48552e-05
-20.111 1.51445e-05
-20.0642 1.54394e-05
-20.0173 1.57402e-05
-19.9705 1.60469e-05
-19.9236 1.63596e-05
-19.8768 1.66785e-05
-19.8299 1.70037e-05
-19.7831 1.73353e-05
-19.7362 1.76734e-05
-19.6894 1.80183e-05
-19.6425 1.83699e-05
-19.5957 1.87285e-05
-19.5488 1.90942e-05
-19.502 1.94672e-05
-19.4551 1.98475e-05
-19.4083 2.02353e-05
-19.3614 2.06308e-05
-19.3146 2.10341e-05
-19.2677 2.14455e-05
-19.2209 2.18649e-05
-19.174 2.22927e-05
-19.1272 2.2729e-05
-19.0803 2.31739e-05
-19.0335 2.36277e-05
-18.9866 2.40904e-05
-18.9398 2.45623e-05
-18.8929 2.50436e-05
-18.8461 2.55345e-05
-18.7992 2.60351e-05
-18.7524 2.65457e-05
-18.7055 2.70664e-05
-18.6587 2.75975e-05
-18.6118 2.81391e-05
-18.565 2.86915e-05
-18.5181 2.92549e-05
-18.4713 2.98295e-05
-18.4244 3.04156e-05
-18.3776 3.10134e-05
-18.3307 3.1623e-05
-18.2839 3.22449e-05
-18.237 3.28791e-05
-18.1902 3.3526e-05
-18.1433 3.41858e-05
-18.0965 3.48587e-05
-18.0496 3.55451e-05
-18.0028 3.62453e-05
-17.9559 3.69594e-05
-17.9091 3.76878e-05
-17.8622 3.84308e-05
-17.8154 3.91886e-05
-17.7685 3.99616e-05
-17.7217 4.07501e-05
-17.6748 4.15544e-05
-17.628 4.23747e-05
-17.5811 4.32116e-05
-17.5343 4.40652e-05
-17.4874 4.49359e-05
-17.4406 4.58242e-05
-17.3937 4.67302e-05
-17.3469 4.76544e-05
-17.3 4.85973e-05
-17.2532 4.9559e-05
-17.2063 5.05401e-05
-17.1595 5.15409e-05
-17.1126 5.25619e-05
-17.0658 5.36034e-05
-17.0189 5.46659e-05
-16.9721 5.57498e-05
-16.9252 5.68555e-05
-16.8784 5.79836e-05
-16.8315 5.91343e-05
-16.7847 6.03083e-05
-16.7378 6.1506e-05
-16.691 6.27279e-05
-16.6441 6.39744e-05
-16.5973 6.52462e-05
-16.5504 6.65437e-05
-16.5036 6.78674e-05
-16.4567 6.92178e-05
-16.4099 7.05957e-05
-16.363 7.20014e-05
-16.3162 7.34356e-05
-16.2693 7.48989e-05
-16.2225 7.63918e-05
-16.1756 7.7915e-05
-16.1288 7.94692e-05
-16.0819 8.10549e-05
-16.0351 8.26728e-05
-15.9882 8.43235e-05
-15.9414 8.60079e-05
-15.8945 8.77265e-05
-15.8477 8.948e-05
-15.8008 9.12693e-05
-15.754 9.3095e-05
-15.7071 9.49579e-05
-15.6603 9.68588e-05
-15.6134 9.87985e-05
-15.5666 0.000100778
-15.5197 0.000102797
-15.4729 0.000104858
-15.426 0.000106961
-15.3792 0.000109107
-15.3324 0.000111297
-15.2855 0.000113532
-15.2387 0.000115812
-15.1918 0.000118139
-15.145 0.000120514
-15.0981 0.000122938
-15.0513 0.000125411
-15.0044 0.000127935
-14.9576 0.00013051
-14.9107 0.000133139
-14.8639 0.000135822
-14.817 0.00013856
-14.7702 0.000141354
-14.7233 0.000144206
-14.6765 0.000147116
-14.6296 0.000150087
-14.5828 0.000153118
-14.5359 0.000156213
-14.4891 0.000159371
-14.4422 0.000162594
-14.3954 0.000165884
-14.3485 0.000169242
-14.3017 0.000172669
-14.2548 0.000176167
-14.208 0.000179738
-14.1611 0.000183383
-14.1143 0.000187103
-14.0674 0.000190901
-14.0206 0.000194777
-13.9737 0.000198734
-13.9269 0.000202773
-13.88 0.000206895
-13.8332 0.000211104
-13.7863 0.0002154
-13.7395 0.000219786
-13.6926 0.000224263
-13.6458 0.000228834
-13.5989 0.000233499
-13.5521 0.000238263
-13.5052 0.000243125
-13.4584 0.00024809
-13.4115 0.000253158
-13.3647 0.000258332
-13.3178 0.000263615
-13.271 0.000269008
-13.2241 0.000274515
-13.1773 0.000280136
-13.1304 0.000285876
-13.0836 0.000291737
-13.0367 0.000297721
-12.9899 0.00030383
-12.943 0.000310068
-12.8962 0.000316438
-12.8493 0.000322942
-12.8025 0.000329583
-12.7556 0.000336364
-12.7088 0.000343288
-12.6619 0.000350359
-12.6151 0.000357579
-12.5682 0.000364952
-12.5214 0.000372481
-12.4745 0.00038017
-12.4277 0.000388022
-12.3808 0.000396041
-12.334 0.00040423
-12.2871 0.000412592
-12.2403 0.000421133
-12.1934 0.000429856
-12.1466 0.000438764
-12.0997 0.000447863
-12.0529 0.000457155
-12.006 0.000466646
-11.9592 0.00047634
-11.9123 0.000486241
-11.8655 0.000496354
-11.8186 0.000506683
-11.7718 0.000517234
-11.7249 0.000528011
-11.6781 0.00053902
-11.6312 0.000550265
-11.5844 0.000561752
-11.5375 0.000573487
-11.4907 0.000585474
-11.4438 0.000597719
-11.397 0.000610229
-11.3501 0.000623009
-11.3033 0.000636065
-11.2564 0.000649403
-11.2096 0.000663031
-11.1627 0.000676953
-11.1159 0.000691178
-11.069 0.000705711
-11.0222 0.00072056
-10.9753 0.000735732
-10.9285 0.000751235
-10.8816 0.000767075
-10.8348 0.000783261
-10.7879 0.000799799
-10.7411 0.0008167
-10.6942 0.00083397
-10.6474 0.000851618
-10.6005 0.000869652
-10.5537 0.000888083
-10.5068 0.000906917
-10.46 0.000926166
-10.4131 0.000945839
-10.3663 0.000965944
-10.3194 0.000986493
-10.2726 0.00100749
-10.2257 0.00102896
-10.1789 0.0010509
-10.132 0.00107333
-10.0852 0.00109625
-10.0383 0.00111968
-9.99148 0.00114364
-9.94463 0.00116812
-9.89778 0.00119315
-9.85093 0.00121874
-9.80408 0.0012449
-9.75723 0.00127164
-9.71038 0.00129898
-9.66353 0.00132693
-9.61668 0.00135551
-9.56983 0.00138473
-9.52298 0.0014146
-9.47613 0.00144515
-9.42928 0.00147639
-9.38243 0.00150832
-9.33558 0.00154098
-9.28873 0.00157438
-9.24188 0.00160854
-9.19503 0.00164346
-9.14818 0.00167918
-9.10133 0.00171571
-9.05448 0.00175308
-9.00763 0.00179129
-8.96078 0.00183037
-8.91393 0.00187035
-8.86708 0.00191124
-8.82023 0.00195306
-8.77338 0.00199585
-8.72653 0.00203962
-8.67968 0.00208439
-8.63283 0.00213019
-8.58598 0.00217705
-8.53913 0.002225
-8.49228 0.00227405
-8.44543 0.00232423
-8.39858 0.00237558
-8.35173 0.00242812
-8.30488 0.00248189
-8.25803 0.0025369
-8.21118 0.0025932
-8.16433 0.00265082
-8.11748 0.00270978
-8.07063 0.00277013
-8.02378 0.00283189
-7.97693 0.00289511
-7.93009 0.00295981
-7.88324 0.00302604
-7.83639 0.00309384
-7.78954 0.00316324
-7.74269 0.00323429
-7.69584 0.00330702
-7.64899 0.00338149
-7.60214 0.00345773
-7.55529 0.00353579
-7.50844 0.00361572
-7.46159 0.00369756
-7.41474 0.00378137
-7.36789 0.0038672
-7.32104 0.00395509
-7.27419 0.00404511
-7.22734 0.00413731
-7.18049 0.00423174
-7.13364 0.00432846
-7.08679 0.00442754
-7.03994 0.00452903
-6.99309 0.00463301
-6.94624 0.00473953
-6.89939 0.00484867
-6.85254 0.00496049
-6.80569 0.00507506
-6.75884 0.00519247
-6.71199 0.00531278
-6.66514 0.00543607
-6.61829 0.00556244
-6.57144 0.00569195
-6.52459 0.00582469
-6.47774 0.00596076
-6.43089 0.00610024
-6.38404 0.00624323
-6.33719 0.00638983
-6.29034 0.00654013
-6.24349 0.00669424
-6.19664 0.00685226
-6.14979 0.00701431
-6.10294 0.0071805
-6.05609 0.00735094
-6.00924 0.00752575
-5.96239 0.00770506
-5.91554 0.007889
-5.86869 0.0080777
-5.82184 0.00827129
-5.775 0.00846992
-5.72815 0.00867373
-5.6813 0.00888288
-5.63445 0.00909751
-5.5876 0.00931779
-5.54075 0.00954389
-5.4939 0.00977597
-5.44705 0.0100142
-5.4002 0.0102588
-5.35335 0.0105099
-5.3065 0.0107678
-5.25965 0.0110326
-5.2128 0.0113046
-5.16595 0.0115839
-5.1191 0.0118708
-5.07225 0.0121655
-5.0254 0.0124683
-4.97855 0.0127794
-4.9317 0.013099
-4.88485 0.0134275
-4.838 0.0137652
-4.79115 0.0141122
-4.7443 0.0144689
-4.69745 0.0148357
-4.6506 0.0152127
-4.60375 0.0156005
-4.5569 0.0159992
-4.51005 0.0164093
-4.4632 0.0168312
-4.41635 0.0172652
-4.3695 0.0177117
-4.32265 0.0181712
-4.2758 0.018644
-4.22895 0.0191307
-4.1821 0.0196317
-4.13525 0.0201475
-4.0884 0.0206786
-4.04155 0.0212255
-3.9947 0.0217887
-3.94785 0.0223689
-3.901 0.0229667
-3.85415 0.0235826
-3.8073 0.0242173
-3.76045 0.0248715
-3.7136 0.0255458
-3.66676 0.0262411
-3.61991 0.0269581
-3.57306 0.0276975
-3.52621 0.0284602
-3.47936 0.0292472
-3.43251 0.0300592
-3.38566 0.0308972
-3.33881 0.0317623
-3.29196 0.0326554
-3.24511 0.0335776
-3.19826 0.0345302
-3.15141 0.0355142
-3.10456 0.0365309
-3.05771 0.0375816
-3.01086 0.0386677
-2.96401 0.0397907
-2.91716 0.0409519
-2.87031 0.042153
-2.82346 0.0433956
-2.77661 0.0446814
-2.72976 0.0460123
-2.68291 0.0473902
-2.63606 0.0488171
-2.58921 0.050295
-2.54236 0.0518261
-2.49551 0.0534129
-2.44866 0.0550577
-2.40181 0.056763
-2.35496 0.0585316
-2.30811 0.0603663
-2.26126 0.06227
-2.21441 0.0642459
-2.16756 0.0662973
-2.12071 0.0684275
-2.07386 0.0706402
-2.02701 0.0729392
-1.98016 0.0753284
-1.93331 0.077812
-1.88646 0.0803944
-1.83961 0.0830801
-1.79276 0.0858738
-1.74591 0.0887805
-1.69906 0.0918053
-1.65221 0.0949536
-1.60536 0.0982308
-1.55851 0.101643
-1.51167 0.105195
-1.46482 0.108893
-1.41797 0.112744
-1.37112 0.116752
-1.32427 0.120924
-1.27742 0.125266
-1.23057 0.129782
-1.18372 0.134478
-1.13687 0.139357
-1.09002 0.144423
-1.04317 0.149677
-0.996318 0.15512
-0.949468 0.16075
-0.902618 0.166564
-0.855768 0.172554
-0.808919 0.178708
-0.762069 0.185013
-0.715219 0.191446
-0.668369 0.197982
-0.621519 0.204587
-0.57467 0.211218
-0.52782 0.217827
-0.48097 0.224354
-0.43412 0.230731
-0.38727 0.236883
-0.340421 0.242724
-0.293571 0.248167
-0.246721 0.253118
-0.199871 0.257487
-0.153022 0.261188
-0.106172 0.264144
-0.059322 0.266292
-0.0124723 0.267589
0.0343775 0.26801
0.0812273 0.267556
0.128077 0.266247
0.174927 0.264126
0.221777 0.261253
0.268626 0.2577
0.315476 0.253552
0.362326 0.248894
0.409176 0.243815
0.456026 0.2384
0.502875 0.232731
0.549725 0.226879
0.596575 0.220911
0.643425 0.214883
0.690274 0.208845
0.737124 0.202838
0.783974 0.196894
0.830824 0.191042
0.877674 0.185302
0.924523 0.179691
0.971373 0.174222
1.01822 0.168903
1.06507 0.163739
1.11192 0.158735
1.15877 0.15389
1.20562 0.149206
1.25247 0.14468
1.29932 0.140311
1.34617 0.136094
1.39302 0.132026
1.43987 0.128103
1.48672 0.12432
1.53357 0.120673
1.58042 0.117157
1.62727 0.113767
1.67412 0.110499
1.72097 0.107348
1.76782 0.104309
1.81467 0.101378
1.86152 0.0985502
1.90837 0.0958218
1.95522 0.0931885
2.00207 0.0906466
2.04892 0.0881921
2.09577 0.0858216
2.14262 0.0835316
2.18947 0.0813187
2.23632 0.0791797
2.28317 0.0771118
2.33002 0.0751119
2.37687 0.0731773
2.42372 0.0713054
2.47057 0.0694936
2.51742 0.0677397
2.56427 0.0660412
2.61112 0.064396
2.65797 0.062802
2.70481 0.0612572
2.75166 0.0597598
2.79851 0.0583079
2.84536 0.0568998
2.89221 0.0555338
2.93906 0.0542084
2.98591 0.0529221
3.03276 0.0516735
3.07961 0.050461
3.12646 0.0492836
3.17331 0.0481398
3.22016 0.0470286
3.26701 0.0459486
3.31386 0.044899
3.36071 0.0438785
3.40756 0.0428862
3.45441 0.0419212
3.50126 0.0409824
3.54811 0.0400691
3.59496 0.0391803
3.64181 0.0383152
3.68866 0.0374732
3.73551 0.0366533
3.78236 0.035855
3.82921 0.0350774
3.87606 0.03432
3.92291 0.0335821
3.96976 0.0328631
4.01661 0.0321623
4.06346 0.0314793
4.11031 0.0308135
4.15716 0.0301643
4.20401 0.0295313
4.25086 0.0289139
4.29771 0.0283117
4.34456 0.0277243
4.39141 0.0271511
4.43826 0.0265919
4.48511 0.0260461
4.53196 0.0255134
4.57881 0.0249934
4.62566 0.0244857
4.67251 0.02399
4.71936 0.023506
4.76621 0.0230333
4.81306 0.0225716
4.8599 0.0221207
4.90675 0.0216801
4.9536 0.0212496
5.00045 0.020829
5.0473 0.020418
5.09415 0.0200163
5.141 0.0196236
5.18785 0.0192398
5.2347 0.0188645
5.28155 0.0184977
5.3284 0.0181389
5.37525 0.0177882
5.4221 0.0174451
5.46895 0.0171095
5.5158 0.0167813
5.56265 0.0164603
5.6095 0.0161462
5.65635 0.0158389
5.7032 0.0155382
5.75005 0.0152439
5.7969 0.014956
5.84375 0.0146741
5.8906 0.0143983
5.93745 0.0141283
5.9843 0.013864
6.03115 0.0136052
6.078 0.0133518
6.12485 0.0131038
6.1717 0.0128609
6.21855 0.012623
6.2654 0.01239
6.31225 0.0121619
6.3591 0.0119384
6.40595 0.0117195
6.4528 0.0115051
6.49965 0.011295
6.5465 0.0110892
6.59335 0.0108876
6.6402 0.01069
6.68705 0.0104964
6.7339 0.0103067
6.78075 0.0101207
6.8276 0.00993851
6.87445 0.00975991
6.9213 0.00958486
6.96814 0.00941327
7.01499 0.00924506
7.06184 0.00908016
7.10869 0.0089185
7.15554 0.00876
7.20239 0.00860459
7.24924 0.00845221
7.29609 0.00830279
7.34294 0.00815627
7.38979 0.00801257
7.43664 0.00787165
7.48349 0.00773344
7.53034 0.00759787
7.57719 0.00746491
7.62404 0.00733448
7.67089 0.00720654
7.71774 0.00708103
7.76459 0.0069579
7.81144 0.00683711
7.85829 0.00671859
7.90514 0.0066023
7.95199 0.00648821
7.99884 0.00637625
8.04569 0.00626639
8.09254 0.00615858
8.13939 0.00605278
8.18624 0.00594895
8.23309 0.00584705
8.27994 0.00574703
8.32679 0.00564887
8.37364 0.00555251
8.42049 0.00545793
8.46734 0.00536509
8.51419 0.00527396
8.56104 0.00518449
8.60789 0.00509665
8.65474 0.00501042
8.70159 0.00492576
8.74844 0.00484264
8.79529 0.00476103
8.84214 0.00468089
8.88899 0.00460221
8.93584 0.00452494
8.98269 0.00444906
9.02954 0.00437455
9.07638 0.00430138
9.12323 0.00422952
9.17008 0.00415894
9.21693 0.00408962
9.26378 0.00402154
9.31063 0.00395468
9.35748 0.003889
9.40433 0.00382448
9.45118 0.00376111
9.49803 0.00369886
9.54488 0.00363771
9.59173 0.00357764
9.63858 0.00351862
9.68543 0.00346064
9.73228 0.00340368
9.77913 0.00334772
9.82598 0.00329273
9.87283 0.00323871
9.91968 0.00318563
9.96653 0.00313347
10.0134 0.00308222
10.0602 0.00303187
10.1071 0.00298238
10.1539 0.00293375
10.2008 0.00288597
10.2476 0.002839
10.2945 0.00279285
10.3413 0.00274749
10.3882 0.00270292
10.435 0.00265911
10.4819 0.00261605
10.5287 0.00257373
10.5756 0.00253213
10.6224 0.00249124
10.6693 0.00245105
10.7161 0.00241155
10.763 0.00237272
10.8098 0.00233454
10.8567 0.00229702
10.9035 0.00226013
10.9504 0.00222387
10.9972 0.00218822
11.0441 0.00215317
11.0909 0.00211872
11.1378 0.00208484
11.1846 0.00205154
11.2315 0.0020188
11.2783 0.0019866
11.3252 0.00195495
11.372 0.00192382
11.4189 0.00189322
11.4657 0.00186313
11.5126 0.00183354
11.5594 0.00180445
11.6063 0.00177584
11.6531 0.0017477
11.7 0.00172004
11.7468 0.00169283
11.7937 0.00166607
11.8405 0.00163976
11.8874 0.00161389
11.9342 0.00158844
11.9811 0.00156341
12.0279 0.00153879
12.0748 0.00151458
12.1216 0.00149077
12.1685 0.00146736
12.2153 0.00144432
12.2622 0.00142167
12.309 0.00139938
12.3559 0.00137746
12.4027 0.0013559
12.4496 0.0013347
12.4964 0.00131384
12.5433 0.00129332
12.5901 0.00127313
12.637 0.00125327
12.6838 0.00123374
12.7307 0.00121452
12.7775 0.00119562
12.8244 0.00117702
12.8712 0.00115873
12.9181 0.00114073
12.9649 0.00112302
13.0118 0.0011056
13.0586 0.00108846
13.1055 0.0010716
13.1523 0.00105501
13.1992 0.00103869
13.246 0.00102263
13.2929 0.00100683
13.3397 0.000991278
13.3866 0.00097598
13.4334 0.000960927
13.4803 0.000946116
13.5271 0.000931542
13.574 0.000917201
13.6208 0.00090309
13.6677 0.000889205
13.7145 0.000875541
13.7614 0.000862095
13.8082 0.000848864
13.8551 0.000835843
13.9019 0.00082303
13.9488 0.00081042
13.9956 0.000798011
14.0425 0.000785799
14.0893 0.000773781
14.1362 0.000761953
14.183 0.000750313
14.2299 0.000738857
14.2767 0.000727582
14.3236 0.000716486
14.3704 0.000705565
14.4173 0.000694816
14.4641 0.000684237
14.511 0.000673824
14.5578 0.000663576
14.6047 0.000653489
14.6515 0.000643561
14.6984 0.000633788
14.7452 0.00062417
14.7921 0.000614702
14.8389 0.000605382
14.8858 0.000596209
14.9326 0.00058718
14.9795 0.000578291
15.0263 0.000569542
15.0732 0.00056093
15.12 0.000552452
15.1669 0.000544107
15.2137 0.000535891
15.2606 0.000527804
15.3074 0.000519843
15.3543 0.000512006
15.4011 0.00050429
15.448 0.000496695
15.4948 0.000489218
15.5417 0.000481856
15.5885 0.000474609
15.6354 0.000467475
15.6822 0.000460451
15.7291 0.000453536
15.7759 0.000446728
15.8228 0.000440025
15.8696 0.000433426
15.9165 0.000426929
15.9633 0.000420532
16.0102 0.000414234
16.057 0.000408033
16.1039 0.000401928
16.1507 0.000395917
16.1976 0.000389998
16.2444 0.000384171
16.2913 0.000378433
16.3381 0.000372783
16.385 0.00036722
16.4318 0.000361742
16.4787 0.000356349
16.5255 0.000351038
16.5723 0.000345809
16.6192 0.000340659
16.666 0.000335589
16.7129 0.000330596
16.7597 0.00032568
16.8066 0.000320838
16.8534 0.000316071
16.9003 0.000311376
16.9471 0.000306754
16.994 0.000302201
17.0408 0.000297718
17.0877 0.000293303
17.1345 0.000288956
17.1814 0.000284675
17.2282 0.000280458
17.2751 0.000276306
17.3219 0.000272217
17.3688 0.00026819
17.4156 0.000264225
17.4625 0.000260319
17.5093 0.000256473
17.5562 0.000252685
17.603 0.000248954
17.6499 0.00024528
17.6967 0.000241661
17.7436 0.000238098
17.7904 0.000234588
17.8373 0.000231131
17.8841 0.000227726
17.931 0.000224373
17.9778 0.00022107
18.0247 0.000217817
18.0715 0.000214614
18.1184 0.000211458
18.1652 0.00020835
18.2121 0.000205289
18.2589 0.000202274
18.3058 0.000199304
18.3526 0.000196379
18.3995 0.000193498
18.4463 0.00019066
18.4932 0.000187865
18.54 0.000185112
18.5869 0.000182399
18.6337 0.000179728
18.6806 0.000177097
18.7274 0.000174505
18.7743 0.000171952
18.8211 0.000169437
18.868 0.00016696
18.9148 0.00016452
18.9617 0.000162116
19.0085 0.000159748
19.0554 0.000157416
19.1022 0.000155118
19.1491 0.000152855
19.1959 0.000150625
19.2428 0.000148429
19.2896 0.000146265
19.3365 0.000144134
19.3833 0.000142034
19.4302 0.000139966
19.477 0.000137928
19.5239 0.000135921
19.5707 0.000133944
19.6176 0.000131995
19.6644 0.000130076
19.7113 0.000128186
19.7581 0.000126323
19.805 0.000124488
19.8518 0.000122681
19.8987 0.0001209
19.9455 0.000119145
19.9924 0.000117417
20.0392 0.000115714
20.0861 0.000114036
20.1329 0.000112383
20.1798 0.000110755
20.2266 0.00010915
20.2735 0.00010757
20.3203 0.000106012
20.3672 0.000104478
20.414 0.000102966
20.4609 0.000101477
20.5077 0.00010001
20.5546 9.85639e-05
20.6014 9.71395e-05
20.6483 9.57361e-05
20.6951 9.43533e-05
20.742 9.29909e-05
20.7888 9.16486e-05
20.8357 9.0326e-05
20.8825 8.90229e-05
20.9294 8.77389e-05
20.9762 8.64738e-05
21.0231 8.52273e-05
21.0699 8.39991e-05
21.1168 8.2789e-05
21.1636 8.15966e-05
21.2105 8.04217e-05
21.2573 7.9264e-05
21.3042 7.81234e-05
21.351 7.69994e-05
21.3979 7.58919e-05
21.4447 7.48006e-05
21.4916 7.37253e-05
21.5384 7.26658e-05
21.5853 7.16217e-05
21.6321 7.0593e-05
21.679 6.95792e-05
21.7258 6.85803e-05
21.7727 6.7596e-05
21.8195 6.66261e-05
21.8664 6.56703e-05
21.9132 6.47285e-05
21.9601 6.38005e-05
22.0069 6.2886e-05
22.0538 6.19848e-05
22.1006 6.10967e-05
22.1475 6.02216e-05
22.1943 5.93593e-05
22.2412 5.85095e-05
22.288 5.76721e-05
22.3349 5.68469e-05
22.3817 5.60337e-05
22.4286 5.52323e-05
22.4754 5.44426e-05
22.5223 5.36644e-05
22.5691 5.28975e-05
22.616 5.21417e-05
22.6628 5.13969e-05
22.7097 5.06629e-05
22.7565 4.99396e-05
22.8034 4.92268e-05
22.8502 4.85243e-05
22.8971 4.7832e-05
22.9439 4.71498e-05
22.9908 4.64774e-05
23.0376 4.58148e-05
23.0845 4.51618e-05
23.1313 4.45182e-05
23.1782 4.3884e-05
23.225 4.32589e-05
23.2719 4.26429e-05
23.3187 4.20358e-05
23.3656 4.14375e-05
23.4124 4.08478e-05
23.4593 4.02667e-05
23.5061 3.96939e-05
23.553 3.91295e-05
23.5998 3.85732e-05
23.6467 3.80249e-05
23.6935 3.74845e-05
23.7404 3.69519e-05
23.7872 3.6427e-05
23.8341 3.59097e-05
23.8809 3.53999e-05
23.9278 3.48974e-05
23.9746 3.44021e-05
24.0215 3.3914e-05
24.0683 3.34329e-05
24.1152 3.29587e-05
24.162 3.24913e-05
24.2089 3.20307e-05
24.2557 3.15767e-05
24.3026 3.11293e-05
24.3494 3.06882e-05
24.3963 3.02535e-05
24.4431 2.98251e-05
24.49 2.94028e-05
24.5368 2.89866e-05
24.5837 2.85764e-05
24.6305 2.8172e-05
24.6774 2.77735e-05
24.7242 2.73807e-05
24.7711 2.69935e-05
24.8179 2.66118e-05
24.8648 2.62357e-05
24.9116 2.58649e-05
