-7.93937 7.89917e-05
-7.91714 8.0868e-05
-7.8949 8.2789e-05
-7.87267 8.47559e-05
-7.85044 8.67698e-05
-7.8282 8.88319e-05
-7.80597 9.09432e-05
-7.78374 9.3105e-05
-7.7615 9.53185e-05
-7.73927 9.75849e-05
-7.71704 9.99055e-05
-7.6948 0.000102282
-7.67257 0.000104715
-7.65034 0.000107206
-7.6281 0.000109757
-7.60587 0.000112368
-7.58364 0.000115043
-7.5614 0.000117781
-7.53917 0.000120585
-7.51694 0.000123456
-7.4947 0.000126396
-7.47247 0.000129407
-7.45024 0.000132489
-7.428 0.000135645
-7.40577 0.000138877
-7.38354 0.000142187
-7.3613 0.000145576
-7.33907 0.000149046
-7.31684 0.000152599
-7.2946 0.000156238
-7.27237 0.000159964
-7.25014 0.000163779
-7.2279 0.000167686
-7.20567 0.000171687
-7.18344 0.000175784
-7.1612 0.000179979
-7.13897 0.000184275
-7.11674 0.000188675
-7.0945 0.00019318
-7.07227 0.000197793
-7.05004 0.000202517
-7.0278 0.000207355
-7.00557 0.000212309
-6.98334 0.000217382
-6.9611 0.000222578
-6.93887 0.000227898
-6.91664 0.000233346
-6.8944 0.000238926
-6.87217 0.00024464
-6.84994 0.000250491
-6.8277 0.000256484
-6.80547 0.00026262
-6.78324 0.000268905
-6.761 0.000275341
-6.73877 0.000281932
-6.71654 0.000288683
-6.6943 0.000295596
-6.67207 0.000302675
-6.64984 0.000309926
-6.6276 0.000317351
-6.60537 0.000324956
-6.58314 0.000332744
-6.5609 0.000340721
-6.53867 0.00034889
-6.51644 0.000357256
-6.4942 0.000365825
-6.47197 0.0003746
-6.44974 0.000383588
-6.4275 0.000392793
-6.40527 0.00040222
-6.38304 0.000411876
-6.3608 0.000421765
-6.33857 0.000431893
-6.31634 0.000442267
-6.2941 0.000452891
-6.27187 0.000463773
-6.24964 0.000474919
-6.2274 0.000486335
-6.20517 0.000498027
-6.18294 0.000510002
-6.1607 0.000522268
-6.13847 0.000534831
-6.11624 0.000547699
-6.094 0.000560879
-6.07177 0.000574379
-6.04954 0.000588207
-6.0273 0.00060237
-6.00507 0.000616877
-5.98284 0.000631737
-5.9606 0.000646957
-5.93837 0.000662548
-5.91614 0.000678517
-5.8939 0.000694875
-5.87167 0.00071163
-5.84944 0.000728793
-5.8272 0.000746373
-5.80497 0.000764382
-5.78274 0.000782829
-5.7605 0.000801724
-5.73827 0.000821081
-5.71604 0.000840908
-5.6938 0.000861219
-5.67157 0.000882025
-5.64934 0.000903338
-5.6271 0.000925171
-5.60487 0.000947537
-5.58264 0.000970448
-5.5604 0.000993918
-5.53817 0.00101796
-5.51594 0.00104259
-5.4937 0.00106782
-5.47147 0.00109367
-5.44924 0.00112015
-5.427 0.00114728
-5.40477 0.00117507
-5.38254 0.00120354
-5.3603 0.00123271
-5.33807 0.00126259
-5.31584 0.00129321
-5.2936 0.00132457
-5.27137 0.0013567
-5.24914 0.00138962
-5.2269 0.00142335
-5.20467 0.0014579
-5.18244 0.0014933
-5.1602 0.00152957
-5.13797 0.00156672
-5.11574 0.00160479
-5.0935 0.0016438
-5.07127 0.00168376
-5.04904 0.00172471
-5.0268 0.00176666
-5.00457 0.00180964
-4.98234 0.00185368
-4.9601 0.00189881
-4.93787 0.00194504
-4.91564 0.00199241
-4.8934 0.00204095
-4.87117 0.00209069
-4.84894 0.00214165
-4.8267 0.00219386
-4.80447 0.00224737
-4.78224 0.00230219
-4.76 0.00235837
-4.73777 0.00241593
-4.71554 0.00247491
-4.6933 0.00253535
-4.67107 0.00259729
-4.64884 0.00266075
-4.6266 0.00272579
-4.60437 0.00279243
-4.58214 0.00286072
-4.5599 0.0029307
-4.53767 0.00300241
-4.51544 0.0030759
-4.4932 0.00315121
-4.47097 0.00322839
-4.44874 0.00330748
-4.4265 0.00338853
-4.40427 0.0034716
-4.38204 0.00355672
-4.3598 0.00364396
-4.33757 0.00373337
-4.31534 0.003825
-4.2931 0.0039189
-4.27087 0.00401514
-4.24864 0.00411378
-4.2264 0.00421486
-4.20417 0.00431847
-4.18194 0.00442466
-4.1597 0.00453349
-4.13747 0.00464503
-4.11524 0.00475936
-4.093 0.00487653
-4.07077 0.00499664
-4.04854 0.00511973
-4.0263 0.00524591
-4.00407 0.00537523
-3.98184 0.00550779
-3.9596 0.00564366
-3.93737 0.00578293
-3.91514 0.00592569
-3.8929 0.00607202
-3.87067 0.00622201
-3.84844 0.00637576
-3.8262 0.00653337
-3.80397 0.00669493
-3.78174 0.00686054
-3.7595 0.0070303
-3.73727 0.00720433
-3.71504 0.00738273
-3.6928 0.00756561
-3.67057 0.00775309
-3.64834 0.00794528
-3.6261 0.00814231
-3.60387 0.0083443
-3.58164 0.00855137
-3.5594 0.00876367
-3.53717 0.00898131
-3.51494 0.00920443
-3.4927 0.00943319
-3.47047 0.00966772
-3.44824 0.00990816
-3.426 0.0101547
-3.40377 0.0104074
-3.38154 0.0106666
-3.3593 0.0109323
-3.33707 0.0112047
-3.31484 0.011484
-3.2926 0.0117704
-3.27037 0.012064
-3.24814 0.0123651
-3.2259 0.0126738
-3.20367 0.0129903
-3.18144 0.0133149
-3.1592 0.0136477
-3.13697 0.013989
-3.11473 0.0143389
-3.0925 0.0146977
-3.07027 0.0150657
-3.04803 0.015443
-3.0258 0.0158299
-3.00357 0.0162267
-2.98133 0.0166335
-2.9591 0.0170508
-2.93687 0.0174786
-2.91463 0.0179174
-2.8924 0.0183674
-2.87017 0.0188289
-2.84793 0.0193021
-2.8257 0.0197874
-2.80347 0.0202851
-2.78123 0.0207956
-2.759 0.0213191
-2.73677 0.021856
-2.71453 0.0224066
-2.6923 0.0229713
-2.67007 0.0235504
-2.64783 0.0241444
-2.6256 0.0247536
-2.60337 0.0253784
-2.58113 0.0260193
-2.5589 0.0266765
-2.53667 0.0273506
-2.51443 0.028042
-2.4922 0.0287511
-2.46997 0.0294785
-2.44773 0.0302244
-2.4255 0.0309896
-2.40327 0.0317743
-2.38103 0.0325792
-2.3588 0.0334048
-2.33657 0.0342516
-2.31433 0.0351201
-2.2921 0.0360109
-2.26987 0.0369246
-2.24763 0.0378617
-2.2254 0.0388229
-2.20317 0.0398088
-2.18093 0.0408199
-2.1587 0.0418571
-2.13647 0.0429208
-2.11423 0.0440117
-2.092 0.0451307
-2.06977 0.0462783
-2.04753 0.0474553
-2.0253 0.0486625
-2.00307 0.0499005
-1.98083 0.0511702
-1.9586 0.0524724
-1.93637 0.0538078
-1.91413 0.0551772
-1.8919 0.0565816
-1.86967 0.0580217
-1.84743 0.0594984
-1.8252 0.0610127
-1.80297 0.0625654
-1.78073 0.0641574
-1.7585 0.0657896
-1.73627 0.0674631
-1.71403 0.0691788
-1.6918 0.0709377
-1.66957 0.0727407
-1.64733 0.0745888
-1.6251 0.0764832
-1.60287 0.0784247
-1.58063 0.0804145
-1.5584 0.0824536
-1.53617 0.0845431
-1.51393 0.086684
-1.4917 0.0888773
-1.46947 0.0911242
-1.44723 0.0934258
-1.425 0.095783
-1.40277 0.098197
-1.38053 0.100669
-1.3583 0.103199
-1.33607 0.10579
-1.31383 0.108441
-1.2916 0.111155
-1.26937 0.113931
-1.24713 0.11677
-1.2249 0.119675
-1.20267 0.122645
-1.18043 0.125681
-1.1582 0.128784
-1.13597 0.131954
-1.11373 0.135193
-1.0915 0.138501
-1.06927 0.141877
-1.04703 0.145323
-1.0248 0.148838
-1.00257 0.152422
-0.980334 0.156076
-0.9581 0.159798
-0.935867 0.163589
-0.913634 0.167448
-0.8914 0.171374
-0.869167 0.175365
-0.846934 0.179421
-0.8247 0.183539
-0.802467 0.187717
-0.780234 0.191954
-0.758 0.196247
-0.735767 0.200592
-0.713534 0.204986
-0.6913 0.209425
-0.669067 0.213906
-0.646834 0.218422
-0.6246 0.22297
-0.602367 0.227543
-0.580134 0.232134
-0.5579 0.236738
-0.535667 0.241347
-0.513434 0.245953
-0.4912 0.250547
-0.468967 0.255121
-0.446734 0.259665
-0.4245 0.264168
-0.402267 0.268621
-0.380033 0.273013
-0.3578 0.277332
-0.335567 0.281566
-0.313333 0.285704
-0.2911 0.289732
-0.268867 0.29364
-0.246633 0.297414
-0.2244 0.301043
-0.202167 0.304513
-0.179933 0.307815
-0.1577 0.310935
-0.135467 0.313864
-0.113233 0.316591
-0.091 0.319106
-0.0687666 0.321403
-0.0465333 0.323472
-0.0242999 0.325308
-0.0020666 0.326906
0.0201668 0.328261
0.0424001 0.32937
0.0646334 0.330233
0.0868668 0.330849
0.1091 0.331218
0.131333 0.331343
0.153567 0.331228
0.1758 0.330877
0.198034 0.330295
0.220267 0.329488
0.2425 0.328465
0.264734 0.327232
0.286967 0.325799
0.3092 0.324175
0.331434 0.322369
0.353667 0.32039
0.3759 0.31825
0.398134 0.315958
0.420367 0.313525
0.4426 0.310959
0.464834 0.308273
0.487067 0.305475
0.5093 0.302575
0.531534 0.299583
0.553767 0.296508
0.576 0.293358
0.598234 0.290142
0.620467 0.286868
0.6427 0.283543
0.664934 0.280175
0.687167 0.276771
0.7094 0.273336
0.731634 0.269878
0.753867 0.266402
0.776101 0.262913
0.798334 0.259417
0.820567 0.255917
0.842801 0.252418
0.865034 0.248924
0.887267 0.245438
0.909501 0.241965
0.931734 0.238507
0.953967 0.235066
0.976201 0.231646
0.998434 0.228249
1.02067 0.224877
1.0429 0.221532
1.06513 0.218215
1.08737 0.214928
1.1096 0.211673
1.13183 0.208451
1.15407 0.205262
1.1763 0.202109
1.19853 0.19899
1.22077 0.195908
1.243 0.192863
1.26523 0.189856
1.28747 0.186886
1.3097 0.183954
1.33193 0.181061
1.35417 0.178206
1.3764 0.17539
1.39863 0.172613
1.42087 0.169875
1.4431 0.167175
1.46533 0.164514
1.48757 0.161892
1.5098 0.159307
1.53203 0.156761
1.55427 0.154253
1.5765 0.151783
1.59873 0.14935
1.62097 0.146954
1.6432 0.144595
1.66543 0.142272
1.68767 0.139985
1.7099 0.137734
1.73213 0.135518
1.75437 0.133337
1.7766 0.13119
1.79883 0.129078
1.82107 0.126999
1.8433 0.124954
1.86553 0.122941
1.88777 0.12096
1.91 0.119012
1.93223 0.117095
1.95447 0.115209
1.9767 0.113353
1.99893 0.111528
2.02117 0.109733
2.0434 0.107966
2.06563 0.106229
2.08787 0.10452
2.1101 0.102839
2.13233 0.101185
2.15457 0.0995592
2.1768 0.0979596
2.19903 0.0963863
2.22127 0.0948389
2.2435 0.0933169
2.26573 0.09182
2.28797 0.0903478
2.3102 0.0888998
2.33243 0.0874757
2.35467 0.0860751
2.3769 0.0846976
2.39913 0.0833429
2.42137 0.0820104
2.4436 0.0807
2.46583 0.0794112
2.48807 0.0781436
2.5103 0.076897
2.53253 0.0756709
2.55477 0.074465
2.577 0.0732791
2.59923 0.0721126
2.62147 0.0709654
2.6437 0.0698371
2.66593 0.0687274
2.68817 0.067636
2.7104 0.0665625
2.73263 0.0655067
2.75487 0.0644682
2.7771 0.0634469
2.79933 0.0624423
2.82157 0.0614542
2.8438 0.0604823
2.86603 0.0595263
2.88827 0.0585861
2.9105 0.0576612
2.93274 0.0567515
2.95497 0.0558567
2.9772 0.0549766
2.99944 0.0541108
3.02167 0.0532592
3.0439 0.0524214
3.06614 0.0515974
3.08837 0.0507868
3.1106 0.0499894
3.13284 0.049205
3.15507 0.0484334
3.1773 0.0476743
3.19954 0.0469276
3.22177 0.046193
3.244 0.0454704
3.26624 0.0447594
3.28847 0.04406
3.3107 0.0433719
3.33294 0.042695
3.35517 0.042029
3.3774 0.0413738
3.39964 0.0407292
3.42187 0.040095
3.4441 0.0394711
3.46634 0.0388572
3.48857 0.0382532
3.5108 0.0376589
3.53304 0.0370742
3.55527 0.0364989
3.5775 0.0359328
3.59974 0.0353758
3.62197 0.0348278
3.6442 0.0342886
3.66644 0.033758
3.68867 0.0332359
3.7109 0.0327222
3.73314 0.0322166
3.75537 0.0317192
3.7776 0.0312297
3.79984 0.030748
3.82207 0.030274
3.8443 0.0298076
3.86654 0.0293486
3.88877 0.0288969
3.911 0.0284524
3.93324 0.0280149
3.95547 0.0275844
3.9777 0.0271608
3.99994 0.0267438
4.02217 0.0263335
4.0444 0.0259297
4.06664 0.0255323
4.08887 0.0251411
4.1111 0.0247562
4.13334 0.0243773
4.15557 0.0240044
4.1778 0.0236374
4.20004 0.0232762
4.22227 0.0229207
4.2445 0.0225707
4.26674 0.0222263
4.28897 0.0218873
4.3112 0.0215537
4.33344 0.0212253
4.35567 0.020902
4.3779 0.0205838
4.40014 0.0202706
4.42237 0.0199623
4.4446 0.0196589
4.46684 0.0193602
4.48907 0.0190661
4.5113 0.0187767
4.53354 0.0184918
4.55577 0.0182113
4.578 0.0179352
4.60024 0.0176634
4.62247 0.0173959
4.6447 0.0171325
4.66694 0.0168732
4.68917 0.016618
4.7114 0.0163667
4.73364 0.0161194
4.75587 0.0158759
4.7781 0.0156361
4.80034 0.0154001
4.82257 0.0151677
4.8448 0.014939
4.86704 0.0147138
4.88927 0.014492
4.9115 0.0142738
4.93374 0.0140588
4.95597 0.0138472
4.9782 0.0136389
5.00044 0.0134338
5.02267 0.0132319
5.0449 0.013033
5.06714 0.0128373
5.08937 0.0126445
5.1116 0.0124547
5.13384 0.0122679
5.15607 0.0120839
5.1783 0.0119027
5.20054 0.0117244
5.22277 0.0115487
5.245 0.0113758
5.26724 0.0112055
5.28947 0.0110379
5.3117 0.0108728
5.33394 0.0107102
5.35617 0.0105501
5.3784 0.0103925
5.40064 0.0102373
5.42287 0.0100844
5.4451 0.00993392
5.46734 0.00978572
5.48957 0.00963977
5.5118 0.00949606
5.53404 0.00935453
5.55627 0.00921517
5.5785 0.00907793
5.60074 0.00894278
5.62297 0.00880968
5.6452 0.00867862
5.66744 0.00854954
5.68967 0.00842243
5.7119 0.00829726
5.73414 0.00817398
5.75637 0.00805258
5.7786 0.00793302
5.80084 0.00781527
5.82307 0.00769931
5.8453 0.00758511
5.86754 0.00747263
5.88977 0.00736186
5.912 0.00725277
5.93424 0.00714533
5.95647 0.00703952
5.9787 0.0069353
6.00094 0.00683266
6.02317 0.00673157
6.0454 0.00663201
6.06764 0.00653395
6.08987 0.00643737
6.1121 0.00634224
6.13434 0.00624855
6.15657 0.00615628
6.1788 0.00606539
6.20104 0.00597587
6.22327 0.0058877
6.2455 0.00580086
6.26774 0.00571532
6.28997 0.00563107
6.3122 0.00554808
6.33444 0.00546634
6.35667 0.00538583
6.3789 0.00530653
6.40114 0.00522842
6.42337 0.00515148
6.4456 0.00507569
6.46784 0.00500104
6.49007 0.00492751
6.5123 0.00485508
6.53454 0.00478373
6.55677 0.00471345
6.579 0.00464422
6.60124 0.00457603
6.62347 0.00450886
6.6457 0.00444269
6.66794 0.00437751
6.69017 0.00431331
6.7124 0.00425006
6.73464 0.00418776
6.75687 0.00412638
6.7791 0.00406593
6.80134 0.00400637
6.82357 0.0039477
6.8458 0.0038899
6.86804 0.00383297
6.89027 0.00377688
6.9125 0.00372163
6.93474 0.0036672
6.95697 0.00361358
6.9792 0.00356076
7.00144 0.00350872
7.02367 0.00345746
7.0459 0.00340695
7.06814 0.0033572
7.09037 0.00330819
7.1126 0.0032599
7.13484 0.00321233
7.15707 0.00316547
7.1793 0.0031193
7.20154 0.00307381
7.22377 0.003029
7.246 0.00298485
7.26824 0.00294136
7.29047 0.00289851
7.3127 0.00285629
7.33494 0.0028147
7.35717 0.00277372
7.3794 0.00273335
7.40164 0.00269358
7.42387 0.00265439
7.4461 0.00261578
7.46834 0.00257775
7.49057 0.00254027
7.5128 0.00250335
7.53504 0.00246697
7.55727 0.00243113
7.5795 0.00239582
7.60174 0.00236102
7.62397 0.00232674
7.6462 0.00229297
7.66844 0.00225969
7.69067 0.00222691
7.7129 0.0021946
7.73514 0.00216277
7.75737 0.00213141
7.7796 0.00210051
7.80184 0.00207007
7.82407 0.00204007
7.8463 0.00201052
7.86854 0.00198139
7.89077 0.0019527
7.913 0.00192443
7.93524 0.00189657
7.95747 0.00186912
7.9797 0.00184207
8.00194 0.00181543
8.02417 0.00178917
8.0464 0.00176329
8.06864 0.0017378
8.09087 0.00171268
8.1131 0.00168793
8.13534 0.00166354
8.15757 0.0016395
8.1798 0.00161582
8.20204 0.00159249
8.22427 0.0015695
8.2465 0.00154684
8.26874 0.00152451
8.29097 0.00150251
8.3132 0.00148084
8.33544 0.00145948
8.35767 0.00143843
8.3799 0.00141769
8.40214 0.00139725
8.42437 0.00137711
8.4466 0.00135726
8.46884 0.00133771
8.49107 0.00131844
8.5133 0.00129945
8.53554 0.00128074
8.55777 0.0012623
8.58 0.00124412
8.60224 0.00122622
8.62447 0.00120857
8.6467 0.00119119
8.66894 0.00117405
8.69117 0.00115716
8.7134 0.00114052
8.73564 0.00112413
8.75787 0.00110797
8.7801 0.00109204
8.80234 0.00107635
8.82457 0.00106089
8.8468 0.00104565
8.86904 0.00103063
8.89127 0.00101583
8.91351 0.00100125
8.93574 0.000986872
8.95797 0.000972708
8.98021 0.00095875
9.00244 0.000944994
9.02467 0.000931437
9.04691 0.000918078
9.06914 0.000904912
9.09137 0.000891937
9.11361 0.00087915
9.13584 0.000866549
9.15807 0.00085413
9.18031 0.000841891
9.20254 0.00082983
9.22477 0.000817943
9.24701 0.000806228
9.26924 0.000794683
9.29147 0.000783306
9.31371 0.000772092
9.33594 0.000761041
9.35817 0.00075015
9.38041 0.000739417
9.40264 0.000728838
9.42487 0.000718413
9.44711 0.000708138
9.46934 0.000698012
9.49157 0.000688033
9.51381 0.000678197
9.53604 0.000668503
9.55827 0.00065895
9.58051 0.000649534
9.60274 0.000640255
9.62497 0.000631109
9.64721 0.000622095
9.66944 0.000613211
9.69167 0.000604456
9.71391 0.000595827
9.73614 0.000587322
9.75837 0.00057894
9.78061 0.000570678
9.80284 0.000562536
9.82507 0.000554511
9.84731 0.000546602
9.86954 0.000538806
9.89177 0.000531123
9.91401 0.000523551
9.93624 0.000516087
9.95847 0.000508731
9.98071 0.000501481
10.0029 0.000494335
10.0252 0.000487292
10.0474 0.00048035
10.0696 0.000473508
10.0919 0.000466765
10.1141 0.000460118
10.1363 0.000453567
10.1586 0.00044711
10.1808 0.000440746
10.203 0.000434474
10.2253 0.000428291
10.2475 0.000422197
10.2697 0.000416191
10.292 0.000410271
10.3142 0.000404436
10.3364 0.000398685
10.3587 0.000393016
10.3809 0.000387429
10.4031 0.000381921
10.4254 0.000376493
10.4476 0.000371143
10.4698 0.000365869
10.4921 0.000360671
10.5143 0.000355547
10.5365 0.000350497
10.5588 0.000345519
10.581 0.000340613
10.6032 0.000335777
10.6255 0.00033101
10.6477 0.000326311
10.6699 0.00032168
10.6922 0.000317115
10.7144 0.000312615
10.7366 0.00030818
10.7589 0.000303808
10.7811 0.000299499
10.8033 0.000295251
10.8256 0.000291064
10.8478 0.000286937
10.87 0.000282869
10.8923 0.000278859
10.9145 0.000274907
10.9367 0.000271011
10.959 0.00026717
10.9812 0.000263385
11.0034 0.000259653
11.0257 0.000255975
11.0479 0.00025235
11.0701 0.000248776
11.0924 0.000245253
11.1146 0.000241781
11.1368 0.000238358
11.1591 0.000234984
11.1813 0.000231658
11.2035 0.000228379
11.2258 0.000225148
11.248 0.000221962
11.2702 0.000218822
11.2925 0.000215726
11.3147 0.000212675
11.3369 0.000209667
11.3592 0.000206702
11.3814 0.00020378
11.4036 0.000200899
11.4259 0.000198059
11.4481 0.000195259
11.4703 0.0001925
11.4926 0.000189779
11.5148 0.000187098
11.537 0.000184454
11.5593 0.000181849
11.5815 0.00017928
11.6037 0.000176748
11.626 0.000174252
11.6482 0.000171791
11.6704 0.000169365
11.6927 0.000166974
11.7149 0.000164617
11.7371 0.000162294
11.7594 0.000160003
11.7816 0.000157745
11.8038 0.00015552
11.8261 0.000153325
11.8483 0.000151162
11.8705 0.00014903
11.8928 0.000146928
11.915 0.000144856
11.9372 0.000142813
11.9595 0.0001408
11.9817 0.000138814
12.0039 0.000136858
12.0262 0.000134928
12.0484 0.000133027
12.0706 0.000131152
12.0929 0.000129304
12.1151 0.000127482
12.1373 0.000125686
12.1596 0.000123915
12.1818 0.00012217
12.204 0.000120449
12.2263 0.000118753
12.2485 0.000117081
12.2707 0.000115432
12.293 0.000113807
12.3152 0.000112205
12.3374 0.000110625
12.3597 0.000109068
12.3819 0.000107533
12.4041 0.00010602
12.4264 0.000104528
12.4486 0.000103058
12.4708 0.000101608
12.4931 0.000100179
12.5153 9.87696e-05
12.5375 9.73805e-05
12.5598 9.60111e-05
12.582 9.4661e-05
12.6042 9.33301e-05
12.6265 9.2018e-05
12.6487 9.07244e-05
12.6709 8.94492e-05
12.6932 8.8192e-05
12.7154 8.69526e-05
12.7376 8.57307e-05
12.7599 8.45261e-05
12.7821 8.33385e-05
12.8043 8.21677e-05
12.8266 8.10135e-05
12.8488 7.98756e-05
12.871 7.87538e-05
12.8933 7.76478e-05
12.9155 7.65575e-05
12.9377 7.54826e-05
12.96 7.44228e-05
12.9822 7.3378e-05
13.0044 7.2348e-05
13.0267 7.13326e-05
13.0489 7.03314e-05
13.0711 6.93444e-05
13.0934 6.83714e-05
13.1156 6.74121e-05
13.1378 6.64663e-05
13.1601 6.55339e-05
13.1823 6.46146e-05
13.2045 6.37083e-05
13.2268 6.28148e-05
13.249 6.19339e-05
13.2712 6.10655e-05
13.2935 6.02093e-05
13.3157 5.93651e-05
13.3379 5.85329e-05
13.3602 5.77124e-05
13.3824 5.69035e-05
13.4046 5.61059e-05
13.4269 5.53197e-05
13.4491 5.45445e-05
13.4713 5.37802e-05
13.4936 5.30267e-05
13.5158 5.22838e-05
13.538 5.15514e-05
13.5603 5.08293e-05
13.5825 5.01174e-05
13.6047 4.94155e-05
13.627 4.87235e-05
13.6492 4.80412e-05
13.6714 4.73686e-05
13.6937 4.67054e-05
13.7159 4.60516e-05
13.7381 4.54069e-05
13.7604 4.47714e-05
13.7826 4.41448e-05
13.8048 4.3527e-05
13.8271 4.29179e-05
13.8493 4.23173e-05
13.8715 4.17252e-05
13.8938 4.11415e-05
13.916 4.0566e-05
13.9382 3.99985e-05
13.9605 3.9439e-05
13.9827 3.88875e-05
14.0049 3.83436e-05
14.0272 3.78074e-05
14.0494 3.72788e-05
14.0716 3.67576e-05
14.0939 3.62437e-05
14.1161 3.5737e-05
14.1383 3.52374e-05
14.1606 3.47449e-05
14.1828 3.42593e-05
14.205 3.37805e-05
14.2273 3.33085e-05
14.2495 3.2843e-05
14.2717 3.23842e-05
