-3.6002 0.000509843
-3.48709 0.000612647
-3.37399 0.000736339
-3.26088 0.000885187
-3.14777 0.00106433
-3.03467 0.00127995
-2.92156 0.00153948
-2.80845 0.00185187
-2.69534 0.00222783
-2.58224 0.00268024
-2.46913 0.00322445
-2.35602 0.00387883
-2.24292 0.0046652
-2.12981 0.0056094
-2.0167 0.00674191
-1.9036 0.0080984
-1.79049 0.00972026
-1.67738 0.011655
-1.56428 0.0139565
-1.45117 0.0166844
-1.33806 0.0199031
-1.22495 0.0236801
-1.11185 0.0280814
-0.998741 0.0331668
-0.885634 0.0389818
-0.772527 0.0455473
-0.65942 0.0528476
-0.546313 0.0608186
-0.433206 0.0693373
-0.320099 0.0782176
-0.206992 0.0872156
-0.0938851 0.0960461
0.0192218 0.10441
0.132329 0.112027
0.245436 0.11867
0.358543 0.124182
0.47165 0.128492
0.584757 0.131604
0.697864 0.133587
0.81097 0.134549
0.924077 0.134627
1.03718 0.13396
1.15029 0.132686
1.2634 0.130931
1.37651 0.128805
1.48961 0.126402
1.60272 0.123801
1.71583 0.121065
1.82893 0.118247
1.94204 0.115387
2.05515 0.112517
2.16825 0.109661
2.28136 0.106839
2.39447 0.104064
2.50757 0.101346
2.62068 0.0986938
2.73379 0.096111
2.8469 0.0936012
2.96 0.091166
3.07311 0.0888059
3.18622 0.0865208
3.29932 0.0843098
3.41243 0.0821714
3.52554 0.0801042
3.63864 0.0781061
3.75175 0.076175
3.86486 0.0743088
3.97797 0.0725053
4.09107 0.0707621
4.20418 0.0690771
4.31729 0.067448
4.43039 0.0658727
4.5435 0.0643489
4.65661 0.0628748
4.76971 0.0614481
4.88282 0.0600672
4.99593 0.05873
5.10903 0.0574349
5.22214 0.0561802
5.33525 0.0549641
5.44836 0.0537852
5.56146 0.052642
5.67457 0.051533
5.78768 0.050457
5.90078 0.0494126
6.01389 0.0483985
6.127 0.0474137
6.2401 0.046457
6.35321 0.0455272
6.46632 0.0446235
6.57942 0.0437448
6.69253 0.0428902
6.80564 0.0420587
6.91875 0.0412497
7.03185 0.0404622
7.14496 0.0396955
7.25807 0.0389488
7.37117 0.0382214
7.48428 0.0375127
7.59739 0.0368221
7.71049 0.0361488
7.8236 0.0354923
7.93671 0.0348521
8.04982 0.0342276
8.16292 0.0336183
8.27603 0.0330236
8.38914 0.0324432
8.50224 0.0318765
8.61535 0.0313232
8.72846 0.0307828
8.84156 0.0302548
8.95467 0.029739
9.06778 0.0292349
9.18088 0.0287421
9.29399 0.0282605
9.4071 0.0277895
9.52021 0.0273289
9.63331 0.0268784
9.74642 0.0264377
9.85953 0.0260065
9.97263 0.0255846
10.0857 0.0251716
10.1988 0.0247673
10.312 0.0243715
10.4251 0.023984
10.5382 0.0236044
10.6513 0.0232327
10.7644 0.0228685
10.8775 0.0225118
10.9906 0.0221622
11.1037 0.0218196
11.2168 0.0214838
11.3299 0.0211547
11.443 0.020832
11.5561 0.0205156
11.6692 0.0202053
11.7823 0.0199011
11.8955 0.0196026
12.0086 0.0193098
12.1217 0.0190226
12.2348 0.0187408
12.3479 0.0184643
12.461 0.0181929
12.5741 0.0179265
12.6872 0.0176651
12.8003 0.0174084
12.9134 0.0171564
13.0265 0.016909
13.1396 0.016666
13.2527 0.0164274
13.3658 0.016193
13.4789 0.0159628
13.5921 0.0157367
13.7052 0.0155145
13.8183 0.0152962
13.9314 0.0150817
14.0445 0.014871
14.1576 0.0146638
14.2707 0.0144602
14.3838 0.0142601
14.4969 0.0140634
14.61 0.01387
14.7231 0.0136798
14.8362 0.0134929
14.9493 0.013309
15.0624 0.0131282
15.1756 0.0129504
15.2887 0.0127755
15.4018 0.0126035
15.5149 0.0124343
15.628 0.0122679
15.7411 0.0121041
15.8542 0.011943
15.9673 0.0117845
16.0804 0.0116285
16.1935 0.011475
16.3066 0.0113239
16.4197 0.0111752
16.5328 0.0110289
16.6459 0.0108848
16.7591 0.010743
16.8722 0.0106034
16.9853 0.010466
17.0984 0.0103306
17.2115 0.0101974
17.3246 0.0100662
17.4377 0.00993704
17.5508 0.00980983
17.6639 0.00968454
17.777 0.00956115
17.8901 0.00943961
18.0032 0.0093199
18.1163 0.00920198
18.2294 0.00908582
18.3425 0.00897139
18.4557 0.00885865
18.5688 0.00874758
18.6819 0.00863814
18.795 0.0085303
18.9081 0.00842405
19.0212 0.00831934
19.1343 0.00821615
19.2474 0.00811446
19.3605 0.00801424
19.4736 0.00791545
19.5867 0.00781809
19.6998 0.00772212
19.8129 0.00762752
19.926 0.00753427
20.0392 0.00744234
20.1523 0.00735171
20.2654 0.00726236
20.3785 0.00717426
20.4916 0.0070874
20.6047 0.00700175
20.7178 0.0069173
20.8309 0.00683403
20.944 0.00675191
21.0571 0.00667092
21.1702 0.00659105
21.2833 0.00651228
21.3964 0.0064346
21.5095 0.00635797
21.6226 0.00628239
21.7358 0.00620784
21.8489 0.00613431
21.962 0.00606177
22.0751 0.00599021
22.1882 0.00591961
22.3013 0.00584996
22.4144 0.00578125
22.5275 0.00571346
22.6406 0.00564657
22.7537 0.00558058
22.8668 0.00551546
22.9799 0.0054512
23.093 0.00538779
23.2061 0.00532522
23.3193 0.00526348
23.4324 0.00520254
23.5455 0.0051424
23.6586 0.00508305
23.7717 0.00502448
23.8848 0.00496666
23.9979 0.0049096
24.111 0.00485327
24.2241 0.00479768
24.3372 0.0047428
24.4503 0.00468863
24.5634 0.00463515
24.6765 0.00458236
24.7896 0.00453025
24.9028 0.0044788
25.0159 0.00442801
25.129 0.00437786
25.2421 0.00432835
25.3552 0.00427947
25.4683 0.0042312
25.5814 0.00418355
25.6945 0.00413649
25.8076 0.00409003
25.9207 0.00404414
26.0338 0.00399884
26.1469 0.00395409
26.26 0.00390991
26.3731 0.00386628
26.4862 0.00382319
26.5994 0.00378063
26.7125 0.0037386
26.8256 0.00369709
26.9387 0.00365609
27.0518 0.0036156
27.1649 0.0035756
27.278 0.00353609
27.3911 0.00349707
27.5042 0.00345853
27.6173 0.00342045
27.7304 0.00338284
27.8435 0.00334569
27.9566 0.00330899
28.0697 0.00327273
28.1829 0.00323692
28.296 0.00320153
28.4091 0.00316657
28.5222 0.00313203
28.6353 0.00309791
28.7484 0.0030642
28.8615 0.00303089
28.9746 0.00299798
29.0877 0.00296546
29.2008 0.00293333
29.3139 0.00290159
29.427 0.00287022
29.5401 0.00283922
29.6532 0.00280859
29.7663 0.00277833
29.8795 0.00274842
29.9926 0.00271886
30.1057 0.00268965
30.2188 0.00266079
30.3319 0.00263226
30.445 0.00260407
30.5581 0.00257621
30.6712 0.00254868
30.7843 0.00252146
30.8974 0.00249457
31.0105 0.00246798
31.1236 0.00244171
31.2367 0.00241574
31.3498 0.00239007
31.463 0.0023647
31.5761 0.00233963
31.6892 0.00231484
31.8023 0.00229034
31.9154 0.00226612
32.0285 0.00224218
32.1416 0.00221851
32.2547 0.00219512
32.3678 0.00217199
32.4809 0.00214913
32.594 0.00212653
32.7071 0.00210419
32.8202 0.0020821
32.9333 0.00206026
33.0465 0.00203868
33.1596 0.00201733
33.2727 0.00199623
33.3858 0.00197537
33.4989 0.00195474
33.612 0.00193435
33.7251 0.00191419
33.8382 0.00189425
33.9513 0.00187454
34.0644 0.00185505
34.1775 0.00183578
34.2906 0.00181672
34.4037 0.00179788
34.5168 0.00177925
34.6299 0.00176083
34.7431 0.00174261
34.8562 0.0017246
34.9693 0.00170679
35.0824 0.00168917
35.1955 0.00167175
35.3086 0.00165453
35.4217 0.00163749
35.5348 0.00162065
35.6479 0.00160399
35.761 0.00158751
35.8741 0.00157122
35.9872 0.0015551
36.1003 0.00153917
36.2134 0.00152341
36.3266 0.00150782
36.4397 0.0014924
36.5528 0.00147715
36.6659 0.00146207
36.779 0.00144716
36.8921 0.0014324
37.0052 0.00141781
37.1183 0.00140338
37.2314 0.00138911
37.3445 0.00137499
37.4576 0.00136102
37.5707 0.00134721
37.6838 0.00133354
37.7969 0.00132003
37.91 0.00130666
38.0232 0.00129343
38.1363 0.00128035
38.2494 0.00126741
38.3625 0.00125461
38.4756 0.00124194
38.5887 0.00122942
38.7018 0.00121702
38.8149 0.00120477
38.928 0.00119264
39.0411 0.00118064
39.1542 0.00116877
39.2673 0.00115703
39.3804 0.00114542
39.4935 0.00113393
39.6067 0.00112256
39.7198 0.00111131
39.8329 0.00110018
39.946 0.00108917
40.0591 0.00107828
40.1722 0.00106751
40.2853 0.00105684
40.3984 0.0010463
40.5115 0.00103586
40.6246 0.00102553
40.7377 0.00101532
40.8508 0.00100521
40.9639 0.000995206
41.077 0.00098531
41.1902 0.000975518
41.3033 0.000965829
41.4164 0.000956243
41.5295 0.000946757
41.6426 0.000937371
41.7557 0.000928084
41.8688 0.000918894
41.9819 0.0009098
42.095 0.000900802
42.2081 0.000891898
42.3212 0.000883087
42.4343 0.000874369
42.5474 0.000865741
42.6605 0.000857204
42.7736 0.000848755
42.8868 0.000840394
42.9999 0.000832121
43.113 0.000823934
43.2261 0.000815831
43.3392 0.000807813
43.4523 0.000799878
43.5654 0.000792026
43.6785 0.000784254
43.7916 0.000776564
43.9047 0.000768953
44.0178 0.00076142
44.1309 0.000753966
44.244 0.000746588
44.3571 0.000739286
44.4703 0.00073206
44.5834 0.000724908
44.6965 0.00071783
44.8096 0.000710825
44.9227 0.000703892
45.0358 0.000697029
45.1489 0.000690238
45.262 0.000683516
45.3751 0.000676863
45.4882 0.000670278
45.6013 0.00066376
45.7144 0.000657309
45.8275 0.000650924
45.9406 0.000644605
46.0537 0.000638349
46.1669 0.000632158
46.28 0.00062603
46.3931 0.000619964
46.5062 0.00061396
46.6193 0.000608017
46.7324 0.000602134
46.8455 0.000596311
46.9586 0.000590547
47.0717 0.000584842
47.1848 0.000579195
47.2979 0.000573604
47.411 0.000568071
47.5241 0.000562593
47.6372 0.000557171
47.7504 0.000551803
47.8635 0.00054649
47.9766 0.000541231
48.0897 0.000536024
48.2028 0.00053087
48.3159 0.000525768
48.429 0.000520717
48.5421 0.000515717
48.6552 0.000510767
48.7683 0.000505868
48.8814 0.000501017
48.9945 0.000496215
49.1076 0.000491461
49.2207 0.000486755
49.3339 0.000482095
49.447 0.000477483
49.5601 0.000472917
49.6732 0.000468396
49.7863 0.000463921
49.8994 0.00045949
50.0125 0.000455103
50.1256 0.000450761
50.2387 0.000446461
50.3518 0.000442204
50.4649 0.00043799
50.578 0.000433818
50.6911 0.000429687
50.8042 0.000425597
50.9173 0.000421548
51.0305 0.000417539
51.1436 0.00041357
51.2567 0.000409641
51.3698 0.00040575
51.4829 0.000401898
51.596 0.000398084
51.7091 0.000394307
51.8222 0.000390568
51.9353 0.000386866
52.0484 0.000383201
52.1615 0.000379572
52.2746 0.000375978
52.3877 0.00037242
52.5008 0.000368897
52.614 0.000365409
52.7271 0.000361955
52.8402 0.000358535
52.9533 0.000355149
53.0664 0.000351796
53.1795 0.000348476
53.2926 0.000345189
53.4057 0.000341934
53.5188 0.000338711
53.6319 0.000335519
53.745 0.000332359
53.8581 0.00032923
53.9712 0.000326131
54.0843 0.000323063
54.1974 0.000320025
54.3106 0.000317016
54.4237 0.000314037
54.5368 0.000311087
54.6499 0.000308166
54.763 0.000305273
54.8761 0.000302408
54.9892 0.000299572
55.1023 0.000296763
55.2154 0.000293981
55.3285 0.000291226
55.4416 0.000288499
55.5547 0.000285797
55.6678 0.000283122
55.7809 0.000280473
55.8941 0.00027785
56.0072 0.000275252
56.1203 0.00027268
56.2334 0.000270132
56.3465 0.000267609
56.4596 0.000265111
56.5727 0.000262636
56.6858 0.000260186
56.7989 0.000257759
56.912 0.000255356
57.0251 0.000252976
57.1382 0.000250619
57.2513 0.000248285
57.3644 0.000245973
57.4776 0.000243684
57.5907 0.000241416
57.7038 0.000239171
57.8169 0.000236947
57.93 0.000234745
58.0431 0.000232563
58.1562 0.000230403
58.2693 0.000228264
58.3824 0.000226145
58.4955 0.000224046
58.6086 0.000221968
58.7217 0.000219909
58.8348 0.000217871
58.9479 0.000215852
59.061 0.000213852
59.1742 0.000211871
59.2873 0.00020991
59.4004 0.000207967
59.5135 0.000206043
59.6266 0.000204137
59.7397 0.000202249
59.8528 0.00020038
59.9659 0.000198528
60.079 0.000196694
60.1921 0.000194877
60.3052 0.000193078
60.4183 0.000191296
60.5314 0.000189531
60.6445 0.000187783
60.7577 0.000186052
60.8708 0.000184337
60.9839 0.000182638
61.097 0.000180955
61.2101 0.000179289
61.3232 0.000177638
61.4363 0.000176003
61.5494 0.000174384
61.6625 0.00017278
61.7756 0.000171191
61.8887 0.000169617
62.0018 0.000168058
62.1149 0.000166514
62.228 0.000164985
62.3412 0.00016347
62.4543 0.000161969
62.5674 0.000160483
62.6805 0.000159011
62.7936 0.000157552
62.9067 0.000156108
63.0198 0.000154677
63.1329 0.000153259
63.246 0.000151855
63.3591 0.000150465
63.4722 0.000149087
63.5853 0.000147722
63.6984 0.000146371
63.8115 0.000145032
63.9246 0.000143705
64.0378 0.000142391
64.1509 0.00014109
64.264 0.000139801
64.3771 0.000138524
64.4902 0.000137259
64.6033 0.000136005
64.7164 0.000134764
64.8295 0.000133534
64.9426 0.000132316
65.0557 0.000131109
65.1688 0.000129914
65.2819 0.00012873
65.395 0.000127557
65.5081 0.000126394
65.6213 0.000125243
65.7344 0.000124103
65.8475 0.000122973
65.9606 0.000121854
66.0737 0.000120745
66.1868 0.000119647
66.2999 0.000118559
66.413 0.000117481
66.5261 0.000116413
66.6392 0.000115356
66.7523 0.000114308
66.8654 0.00011327
66.9785 0.000112241
67.0916 0.000111223
67.2047 0.000110213
67.3179 0.000109213
67.431 0.000108223
67.5441 0.000107241
67.6572 0.000106269
67.7703 0.000105306
67.8834 0.000104352
67.9965 0.000103407
68.1096 0.00010247
68.2227 0.000101542
68.3358 0.000100623
68.4489 9.97127e-05
68.562 9.88106e-05
68.6751 9.79168e-05
68.7882 9.70314e-05
68.9014 9.61541e-05
69.0145 9.52851e-05
69.1276 9.4424e-05
69.2407 9.3571e-05
69.3538 9.27259e-05
69.4669 9.18886e-05
69.58 9.10591e-05
69.6931 9.02372e-05
69.8062 8.9423e-05
69.9193 8.86163e-05
70.0324 8.78171e-05
70.1455 8.70253e-05
70.2586 8.62408e-05
70.3717 8.54635e-05
70.4849 8.46935e-05
70.598 8.39305e-05
70.7111 8.31746e-05
70.8242 8.24257e-05
70.9373 8.16837e-05
71.0504 8.09486e-05
71.1635 8.02202e-05
71.2766 7.94986e-05
71.3897 7.87836e-05
71.5028 7.80752e-05
71.6159 7.73734e-05
71.729 7.6678e-05
71.8421 7.5989e-05
71.9552 7.53063e-05
72.0683 7.463e-05
72.1815 7.39598e-05
72.2946 7.32959e-05
72.4077 7.2638e-05
72.5208 7.19862e-05
72.6339 7.13404e-05
72.747 7.07005e-05
72.8601 7.00665e-05
72.9732 6.94383e-05
73.0863 6.88159e-05
73.1994 6.81992e-05
73.3125 6.75882e-05
73.4256 6.69828e-05
73.5387 6.63829e-05
73.6518 6.57885e-05
73.765 6.51996e-05
73.8781 6.46161e-05
73.9912 6.40379e-05
74.1043 6.3465e-05
74.2174 6.28974e-05
74.3305 6.2335e-05
74.4436 6.17777e-05
74.5567 6.12255e-05
74.6698 6.06783e-05
74.7829 6.01362e-05
74.896 5.9599e-05
75.0091 5.90668e-05
75.1222 5.85394e-05
75.2353 5.80168e-05
75.3484 5.7499e-05
75.4616 5.69859e-05
75.5747 5.64775e-05
75.6878 5.59737e-05
75.8009 5.54745e-05
75.914 5.49799e-05
76.0271 5.44898e-05
76.1402 5.40042e-05
76.2533 5.3523e-05
76.3664 5.30461e-05
76.4795 5.25737e-05
76.5926 5.21055e-05
76.7057 5.16416e-05
76.8188 5.11819e-05
76.9319 5.07264e-05
77.0451 5.0275e-05
77.1582 4.98277e-05
77.2713 4.93845e-05
77.3844 4.89454e-05
77.4975 4.85102e-05
77.6106 4.8079e-05
77.7237 4.76517e-05
77.8368 4.72283e-05
77.9499 4.68087e-05
78.063 4.63929e-05
78.1761 4.59809e-05
78.2892 4.55727e-05
78.4023 4.51681e-05
78.5154 4.47672e-05
78.6286 4.437e-05
78.7417 4.39763e-05
78.8548 4.35862e-05
78.9679 4.31997e-05
79.081 4.28166e-05
79.1941 4.24371e-05
79.3072 4.20609e-05
79.4203 4.16882e-05
79.5334 4.13188e-05
79.6465 4.09528e-05
79.7596 4.05901e-05
79.8727 4.02306e-05
79.9858 3.98744e-05
80.0989 3.95215e-05
80.212 3.91717e-05
80.3252 3.88251e-05
80.4383 3.84816e-05
80.5514 3.81412e-05
80.6645 3.78039e-05
80.7776 3.74696e-05
80.8907 3.71384e-05
81.0038 3.68101e-05
81.1169 3.64848e-05
81.23 3.61624e-05
81.3431 3.5843e-05
81.4562 3.55264e-05
81.5693 3.52127e-05
81.6824 3.49017e-05
81.7955 3.45936e-05
81.9087 3.42883e-05
82.0218 3.39857e-05
82.1349 3.36859e-05
82.248 3.33887e-05
82.3611 3.30942e-05
82.4742 3.28024e-05
82.5873 3.25132e-05
82.7004 3.22265e-05
82.8135 3.19425e-05
82.9266 3.1661e-05
83.0397 3.13821e-05
83.1528 3.11056e-05
83.2659 3.08316e-05
83.379 3.05601e-05
83.4921 3.02911e-05
83.6053 3.00244e-05
83.7184 2.97601e-05
83.8315 2.94982e-05
83.9446 2.92387e-05
84.0577 2.89815e-05
84.1708 2.87266e-05
84.2839 2.84739e-05
84.397 2.82236e-05
84.5101 2.79755e-05
84.6232 2.77296e-05
84.7363 2.74859e-05
84.8494 2.72444e-05
84.9625 2.7005e-05
85.0756 2.67678e-05
85.1888 2.65327e-05
85.3019 2.62997e-05
85.415 2.60688e-05
85.5281 2.584e-05
85.6412 2.56132e-05
85.7543 2.53884e-05
85.8674 2.51657e-05
85.9805 2.49449e-05
86.0936 2.47261e-05
86.2067 2.45093e-05
86.3198 2.42944e-05
86.4329 2.40814e-05
86.546 2.38704e-05
86.6591 2.36612e-05
86.7723 2.34538e-05
86.8854 2.32483e-05
86.9985 2.30447e-05
87.1116 2.28429e-05
87.2247 2.26428e-05
87.3378 2.24446e-05
87.4509 2.22481e-05
87.564 2.20534e-05
87.6771 2.18604e-05
87.7902 2.16691e-05
87.9033 2.14795e-05
88.0164 2.12916e-05
88.1295 2.11054e-05
88.2426 2.09209e-05
88.3557 2.0738e-05
88.4689 2.05567e-05
88.582 2.0377e-05
88.6951 2.01989e-05
88.8082 2.00224e-05
88.9213 1.98475e-05
89.0344 1.96741e-05
89.1475 1.95023e-05
89.2606 1.9332e-05
89.3737 1.91632e-05
89.4868 1.89959e-05
89.5999 1.88301e-05
89.713 1.86658e-05
89.8261 1.85029e-05
89.9392 1.83415e-05
90.0524 1.81815e-05
90.1655 1.80229e-05
90.2786 1.78657e-05
90.3917 1.771e-05
90.5048 1.75556e-05
90.6179 1.74025e-05
90.731 1.72509e-05
90.8441 1.71005e-05
90.9572 1.69515e-05
91.0703 1.68039e-05
91.1834 1.66575e-05
91.2965 1.65124e-05
91.4096 1.63686e-05
91.5227 1.62261e-05
91.6358 1.60849e-05
91.749 1.59449e-05
91.8621 1.58061e-05
91.9752 1.56686e-05
92.0883 1.55323e-05
92.2014 1.53971e-05
92.3145 1.52632e-05
92.4276 1.51305e-05
92.5407 1.49989e-05
92.6538 1.48685e-05
92.7669 1.47393e-05
92.88 1.46112e-05
92.9931 1.44842e-05
93.1062 1.43583e-05
93.2193 1.42336e-05
93.3325 1.41099e-05
93.4456 1.39874e-05
93.5587 1.38659e-05
93.6718 1.37455e-05
93.7849 1.36262e-05
93.898 1.35079e-05
94.0111 1.33907e-05
94.1242 1.32744e-05
94.2373 1.31593e-05
94.3504 1.30451e-05
94.4635 1.29319e-05
94.5766 1.28198e-05
94.6897 1.27086e-05
94.8028 1.25984e-05
94.916 1.24892e-05
95.0291 1.23809e-05
95.1422 1.22736e-05
95.2553 1.21672e-05
95.3684 1.20618e-05
95.4815 1.19573e-05
95.5946 1.18537e-05
95.7077 1.1751e-05
95.8208 1.16492e-05
95.9339 1.15484e-05
96.047 1.14484e-05
96.1601 1.13493e-05
96.2732 1.1251e-05
96.3863 1.11536e-05
96.4994 1.10571e-05
96.6126 1.09614e-05
96.7257 1.08666e-05
96.8388 1.07726e-05
96.9519 1.06794e-05
97.065 1.05871e-05
97.1781 1.04955e-05
97.2912 1.04048e-05
97.4043 1.03148e-05
97.5174 1.02257e-05
97.6305 1.01373e-05
97.7436 1.00497e-05
97.8567 9.96287e-06
97.9698 9.87679e-06
98.0829 9.79148e-06
98.1961 9.70691e-06
98.3092 9.62308e-06
98.4223 9.53998e-06
98.5354 9.45762e-06
98.6485 9.37597e-06
98.7616 9.29504e-06
98.8747 9.21482e-06
98.9878 9.1353e-06
99.1009 9.05648e-06
99.214 8.97835e-06
99.3271 8.9009e-06
99.4402 8.82413e-06
99.5533 8.74803e-06
99.6664 8.67259e-06
99.7796 8.59782e-06
99.8927 8.5237e-06
100.006 8.45022e-06
100.119 8.37739e-06
100.232 8.3052e-06
100.345 8.23363e-06
100.458 8.1627e-06
100.571 8.09238e-06
100.684 8.02268e-06
100.798 7.95358e-06
100.911 7.88509e-06
101.024 7.81719e-06
101.137 7.74989e-06
101.25 7.68318e-06
101.363 7.61705e-06
101.476 7.55149e-06
101.589 7.48651e-06
101.702 7.4221e-06
101.815 7.35824e-06
101.929 7.29495e-06
102.042 7.2322e-06
102.155 7.17e-06
102.268 7.10835e-06
102.381 7.04723e-06
102.494 6.98664e-06
102.607 6.92658e-06
102.72 6.86705e-06
102.833 6.80803e-06
102.947 6.74953e-06
103.06 6.69154e-06
103.173 6.63405e-06
103.286 6.57706e-06
103.399 6.52057e-06
103.512 6.46457e-06
103.625 6.40906e-06
103.738 6.35403e-06
103.851 6.29948e-06
103.965 6.24541e-06
104.078 6.1918e-06
104.191 6.13866e-06
104.304 6.08598e-06
104.417 6.03377e-06
104.53 5.982e-06
104.643 5.93068e-06
104.756 5.87981e-06
104.869 5.82939e-06
104.982 5.7794e-06
105.096 5.72984e-06
105.209 5.68072e-06
105.322 5.63202e-06
105.435 5.58374e-06
105.548 5.53589e-06
105.661 5.48845e-06
105.774 5.44142e-06
105.887 5.3948e-06
106 5.34858e-06
106.114 5.30276e-06
106.227 5.25735e-06
106.34 5.21232e-06
106.453 5.16769e-06
106.566 5.12344e-06
106.679 5.07958e-06
106.792 5.0361e-06
106.905 4.99299e-06
107.018 4.95026e-06
107.132 4.9079e-06
107.245 4.8659e-06
107.358 4.82427e-06
107.471 4.783e-06
107.584 4.74209e-06
107.697 4.70153e-06
107.81 4.66132e-06
107.923 4.62146e-06
108.036 4.58195e-06
108.149 4.54277e-06
108.263 4.50394e-06
108.376 4.46544e-06
108.489 4.42728e-06
108.602 4.38945e-06
108.715 4.35194e-06
108.828 4.31476e-06
108.941 4.2779e-06
109.054 4.24135e-06
109.167 4.20513e-06
109.281 4.16921e-06
109.394 4.13361e-06
