-18.2013 6.49444e-05
-18.1779 6.56282e-05
-18.1545 6.63192e-05
-18.1311 6.70176e-05
-18.1078 6.77233e-05
-18.0844 6.84365e-05
-18.061 6.91573e-05
-18.0376 6.98858e-05
-18.0143 7.0622e-05
-17.9909 7.13659e-05
-17.9675 7.21178e-05
-17.9441 7.28776e-05
-17.9207 7.36455e-05
-17.8974 7.44216e-05
-17.874 7.52059e-05
-17.8506 7.59985e-05
-17.8272 7.67995e-05
-17.8039 7.76091e-05
-17.7805 7.84272e-05
-17.7571 7.9254e-05
-17.7337 8.00896e-05
-17.7103 8.0934e-05
-17.687 8.17875e-05
-17.6636 8.26499e-05
-17.6402 8.35216e-05
-17.6168 8.44025e-05
-17.5935 8.52928e-05
-17.5701 8.61925e-05
-17.5467 8.71018e-05
-17.5233 8.80207e-05
-17.5 8.89494e-05
-17.4766 8.9888e-05
-17.4532 9.08366e-05
-17.4298 9.17952e-05
-17.4064 9.2764e-05
-17.3831 9.37432e-05
-17.3597 9.47327e-05
-17.3363 9.57328e-05
-17.3129 9.67435e-05
-17.2896 9.77649e-05
-17.2662 9.87973e-05
-17.2428 9.98406e-05
-17.2194 0.000100895
-17.1961 0.000101961
-17.1727 0.000103038
-17.1493 0.000104126
-17.1259 0.000105226
-17.1025 0.000106338
-17.0792 0.000107461
-17.0558 0.000108597
-17.0324 0.000109744
-17.009 0.000110904
-16.9857 0.000112076
-16.9623 0.000113261
-16.9389 0.000114458
-16.9155 0.000115668
-16.8921 0.000116891
-16.8688 0.000118127
-16.8454 0.000119376
-16.822 0.000120639
-16.7986 0.000121915
-16.7753 0.000123204
-16.7519 0.000124507
-16.7285 0.000125824
-16.7051 0.000127156
-16.6818 0.000128501
-16.6584 0.000129861
-16.635 0.000131235
-16.6116 0.000132624
-16.5882 0.000134027
-16.5649 0.000135446
-16.5415 0.00013688
-16.5181 0.000138329
-16.4947 0.000139794
-16.4714 0.000141274
-16.448 0.00014277
-16.4246 0.000144282
-16.4012 0.00014581
-16.3778 0.000147354
-16.3545 0.000148915
-16.3311 0.000150493
-16.3077 0.000152087
-16.2843 0.000153699
-16.261 0.000155327
-16.2376 0.000156973
-16.2142 0.000158637
-16.1908 0.000160319
-16.1675 0.000162018
-16.1441 0.000163736
-16.1207 0.000165471
-16.0973 0.000167226
-16.0739 0.000168999
-16.0506 0.000170792
-16.0272 0.000172603
-16.0038 0.000174434
-15.9804 0.000176284
-15.9571 0.000178154
-15.9337 0.000180044
-15.9103 0.000181955
-15.8869 0.000183886
-15.8636 0.000185837
-15.8402 0.00018781
-15.8168 0.000189803
-15.7934 0.000191818
-15.77 0.000193854
-15.7467 0.000195913
-15.7233 0.000197993
-15.6999 0.000200096
-15.6765 0.000202221
-15.6532 0.000204368
-15.6298 0.000206539
-15.6064 0.000208734
-15.583 0.000210951
-15.5596 0.000213193
-15.5363 0.000215458
-15.5129 0.000217748
-15.4895 0.000220062
-15.4661 0.000222401
-15.4428 0.000224766
-15.4194 0.000227155
-15.396 0.00022957
-15.3726 0.000232011
-15.3493 0.000234479
-15.3259 0.000236973
-15.3025 0.000239493
-15.2791 0.000242041
-15.2557 0.000244616
-15.2324 0.000247218
-15.209 0.000249849
-15.1856 0.000252508
-15.1622 0.000255195
-15.1389 0.000257911
-15.1155 0.000260657
-15.0921 0.000263432
-15.0687 0.000266237
-15.0454 0.000269072
-15.022 0.000271937
-14.9986 0.000274833
-14.9752 0.00027776
-14.9518 0.000280719
-14.9285 0.00028371
-14.9051 0.000286733
-14.8817 0.000289788
-14.8583 0.000292876
-14.835 0.000295998
-14.8116 0.000299153
-14.7882 0.000302341
-14.7648 0.000305565
-14.7414 0.000308823
-14.7181 0.000312116
-14.6947 0.000315444
-14.6713 0.000318809
-14.6479 0.000322209
-14.6246 0.000325647
-14.6012 0.000329121
-14.5778 0.000332633
-14.5544 0.000336182
-14.5311 0.00033977
-14.5077 0.000343396
-14.4843 0.000347062
-14.4609 0.000350767
-14.4375 0.000354512
-14.4142 0.000358298
-14.3908 0.000362124
-14.3674 0.000365992
-14.344 0.000369901
-14.3207 0.000373852
-14.2973 0.000377846
-14.2739 0.000381884
-14.2505 0.000385965
-14.2272 0.000390089
-14.2038 0.000394259
-14.1804 0.000398473
-14.157 0.000402733
-14.1336 0.000407039
-14.1103 0.000411392
-14.0869 0.000415792
-14.0635 0.000420239
-14.0401 0.000424734
-14.0168 0.000429278
-13.9934 0.000433871
-13.97 0.000438513
-13.9466 0.000443206
-13.9232 0.00044795
-13.8999 0.000452745
-13.8765 0.000457592
-13.8531 0.000462491
-13.8297 0.000467443
-13.8064 0.000472449
-13.783 0.000477509
-13.7596 0.000482624
-13.7362 0.000487794
-13.7129 0.00049302
-13.6895 0.000498303
-13.6661 0.000503643
-13.6427 0.000509041
-13.6193 0.000514498
-13.596 0.000520014
-13.5726 0.000525589
-13.5492 0.000531225
-13.5258 0.000536922
-13.5025 0.000542681
-13.4791 0.000548502
-13.4557 0.000554387
-13.4323 0.000560335
-13.4089 0.000566348
-13.3856 0.000572426
-13.3622 0.00057857
-13.3388 0.000584781
-13.3154 0.000591059
-13.2921 0.000597406
-13.2687 0.000603821
-13.2453 0.000610306
-13.2219 0.000616862
-13.1986 0.000623489
-13.1752 0.000630187
-13.1518 0.000636959
-13.1284 0.000643805
-13.105 0.000650724
-13.0817 0.000657719
-13.0583 0.000664791
-13.0349 0.000671939
-13.0115 0.000679165
-12.9882 0.000686469
-12.9648 0.000693853
-12.9414 0.000701318
-12.918 0.000708863
-12.8947 0.000716491
-12.8713 0.000724202
-12.8479 0.000731997
-12.8245 0.000739877
-12.8011 0.000747843
-12.7778 0.000755896
-12.7544 0.000764036
-12.731 0.000772266
-12.7076 0.000780585
-12.6843 0.000788995
-12.6609 0.000797496
-12.6375 0.00080609
-12.6141 0.000814778
-12.5907 0.000823561
-12.5674 0.00083244
-12.544 0.000841416
-12.5206 0.00085049
-12.4972 0.000859663
-12.4739 0.000868936
-12.4505 0.00087831
-12.4271 0.000887787
-12.4037 0.000897368
-12.3804 0.000907053
-12.357 0.000916844
-12.3336 0.000926743
-12.3102 0.000936749
-12.2868 0.000946865
-12.2635 0.000957092
-12.2401 0.000967431
-12.2167 0.000977883
-12.1933 0.000988449
-12.17 0.000999131
-12.1466 0.00100993
-12.1232 0.00102085
-12.0998 0.00103188
-12.0765 0.00104304
-12.0531 0.00105432
-12.0297 0.00106573
-12.0063 0.00107726
-11.9829 0.00108891
-11.9596 0.00110069
-11.9362 0.00111261
-11.9128 0.00112465
-11.8894 0.00113683
-11.8661 0.00114914
-11.8427 0.00116158
-11.8193 0.00117416
-11.7959 0.00118688
-11.7725 0.00119974
-11.7492 0.00121274
-11.7258 0.00122588
-11.7024 0.00123917
-11.679 0.0012526
-11.6557 0.00126619
-11.6323 0.00127992
-11.6089 0.0012938
-11.5855 0.00130783
-11.5622 0.00132202
-11.5388 0.00133637
-11.5154 0.00135087
-11.492 0.00136554
-11.4686 0.00138036
-11.4453 0.00139535
-11.4219 0.0014105
-11.3985 0.00142582
-11.3751 0.00144131
-11.3518 0.00145697
-11.3284 0.00147281
-11.305 0.00148881
-11.2816 0.001505
-11.2583 0.00152136
-11.2349 0.00153791
-11.2115 0.00155463
-11.1881 0.00157154
-11.1647 0.00158864
-11.1414 0.00160593
-11.118 0.00162341
-11.0946 0.00164108
-11.0712 0.00165894
-11.0479 0.00167701
-11.0245 0.00169527
-11.0011 0.00171374
-10.9777 0.00173241
-10.9543 0.00175128
-10.931 0.00177037
-10.9076 0.00178967
-10.8842 0.00180918
-10.8608 0.00182891
-10.8375 0.00184885
-10.8141 0.00186902
-10.7907 0.00188941
-10.7673 0.00191003
-10.744 0.00193087
-10.7206 0.00195195
-10.6972 0.00197326
-10.6738 0.00199481
-10.6504 0.00201659
-10.6271 0.00203862
-10.6037 0.0020609
-10.5803 0.00208342
-10.5569 0.00210619
-10.5336 0.00212921
-10.5102 0.00215249
-10.4868 0.00217603
-10.4634 0.00219983
-10.44 0.0022239
-10.4167 0.00224823
-10.3933 0.00227284
-10.3699 0.00229771
-10.3465 0.00232287
-10.3232 0.00234831
-10.2998 0.00237403
-10.2764 0.00240003
-10.253 0.00242633
-10.2297 0.00245292
-10.2063 0.0024798
-10.1829 0.00250699
-10.1595 0.00253448
-10.1361 0.00256227
-10.1128 0.00259038
-10.0894 0.0026188
-10.066 0.00264754
-10.0426 0.0026766
-10.0193 0.00270598
-9.99588 0.0027357
-9.97251 0.00276574
-9.94913 0.00279612
-9.92575 0.00282685
-9.90237 0.00285791
-9.879 0.00288932
-9.85562 0.00292109
-9.83224 0.00295321
-9.80887 0.00298569
-9.78549 0.00301854
-9.76211 0.00305175
-9.73873 0.00308534
-9.71536 0.0031193
-9.69198 0.00315364
-9.6686 0.00318837
-9.64523 0.00322349
-9.62185 0.00325901
-9.59847 0.00329492
-9.57509 0.00333124
-9.55172 0.00336796
-9.52834 0.0034051
-9.50496 0.00344265
-9.48159 0.00348063
-9.45821 0.00351904
-9.43483 0.00355788
-9.41145 0.00359715
-9.38808 0.00363687
-9.3647 0.00367704
-9.34132 0.00371765
-9.31795 0.00375873
-9.29457 0.00380027
-9.27119 0.00384228
-9.24781 0.00388476
-9.22444 0.00392772
-9.20106 0.00397117
-9.17768 0.00401511
-9.15431 0.00405954
-9.13093 0.00410448
-9.10755 0.00414992
-9.08417 0.00419588
-9.0608 0.00424236
-9.03742 0.00428937
-9.01404 0.0043369
-8.99066 0.00438498
-8.96729 0.0044336
-8.94391 0.00448277
-8.92053 0.0045325
-8.89716 0.00458279
-8.87378 0.00463365
-8.8504 0.00468509
-8.82702 0.00473712
-8.80365 0.00478973
-8.78027 0.00484295
-8.75689 0.00489676
-8.73352 0.00495119
-8.71014 0.00500624
-8.68676 0.00506191
-8.66338 0.00511822
-8.64001 0.00517517
-8.61663 0.00523277
-8.59325 0.00529102
-8.56988 0.00534994
-8.5465 0.00540952
-8.52312 0.00546979
-8.49974 0.00553075
-8.47637 0.0055924
-8.45299 0.00565475
-8.42961 0.00571782
-8.40624 0.00578161
-8.38286 0.00584612
-8.35948 0.00591138
-8.3361 0.00597738
-8.31273 0.00604413
-8.28935 0.00611165
-8.26597 0.00617994
-8.2426 0.00624901
-8.21922 0.00631888
-8.19584 0.00638955
-8.17246 0.00646102
-8.14909 0.00653332
-8.12571 0.00660644
-8.10233 0.00668041
-8.07896 0.00675522
-8.05558 0.0068309
-8.0322 0.00690744
-8.00882 0.00698486
-7.98545 0.00706318
-7.96207 0.00714239
-7.93869 0.00722252
-7.91532 0.00730357
-7.89194 0.00738555
-7.86856 0.00746848
-7.84518 0.00755237
-7.82181 0.00763722
-7.79843 0.00772305
-7.77505 0.00780987
-7.75168 0.0078977
-7.7283 0.00798654
-7.70492 0.0080764
-7.68154 0.00816731
-7.65817 0.00825927
-7.63479 0.00835229
-7.61141 0.00844639
-7.58803 0.00854158
-7.56466 0.00863787
-7.54128 0.00873528
-7.5179 0.00883381
-7.49453 0.0089335
-7.47115 0.00903433
-7.44777 0.00913634
-7.42439 0.00923954
-7.40102 0.00934393
-7.37764 0.00944954
-7.35426 0.00955638
-7.33089 0.00966446
-7.30751 0.0097738
-7.28413 0.00988441
-7.26075 0.00999631
-7.23738 0.0101095
-7.214 0.010224
-7.19062 0.0103399
-7.16725 0.0104571
-7.14387 0.0105757
-7.12049 0.0106957
-7.09711 0.0108171
-7.07374 0.0109399
-7.05036 0.0110641
-7.02698 0.0111898
-7.00361 0.011317
-6.98023 0.0114456
-6.95685 0.0115758
-6.93347 0.0117075
-6.9101 0.0118407
-6.88672 0.0119755
-6.86334 0.0121119
-6.83997 0.0122499
-6.81659 0.0123895
-6.79321 0.0125307
-6.76983 0.0126737
-6.74646 0.0128183
-6.72308 0.0129646
-6.6997 0.0131126
-6.67633 0.0132624
-6.65295 0.0134139
-6.62957 0.0135673
-6.60619 0.0137224
-6.58282 0.0138794
-6.55944 0.0140383
-6.53606 0.014199
-6.51269 0.0143616
-6.48931 0.0145262
-6.46593 0.0146927
-6.44255 0.0148612
-6.41918 0.0150317
-6.3958 0.0152042
-6.37242 0.0153787
-6.34905 0.0155554
-6.32567 0.0157341
-6.30229 0.015915
-6.27891 0.016098
-6.25554 0.0162832
-6.23216 0.0164706
-6.20878 0.0166603
-6.1854 0.0168522
-6.16203 0.0170464
-6.13865 0.0172429
-6.11527 0.0174418
-6.0919 0.0176431
-6.06852 0.0178467
-6.04514 0.0180529
-6.02176 0.0182614
-5.99839 0.0184725
-5.97501 0.0186862
-5.95163 0.0189023
-5.92826 0.0191211
-5.90488 0.0193426
-5.8815 0.0195666
-5.85812 0.0197934
-5.83475 0.0200229
-5.81137 0.0202552
-5.78799 0.0204903
-5.76462 0.0207282
-5.74124 0.0209691
-5.71786 0.0212128
-5.69448 0.0214594
-5.67111 0.0217091
-5.64773 0.0219618
-5.62435 0.0222175
-5.60098 0.0224763
-5.5776 0.0227383
-5.55422 0.0230035
-5.53084 0.0232719
-5.50747 0.0235435
-5.48409 0.0238185
-5.46071 0.0240968
-5.43734 0.0243785
-5.41396 0.0246637
-5.39058 0.0249523
-5.3672 0.0252444
-5.34383 0.0255402
-5.32045 0.0258395
-5.29707 0.0261425
-5.2737 0.0264492
-5.25032 0.0267597
-5.22694 0.027074
-5.20356 0.0273922
-5.18019 0.0277142
-5.15681 0.0280402
-5.13343 0.0283703
-5.11006 0.0287044
-5.08668 0.0290426
-5.0633 0.029385
-5.03992 0.0297316
-5.01655 0.0300825
-4.99317 0.0304377
-4.96979 0.0307973
-4.94641 0.0311614
-4.92304 0.03153
-4.89966 0.0319032
-4.87628 0.032281
-4.85291 0.0326635
-4.82953 0.0330507
-4.80615 0.0334428
-4.78277 0.0338397
-4.7594 0.0342416
-4.73602 0.0346485
-4.71264 0.0350605
-4.68927 0.0354776
-4.66589 0.0359
-4.64251 0.0363276
-4.61913 0.0367606
-4.59576 0.037199
-4.57238 0.0376429
-4.549 0.0380924
-4.52563 0.0385476
-4.50225 0.0390084
-4.47887 0.0394751
-4.45549 0.0399477
-4.43212 0.0404262
-4.40874 0.0409107
-4.38536 0.0414014
-4.36199 0.0418982
-4.33861 0.0424014
-4.31523 0.0429109
-4.29185 0.0434269
-4.26848 0.0439494
-4.2451 0.0444786
-4.22172 0.0450145
-4.19835 0.0455572
-4.17497 0.0461068
-4.15159 0.0466634
-4.12821 0.0472271
-4.10484 0.047798
-4.08146 0.0483763
-4.05808 0.0489619
-4.03471 0.049555
-4.01133 0.0501557
-3.98795 0.0507641
-3.96457 0.0513803
-3.9412 0.0520044
-3.91782 0.0526366
-3.89444 0.0532769
-3.87107 0.0539254
-3.84769 0.0545823
-3.82431 0.0552477
-3.80093 0.0559217
-3.77756 0.0566044
-3.75418 0.0572959
-3.7308 0.0579964
-3.70743 0.0587059
-3.68405 0.0594247
-3.66067 0.0601528
-3.63729 0.0608904
-3.61392 0.0616375
-3.59054 0.0623944
-3.56716 0.0631612
-3.54378 0.063938
-3.52041 0.0647249
-3.49703 0.0655221
-3.47365 0.0663297
-3.45028 0.0671479
-3.4269 0.0679768
-3.40352 0.0688166
-3.38014 0.0696674
-3.35677 0.0705294
-3.33339 0.0714027
-3.31001 0.0722875
-3.28664 0.0731839
-3.26326 0.0740922
-3.23988 0.0750125
-3.2165 0.0759449
-3.19313 0.0768896
-3.16975 0.0778468
-3.14637 0.0788167
-3.123 0.0797994
-3.09962 0.0807951
-3.07624 0.081804
-3.05286 0.0828263
-3.02949 0.0838622
-3.00611 0.0849119
-2.98273 0.0859755
-2.95936 0.0870532
-2.93598 0.0881453
-2.9126 0.0892519
-2.88922 0.0903733
-2.86585 0.0915095
-2.84247 0.092661
-2.81909 0.0938278
-2.79572 0.0950102
-2.77234 0.0962083
-2.74896 0.0974224
-2.72558 0.0986528
-2.70221 0.0998995
-2.67883 0.101163
-2.65545 0.102443
-2.63208 0.103741
-2.6087 0.105055
-2.58532 0.106388
-2.56194 0.107738
-2.53857 0.109106
-2.51519 0.110492
-2.49181 0.111897
-2.46844 0.113321
-2.44506 0.114763
-2.42168 0.116225
-2.3983 0.117706
-2.37493 0.119207
-2.35155 0.120728
-2.32817 0.122269
-2.3048 0.12383
-2.28142 0.125412
-2.25804 0.127015
-2.23466 0.128639
-2.21129 0.130284
-2.18791 0.131952
-2.16453 0.13364
-2.14115 0.135351
-2.11778 0.137085
-2.0944 0.138841
-2.07102 0.140619
-2.04765 0.142421
-2.02427 0.144246
-2.00089 0.146094
-1.97751 0.147965
-1.95414 0.149861
-1.93076 0.151781
-1.90738 0.153724
-1.88401 0.155692
-1.86063 0.157685
-1.83725 0.159702
-1.81387 0.161744
-1.7905 0.16381
-1.76712 0.165902
-1.74374 0.168018
-1.72037 0.17016
-1.69699 0.172327
-1.67361 0.174518
-1.65023 0.176735
-1.62686 0.178977
-1.60348 0.181244
-1.5801 0.183535
-1.55673 0.185851
-1.53335 0.188192
-1.50997 0.190557
-1.48659 0.192946
-1.46322 0.195358
-1.43984 0.197793
-1.41646 0.200252
-1.39309 0.202732
-1.36971 0.205234
-1.34633 0.207757
-1.32295 0.2103
-1.29958 0.212862
-1.2762 0.215443
-1.25282 0.218041
-1.22945 0.220655
-1.20607 0.223285
-1.18269 0.225927
-1.15931 0.228582
-1.13594 0.231247
-1.11256 0.23392
-1.08918 0.2366
-1.06581 0.239284
-1.04243 0.241969
-1.01905 0.244654
-0.995674 0.247336
-0.972297 0.250011
-0.948919 0.252676
-0.925542 0.255327
-0.902165 0.257962
-0.878788 0.260575
-0.855411 0.263163
-0.832034 0.265721
-0.808656 0.268243
-0.785279 0.270725
-0.761902 0.273161
-0.738525 0.275544
-0.715148 0.277869
-0.691771 0.280128
-0.668393 0.282315
-0.645016 0.284422
-0.621639 0.286442
-0.598262 0.288366
-0.574885 0.290186
-0.551508 0.291893
-0.52813 0.293478
-0.504753 0.294932
-0.481376 0.296245
-0.457999 0.297408
-0.434622 0.298412
-0.411245 0.299247
-0.387867 0.299903
-0.36449 0.300371
-0.341113 0.300642
-0.317736 0.300707
-0.294359 0.300559
-0.270982 0.30019
-0.247604 0.299592
-0.224227 0.298761
-0.20085 0.297691
-0.177473 0.296379
-0.154096 0.294821
-0.130719 0.293017
-0.107341 0.290966
-0.0839642 0.288669
-0.0605871 0.286131
-0.0372099 0.283354
-0.0138327 0.280345
0.00954443 0.277111
0.0329216 0.27366
0.0562988 0.270002
0.0796759 0.266149
0.103053 0.262111
0.12643 0.257901
0.149807 0.253535
0.173185 0.249024
0.196562 0.244386
0.219939 0.239633
0.243316 0.234782
0.266693 0.229847
0.29007 0.224843
0.313448 0.219786
0.336825 0.214688
0.360202 0.209564
0.383579 0.204427
0.406956 0.19929
0.430333 0.194163
0.453711 0.189058
0.477088 0.183986
0.500465 0.178955
0.523842 0.173973
0.547219 0.16905
0.570596 0.164191
0.593974 0.159404
0.617351 0.154693
0.640728 0.150063
0.664105 0.145519
0.687482 0.141064
0.710859 0.136701
0.734237 0.132433
0.757614 0.12826
0.780991 0.124185
0.804368 0.120209
0.827745 0.116332
0.851122 0.112555
0.8745 0.108877
0.897877 0.105298
0.921254 0.101818
0.944631 0.0984357
0.968008 0.0951498
0.991385 0.0919593
1.01476 0.0888628
1.03814 0.0858589
1.06152 0.0829459
1.08489 0.0801222
1.10827 0.0773859
1.13165 0.0747353
1.15503 0.0721684
1.1784 0.0696832
1.20178 0.0672779
1.22516 0.0649504
1.24853 0.0626987
1.27191 0.0605209
1.29529 0.058415
1.31867 0.0563789
1.34204 0.0544107
1.36542 0.0525085
1.3888 0.0506704
1.41217 0.0488943
1.43555 0.0471786
1.45893 0.0455213
1.48231 0.0439206
1.50568 0.0423748
1.52906 0.0408822
1.55244 0.0394411
1.57581 0.0380497
1.59919 0.0367066
1.62257 0.0354101
1.64595 0.0341588
1.66932 0.032951
1.6927 0.0317855
1.71608 0.0306607
1.73945 0.0295754
1.76283 0.0285281
1.78621 0.0275176
1.80959 0.0265427
1.83296 0.0256021
1.85634 0.0246947
1.87972 0.0238193
1.90309 0.0229748
1.92647 0.0221602
1.94985 0.0213744
1.97323 0.0206164
1.9966 0.0198853
2.01998 0.0191801
2.04336 0.0184999
2.06674 0.0178438
2.09011 0.017211
2.11349 0.0166007
2.13687 0.0160121
2.16024 0.0154443
2.18362 0.0148968
2.207 0.0143687
2.23038 0.0138594
2.25375 0.0133682
2.27713 0.0128945
2.30051 0.0124377
2.32388 0.0119971
2.34726 0.0115722
2.37064 0.0111624
2.39402 0.0107671
2.41739 0.010386
2.44077 0.0100184
2.46415 0.00966386
2.48752 0.00932196
2.5109 0.00899222
2.53428 0.00867422
2.55766 0.00836752
2.58103 0.00807174
2.60441 0.00778648
2.62779 0.00751136
2.65116 0.00724602
2.67454 0.00699012
2.69792 0.00674331
2.7213 0.00650528
2.74467 0.0062757
2.76805 0.00605428
2.79143 0.00584072
2.8148 0.00563475
2.83818 0.00543609
2.86156 0.00524449
2.88494 0.00505968
2.90831 0.00488143
2.93169 0.00470951
2.95507 0.00454368
2.97844 0.00438374
3.00182 0.00422946
3.0252 0.00408065
3.04858 0.00393712
3.07195 0.00379867
3.09533 0.00366512
3.11871 0.0035363
3.14208 0.00341205
3.16546 0.00329218
3.18884 0.00317656
3.21222 0.00306503
3.23559 0.00295745
3.25897 0.00285366
3.28235 0.00275355
3.30572 0.00265697
3.3291 0.0025638
3.35248 0.00247393
3.37586 0.00238722
3.39923 0.00230358
3.42261 0.00222289
3.44599 0.00214504
3.46937 0.00206994
3.49274 0.00199749
3.51612 0.00192759
3.5395 0.00186015
3.56287 0.00179509
3.58625 0.00173233
3.60963 0.00167177
3.63301 0.00161334
3.65638 0.00155697
3.67976 0.00150258
3.70314 0.0014501
3.72651 0.00139947
3.74989 0.00135062
3.77327 0.00130349
3.79665 0.00125801
3.82002 0.00121413
3.8434 0.00117179
3.86678 0.00113094
3.89015 0.00109152
3.91353 0.00105348
3.93691 0.00101678
3.96029 0.000981359
3.98366 0.000947185
4.00704 0.000914208
4.03042 0.000882387
4.05379 0.00085168
4.07717 0.000822049
4.10055 0.000793455
4.12393 0.000765862
4.1473 0.000739234
4.17068 0.000713538
4.19406 0.000688741
4.21743 0.000664811
4.24081 0.000641717
4.26419 0.000619431
4.28757 0.000597923
4.31094 0.000577166
4.33432 0.000557134
4.3577 0.000537802
4.38107 0.000519144
4.40445 0.000501138
4.42783 0.00048376
4.45121 0.000466988
4.47458 0.0004508
4.49796 0.000435177
4.52134 0.000420099
4.54471 0.000405546
4.56809 0.0003915
4.59147 0.000377943
4.61485 0.000364859
4.63822 0.00035223
4.6616 0.00034004
4.68498 0.000328275
4.70836 0.000316919
4.73173 0.000305957
4.75511 0.000295378
4.77849 0.000285165
4.80186 0.000275308
4.82524 0.000265794
4.84862 0.00025661
4.872 0.000247745
4.89537 0.000239187
4.91875 0.000230927
4.94213 0.000222954
4.9655 0.000215257
4.98888 0.000207828
5.01226 0.000200656
5.03564 0.000193733
5.05901 0.00018705
5.08239 0.000180599
5.10577 0.000174371
5.12914 0.000168359
5.15252 0.000162556
