-3.87227 0.000285764
-3.77647 0.000334973
-3.68066 0.000392801
-3.58485 0.000460789
-3.48905 0.000540761
-3.39324 0.000634873
-3.29744 0.000745685
-3.20163 0.000876227
-3.10583 0.0010301
-3.01002 0.00121156
-2.91422 0.0014257
-2.81841 0.00167855
-2.72261 0.00197728
-2.6268 0.00233045
-2.531 0.00274825
-2.43519 0.00324284
-2.33939 0.0038287
-2.24358 0.00452316
-2.14778 0.00534686
-2.05197 0.0063245
-1.95616 0.00748552
-1.86036 0.00886509
-1.76455 0.0105051
-1.66875 0.0124554
-1.57294 0.014775
-1.47714 0.0175338
-1.38133 0.0208135
-1.28553 0.0247093
-1.18972 0.0293303
-1.09392 0.0347988
-0.998112 0.0412484
-0.902307 0.0488175
-0.806501 0.0576387
-0.710696 0.0678198
-0.614891 0.0794145
-0.519085 0.0923828
-0.42328 0.106543
-0.327475 0.121524
-0.23167 0.136745
-0.135864 0.151441
-0.040059 0.164759
0.0557463 0.175915
0.151552 0.184349
0.247357 0.189829
0.343162 0.192454
0.438967 0.192566
0.534773 0.19064
0.630578 0.187175
0.726383 0.182627
0.822189 0.177375
0.917994 0.171714
1.0138 0.165865
1.1096 0.159986
1.20541 0.154184
1.30122 0.14853
1.39702 0.143071
1.49283 0.137831
1.58863 0.132824
1.68444 0.128053
1.78024 0.123515
1.87605 0.119206
1.97185 0.115114
2.06766 0.111231
2.16346 0.107546
2.25927 0.104048
2.35507 0.100725
2.45088 0.0975673
2.54668 0.0945645
2.64249 0.0917071
2.73829 0.0889858
2.8341 0.0863923
2.92991 0.0839185
3.02571 0.081557
3.12152 0.079301
3.21732 0.0771439
3.31313 0.0750799
3.40893 0.0731033
3.50474 0.0712091
3.60054 0.0693924
3.69635 0.0676489
3.79215 0.0659744
3.88796 0.064365
3.98376 0.0628172
4.07957 0.0613277
4.17537 0.0598933
4.27118 0.0585113
4.36698 0.0571787
4.46279 0.0558933
4.55859 0.0546525
4.6544 0.0534542
4.75021 0.0522963
4.84601 0.0511769
4.94182 0.0500941
5.03762 0.0490463
5.13343 0.0480319
5.22923 0.0470492
5.32504 0.046097
5.42084 0.0451739
5.51665 0.0442786
5.61245 0.0434099
5.70826 0.0425667
5.80406 0.0417479
5.89987 0.0409526
5.99567 0.0401797
6.09148 0.0394284
6.18728 0.0386979
6.28309 0.0379872
6.3789 0.0372958
6.4747 0.0366227
6.57051 0.0359673
6.66631 0.0353291
6.76212 0.0347072
6.85792 0.0341012
6.95373 0.0335105
7.04953 0.0329345
7.14534 0.0323728
7.24114 0.0318247
7.33695 0.03129
7.43275 0.030768
7.52856 0.0302584
7.62436 0.0297608
7.72017 0.0292747
7.81597 0.0287999
7.91178 0.0283358
8.00759 0.0278823
8.10339 0.027439
8.1992 0.0270055
8.295 0.0265815
8.39081 0.0261668
8.48661 0.0257611
8.58242 0.0253641
8.67822 0.0249755
8.77403 0.0245951
8.86983 0.0242227
8.96564 0.0238581
9.06144 0.0235009
9.15725 0.0231511
9.25305 0.0228083
9.34886 0.0224724
9.44466 0.0221433
9.54047 0.0218207
9.63628 0.0215044
9.73208 0.0211943
9.82789 0.0208902
9.92369 0.020592
10.0195 0.0202995
10.1153 0.0200125
10.2111 0.019731
10.3069 0.0194547
10.4027 0.0191836
10.4985 0.0189175
10.5943 0.0186562
10.6901 0.0183998
10.7859 0.018148
10.8817 0.0179007
10.9775 0.0176578
11.0734 0.0174193
11.1692 0.017185
11.265 0.0169548
11.3608 0.0167287
11.4566 0.0165064
11.5524 0.016288
11.6482 0.0160734
11.744 0.0158624
11.8398 0.015655
11.9356 0.0154511
12.0314 0.0152506
12.1272 0.0150535
12.223 0.0148596
12.3188 0.014669
12.4146 0.0144815
12.5104 0.014297
12.6062 0.0141155
12.702 0.013937
12.7978 0.0137614
12.8937 0.0135885
12.9895 0.0134184
13.0853 0.0132511
13.1811 0.0130863
13.2769 0.0129242
13.3727 0.0127645
13.4685 0.0126074
13.5643 0.0124527
13.6601 0.0123003
13.7559 0.0121504
13.8517 0.0120026
13.9475 0.0118572
14.0433 0.0117139
14.1391 0.0115728
14.2349 0.0114339
14.3307 0.0112969
14.4265 0.0111621
14.5223 0.0110292
14.6182 0.0108983
14.714 0.0107693
14.8098 0.0106422
14.9056 0.0105169
15.0014 0.0103935
15.0972 0.0102718
15.193 0.0101519
15.2888 0.0100337
15.3846 0.0099172
15.4804 0.00980235
15.5762 0.00968912
15.672 0.0095775
15.7678 0.00946744
15.8636 0.00935892
15.9594 0.00925192
16.0552 0.00914641
16.151 0.00904235
16.2468 0.00893973
16.3426 0.00883852
16.4385 0.0087387
16.5343 0.00864025
16.6301 0.00854313
16.7259 0.00844732
16.8217 0.00835282
16.9175 0.00825958
17.0133 0.00816759
17.1091 0.00807684
17.2049 0.0079873
17.3007 0.00789894
17.3965 0.00781176
17.4923 0.00772572
17.5881 0.00764082
17.6839 0.00755703
17.7797 0.00747434
17.8755 0.00739273
17.9713 0.00731217
18.0671 0.00723266
18.1629 0.00715418
18.2588 0.0070767
18.3546 0.00700022
18.4504 0.00692472
18.5462 0.00685019
18.642 0.0067766
18.7378 0.00670394
18.8336 0.00663221
18.9294 0.00656138
19.0252 0.00649144
19.121 0.00642238
19.2168 0.00635418
19.3126 0.00628683
19.4084 0.00622032
19.5042 0.00615463
19.6 0.00608976
19.6958 0.00602569
19.7916 0.00596241
19.8874 0.0058999
19.9832 0.00583816
20.0791 0.00577717
20.1749 0.00571692
20.2707 0.00565741
20.3665 0.00559862
20.4623 0.00554054
20.5581 0.00548316
20.6539 0.00542646
20.7497 0.00537045
20.8455 0.00531511
20.9413 0.00526043
21.0371 0.0052064
21.1329 0.00515301
21.2287 0.00510026
21.3245 0.00504813
21.4203 0.00499661
21.5161 0.0049457
21.6119 0.00489539
21.7077 0.00484567
21.8035 0.00479652
21.8994 0.00474796
21.9952 0.00469995
22.091 0.00465251
22.1868 0.00460561
22.2826 0.00455925
22.3784 0.00451343
22.4742 0.00446814
22.57 0.00442337
22.6658 0.00437911
22.7616 0.00433536
22.8574 0.0042921
22.9532 0.00424934
23.049 0.00420706
23.1448 0.00416527
23.2406 0.00412394
23.3364 0.00408309
23.4322 0.00404269
23.528 0.00400275
23.6238 0.00396325
23.7197 0.0039242
23.8155 0.00388559
23.9113 0.0038474
24.0071 0.00380964
24.1029 0.00377231
24.1987 0.00373538
24.2945 0.00369887
24.3903 0.00366275
24.4861 0.00362704
24.5819 0.00359172
24.6777 0.00355679
24.7735 0.00352224
24.8693 0.00348807
24.9651 0.00345427
25.0609 0.00342084
25.1567 0.00338778
25.2525 0.00335507
25.3483 0.00332272
25.4441 0.00329072
25.54 0.00325907
25.6358 0.00322776
25.7316 0.00319678
25.8274 0.00316614
25.9232 0.00313583
26.019 0.00310584
26.1148 0.00307618
26.2106 0.00304683
26.3064 0.00301779
26.4022 0.00298907
26.498 0.00296064
26.5938 0.00293252
26.6896 0.0029047
26.7854 0.00287718
26.8812 0.00284994
26.977 0.00282299
27.0728 0.00279633
27.1686 0.00276994
27.2644 0.00274383
27.3603 0.002718
27.4561 0.00269244
27.5519 0.00266714
27.6477 0.00264211
27.7435 0.00261734
27.8393 0.00259282
27.9351 0.00256856
28.0309 0.00254456
28.1267 0.0025208
28.2225 0.00249728
28.3183 0.00247401
28.4141 0.00245098
28.5099 0.00242819
28.6057 0.00240563
28.7015 0.0023833
28.7973 0.0023612
28.8931 0.00233933
28.9889 0.00231768
29.0847 0.00229625
29.1806 0.00227504
29.2764 0.00225405
29.3722 0.00223327
29.468 0.0022127
29.5638 0.00219234
29.6596 0.00217219
29.7554 0.00215224
29.8512 0.00213249
29.947 0.00211294
30.0428 0.00209358
30.1386 0.00207443
30.2344 0.00205546
30.3302 0.00203668
30.426 0.0020181
30.5218 0.0019997
30.6176 0.00198148
30.7134 0.00196344
30.8092 0.00194559
30.905 0.00192791
31.0009 0.00191041
31.0967 0.00189308
31.1925 0.00187592
31.2883 0.00185893
31.3841 0.00184211
31.4799 0.00182546
31.5757 0.00180897
31.6715 0.00179265
31.7673 0.00177648
31.8631 0.00176048
31.9589 0.00174463
32.0547 0.00172894
32.1505 0.0017134
32.2463 0.00169801
32.3421 0.00168277
32.4379 0.00166769
32.5337 0.00165275
32.6295 0.00163795
32.7254 0.0016233
32.8212 0.00160879
32.917 0.00159442
33.0128 0.0015802
33.1086 0.00156611
33.2044 0.00155215
33.3002 0.00153833
33.396 0.00152465
33.4918 0.00151109
33.5876 0.00149767
33.6834 0.00148438
33.7792 0.00147121
33.875 0.00145817
33.9708 0.00144526
34.0666 0.00143247
34.1624 0.0014198
34.2582 0.00140725
34.354 0.00139483
34.4498 0.00138252
34.5457 0.00137033
34.6415 0.00135825
34.7373 0.00134629
34.8331 0.00133445
34.9289 0.00132271
35.0247 0.00131109
35.1205 0.00129958
35.2163 0.00128818
35.3121 0.00127688
35.4079 0.00126569
35.5037 0.00125461
35.5995 0.00124363
35.6953 0.00123276
35.7911 0.00122199
35.8869 0.00121132
35.9827 0.00120075
36.0785 0.00119027
36.1743 0.0011799
36.2701 0.00116963
36.366 0.00115945
36.4618 0.00114936
36.5576 0.00113937
36.6534 0.00112947
36.7492 0.00111967
36.845 0.00110996
36.9408 0.00110033
37.0366 0.0010908
37.1324 0.00108136
37.2282 0.001072
37.324 0.00106273
37.4198 0.00105354
37.5156 0.00104444
37.6114 0.00103543
37.7072 0.0010265
37.803 0.00101765
37.8988 0.00100888
37.9946 0.00100019
38.0904 0.000991588
38.1863 0.00098306
38.2821 0.000974611
38.3779 0.00096624
38.4737 0.000957946
38.5695 0.000949727
38.6653 0.000941584
38.7611 0.000933516
38.8569 0.000925521
38.9527 0.000917599
39.0485 0.00090975
39.1443 0.000901973
39.2401 0.000894266
39.3359 0.00088663
39.4317 0.000879063
39.5275 0.000871565
39.6233 0.000864135
39.7191 0.000856773
39.8149 0.000849478
39.9107 0.000842248
40.0066 0.000835085
40.1024 0.000827986
40.1982 0.000820951
40.294 0.00081398
40.3898 0.000807072
40.4856 0.000800226
40.5814 0.000793443
40.6772 0.00078672
40.773 0.000780058
40.8688 0.000773456
40.9646 0.000766913
41.0604 0.000760429
41.1562 0.000754003
41.252 0.000747635
41.3478 0.000741324
41.4436 0.000735069
41.5394 0.000728871
41.6352 0.000722728
41.731 0.00071664
41.8269 0.000710606
41.9227 0.000704627
42.0185 0.0006987
42.1143 0.000692827
42.2101 0.000687006
42.3059 0.000681236
42.4017 0.000675518
42.4975 0.000669851
42.5933 0.000664234
42.6891 0.000658667
42.7849 0.00065315
42.8807 0.000647681
42.9765 0.000642261
43.0723 0.000636888
43.1681 0.000631564
43.2639 0.000626286
43.3597 0.000621055
43.4555 0.000615871
43.5513 0.000610732
43.6472 0.000605638
43.743 0.000600589
43.8388 0.000595585
43.9346 0.000590625
44.0304 0.000585708
44.1262 0.000580835
44.222 0.000576004
44.3178 0.000571216
44.4136 0.00056647
44.5094 0.000561765
44.6052 0.000557102
44.701 0.000552479
44.7968 0.000547897
44.8926 0.000543355
44.9884 0.000538853
45.0842 0.00053439
45.18 0.000529966
45.2758 0.000525581
45.3716 0.000521233
45.4675 0.000516924
45.5633 0.000512652
45.6591 0.000508418
45.7549 0.00050422
45.8507 0.000500059
45.9465 0.000495934
46.0423 0.000491844
46.1381 0.000487791
46.2339 0.000483772
46.3297 0.000479788
46.4255 0.000475839
46.5213 0.000471923
46.6171 0.000468042
46.7129 0.000464194
46.8087 0.00046038
46.9045 0.000456598
47.0003 0.00045285
47.0961 0.000449133
47.1919 0.000445448
47.2878 0.000441796
47.3836 0.000438174
47.4794 0.000434584
47.5752 0.000431025
47.671 0.000427496
47.7668 0.000423998
47.8626 0.00042053
47.9584 0.000417091
48.0542 0.000413682
48.15 0.000410302
48.2458 0.000406951
48.3416 0.000403629
48.4374 0.000400335
48.5332 0.00039707
48.629 0.000393832
48.7248 0.000390622
48.8206 0.000387439
48.9164 0.000384284
49.0122 0.000381156
49.1081 0.000378054
49.2039 0.000374978
49.2997 0.000371929
49.3955 0.000368906
49.4913 0.000365908
49.5871 0.000362936
49.6829 0.00035999
49.7787 0.000357068
49.8745 0.000354171
49.9703 0.000351299
50.0661 0.000348451
50.1619 0.000345627
50.2577 0.000342827
50.3535 0.000340051
50.4493 0.000337298
50.5451 0.000334569
50.6409 0.000331862
50.7367 0.000329179
50.8326 0.000326518
50.9284 0.00032388
51.0242 0.000321264
51.12 0.00031867
51.2158 0.000316098
51.3116 0.000313548
51.4074 0.000311019
51.5032 0.000308511
51.599 0.000306025
51.6948 0.000303559
51.7906 0.000301114
51.8864 0.00029869
51.9822 0.000296286
52.078 0.000293902
52.1738 0.000291538
52.2696 0.000289194
52.3654 0.00028687
52.4612 0.000284565
52.557 0.00028228
52.6529 0.000280013
52.7487 0.000277766
52.8445 0.000275537
52.9403 0.000273327
53.0361 0.000271136
53.1319 0.000268962
53.2277 0.000266807
53.3235 0.00026467
53.4193 0.000262551
53.5151 0.000260449
53.6109 0.000258365
53.7067 0.000256299
53.8025 0.000254249
53.8983 0.000252217
53.9941 0.000250201
54.0899 0.000248202
54.1857 0.00024622
54.2815 0.000244254
54.3773 0.000242305
54.4732 0.000240372
54.569 0.000238455
54.6648 0.000236554
54.7606 0.000234668
54.8564 0.000232798
54.9522 0.000230944
55.048 0.000229105
55.1438 0.000227281
55.2396 0.000225472
55.3354 0.000223679
55.4312 0.0002219
55.527 0.000220135
55.6228 0.000218386
55.7186 0.00021665
55.8144 0.00021493
55.9102 0.000213223
56.006 0.00021153
56.1018 0.000209852
56.1976 0.000208187
56.2935 0.000206536
56.3893 0.000204898
56.4851 0.000203274
56.5809 0.000201663
56.6767 0.000200066
56.7725 0.000198481
56.8683 0.00019691
56.9641 0.000195352
57.0599 0.000193806
57.1557 0.000192273
57.2515 0.000190753
57.3473 0.000189245
57.4431 0.000187749
57.5389 0.000186266
57.6347 0.000184795
57.7305 0.000183336
57.8263 0.000181889
57.9221 0.000180453
58.0179 0.00017903
58.1138 0.000177618
58.2096 0.000176217
58.3054 0.000174828
58.4012 0.000173451
58.497 0.000172084
58.5928 0.000170729
58.6886 0.000169385
58.7844 0.000168052
58.8802 0.000166729
58.976 0.000165418
59.0718 0.000164117
59.1676 0.000162826
59.2634 0.000161547
59.3592 0.000160277
59.455 0.000159018
59.5508 0.000157769
59.6466 0.000156531
59.7424 0.000155302
59.8382 0.000154083
59.9341 0.000152874
60.0299 0.000151675
60.1257 0.000150486
60.2215 0.000149307
60.3173 0.000148137
60.4131 0.000146976
60.5089 0.000145825
60.6047 0.000144683
60.7005 0.00014355
60.7963 0.000142427
60.8921 0.000141313
60.9879 0.000140207
61.0837 0.000139111
61.1795 0.000138023
61.2753 0.000136944
61.3711 0.000135874
61.4669 0.000134813
61.5627 0.00013376
61.6585 0.000132716
61.7544 0.00013168
61.8502 0.000130652
61.946 0.000129633
62.0418 0.000128622
62.1376 0.000127619
62.2334 0.000126624
62.3292 0.000125637
62.425 0.000124658
62.5208 0.000123687
62.6166 0.000122724
62.7124 0.000121768
62.8082 0.00012082
62.904 0.00011988
62.9998 0.000118947
63.0956 0.000118022
63.1914 0.000117104
63.2872 0.000116194
63.383 0.000115291
63.4788 0.000114395
63.5747 0.000113506
63.6705 0.000112625
63.7663 0.00011175
63.8621 0.000110883
63.9579 0.000110022
64.0537 0.000109168
64.1495 0.000108321
64.2453 0.000107481
64.3411 0.000106648
64.4369 0.000105821
64.5327 0.000105001
64.6285 0.000104188
64.7243 0.00010338
64.8201 0.00010258
64.9159 0.000101786
65.0117 0.000100998
65.1075 0.000100216
65.2033 9.94406e-05
65.2991 9.86713e-05
65.395 9.79082e-05
65.4908 9.71512e-05
65.5866 9.64002e-05
65.6824 9.56552e-05
65.7782 9.49161e-05
65.874 9.41829e-05
65.9698 9.34555e-05
66.0656 9.27339e-05
66.1614 9.2018e-05
66.2572 9.13078e-05
66.353 9.06033e-05
66.4488 8.99043e-05
66.5446 8.92109e-05
66.6404 8.8523e-05
66.7362 8.78406e-05
66.832 8.71635e-05
66.9278 8.64919e-05
67.0236 8.58255e-05
67.1194 8.51644e-05
67.2153 8.45086e-05
67.3111 8.3858e-05
67.4069 8.32125e-05
67.5027 8.25721e-05
67.5985 8.19368e-05
67.6943 8.13065e-05
67.7901 8.06812e-05
67.8859 8.00609e-05
67.9817 7.94454e-05
68.0775 7.88348e-05
68.1733 7.82291e-05
68.2691 7.76281e-05
68.3649 7.70318e-05
68.4607 7.64403e-05
68.5565 7.58534e-05
68.6523 7.52712e-05
68.7481 7.46936e-05
68.8439 7.41205e-05
68.9398 7.35519e-05
69.0356 7.29878e-05
69.1314 7.24281e-05
69.2272 7.18729e-05
69.323 7.1322e-05
69.4188 7.07755e-05
69.5146 7.02332e-05
69.6104 6.96953e-05
69.7062 6.91615e-05
69.802 6.8632e-05
69.8978 6.81066e-05
69.9936 6.75853e-05
70.0894 6.70682e-05
70.1852 6.65551e-05
70.281 6.6046e-05
70.3768 6.55409e-05
70.4726 6.50398e-05
70.5684 6.45426e-05
70.6642 6.40494e-05
70.7601 6.35599e-05
70.8559 6.30744e-05
70.9517 6.25926e-05
71.0475 6.21146e-05
71.1433 6.16404e-05
71.2391 6.11698e-05
71.3349 6.0703e-05
71.4307 6.02398e-05
71.5265 5.97802e-05
71.6223 5.93242e-05
71.7181 5.88718e-05
71.8139 5.84229e-05
71.9097 5.79776e-05
72.0055 5.75357e-05
72.1013 5.70973e-05
72.1971 5.66623e-05
72.2929 5.62307e-05
72.3887 5.58024e-05
72.4845 5.53775e-05
72.5804 5.49559e-05
72.6762 5.45377e-05
72.772 5.41226e-05
72.8678 5.37108e-05
72.9636 5.33023e-05
73.0594 5.28969e-05
73.1552 5.24946e-05
73.251 5.20955e-05
73.3468 5.16995e-05
73.4426 5.13066e-05
73.5384 5.09168e-05
73.6342 5.053e-05
73.73 5.01462e-05
73.8258 4.97653e-05
73.9216 4.93875e-05
74.0174 4.90125e-05
74.1132 4.86405e-05
74.209 4.82714e-05
74.3048 4.79052e-05
74.4007 4.75418e-05
74.4965 4.71812e-05
74.5923 4.68234e-05
74.6881 4.64684e-05
74.7839 4.61162e-05
74.8797 4.57667e-05
74.9755 4.54199e-05
75.0713 4.50757e-05
75.1671 4.47343e-05
75.2629 4.43955e-05
75.3587 4.40593e-05
75.4545 4.37258e-05
75.5503 4.33948e-05
75.6461 4.30664e-05
75.7419 4.27405e-05
75.8377 4.24171e-05
75.9335 4.20963e-05
76.0293 4.17779e-05
76.1251 4.1462e-05
76.221 4.11486e-05
76.3168 4.08375e-05
76.4126 4.05289e-05
76.5084 4.02226e-05
76.6042 3.99188e-05
76.7 3.96172e-05
76.7958 3.9318e-05
76.8916 3.90211e-05
76.9874 3.87265e-05
77.0832 3.84342e-05
77.179 3.81442e-05
77.2748 3.78563e-05
77.3706 3.75707e-05
77.4664 3.72873e-05
77.5622 3.70061e-05
77.658 3.6727e-05
77.7538 3.64501e-05
77.8496 3.61754e-05
77.9454 3.59027e-05
78.0413 3.56322e-05
78.1371 3.53637e-05
78.2329 3.50973e-05
78.3287 3.48329e-05
78.4245 3.45706e-05
78.5203 3.43103e-05
78.6161 3.4052e-05
78.7119 3.37957e-05
78.8077 3.35414e-05
78.9035 3.3289e-05
78.9993 3.30386e-05
79.0951 3.27901e-05
79.1909 3.25434e-05
79.2867 3.22987e-05
79.3825 3.20559e-05
79.4783 3.18149e-05
79.5741 3.15758e-05
79.6699 3.13385e-05
79.7657 3.11031e-05
79.8616 3.08694e-05
79.9574 3.06375e-05
80.0532 3.04075e-05
80.149 3.01791e-05
80.2448 2.99526e-05
80.3406 2.97277e-05
80.4364 2.95046e-05
80.5322 2.92832e-05
80.628 2.90635e-05
80.7238 2.88455e-05
80.8196 2.86291e-05
80.9154 2.84144e-05
81.0112 2.82014e-05
81.107 2.799e-05
81.2028 2.77802e-05
81.2986 2.7572e-05
81.3944 2.73654e-05
81.4902 2.71603e-05
81.586 2.69569e-05
81.6819 2.6755e-05
81.7777 2.65546e-05
81.8735 2.63558e-05
81.9693 2.61585e-05
82.0651 2.59626e-05
82.1609 2.57683e-05
82.2567 2.55755e-05
82.3525 2.53842e-05
82.4483 2.51943e-05
82.5441 2.50058e-05
82.6399 2.48188e-05
82.7357 2.46332e-05
82.8315 2.44491e-05
82.9273 2.42663e-05
83.0231 2.40849e-05
83.1189 2.39049e-05
83.2147 2.37263e-05
83.3105 2.35491e-05
83.4063 2.33732e-05
83.5022 2.31986e-05
83.598 2.30254e-05
83.6938 2.28534e-05
83.7896 2.26828e-05
83.8854 2.25135e-05
83.9812 2.23455e-05
84.077 2.21788e-05
84.1728 2.20133e-05
84.2686 2.18491e-05
84.3644 2.16861e-05
84.4602 2.15244e-05
84.556 2.13639e-05
84.6518 2.12046e-05
84.7476 2.10465e-05
84.8434 2.08897e-05
84.9392 2.0734e-05
85.035 2.05795e-05
85.1308 2.04262e-05
85.2266 2.0274e-05
85.3225 2.0123e-05
85.4183 1.99731e-05
85.5141 1.98244e-05
85.6099 1.96768e-05
85.7057 1.95304e-05
85.8015 1.9385e-05
85.8973 1.92407e-05
85.9931 1.90976e-05
86.0889 1.89555e-05
86.1847 1.88145e-05
86.2805 1.86746e-05
86.3763 1.85357e-05
86.4721 1.83979e-05
86.5679 1.82611e-05
86.6637 1.81253e-05
86.7595 1.79906e-05
86.8553 1.78569e-05
86.9511 1.77242e-05
87.0469 1.75925e-05
87.1428 1.74619e-05
87.2386 1.73322e-05
87.3344 1.72034e-05
87.4302 1.70757e-05
87.526 1.69489e-05
87.6218 1.68231e-05
87.7176 1.66982e-05
87.8134 1.65743e-05
87.9092 1.64513e-05
88.005 1.63293e-05
88.1008 1.62081e-05
88.1966 1.60879e-05
88.2924 1.59686e-05
88.3882 1.58502e-05
88.484 1.57326e-05
88.5798 1.5616e-05
88.6756 1.55002e-05
88.7714 1.53854e-05
88.8673 1.52713e-05
88.9631 1.51582e-05
89.0589 1.50459e-05
89.1547 1.49344e-05
89.2505 1.48238e-05
89.3463 1.4714e-05
89.4421 1.46051e-05
89.5379 1.44969e-05
89.6337 1.43896e-05
89.7295 1.42831e-05
89.8253 1.41774e-05
89.9211 1.40725e-05
90.0169 1.39684e-05
90.1127 1.3865e-05
90.2085 1.37625e-05
90.3043 1.36607e-05
90.4001 1.35596e-05
90.4959 1.34594e-05
90.5917 1.33599e-05
90.6876 1.32611e-05
90.7834 1.31631e-05
90.8792 1.30658e-05
90.975 1.29692e-05
91.0708 1.28734e-05
91.1666 1.27783e-05
91.2624 1.26839e-05
91.3582 1.25902e-05
91.454 1.24973e-05
91.5498 1.2405e-05
91.6456 1.23134e-05
91.7414 1.22225e-05
91.8372 1.21323e-05
