-8.65212 0.000130522
-8.63375 0.000133052
-8.61539 0.000135631
-8.59703 0.000138259
-8.57867 0.000140938
-8.56031 0.000143668
-8.54195 0.000146451
-8.52359 0.000149287
-8.50522 0.000152178
-8.48686 0.000155125
-8.4685 0.000158128
-8.45014 0.000161189
-8.43178 0.000164308
-8.41342 0.000167488
-8.39506 0.000170729
-8.3767 0.000174032
-8.35833 0.000177398
-8.33997 0.00018083
-8.32161 0.000184327
-8.30325 0.000187891
-8.28489 0.000191523
-8.26653 0.000195226
-8.24817 0.000198999
-8.2298 0.000202845
-8.21144 0.000206764
-8.19308 0.000210759
-8.17472 0.00021483
-8.15636 0.000218979
-8.138 0.000223208
-8.11964 0.000227518
-8.10127 0.00023191
-8.08291 0.000236387
-8.06455 0.000240949
-8.04619 0.000245599
-8.02783 0.000250338
-8.00947 0.000255167
-7.99111 0.000260089
-7.97274 0.000265105
-7.95438 0.000270217
-7.93602 0.000275427
-7.91766 0.000280736
-7.8993 0.000286147
-7.88094 0.000291661
-7.86258 0.000297281
-7.84421 0.000303008
-7.82585 0.000308845
-7.80749 0.000314793
-7.78913 0.000320854
-7.77077 0.000327031
-7.75241 0.000333327
-7.73405 0.000339742
-7.71568 0.00034628
-7.69732 0.000352942
-7.67896 0.000359732
-7.6606 0.000366651
-7.64224 0.000373702
-7.62388 0.000380887
-7.60552 0.000388209
-7.58715 0.000395671
-7.56879 0.000403275
-7.55043 0.000411024
-7.53207 0.00041892
-7.51371 0.000426966
-7.49535 0.000435166
-7.47699 0.000443521
-7.45863 0.000452036
-7.44026 0.000460712
-7.4219 0.000469554
-7.40354 0.000478563
-7.38518 0.000487744
-7.36682 0.000497099
-7.34846 0.000506632
-7.3301 0.000516346
-7.31173 0.000526244
-7.29337 0.000536331
-7.27501 0.000546608
-7.25665 0.000557081
-7.23829 0.000567752
-7.21993 0.000578626
-7.20157 0.000589705
-7.1832 0.000600995
-7.16484 0.000612499
-7.14648 0.00062422
-7.12812 0.000636164
-7.10976 0.000648333
-7.0914 0.000660733
-7.07304 0.000673368
-7.05467 0.000686242
-7.03631 0.000699359
-7.01795 0.000712724
-6.99959 0.000726342
-6.98123 0.000740217
-6.96287 0.000754355
-6.94451 0.000768759
-6.92614 0.000783436
-6.90778 0.000798389
-6.88942 0.000813625
-6.87106 0.000829148
-6.8527 0.000844964
-6.83434 0.000861078
-6.81598 0.000877496
-6.79761 0.000894223
-6.77925 0.000911265
-6.76089 0.000928629
-6.74253 0.000946319
-6.72417 0.000964343
-6.70581 0.000982705
-6.68745 0.00100141
-6.66909 0.00102047
-6.65072 0.00103989
-6.63236 0.00105967
-6.614 0.00107983
-6.59564 0.00110036
-6.57728 0.00112128
-6.55892 0.00114259
-6.54056 0.0011643
-6.52219 0.00118642
-6.50383 0.00120896
-6.48547 0.00123191
-6.46711 0.0012553
-6.44875 0.00127912
-6.43039 0.00130339
-6.41203 0.00132812
-6.39366 0.0013533
-6.3753 0.00137896
-6.35694 0.0014051
-6.33858 0.00143173
-6.32022 0.00145885
-6.30186 0.00148648
-6.2835 0.00151463
-6.26513 0.00154331
-6.24677 0.00157251
-6.22841 0.00160227
-6.21005 0.00163257
-6.19169 0.00166345
-6.17333 0.0016949
-6.15497 0.00172693
-6.1366 0.00175956
-6.11824 0.0017928
-6.09988 0.00182665
-6.08152 0.00186114
-6.06316 0.00189627
-6.0448 0.00193205
-6.02644 0.00196849
-6.00807 0.00200561
-5.98971 0.00204342
-5.97135 0.00208194
-5.95299 0.00212116
-5.93463 0.00216112
-5.91627 0.00220181
-5.89791 0.00224326
-5.87954 0.00228547
-5.86118 0.00232847
-5.84282 0.00237226
-5.82446 0.00241687
-5.8061 0.00246229
-5.78774 0.00250856
-5.76938 0.00255568
-5.75102 0.00260367
-5.73265 0.00265254
-5.71429 0.00270232
-5.69593 0.00275301
-5.67757 0.00280464
-5.65921 0.00285722
-5.64085 0.00291077
-5.62249 0.0029653
-5.60412 0.00302084
-5.58576 0.00307739
-5.5674 0.00313499
-5.54904 0.00319364
-5.53068 0.00325337
-5.51232 0.0033142
-5.49396 0.00337614
-5.47559 0.00343921
-5.45723 0.00350344
-5.43887 0.00356885
-5.42051 0.00363545
-5.40215 0.00370328
-5.38379 0.00377234
-5.36543 0.00384266
-5.34706 0.00391427
-5.3287 0.00398718
-5.31034 0.00406143
-5.29198 0.00413702
-5.27362 0.004214
-5.25526 0.00429237
-5.2369 0.00437218
-5.21853 0.00445343
-5.20017 0.00453616
-5.18181 0.00462039
-5.16345 0.00470616
-5.14509 0.00479347
-5.12673 0.00488238
-5.10837 0.00497289
-5.09 0.00506504
-5.07164 0.00515886
-5.05328 0.00525438
-5.03492 0.00535162
-5.01656 0.00545062
-4.9982 0.00555141
-4.97984 0.00565401
-4.96148 0.00575846
-4.94311 0.0058648
-4.92475 0.00597305
-4.90639 0.00608325
-4.88803 0.00619543
-4.86967 0.00630963
-4.85131 0.00642587
-4.83295 0.0065442
-4.81458 0.00666465
-4.79622 0.00678726
-4.77786 0.00691207
-4.7595 0.00703911
-4.74114 0.00716842
-4.72278 0.00730003
-4.70442 0.007434
-4.68605 0.00757036
-4.66769 0.00770914
-4.64933 0.0078504
-4.63097 0.00799417
-4.61261 0.0081405
-4.59425 0.00828942
-4.57589 0.00844099
-4.55752 0.00859524
-4.53916 0.00875223
-4.5208 0.008912
-4.50244 0.00907459
-4.48408 0.00924006
-4.46572 0.00940845
-4.44736 0.00957981
-4.42899 0.00975418
-4.41063 0.00993163
-4.39227 0.0101122
-4.37391 0.0102959
-4.35555 0.0104829
-4.33719 0.0106732
-4.31883 0.0108667
-4.30046 0.0110637
-4.2821 0.0112641
-4.26374 0.0114681
-4.24538 0.0116755
-4.22702 0.0118866
-4.20866 0.0121014
-4.1903 0.0123199
-4.17193 0.0125422
-4.15357 0.0127684
-4.13521 0.0129985
-4.11685 0.0132326
-4.09849 0.0134707
-4.08013 0.0137129
-4.06177 0.0139593
-4.04341 0.01421
-4.02504 0.014465
-4.00668 0.0147244
-3.98832 0.0149882
-3.96996 0.0152566
-3.9516 0.0155295
-3.93324 0.0158072
-3.91488 0.0160896
-3.89651 0.0163768
-3.87815 0.0166689
-3.85979 0.0169659
-3.84143 0.0172681
-3.82307 0.0175753
-3.80471 0.0178878
-3.78635 0.0182056
-3.76798 0.0185287
-3.74962 0.0188573
-3.73126 0.0191914
-3.7129 0.0195312
-3.69454 0.0198767
-3.67618 0.0202279
-3.65782 0.0205851
-3.63945 0.0209482
-3.62109 0.0213174
-3.60273 0.0216928
-3.58437 0.0220744
-3.56601 0.0224624
-3.54765 0.0228568
-3.52929 0.0232577
-3.51092 0.0236653
-3.49256 0.0240796
-3.4742 0.0245007
-3.45584 0.0249288
-3.43748 0.0253638
-3.41912 0.0258061
-3.40076 0.0262555
-3.38239 0.0267123
-3.36403 0.0271765
-3.34567 0.0276483
-3.32731 0.0281278
-3.30895 0.028615
-3.29059 0.0291101
-3.27223 0.0296131
-3.25387 0.0301243
-3.2355 0.0306437
-3.21714 0.0311714
-3.19878 0.0317075
-3.18042 0.0322522
-3.16206 0.0328056
-3.1437 0.0333677
-3.12534 0.0339388
-3.10697 0.0345189
-3.08861 0.0351081
-3.07025 0.0357066
-3.05189 0.0363144
-3.03353 0.0369318
-3.01517 0.0375588
-2.99681 0.0381955
-2.97844 0.0388421
-2.96008 0.0394988
-2.94172 0.0401655
-2.92336 0.0408425
-2.905 0.0415299
-2.88664 0.0422277
-2.86828 0.0429363
-2.84991 0.0436555
-2.83155 0.0443857
-2.81319 0.0451269
-2.79483 0.0458792
-2.77647 0.0466428
-2.75811 0.0474178
-2.73975 0.0482043
-2.72138 0.0490025
-2.70302 0.0498125
-2.68466 0.0506344
-2.6663 0.0514683
-2.64794 0.0523145
-2.62958 0.0531729
-2.61122 0.0540438
-2.59285 0.0549272
-2.57449 0.0558233
-2.55613 0.0567322
-2.53777 0.0576541
-2.51941 0.058589
-2.50105 0.0595371
-2.48269 0.0604985
-2.46432 0.0614733
-2.44596 0.0624617
-2.4276 0.0634637
-2.40924 0.0644796
-2.39088 0.0655093
-2.37252 0.066553
-2.35416 0.0676109
-2.3358 0.0686829
-2.31743 0.0697693
-2.29907 0.0708702
-2.28071 0.0719855
-2.26235 0.0731156
-2.24399 0.0742603
-2.22563 0.0754199
-2.20727 0.0765944
-2.1889 0.0777838
-2.17054 0.0789884
-2.15218 0.0802081
-2.13382 0.0814431
-2.11546 0.0826933
-2.0971 0.0839589
-2.07874 0.08524
-2.06037 0.0865365
-2.04201 0.0878485
-2.02365 0.0891761
-2.00529 0.0905193
-1.98693 0.0918782
-1.96857 0.0932527
-1.95021 0.0946429
-1.93184 0.0960488
-1.91348 0.0974704
-1.89512 0.0989077
-1.87676 0.100361
-1.8584 0.101829
-1.84004 0.103314
-1.82168 0.104814
-1.80331 0.106329
-1.78495 0.10786
-1.76659 0.109406
-1.74823 0.110968
-1.72987 0.112545
-1.71151 0.114137
-1.69315 0.115745
-1.67478 0.117367
-1.65642 0.119004
-1.63806 0.120655
-1.6197 0.122322
-1.60134 0.124002
-1.58298 0.125697
-1.56462 0.127405
-1.54626 0.129128
-1.52789 0.130864
-1.50953 0.132613
-1.49117 0.134375
-1.47281 0.13615
-1.45445 0.137937
-1.43609 0.139736
-1.41773 0.141547
-1.39936 0.14337
-1.381 0.145204
-1.36264 0.147048
-1.34428 0.148902
-1.32592 0.150767
-1.30756 0.152641
-1.2892 0.154523
-1.27083 0.156415
-1.25247 0.158314
-1.23411 0.16022
-1.21575 0.162133
-1.19739 0.164053
-1.17903 0.165978
-1.16067 0.167909
-1.1423 0.169843
-1.12394 0.171782
-1.10558 0.173723
-1.08722 0.175667
-1.06886 0.177612
-1.0505 0.179558
-1.03214 0.181504
-1.01377 0.18345
-0.995413 0.185394
-0.977052 0.187335
-0.95869 0.189273
-0.940329 0.191206
-0.921967 0.193134
-0.903606 0.195057
-0.885245 0.196972
-0.866883 0.198878
-0.848522 0.200776
-0.830161 0.202663
-0.811799 0.204539
-0.793438 0.206403
-0.775076 0.208253
-0.756715 0.210089
-0.738354 0.211909
-0.719992 0.213712
-0.701631 0.215497
-0.683269 0.217263
-0.664908 0.219008
-0.646547 0.220732
-0.628185 0.222432
-0.609824 0.224109
-0.591462 0.225761
-0.573101 0.227386
-0.55474 0.228983
-0.536378 0.230551
-0.518017 0.232089
-0.499655 0.233596
-0.481294 0.23507
-0.462933 0.23651
-0.444571 0.237915
-0.42621 0.239284
-0.407848 0.240616
-0.389487 0.241909
-0.371126 0.243162
-0.352764 0.244375
-0.334403 0.245545
-0.316041 0.246673
-0.29768 0.247757
-0.279319 0.248796
-0.260957 0.249789
-0.242596 0.250736
-0.224234 0.251634
-0.205873 0.252485
-0.187512 0.253286
-0.16915 0.254037
-0.150789 0.254737
-0.132427 0.255386
-0.114066 0.255983
-0.0957046 0.256527
-0.0773432 0.257019
-0.0589818 0.257457
-0.0406204 0.257842
-0.022259 0.258172
-0.0038976 0.258448
0.0144638 0.25867
0.0328252 0.258837
0.0511866 0.258949
0.069548 0.259007
0.0879094 0.25901
0.106271 0.258958
0.124632 0.258852
0.142994 0.258691
0.161355 0.258477
0.179716 0.25821
0.198078 0.257889
0.216439 0.257515
0.234801 0.257089
0.253162 0.256612
0.271523 0.256083
0.289885 0.255504
0.308246 0.254875
0.326608 0.254198
0.344969 0.253472
0.36333 0.252698
0.381692 0.251879
0.400053 0.251013
0.418415 0.250103
0.436776 0.249149
0.455137 0.248152
0.473499 0.247114
0.49186 0.246034
0.510222 0.244916
0.528583 0.243758
0.546944 0.242563
0.565306 0.241331
0.583667 0.240065
0.602029 0.238764
0.62039 0.23743
0.638751 0.236064
0.657113 0.234667
0.675474 0.233241
0.693836 0.231786
0.712197 0.230304
0.730558 0.228795
0.74892 0.227262
0.767281 0.225705
0.785643 0.224125
0.804004 0.222523
0.822365 0.2209
0.840727 0.219259
0.859088 0.217598
0.87745 0.215921
0.895811 0.214227
0.914172 0.212517
0.932534 0.210794
0.950895 0.209057
0.969256 0.207308
0.987618 0.205548
1.00598 0.203777
1.02434 0.201997
1.0427 0.200209
1.06106 0.198413
1.07942 0.19661
1.09779 0.194801
1.11615 0.192987
1.13451 0.191169
1.15287 0.189347
1.17123 0.187523
1.18959 0.185697
1.20795 0.183869
1.22632 0.182041
1.24468 0.180213
1.26304 0.178386
1.2814 0.17656
1.29976 0.174736
1.31812 0.172915
1.33648 0.171098
1.35485 0.169283
1.37321 0.167474
1.39157 0.165669
1.40993 0.163869
1.42829 0.162076
1.44665 0.160288
1.46501 0.158508
1.48338 0.156734
1.50174 0.154968
1.5201 0.15321
1.53846 0.151461
1.55682 0.14972
1.57518 0.147988
1.59354 0.146266
1.61191 0.144553
1.63027 0.14285
1.64863 0.141158
1.66699 0.139476
1.68535 0.137805
1.70371 0.136145
1.72207 0.134496
1.74044 0.132858
1.7588 0.131233
1.77716 0.129619
1.79552 0.128017
1.81388 0.126428
1.83224 0.124851
1.8506 0.123286
1.86896 0.121734
1.88733 0.120195
1.90569 0.118669
1.92405 0.117156
1.94241 0.115656
1.96077 0.114169
1.97913 0.112695
1.99749 0.111235
2.01586 0.109788
2.03422 0.108355
2.05258 0.106935
2.07094 0.105528
2.0893 0.104135
2.10766 0.102756
2.12602 0.101391
2.14439 0.100039
2.16275 0.0987002
2.18111 0.0973754
2.19947 0.0960643
2.21783 0.0947668
2.23619 0.0934829
2.25455 0.0922126
2.27292 0.0909559
2.29128 0.0897126
2.30964 0.0884829
2.328 0.0872666
2.34636 0.0860637
2.36472 0.0848742
2.38308 0.083698
2.40145 0.0825351
2.41981 0.0813854
2.43817 0.0802488
2.45653 0.0791253
2.47489 0.0780148
2.49325 0.0769172
2.51161 0.0758325
2.52998 0.0747606
2.54834 0.0737015
2.5667 0.072655
2.58506 0.071621
2.60342 0.0705995
2.62178 0.0695905
2.64014 0.0685937
2.65851 0.0676092
2.67687 0.0666368
2.69523 0.0656764
2.71359 0.064728
2.73195 0.0637915
2.75031 0.0628667
2.76867 0.0619536
2.78703 0.061052
2.8054 0.0601619
2.82376 0.0592833
2.84212 0.0584158
2.86048 0.0575596
2.87884 0.0567144
2.8972 0.0558803
2.91556 0.055057
2.93393 0.0542444
2.95229 0.0534426
2.97065 0.0526513
2.98901 0.0518704
3.00737 0.0511
3.02573 0.0503398
3.04409 0.0495897
3.06246 0.0488497
3.08082 0.0481197
3.09918 0.0473995
3.11754 0.0466891
3.1359 0.0459883
3.15426 0.045297
3.17262 0.0446152
3.19099 0.0439427
3.20935 0.0432795
3.22771 0.0426253
3.24607 0.0419802
3.26443 0.0413441
3.28279 0.0407168
3.30115 0.0400982
3.31952 0.0394882
3.33788 0.0388868
3.35624 0.0382938
3.3746 0.0377091
3.39296 0.0371327
3.41132 0.0365644
3.42968 0.0360041
3.44805 0.0354518
3.46641 0.0349074
3.48477 0.0343707
3.50313 0.0338416
3.52149 0.0333202
3.53985 0.0328062
3.55821 0.0322996
3.57657 0.0318003
3.59494 0.0313082
3.6133 0.0308232
3.63166 0.0303452
3.65002 0.0298742
3.66838 0.02941
3.68674 0.0289526
3.7051 0.0285018
3.72347 0.0280577
3.74183 0.02762
3.76019 0.0271888
3.77855 0.0267639
3.79691 0.0263452
3.81527 0.0259328
3.83363 0.0255264
3.852 0.025126
3.87036 0.0247315
3.88872 0.024343
3.90708 0.0239601
3.92544 0.023583
3.9438 0.0232115
3.96216 0.0228456
3.98053 0.0224851
3.99889 0.02213
4.01725 0.0217803
4.03561 0.0214358
4.05397 0.0210964
4.07233 0.0207622
4.09069 0.020433
4.10906 0.0201088
4.12742 0.0197895
4.14578 0.019475
4.16414 0.0191653
4.1825 0.0188603
4.20086 0.01856
4.21922 0.0182642
4.23759 0.0179729
4.25595 0.017686
4.27431 0.0174035
4.29267 0.0171254
4.31103 0.0168515
4.32939 0.0165818
4.34775 0.0163162
4.36612 0.0160547
4.38448 0.0157973
4.40284 0.0155438
4.4212 0.0152942
4.43956 0.0150484
4.45792 0.0148065
4.47628 0.0145683
4.49464 0.0143337
4.51301 0.0141028
4.53137 0.0138755
4.54973 0.0136517
4.56809 0.0134314
4.58645 0.0132146
4.60481 0.013001
4.62317 0.0127909
4.64154 0.012584
4.6599 0.0123803
4.67826 0.0121798
4.69662 0.0119825
4.71498 0.0117882
4.73334 0.011597
4.7517 0.0114088
4.77007 0.0112235
4.78843 0.0110411
4.80679 0.0108616
4.82515 0.010685
4.84351 0.0105111
4.86187 0.01034
4.88023 0.0101715
4.8986 0.0100057
4.91696 0.00984256
4.93532 0.00968198
4.95368 0.00952393
4.97204 0.00936839
4.9904 0.00921532
5.00876 0.00906467
5.02713 0.00891642
5.04549 0.00877052
5.06385 0.00862694
5.08221 0.00848564
5.10057 0.0083466
5.11893 0.00820977
5.13729 0.00807512
5.15566 0.00794261
5.17402 0.00781223
5.19238 0.00768393
5.21074 0.00755767
5.2291 0.00743344
5.24746 0.0073112
5.26582 0.00719092
5.28418 0.00707256
5.30255 0.0069561
5.32091 0.00684151
5.33927 0.00672877
5.35763 0.00661783
5.37599 0.00650868
5.39435 0.00640128
5.41271 0.00629562
5.43108 0.00619165
5.44944 0.00608936
5.4678 0.00598873
5.48616 0.00588971
5.50452 0.0057923
5.52288 0.00569646
5.54124 0.00560217
5.55961 0.0055094
5.57797 0.00541814
5.59633 0.00532835
5.61469 0.00524002
5.63305 0.00515313
5.65141 0.00506764
5.66977 0.00498354
5.68814 0.0049008
5.7065 0.00481941
5.72486 0.00473934
5.74322 0.00466058
5.76158 0.00458309
5.77994 0.00450687
5.7983 0.00443189
5.81667 0.00435813
5.83503 0.00428558
5.85339 0.00421421
5.87175 0.004144
5.89011 0.00407494
5.90847 0.00400701
5.92683 0.00394019
5.9452 0.00387446
5.96356 0.00380981
5.98192 0.00374622
6.00028 0.00368366
6.01864 0.00362214
6.037 0.00356162
6.05536 0.00350209
6.07373 0.00344354
6.09209 0.00338595
6.11045 0.00332931
6.12881 0.0032736
6.14717 0.0032188
6.16553 0.00316491
6.18389 0.0031119
6.20225 0.00305976
6.22062 0.00300849
6.23898 0.00295805
6.25734 0.00290845
6.2757 0.00285967
6.29406 0.00281169
6.31242 0.0027645
6.33078 0.00271809
6.34915 0.00267245
6.36751 0.00262756
6.38587 0.00258341
6.40423 0.00253999
6.42259 0.00249729
6.44095 0.0024553
6.45931 0.002414
6.47768 0.00237339
6.49604 0.00233345
6.5144 0.00229417
6.53276 0.00225554
6.55112 0.00221755
6.56948 0.00218019
6.58784 0.00214346
6.60621 0.00210733
6.62457 0.0020718
6.64293 0.00203686
6.66129 0.0020025
6.67965 0.00196872
6.69801 0.00193549
6.71637 0.00190282
6.73474 0.00187069
6.7531 0.0018391
6.77146 0.00180803
6.78982 0.00177748
6.80818 0.00174744
6.82654 0.0017179
6.8449 0.00168885
6.86327 0.00166029
6.88163 0.0016322
6.89999 0.00160458
6.91835 0.00157743
6.93671 0.00155072
6.95507 0.00152447
6.97343 0.00149865
6.9918 0.00147326
7.01016 0.0014483
7.02852 0.00142376
7.04688 0.00139962
7.06524 0.00137589
7.0836 0.00135256
7.10196 0.00132962
7.12032 0.00130706
7.13869 0.00128488
7.15705 0.00126307
7.17541 0.00124163
7.19377 0.00122054
7.21213 0.00119981
7.23049 0.00117943
7.24885 0.00115939
7.26722 0.00113969
7.28558 0.00112032
7.30394 0.00110127
7.3223 0.00108254
7.34066 0.00106413
7.35902 0.00104603
7.37738 0.00102823
7.39575 0.00101073
7.41411 0.000993529
7.43247 0.000976614
7.45083 0.000959984
7.46919 0.000943634
7.48755 0.00092756
7.50591 0.000911756
7.52428 0.000896219
7.54264 0.000880943
7.561 0.000865925
7.57936 0.000851161
7.59772 0.000836645
7.61608 0.000822374
7.63444 0.000808344
7.65281 0.000794551
7.67117 0.000780991
7.68953 0.00076766
7.70789 0.000754554
7.72625 0.00074167
7.74461 0.000729003
7.76297 0.000716551
7.78134 0.000704309
7.7997 0.000692274
7.81806 0.000680442
7.83642 0.000668811
7.85478 0.000657377
7.87314 0.000646136
7.8915 0.000635086
7.90986 0.000624222
7.92823 0.000613543
7.94659 0.000603045
7.96495 0.000592724
7.98331 0.000582579
8.00167 0.000572606
8.02003 0.000562801
8.03839 0.000553163
8.05676 0.000543689
8.07512 0.000534375
8.09348 0.00052522
8.11184 0.000516219
8.1302 0.000507372
8.14856 0.000498675
8.16692 0.000490126
8.18529 0.000481721
8.20365 0.00047346
8.22201 0.000465339
8.24037 0.000457356
8.25873 0.000449509
8.27709 0.000441796
8.29545 0.000434213
8.31382 0.00042676
8.33218 0.000419433
8.35054 0.000412232
8.3689 0.000405152
8.38726 0.000398194
8.40562 0.000391353
8.42398 0.00038463
8.44235 0.000378021
8.46071 0.000371524
8.47907 0.000365138
8.49743 0.000358862
8.51579 0.000352692
8.53415 0.000346627
8.55251 0.000340666
8.57088 0.000334806
8.58924 0.000329047
8.6076 0.000323385
8.62596 0.000317821
8.64432 0.000312351
8.66268 0.000306975
8.68104 0.00030169
8.69941 0.000296496
8.71777 0.000291391
8.73613 0.000286373
8.75449 0.00028144
8.77285 0.000276592
8.79121 0.000271827
8.80957 0.000267143
8.82793 0.000262539
8.8463 0.000258014
8.86466 0.000253567
8.88302 0.000249195
8.90138 0.000244899
8.91974 0.000240676
8.9381 0.000236525
8.95646 0.000232445
8.97483 0.000228435
8.99319 0.000224494
9.01155 0.00022062
9.02991 0.000216813
9.04827 0.000213071
9.06663 0.000209393
9.08499 0.000205778
9.10336 0.000202225
9.12172 0.000198733
9.14008 0.000195301
9.15844 0.000191928
9.1768 0.000188612
9.19516 0.000185354
9.21352 0.000182151
9.23189 0.000179004
9.25025 0.00017591
9.26861 0.000172869
9.28697 0.000169881
9.30533 0.000166944
9.32369 0.000164058
9.34205 0.000161221
9.36042 0.000158432
9.37878 0.000155692
9.39714 0.000152999
9.4155 0.000150352
9.43386 0.00014775
9.45222 0.000145194
9.47058 0.000142681
9.48895 0.000140211
9.50731 0.000137784
9.52567 0.000135399
9.54403 0.000133055
9.56239 0.000130751
9.58075 0.000128486
9.59911 0.000126261
9.61747 0.000124074
9.63584 0.000121924
9.6542 0.000119812
9.67256 0.000117736
9.69092 0.000115696
