0.215759 0.000994997
0.355523 0.00170998
0.495287 0.00273818
0.63505 0.0041116
0.774814 0.00583103
0.914578 0.00786722
1.05434 0.0101681
1.19411 0.0126687
1.33387 0.0153003
1.47363 0.0179974
1.6134 0.0207025
1.75316 0.0233675
1.89292 0.0259547
2.03269 0.0284358
2.17245 0.030791
2.31221 0.0330072
2.45198 0.035077
2.59174 0.0369977
2.73151 0.0387694
2.87127 0.040395
3.01103 0.0418792
3.1508 0.0432276
3.29056 0.0444469
3.43032 0.045544
3.57009 0.046526
3.70985 0.0474002
3.84962 0.0481736
3.98938 0.0488531
4.12914 0.0494452
4.26891 0.0499561
4.40867 0.0503919
4.54843 0.050758
4.6882 0.0510597
4.82796 0.051302
4.96772 0.0514894
5.10749 0.0516261
5.24725 0.0517161
5.38702 0.0517631
5.52678 0.0517705
5.66654 0.0517415
5.80631 0.051679
5.94607 0.0515857
6.08583 0.0514642
6.2256 0.0513167
6.36536 0.0511455
6.50513 0.0509525
6.64489 0.0507395
6.78465 0.0505084
6.92442 0.0502606
7.06418 0.0499977
7.20394 0.0497209
7.34371 0.0494316
7.48347 0.0491309
7.62323 0.0488199
7.763 0.0484996
7.90276 0.048171
8.04253 0.0478348
8.18229 0.0474919
8.32205 0.047143
8.46182 0.0467888
8.60158 0.0464299
8.74134 0.046067
8.88111 0.0457005
9.02087 0.045331
9.16064 0.0449589
9.3004 0.0445847
9.44016 0.0442087
9.57993 0.0438315
9.71969 0.0434532
9.85945 0.0430742
9.99922 0.0426949
10.139 0.0423154
10.2787 0.0419361
10.4185 0.0415571
10.5583 0.0411788
10.698 0.0408012
10.8378 0.0404247
10.9776 0.0400493
11.1173 0.0396752
11.2571 0.0393026
11.3969 0.0389315
11.5366 0.0385622
11.6764 0.0381947
11.8161 0.0378292
11.9559 0.0374657
12.0957 0.0371043
12.2354 0.0367451
12.3752 0.0363882
12.515 0.0360337
12.6547 0.0356815
12.7945 0.0353319
12.9343 0.0349847
13.074 0.03464
13.2138 0.034298
13.3535 0.0339586
13.4933 0.0336218
13.6331 0.0332878
13.7728 0.0329564
13.9126 0.0326278
14.0524 0.0323019
14.1921 0.0319788
14.3319 0.0316584
14.4717 0.0313409
14.6114 0.0310261
14.7512 0.0307141
14.8909 0.0304049
15.0307 0.0300985
15.1705 0.0297949
15.3102 0.0294941
15.45 0.0291961
15.5898 0.0289008
15.7295 0.0286084
15.8693 0.0283187
16.0091 0.0280317
16.1488 0.0277475
16.2886 0.027466
16.4283 0.0271873
16.5681 0.0269113
16.7079 0.0266379
16.8476 0.0263673
16.9874 0.0260993
17.1272 0.0258339
17.2669 0.0255712
17.4067 0.0253111
17.5465 0.0250536
17.6862 0.0247987
17.826 0.0245463
17.9657 0.0242965
18.1055 0.0240492
18.2453 0.0238044
18.385 0.0235621
18.5248 0.0233223
18.6646 0.0230849
18.8043 0.0228499
18.9441 0.0226173
19.0839 0.0223871
19.2236 0.0221593
19.3634 0.0219338
19.5031 0.0217106
19.6429 0.0214897
19.7827 0.0212712
19.9224 0.0210548
20.0622 0.0208407
20.202 0.0206289
20.3417 0.0204192
20.4815 0.0202117
20.6213 0.0200063
20.761 0.0198031
20.9008 0.019602
21.0405 0.019403
21.1803 0.0192061
21.3201 0.0190112
21.4598 0.0188183
21.5996 0.0186275
21.7394 0.0184386
21.8791 0.0182518
22.0189 0.0180668
22.1587 0.0178838
22.2984 0.0177028
22.4382 0.0175236
22.578 0.0173462
22.7177 0.0171708
22.8575 0.0169972
22.9972 0.0168254
23.137 0.0166553
23.2768 0.0164871
23.4165 0.0163206
23.5563 0.0161559
23.6961 0.0159929
23.8358 0.0158316
23.9756 0.015672
24.1154 0.015514
24.2551 0.0153577
24.3949 0.0152031
24.5346 0.0150501
24.6744 0.0148986
24.8142 0.0147488
24.9539 0.0146005
25.0937 0.0144537
25.2335 0.0143085
25.3732 0.0141648
25.513 0.0140227
25.6528 0.013882
25.7925 0.0137427
25.9323 0.0136049
26.072 0.0134686
26.2118 0.0133337
26.3516 0.0132002
26.4913 0.013068
26.6311 0.0129373
26.7709 0.0128079
26.9106 0.0126799
27.0504 0.0125532
27.1902 0.0124278
27.3299 0.0123037
27.4697 0.0121809
27.6094 0.0120594
27.7492 0.0119392
27.889 0.0118202
28.0287 0.0117024
28.1685 0.0115859
28.3083 0.0114706
28.448 0.0113564
28.5878 0.0112435
28.7276 0.0111317
28.8673 0.0110211
29.0071 0.0109116
29.1468 0.0108033
29.2866 0.010696
29.4264 0.0105899
29.5661 0.0104849
29.7059 0.010381
29.8457 0.0102781
29.9854 0.0101763
30.1252 0.0100756
30.265 0.00997588
30.4047 0.0098772
30.5445 0.00977954
30.6842 0.00968288
30.824 0.00958722
30.9638 0.00949255
31.1035 0.00939884
31.2433 0.0093061
31.3831 0.00921432
31.5228 0.00912347
31.6626 0.00903356
31.8024 0.00894457
31.9421 0.0088565
32.0819 0.00876932
32.2216 0.00868304
32.3614 0.00859764
32.5012 0.00851312
32.6409 0.00842946
32.7807 0.00834666
32.9205 0.0082647
33.0602 0.00818358
33.2 0.00810329
33.3398 0.00802382
33.4795 0.00794516
33.6193 0.0078673
33.759 0.00779023
33.8988 0.00771395
34.0386 0.00763845
34.1783 0.00756371
34.3181 0.00748974
34.4579 0.00741651
34.5976 0.00734403
34.7374 0.00727229
34.8772 0.00720127
35.0169 0.00713098
35.1567 0.00706139
35.2964 0.00699252
35.4362 0.00692434
35.576 0.00685685
35.7157 0.00679004
35.8555 0.00672391
35.9953 0.00665845
36.135 0.00659365
36.2748 0.00652951
36.4146 0.00646601
36.5543 0.00640315
36.6941 0.00634093
36.8338 0.00627933
36.9736 0.00621836
37.1134 0.006158
37.2531 0.00609824
37.3929 0.00603909
37.5327 0.00598054
37.6724 0.00592257
37.8122 0.00586518
37.952 0.00580837
38.0917 0.00575213
38.2315 0.00569646
38.3712 0.00564134
38.511 0.00558678
38.6508 0.00553276
38.7905 0.00547929
38.9303 0.00542635
39.0701 0.00537394
39.2098 0.00532205
39.3496 0.00527068
39.4894 0.00521983
39.6291 0.00516948
39.7689 0.00511964
39.9086 0.00507029
40.0484 0.00502144
40.1882 0.00497307
40.3279 0.00492518
40.4677 0.00487778
40.6075 0.00483084
40.7472 0.00478437
40.887 0.00473836
41.0268 0.00469282
41.1665 0.00464772
41.3063 0.00460307
41.446 0.00455887
41.5858 0.0045151
41.7256 0.00447177
41.8653 0.00442886
42.0051 0.00438639
42.1449 0.00434433
42.2846 0.00430269
42.4244 0.00426146
42.5642 0.00422065
42.7039 0.00418023
42.8437 0.00414021
42.9834 0.00410059
43.1232 0.00406136
43.263 0.00402252
43.4027 0.00398406
43.5425 0.00394599
43.6823 0.00390828
43.822 0.00387095
43.9618 0.00383399
44.1016 0.00379739
44.2413 0.00376115
44.3811 0.00372527
44.5208 0.00368974
44.6606 0.00365456
44.8004 0.00361972
44.9401 0.00358523
45.0799 0.00355108
45.2197 0.00351726
45.3594 0.00348378
45.4992 0.00345062
45.639 0.00341779
45.7787 0.00338528
45.9185 0.00335309
46.0583 0.00332121
46.198 0.00328964
46.3378 0.00325839
46.4775 0.00322744
46.6173 0.00319679
46.7571 0.00316645
46.8968 0.0031364
47.0366 0.00310664
47.1764 0.00307717
47.3161 0.00304799
47.4559 0.0030191
47.5957 0.00299049
47.7354 0.00296216
47.8752 0.0029341
48.0149 0.00290632
48.1547 0.0028788
48.2945 0.00285156
48.4342 0.00282458
48.574 0.00279786
48.7138 0.0027714
48.8535 0.0027452
48.9933 0.00271926
49.1331 0.00269356
49.2728 0.00266812
49.4126 0.00264292
49.5523 0.00261797
49.6921 0.00259326
49.8319 0.00256879
49.9716 0.00254455
50.1114 0.00252056
50.2512 0.00249679
50.3909 0.00247325
50.5307 0.00244994
50.6705 0.00242686
50.8102 0.002404
50.95 0.00238136
51.0897 0.00235894
51.2295 0.00233674
51.3693 0.00231475
51.509 0.00229298
51.6488 0.00227141
51.7886 0.00225005
51.9283 0.0022289
52.0681 0.00220795
52.2079 0.00218721
52.3476 0.00216666
52.4874 0.00214632
52.6271 0.00212616
52.7669 0.00210621
52.9067 0.00208644
53.0464 0.00206687
53.1862 0.00204748
53.326 0.00202828
53.4657 0.00200926
53.6055 0.00199043
53.7453 0.00197178
53.885 0.0019533
54.0248 0.00193501
54.1645 0.00191689
54.3043 0.00189894
54.4441 0.00188117
54.5838 0.00186356
54.7236 0.00184613
54.8634 0.00182886
55.0031 0.00181176
55.1429 0.00179482
55.2827 0.00177804
55.4224 0.00176142
55.5622 0.00174497
55.7019 0.00172867
55.8417 0.00171252
55.9815 0.00169653
56.1212 0.0016807
56.261 0.00166501
56.4008 0.00164948
56.5405 0.00163409
56.6803 0.00161885
56.8201 0.00160375
56.9598 0.0015888
57.0996 0.001574
57.2393 0.00155933
57.3791 0.0015448
57.5189 0.00153041
57.6586 0.00151616
57.7984 0.00150204
57.9382 0.00148806
58.0779 0.00147421
58.2177 0.0014605
58.3575 0.00144691
58.4972 0.00143345
58.637 0.00142012
58.7767 0.00140692
58.9165 0.00139384
59.0563 0.00138089
59.196 0.00136806
59.3358 0.00135535
59.4756 0.00134277
59.6153 0.0013303
59.7551 0.00131795
59.8949 0.00130572
60.0346 0.0012936
60.1744 0.0012816
60.3141 0.00126971
60.4539 0.00125793
60.5937 0.00124627
60.7334 0.00123472
60.8732 0.00122327
61.013 0.00121194
61.1527 0.00120071
61.2925 0.00118959
61.4323 0.00117857
61.572 0.00116766
61.7118 0.00115685
61.8515 0.00114614
61.9913 0.00113553
62.1311 0.00112502
62.2708 0.00111462
62.4106 0.00110431
62.5504 0.0010941
62.6901 0.00108398
62.8299 0.00107396
62.9697 0.00106404
63.1094 0.0010542
63.2492 0.00104446
63.3889 0.00103482
63.5287 0.00102526
63.6685 0.00101579
63.8082 0.00100642
63.948 0.000997127
64.0878 0.000987926
64.2275 0.00097881
64.3673 0.000969781
64.5071 0.000960836
64.6468 0.000951976
64.7866 0.000943199
64.9263 0.000934504
65.0661 0.000925891
65.2059 0.000917359
65.3456 0.000908907
65.4854 0.000900534
65.6252 0.00089224
65.7649 0.000884024
65.9047 0.000875885
66.0445 0.000867822
66.1842 0.000859835
66.324 0.000851923
66.4637 0.000844085
66.6035 0.00083632
66.7433 0.000828628
66.883 0.000821008
67.0228 0.00081346
67.1626 0.000805982
67.3023 0.000798574
67.4421 0.000791235
67.5819 0.000783966
67.7216 0.000776764
67.8614 0.000769629
68.0012 0.000762561
68.1409 0.00075556
68.2807 0.000748623
68.4204 0.000741752
68.5602 0.000734945
68.7 0.000728201
68.8397 0.00072152
68.9795 0.000714902
69.1193 0.000708345
69.259 0.00070185
69.3988 0.000695415
69.5386 0.00068904
69.6783 0.000682725
69.8181 0.000676469
69.9578 0.000670271
70.0976 0.00066413
70.2374 0.000658047
70.3771 0.000652021
70.5169 0.00064605
70.6567 0.000640136
70.7964 0.000634276
70.9362 0.000628471
71.076 0.00062272
71.2157 0.000617022
71.3555 0.000611378
71.4952 0.000605786
71.635 0.000600246
71.7748 0.000594757
71.9145 0.000589319
72.0543 0.000583932
72.1941 0.000578595
72.3338 0.000573308
72.4736 0.00056807
72.6134 0.00056288
72.7531 0.000557739
72.8929 0.000552645
73.0326 0.000547599
73.1724 0.000542599
73.3122 0.000537646
73.4519 0.000532738
73.5917 0.000527877
73.7315 0.00052306
73.8712 0.000518288
74.011 0.00051356
74.1508 0.000508876
74.2905 0.000504235
74.4303 0.000499638
74.57 0.000495083
74.7098 0.00049057
74.8496 0.000486099
74.9893 0.000481669
75.1291 0.00047728
75.2689 0.000472932
75.4086 0.000468624
75.5484 0.000464356
75.6882 0.000460128
75.8279 0.000455938
75.9677 0.000451787
76.1074 0.000447675
76.2472 0.0004436
76.387 0.000439564
76.5267 0.000435564
76.6665 0.000431602
76.8063 0.000427676
76.946 0.000423786
77.0858 0.000419932
77.2256 0.000416114
77.3653 0.000412331
77.5051 0.000408583
77.6448 0.000404869
77.7846 0.00040119
77.9244 0.000397545
78.0641 0.000393933
78.2039 0.000390355
78.3437 0.000386809
78.4834 0.000383296
78.6232 0.000379816
78.763 0.000376367
78.9027 0.000372951
79.0425 0.000369566
79.1822 0.000366212
79.322 0.000362888
79.4618 0.000359596
79.6015 0.000356334
79.7413 0.000353101
79.8811 0.000349899
80.0208 0.000346726
80.1606 0.000343582
80.3004 0.000340467
80.4401 0.000337381
80.5799 0.000334323
80.7196 0.000331293
80.8594 0.000328291
80.9992 0.000325316
81.1389 0.000322369
81.2787 0.000319449
81.4185 0.000316556
81.5582 0.000313689
81.698 0.000310849
81.8378 0.000308035
81.9775 0.000305246
82.1173 0.000302483
82.257 0.000299746
82.3968 0.000297033
82.5366 0.000294346
82.6763 0.000291683
82.8161 0.000289044
82.9559 0.00028643
83.0956 0.00028384
83.2354 0.000281273
83.3752 0.00027873
83.5149 0.00027621
83.6547 0.000273713
83.7944 0.00027124
83.9342 0.000268788
84.074 0.00026636
84.2137 0.000263953
84.3535 0.000261568
84.4933 0.000259206
84.633 0.000256865
84.7728 0.000254545
84.9126 0.000252247
85.0523 0.000249969
85.1921 0.000247712
85.3318 0.000245476
85.4716 0.000243261
85.6114 0.000241066
85.7511 0.00023889
85.8909 0.000236735
86.0307 0.000234599
86.1704 0.000232483
86.3102 0.000230386
86.45 0.000228309
86.5897 0.00022625
86.7295 0.00022421
86.8692 0.000222189
87.009 0.000220186
87.1488 0.000218201
87.2885 0.000216235
87.4283 0.000214286
87.5681 0.000212356
87.7078 0.000210442
87.8476 0.000208547
87.9874 0.000206668
88.1271 0.000204807
88.2669 0.000202963
88.4066 0.000201135
88.5464 0.000199324
88.6862 0.00019753
88.8259 0.000195752
88.9657 0.00019399
89.1055 0.000192244
89.2452 0.000190514
89.385 0.0001888
89.5248 0.000187102
89.6645 0.000185419
89.8043 0.000183751
89.944 0.000182098
90.0838 0.000180461
90.2236 0.000178838
90.3633 0.00017723
90.5031 0.000175637
90.6429 0.000174058
90.7826 0.000172494
90.9224 0.000170944
91.0622 0.000169407
91.2019 0.000167885
91.3417 0.000166377
91.4815 0.000164882
91.6212 0.000163401
91.761 0.000161934
91.9007 0.00016048
92.0405 0.000159039
92.1803 0.000157611
92.32 0.000156196
92.4598 0.000154793
92.5996 0.000153404
92.7393 0.000152027
92.8791 0.000150663
93.0189 0.000149311
93.1586 0.000147971
93.2984 0.000146644
93.4381 0.000145328
93.5779 0.000144025
93.7177 0.000142733
93.8574 0.000141453
93.9972 0.000140185
94.137 0.000138928
94.2767 0.000137682
94.4165 0.000136448
94.5563 0.000135225
94.696 0.000134013
94.8358 0.000132812
94.9755 0.000131622
95.1153 0.000130443
95.2551 0.000129274
95.3948 0.000128116
95.5346 0.000126968
95.6744 0.000125831
95.8141 0.000124704
95.9539 0.000123587
96.0937 0.000122481
96.2334 0.000121384
96.3732 0.000120298
96.5129 0.000119221
96.6527 0.000118154
96.7925 0.000117096
96.9322 0.000116048
97.072 0.00011501
97.2118 0.000113981
97.3515 0.000112961
97.4913 0.000111951
97.6311 0.000110949
97.7708 0.000109957
97.9106 0.000108974
98.0503 0.000107999
98.1901 0.000107033
98.3299 0.000106076
98.4696 0.000105128
98.6094 0.000104188
98.7492 0.000103257
98.8889 0.000102334
99.0287 0.00010142
99.1685 0.000100513
99.3082 9.96154e-05
99.448 9.87254e-05
99.5877 9.78434e-05
99.7275 9.69694e-05
99.8673 9.61033e-05
100.007 9.5245e-05
100.147 9.43945e-05
100.287 9.35516e-05
100.426 9.27163e-05
100.566 9.18885e-05
100.706 9.10682e-05
100.846 9.02553e-05
100.985 8.94497e-05
101.125 8.86514e-05
101.265 8.78603e-05
101.405 8.70763e-05
101.544 8.62993e-05
101.684 8.55294e-05
101.824 8.47664e-05
101.964 8.40103e-05
102.103 8.3261e-05
102.243 8.25184e-05
102.383 8.17825e-05
102.523 8.10532e-05
102.663 8.03305e-05
102.802 7.96143e-05
102.942 7.89046e-05
103.082 7.82012e-05
103.222 7.75042e-05
103.361 7.68134e-05
103.501 7.61289e-05
103.641 7.54505e-05
103.781 7.47782e-05
103.92 7.41119e-05
104.06 7.34517e-05
104.2 7.27974e-05
104.34 7.21489e-05
104.479 7.15063e-05
104.619 7.08695e-05
104.759 7.02384e-05
104.899 6.96129e-05
105.039 6.89931e-05
105.178 6.83789e-05
105.318 6.77701e-05
105.458 6.71669e-05
105.598 6.6569e-05
105.737 6.59765e-05
105.877 6.53894e-05
106.017 6.48075e-05
106.157 6.42308e-05
106.296 6.36594e-05
106.436 6.3093e-05
106.576 6.25317e-05
106.716 6.19755e-05
106.855 6.14243e-05
106.995 6.0878e-05
107.135 6.03366e-05
107.275 5.98e-05
107.415 5.92683e-05
107.554 5.87413e-05
107.694 5.82191e-05
107.834 5.77016e-05
107.974 5.71887e-05
108.113 5.66804e-05
108.253 5.61766e-05
108.393 5.56774e-05
108.533 5.51826e-05
108.672 5.46923e-05
108.812 5.42064e-05
108.952 5.37248e-05
109.092 5.32475e-05
109.231 5.27745e-05
109.371 5.23058e-05
109.511 5.18412e-05
109.651 5.13808e-05
109.79 5.09246e-05
109.93 5.04724e-05
110.07 5.00243e-05
110.21 4.95801e-05
110.35 4.914e-05
110.489 4.87038e-05
110.629 4.82715e-05
110.769 4.78431e-05
110.909 4.74185e-05
111.048 4.69977e-05
111.188 4.65806e-05
111.328 4.61673e-05
111.468 4.57577e-05
111.607 4.53518e-05
111.747 4.49495e-05
111.887 4.45508e-05
112.027 4.41556e-05
112.166 4.3764e-05
112.306 4.33759e-05
112.446 4.29912e-05
112.586 4.261e-05
112.726 4.22322e-05
112.865 4.18578e-05
113.005 4.14868e-05
113.145 4.1119e-05
113.285 4.07545e-05
113.424 4.03933e-05
113.564 4.00353e-05
113.704 3.96805e-05
113.844 3.93289e-05
113.983 3.89804e-05
114.123 3.86351e-05
114.263 3.82928e-05
114.403 3.79535e-05
114.542 3.76173e-05
114.682 3.72841e-05
114.822 3.69539e-05
114.962 3.66266e-05
115.102 3.63023e-05
115.241 3.59808e-05
115.381 3.56622e-05
115.521 3.53465e-05
115.661 3.50336e-05
115.8 3.47234e-05
115.94 3.4416e-05
116.08 3.41114e-05
116.22 3.38095e-05
116.359 3.35103e-05
116.499 3.32137e-05
116.639 3.29198e-05
116.779 3.26285e-05
116.918 3.23398e-05
117.058 3.20537e-05
117.198 3.17701e-05
117.338 3.14891e-05
117.477 3.12106e-05
117.617 3.09345e-05
117.757 3.06609e-05
117.897 3.03898e-05
118.037 3.0121e-05
118.176 2.98547e-05
118.316 2.95907e-05
118.456 2.93291e-05
118.596 2.90698e-05
118.735 2.88128e-05
118.875 2.85581e-05
119.015 2.83057e-05
119.155 2.80555e-05
119.294 2.78076e-05
119.434 2.75618e-05
119.574 2.73183e-05
119.714 2.70769e-05
119.853 2.68376e-05
119.993 2.66005e-05
120.133 2.63655e-05
120.273 2.61326e-05
120.413 2.59018e-05
120.552 2.5673e-05
120.692 2.54462e-05
120.832 2.52215e-05
120.972 2.49988e-05
121.111 2.4778e-05
121.251 2.45592e-05
121.391 2.43424e-05
121.531 2.41275e-05
121.67 2.39145e-05
121.81 2.37034e-05
121.95 2.34941e-05
122.09 2.32868e-05
122.229 2.30812e-05
122.369 2.28775e-05
122.509 2.26756e-05
122.649 2.24755e-05
122.789 2.22772e-05
122.928 2.20807e-05
123.068 2.18859e-05
123.208 2.16928e-05
123.348 2.15014e-05
123.487 2.13117e-05
123.627 2.11238e-05
123.767 2.09374e-05
123.907 2.07528e-05
124.046 2.05698e-05
124.186 2.03884e-05
124.326 2.02086e-05
124.466 2.00304e-05
124.605 1.98538e-05
124.745 1.96788e-05
124.885 1.95053e-05
125.025 1.93333e-05
125.165 1.91629e-05
125.304 1.8994e-05
125.444 1.88266e-05
125.584 1.86607e-05
125.724 1.84962e-05
125.863 1.83332e-05
126.003 1.81717e-05
126.143 1.80116e-05
126.283 1.78529e-05
126.422 1.76956e-05
126.562 1.75397e-05
126.702 1.73852e-05
126.842 1.72321e-05
126.981 1.70803e-05
127.121 1.69299e-05
127.261 1.67808e-05
127.401 1.6633e-05
127.54 1.64865e-05
127.68 1.63414e-05
127.82 1.61975e-05
127.96 1.60549e-05
128.1 1.59135e-05
128.239 1.57734e-05
128.379 1.56346e-05
128.519 1.5497e-05
128.659 1.53606e-05
128.798 1.52254e-05
128.938 1.50914e-05
129.078 1.49586e-05
129.218 1.48269e-05
129.357 1.46965e-05
129.497 1.45671e-05
129.637 1.4439e-05
129.777 1.43119e-05
129.916 1.4186e-05
130.056 1.40612e-05
130.196 1.39376e-05
130.336 1.3815e-05
130.476 1.36935e-05
130.615 1.3573e-05
130.755 1.34537e-05
130.895 1.33353e-05
131.035 1.32181e-05
131.174 1.31019e-05
131.314 1.29867e-05
131.454 1.28725e-05
131.594 1.27593e-05
131.733 1.26471e-05
131.873 1.2536e-05
132.013 1.24258e-05
132.153 1.23166e-05
132.292 1.22083e-05
132.432 1.2101e-05
132.572 1.19947e-05
132.712 1.18893e-05
132.852 1.17848e-05
132.991 1.16812e-05
133.131 1.15786e-05
133.271 1.14769e-05
133.411 1.1376e-05
133.55 1.12761e-05
133.69 1.11771e-05
133.83 1.10789e-05
133.97 1.09816e-05
134.109 1.08851e-05
134.249 1.07895e-05
134.389 1.06948e-05
134.529 1.06008e-05
134.668 1.05078e-05
134.808 1.04155e-05
134.948 1.0324e-05
135.088 1.02334e-05
135.227 1.01436e-05
135.367 1.00545e-05
135.507 9.96625e-06
135.647 9.87877e-06
135.787 9.79205e-06
135.926 9.70611e-06
136.066 9.62092e-06
136.206 9.53649e-06
136.346 9.4528e-06
136.485 9.36985e-06
136.625 9.28763e-06
136.765 9.20614e-06
136.905 9.12537e-06
137.044 9.04531e-06
137.184 8.96595e-06
137.324 8.8873e-06
137.464 8.80934e-06
137.603 8.73206e-06
137.743 8.65547e-06
137.883 8.57956e-06
138.023 8.50431e-06
138.163 8.42973e-06
138.302 8.35581e-06
138.442 8.28254e-06
138.582 8.20991e-06
138.722 8.13792e-06
138.861 8.06657e-06
139.001 7.99585e-06
139.141 7.92575e-06
139.281 7.85627e-06
139.42 7.78741e-06
139.56 7.71915e-06
139.7 7.65149e-06
139.84 7.58442e-06
