-19.6336 7.65351e-07
-19.6088 7.78481e-07
-19.5839 7.91837e-07
-19.5591 8.05423e-07
-19.5342 8.19242e-07
-19.5093 8.33299e-07
-19.4845 8.47597e-07
-19.4596 8.62141e-07
-19.4348 8.76936e-07
-19.4099 8.91985e-07
-19.3851 9.07292e-07
-19.3602 9.22863e-07
-19.3353 9.38702e-07
-19.3105 9.54813e-07
-19.2856 9.71201e-07
-19.2608 9.87872e-07
-19.2359 1.00483e-06
-19.211 1.02208e-06
-19.1862 1.03962e-06
-19.1613 1.05747e-06
-19.1365 1.07562e-06
-19.1116 1.09409e-06
-19.0868 1.11288e-06
-19.0619 1.13198e-06
-19.037 1.15142e-06
-19.0122 1.17119e-06
-18.9873 1.1913e-06
-18.9625 1.21176e-06
-18.9376 1.23257e-06
-18.9127 1.25374e-06
-18.8879 1.27527e-06
-18.863 1.29717e-06
-18.8382 1.31945e-06
-18.8133 1.34211e-06
-18.7885 1.36517e-06
-18.7636 1.38862e-06
-18.7387 1.41247e-06
-18.7139 1.43673e-06
-18.689 1.46142e-06
-18.6642 1.48652e-06
-18.6393 1.51206e-06
-18.6144 1.53804e-06
-18.5896 1.56447e-06
-18.5647 1.59135e-06
-18.5399 1.6187e-06
-18.515 1.64651e-06
-18.4902 1.67481e-06
-18.4653 1.70359e-06
-18.4404 1.73287e-06
-18.4156 1.76265e-06
-18.3907 1.79295e-06
-18.3659 1.82376e-06
-18.341 1.85511e-06
-18.3161 1.887e-06
-18.2913 1.91944e-06
-18.2664 1.95244e-06
-18.2416 1.986e-06
-18.2167 2.02015e-06
-18.1919 2.05488e-06
-18.167 2.09021e-06
-18.1421 2.12615e-06
-18.1173 2.16271e-06
-18.0924 2.1999e-06
-18.0676 2.23773e-06
-18.0427 2.27621e-06
-18.0178 2.31536e-06
-17.993 2.35518e-06
-17.9681 2.39569e-06
-17.9433 2.43689e-06
-17.9184 2.47881e-06
-17.8936 2.52145e-06
-17.8687 2.56482e-06
-17.8438 2.60895e-06
-17.819 2.65383e-06
-17.7941 2.69949e-06
-17.7693 2.74593e-06
-17.7444 2.79318e-06
-17.7195 2.84124e-06
-17.6947 2.89013e-06
-17.6698 2.93986e-06
-17.645 2.99045e-06
-17.6201 3.04192e-06
-17.5953 3.09427e-06
-17.5704 3.14753e-06
-17.5455 3.2017e-06
-17.5207 3.25681e-06
-17.4958 3.31287e-06
-17.471 3.3699e-06
-17.4461 3.42791e-06
-17.4212 3.48692e-06
-17.3964 3.54695e-06
-17.3715 3.60802e-06
-17.3467 3.67014e-06
-17.3218 3.73334e-06
-17.297 3.79762e-06
-17.2721 3.86302e-06
-17.2472 3.92954e-06
-17.2224 3.99721e-06
-17.1975 4.06605e-06
-17.1727 4.13608e-06
-17.1478 4.20732e-06
-17.1229 4.27979e-06
-17.0981 4.35351e-06
-17.0732 4.4285e-06
-17.0484 4.50479e-06
-17.0235 4.5824e-06
-16.9987 4.66135e-06
-16.9738 4.74166e-06
-16.9489 4.82336e-06
-16.9241 4.90647e-06
-16.8992 4.99101e-06
-16.8744 5.07702e-06
-16.8495 5.16451e-06
-16.8246 5.25352e-06
-16.7998 5.34406e-06
-16.7749 5.43617e-06
-16.7501 5.52986e-06
-16.7252 5.62518e-06
-16.7004 5.72215e-06
-16.6755 5.82079e-06
-16.6506 5.92114e-06
-16.6258 6.02322e-06
-16.6009 6.12707e-06
-16.5761 6.23271e-06
-16.5512 6.34018e-06
-16.5263 6.4495e-06
-16.5015 6.56072e-06
-16.4766 6.67386e-06
-16.4518 6.78896e-06
-16.4269 6.90604e-06
-16.402 7.02515e-06
-16.3772 7.14633e-06
-16.3523 7.2696e-06
-16.3275 7.395e-06
-16.3026 7.52257e-06
-16.2778 7.65234e-06
-16.2529 7.78436e-06
-16.228 7.91867e-06
-16.2032 8.0553e-06
-16.1783 8.19429e-06
-16.1535 8.33569e-06
-16.1286 8.47954e-06
-16.1037 8.62588e-06
-16.0789 8.77474e-06
-16.054 8.92619e-06
-16.0292 9.08026e-06
-16.0043 9.23699e-06
-15.9795 9.39644e-06
-15.9546 9.55864e-06
-15.9297 9.72366e-06
-15.9049 9.89153e-06
-15.88 1.00623e-05
-15.8552 1.0236e-05
-15.8303 1.04128e-05
-15.8054 1.05926e-05
-15.7806 1.07755e-05
-15.7557 1.09616e-05
-15.7309 1.11509e-05
-15.706 1.13435e-05
-15.6812 1.15394e-05
-15.6563 1.17388e-05
-15.6314 1.19415e-05
-15.6066 1.21478e-05
-15.5817 1.23577e-05
-15.5569 1.25712e-05
-15.532 1.27884e-05
-15.5071 1.30093e-05
-15.4823 1.32341e-05
-15.4574 1.34628e-05
-15.4326 1.36955e-05
-15.4077 1.39322e-05
-15.3829 1.4173e-05
-15.358 1.44179e-05
-15.3331 1.46671e-05
-15.3083 1.49207e-05
-15.2834 1.51786e-05
-15.2586 1.5441e-05
-15.2337 1.57079e-05
-15.2088 1.59795e-05
-15.184 1.62558e-05
-15.1591 1.65369e-05
-15.1343 1.68228e-05
-15.1094 1.71138e-05
-15.0846 1.74097e-05
-15.0597 1.77108e-05
-15.0348 1.80171e-05
-15.01 1.83288e-05
-14.9851 1.86458e-05
-14.9603 1.89684e-05
-14.9354 1.92965e-05
-14.9105 1.96304e-05
-14.8857 1.997e-05
-14.8608 2.03155e-05
-14.836 2.06671e-05
-14.8111 2.10247e-05
-14.7863 2.13885e-05
-14.7614 2.17587e-05
-14.7365 2.21353e-05
-14.7117 2.25184e-05
-14.6868 2.29082e-05
-14.662 2.33047e-05
-14.6371 2.37081e-05
-14.6122 2.41186e-05
-14.5874 2.45361e-05
-14.5625 2.4961e-05
-14.5377 2.53932e-05
-14.5128 2.58329e-05
-14.488 2.62802e-05
-14.4631 2.67353e-05
-14.4382 2.71984e-05
-14.4134 2.76694e-05
-14.3885 2.81487e-05
-14.3637 2.86363e-05
-14.3388 2.91324e-05
-14.3139 2.96371e-05
-14.2891 3.01505e-05
-14.2642 3.06729e-05
-14.2394 3.12044e-05
-14.2145 3.17451e-05
-14.1897 3.22952e-05
-14.1648 3.28549e-05
-14.1399 3.34243e-05
-14.1151 3.40036e-05
-14.0902 3.4593e-05
-14.0654 3.51927e-05
-14.0405 3.58027e-05
-14.0156 3.64234e-05
-13.9908 3.70549e-05
-13.9659 3.76974e-05
-13.9411 3.8351e-05
-13.9162 3.90161e-05
-13.8914 3.96927e-05
-13.8665 4.0381e-05
-13.8416 4.10814e-05
-13.8168 4.17939e-05
-13.7919 4.25189e-05
-13.7671 4.32565e-05
-13.7422 4.40069e-05
-13.7173 4.47703e-05
-13.6925 4.55471e-05
-13.6676 4.63374e-05
-13.6428 4.71415e-05
-13.6179 4.79595e-05
-13.5931 4.87918e-05
-13.5682 4.96386e-05
-13.5433 5.05002e-05
-13.5185 5.13768e-05
-13.4936 5.22686e-05
-13.4688 5.3176e-05
-13.4439 5.40992e-05
-13.419 5.50385e-05
-13.3942 5.59941e-05
-13.3693 5.69664e-05
-13.3445 5.79556e-05
-13.3196 5.89621e-05
-13.2948 5.99862e-05
-13.2699 6.10281e-05
-13.245 6.20881e-05
-13.2202 6.31666e-05
-13.1953 6.4264e-05
-13.1705 6.53805e-05
-13.1456 6.65164e-05
-13.1207 6.76722e-05
-13.0959 6.88481e-05
-13.071 7.00445e-05
-13.0462 7.12618e-05
-13.0213 7.25004e-05
-12.9965 7.37605e-05
-12.9716 7.50427e-05
-12.9467 7.63472e-05
-12.9219 7.76745e-05
-12.897 7.90249e-05
-12.8722 8.03989e-05
-12.8473 8.17969e-05
-12.8224 8.32194e-05
-12.7976 8.46666e-05
-12.7727 8.61391e-05
-12.7479 8.76373e-05
-12.723 8.91617e-05
-12.6982 9.07127e-05
-12.6733 9.22908e-05
-12.6484 9.38965e-05
-12.6236 9.55302e-05
-12.5987 9.71924e-05
-12.5739 9.88837e-05
-12.549 0.000100605
-12.5241 0.000102355
-12.4993 0.000104137
-12.4744 0.00010595
-12.4496 0.000107794
-12.4247 0.000109671
-12.3999 0.00011158
-12.375 0.000113523
-12.3501 0.000115499
-12.3253 0.000117511
-12.3004 0.000119557
-12.2756 0.000121639
-12.2507 0.000123758
-12.2258 0.000125914
-12.201 0.000128107
-12.1761 0.000130339
-12.1513 0.00013261
-12.1264 0.00013492
-12.1015 0.000137271
-12.0767 0.000139663
-12.0518 0.000142097
-12.027 0.000144574
-12.0021 0.000147094
-11.9773 0.000149658
-11.9524 0.000152267
-11.9275 0.000154921
-11.9027 0.000157623
-11.8778 0.000160371
-11.853 0.000163168
-11.8281 0.000166013
-11.8032 0.000168908
-11.7784 0.000171854
-11.7535 0.000174852
-11.7287 0.000177902
-11.7038 0.000181006
-11.679 0.000184164
-11.6541 0.000187377
-11.6292 0.000190647
-11.6044 0.000193974
-11.5795 0.000197359
-11.5547 0.000200804
-11.5298 0.000204309
-11.5049 0.000207876
-11.4801 0.000211505
-11.4552 0.000215198
-11.4304 0.000218955
-11.4055 0.000222778
-11.3807 0.000226669
-11.3558 0.000230628
-11.3309 0.000234656
-11.3061 0.000238755
-11.2812 0.000242925
-11.2564 0.000247169
-11.2315 0.000251488
-11.2066 0.000255882
-11.1818 0.000260354
-11.1569 0.000264903
-11.1321 0.000269533
-11.1072 0.000274244
-11.0824 0.000279038
-11.0575 0.000283916
-11.0326 0.00028888
-11.0078 0.000293931
-10.9829 0.00029907
-10.9581 0.0003043
-10.9332 0.000309622
-10.9083 0.000315037
-10.8835 0.000320548
-10.8586 0.000326155
-10.8338 0.000331861
-10.8089 0.000337667
-10.7841 0.000343576
-10.7592 0.000349588
-10.7343 0.000355706
-10.7095 0.000361931
-10.6846 0.000368266
-10.6598 0.000374713
-10.6349 0.000381272
-10.61 0.000387948
-10.5852 0.00039474
-10.5603 0.000401652
-10.5355 0.000408686
-10.5106 0.000415844
-10.4858 0.000423127
-10.4609 0.000430539
-10.436 0.000438082
-10.4112 0.000445757
-10.3863 0.000453567
-10.3615 0.000461515
-10.3366 0.000469602
-10.3117 0.000477832
-10.2869 0.000486208
-10.262 0.00049473
-10.2372 0.000503403
-10.2123 0.000512229
-10.1875 0.00052121
-10.1626 0.00053035
-10.1377 0.00053965
-10.1129 0.000549115
-10.088 0.000558746
-10.0632 0.000568547
-10.0383 0.000578521
-10.0134 0.000588671
-9.98859 0.000599
-9.96373 0.000609511
-9.93887 0.000620207
-9.91401 0.000631093
-9.88915 0.00064217
-9.86429 0.000653443
-9.83944 0.000664914
-9.81458 0.000676588
-9.78972 0.000688469
-9.76486 0.000700558
-9.74 0.000712862
-9.71514 0.000725382
-9.69029 0.000738124
-9.66543 0.000751091
-9.64057 0.000764286
-9.61571 0.000777715
-9.59085 0.000791381
-9.56599 0.000805288
-9.54114 0.000819441
-9.51628 0.000833845
-9.49142 0.000848503
-9.46656 0.000863419
-9.4417 0.0008786
-9.41684 0.000894049
-9.39199 0.000909771
-9.36713 0.000925771
-9.34227 0.000942054
-9.31741 0.000958625
-9.29255 0.000975489
-9.26769 0.000992652
-9.24284 0.00101012
-9.21798 0.00102789
-9.19312 0.00104598
-9.16826 0.00106439
-9.1434 0.00108313
-9.11854 0.0011022
-9.09368 0.0011216
-9.06883 0.00114135
-9.04397 0.00116145
-9.01911 0.0011819
-8.99425 0.00120272
-8.96939 0.0012239
-8.94453 0.00124546
-8.91968 0.0012674
-8.89482 0.00128973
-8.86996 0.00131246
-8.8451 0.00133559
-8.82024 0.00135913
-8.79538 0.00138309
-8.77053 0.00140747
-8.74567 0.00143228
-8.72081 0.00145754
-8.69595 0.00148324
-8.67109 0.00150939
-8.64623 0.00153602
-8.62138 0.00156311
-8.59652 0.00159068
-8.57166 0.00161875
-8.5468 0.00164731
-8.52194 0.00167638
-8.49708 0.00170596
-8.47223 0.00173607
-8.44737 0.00176672
-8.42251 0.0017979
-8.39765 0.00182965
-8.37279 0.00186195
-8.34793 0.00189483
-8.32308 0.0019283
-8.29822 0.00196235
-8.27336 0.00199702
-8.2485 0.0020323
-8.22364 0.0020682
-8.19878 0.00210475
-8.17392 0.00214194
-8.14907 0.00217979
-8.12421 0.00221832
-8.09935 0.00225754
-8.07449 0.00229745
-8.04963 0.00233807
-8.02477 0.00237941
-7.99992 0.00242149
-7.97506 0.00246431
-7.9502 0.0025079
-7.92534 0.00255227
-7.90048 0.00259742
-7.87562 0.00264338
-7.85077 0.00269015
-7.82591 0.00273776
-7.80105 0.00278622
-7.77619 0.00283553
-7.75133 0.00288573
-7.72647 0.00293682
-7.70162 0.00298882
-7.67676 0.00304175
-7.6519 0.00309562
-7.62704 0.00315045
-7.60218 0.00320625
-7.57732 0.00326306
-7.55247 0.00332087
-7.52761 0.00337971
-7.50275 0.00343961
-7.47789 0.00350057
-7.45303 0.00356261
-7.42817 0.00362577
-7.40331 0.00369005
-7.37846 0.00375547
-7.3536 0.00382207
-7.32874 0.00388985
-7.30388 0.00395884
-7.27902 0.00402906
-7.25416 0.00410054
-7.22931 0.00417329
-7.20445 0.00424734
-7.17959 0.00432271
-7.15473 0.00439942
-7.12987 0.00447751
-7.10501 0.00455699
-7.08016 0.00463789
-7.0553 0.00472023
-7.03044 0.00480404
-7.00558 0.00488935
-6.98072 0.00497619
-6.95586 0.00506457
-6.93101 0.00515454
-6.90615 0.00524611
-6.88129 0.00533932
-6.85643 0.00543419
-6.83157 0.00553076
-6.80671 0.00562906
-6.78186 0.00572911
-6.757 0.00583095
-6.73214 0.00593462
-6.70728 0.00604013
-6.68242 0.00614753
-6.65756 0.00625686
-6.6327 0.00636813
-6.60785 0.0064814
-6.58299 0.00659669
-6.55813 0.00671405
-6.53327 0.0068335
-6.50841 0.0069551
-6.48355 0.00707886
-6.4587 0.00720485
-6.43384 0.00733308
-6.40898 0.00746361
-6.38412 0.00759648
-6.35926 0.00773172
-6.3344 0.00786939
-6.30955 0.00800951
-6.28469 0.00815215
-6.25983 0.00829734
-6.23497 0.00844513
-6.21011 0.00859556
-6.18525 0.00874869
-6.1604 0.00890456
-6.13554 0.00906321
-6.11068 0.00922471
-6.08582 0.0093891
-6.06096 0.00955644
-6.0361 0.00972677
-6.01125 0.00990015
-5.98639 0.0100766
-5.96153 0.0102563
-5.93667 0.0104391
-5.91181 0.0106253
-5.88695 0.0108148
-5.8621 0.0110076
-5.83724 0.0112039
-5.81238 0.0114038
-5.78752 0.0116072
-5.76266 0.0118142
-5.7378 0.012025
-5.71294 0.0122395
-5.68809 0.0124579
-5.66323 0.0126802
-5.63837 0.0129065
-5.61351 0.0131368
-5.58865 0.0133712
-5.56379 0.0136099
-5.53894 0.0138528
-5.51408 0.0141
-5.48922 0.0143517
-5.46436 0.0146079
-5.4395 0.0148687
-5.41464 0.0151341
-5.38979 0.0154043
-5.36493 0.0156794
-5.34007 0.0159593
-5.31521 0.0162443
-5.29035 0.0165344
-5.26549 0.0168296
-5.24064 0.0171301
-5.21578 0.017436
-5.19092 0.0177474
-5.16606 0.0180644
-5.1412 0.018387
-5.11634 0.0187153
-5.09149 0.0190496
-5.06663 0.0193898
-5.04177 0.0197361
-5.01691 0.0200886
-4.99205 0.0204474
-4.96719 0.0208126
-4.94233 0.0211843
-4.91748 0.0215626
-4.89262 0.0219477
-4.86776 0.0223397
-4.8429 0.0227386
-4.81804 0.0231447
-4.79318 0.023558
-4.76833 0.0239787
-4.74347 0.0244068
-4.71861 0.0248426
-4.69375 0.0252862
-4.66889 0.0257376
-4.64403 0.0261971
-4.61918 0.0266648
-4.59432 0.0271408
-4.56946 0.0276252
-4.5446 0.0281182
-4.51974 0.0286201
-4.49488 0.0291308
-4.47003 0.0296505
-4.44517 0.0301795
-4.42031 0.0307179
-4.39545 0.0312658
-4.37059 0.0318235
-4.34573 0.032391
-4.32088 0.0329685
-4.29602 0.0335563
-4.27116 0.0341544
-4.2463 0.0347631
-4.22144 0.0353826
-4.19658 0.0360129
-4.17172 0.0366544
-4.14687 0.0373072
-4.12201 0.0379715
-4.09715 0.0386475
-4.07229 0.0393354
-4.04743 0.0400353
-4.02257 0.0407475
-3.99772 0.0414723
-3.97286 0.0422097
-3.948 0.04296
-3.92314 0.0437234
-3.89828 0.0445002
-3.87342 0.0452906
-3.84857 0.0460947
-3.82371 0.0469128
-3.79885 0.0477452
-3.77399 0.048592
-3.74913 0.0494535
-3.72427 0.05033
-3.69942 0.0512216
-3.67456 0.0521287
-3.6497 0.0530514
-3.62484 0.05399
-3.59998 0.0549448
-3.57512 0.055916
-3.55027 0.0569039
-3.52541 0.0579086
-3.50055 0.0589306
-3.47569 0.0599701
-3.45083 0.0610272
-3.42597 0.0621024
-3.40111 0.0631958
-3.37626 0.0643077
-3.3514 0.0654385
-3.32654 0.0665883
-3.30168 0.0677575
-3.27682 0.0689463
-3.25196 0.0701551
-3.22711 0.071384
-3.20225 0.0726335
-3.17739 0.0739037
-3.15253 0.075195
-3.12767 0.0765077
-3.10281 0.077842
-3.07796 0.0791983
-3.0531 0.0805767
-3.02824 0.0819777
-3.00338 0.0834015
-2.97852 0.0848484
-2.95366 0.0863186
-2.92881 0.0878126
-2.90395 0.0893304
-2.87909 0.0908725
-2.85423 0.0924391
-2.82937 0.0940305
-2.80451 0.095647
-2.77966 0.0972888
-2.7548 0.0989562
-2.72994 0.100649
-2.70508 0.102369
-2.68022 0.104114
-2.65536 0.105887
-2.63051 0.107686
-2.60565 0.109512
-2.58079 0.111366
-2.55593 0.113247
-2.53107 0.115156
-2.50621 0.117092
-2.48135 0.119057
-2.4565 0.12105
-2.43164 0.123071
-2.40678 0.125121
-2.38192 0.1272
-2.35706 0.129307
-2.3322 0.131443
-2.30735 0.133608
-2.28249 0.135802
-2.25763 0.138025
-2.23277 0.140277
-2.20791 0.142558
-2.18305 0.144868
-2.1582 0.147206
-2.13334 0.149573
-2.10848 0.151969
-2.08362 0.154393
-2.05876 0.156845
-2.0339 0.159325
-2.00905 0.161832
-1.98419 0.164367
-1.95933 0.166928
-1.93447 0.169516
-1.90961 0.172129
-1.88475 0.174768
-1.8599 0.177432
-1.83504 0.180119
-1.81018 0.18283
-1.78532 0.185563
-1.76046 0.188318
-1.7356 0.191094
-1.71074 0.193889
-1.68589 0.196703
-1.66103 0.199534
-1.63617 0.202381
-1.61131 0.205243
-1.58645 0.208118
-1.56159 0.211005
-1.53674 0.213901
-1.51188 0.216806
-1.48702 0.219718
-1.46216 0.222633
-1.4373 0.225551
-1.41244 0.228469
-1.38759 0.231384
-1.36273 0.234295
-1.33787 0.237198
-1.31301 0.24009
-1.28815 0.242969
-1.26329 0.245832
-1.23844 0.248676
-1.21358 0.251496
-1.18872 0.25429
-1.16386 0.257054
-1.139 0.259784
-1.11414 0.262477
-1.08929 0.265127
-1.06443 0.267731
-1.03957 0.270285
-1.01471 0.272783
-0.989852 0.275222
-0.964993 0.277596
-0.940135 0.279901
-0.915277 0.28213
-0.890418 0.284281
-0.86556 0.286346
-0.840701 0.28832
-0.815843 0.2902
-0.790985 0.291977
-0.766126 0.293649
-0.741268 0.295208
-0.716409 0.296649
-0.691551 0.297968
-0.666693 0.299158
-0.641834 0.300214
-0.616976 0.301131
-0.592118 0.301904
-0.567259 0.302529
-0.542401 0.302999
-0.517542 0.303312
-0.492684 0.303462
-0.467826 0.303447
-0.442967 0.303261
-0.418109 0.302903
-0.39325 0.302369
-0.368392 0.301657
-0.343534 0.300764
-0.318675 0.299691
-0.293817 0.298435
-0.268959 0.296996
-0.2441 0.295375
-0.219242 0.293572
-0.194383 0.291589
-0.169525 0.289426
-0.144667 0.287088
-0.119808 0.284577
-0.0949499 0.281896
-0.0700915 0.279049
-0.0452331 0.276043
-0.0203747 0.272881
0.00448368 0.269569
0.0293421 0.266115
0.0542004 0.262524
0.0790588 0.258804
0.103917 0.254961
0.128776 0.251005
0.153634 0.246943
0.178492 0.242784
0.203351 0.238535
0.228209 0.234205
0.253068 0.229804
0.277926 0.22534
0.302784 0.220822
0.327643 0.216258
0.352501 0.211657
0.377359 0.207027
0.402218 0.202377
0.427076 0.197715
0.451935 0.193049
0.476793 0.188386
0.501651 0.183734
0.52651 0.1791
0.551368 0.174489
0.576227 0.169909
0.601085 0.165365
0.625943 0.160864
0.650802 0.156409
0.67566 0.152007
0.700518 0.147661
0.725377 0.143375
0.750235 0.139154
0.775094 0.135
0.799952 0.130917
0.82481 0.126908
0.849669 0.122973
0.874527 0.119117
0.899386 0.115339
0.924244 0.111643
0.949102 0.108028
0.973961 0.104496
0.998819 0.101047
1.02368 0.0976818
1.04854 0.0944008
1.07339 0.0912037
1.09825 0.0880904
1.12311 0.0850604
1.14797 0.0821133
1.17283 0.0792484
1.19769 0.0764649
1.22254 0.0737618
1.2474 0.0711381
1.27226 0.0685927
1.29712 0.0661245
1.32198 0.063732
1.34684 0.0614139
1.37169 0.0591689
1.39655 0.0569955
1.42141 0.0548922
1.44627 0.0528574
1.47113 0.0508897
1.49599 0.0489874
1.52085 0.0471489
1.5457 0.0453727
1.57056 0.0436571
1.59542 0.0420005
1.62028 0.0404014
1.64514 0.0388582
1.67 0.0373692
1.69485 0.035933
1.71971 0.034548
1.74457 0.0332126
1.76943 0.0319254
1.79429 0.0306848
1.81915 0.0294895
1.844 0.028338
1.86886 0.0272289
1.89372 0.0261608
1.91858 0.0251324
1.94344 0.0241424
1.9683 0.0231895
1.99315 0.0222724
2.01801 0.02139
2.04287 0.020541
2.06773 0.0197243
2.09259 0.0189388
2.11745 0.0181833
2.1423 0.0174569
2.16716 0.0167584
2.19202 0.0160869
2.21688 0.0154415
2.24174 0.0148211
2.2666 0.0142248
2.29146 0.0136519
2.31631 0.0131013
2.34117 0.0125723
2.36603 0.0120642
2.39089 0.011576
2.41575 0.0111071
2.44061 0.0106567
2.46546 0.0102242
2.49032 0.00980883
2.51518 0.00940997
2.54004 0.009027
2.5649 0.00865931
2.58976 0.0083063
2.61461 0.00796741
2.63947 0.0076421
2.66433 0.00732985
2.68919 0.00703013
2.71405 0.00674247
2.73891 0.0064664
2.76376 0.00620146
2.78862 0.00594722
2.81348 0.00570326
2.83834 0.00546916
2.8632 0.00524455
2.88806 0.00502904
2.91291 0.00482228
2.93777 0.00462393
2.96263 0.00443363
2.98749 0.00425108
3.01235 0.00407597
3.03721 0.003908
3.06206 0.00374688
3.08692 0.00359233
3.11178 0.00344411
3.13664 0.00330194
3.1615 0.00316559
3.18636 0.00303483
3.21122 0.00290942
3.23607 0.00278915
3.26093 0.00267382
3.28579 0.00256322
3.31065 0.00245717
3.33551 0.00235547
3.36037 0.00225795
3.38522 0.00216445
3.41008 0.00207479
3.43494 0.00198883
3.4598 0.0019064
3.48466 0.00182738
3.50952 0.00175161
3.53437 0.00167897
3.55923 0.00160932
3.58409 0.00154255
3.60895 0.00147854
3.63381 0.00141718
3.65867 0.00135834
3.68352 0.00130194
3.70838 0.00124788
3.73324 0.00119605
3.7581 0.00114636
3.78296 0.00109874
3.80782 0.00105308
3.83267 0.00100931
3.85753 0.000967361
3.88239 0.000927147
3.90725 0.0008886
3.93211 0.000851652
3.95697 0.000816235
3.98183 0.000782287
4.00668 0.000749748
4.03154 0.000718559
4.0564 0.000688665
4.08126 0.000660011
4.10612 0.000632548
4.13098 0.000606224
4.15583 0.000580994
4.18069 0.000556813
4.20555 0.000533636
4.23041 0.000511422
4.25527 0.000490131
4.28013 0.000469725
4.30498 0.000450168
4.32984 0.000431424
4.3547 0.000413459
4.37956 0.000396241
4.40442 0.00037974
4.42928 0.000363925
4.45413 0.000348768
4.47899 0.000334241
4.50385 0.000320319
4.52871 0.000306977
4.55357 0.00029419
4.57843 0.000281935
4.60328 0.00027019
4.62814 0.000258934
4.653 0.000248147
4.67786 0.000237809
4.70272 0.000227901
4.72758 0.000218406
4.75244 0.000209306
4.77729 0.000200586
4.80215 0.000192228
4.82701 0.000184219
4.85187 0.000176543
4.87673 0.000169187
4.90159 0.000162138
4.92644 0.000155382
4.9513 0.000148908
4.97616 0.000142703
5.00102 0.000136757
5.02588 0.000131059
5.05074 0.000125598
5.07559 0.000120364
5.10045 0.000115349
5.12531 0.000110543
5.15017 0.000105937
5.17503 0.000101523
5.19989 9.72927e-05
