-0.607834 0.000451593
-0.585072 0.000549246
-0.56231 0.000666694
-0.539548 0.000807583
-0.516786 0.000976132
-0.494024 0.0011772
-0.471262 0.00141635
-0.4485 0.0016999
-0.425738 0.00203503
-0.402976 0.00242977
-0.380214 0.00289311
-0.357452 0.00343497
-0.33469 0.00406628
-0.311929 0.00479892
-0.289167 0.00564571
-0.266405 0.00662037
-0.243643 0.00773736
-0.220881 0.0090118
-0.198119 0.0104593
-0.175357 0.0120957
-0.152595 0.0139368
-0.129833 0.0159984
-0.107071 0.0182953
-0.0843089 0.0208417
-0.0615469 0.0236504
-0.0387849 0.0267327
-0.016023 0.0300979
0.006739 0.0337531
0.029501 0.0377028
0.0522629 0.0419489
0.0750249 0.0464901
0.0977869 0.0513225
0.120549 0.0564387
0.143311 0.0618285
0.166073 0.0674788
0.188835 0.0733736
0.211597 0.0794944
0.234359 0.0858204
0.257121 0.0923289
0.279883 0.0989956
0.302645 0.105795
0.325406 0.112701
0.348168 0.119686
0.37093 0.126724
0.393692 0.133787
0.416454 0.140849
0.439216 0.147886
0.461978 0.154872
0.48474 0.161784
0.507502 0.168601
0.530264 0.175302
0.553026 0.181869
0.575788 0.188285
0.59855 0.194534
0.621312 0.200604
0.644074 0.206482
0.666836 0.212158
0.689598 0.217624
0.71236 0.222873
0.735122 0.2279
0.757884 0.2327
0.780646 0.23727
0.803408 0.241608
0.82617 0.245715
0.848932 0.24959
0.871694 0.253234
0.894456 0.256651
0.917218 0.259841
0.93998 0.262809
0.962741 0.265559
0.985503 0.268095
1.00827 0.270422
1.03103 0.272544
1.05379 0.274467
1.07655 0.276198
1.09931 0.277741
1.12208 0.279102
1.14484 0.280287
1.1676 0.281304
1.19036 0.282156
1.21312 0.282852
1.23589 0.283396
1.25865 0.283794
1.28141 0.284053
1.30417 0.284179
1.32693 0.284177
1.34969 0.284052
1.37246 0.28381
1.39522 0.283458
1.41798 0.282998
1.44074 0.282438
1.4635 0.281782
1.48627 0.281034
1.50903 0.2802
1.53179 0.279283
1.55455 0.278288
1.57731 0.27722
1.60008 0.276082
1.62284 0.274879
1.6456 0.273613
1.66836 0.27229
1.69112 0.270911
1.71389 0.269481
1.73665 0.268003
1.75941 0.266479
1.78217 0.264913
1.80493 0.263308
1.8277 0.261667
1.85046 0.259991
1.87322 0.258284
1.89598 0.256547
1.91874 0.254784
1.94151 0.252996
1.96427 0.251186
1.98703 0.249354
2.00979 0.247505
2.03255 0.245638
2.05532 0.243756
2.07808 0.24186
2.10084 0.239953
2.1236 0.238035
2.14636 0.236108
2.16913 0.234173
2.19189 0.232232
2.21465 0.230286
2.23741 0.228336
2.26017 0.226383
2.28294 0.224428
2.3057 0.222473
2.32846 0.220517
2.35122 0.218562
2.37398 0.21661
2.39675 0.214659
2.41951 0.212713
2.44227 0.21077
2.46503 0.208832
2.48779 0.2069
2.51056 0.204974
2.53332 0.203054
2.55608 0.201142
2.57884 0.199237
2.6016 0.197341
2.62436 0.195453
2.64713 0.193574
2.66989 0.191705
2.69265 0.189845
2.71541 0.187996
2.73817 0.186157
2.76094 0.184329
2.7837 0.182511
2.80646 0.180706
2.82922 0.178911
2.85198 0.177129
2.87475 0.175359
2.89751 0.1736
2.92027 0.171855
2.94303 0.170121
2.96579 0.168401
2.98856 0.166693
3.01132 0.164998
3.03408 0.163316
3.05684 0.161647
3.0796 0.159992
3.10237 0.15835
3.12513 0.156721
3.14789 0.155105
3.17065 0.153503
3.19341 0.151915
3.21618 0.15034
3.23894 0.148779
3.2617 0.147231
3.28446 0.145696
3.30722 0.144176
3.32999 0.142669
3.35275 0.141175
3.37551 0.139695
3.39827 0.138228
3.42103 0.136775
3.4438 0.135336
3.46656 0.13391
3.48932 0.132497
3.51208 0.131097
3.53484 0.129711
3.55761 0.128338
3.58037 0.126979
3.60313 0.125632
3.62589 0.124298
3.64865 0.122978
3.67142 0.12167
3.69418 0.120375
3.71694 0.119093
3.7397 0.117824
3.76246 0.116567
3.78523 0.115323
3.80799 0.114091
3.83075 0.112872
3.85351 0.111664
3.87627 0.11047
3.89903 0.109287
3.9218 0.108116
3.94456 0.106958
3.96732 0.105811
3.99008 0.104676
4.01284 0.103552
4.03561 0.10244
4.05837 0.10134
4.08113 0.100251
4.10389 0.0991738
4.12665 0.0981075
4.14942 0.0970523
4.17218 0.0960082
4.19494 0.094975
4.2177 0.0939526
4.24046 0.092941
4.26323 0.0919401
4.28599 0.0909497
4.30875 0.0899698
4.33151 0.0890003
4.35427 0.088041
4.37704 0.087092
4.3998 0.086153
4.42256 0.0852241
4.44532 0.084305
4.46808 0.0833958
4.49085 0.0824963
4.51361 0.0816064
4.53637 0.080726
4.55913 0.0798551
4.58189 0.0789935
4.60466 0.0781413
4.62742 0.0772981
4.65018 0.0764641
4.67294 0.075639
4.6957 0.0748229
4.71847 0.0740155
4.74123 0.0732169
4.76399 0.0724269
4.78675 0.0716454
4.80951 0.0708725
4.83228 0.0701079
4.85504 0.0693515
4.8778 0.0686034
4.90056 0.0678634
4.92332 0.0671315
4.94609 0.0664075
4.96885 0.0656914
4.99161 0.064983
5.01437 0.0642824
5.03713 0.0635894
5.0599 0.0629039
5.08266 0.062226
5.10542 0.0615554
5.12818 0.0608921
5.15094 0.060236
5.1737 0.0595872
5.19647 0.0589454
5.21923 0.0583106
5.24199 0.0576827
5.26475 0.0570617
5.28751 0.0564475
5.31028 0.05584
5.33304 0.0552391
5.3558 0.0546448
5.37856 0.054057
5.40132 0.0534756
5.42409 0.0529006
5.44685 0.0523319
5.46961 0.0517694
5.49237 0.0512131
5.51513 0.0506628
5.5379 0.0501186
5.56066 0.0495803
5.58342 0.0490479
5.60618 0.0485214
5.62894 0.0480006
5.65171 0.0474855
5.67447 0.0469761
5.69723 0.0464722
5.71999 0.0459738
5.74275 0.0454809
5.76552 0.0449934
5.78828 0.0445113
5.81104 0.0440344
5.8338 0.0435627
5.85656 0.0430962
5.87933 0.0426348
5.90209 0.0421785
5.92485 0.0417271
5.94761 0.0412807
5.97037 0.0408392
5.99314 0.0404025
6.0159 0.0399706
6.03866 0.0395434
6.06142 0.0391208
6.08418 0.0387029
6.10695 0.0382896
6.12971 0.0378808
6.15247 0.0374764
6.17523 0.0370765
6.19799 0.036681
6.22076 0.0362897
6.24352 0.0359028
6.26628 0.0355201
6.28904 0.0351415
6.3118 0.0347671
6.33457 0.0343968
6.35733 0.0340305
6.38009 0.0336682
6.40285 0.0333099
6.42561 0.0329554
6.44837 0.0326049
6.47114 0.0322582
6.4939 0.0319152
6.51666 0.031576
6.53942 0.0312405
6.56218 0.0309086
6.58495 0.0305804
6.60771 0.0302557
6.63047 0.0299346
6.65323 0.0296169
6.67599 0.0293028
6.69876 0.028992
6.72152 0.0286846
6.74428 0.0283806
6.76704 0.0280799
6.7898 0.0277824
6.81257 0.0274882
6.83533 0.0271972
6.85809 0.0269093
6.88085 0.0266245
6.90361 0.0263429
6.92638 0.0260643
6.94914 0.0257887
6.9719 0.0255162
6.99466 0.0252466
7.01742 0.0249799
7.04019 0.0247161
7.06295 0.0244551
7.08571 0.024197
7.10847 0.0239417
7.13123 0.0236891
7.154 0.0234393
7.17676 0.0231922
7.19952 0.0229477
7.22228 0.0227059
7.24504 0.0224668
7.26781 0.0222302
7.29057 0.0219961
7.31333 0.0217646
7.33609 0.0215356
7.35885 0.0213091
7.38162 0.021085
7.40438 0.0208633
7.42714 0.020644
7.4499 0.0204271
7.47266 0.0202125
7.49543 0.0200003
7.51819 0.0197903
7.54095 0.0195826
7.56371 0.0193771
7.58647 0.0191739
7.60924 0.0189728
7.632 0.0187739
7.65476 0.0185771
7.67752 0.0183825
7.70028 0.0181899
7.72304 0.0179994
7.74581 0.017811
7.76857 0.0176246
7.79133 0.0174402
7.81409 0.0172577
7.83685 0.0170773
7.85962 0.0168987
7.88238 0.0167221
7.90514 0.0165474
7.9279 0.0163745
7.95066 0.0162035
7.97343 0.0160343
7.99619 0.015867
8.01895 0.0157014
8.04171 0.0155376
8.06447 0.0153756
8.08724 0.0152153
8.11 0.0150567
8.13276 0.0148998
8.15552 0.0147446
8.17828 0.014591
8.20105 0.0144391
8.22381 0.0142888
8.24657 0.0141401
8.26933 0.013993
8.29209 0.0138474
8.31486 0.0137034
8.33762 0.013561
8.36038 0.0134201
8.38314 0.0132806
8.4059 0.0131427
8.42867 0.0130062
8.45143 0.0128712
8.47419 0.0127376
8.49695 0.0126054
8.51971 0.0124747
8.54248 0.0123453
8.56524 0.0122173
8.588 0.0120907
8.61076 0.0119654
8.63352 0.0118414
8.65629 0.0117188
8.67905 0.0115975
8.70181 0.0114774
8.72457 0.0113586
8.74733 0.0112411
8.7701 0.0111249
8.79286 0.0110098
8.81562 0.010896
8.83838 0.0107834
8.86114 0.010672
8.88391 0.0105617
8.90667 0.0104526
8.92943 0.0103447
8.95219 0.0102379
8.97495 0.0101323
8.99771 0.0100278
9.02048 0.00992432
9.04324 0.00982198
9.066 0.00972073
9.08876 0.00962054
9.11152 0.00952141
9.13429 0.00942333
9.15705 0.00932628
9.17981 0.00923025
9.20257 0.00913524
9.22533 0.00904123
9.2481 0.00894821
9.27086 0.00885616
9.29362 0.00876509
9.31638 0.00867498
9.33914 0.00858581
9.36191 0.00849759
9.38467 0.00841029
9.40743 0.00832391
9.43019 0.00823843
9.45295 0.00815386
9.47572 0.00807017
9.49848 0.00798736
9.52124 0.00790543
9.544 0.00782435
9.56676 0.00774412
9.58953 0.00766474
9.61229 0.00758618
9.63505 0.00750845
9.65781 0.00743154
9.68057 0.00735543
9.70334 0.00728012
9.7261 0.0072056
9.74886 0.00713185
9.77162 0.00705888
9.79438 0.00698668
9.81715 0.00691523
9.83991 0.00684452
9.86267 0.00677456
9.88543 0.00670532
9.90819 0.00663681
9.93096 0.00656902
9.95372 0.00650193
9.97648 0.00643555
9.99924 0.00636985
10.022 0.00630485
10.0448 0.00624052
10.0675 0.00617686
10.0903 0.00611386
10.1131 0.00605153
10.1358 0.00598984
10.1586 0.00592879
10.1813 0.00586838
10.2041 0.0058086
10.2269 0.00574944
10.2496 0.0056909
10.2724 0.00563297
10.2951 0.00557563
10.3179 0.0055189
10.3407 0.00546275
10.3634 0.00540719
10.3862 0.00535221
10.409 0.00529779
10.4317 0.00524395
10.4545 0.00519066
10.4772 0.00513792
10.5 0.00508573
10.5228 0.00503408
10.5455 0.00498297
10.5683 0.00493239
10.5911 0.00488233
10.6138 0.00483279
10.6366 0.00478377
10.6593 0.00473525
10.6821 0.00468723
10.7049 0.00463971
10.7276 0.00459269
10.7504 0.00454615
10.7731 0.00450009
10.7959 0.0044545
10.8187 0.00440939
10.8414 0.00436475
10.8642 0.00432056
10.887 0.00427684
10.9097 0.00423356
10.9325 0.00419073
10.9552 0.00414835
10.978 0.0041064
11.0008 0.00406488
11.0235 0.00402379
11.0463 0.00398313
11.0691 0.00394288
11.0918 0.00390305
11.1146 0.00386363
11.1373 0.00382462
11.1601 0.00378601
11.1829 0.00374779
11.2056 0.00370997
11.2284 0.00367254
11.2511 0.00363549
11.2739 0.00359883
11.2967 0.00356254
11.3194 0.00352662
11.3422 0.00349108
11.365 0.00345589
11.3877 0.00342108
11.4105 0.00338661
11.4332 0.00335251
11.456 0.00331875
11.4788 0.00328534
11.5015 0.00325227
11.5243 0.00321954
11.5471 0.00318715
11.5698 0.00315509
11.5926 0.00312335
11.6153 0.00309195
11.6381 0.00306086
11.6609 0.00303009
11.6836 0.00299964
11.7064 0.0029695
11.7292 0.00293967
11.7519 0.00291014
11.7747 0.00288092
11.7974 0.002852
11.8202 0.00282337
11.843 0.00279503
11.8657 0.00276698
11.8885 0.00273922
11.9112 0.00271175
11.934 0.00268455
11.9568 0.00265764
11.9795 0.00263099
12.0023 0.00260462
12.0251 0.00257852
12.0478 0.00255269
12.0706 0.00252711
12.0933 0.0025018
12.1161 0.00247675
12.1389 0.00245195
12.1616 0.00242741
12.1844 0.00240311
12.2072 0.00237907
12.2299 0.00235527
12.2527 0.00233171
12.2754 0.00230839
12.2982 0.0022853
12.321 0.00226246
12.3437 0.00223984
12.3665 0.00221746
12.3892 0.0021953
12.412 0.00217337
12.4348 0.00215166
12.4575 0.00213017
12.4803 0.0021089
12.5031 0.00208785
12.5258 0.00206701
12.5486 0.00204638
12.5713 0.00202596
12.5941 0.00200575
12.6169 0.00198575
12.6396 0.00196594
12.6624 0.00194634
12.6852 0.00192694
12.7079 0.00190773
12.7307 0.00188872
12.7534 0.0018699
12.7762 0.00185127
12.799 0.00183283
12.8217 0.00181458
12.8445 0.00179651
12.8672 0.00177863
12.89 0.00176092
12.9128 0.0017434
12.9355 0.00172605
12.9583 0.00170888
12.9811 0.00169188
13.0038 0.00167505
13.0266 0.0016584
13.0493 0.00164191
13.0721 0.00162559
13.0949 0.00160943
13.1176 0.00159344
13.1404 0.00157761
13.1632 0.00156193
13.1859 0.00154642
13.2087 0.00153106
13.2314 0.00151586
13.2542 0.00150081
13.277 0.00148592
13.2997 0.00147117
13.3225 0.00145657
13.3453 0.00144212
13.368 0.00142782
13.3908 0.00141366
13.4135 0.00139964
13.4363 0.00138576
13.4591 0.00137203
13.4818 0.00135843
13.5046 0.00134497
13.5273 0.00133164
13.5501 0.00131845
13.5729 0.00130539
13.5956 0.00129246
13.6184 0.00127966
13.6412 0.00126699
13.6639 0.00125445
13.6867 0.00124204
13.7094 0.00122975
13.7322 0.00121758
13.755 0.00120553
13.7777 0.00119361
13.8005 0.00118181
13.8233 0.00117012
13.846 0.00115855
13.8688 0.0011471
13.8915 0.00113576
13.9143 0.00112454
13.9371 0.00111343
13.9598 0.00110243
13.9826 0.00109154
14.0053 0.00108076
14.0281 0.00107009
14.0509 0.00105952
14.0736 0.00104907
14.0964 0.00103871
14.1192 0.00102846
14.1419 0.00101831
14.1647 0.00100827
14.1874 0.000998322
14.2102 0.000988476
14.233 0.000978728
14.2557 0.000969078
14.2785 0.000959525
14.3013 0.000950067
14.324 0.000940704
14.3468 0.000931435
14.3695 0.000922258
14.3923 0.000913173
14.4151 0.000904179
14.4378 0.000895274
14.4606 0.000886459
14.4833 0.000877731
14.5061 0.000869091
14.5289 0.000860537
14.5516 0.000852069
14.5744 0.000843685
14.5972 0.000835385
14.6199 0.000827167
14.6427 0.000819032
14.6654 0.000810978
14.6882 0.000803004
14.711 0.000795109
14.7337 0.000787293
14.7565 0.000779556
14.7793 0.000771895
14.802 0.000764311
14.8248 0.000756802
14.8475 0.000749368
14.8703 0.000742008
14.8931 0.000734721
14.9158 0.000727507
14.9386 0.000720365
14.9613 0.000713294
14.9841 0.000706293
15.0069 0.000699362
15.0296 0.0006925
15.0524 0.000685706
15.0752 0.00067898
15.0979 0.00067232
15.1207 0.000665727
15.1434 0.000659199
15.1662 0.000652737
15.189 0.000646338
15.2117 0.000640003
15.2345 0.000633731
15.2573 0.000627521
15.28 0.000621373
15.3028 0.000615286
15.3255 0.00060926
15.3483 0.000603293
15.3711 0.000597385
15.3938 0.000591536
15.4166 0.000585745
15.4394 0.000580012
15.4621 0.000574335
15.4849 0.000568715
15.5076 0.000563151
15.5304 0.000557641
15.5532 0.000552186
15.5759 0.000546786
15.5987 0.000541438
15.6214 0.000536144
15.6442 0.000530902
15.667 0.000525712
15.6897 0.000520574
15.7125 0.000515486
15.7353 0.000510449
15.758 0.000505462
15.7808 0.000500524
15.8035 0.000495635
15.8263 0.000490794
15.8491 0.000486001
15.8718 0.000481255
15.8946 0.000476557
15.9174 0.000471905
15.9401 0.000467299
15.9629 0.000462738
15.9856 0.000458223
16.0084 0.000453752
16.0312 0.000449325
16.0539 0.000444942
16.0767 0.000440602
16.0994 0.000436306
16.1222 0.000432051
16.145 0.000427839
16.1677 0.000423668
16.1905 0.000419538
16.2133 0.000415449
16.236 0.000411401
16.2588 0.000407392
16.2815 0.000403423
16.3043 0.000399493
16.3271 0.000395602
16.3498 0.000391749
16.3726 0.000387934
16.3954 0.000384157
16.4181 0.000380417
16.4409 0.000376714
16.4636 0.000373048
16.4864 0.000369417
16.5092 0.000365822
16.5319 0.000362263
16.5547 0.000358739
16.5774 0.000355249
16.6002 0.000351794
16.623 0.000348373
16.6457 0.000344985
16.6685 0.000341631
16.6913 0.000338309
16.714 0.000335021
16.7368 0.000331765
16.7595 0.000328541
16.7823 0.000325348
16.8051 0.000322187
16.8278 0.000319057
16.8506 0.000315958
16.8734 0.000312889
16.8961 0.00030985
16.9189 0.000306841
16.9416 0.000303862
16.9644 0.000300912
16.9872 0.000297991
17.0099 0.000295099
17.0327 0.000292235
17.0555 0.000289399
17.0782 0.000286591
17.101 0.000283811
17.1237 0.000281058
17.1465 0.000278332
17.1693 0.000275632
17.192 0.000272959
17.2148 0.000270313
17.2375 0.000267692
17.2603 0.000265097
17.2831 0.000262527
17.3058 0.000259983
17.3286 0.000257464
17.3514 0.000254969
17.3741 0.000252499
17.3969 0.000250052
17.4196 0.00024763
17.4424 0.000245232
17.4652 0.000242857
17.4879 0.000240505
17.5107 0.000238177
17.5335 0.000235871
17.5562 0.000233588
17.579 0.000231327
17.6017 0.000229088
17.6245 0.000226871
17.6473 0.000224676
17.67 0.000222502
17.6928 0.000220349
17.7155 0.000218218
17.7383 0.000216107
17.7611 0.000214018
17.7838 0.000211948
17.8066 0.000209899
17.8294 0.000207869
17.8521 0.00020586
17.8749 0.00020387
17.8976 0.0002019
17.9204 0.000199949
17.9432 0.000198017
17.9659 0.000196104
17.9887 0.000194209
18.0115 0.000192333
18.0342 0.000190475
18.057 0.000188636
18.0797 0.000186814
18.1025 0.00018501
18.1253 0.000183224
18.148 0.000181455
18.1708 0.000179704
18.1935 0.000177969
18.2163 0.000176252
18.2391 0.000174551
18.2618 0.000172867
18.2846 0.000171199
18.3074 0.000169548
18.3301 0.000167912
18.3529 0.000166293
18.3756 0.000164689
18.3984 0.000163101
18.4212 0.000161528
18.4439 0.000159971
18.4667 0.000158429
18.4895 0.000156902
18.5122 0.00015539
18.535 0.000153892
18.5577 0.000152409
18.5805 0.000150941
18.6033 0.000149486
18.626 0.000148046
18.6488 0.00014662
18.6715 0.000145208
18.6943 0.00014381
18.7171 0.000142425
18.7398 0.000141054
18.7626 0.000139696
18.7854 0.000138351
18.8081 0.000137019
18.8309 0.0001357
18.8536 0.000134394
18.8764 0.000133101
18.8992 0.00013182
18.9219 0.000130552
18.9447 0.000129296
18.9675 0.000128052
18.9902 0.000126821
19.013 0.000125601
19.0357 0.000124393
19.0585 0.000123197
19.0813 0.000122013
19.104 0.00012084
19.1268 0.000119678
19.1496 0.000118528
19.1723 0.000117389
19.1951 0.00011626
19.2178 0.000115143
19.2406 0.000114037
19.2634 0.000112941
19.2861 0.000111856
19.3089 0.000110782
19.3316 0.000109718
19.3544 0.000108664
19.3772 0.000107621
19.3999 0.000106587
19.4227 0.000105564
19.4455 0.00010455
19.4682 0.000103547
19.491 0.000102553
19.5137 0.000101569
19.5365 0.000100594
19.5593 9.96286e-05
19.582 9.86727e-05
19.6048 9.7726e-05
19.6276 9.67885e-05
19.6503 9.586e-05
19.6731 9.49406e-05
19.6958 9.40301e-05
19.7186 9.31283e-05
19.7414 9.22353e-05
19.7641 9.1351e-05
19.7869 9.04752e-05
19.8096 8.96078e-05
19.8324 8.87489e-05
19.8552 8.78983e-05
19.8779 8.70559e-05
19.9007 8.62216e-05
19.9235 8.53954e-05
19.9462 8.45772e-05
19.969 8.37669e-05
19.9917 8.29645e-05
20.0145 8.21698e-05
20.0373 8.13828e-05
20.06 8.06034e-05
20.0828 7.98315e-05
20.1056 7.90671e-05
20.1283 7.831e-05
20.1511 7.75603e-05
20.1738 7.68179e-05
20.1966 7.60826e-05
20.2194 7.53543e-05
20.2421 7.46332e-05
20.2649 7.3919e-05
20.2876 7.32117e-05
20.3104 7.25112e-05
20.3332 7.18175e-05
20.3559 7.11304e-05
20.3787 7.045e-05
20.4015 6.97762e-05
20.4242 6.91089e-05
20.447 6.8448e-05
20.4697 6.77935e-05
20.4925 6.71453e-05
20.5153 6.65033e-05
20.538 6.58676e-05
20.5608 6.52379e-05
20.5836 6.46144e-05
20.6063 6.39968e-05
20.6291 6.33852e-05
20.6518 6.27795e-05
20.6746 6.21797e-05
20.6974 6.15856e-05
20.7201 6.09973e-05
20.7429 6.04146e-05
20.7657 5.98375e-05
20.7884 5.9266e-05
20.8112 5.87e-05
20.8339 5.81394e-05
20.8567 5.75843e-05
20.8795 5.70345e-05
20.9022 5.649e-05
20.925 5.59507e-05
20.9477 5.54166e-05
20.9705 5.48877e-05
20.9933 5.43638e-05
21.016 5.3845e-05
21.0388 5.33312e-05
21.0616 5.28223e-05
21.0843 5.23184e-05
21.1071 5.18192e-05
21.1298 5.13249e-05
21.1526 5.08354e-05
21.1754 5.03505e-05
21.1981 4.98703e-05
21.2209 4.93947e-05
21.2437 4.89237e-05
21.2664 4.84572e-05
21.2892 4.79953e-05
21.3119 4.75377e-05
21.3347 4.70846e-05
21.3575 4.66358e-05
21.3802 4.61913e-05
21.403 4.57511e-05
21.4257 4.53151e-05
21.4485 4.48833e-05
21.4713 4.44556e-05
21.494 4.40321e-05
21.5168 4.36126e-05
21.5396 4.31972e-05
21.5623 4.27857e-05
21.5851 4.23782e-05
21.6078 4.19746e-05
21.6306 4.15749e-05
21.6534 4.1179e-05
21.6761 4.07869e-05
21.6989 4.03986e-05
21.7217 4.0014e-05
21.7444 3.96331e-05
21.7672 3.92559e-05
21.7899 3.88823e-05
21.8127 3.85122e-05
21.8355 3.81457e-05
21.8582 3.77828e-05
21.881 3.74233e-05
21.9037 3.70672e-05
21.9265 3.67146e-05
21.9493 3.63653e-05
21.972 3.60194e-05
21.9948 3.56768e-05
22.0176 3.53375e-05
22.0403 3.50015e-05
22.0631 3.46687e-05
22.0858 3.4339e-05
22.1086 3.40125e-05
22.1314 3.36892e-05
