-1.48439 0.000737574
-1.46997 0.000791492
-1.45554 0.000849304
-1.44112 0.000911288
-1.42669 0.000977738
-1.41227 0.00104897
-1.39784 0.00112532
-1.38342 0.00120715
-1.36899 0.00129485
-1.35457 0.00138882
-1.34014 0.0014895
-1.32572 0.00159736
-1.31129 0.0017129
-1.29687 0.00183665
-1.28244 0.00196918
-1.26802 0.00211109
-1.25359 0.00226303
-1.23917 0.00242568
-1.22474 0.00259977
-1.21032 0.00278609
-1.19589 0.00298545
-1.18147 0.00319875
-1.16704 0.00342691
-1.15262 0.00367093
-1.1382 0.00393187
-1.12377 0.00421085
-1.10935 0.00450906
-1.09492 0.00482776
-1.0805 0.00516829
-1.06607 0.00553208
-1.05165 0.00592062
-1.03722 0.00633551
-1.0228 0.00677842
-1.00837 0.00725114
-0.993946 0.00775555
-0.979522 0.00829362
-0.965097 0.00886746
-0.950672 0.00947926
-0.936247 0.0101313
-0.921822 0.0108262
-0.907397 0.0115663
-0.892972 0.0123544
-0.878547 0.0131933
-0.864123 0.014086
-0.849698 0.0150356
-0.835273 0.0160453
-0.820848 0.0171186
-0.806423 0.0182589
-0.791998 0.0194699
-0.777573 0.0207555
-0.763148 0.0221197
-0.748724 0.0235665
-0.734299 0.0251002
-0.719874 0.0267252
-0.705449 0.0284461
-0.691024 0.0302675
-0.676599 0.0321943
-0.662174 0.0342312
-0.64775 0.0363834
-0.633325 0.038656
-0.6189 0.041054
-0.604475 0.0435828
-0.59005 0.0462476
-0.575625 0.0490537
-0.5612 0.0520065
-0.546775 0.0551112
-0.532351 0.058373
-0.517926 0.0617971
-0.503501 0.0653885
-0.489076 0.0691521
-0.474651 0.0730925
-0.460226 0.0772143
-0.445801 0.0815215
-0.431377 0.0860181
-0.416952 0.0907075
-0.402527 0.0955929
-0.388102 0.100677
-0.373677 0.105962
-0.359252 0.111449
-0.344827 0.117139
-0.330402 0.123033
-0.315978 0.12913
-0.301553 0.135429
-0.287128 0.141929
-0.272703 0.148626
-0.258278 0.155516
-0.243853 0.162596
-0.229428 0.16986
-0.215004 0.177302
-0.200579 0.184913
-0.186154 0.192686
-0.171729 0.200613
-0.157304 0.208681
-0.142879 0.216881
-0.128454 0.225201
-0.114029 0.233627
-0.0996046 0.242146
-0.0851797 0.250743
-0.0707548 0.259404
-0.05633 0.268113
-0.0419051 0.276853
-0.0274802 0.285607
-0.0130554 0.29436
0.00136951 0.303092
0.0157944 0.311787
0.0302192 0.320428
0.0446441 0.328995
0.059069 0.337473
0.0734939 0.345844
0.0879187 0.35409
0.102344 0.362196
0.116768 0.370145
0.131193 0.377922
0.145618 0.385512
0.160043 0.392902
0.174468 0.400078
0.188893 0.407028
0.203318 0.413741
0.217743 0.420206
0.232167 0.426414
0.246592 0.432356
0.261017 0.438025
0.275442 0.443414
0.289867 0.448519
0.304292 0.453335
0.318717 0.457858
0.333141 0.462087
0.347566 0.466019
0.361991 0.469654
0.376416 0.472992
0.390841 0.476035
0.405266 0.478784
0.419691 0.481242
0.434116 0.483413
0.44854 0.485299
0.462965 0.486907
0.47739 0.48824
0.491815 0.489304
0.50624 0.490105
0.520665 0.49065
0.53509 0.490945
0.549514 0.490997
0.563939 0.490813
0.578364 0.4904
0.592789 0.489767
0.607214 0.488921
0.621639 0.487869
0.636064 0.486619
0.650489 0.48518
0.664913 0.483558
0.679338 0.481762
0.693763 0.4798
0.708188 0.477679
0.722613 0.475407
0.737038 0.472992
0.751463 0.47044
0.765888 0.467759
0.780312 0.464956
0.794737 0.462038
0.809162 0.459012
0.823587 0.455884
0.838012 0.45266
0.852437 0.449348
0.866862 0.445953
0.881286 0.44248
0.895711 0.438937
0.910136 0.435327
0.924561 0.431656
0.938986 0.42793
0.953411 0.424153
0.967836 0.420331
0.982261 0.416466
0.996685 0.412565
1.01111 0.408631
1.02554 0.404667
1.03996 0.400679
1.05438 0.396669
1.06881 0.392642
1.08323 0.388599
1.09766 0.384546
1.11208 0.380483
1.12651 0.376416
1.14093 0.372345
1.15536 0.368275
1.16978 0.364206
1.18421 0.360142
1.19863 0.356085
1.21306 0.352037
1.22748 0.348
1.24191 0.343976
1.25633 0.339966
1.27076 0.335972
1.28518 0.331996
1.29961 0.328039
1.31403 0.324103
1.32846 0.320189
1.34288 0.316298
1.35731 0.312431
1.37173 0.308589
1.38616 0.304773
1.40058 0.300985
1.41501 0.297224
1.42943 0.293493
1.44386 0.28979
1.45828 0.286118
1.47271 0.282477
1.48713 0.278866
1.50156 0.275288
1.51598 0.271741
1.53041 0.268228
1.54483 0.264747
1.55926 0.261299
1.57368 0.257885
1.5881 0.254505
1.60253 0.251159
1.61695 0.247847
1.63138 0.244569
1.6458 0.241326
1.66023 0.238117
1.67465 0.234943
1.68908 0.231803
1.7035 0.228698
1.71793 0.225628
1.73235 0.222592
1.74678 0.219591
1.7612 0.216624
1.77563 0.213691
1.79005 0.210793
1.80448 0.207929
1.8189 0.205098
1.83333 0.202302
1.84775 0.199539
1.86218 0.19681
1.8766 0.194114
1.89103 0.191451
1.90545 0.18882
1.91988 0.186223
1.9343 0.183658
1.94873 0.181125
1.96315 0.178624
1.97758 0.176155
1.992 0.173717
2.00643 0.17131
2.02085 0.168935
2.03528 0.16659
2.0497 0.164275
2.06413 0.16199
2.07855 0.159736
2.09298 0.15751
2.1074 0.155314
2.12183 0.153147
2.13625 0.151009
2.15067 0.148899
2.1651 0.146817
2.17952 0.144763
2.19395 0.142736
2.20837 0.140737
2.2228 0.138764
2.23722 0.136818
2.25165 0.134899
2.26607 0.133005
2.2805 0.131137
2.29492 0.129295
2.30935 0.127477
2.32377 0.125685
2.3382 0.123917
2.35262 0.122173
2.36705 0.120453
2.38147 0.118757
2.3959 0.117084
2.41032 0.115434
2.42475 0.113808
2.43917 0.112203
2.4536 0.110621
2.46802 0.109061
2.48245 0.107522
2.49687 0.106005
2.5113 0.104509
2.52572 0.103034
2.54015 0.10158
2.55457 0.100146
2.569 0.0987315
2.58342 0.0973372
2.59785 0.0959625
2.61227 0.0946071
2.6267 0.0932706
2.64112 0.091953
2.65555 0.0906539
2.66997 0.0893732
2.68439 0.0881104
2.69882 0.0868655
2.71324 0.0856381
2.72767 0.084428
2.74209 0.0832351
2.75652 0.082059
2.77094 0.0808995
2.78537 0.0797565
2.79979 0.0786296
2.81422 0.0775187
2.82864 0.0764235
2.84307 0.0753439
2.85749 0.0742796
2.87192 0.0732303
2.88634 0.072196
2.90077 0.0711764
2.91519 0.0701712
2.92962 0.0691803
2.94404 0.0682036
2.95847 0.0672407
2.97289 0.0662915
2.98732 0.0653557
3.00174 0.0644334
3.01617 0.0635241
3.03059 0.0626278
3.04502 0.0617442
3.05944 0.0608733
3.07387 0.0600147
3.08829 0.0591684
3.10272 0.0583341
3.11714 0.0575117
3.13157 0.0567011
3.14599 0.0559019
3.16042 0.0551142
3.17484 0.0543377
3.18927 0.0535723
3.20369 0.0528178
3.21812 0.0520741
3.23254 0.0513409
3.24696 0.0506182
3.26139 0.0499058
3.27581 0.0492036
3.29024 0.0485114
3.30466 0.047829
3.31909 0.0471564
3.33351 0.0464934
3.34794 0.0458398
3.36236 0.0451956
3.37679 0.0445605
3.39121 0.0439345
3.40564 0.0433174
3.42006 0.0427091
3.43449 0.0421095
3.44891 0.0415184
3.46334 0.0409358
3.47776 0.0403614
3.49219 0.0397953
3.50661 0.0392371
3.52104 0.038687
3.53546 0.0381447
3.54989 0.0376101
3.56431 0.0370831
3.57874 0.0365636
3.59316 0.0360516
3.60759 0.0355468
3.62201 0.0350492
3.63644 0.0345586
3.65086 0.0340751
3.66529 0.0335984
3.67971 0.0331285
3.69414 0.0326653
3.70856 0.0322087
3.72299 0.0317586
3.73741 0.0313149
3.75184 0.0308774
3.76626 0.0304462
3.78068 0.0300212
3.79511 0.0296021
3.80953 0.029189
3.82396 0.0287818
3.83838 0.0283803
3.85281 0.0279846
3.86723 0.0275944
3.88166 0.0272098
3.89608 0.0268307
3.91051 0.0264569
3.92493 0.0260885
3.93936 0.0257252
3.95378 0.0253671
3.96821 0.0250141
3.98263 0.024666
3.99706 0.0243229
4.01148 0.0239847
4.02591 0.0236513
4.04033 0.0233225
4.05476 0.0229984
4.06918 0.0226789
4.08361 0.022364
4.09803 0.0220534
4.11246 0.0217473
4.12688 0.0214455
4.14131 0.0211479
4.15573 0.0208546
4.17016 0.0205654
4.18458 0.0202803
4.19901 0.0199992
4.21343 0.019722
4.22786 0.0194488
4.24228 0.0191794
4.25671 0.0189139
4.27113 0.018652
4.28556 0.0183939
4.29998 0.0181394
4.31441 0.0178885
4.32883 0.0176411
4.34325 0.0173972
4.35768 0.0171567
4.3721 0.0169197
4.38653 0.0166859
4.40095 0.0164555
4.41538 0.0162282
4.4298 0.0160042
4.44423 0.0157833
4.45865 0.0155656
4.47308 0.0153508
4.4875 0.0151391
4.50193 0.0149304
4.51635 0.0147246
4.53078 0.0145217
4.5452 0.0143216
4.55963 0.0141244
4.57405 0.0139299
4.58848 0.0137381
4.6029 0.013549
4.61733 0.0133626
4.63175 0.0131788
4.64618 0.0129975
4.6606 0.0128188
4.67503 0.0126426
4.68945 0.0124689
4.70388 0.0122975
4.7183 0.0121286
4.73273 0.0119621
4.74715 0.0117978
4.76158 0.0116359
4.776 0.0114762
4.79043 0.0113188
4.80485 0.0111635
4.81928 0.0110104
4.8337 0.0108595
4.84813 0.0107107
4.86255 0.0105639
4.87697 0.0104192
4.8914 0.0102765
4.90582 0.0101358
4.92025 0.009997
4.93467 0.00986018
4.9491 0.00972526
4.96352 0.00959222
4.97795 0.00946103
4.99237 0.00933167
5.0068 0.0092041
5.02122 0.00907831
5.03565 0.00895427
5.05007 0.00883195
5.0645 0.00871133
5.07892 0.00859239
5.09335 0.0084751
5.10777 0.00835943
5.1222 0.00824537
5.13662 0.0081329
5.15105 0.00802198
5.16547 0.0079126
5.1799 0.00780474
5.19432 0.00769837
5.20875 0.00759348
5.22317 0.00749004
5.2376 0.00738803
5.25202 0.00728743
5.26645 0.00718823
5.28087 0.0070904
5.2953 0.00699392
5.30972 0.00689878
5.32415 0.00680495
5.33857 0.00671242
5.353 0.00662117
5.36742 0.00653118
5.38185 0.00644243
5.39627 0.00635491
5.41069 0.00626859
5.42512 0.00618347
5.43954 0.00609952
5.45397 0.00601673
5.46839 0.00593508
5.48282 0.00585456
5.49724 0.00577515
5.51167 0.00569683
5.52609 0.00561959
5.54052 0.00554342
5.55494 0.00546829
5.56937 0.0053942
5.58379 0.00532112
5.59822 0.00524906
5.61264 0.00517798
5.62707 0.00510788
5.64149 0.00503875
5.65592 0.00497056
5.67034 0.00490332
5.68477 0.00483699
5.69919 0.00477158
5.71362 0.00470707
5.72804 0.00464344
5.74247 0.00458068
5.75689 0.00451879
5.77132 0.00445775
5.78574 0.00439754
5.80017 0.00433816
5.81459 0.00427959
5.82902 0.00422182
5.84344 0.00416485
5.85787 0.00410866
5.87229 0.00405323
5.88672 0.00399857
5.90114 0.00394465
5.91557 0.00389147
5.92999 0.00383902
5.94442 0.00378729
5.95884 0.00373627
5.97326 0.00368594
5.98769 0.0036363
6.00211 0.00358734
6.01654 0.00353904
6.03096 0.00349141
6.04539 0.00344443
6.05981 0.00339809
6.07424 0.00335238
6.08866 0.00330729
6.10309 0.00326282
6.11751 0.00321896
6.13194 0.00317569
6.14636 0.00313302
6.16079 0.00309093
6.17521 0.00304941
6.18964 0.00300845
6.20406 0.00296806
6.21849 0.00292821
6.23291 0.00288891
6.24734 0.00285014
6.26176 0.0028119
6.27619 0.00277418
6.29061 0.00273697
6.30504 0.00270027
6.31946 0.00266407
6.33389 0.00262836
6.34831 0.00259313
6.36274 0.00255839
6.37716 0.00252411
6.39159 0.0024903
6.40601 0.00245695
6.42044 0.00242406
6.43486 0.00239161
6.44929 0.0023596
6.46371 0.00232802
6.47814 0.00229687
6.49256 0.00226615
6.50698 0.00223584
6.52141 0.00220594
6.53583 0.00217645
6.55026 0.00214736
6.56468 0.00211866
6.57911 0.00209035
6.59353 0.00206242
6.60796 0.00203488
6.62238 0.0020077
6.63681 0.00198089
6.65123 0.00195445
6.66566 0.00192836
6.68008 0.00190262
6.69451 0.00187724
6.70893 0.00185219
6.72336 0.00182749
6.73778 0.00180312
6.75221 0.00177908
6.76663 0.00175536
6.78106 0.00173196
6.79548 0.00170888
6.80991 0.00168611
6.82433 0.00166365
6.83876 0.00164149
6.85318 0.00161963
6.86761 0.00159806
6.88203 0.00157679
6.89646 0.0015558
6.91088 0.0015351
6.92531 0.00151467
6.93973 0.00149452
6.95416 0.00147464
6.96858 0.00145503
6.98301 0.00143568
6.99743 0.00141659
7.01186 0.00139776
7.02628 0.00137919
7.04071 0.00136086
7.05513 0.00134278
7.06955 0.00132494
7.08398 0.00130735
7.0984 0.00128999
7.11283 0.00127286
7.12725 0.00125596
7.14168 0.00123929
7.1561 0.00122285
7.17053 0.00120662
7.18495 0.00119061
7.19938 0.00117482
7.2138 0.00115924
7.22823 0.00114387
7.24265 0.0011287
7.25708 0.00111374
7.2715 0.00109898
7.28593 0.00108442
7.30035 0.00107005
7.31478 0.00105588
7.3292 0.00104189
7.34363 0.00102809
7.35805 0.00101448
7.37248 0.00100105
7.3869 0.0009878
7.40133 0.000974727
7.41575 0.000961829
7.43018 0.000949103
7.4446 0.000936548
7.45903 0.000924161
7.47345 0.00091194
7.48788 0.000899882
7.5023 0.000887985
7.51673 0.000876248
7.53115 0.000864667
7.54558 0.000853241
7.56 0.000841968
7.57443 0.000830845
7.58885 0.000819871
7.60327 0.000809044
7.6177 0.000798361
7.63212 0.000787821
7.64655 0.000777421
7.66097 0.000767161
7.6754 0.000757037
7.68982 0.000747048
7.70425 0.000737193
7.71867 0.000727469
7.7331 0.000717875
7.74752 0.000708408
7.76195 0.000699068
7.77637 0.000689853
7.7908 0.00068076
7.80522 0.000671788
7.81965 0.000662936
7.83407 0.000654202
7.8485 0.000645584
7.86292 0.000637081
7.87735 0.000628691
7.89177 0.000620412
7.9062 0.000612244
7.92062 0.000604185
7.93505 0.000596232
7.94947 0.000588386
7.9639 0.000580644
7.97832 0.000573005
7.99275 0.000565467
8.00717 0.00055803
8.0216 0.000550691
8.03602 0.00054345
8.05045 0.000536305
8.06487 0.000529255
8.0793 0.000522299
8.09372 0.000515435
8.10815 0.000508663
8.12257 0.00050198
8.137 0.000495386
8.15142 0.000488879
8.16584 0.000482459
8.18027 0.000476123
8.19469 0.000469872
8.20912 0.000463704
8.22354 0.000457618
8.23797 0.000451612
8.25239 0.000445686
8.26682 0.000439839
8.28124 0.000434069
8.29567 0.000428375
8.31009 0.000422757
8.32452 0.000417213
8.33894 0.000411743
8.35337 0.000406345
8.36779 0.000401018
8.38222 0.000395763
8.39664 0.000390576
8.41107 0.000385458
8.42549 0.000380408
8.43992 0.000375425
8.45434 0.000370508
8.46877 0.000365656
8.48319 0.000360868
8.49762 0.000356143
8.51204 0.000351481
8.52647 0.00034688
8.54089 0.00034234
8.55532 0.00033786
8.56974 0.00033344
8.58417 0.000329077
8.59859 0.000324773
8.61302 0.000320525
8.62744 0.000316333
8.64187 0.000312196
8.65629 0.000308115
8.67072 0.000304087
8.68514 0.000300112
8.69956 0.00029619
8.71399 0.000292319
8.72841 0.000288499
8.74284 0.00028473
8.75726 0.000281011
8.77169 0.00027734
8.78611 0.000273718
8.80054 0.000270144
8.81496 0.000266617
8.82939 0.000263136
8.84381 0.000259701
8.85824 0.000256311
8.87266 0.000252967
8.88709 0.000249666
8.90151 0.000246408
8.91594 0.000243194
8.93036 0.000240021
8.94479 0.000236891
8.95921 0.000233801
8.97364 0.000230753
8.98806 0.000227744
9.00249 0.000224775
9.01691 0.000221845
9.03134 0.000218954
9.04576 0.000216101
9.06019 0.000213285
9.07461 0.000210506
9.08904 0.000207764
9.10346 0.000205057
9.11789 0.000202387
9.13231 0.000199751
9.14674 0.00019715
9.16116 0.000194583
9.17559 0.00019205
9.19001 0.00018955
9.20444 0.000187083
9.21886 0.000184648
9.23328 0.000182246
9.24771 0.000179875
9.26213 0.000177534
9.27656 0.000175225
9.29098 0.000172946
9.30541 0.000170697
9.31983 0.000168477
9.33426 0.000166287
9.34868 0.000164125
9.36311 0.000161991
9.37753 0.000159886
9.39196 0.000157808
9.40638 0.000155757
9.42081 0.000153733
9.43523 0.000151736
9.44966 0.000149765
9.46408 0.00014782
9.47851 0.0001459
9.49293 0.000144005
9.50736 0.000142135
9.52178 0.00014029
9.53621 0.000138469
9.55063 0.000136671
9.56506 0.000134897
9.57948 0.000133147
9.59391 0.000131419
9.60833 0.000129714
9.62276 0.000128031
9.63718 0.00012637
9.65161 0.000124731
9.66603 0.000123113
9.68046 0.000121517
9.69488 0.000119941
9.70931 0.000118386
9.72373 0.000116851
9.73816 0.000115336
9.75258 0.000113841
9.76701 0.000112366
9.78143 0.00011091
9.79585 0.000109473
9.81028 0.000108055
9.8247 0.000106655
9.83913 0.000105273
9.85355 0.00010391
9.86798 0.000102564
9.8824 0.000101236
9.89683 9.99251e-05
9.91125 9.86314e-05
9.92568 9.73545e-05
9.9401 9.60944e-05
9.95453 9.48507e-05
9.96895 9.36232e-05
9.98338 9.24117e-05
9.9978 9.1216e-05
10.0122 9.00359e-05
10.0267 8.88711e-05
10.0411 8.77216e-05
10.0555 8.6587e-05
10.0699 8.54673e-05
10.0844 8.43621e-05
10.0988 8.32713e-05
10.1132 8.21947e-05
10.1276 8.11322e-05
10.1421 8.00835e-05
10.1565 7.90484e-05
10.1709 7.80268e-05
10.1853 7.70186e-05
10.1998 7.60234e-05
10.2142 7.50412e-05
10.2286 7.40718e-05
10.243 7.3115e-05
10.2575 7.21707e-05
10.2719 7.12386e-05
10.2863 7.03187e-05
10.3007 6.94107e-05
10.3152 6.85146e-05
10.3296 6.76301e-05
10.344 6.67571e-05
10.3584 6.58954e-05
10.3728 6.5045e-05
10.3873 6.42056e-05
10.4017 6.33771e-05
10.4161 6.25594e-05
10.4305 6.17523e-05
10.445 6.09557e-05
10.4594 6.01694e-05
10.4738 5.93934e-05
10.4882 5.86275e-05
10.5027 5.78715e-05
10.5171 5.71253e-05
10.5315 5.63888e-05
10.5459 5.56618e-05
10.5604 5.49443e-05
10.5748 5.42361e-05
10.5892 5.35372e-05
10.6036 5.28472e-05
10.6181 5.21663e-05
10.6325 5.14941e-05
10.6469 5.08307e-05
10.6613 5.01759e-05
10.6758 4.95296e-05
10.6902 4.88917e-05
10.7046 4.8262e-05
10.719 4.76405e-05
10.7335 4.70271e-05
10.7479 4.64216e-05
10.7623 4.5824e-05
10.7767 4.52341e-05
10.7912 4.46519e-05
10.8056 4.40772e-05
10.82 4.35099e-05
10.8344 4.295e-05
10.8489 4.23974e-05
10.8633 4.18519e-05
10.8777 4.13135e-05
10.8921 4.07821e-05
10.9066 4.02575e-05
10.921 3.97397e-05
10.9354 3.92287e-05
10.9498 3.87242e-05
10.9643 3.82263e-05
10.9787 3.77348e-05
10.9931 3.72497e-05
11.0075 3.67709e-05
11.022 3.62982e-05
11.0364 3.58317e-05
11.0508 3.53712e-05
11.0652 3.49167e-05
11.0797 3.4468e-05
11.0941 3.40252e-05
11.1085 3.35881e-05
11.1229 3.31566e-05
11.1374 3.27307e-05
11.1518 3.23103e-05
11.1662 3.18954e-05
11.1806 3.14858e-05
11.1951 3.10815e-05
11.2095 3.06824e-05
11.2239 3.02885e-05
11.2383 2.98997e-05
11.2528 2.95159e-05
11.2672 2.9137e-05
11.2816 2.87631e-05
11.296 2.8394e-05
11.3105 2.80296e-05
11.3249 2.767e-05
11.3393 2.7315e-05
11.3537 2.69646e-05
11.3682 2.66187e-05
11.3826 2.62772e-05
11.397 2.59402e-05
11.4114 2.56075e-05
11.4259 2.52791e-05
11.4403 2.4955e-05
11.4547 2.4635e-05
11.4691 2.43192e-05
11.4836 2.40075e-05
11.498 2.36997e-05
11.5124 2.33959e-05
11.5268 2.30961e-05
11.5413 2.28001e-05
11.5557 2.25079e-05
11.5701 2.22195e-05
11.5845 2.19349e-05
11.599 2.16538e-05
11.6134 2.13765e-05
11.6278 2.11026e-05
11.6422 2.08324e-05
11.6567 2.05656e-05
11.6711 2.03022e-05
11.6855 2.00422e-05
11.6999 1.97856e-05
11.7144 1.95323e-05
11.7288 1.92822e-05
11.7432 1.90354e-05
11.7576 1.87917e-05
11.7721 1.85512e-05
11.7865 1.83138e-05
11.8009 1.80794e-05
11.8153 1.78481e-05
11.8298 1.76197e-05
11.8442 1.73943e-05
11.8586 1.71717e-05
11.873 1.69521e-05
11.8875 1.67352e-05
11.9019 1.65212e-05
11.9163 1.63099e-05
11.9307 1.61013e-05
11.9452 1.58954e-05
11.9596 1.56922e-05
11.974 1.54915e-05
11.9884 1.52935e-05
12.0029 1.5098e-05
12.0173 1.4905e-05
12.0317 1.47145e-05
12.0461 1.45264e-05
12.0606 1.43407e-05
12.075 1.41575e-05
12.0894 1.39766e-05
12.1038 1.3798e-05
12.1183 1.36217e-05
12.1327 1.34477e-05
12.1471 1.32759e-05
12.1615 1.31063e-05
12.176 1.29389e-05
12.1904 1.27737e-05
12.2048 1.26106e-05
12.2192 1.24495e-05
12.2337 1.22906e-05
12.2481 1.21337e-05
12.2625 1.19787e-05
12.2769 1.18258e-05
12.2914 1.16749e-05
12.3058 1.15259e-05
12.3202 1.13787e-05
12.3346 1.12335e-05
12.3491 1.10902e-05
12.3635 1.09487e-05
12.3779 1.0809e-05
12.3923 1.06711e-05
12.4068 1.05349e-05
12.4212 1.04005e-05
12.4356 1.02679e-05
12.45 1.01369e-05
12.4645 1.00076e-05
12.4789 9.87998e-06
12.4933 9.75399e-06
12.5077 9.62961e-06
12.5222 9.50683e-06
12.5366 9.38562e-06
12.551 9.26597e-06
12.5654 9.14785e-06
12.5799 9.03124e-06
12.5943 8.91613e-06
12.6087 8.80249e-06
12.6231 8.69031e-06
12.6376 8.57957e-06
12.652 8.47024e-06
12.6664 8.36232e-06
12.6808 8.25577e-06
12.6953 8.15059e-06
12.7097 8.04676e-06
12.7241 7.94426e-06
12.7385 7.84307e-06
12.753 7.74318e-06
12.7674 7.64457e-06
12.7818 7.54722e-06
12.7962 7.45111e-06
12.8107 7.35624e-06
12.8251 7.26258e-06
12.8395 7.17011e-06
12.8539 7.07883e-06
12.8684 6.98872e-06
12.8828 6.89977e-06
12.8972 6.81195e-06
12.9116 6.72525e-06
12.9261 6.63966e-06
