-4.25635 0.000602501
-4.24685 0.000613648
-4.23735 0.000625
-4.22784 0.000636559
-4.21834 0.00064833
-4.20884 0.000660317
-4.19933 0.000672523
-4.18983 0.000684952
-4.18033 0.000697609
-4.17082 0.000710498
-4.16132 0.000723623
-4.15182 0.000736987
-4.14231 0.000750596
-4.13281 0.000764454
-4.12331 0.000778565
-4.1138 0.000792934
-4.1043 0.000807565
-4.09479 0.000822464
-4.08529 0.000837634
-4.07579 0.000853082
-4.06628 0.000868811
-4.05678 0.000884828
-4.04728 0.000901137
-4.03777 0.000917743
-4.02827 0.000934652
-4.01877 0.000951869
-4.00926 0.0009694
-3.99976 0.00098725
-3.99026 0.00100543
-3.98075 0.00102393
-3.97125 0.00104278
-3.96175 0.00106196
-3.95224 0.0010815
-3.94274 0.00110139
-3.93324 0.00112164
-3.92373 0.00114226
-3.91423 0.00116326
-3.90472 0.00118463
-3.89522 0.0012064
-3.88572 0.00122856
-3.87621 0.00125112
-3.86671 0.00127409
-3.85721 0.00129748
-3.8477 0.0013213
-3.8382 0.00134554
-3.8287 0.00137023
-3.81919 0.00139536
-3.80969 0.00142095
-3.80019 0.001447
-3.79068 0.00147352
-3.78118 0.00150053
-3.77168 0.00152802
-3.76217 0.00155601
-3.75267 0.0015845
-3.74316 0.00161351
-3.73366 0.00164305
-3.72416 0.00167312
-3.71465 0.00170373
-3.70515 0.00173489
-3.69565 0.00176662
-3.68614 0.00179892
-3.67664 0.0018318
-3.66714 0.00186528
-3.65763 0.00189936
-3.64813 0.00193405
-3.63863 0.00196937
-3.62912 0.00200533
-3.61962 0.00204193
-3.61012 0.00207919
-3.60061 0.00211712
-3.59111 0.00215574
-3.58161 0.00219505
-3.5721 0.00223506
-3.5626 0.0022758
-3.55309 0.00231726
-3.54359 0.00235947
-3.53409 0.00240244
-3.52458 0.00244618
-3.51508 0.00249071
-3.50558 0.00253603
-3.49607 0.00258216
-3.48657 0.00262912
-3.47707 0.00267693
-3.46756 0.00272559
-3.45806 0.00277512
-3.44856 0.00282553
-3.43905 0.00287685
-3.42955 0.00292908
-3.42005 0.00298225
-3.41054 0.00303637
-3.40104 0.00309145
-3.39154 0.00314752
-3.38203 0.00320459
-3.37253 0.00326267
-3.36302 0.0033218
-3.35352 0.00338197
-3.34402 0.00344322
-3.33451 0.00350555
-3.32501 0.003569
-3.31551 0.00363358
-3.306 0.0036993
-3.2965 0.00376619
-3.287 0.00383427
-3.27749 0.00390356
-3.26799 0.00397408
-3.25849 0.00404586
-3.24898 0.0041189
-3.23948 0.00419324
-3.22998 0.0042689
-3.22047 0.00434589
-3.21097 0.00442426
-3.20146 0.004504
-3.19196 0.00458516
-3.18246 0.00466775
-3.17295 0.0047518
-3.16345 0.00483734
-3.15395 0.00492439
-3.14444 0.00501297
-3.13494 0.00510312
-3.12544 0.00519485
-3.11593 0.0052882
-3.10643 0.0053832
-3.09693 0.00547986
-3.08742 0.00557823
-3.07792 0.00567833
-3.06842 0.00578019
-3.05891 0.00588383
-3.04941 0.0059893
-3.03991 0.00609661
-3.0304 0.00620581
-3.0209 0.00631693
-3.01139 0.00642998
-3.00189 0.00654502
-2.99239 0.00666207
-2.98288 0.00678117
-2.97338 0.00690235
-2.96388 0.00702565
-2.95437 0.0071511
-2.94487 0.00727874
-2.93537 0.00740861
-2.92586 0.00754074
-2.91636 0.00767517
-2.90686 0.00781194
-2.89735 0.00795109
-2.88785 0.00809266
-2.87835 0.00823669
-2.86884 0.00838322
-2.85934 0.00853229
-2.84984 0.00868395
-2.84033 0.00883824
-2.83083 0.0089952
-2.82132 0.00915487
-2.81182 0.00931731
-2.80232 0.00948256
-2.79281 0.00965066
-2.78331 0.00982167
-2.77381 0.00999562
-2.7643 0.0101726
-2.7548 0.0103526
-2.7453 0.0105357
-2.73579 0.0107219
-2.72629 0.0109114
-2.71679 0.0111041
-2.70728 0.0113001
-2.69778 0.0114995
-2.68828 0.0117023
-2.67877 0.0119085
-2.66927 0.0121183
-2.65976 0.0123317
-2.65026 0.0125488
-2.64076 0.0127695
-2.63125 0.012994
-2.62175 0.0132223
-2.61225 0.0134545
-2.60274 0.0136907
-2.59324 0.0139309
-2.58374 0.0141752
-2.57423 0.0144236
-2.56473 0.0146762
-2.55523 0.0149331
-2.54572 0.0151944
-2.53622 0.0154601
-2.52672 0.0157303
-2.51721 0.016005
-2.50771 0.0162844
-2.49821 0.0165685
-2.4887 0.0168573
-2.4792 0.0171511
-2.46969 0.0174497
-2.46019 0.0177534
-2.45069 0.0180622
-2.44118 0.0183762
-2.43168 0.0186954
-2.42218 0.0190199
-2.41267 0.0193499
-2.40317 0.0196854
-2.39367 0.0200265
-2.38416 0.0203732
-2.37466 0.0207258
-2.36516 0.0210842
-2.35565 0.0214485
-2.34615 0.0218189
-2.33665 0.0221954
-2.32714 0.0225782
-2.31764 0.0229673
-2.30813 0.0233628
-2.29863 0.0237648
-2.28913 0.0241735
-2.27962 0.0245889
-2.27012 0.0250111
-2.26062 0.0254403
-2.25111 0.0258765
-2.24161 0.0263198
-2.23211 0.0267704
-2.2226 0.0272283
-2.2131 0.0276937
-2.2036 0.0281667
-2.19409 0.0286474
-2.18459 0.0291359
-2.17509 0.0296324
-2.16558 0.0301369
-2.15608 0.0306495
-2.14658 0.0311704
-2.13707 0.0316998
-2.12757 0.0322376
-2.11806 0.0327842
-2.10856 0.0333395
-2.09906 0.0339037
-2.08955 0.0344769
-2.08005 0.0350593
-2.07055 0.0356511
-2.06104 0.0362522
-2.05154 0.036863
-2.04204 0.0374834
-2.03253 0.0381137
-2.02303 0.0387539
-2.01353 0.0394043
-2.00402 0.040065
-1.99452 0.0407361
-1.98502 0.0414177
-1.97551 0.04211
-1.96601 0.0428132
-1.95651 0.0435274
-1.947 0.0442527
-1.9375 0.0449894
-1.92799 0.0457375
-1.91849 0.0464973
-1.90899 0.0472688
-1.89948 0.0480522
-1.88998 0.0488478
-1.88048 0.0496556
-1.87097 0.0504758
-1.86147 0.0513086
-1.85197 0.0521541
-1.84246 0.0530126
-1.83296 0.0538841
-1.82346 0.0547689
-1.81395 0.0556672
-1.80445 0.056579
-1.79495 0.0575046
-1.78544 0.0584441
-1.77594 0.0593978
-1.76643 0.0603657
-1.75693 0.0613482
-1.74743 0.0623453
-1.73792 0.0633572
-1.72842 0.0643841
-1.71892 0.0654263
-1.70941 0.0664838
-1.69991 0.0675569
-1.69041 0.0686457
-1.6809 0.0697505
-1.6714 0.0708714
-1.6619 0.0720086
-1.65239 0.0731623
-1.64289 0.0743327
-1.63339 0.07552
-1.62388 0.0767244
-1.61438 0.077946
-1.60488 0.079185
-1.59537 0.0804417
-1.58587 0.0817162
-1.57636 0.0830087
-1.56686 0.0843195
-1.55736 0.0856486
-1.54785 0.0869963
-1.53835 0.0883628
-1.52885 0.0897483
-1.51934 0.0911529
-1.50984 0.0925769
-1.50034 0.0940204
-1.49083 0.0954837
-1.48133 0.0969668
-1.47183 0.09847
-1.46232 0.0999936
-1.45282 0.101538
-1.44332 0.103102
-1.43381 0.104688
-1.42431 0.106294
-1.41481 0.107922
-1.4053 0.109571
-1.3958 0.111241
-1.38629 0.112934
-1.37679 0.114648
-1.36729 0.116384
-1.35778 0.118142
-1.34828 0.119923
-1.33878 0.121726
-1.32927 0.123552
-1.31977 0.125401
-1.31027 0.127272
-1.30076 0.129167
-1.29126 0.131085
-1.28176 0.133026
-1.27225 0.134991
-1.26275 0.13698
-1.25325 0.138992
-1.24374 0.141028
-1.23424 0.143088
-1.22473 0.145172
-1.21523 0.14728
-1.20573 0.149413
-1.19622 0.151569
-1.18672 0.153751
-1.17722 0.155956
-1.16771 0.158186
-1.15821 0.160441
-1.14871 0.162721
-1.1392 0.165025
-1.1297 0.167353
-1.1202 0.169707
-1.11069 0.172085
-1.10119 0.174487
-1.09169 0.176915
-1.08218 0.179367
-1.07268 0.181844
-1.06318 0.184345
-1.05367 0.186871
-1.04417 0.189421
-1.03466 0.191995
-1.02516 0.194594
-1.01566 0.197217
-1.00615 0.199864
-0.996651 0.202534
-0.987147 0.205228
-0.977644 0.207946
-0.96814 0.210687
-0.958637 0.213452
-0.949133 0.216239
-0.93963 0.219049
-0.930126 0.221881
-0.920623 0.224735
-0.911119 0.227611
-0.901616 0.230509
-0.892112 0.233427
-0.882609 0.236367
-0.873105 0.239327
-0.863602 0.242307
-0.854098 0.245306
-0.844595 0.248325
-0.835091 0.251363
-0.825588 0.254418
-0.816084 0.257491
-0.806581 0.260582
-0.797077 0.263689
-0.787573 0.266812
-0.77807 0.26995
-0.768566 0.273103
-0.759063 0.276271
-0.749559 0.279451
-0.740056 0.282645
-0.730552 0.28585
-0.721049 0.289066
-0.711545 0.292293
-0.702042 0.295529
-0.692538 0.298774
-0.683035 0.302026
-0.673531 0.305286
-0.664028 0.308551
-0.654524 0.311821
-0.645021 0.315096
-0.635517 0.318373
-0.626014 0.321651
-0.61651 0.324931
-0.607007 0.32821
-0.597503 0.331488
-0.588 0.334763
-0.578496 0.338034
-0.568993 0.341299
-0.559489 0.344559
-0.549986 0.34781
-0.540482 0.351052
-0.530979 0.354284
-0.521475 0.357504
-0.511972 0.360711
-0.502468 0.363903
-0.492965 0.367079
-0.483461 0.370238
-0.473958 0.373377
-0.464454 0.376496
-0.454951 0.379592
-0.445447 0.382665
-0.435944 0.385713
-0.42644 0.388733
-0.416937 0.391725
-0.407433 0.394687
-0.39793 0.397617
-0.388426 0.400513
-0.378923 0.403375
-0.369419 0.406199
-0.359916 0.408985
-0.350412 0.411731
-0.340909 0.414435
-0.331405 0.417096
-0.321902 0.419711
-0.312398 0.42228
-0.302895 0.424799
-0.293391 0.427269
-0.283887 0.429687
-0.274384 0.432051
-0.26488 0.43436
-0.255377 0.436613
-0.245873 0.438807
-0.23637 0.440941
-0.226866 0.443015
-0.217363 0.445025
-0.207859 0.446971
-0.198356 0.448851
-0.188852 0.450664
-0.179349 0.452408
-0.169845 0.454083
-0.160342 0.455686
-0.150838 0.457218
-0.141335 0.458676
-0.131831 0.460059
-0.122328 0.461367
-0.112824 0.462597
-0.103321 0.463751
-0.0938173 0.464826
-0.0843138 0.465821
-0.0748103 0.466737
-0.0653068 0.467571
-0.0558033 0.468325
-0.0462998 0.468996
-0.0367962 0.469585
-0.0272927 0.47009
-0.0177892 0.470513
-0.00828571 0.470852
0.0012178 0.471107
0.0107213 0.471278
0.0202248 0.471365
0.0297283 0.471368
0.0392318 0.471287
0.0487353 0.471122
0.0582389 0.470874
0.0677424 0.470542
0.0772459 0.470127
0.0867494 0.46963
0.0962529 0.469051
0.105756 0.46839
0.11526 0.467649
0.124763 0.466827
0.134267 0.465926
0.14377 0.464946
0.153274 0.463888
0.162777 0.462754
0.172281 0.461544
0.181784 0.460259
0.191288 0.4589
0.200791 0.457469
0.210295 0.455967
0.219799 0.454394
0.229302 0.452753
0.238806 0.451044
0.248309 0.449269
0.257813 0.447429
0.267316 0.445526
0.27682 0.443561
0.286323 0.441535
0.295827 0.439451
0.30533 0.437309
0.314834 0.435111
0.324337 0.432859
0.333841 0.430555
0.343344 0.428199
0.352848 0.425794
0.362351 0.42334
0.371855 0.420841
0.381358 0.418297
0.390862 0.415709
0.400365 0.413081
0.409869 0.410412
0.419372 0.407706
0.428876 0.404962
0.438379 0.402184
0.447883 0.399373
0.457386 0.396529
0.46689 0.393656
0.476393 0.390753
0.485897 0.387824
0.4954 0.384869
0.504904 0.38189
0.514407 0.378888
0.523911 0.375865
0.533414 0.372823
0.542918 0.369762
0.552421 0.366685
0.561925 0.363592
0.571428 0.360485
0.580932 0.357365
0.590435 0.354233
0.599939 0.351092
0.609442 0.347942
0.618946 0.344784
0.628449 0.341619
0.637953 0.33845
0.647456 0.335276
0.65696 0.332099
0.666463 0.328921
0.675967 0.325741
0.68547 0.322562
0.694974 0.319384
0.704477 0.316208
0.713981 0.313036
0.723485 0.309867
0.732988 0.306704
0.742492 0.303547
0.751995 0.300396
0.761499 0.297253
0.771002 0.294118
0.780506 0.290993
0.790009 0.287877
0.799513 0.284773
0.809016 0.281679
0.81852 0.278598
0.828023 0.275529
0.837527 0.272473
0.84703 0.269432
0.856534 0.266404
0.866037 0.263392
0.875541 0.260396
0.885044 0.257415
0.894548 0.254451
0.904051 0.251504
0.913555 0.248574
0.923058 0.245662
0.932562 0.242769
0.942065 0.239894
0.951569 0.237038
0.961072 0.234202
0.970576 0.231385
0.980079 0.228588
0.989583 0.225812
0.999086 0.223056
1.00859 0.22032
1.01809 0.217606
1.0276 0.214913
1.0371 0.212242
1.0466 0.209592
1.05611 0.206964
1.06561 0.204358
1.07511 0.201774
1.08462 0.199213
1.09412 0.196673
1.10362 0.194157
1.11313 0.191663
1.12263 0.189192
1.13214 0.186743
1.14164 0.184317
1.15114 0.181915
1.16065 0.179535
1.17015 0.177178
1.17965 0.174844
1.18916 0.172533
1.19866 0.170245
1.20816 0.167981
1.21767 0.165739
1.22717 0.16352
1.23667 0.161324
1.24618 0.159151
1.25568 0.157001
1.26518 0.154873
1.27469 0.152768
1.28419 0.150686
1.2937 0.148627
1.3032 0.14659
1.3127 0.144576
1.32221 0.142584
1.33171 0.140614
1.34121 0.138667
1.35072 0.136741
1.36022 0.134838
1.36972 0.132956
1.37923 0.131096
1.38873 0.129258
1.39823 0.127441
1.40774 0.125645
1.41724 0.123871
1.42674 0.122118
1.43625 0.120385
1.44575 0.118674
1.45525 0.116983
1.46476 0.115313
1.47426 0.113663
1.48377 0.112033
1.49327 0.110424
1.50277 0.108834
1.51228 0.107264
1.52178 0.105714
1.53128 0.104183
1.54079 0.102672
1.55029 0.101179
1.55979 0.099706
1.5693 0.0982514
1.5788 0.0968154
1.5883 0.0953979
1.59781 0.0939986
1.60731 0.0926175
1.61681 0.0912544
1.62632 0.089909
1.63582 0.0885813
1.64532 0.0872711
1.65483 0.0859781
1.66433 0.0847022
1.67384 0.0834433
1.68334 0.0822011
1.69284 0.0809756
1.70235 0.0797665
1.71185 0.0785736
1.72135 0.0773968
1.73086 0.076236
1.74036 0.0750909
1.74986 0.0739615
1.75937 0.0728474
1.76887 0.0717486
1.77837 0.0706648
1.78788 0.069596
1.79738 0.0685419
1.80688 0.0675025
1.81639 0.0664774
1.82589 0.0654666
1.8354 0.0644699
1.8449 0.0634871
1.8544 0.0625181
1.86391 0.0615627
1.87341 0.0606208
1.88291 0.0596921
1.89242 0.0587766
1.90192 0.057874
1.91142 0.0569843
1.92093 0.0561073
1.93043 0.0552427
1.93993 0.0543906
1.94944 0.0535506
1.95894 0.0527227
1.96844 0.0519067
1.97795 0.0511025
1.98745 0.0503099
1.99695 0.0495288
2.00646 0.048759
2.01596 0.0480003
2.02547 0.0472528
2.03497 0.0465161
2.04447 0.0457902
2.05398 0.0450749
2.06348 0.0443701
2.07298 0.0436756
2.08249 0.0429914
2.09199 0.0423172
2.10149 0.041653
2.111 0.0409986
2.1205 0.0403539
2.13 0.0397188
2.13951 0.0390931
2.14901 0.0384767
2.15851 0.0378695
2.16802 0.0372714
2.17752 0.0366822
2.18702 0.0361018
2.19653 0.0355301
2.20603 0.034967
2.21554 0.0344124
2.22504 0.0338661
2.23454 0.0333281
2.24405 0.0327982
2.25355 0.0322763
2.26305 0.0317623
2.27256 0.0312561
2.28206 0.0307576
2.29156 0.0302666
2.30107 0.0297831
2.31057 0.029307
2.32007 0.0288382
2.32958 0.0283765
2.33908 0.0279219
2.34858 0.0274742
2.35809 0.0270334
2.36759 0.0265994
2.3771 0.026172
2.3866 0.0257512
2.3961 0.0253369
2.40561 0.024929
2.41511 0.0245274
2.42461 0.024132
2.43412 0.0237427
2.44362 0.0233594
2.45312 0.0229821
2.46263 0.0226106
2.47213 0.0222449
2.48163 0.0218849
2.49114 0.0215305
2.50064 0.0211816
2.51014 0.0208382
2.51965 0.0205001
2.52915 0.0201673
2.53865 0.0198397
2.54816 0.0195173
2.55766 0.0191999
2.56717 0.0188874
2.57667 0.0185799
2.58617 0.0182772
2.59568 0.0179793
2.60518 0.0176861
2.61468 0.0173975
2.62419 0.0171134
2.63369 0.0168338
2.64319 0.0165587
2.6527 0.0162879
2.6622 0.0160214
2.6717 0.0157591
2.68121 0.0155009
2.69071 0.0152469
2.70021 0.0149969
2.70972 0.0147508
2.71922 0.0145087
2.72872 0.0142704
2.73823 0.014036
2.74773 0.0138052
2.75724 0.0135782
2.76674 0.0133548
2.77624 0.0131349
2.78575 0.0129186
2.79525 0.0127057
2.80475 0.0124962
2.81426 0.0122901
2.82376 0.0120873
2.83326 0.0118877
2.84277 0.0116914
2.85227 0.0114982
2.86177 0.0113081
2.87128 0.0111211
2.88078 0.010937
2.89028 0.010756
2.89979 0.0105779
2.90929 0.0104026
2.9188 0.0102302
2.9283 0.0100605
2.9378 0.00989363
2.94731 0.00972943
2.95681 0.00956789
2.96631 0.00940896
2.97582 0.00925261
2.98532 0.00909879
2.99482 0.00894747
3.00433 0.00879861
3.01383 0.00865216
3.02333 0.0085081
3.03284 0.00836638
3.04234 0.00822696
3.05184 0.00808982
3.06135 0.00795491
3.07085 0.0078222
3.08035 0.00769165
3.08986 0.00756323
3.09936 0.00743691
3.10887 0.00731266
3.11837 0.00719043
3.12787 0.00707021
3.13738 0.00695195
3.14688 0.00683563
3.15638 0.00672121
3.16589 0.00660867
3.17539 0.00649797
3.18489 0.00638909
3.1944 0.006282
3.2039 0.00617667
3.2134 0.00607306
3.22291 0.00597116
3.23241 0.00587094
3.24191 0.00577236
3.25142 0.00567541
3.26092 0.00558006
3.27043 0.00548627
3.27993 0.00539403
3.28943 0.00530332
3.29894 0.0052141
3.30844 0.00512635
3.31794 0.00504005
3.32745 0.00495518
3.33695 0.00487171
3.34645 0.00478963
3.35596 0.0047089
3.36546 0.0046295
3.37496 0.00455142
3.38447 0.00447464
3.39397 0.00439913
3.40347 0.00432487
3.41298 0.00425184
3.42248 0.00418002
3.43198 0.0041094
3.44149 0.00403995
3.45099 0.00397165
3.4605 0.00390449
3.47 0.00383844
3.4795 0.0037735
3.48901 0.00370963
3.49851 0.00364683
3.50801 0.00358507
3.51752 0.00352435
3.52702 0.00346463
3.53652 0.00340591
3.54603 0.00334817
3.55553 0.0032914
3.56503 0.00323557
3.57454 0.00318067
3.58404 0.0031267
3.59354 0.00307362
3.60305 0.00302143
3.61255 0.00297011
3.62205 0.00291966
3.63156 0.00287004
3.64106 0.00282126
3.65057 0.0027733
3.66007 0.00272613
3.66957 0.00267976
3.67908 0.00263417
3.68858 0.00258934
3.69808 0.00254526
3.70759 0.00250192
3.71709 0.00245931
3.72659 0.00241742
3.7361 0.00237623
3.7456 0.00233573
3.7551 0.00229591
3.76461 0.00225676
3.77411 0.00221827
3.78361 0.00218043
3.79312 0.00214323
3.80262 0.00210665
3.81213 0.00207069
3.82163 0.00203533
3.83113 0.00200057
3.84064 0.00196639
3.85014 0.00193279
3.85964 0.00189976
3.86915 0.00186729
3.87865 0.00183536
3.88815 0.00180397
3.89766 0.00177312
3.90716 0.00174278
3.91666 0.00171296
3.92617 0.00168364
3.93567 0.00165482
3.94517 0.00162648
3.95468 0.00159862
3.96418 0.00157124
3.97368 0.00154432
3.98319 0.00151785
3.99269 0.00149183
4.0022 0.00146626
4.0117 0.00144111
4.0212 0.00141639
4.03071 0.0013921
4.04021 0.00136821
4.04971 0.00134473
4.05922 0.00132165
4.06872 0.00129896
4.07822 0.00127665
4.08773 0.00125472
4.09723 0.00123317
4.10673 0.00121198
4.11624 0.00119115
4.12574 0.00117068
4.13524 0.00115055
4.14475 0.00113077
4.15425 0.00111132
4.16375 0.00109221
4.17326 0.00107342
4.18276 0.00105494
4.19227 0.00103679
4.20177 0.00101894
4.21127 0.0010014
4.22078 0.000984153
4.23028 0.000967203
4.23978 0.000950542
4.24929 0.000934165
4.25879 0.000918067
4.26829 0.000902244
4.2778 0.00088669
4.2873 0.000871403
4.2968 0.000856376
4.30631 0.000841606
4.31581 0.000827088
4.32531 0.000812818
4.33482 0.000798792
4.34432 0.000785006
4.35383 0.000771455
4.36333 0.000758136
4.37283 0.000745045
4.38234 0.000732178
4.39184 0.00071953
4.40134 0.0007071
4.41085 0.000694882
4.42035 0.000682873
4.42985 0.00067107
4.43936 0.000659469
4.44886 0.000648067
4.45836 0.00063686
4.46787 0.000625845
4.47737 0.000615019
4.48687 0.000604379
4.49638 0.000593921
4.50588 0.000583643
4.51538 0.00057354
4.52489 0.000563612
4.53439 0.000553853
4.5439 0.000544262
4.5534 0.000534836
4.5629 0.000525572
4.57241 0.000516466
4.58191 0.000507517
4.59141 0.000498722
4.60092 0.000490078
4.61042 0.000481583
4.61992 0.000473234
4.62943 0.000465028
4.63893 0.000456963
4.64843 0.000449037
4.65794 0.000441248
4.66744 0.000433592
4.67694 0.000426068
4.68645 0.000418674
4.69595 0.000411407
4.70545 0.000404265
4.71496 0.000397247
4.72446 0.000390349
4.73397 0.00038357
4.74347 0.000376907
4.75297 0.00037036
4.76248 0.000363926
4.77198 0.000357602
4.78148 0.000351387
4.79099 0.00034528
4.80049 0.000339278
4.80999 0.00033338
4.8195 0.000327583
4.829 0.000321886
4.8385 0.000316288
4.84801 0.000310786
4.85751 0.00030538
4.86701 0.000300066
4.87652 0.000294845
4.88602 0.000289713
4.89553 0.000284671
4.90503 0.000279715
4.91453 0.000274845
4.92404 0.00027006
4.93354 0.000265357
4.94304 0.000260735
4.95255 0.000256194
4.96205 0.00025173
4.97155 0.000247345
4.98106 0.000243035
4.99056 0.000238799
5.00006 0.000234637
5.00957 0.000230547
5.01907 0.000226528
5.02857 0.000222578
5.03808 0.000218697
5.04758 0.000214883
5.05708 0.000211135
5.06659 0.000207452
5.07609 0.000203833
5.0856 0.000200276
5.0951 0.000196781
5.1046 0.000193347
5.11411 0.000189972
5.12361 0.000186656
5.13311 0.000183398
5.14262 0.000180196
5.15212 0.000177049
5.16162 0.000173957
5.17113 0.000170919
5.18063 0.000167933
5.19013 0.000164999
5.19964 0.000162117
5.20914 0.000159284
5.21864 0.0001565
5.22815 0.000153765
5.23765 0.000151077
