-0.420456 0.000459092
-0.330589 0.000884947
-0.240722 0.00163381
-0.150855 0.00287499
-0.0609881 0.00480339
0.0288789 0.00760214
0.118746 0.0113931
0.208613 0.016195
0.29848 0.0219083
0.388347 0.0283343
0.478214 0.035217
0.568081 0.0422894
0.657948 0.0493105
0.747815 0.0560859
0.837682 0.062474
0.927549 0.0683832
1.01742 0.0737632
1.10728 0.0785956
1.19715 0.0828853
1.28702 0.0866523
1.37688 0.0899263
1.46675 0.0927423
1.55662 0.0951377
1.64649 0.0971499
1.73635 0.0988152
1.82622 0.100168
1.91609 0.101241
2.00595 0.102063
2.09582 0.102661
2.18569 0.10306
2.27555 0.103282
2.36542 0.103346
2.45529 0.103271
2.54516 0.103073
2.63502 0.102765
2.72489 0.10236
2.81476 0.101871
2.90462 0.101307
2.99449 0.100677
3.08436 0.0999892
3.17422 0.0992513
3.26409 0.0984695
3.35396 0.0976498
3.44383 0.0967972
3.53369 0.0959165
3.62356 0.0950118
3.71343 0.0940869
3.80329 0.093145
3.89316 0.0921892
3.98303 0.0912221
4.07289 0.0902462
4.16276 0.0892636
4.25263 0.0882762
4.3425 0.0872857
4.43236 0.0862937
4.52223 0.0853016
4.6121 0.0843106
4.70196 0.0833217
4.79183 0.082336
4.8817 0.0813544
4.97157 0.0803776
5.06143 0.0794064
5.1513 0.0784412
5.24117 0.0774828
5.33103 0.0765315
5.4209 0.0755878
5.51077 0.0746521
5.60063 0.0737246
5.6905 0.0728057
5.78037 0.0718956
5.87024 0.0709946
5.9601 0.0701027
6.04997 0.0692201
6.13984 0.068347
6.2297 0.0674835
6.31957 0.0666296
6.40944 0.0657854
6.4993 0.0649509
6.58917 0.0641261
6.67904 0.0633112
6.76891 0.062506
6.85877 0.0617105
6.94864 0.0609247
7.03851 0.0601487
7.12837 0.0593823
7.21824 0.0586254
7.30811 0.0578782
7.39797 0.0571404
7.48784 0.056412
7.57771 0.0556929
7.66758 0.0549832
7.75744 0.0542826
7.84731 0.0535911
7.93718 0.0529086
8.02704 0.052235
8.11691 0.0515703
8.20678 0.0509143
8.29664 0.050267
8.38651 0.0496282
8.47638 0.0489978
8.56625 0.0483758
8.65611 0.0477621
8.74598 0.0471565
8.83585 0.046559
8.92571 0.0459695
9.01558 0.0453878
9.10545 0.0448139
9.19532 0.0442476
9.28518 0.0436889
9.37505 0.0431377
9.46492 0.0425939
9.55478 0.0420573
9.64465 0.0415279
9.73452 0.0410056
9.82438 0.0404903
9.91425 0.0399818
10.0041 0.0394802
10.094 0.0389853
10.1839 0.0384969
10.2737 0.0380151
10.3636 0.0375398
10.4535 0.0370708
10.5433 0.036608
10.6332 0.0361514
10.7231 0.0357009
10.8129 0.0352564
10.9028 0.0348179
10.9927 0.0343851
11.0825 0.0339581
11.1724 0.0335368
11.2623 0.0331211
11.3521 0.0327109
11.442 0.0323061
11.5319 0.0319066
11.6217 0.0315125
11.7116 0.0311236
11.8015 0.0307398
11.8913 0.0303611
11.9812 0.0299873
12.0711 0.0296185
12.1609 0.0292545
12.2508 0.0288953
12.3407 0.0285409
12.4305 0.0281911
12.5204 0.0278458
12.6103 0.0275051
12.7001 0.0271689
12.79 0.026837
12.8799 0.0265095
12.9697 0.0261862
13.0596 0.0258671
13.1495 0.0255522
13.2393 0.0252414
13.3292 0.0249347
13.4191 0.0246319
13.5089 0.024333
13.5988 0.024038
13.6887 0.0237468
13.7785 0.0234594
13.8684 0.0231757
13.9583 0.0228956
14.0481 0.0226192
14.138 0.0223463
14.2279 0.0220769
14.3177 0.0218109
14.4076 0.0215484
14.4975 0.0212892
14.5873 0.0210334
14.6772 0.0207808
14.7671 0.0205315
14.8569 0.0202853
14.9468 0.0200423
15.0367 0.0198023
15.1265 0.0195654
15.2164 0.0193316
15.3063 0.0191006
15.3961 0.0188727
15.486 0.0186476
15.5759 0.0184253
15.6657 0.0182059
15.7556 0.0179892
15.8455 0.0177753
15.9353 0.017564
16.0252 0.0173554
16.1151 0.0171495
16.2049 0.0169461
16.2948 0.0167453
16.3847 0.016547
16.4745 0.0163512
16.5644 0.0161578
16.6543 0.0159668
16.7441 0.0157783
16.834 0.0155921
16.9239 0.0154082
17.0137 0.0152266
17.1036 0.0150472
17.1935 0.0148701
17.2833 0.0146952
17.3732 0.0145225
17.4631 0.0143519
17.5529 0.0141834
17.6428 0.014017
17.7327 0.0138526
17.8225 0.0136903
17.9124 0.01353
18.0023 0.0133717
18.0922 0.0132153
18.182 0.0130608
18.2719 0.0129083
18.3618 0.0127576
18.4516 0.0126087
18.5415 0.0124617
18.6314 0.0123165
18.7212 0.0121731
18.8111 0.0120314
18.901 0.0118915
18.9908 0.0117532
19.0807 0.0116167
19.1706 0.0114818
19.2604 0.0113486
19.3503 0.0112169
19.4402 0.0110869
19.53 0.0109585
19.6199 0.0108316
19.7098 0.0107063
19.7996 0.0105824
19.8895 0.0104601
19.9794 0.0103393
20.0692 0.0102199
20.1591 0.010102
20.249 0.00998544
20.3388 0.00987034
20.4287 0.00975662
20.5186 0.00964427
20.6084 0.00953327
20.6983 0.00942361
20.7882 0.00931527
20.878 0.00920823
20.9679 0.00910247
21.0578 0.00899798
21.1476 0.00889475
21.2375 0.00879275
21.3274 0.00869197
21.4172 0.00859239
21.5071 0.00849401
21.597 0.0083968
21.6868 0.00830075
21.7767 0.00820585
21.8666 0.00811207
21.9564 0.00801942
22.0463 0.00792786
22.1362 0.0078374
22.226 0.00774801
22.3159 0.00765968
22.4058 0.0075724
22.4956 0.00748615
22.5855 0.00740093
22.6754 0.00731671
22.7652 0.0072335
22.8551 0.00715126
22.945 0.00707
23.0348 0.0069897
23.1247 0.00691035
23.2146 0.00683193
23.3044 0.00675444
23.3943 0.00667786
23.4842 0.00660218
23.574 0.00652739
23.6639 0.00645348
23.7538 0.00638044
23.8436 0.00630826
23.9335 0.00623693
24.0234 0.00616643
24.1132 0.00609676
24.2031 0.00602791
24.293 0.00595986
24.3828 0.00589261
24.4727 0.00582614
24.5626 0.00576045
24.6524 0.00569553
24.7423 0.00563137
24.8322 0.00556795
24.922 0.00550528
25.0119 0.00544333
25.1018 0.00538211
25.1916 0.0053216
25.2815 0.00526179
25.3714 0.00520268
25.4612 0.00514426
25.5511 0.00508652
25.641 0.00502944
25.7308 0.00497303
25.8207 0.00491727
25.9106 0.00486216
26.0004 0.00480769
26.0903 0.00475384
26.1802 0.00470062
26.27 0.00464802
26.3599 0.00459602
26.4498 0.00454463
26.5397 0.00449383
26.6295 0.00444361
26.7194 0.00439397
26.8093 0.00434491
26.8991 0.00429641
26.989 0.00424847
27.0789 0.00420108
27.1687 0.00415424
27.2586 0.00410794
27.3485 0.00406217
27.4383 0.00401692
27.5282 0.00397219
27.6181 0.00392798
27.7079 0.00388428
27.7978 0.00384107
27.8877 0.00379836
27.9775 0.00375614
28.0674 0.00371441
28.1573 0.00367315
28.2471 0.00363236
28.337 0.00359204
28.4269 0.00355218
28.5167 0.00351278
28.6066 0.00347382
28.6965 0.00343531
28.7863 0.00339724
28.8762 0.0033596
28.9661 0.0033224
29.0559 0.00328561
29.1458 0.00324925
29.2357 0.0032133
29.3255 0.00317776
29.4154 0.00314262
29.5053 0.00310788
29.5951 0.00307354
29.685 0.00303958
29.7749 0.00300602
29.8647 0.00297283
29.9546 0.00294002
30.0445 0.00290758
30.1343 0.00287551
30.2242 0.0028438
30.3141 0.00281245
30.4039 0.00278146
30.4938 0.00275082
30.5837 0.00272052
30.6735 0.00269057
30.7634 0.00266095
30.8533 0.00263167
30.9431 0.00260272
31.033 0.0025741
31.1229 0.0025458
31.2127 0.00251782
31.3026 0.00249015
31.3925 0.0024628
31.4823 0.00243575
31.5722 0.00240901
31.6621 0.00238257
31.7519 0.00235643
31.8418 0.00233058
31.9317 0.00230502
32.0215 0.00227975
32.1114 0.00225476
32.2013 0.00223005
32.2911 0.00220562
32.381 0.00218147
32.4709 0.00215759
32.5607 0.00213397
32.6506 0.00211062
32.7405 0.00208753
32.8303 0.0020647
32.9202 0.00204212
33.0101 0.0020198
33.0999 0.00199773
33.1898 0.0019759
33.2797 0.00195432
33.3695 0.00193298
33.4594 0.00191187
33.5493 0.00189101
33.6391 0.00187037
33.729 0.00184997
33.8189 0.0018298
33.9087 0.00180984
33.9986 0.00179012
34.0885 0.00177061
34.1783 0.00175132
34.2682 0.00173224
34.3581 0.00171338
34.4479 0.00169472
34.5378 0.00167628
34.6277 0.00165804
34.7175 0.00164
34.8074 0.00162216
34.8973 0.00160452
34.9872 0.00158708
35.077 0.00156983
35.1669 0.00155277
35.2568 0.0015359
35.3466 0.00151922
35.4365 0.00150273
35.5264 0.00148641
35.6162 0.00147028
35.7061 0.00145433
35.796 0.00143855
35.8858 0.00142295
35.9757 0.00140752
36.0656 0.00139226
36.1554 0.00137717
36.2453 0.00136224
36.3352 0.00134749
36.425 0.00133289
36.5149 0.00131846
36.6048 0.00130418
36.6946 0.00129007
36.7845 0.0012761
36.8744 0.0012623
36.9642 0.00124864
37.0541 0.00123514
37.144 0.00122179
37.2338 0.00120858
37.3237 0.00119552
37.4136 0.0011826
37.5034 0.00116982
37.5933 0.00115719
37.6832 0.00114469
37.773 0.00113233
37.8629 0.00112011
37.9528 0.00110802
38.0426 0.00109607
38.1325 0.00108424
38.2224 0.00107255
38.3122 0.00106099
38.4021 0.00104955
38.492 0.00103823
38.5818 0.00102705
38.6717 0.00101598
38.7616 0.00100504
38.8514 0.000994213
38.9413 0.000983507
39.0312 0.000972919
39.121 0.000962447
39.2109 0.00095209
39.3008 0.000941847
39.3906 0.000931715
39.4805 0.000921695
39.5704 0.000911784
39.6602 0.000901981
39.7501 0.000892286
39.84 0.000882697
39.9298 0.000873213
40.0197 0.000863833
40.1096 0.000854555
40.1994 0.000845378
40.2893 0.000836302
40.3792 0.000827325
40.469 0.000818445
40.5589 0.000809663
40.6488 0.000800977
40.7386 0.000792385
40.8285 0.000783887
40.9184 0.000775482
41.0082 0.000767169
41.0981 0.000758946
41.188 0.000750812
41.2778 0.000742768
41.3677 0.00073481
41.4576 0.00072694
41.5474 0.000719155
41.6373 0.000711455
41.7272 0.000703839
41.817 0.000696306
41.9069 0.000688854
41.9968 0.000681484
42.0866 0.000674194
42.1765 0.000666983
42.2664 0.00065985
42.3562 0.000652795
42.4461 0.000645817
42.536 0.000638914
42.6258 0.000632086
42.7157 0.000625333
42.8056 0.000618652
42.8954 0.000612044
42.9853 0.000605508
43.0752 0.000599043
43.165 0.000592648
43.2549 0.000586322
43.3448 0.000580065
43.4347 0.000573875
43.5245 0.000567753
43.6144 0.000561697
43.7043 0.000555706
43.7941 0.00054978
43.884 0.000543919
43.9739 0.000538121
44.0637 0.000532385
44.1536 0.000526712
44.2435 0.0005211
44.3333 0.000515549
44.4232 0.000510058
44.5131 0.000504626
44.6029 0.000499252
44.6928 0.000493937
44.7827 0.00048868
44.8725 0.000483479
44.9624 0.000478334
45.0523 0.000473244
45.1421 0.00046821
45.232 0.00046323
45.3219 0.000458304
45.4117 0.000453431
45.5016 0.00044861
45.5915 0.000443841
45.6813 0.000439124
45.7712 0.000434458
45.8611 0.000429842
45.9509 0.000425275
46.0408 0.000420758
46.1307 0.00041629
46.2205 0.000411869
46.3104 0.000407496
46.4003 0.000403171
46.4901 0.000398891
46.58 0.000394658
46.6699 0.000390471
46.7597 0.000386328
46.8496 0.00038223
46.9395 0.000378176
47.0293 0.000374166
47.1192 0.000370198
47.2091 0.000366274
47.2989 0.000362391
47.3888 0.00035855
47.4787 0.000354751
47.5685 0.000350992
47.6584 0.000347274
47.7483 0.000343595
47.8381 0.000339956
47.928 0.000336356
48.0179 0.000332795
48.1077 0.000329271
48.1976 0.000325786
48.2875 0.000322338
48.3773 0.000318927
48.4672 0.000315552
48.5571 0.000312214
48.6469 0.000308912
48.7368 0.000305644
48.8267 0.000302412
48.9165 0.000299215
49.0064 0.000296051
49.0963 0.000292922
49.1861 0.000289826
49.276 0.000286763
49.3659 0.000283733
49.4557 0.000280735
49.5456 0.000277769
49.6355 0.000274836
49.7253 0.000271933
49.8152 0.000269061
49.9051 0.000266221
49.9949 0.00026341
50.0848 0.00026063
50.1747 0.000257879
50.2645 0.000255158
50.3544 0.000252465
50.4443 0.000249802
50.5341 0.000247167
50.624 0.00024456
50.7139 0.000241981
50.8037 0.000239429
50.8936 0.000236905
50.9835 0.000234407
51.0733 0.000231936
51.1632 0.000229492
51.2531 0.000227073
51.3429 0.000224681
51.4328 0.000222314
51.5227 0.000219972
51.6125 0.000217655
51.7024 0.000215362
51.7923 0.000213095
51.8822 0.000210851
51.972 0.000208631
52.0619 0.000206435
52.1518 0.000204262
52.2416 0.000202112
52.3315 0.000199986
52.4214 0.000197881
52.5112 0.0001958
52.6011 0.00019374
52.691 0.000191702
52.7808 0.000189686
52.8707 0.000187692
52.9606 0.000185718
53.0504 0.000183766
53.1403 0.000181834
53.2302 0.000179923
53.32 0.000178032
53.4099 0.000176161
53.4998 0.000174311
53.5896 0.000172479
53.6795 0.000170668
53.7694 0.000168875
53.8592 0.000167101
53.9491 0.000165347
54.039 0.000163611
54.1288 0.000161893
54.2187 0.000160194
54.3086 0.000158512
54.3984 0.000156849
54.4883 0.000155203
54.5782 0.000153574
54.668 0.000151963
54.7579 0.000150369
54.8478 0.000148792
54.9376 0.000147231
55.0275 0.000145687
55.1174 0.00014416
55.2072 0.000142648
55.2971 0.000141153
55.387 0.000139673
55.4768 0.000138209
55.5667 0.000136761
55.6566 0.000135328
55.7464 0.00013391
55.8363 0.000132507
55.9262 0.000131119
56.016 0.000129745
56.1059 0.000128387
56.1958 0.000127042
56.2856 0.000125712
56.3755 0.000124396
56.4654 0.000123093
56.5552 0.000121805
56.6451 0.00012053
56.735 0.000119269
56.8248 0.00011802
56.9147 0.000116786
57.0046 0.000115564
57.0944 0.000114355
57.1843 0.000113159
57.2742 0.000111975
57.364 0.000110804
57.4539 0.000109645
57.5438 0.000108499
57.6336 0.000107365
57.7235 0.000106242
57.8134 0.000105132
57.9032 0.000104033
57.9931 0.000102946
58.083 0.00010187
58.1728 0.000100805
58.2627 9.97523e-05
58.3526 9.87102e-05
58.4424 9.76791e-05
58.5323 9.66589e-05
58.6222 9.56494e-05
58.712 9.46506e-05
58.8019 9.36623e-05
58.8918 9.26844e-05
58.9816 9.17169e-05
59.0715 9.07595e-05
59.1614 8.98122e-05
59.2512 8.88749e-05
59.3411 8.79474e-05
59.431 8.70297e-05
59.5208 8.61217e-05
59.6107 8.52233e-05
59.7006 8.43343e-05
59.7904 8.34546e-05
59.8803 8.25842e-05
59.9702 8.1723e-05
60.06 8.08708e-05
60.1499 8.00276e-05
60.2398 7.91933e-05
60.3297 7.83677e-05
60.4195 7.75508e-05
60.5094 7.67425e-05
60.5993 7.59427e-05
60.6891 7.51514e-05
60.779 7.43683e-05
60.8689 7.35935e-05
60.9587 7.28268e-05
61.0486 7.20681e-05
61.1385 7.13175e-05
61.2283 7.05747e-05
61.3182 6.98397e-05
61.4081 6.91125e-05
61.4979 6.83928e-05
61.5878 6.76808e-05
61.6777 6.69762e-05
61.7675 6.6279e-05
61.8574 6.55891e-05
61.9473 6.49065e-05
62.0371 6.4231e-05
62.127 6.35627e-05
62.2169 6.29013e-05
62.3067 6.22469e-05
62.3966 6.15993e-05
62.4865 6.09585e-05
62.5763 6.03245e-05
62.6662 5.96971e-05
62.7561 5.90763e-05
62.8459 5.8462e-05
62.9358 5.78541e-05
63.0257 5.72526e-05
63.1155 5.66574e-05
63.2054 5.60684e-05
63.2953 5.54857e-05
63.3851 5.4909e-05
63.475 5.43384e-05
63.5649 5.37737e-05
63.6547 5.3215e-05
63.7446 5.26621e-05
63.8345 5.2115e-05
63.9243 5.15736e-05
64.0142 5.10379e-05
64.1041 5.05078e-05
64.1939 4.99833e-05
64.2838 4.94642e-05
64.3737 4.89506e-05
64.4635 4.84423e-05
64.5534 4.79394e-05
64.6433 4.74417e-05
64.7331 4.69493e-05
64.823 4.6462e-05
64.9129 4.59798e-05
65.0027 4.55026e-05
65.0926 4.50304e-05
65.1825 4.45632e-05
65.2723 4.41008e-05
65.3622 4.36433e-05
65.4521 4.31906e-05
65.5419 4.27426e-05
65.6318 4.22992e-05
65.7217 4.18605e-05
65.8115 4.14264e-05
65.9014 4.09969e-05
65.9913 4.05718e-05
66.0811 4.01511e-05
66.171 3.97349e-05
66.2609 3.9323e-05
66.3507 3.89154e-05
66.4406 3.85121e-05
66.5305 3.81129e-05
66.6203 3.7718e-05
66.7102 3.73271e-05
66.8001 3.69404e-05
66.8899 3.65576e-05
66.9798 3.61789e-05
67.0697 3.58041e-05
67.1595 3.54333e-05
67.2494 3.50663e-05
67.3393 3.47031e-05
67.4291 3.43437e-05
67.519 3.39881e-05
67.6089 3.36362e-05
67.6987 3.32879e-05
67.7886 3.29433e-05
67.8785 3.26023e-05
67.9683 3.22648e-05
68.0582 3.19309e-05
68.1481 3.16004e-05
68.2379 3.12734e-05
68.3278 3.09497e-05
68.4177 3.06295e-05
68.5075 3.03126e-05
68.5974 2.9999e-05
68.6873 2.96886e-05
68.7772 2.93815e-05
68.867 2.90776e-05
68.9569 2.87769e-05
69.0468 2.84793e-05
69.1366 2.81848e-05
69.2265 2.78933e-05
69.3164 2.76049e-05
69.4062 2.73195e-05
69.4961 2.70371e-05
69.586 2.67576e-05
69.6758 2.6481e-05
69.7657 2.62073e-05
69.8556 2.59364e-05
69.9454 2.56684e-05
70.0353 2.54031e-05
70.1252 2.51406e-05
70.215 2.48809e-05
70.3049 2.46238e-05
70.3948 2.43694e-05
70.4846 2.41177e-05
70.5745 2.38685e-05
70.6644 2.3622e-05
70.7542 2.3378e-05
70.8441 2.31366e-05
70.934 2.28977e-05
71.0238 2.26612e-05
71.1137 2.24273e-05
71.2036 2.21957e-05
71.2934 2.19666e-05
71.3833 2.17398e-05
71.4732 2.15154e-05
71.563 2.12933e-05
71.6529 2.10736e-05
71.7428 2.08561e-05
71.8326 2.06408e-05
71.9225 2.04279e-05
72.0124 2.02171e-05
72.1022 2.00085e-05
72.1921 1.98021e-05
72.282 1.95978e-05
72.3718 1.93956e-05
72.4617 1.91956e-05
72.5516 1.89976e-05
72.6414 1.88016e-05
72.7313 1.86078e-05
72.8212 1.84159e-05
72.911 1.8226e-05
73.0009 1.80381e-05
73.0908 1.78521e-05
73.1806 1.7668e-05
73.2705 1.74859e-05
73.3604 1.73057e-05
73.4502 1.71273e-05
73.5401 1.69508e-05
73.63 1.67761e-05
73.7198 1.66032e-05
73.8097 1.64321e-05
73.8996 1.62628e-05
73.9894 1.60952e-05
74.0793 1.59294e-05
74.1692 1.57653e-05
74.259 1.56029e-05
74.3489 1.54422e-05
74.4388 1.52831e-05
74.5286 1.51257e-05
74.6185 1.49699e-05
74.7084 1.48158e-05
74.7982 1.46632e-05
74.8881 1.45122e-05
74.978 1.43628e-05
75.0678 1.42149e-05
75.1577 1.40686e-05
75.2476 1.39238e-05
75.3374 1.37804e-05
75.4273 1.36386e-05
75.5172 1.34982e-05
75.607 1.33593e-05
75.6969 1.32218e-05
75.7868 1.30858e-05
75.8766 1.29511e-05
75.9665 1.28179e-05
76.0564 1.2686e-05
76.1462 1.25555e-05
76.2361 1.24263e-05
76.326 1.22985e-05
76.4158 1.2172e-05
76.5057 1.20468e-05
76.5956 1.19229e-05
76.6854 1.18003e-05
76.7753 1.16789e-05
76.8652 1.15588e-05
76.955 1.144e-05
77.0449 1.13223e-05
77.1348 1.12059e-05
77.2247 1.10907e-05
77.3145 1.09767e-05
77.4044 1.08639e-05
77.4943 1.07522e-05
77.5841 1.06417e-05
77.674 1.05323e-05
77.7639 1.04241e-05
77.8537 1.0317e-05
77.9436 1.0211e-05
78.0335 1.0106e-05
78.1233 1.00022e-05
78.2132 9.89945e-06
78.3031 9.79775e-06
78.3929 9.6971e-06
78.4828 9.59749e-06
78.5727 9.49891e-06
78.6625 9.40135e-06
78.7524 9.30479e-06
78.8423 9.20923e-06
78.9321 9.11466e-06
79.022 9.02107e-06
79.1119 8.92844e-06
79.2017 8.83676e-06
79.2916 8.74604e-06
79.3815 8.65625e-06
79.4713 8.56739e-06
79.5612 8.47944e-06
79.6511 8.3924e-06
79.7409 8.30626e-06
79.8308 8.22101e-06
79.9207 8.13664e-06
80.0105 8.05314e-06
80.1004 7.9705e-06
80.1903 7.88871e-06
80.2801 7.80777e-06
80.37 7.72766e-06
80.4599 7.64838e-06
80.5497 7.56992e-06
80.6396 7.49226e-06
80.7295 7.41541e-06
80.8193 7.33934e-06
80.9092 7.26407e-06
80.9991 7.18957e-06
81.0889 7.11583e-06
81.1788 7.04286e-06
81.2687 6.97064e-06
81.3585 6.89916e-06
81.4484 6.82842e-06
81.5383 6.75841e-06
81.6281 6.68912e-06
81.718 6.62055e-06
81.8079 6.55268e-06
81.8977 6.48551e-06
81.9876 6.41903e-06
82.0775 6.35324e-06
82.1673 6.28813e-06
82.2572 6.22368e-06
82.3471 6.1599e-06
82.4369 6.09678e-06
82.5268 6.03431e-06
82.6167 5.97248e-06
82.7065 5.91128e-06
82.7964 5.85072e-06
82.8863 5.79078e-06
82.9761 5.73146e-06
83.066 5.67275e-06
83.1559 5.61464e-06
83.2457 5.55713e-06
83.3356 5.50022e-06
83.4255 5.44389e-06
83.5153 5.38813e-06
83.6052 5.33296e-06
83.6951 5.27835e-06
83.7849 5.2243e-06
83.8748 5.17081e-06
83.9647 5.11787e-06
84.0545 5.06547e-06
84.1444 5.01361e-06
84.2343 4.96229e-06
84.3241 4.91149e-06
84.414 4.86122e-06
84.5039 4.81146e-06
84.5937 4.76222e-06
84.6836 4.71348e-06
84.7735 4.66524e-06
84.8633 4.6175e-06
84.9532 4.57025e-06
85.0431 4.52349e-06
85.1329 4.47721e-06
85.2228 4.4314e-06
85.3127 4.38606e-06
85.4025 4.34119e-06
85.4924 4.29678e-06
85.5823 4.25283e-06
85.6722 4.20933e-06
85.762 4.16627e-06
85.8519 4.12366e-06
85.9418 4.08149e-06
86.0316 4.03975e-06
86.1215 3.99844e-06
86.2114 3.95755e-06
86.3012 3.91708e-06
86.3911 3.87703e-06
86.481 3.83739e-06
86.5708 3.79816e-06
86.6607 3.75933e-06
86.7506 3.7209e-06
86.8404 3.68286e-06
86.9303 3.64521e-06
87.0202 3.60795e-06
87.11 3.57108e-06
87.1999 3.53458e-06
87.2898 3.49846e-06
87.3796 3.4627e-06
87.4695 3.42732e-06
87.5594 3.3923e-06
87.6492 3.35763e-06
87.7391 3.32333e-06
87.829 3.28937e-06
87.9188 3.25577e-06
88.0087 3.2225e-06
88.0986 3.18958e-06
88.1884 3.157e-06
88.2783 3.12475e-06
88.3682 3.09284e-06
88.458 3.06125e-06
88.5479 3.02998e-06
88.6378 2.99904e-06
88.7276 2.96841e-06
88.8175 2.9381e-06
88.9074 2.9081e-06
88.9972 2.8784e-06
89.0871 2.84901e-06
89.177 2.81992e-06
89.2668 2.79113e-06
89.3567 2.76264e-06
