-4.69349 4.72905e-05
-4.54936 5.76131e-05
-4.40523 7.01546e-05
-4.2611 8.53814e-05
-4.11697 0.000103855
-3.97284 0.00012625
-3.82871 0.000153374
-3.68458 0.000186197
-3.54046 0.000225874
-3.39633 0.000273783
-3.2522 0.000331561
-3.10807 0.000401148
-2.96394 0.000484831
-2.81981 0.000585298
-2.67568 0.000705696
-2.53155 0.00084968
-2.38742 0.00102147
-2.24329 0.00122591
-2.09917 0.00146848
-1.95504 0.00175533
-1.81091 0.00209323
-1.66678 0.00248952
-1.52265 0.00295194
-1.37852 0.00348833
-1.23439 0.00410631
-1.09026 0.00481267
-0.946134 0.00561265
-0.802005 0.00650912
-0.657876 0.00750157
-0.513747 0.00858531
-0.369618 0.00975084
-0.225489 0.0109838
-0.0813597 0.0122658
0.0627694 0.0135758
0.206898 0.0148919
0.351027 0.0161937
0.495156 0.0174639
0.639285 0.0186888
0.783414 0.019859
0.927543 0.0209686
1.07167 0.0220149
1.2158 0.0229973
1.35993 0.023917
1.50406 0.0247761
1.64819 0.0255773
1.79232 0.0263238
1.93645 0.0270186
2.08058 0.0276651
2.2247 0.0282662
2.36883 0.028825
2.51296 0.0293441
2.65709 0.0298262
2.80122 0.0302736
2.94535 0.0306886
3.08948 0.0310732
3.23361 0.0314292
3.37774 0.0317585
3.52187 0.0320626
3.66599 0.0323431
3.81012 0.0326013
3.95425 0.0328384
4.09838 0.0330557
4.24251 0.0332543
4.38664 0.0334351
4.53077 0.0335992
4.6749 0.0337474
4.81903 0.0338806
4.96316 0.0339994
5.10728 0.0341047
5.25141 0.0341971
5.39554 0.0342773
5.53967 0.0343458
5.6838 0.0344032
5.82793 0.03445
5.97206 0.0344868
6.11619 0.034514
6.26032 0.034532
6.40445 0.0345414
6.54857 0.0345424
6.6927 0.0345354
6.83683 0.0345209
6.98096 0.0344991
7.12509 0.0344704
7.26922 0.0344351
7.41335 0.0343935
7.55748 0.0343458
7.70161 0.0342923
7.84574 0.0342334
7.98987 0.0341691
8.13399 0.0340998
8.27812 0.0340257
8.42225 0.0339469
8.56638 0.0338638
8.71051 0.0337764
8.85464 0.033685
8.99877 0.0335897
9.1429 0.0334908
9.28703 0.0333883
9.43116 0.0332825
9.57528 0.0331735
9.71941 0.0330613
9.86354 0.0329463
10.0077 0.0328284
10.1518 0.0327079
10.2959 0.0325849
10.4401 0.0324594
10.5842 0.0323316
10.7283 0.0322016
10.8724 0.0320695
11.0166 0.0319354
11.1607 0.0317994
11.3048 0.0316616
11.449 0.0315221
11.5931 0.031381
11.7372 0.0312383
11.8813 0.0310942
12.0255 0.0309487
12.1696 0.0308019
12.3137 0.0306539
12.4579 0.0305048
12.602 0.0303545
12.7461 0.0302032
12.8903 0.030051
13.0344 0.0298978
13.1785 0.0297438
13.3226 0.0295891
13.4668 0.0294336
13.6109 0.0292775
13.755 0.0291207
13.8992 0.0289634
14.0433 0.0288055
14.1874 0.0286472
14.3315 0.0284884
14.4757 0.0283293
14.6198 0.0281698
14.7639 0.02801
14.9081 0.02785
15.0522 0.0276897
15.1963 0.0275292
15.3404 0.0273686
15.4846 0.0272079
15.6287 0.0270471
15.7728 0.0268862
15.917 0.0267254
16.0611 0.0265645
16.2052 0.0264037
16.3493 0.0262429
16.4935 0.0260822
16.6376 0.0259217
16.7817 0.0257613
16.9259 0.025601
17.07 0.025441
17.2141 0.0252812
17.3583 0.0251216
17.5024 0.0249623
17.6465 0.0248032
17.7906 0.0246445
17.9348 0.024486
18.0789 0.0243279
18.223 0.0241702
18.3672 0.0240128
18.5113 0.0238559
18.6554 0.0236993
18.7995 0.0235431
18.9437 0.0233874
19.0878 0.0232321
19.2319 0.0230773
19.3761 0.022923
19.5202 0.0227692
19.6643 0.0226158
19.8084 0.022463
19.9526 0.0223107
20.0967 0.0221589
20.2408 0.0220077
20.385 0.021857
20.5291 0.0217069
20.6732 0.0215574
20.8173 0.0214084
20.9615 0.0212601
21.1056 0.0211123
21.2497 0.0209652
21.3939 0.0208186
21.538 0.0206727
21.6821 0.0205274
21.8263 0.0203828
21.9704 0.0202388
22.1145 0.0200954
22.2586 0.0199527
22.4028 0.0198107
22.5469 0.0196693
22.691 0.0195286
22.8352 0.0193885
22.9793 0.0192492
23.1234 0.0191105
23.2675 0.0189725
23.4117 0.0188352
23.5558 0.0186985
23.6999 0.0185626
23.8441 0.0184274
23.9882 0.0182929
24.1323 0.018159
24.2764 0.0180259
24.4206 0.0178935
24.5647 0.0177618
24.7088 0.0176308
24.853 0.0175005
24.9971 0.017371
25.1412 0.0172421
25.2853 0.017114
25.4295 0.0169866
25.5736 0.0168599
25.7177 0.0167339
25.8619 0.0166086
26.006 0.0164841
26.1501 0.0163603
26.2942 0.0162372
26.4384 0.0161148
26.5825 0.0159932
26.7266 0.0158722
26.8708 0.015752
27.0149 0.0156325
27.159 0.0155138
27.3032 0.0153957
27.4473 0.0152784
27.5914 0.0151618
27.7355 0.0150459
27.8797 0.0149307
28.0238 0.0148162
28.1679 0.0147025
28.3121 0.0145894
28.4562 0.0144771
28.6003 0.0143655
28.7444 0.0142545
28.8886 0.0141443
29.0327 0.0140348
29.1768 0.013926
29.321 0.0138179
29.4651 0.0137105
29.6092 0.0136038
29.7533 0.0134978
29.8975 0.0133925
30.0416 0.0132879
30.1857 0.0131839
30.3299 0.0130807
30.474 0.0129781
30.6181 0.0128763
30.7622 0.0127751
30.9064 0.0126746
31.0505 0.0125747
31.1946 0.0124755
31.3388 0.012377
31.4829 0.0122792
31.627 0.0121821
31.7712 0.0120856
31.9153 0.0119897
32.0594 0.0118945
32.2035 0.0118
32.3477 0.0117061
32.4918 0.0116129
32.6359 0.0115203
32.7801 0.0114284
32.9242 0.0113371
33.0683 0.0112465
33.2124 0.0111565
33.3566 0.0110671
33.5007 0.0109783
33.6448 0.0108902
33.789 0.0108027
33.9331 0.0107158
34.0772 0.0106296
34.2213 0.0105439
34.3655 0.0104589
34.5096 0.0103745
34.6537 0.0102907
34.7979 0.0102075
34.942 0.0101249
35.0861 0.0100428
35.2302 0.00996142
35.3744 0.00988059
35.5185 0.00980035
35.6626 0.0097207
35.8068 0.00964162
35.9509 0.00956313
36.095 0.00948521
36.2392 0.00940786
36.3833 0.00933108
36.5274 0.00925487
36.6715 0.00917922
36.8157 0.00910412
36.9598 0.00902959
37.1039 0.00895561
37.2481 0.00888218
37.3922 0.0088093
37.5363 0.00873696
37.6804 0.00866516
37.8246 0.0085939
37.9687 0.00852317
38.1128 0.00845298
38.257 0.00838331
38.4011 0.00831417
38.5452 0.00824555
38.6893 0.00817744
38.8335 0.00810986
38.9776 0.00804279
39.1217 0.00797622
39.2659 0.00791016
39.41 0.00784461
39.5541 0.00777955
39.6982 0.007715
39.8424 0.00765093
39.9865 0.00758736
40.1306 0.00752427
40.2748 0.00746167
40.4189 0.00739955
40.563 0.00733791
40.7072 0.00727675
40.8513 0.00721605
40.9954 0.00715583
41.1395 0.00709607
41.2837 0.00703677
41.4278 0.00697794
41.5719 0.00691956
41.7161 0.00686164
41.8602 0.00680416
42.0043 0.00674714
42.1484 0.00669056
42.2926 0.00663442
42.4367 0.00657872
42.5808 0.00652346
42.725 0.00646864
42.8691 0.00641424
43.0132 0.00636027
43.1573 0.00630672
43.3015 0.0062536
43.4456 0.0062009
43.5897 0.00614861
43.7339 0.00609673
43.878 0.00604527
44.0221 0.00599421
44.1662 0.00594356
44.3104 0.00589331
44.4545 0.00584346
44.5986 0.00579401
44.7428 0.00574495
44.8869 0.00569628
45.031 0.00564799
45.1752 0.0056001
45.3193 0.00555259
45.4634 0.00550545
45.6075 0.0054587
45.7517 0.00541232
45.8958 0.00536631
46.0399 0.00532067
46.1841 0.00527539
46.3282 0.00523049
46.4723 0.00518594
46.6164 0.00514175
46.7606 0.00509792
46.9047 0.00505444
47.0488 0.00501131
47.193 0.00496854
47.3371 0.0049261
47.4812 0.00488401
47.6253 0.00484227
47.7695 0.00480086
47.9136 0.00475979
48.0577 0.00471905
48.2019 0.00467864
48.346 0.00463856
48.4901 0.00459881
48.6342 0.00455938
48.7784 0.00452028
48.9225 0.00448149
49.0666 0.00444302
49.2108 0.00440486
49.3549 0.00436702
49.499 0.00432949
49.6431 0.00429226
49.7873 0.00425534
49.9314 0.00421872
50.0755 0.00418241
50.2197 0.00414639
50.3638 0.00411066
50.5079 0.00407524
50.6521 0.0040401
50.7962 0.00400525
50.9403 0.00397069
51.0844 0.00393642
51.2286 0.00390243
51.3727 0.00386872
51.5168 0.00383528
51.661 0.00380213
51.8051 0.00376925
51.9492 0.00373664
52.0933 0.0037043
52.2375 0.00367223
52.3816 0.00364043
52.5257 0.00360889
52.6699 0.00357761
52.814 0.0035466
52.9581 0.00351584
53.1022 0.00348534
53.2464 0.00345509
53.3905 0.00342509
53.5346 0.00339534
53.6788 0.00336585
53.8229 0.0033366
53.967 0.00330759
54.1111 0.00327882
54.2553 0.0032503
54.3994 0.00322202
54.5435 0.00319397
54.6877 0.00316615
54.8318 0.00313857
54.9759 0.00311123
55.1201 0.00308411
55.2642 0.00305722
55.4083 0.00303055
55.5524 0.00300411
55.6966 0.00297789
55.8407 0.00295189
55.9848 0.00292611
56.129 0.00290055
56.2731 0.00287521
56.4172 0.00285007
56.5613 0.00282515
56.7055 0.00280044
56.8496 0.00277594
56.9937 0.00275165
57.1379 0.00272756
57.282 0.00270368
57.4261 0.00267999
57.5702 0.00265651
57.7144 0.00263323
57.8585 0.00261014
58.0026 0.00258725
58.1468 0.00256456
58.2909 0.00254205
58.435 0.00251974
58.5791 0.00249762
58.7233 0.00247569
58.8674 0.00245394
59.0115 0.00243238
59.1557 0.002411
59.2998 0.0023898
59.4439 0.00236878
59.5881 0.00234795
59.7322 0.00232729
59.8763 0.0023068
60.0204 0.0022865
60.1646 0.00226636
60.3087 0.0022464
60.4528 0.00222661
60.597 0.00220698
60.7411 0.00218753
60.8852 0.00216824
61.0293 0.00214911
61.1735 0.00213015
61.3176 0.00211136
61.4617 0.00209272
61.6059 0.00207424
61.75 0.00205593
61.8941 0.00203777
62.0382 0.00201976
62.1824 0.00200191
62.3265 0.00198421
62.4706 0.00196667
62.6148 0.00194928
62.7589 0.00193203
62.903 0.00191494
63.0471 0.00189799
63.1913 0.00188119
63.3354 0.00186453
63.4795 0.00184801
63.6237 0.00183164
63.7678 0.00181541
63.9119 0.00179932
64.0561 0.00178337
64.2002 0.00176756
64.3443 0.00175188
64.4884 0.00173634
64.6326 0.00172093
64.7767 0.00170565
64.9208 0.00169051
65.065 0.0016755
65.2091 0.00166062
65.3532 0.00164587
65.4973 0.00163124
65.6415 0.00161675
65.7856 0.00160237
65.9297 0.00158813
66.0739 0.001574
66.218 0.00156
66.3621 0.00154612
66.5062 0.00153236
66.6504 0.00151872
66.7945 0.0015052
66.9386 0.0014918
67.0828 0.00147851
67.2269 0.00146534
67.371 0.00145228
67.5151 0.00143934
67.6593 0.00142651
67.8034 0.00141379
67.9475 0.00140118
68.0917 0.00138869
68.2358 0.0013763
68.3799 0.00136402
68.5241 0.00135184
68.6682 0.00133977
68.8123 0.00132781
68.9564 0.00131595
69.1006 0.0013042
69.2447 0.00129255
69.3888 0.001281
69.533 0.00126955
69.6771 0.0012582
69.8212 0.00124695
69.9653 0.0012358
70.1095 0.00122475
70.2536 0.00121379
70.3977 0.00120293
70.5419 0.00119216
70.686 0.00118149
70.8301 0.00117091
70.9742 0.00116043
71.1184 0.00115004
71.2625 0.00113973
71.4066 0.00112952
71.5508 0.0011194
71.6949 0.00110937
71.839 0.00109942
71.9831 0.00108956
72.1273 0.00107979
72.2714 0.00107011
72.4155 0.00106051
72.5597 0.00105099
72.7038 0.00104156
72.8479 0.00103221
72.992 0.00102295
73.1362 0.00101376
73.2803 0.00100466
73.4244 0.000995633
73.5686 0.000986689
73.7127 0.000977823
73.8568 0.000969035
74.001 0.000960326
74.1451 0.000951692
74.2892 0.000943135
74.4333 0.000934654
74.5775 0.000926247
74.7216 0.000917915
74.8657 0.000909656
75.0099 0.00090147
75.154 0.000893356
75.2981 0.000885314
75.4422 0.000877344
75.5864 0.000869443
75.7305 0.000861613
75.8746 0.000853851
76.0188 0.000846159
76.1629 0.000838534
76.307 0.000830977
76.4511 0.000823487
76.5953 0.000816063
76.7394 0.000808705
76.8835 0.000801413
77.0277 0.000794184
77.1718 0.00078702
77.3159 0.00077992
77.46 0.000772882
77.6042 0.000765907
77.7483 0.000758993
77.8924 0.000752141
78.0366 0.00074535
78.1807 0.000738619
78.3248 0.000731948
78.469 0.000725336
78.6131 0.000718783
78.7572 0.000712288
78.9013 0.000705851
79.0455 0.000699471
79.1896 0.000693148
79.3337 0.000686881
79.4779 0.000680669
79.622 0.000674513
79.7661 0.000668412
79.9102 0.000662365
80.0544 0.000656372
80.1985 0.000650432
80.3426 0.000644546
80.4868 0.000638711
80.6309 0.000632929
80.775 0.000627198
80.9191 0.000621518
81.0633 0.000615889
81.2074 0.00061031
81.3515 0.000604781
81.4957 0.000599301
81.6398 0.00059387
81.7839 0.000588488
81.928 0.000583153
82.0722 0.000577866
82.2163 0.000572627
82.3604 0.000567434
82.5046 0.000562287
82.6487 0.000557187
82.7928 0.000552132
82.937 0.000547122
83.0811 0.000542158
83.2252 0.000537237
83.3693 0.000532361
83.5135 0.000527528
83.6576 0.000522738
83.8017 0.000517991
83.9459 0.000513287
84.09 0.000508625
84.2341 0.000504004
84.3782 0.000499425
84.5224 0.000494887
84.6665 0.00049039
84.8106 0.000485933
84.9548 0.000481516
85.0989 0.000477138
85.243 0.0004728
85.3871 0.0004685
85.5313 0.000464239
85.6754 0.000460017
85.8195 0.000455832
85.9637 0.000451685
86.1078 0.000447575
86.2519 0.000443502
86.396 0.000439465
86.5402 0.000435465
86.6843 0.000431501
86.8284 0.000427572
86.9726 0.000423678
87.1167 0.00041982
87.2608 0.000415996
87.405 0.000412207
87.5491 0.000408451
87.6932 0.00040473
87.8373 0.000401042
87.9815 0.000397387
88.1256 0.000393765
88.2697 0.000390175
88.4139 0.000386618
88.558 0.000383093
88.7021 0.000379599
88.8462 0.000376137
88.9904 0.000372706
89.1345 0.000369307
89.2786 0.000365937
89.4228 0.000362598
89.5669 0.00035929
89.711 0.00035601
89.8551 0.000352761
89.9993 0.000349541
90.1434 0.00034635
90.2875 0.000343187
90.4317 0.000340053
90.5758 0.000336948
90.7199 0.00033387
90.864 0.000330821
91.0082 0.000327798
91.1523 0.000324803
91.2964 0.000321835
91.4406 0.000318894
91.5847 0.00031598
91.7288 0.000313091
91.873 0.000310229
92.0171 0.000307393
92.1612 0.000304582
92.3053 0.000301797
92.4495 0.000299037
92.5936 0.000296301
92.7377 0.000293591
92.8819 0.000290905
93.026 0.000288243
93.1701 0.000285606
93.3142 0.000282992
93.4584 0.000280402
93.6025 0.000277835
93.7466 0.000275292
93.8908 0.000272772
94.0349 0.000270274
94.179 0.000267799
94.3231 0.000265347
94.4673 0.000262916
94.6114 0.000260508
94.7555 0.000258121
94.8997 0.000255757
95.0438 0.000253413
95.1879 0.000251091
95.332 0.00024879
95.4762 0.000246509
95.6203 0.00024425
95.7644 0.000242011
95.9086 0.000239792
96.0527 0.000237593
96.1968 0.000235414
96.3409 0.000233255
96.4851 0.000231116
96.6292 0.000228996
96.7733 0.000226895
96.9175 0.000224813
97.0616 0.000222751
97.2057 0.000220707
97.3499 0.000218681
97.494 0.000216674
97.6381 0.000214685
97.7822 0.000212714
97.9264 0.000210761
98.0705 0.000208826
98.2146 0.000206909
98.3588 0.000205009
98.5029 0.000203126
98.647 0.00020126
98.7911 0.000199411
98.9353 0.000197579
99.0794 0.000195764
99.2235 0.000193965
99.3677 0.000192183
99.5118 0.000190416
99.6559 0.000188666
99.8 0.000186932
99.9442 0.000185214
100.088 0.000183511
100.232 0.000181824
100.377 0.000180152
100.521 0.000178495
100.665 0.000176853
100.809 0.000175227
100.953 0.000173615
101.097 0.000172018
101.241 0.000170435
101.385 0.000168867
101.53 0.000167313
101.674 0.000165773
101.818 0.000164248
101.962 0.000162736
102.106 0.000161238
102.25 0.000159753
102.394 0.000158283
102.538 0.000156825
102.683 0.000155381
102.827 0.00015395
102.971 0.000152532
103.115 0.000151127
103.259 0.000149735
103.403 0.000148356
103.547 0.000146989
103.692 0.000145635
103.836 0.000144293
103.98 0.000142963
104.124 0.000141645
104.268 0.00014034
104.412 0.000139046
104.556 0.000137764
104.7 0.000136494
104.845 0.000135236
104.989 0.000133989
105.133 0.000132753
105.277 0.000131529
105.421 0.000130316
105.565 0.000129114
105.709 0.000127923
105.853 0.000126743
105.998 0.000125573
106.142 0.000124415
106.286 0.000123267
106.43 0.000122129
106.574 0.000121002
106.718 0.000119885
106.862 0.000118779
107.006 0.000117682
107.151 0.000116596
107.295 0.000115519
107.439 0.000114453
107.583 0.000113396
107.727 0.000112349
107.871 0.000111311
108.015 0.000110283
108.16 0.000109264
108.304 0.000108255
108.448 0.000107255
108.592 0.000106264
108.736 0.000105282
108.88 0.000104309
109.024 0.000103345
109.168 0.00010239
109.313 0.000101444
109.457 0.000100506
109.601 9.9577e-05
109.745 9.86564e-05
109.889 9.77443e-05
110.033 9.68405e-05
110.177 9.59451e-05
110.321 9.50578e-05
110.466 9.41787e-05
110.61 9.33077e-05
110.754 9.24446e-05
110.898 9.15895e-05
111.042 9.07422e-05
111.186 8.99027e-05
111.33 8.90709e-05
111.474 8.82467e-05
111.619 8.74301e-05
111.763 8.6621e-05
111.907 8.58193e-05
112.051 8.5025e-05
112.195 8.4238e-05
112.339 8.34582e-05
112.483 8.26856e-05
112.628 8.19201e-05
112.772 8.11616e-05
112.916 8.04101e-05
113.06 7.96654e-05
113.204 7.89277e-05
113.348 7.81967e-05
113.492 7.74724e-05
113.636 7.67548e-05
113.781 7.60438e-05
113.925 7.53393e-05
114.069 7.46413e-05
114.213 7.39497e-05
114.357 7.32645e-05
114.501 7.25856e-05
114.645 7.19129e-05
114.789 7.12464e-05
114.934 7.05861e-05
115.078 6.99318e-05
115.222 6.92835e-05
115.366 6.86412e-05
115.51 6.80048e-05
115.654 6.73743e-05
115.798 6.67496e-05
115.942 6.61306e-05
116.087 6.55174e-05
116.231 6.49097e-05
116.375 6.43077e-05
116.519 6.37112e-05
116.663 6.31202e-05
116.807 6.25347e-05
116.951 6.19545e-05
117.096 6.13797e-05
117.24 6.08102e-05
117.384 6.0246e-05
117.528 5.96869e-05
117.672 5.9133e-05
117.816 5.85842e-05
117.96 5.80404e-05
118.104 5.75017e-05
118.249 5.69679e-05
118.393 5.6439e-05
118.537 5.59151e-05
118.681 5.53959e-05
118.825 5.48816e-05
118.969 5.4372e-05
119.113 5.3867e-05
119.257 5.33668e-05
119.402 5.28711e-05
119.546 5.23801e-05
119.69 5.18935e-05
119.834 5.14115e-05
119.978 5.09339e-05
120.122 5.04607e-05
120.266 4.99919e-05
120.41 4.95274e-05
120.555 4.90671e-05
120.699 4.86112e-05
120.843 4.81594e-05
120.987 4.77118e-05
121.131 4.72684e-05
121.275 4.6829e-05
121.419 4.63937e-05
121.564 4.59624e-05
121.708 4.55351e-05
121.852 4.51118e-05
121.996 4.46923e-05
122.14 4.42768e-05
122.284 4.38651e-05
122.428 4.34571e-05
122.572 4.3053e-05
122.717 4.26526e-05
122.861 4.22558e-05
123.005 4.18628e-05
123.149 4.14734e-05
123.293 4.10876e-05
123.437 4.07053e-05
123.581 4.03266e-05
123.725 3.99514e-05
123.87 3.95796e-05
124.014 3.92113e-05
124.158 3.88464e-05
124.302 3.84849e-05
124.446 3.81267e-05
124.59 3.77718e-05
124.734 3.74202e-05
124.878 3.70719e-05
125.023 3.67268e-05
125.167 3.63849e-05
125.311 3.60461e-05
125.455 3.57105e-05
125.599 3.5378e-05
125.743 3.50485e-05
125.887 3.47222e-05
126.032 3.43988e-05
126.176 3.40784e-05
126.32 3.3761e-05
126.464 3.34465e-05
126.608 3.3135e-05
126.752 3.28263e-05
126.896 3.25205e-05
127.04 3.22175e-05
127.185 3.19173e-05
127.329 3.16199e-05
127.473 3.13253e-05
127.617 3.10334e-05
127.761 3.07442e-05
127.905 3.04577e-05
128.049 3.01738e-05
128.193 2.98925e-05
128.338 2.96139e-05
128.482 2.93378e-05
128.626 2.90644e-05
128.77 2.87934e-05
128.914 2.85249e-05
129.058 2.8259e-05
129.202 2.79955e-05
129.346 2.77344e-05
129.491 2.74758e-05
129.635 2.72196e-05
129.779 2.69657e-05
129.923 2.67142e-05
130.067 2.6465e-05
130.211 2.62182e-05
130.355 2.59736e-05
130.5 2.57313e-05
130.644 2.54913e-05
130.788 2.52534e-05
130.932 2.50178e-05
131.076 2.47844e-05
131.22 2.45531e-05
131.364 2.4324e-05
131.508 2.4097e-05
131.653 2.38721e-05
131.797 2.36493e-05
131.941 2.34286e-05
132.085 2.32099e-05
132.229 2.29932e-05
132.373 2.27786e-05
132.517 2.2566e-05
132.661 2.23553e-05
132.806 2.21466e-05
132.95 2.19398e-05
133.094 2.17349e-05
133.238 2.1532e-05
133.382 2.13309e-05
133.526 2.11317e-05
133.67 2.09343e-05
133.814 2.07388e-05
133.959 2.05451e-05
134.103 2.03532e-05
134.247 2.01631e-05
134.391 1.99747e-05
134.535 1.97881e-05
134.679 1.96032e-05
134.823 1.94201e-05
134.968 1.92386e-05
135.112 1.90589e-05
135.256 1.88808e-05
135.4 1.87044e-05
135.544 1.85296e-05
135.688 1.83564e-05
135.832 1.81848e-05
135.976 1.80149e-05
136.121 1.78465e-05
136.265 1.76797e-05
136.409 1.75144e-05
136.553 1.73507e-05
136.697 1.71884e-05
136.841 1.70277e-05
136.985 1.68685e-05
137.129 1.67108e-05
137.274 1.65546e-05
137.418 1.63998e-05
137.562 1.62464e-05
137.706 1.60945e-05
137.85 1.59439e-05
137.994 1.57948e-05
138.138 1.56471e-05
138.282 1.55007e-05
138.427 1.53557e-05
138.571 1.52121e-05
138.715 1.50698e-05
138.859 1.49288e-05
139.003 1.47891e-05
139.147 1.46508e-05
139.291 1.45137e-05
