-1.31509 0.00055999
-1.27072 0.000660261
-1.22635 0.000777733
-1.18199 0.000915165
-1.13762 0.0010757
-1.09325 0.00126292
-1.04888 0.00148088
-1.00451 0.00173414
-0.960145 0.00202782
-0.915777 0.00236764
-0.871409 0.0027599
-0.82704 0.00321155
-0.782672 0.00373015
-0.738304 0.00432385
-0.693935 0.00500135
-0.649567 0.00577181
-0.605199 0.00664472
-0.560831 0.00762975
-0.516462 0.0087365
-0.472094 0.00997429
-0.427726 0.0113518
-0.383358 0.0128767
-0.338989 0.0145555
-0.294621 0.0163927
-0.250253 0.0183909
-0.205884 0.0205503
-0.161516 0.0228682
-0.117148 0.0253394
-0.0727796 0.0279554
-0.0284114 0.0307053
0.0159569 0.0335756
0.0603252 0.0365506
0.104693 0.0396129
0.149062 0.0427442
0.19343 0.0459255
0.237798 0.0491376
0.282167 0.0523622
0.326535 0.0555817
0.370903 0.0587796
0.415271 0.0619412
0.45964 0.0650533
0.504008 0.0681044
0.548376 0.0710846
0.592744 0.0739858
0.637113 0.0768015
0.681481 0.0795263
0.725849 0.0821564
0.770218 0.0846889
0.814586 0.0871221
0.858954 0.089455
0.903322 0.0916874
0.947691 0.0938196
0.992059 0.0958527
1.03643 0.0977878
1.0808 0.0996267
1.12516 0.101371
1.16953 0.103024
1.2139 0.104586
1.25827 0.106061
1.30264 0.107452
1.34701 0.10876
1.39137 0.109988
1.43574 0.111138
1.48011 0.112215
1.52448 0.113219
1.56885 0.114153
1.61321 0.11502
1.65758 0.115823
1.70195 0.116563
1.74632 0.117243
1.79069 0.117866
1.83506 0.118432
1.87942 0.118945
1.92379 0.119407
1.96816 0.119819
2.01253 0.120183
2.0569 0.120501
2.10127 0.120776
2.14563 0.121008
2.19 0.121199
2.23437 0.121351
2.27874 0.121466
2.32311 0.121545
2.36748 0.121589
2.41184 0.1216
2.45621 0.121579
2.50058 0.121527
2.54495 0.121446
2.58932 0.121337
2.63368 0.121201
2.67805 0.121038
2.72242 0.120851
2.76679 0.12064
2.81116 0.120407
2.85553 0.120151
2.89989 0.119874
2.94426 0.119577
2.98863 0.119261
3.033 0.118927
3.07737 0.118575
3.12174 0.118206
3.1661 0.117821
3.21047 0.11742
3.25484 0.117005
3.29921 0.116575
3.34358 0.116133
3.38795 0.115677
3.43231 0.115209
3.47668 0.11473
3.52105 0.114239
3.56542 0.113738
3.60979 0.113227
3.65416 0.112706
3.69852 0.112176
3.74289 0.111638
3.78726 0.111091
3.83163 0.110537
3.876 0.109975
3.92036 0.109407
3.96473 0.108831
4.0091 0.10825
4.05347 0.107663
4.09784 0.107071
4.14221 0.106473
4.18657 0.105871
4.23094 0.105264
4.27531 0.104653
4.31968 0.104038
4.36405 0.10342
4.40842 0.102798
4.45278 0.102173
4.49715 0.101546
4.54152 0.100916
4.58589 0.100283
4.63026 0.0996489
4.67463 0.0990126
4.71899 0.0983746
4.76336 0.0977352
4.80773 0.0970946
4.8521 0.0964529
4.89647 0.0958104
4.94084 0.0951671
4.9852 0.0945234
5.02957 0.0938793
5.07394 0.0932351
5.11831 0.0925908
5.16268 0.0919467
5.20704 0.0913028
5.25141 0.0906593
5.29578 0.0900164
5.34015 0.0893741
5.38452 0.0887326
5.42889 0.0880921
5.47325 0.0874525
5.51762 0.0868142
5.56199 0.086177
5.60636 0.0855412
5.65073 0.0849068
5.6951 0.084274
5.73946 0.0836429
5.78383 0.0830134
5.8282 0.0823858
5.87257 0.08176
5.91694 0.0811362
5.96131 0.0805144
6.00567 0.0798948
6.05004 0.0792773
6.09441 0.0786621
6.13878 0.0780492
6.18315 0.0774387
6.22752 0.0768306
6.27188 0.076225
6.31625 0.0756219
6.36062 0.0750214
6.40499 0.0744235
6.44936 0.0738284
6.49372 0.0732359
6.53809 0.0726463
6.58246 0.0720594
6.62683 0.0714754
6.6712 0.0708942
6.71557 0.070316
6.75993 0.0697408
6.8043 0.0691685
6.84867 0.0685992
6.89304 0.068033
6.93741 0.0674698
6.98178 0.0669097
7.02614 0.0663528
7.07051 0.065799
7.11488 0.0652483
7.15925 0.0647008
7.20362 0.0641565
7.24799 0.0636153
7.29235 0.0630775
7.33672 0.0625428
7.38109 0.0620114
7.42546 0.0614833
7.46983 0.0609584
7.51419 0.0604368
7.55856 0.0599185
7.60293 0.0594035
7.6473 0.0588918
7.69167 0.0583833
7.73604 0.0578783
7.7804 0.0573765
7.82477 0.056878
7.86914 0.0563829
7.91351 0.0558911
7.95788 0.0554026
8.00225 0.0549174
8.04661 0.0544356
8.09098 0.053957
8.13535 0.0534818
8.17972 0.0530099
8.22409 0.0525413
8.26846 0.0520761
8.31282 0.0516141
8.35719 0.0511554
8.40156 0.0507001
8.44593 0.050248
8.4903 0.0497992
8.53467 0.0493536
8.57903 0.0489113
8.6234 0.0484723
8.66777 0.0480366
8.71214 0.047604
8.75651 0.0471748
8.80087 0.0467487
8.84524 0.0463258
8.88961 0.0459062
8.93398 0.0454897
8.97835 0.0450764
9.02272 0.0446663
9.06708 0.0442593
9.11145 0.0438555
9.15582 0.0434548
9.20019 0.0430572
9.24456 0.0426628
9.28893 0.0422714
9.33329 0.0418831
9.37766 0.0414979
9.42203 0.0411157
9.4664 0.0407366
9.51077 0.0403604
9.55514 0.0399873
9.5995 0.0396172
9.64387 0.0392501
9.68824 0.038886
9.73261 0.0385247
9.77698 0.0381665
9.82135 0.0378111
9.86571 0.0374587
9.91008 0.0371091
9.95445 0.0367624
9.99882 0.0364186
10.0432 0.0360776
10.0876 0.0357395
10.1319 0.0354041
10.1763 0.0350716
10.2207 0.0347418
10.265 0.0344148
10.3094 0.0340905
10.3538 0.033769
10.3981 0.0334502
10.4425 0.0331341
10.4869 0.0328206
10.5312 0.0325098
10.5756 0.0322017
10.62 0.0318962
10.6643 0.0315933
10.7087 0.031293
10.7531 0.0309953
10.7974 0.0307001
10.8418 0.0304075
10.8862 0.0301174
10.9306 0.0298298
10.9749 0.0295447
11.0193 0.0292621
11.0637 0.028982
11.108 0.0287043
11.1524 0.028429
11.1968 0.0281562
11.2411 0.0278857
11.2855 0.0276176
11.3299 0.0273519
11.3742 0.0270885
11.4186 0.0268275
11.463 0.0265687
11.5073 0.0263123
11.5517 0.0260581
11.5961 0.0258062
11.6404 0.0255565
11.6848 0.0253091
11.7292 0.0250639
11.7735 0.0248209
11.8179 0.02458
11.8623 0.0243413
11.9067 0.0241048
11.951 0.0238704
11.9954 0.0236381
12.0398 0.0234079
12.0841 0.0231798
12.1285 0.0229537
12.1729 0.0227297
12.2172 0.0225078
12.2616 0.0222878
12.306 0.0220699
12.3503 0.021854
12.3947 0.02164
12.4391 0.021428
12.4834 0.0212179
12.5278 0.0210097
12.5722 0.0208035
12.6165 0.0205992
12.6609 0.0203967
12.7053 0.0201961
12.7497 0.0199974
12.794 0.0198004
12.8384 0.0196054
12.8828 0.0194121
12.9271 0.0192206
12.9715 0.0190309
13.0159 0.0188429
13.0602 0.0186567
13.1046 0.0184723
13.149 0.0182895
13.1933 0.0181085
13.2377 0.0179291
13.2821 0.0177514
13.3264 0.0175754
13.3708 0.0174011
13.4152 0.0172283
13.4595 0.0170572
13.5039 0.0168877
13.5483 0.0167198
13.5926 0.0165535
13.637 0.0163888
13.6814 0.0162256
13.7258 0.0160639
13.7701 0.0159038
13.8145 0.0157452
13.8589 0.0155881
13.9032 0.0154325
13.9476 0.0152783
13.992 0.0151256
14.0363 0.0149744
14.0807 0.0148246
14.1251 0.0146763
14.1694 0.0145293
14.2138 0.0143838
14.2582 0.0142396
14.3025 0.0140969
14.3469 0.0139555
14.3913 0.0138154
14.4356 0.0136767
14.48 0.0135393
14.5244 0.0134032
14.5688 0.0132685
14.6131 0.013135
14.6575 0.0130029
14.7019 0.012872
14.7462 0.0127423
14.7906 0.0126139
14.835 0.0124868
14.8793 0.0123608
14.9237 0.0122361
14.9681 0.0121126
15.0124 0.0119903
15.0568 0.0118692
15.1012 0.0117492
15.1455 0.0116305
15.1899 0.0115128
15.2343 0.0113963
15.2786 0.011281
15.323 0.0111667
15.3674 0.0110536
15.4117 0.0109416
15.4561 0.0108307
15.5005 0.0107208
15.5449 0.010612
15.5892 0.0105043
15.6336 0.0103977
15.678 0.0102921
15.7223 0.0101875
15.7667 0.0100839
15.8111 0.00998137
15.8554 0.00987983
15.8998 0.00977928
15.9442 0.00967973
15.9885 0.00958115
16.0329 0.00948354
16.0773 0.00938689
16.1216 0.00929119
16.166 0.00919643
16.2104 0.00910261
16.2547 0.00900971
16.2991 0.00891773
16.3435 0.00882666
16.3878 0.00873648
16.4322 0.0086472
16.4766 0.00855879
16.521 0.00847127
16.5653 0.00838461
16.6097 0.0082988
16.6541 0.00821385
16.6984 0.00812974
16.7428 0.00804646
16.7872 0.00796401
16.8315 0.00788238
16.8759 0.00780156
16.9203 0.00772154
16.9646 0.00764232
17.009 0.00756389
17.0534 0.00748624
17.0977 0.00740936
17.1421 0.00733324
17.1865 0.00725789
17.2308 0.00718328
17.2752 0.00710943
17.3196 0.00703631
17.364 0.00696391
17.4083 0.00689225
17.4527 0.0068213
17.4971 0.00675105
17.5414 0.00668152
17.5858 0.00661267
17.6302 0.00654452
17.6745 0.00647705
17.7189 0.00641026
17.7633 0.00634414
17.8076 0.00627868
17.852 0.00621387
17.8964 0.00614972
17.9407 0.00608622
17.9851 0.00602335
18.0295 0.00596111
18.0738 0.0058995
18.1182 0.00583851
18.1626 0.00577814
18.2069 0.00571837
18.2513 0.00565921
18.2957 0.00560064
18.3401 0.00554266
18.3844 0.00548527
18.4288 0.00542845
18.4732 0.00537222
18.5175 0.00531654
18.5619 0.00526144
18.6063 0.00520688
18.6506 0.00515289
18.695 0.00509943
18.7394 0.00504652
18.7837 0.00499415
18.8281 0.0049423
18.8725 0.00489098
18.9168 0.00484018
18.9612 0.0047899
19.0056 0.00474012
19.0499 0.00469086
19.0943 0.00464209
19.1387 0.00459382
19.1831 0.00454603
19.2274 0.00449874
19.2718 0.00445192
19.3162 0.00440558
19.3605 0.00435971
19.4049 0.00431431
19.4493 0.00426938
19.4936 0.0042249
19.538 0.00418087
19.5824 0.00413729
19.6267 0.00409416
19.6711 0.00405146
19.7155 0.0040092
19.7598 0.00396738
19.8042 0.00392598
19.8486 0.003885
19.8929 0.00384444
19.9373 0.0038043
19.9817 0.00376457
20.026 0.00372524
20.0704 0.00368632
20.1148 0.00364779
20.1592 0.00360966
20.2035 0.00357192
20.2479 0.00353457
20.2923 0.0034976
20.3366 0.003461
20.381 0.00342479
20.4254 0.00338894
20.4697 0.00335347
20.5141 0.00331835
20.5585 0.0032836
20.6028 0.0032492
20.6472 0.00321516
20.6916 0.00318147
20.7359 0.00314812
20.7803 0.00311512
20.8247 0.00308246
20.869 0.00305013
20.9134 0.00301814
20.9578 0.00298647
21.0021 0.00295513
21.0465 0.00292411
21.0909 0.00289342
21.1353 0.00286304
21.1796 0.00283297
21.224 0.00280321
21.2684 0.00277376
21.3127 0.00274462
21.3571 0.00271577
21.4015 0.00268722
21.4458 0.00265897
21.4902 0.00263101
21.5346 0.00260334
21.5789 0.00257595
21.6233 0.00254885
21.6677 0.00252203
21.712 0.00249548
21.7564 0.00246921
21.8008 0.00244321
21.8451 0.00241748
21.8895 0.00239202
21.9339 0.00236682
21.9783 0.00234188
22.0226 0.0023172
22.067 0.00229278
22.1114 0.00226861
22.1557 0.00224469
22.2001 0.00222102
22.2445 0.00219759
22.2888 0.00217441
22.3332 0.00215146
22.3776 0.00212876
22.4219 0.00210629
22.4663 0.00208406
22.5107 0.00206205
22.555 0.00204028
22.5994 0.00201873
22.6438 0.0019974
22.6881 0.0019763
22.7325 0.00195542
22.7769 0.00193475
22.8212 0.0019143
22.8656 0.00189406
22.91 0.00187403
22.9544 0.00185421
22.9987 0.0018346
23.0431 0.00181519
23.0875 0.00179599
23.1318 0.00177698
23.1762 0.00175818
23.2206 0.00173956
23.2649 0.00172115
23.3093 0.00170292
23.3537 0.00168489
23.398 0.00166704
23.4424 0.00164938
23.4868 0.0016319
23.5311 0.00161461
23.5755 0.0015975
23.6199 0.00158056
23.6642 0.00156381
23.7086 0.00154723
23.753 0.00153082
23.7974 0.00151458
23.8417 0.00149851
23.8861 0.00148262
23.9305 0.00146688
23.9748 0.00145132
24.0192 0.00143591
24.0636 0.00142067
24.1079 0.00140558
24.1523 0.00139066
24.1967 0.00137589
24.241 0.00136128
24.2854 0.00134681
24.3298 0.0013325
24.3741 0.00131834
24.4185 0.00130433
24.4629 0.00129047
24.5072 0.00127675
24.5516 0.00126318
24.596 0.00124974
24.6403 0.00123645
24.6847 0.0012233
24.7291 0.00121029
24.7735 0.00119741
24.8178 0.00118467
24.8622 0.00117206
24.9066 0.00115959
24.9509 0.00114724
24.9953 0.00113503
25.0397 0.00112294
25.084 0.00111098
25.1284 0.00109915
25.1728 0.00108744
25.2171 0.00107586
25.2615 0.00106439
25.3059 0.00105305
25.3502 0.00104183
25.3946 0.00103072
25.439 0.00101973
25.4833 0.00100886
25.5277 0.000998104
25.5721 0.00098746
25.6165 0.000976928
25.6608 0.000966507
25.7052 0.000956195
25.7496 0.000945993
25.7939 0.000935898
25.8383 0.000925909
25.8827 0.000916026
25.927 0.000906248
25.9714 0.000896572
26.0158 0.000886999
26.0601 0.000877526
26.1045 0.000868154
26.1489 0.000858881
26.1932 0.000849705
26.2376 0.000840627
26.282 0.000831644
26.3263 0.000822757
26.3707 0.000813963
26.4151 0.000805263
26.4594 0.000796654
26.5038 0.000788136
26.5482 0.000779709
26.5926 0.00077137
26.6369 0.00076312
26.6813 0.000754957
26.7257 0.000746881
26.77 0.00073889
26.8144 0.000730983
26.8588 0.000723161
26.9031 0.000715421
26.9475 0.000707763
26.9919 0.000700186
27.0362 0.000692689
27.0806 0.000685272
27.125 0.000677934
27.1693 0.000670673
27.2137 0.00066349
27.2581 0.000656382
27.3024 0.00064935
27.3468 0.000642392
27.3912 0.000635508
27.4355 0.000628698
27.4799 0.000621959
27.5243 0.000615292
27.5687 0.000608696
27.613 0.00060217
27.6574 0.000595713
27.7018 0.000589324
27.7461 0.000583004
27.7905 0.00057675
27.8349 0.000570563
27.8792 0.000564442
27.9236 0.000558386
27.968 0.000552394
28.0123 0.000546466
28.0567 0.000540601
28.1011 0.000534798
28.1454 0.000529057
28.1898 0.000523377
28.2342 0.000517757
28.2785 0.000512197
28.3229 0.000506696
28.3673 0.000501254
28.4117 0.00049587
28.456 0.000490543
28.5004 0.000485273
28.5448 0.000480058
28.5891 0.0004749
28.6335 0.000469796
28.6779 0.000464747
28.7222 0.000459751
28.7666 0.000454809
28.811 0.000449919
28.8553 0.000445081
28.8997 0.000440295
28.9441 0.00043556
28.9884 0.000430875
29.0328 0.000426241
29.0772 0.000421656
29.1215 0.000417119
29.1659 0.000412631
29.2103 0.000408191
29.2546 0.000403798
29.299 0.000399452
29.3434 0.000395153
29.3878 0.000390899
29.4321 0.000386691
29.4765 0.000382528
29.5209 0.000378409
29.5652 0.000374334
29.6096 0.000370303
29.654 0.000366314
29.6983 0.000362368
29.7427 0.000358465
29.7871 0.000354603
29.8314 0.000350782
29.8758 0.000347002
29.9202 0.000343263
29.9645 0.000339564
30.0089 0.000335904
30.0533 0.000332283
30.0976 0.000328701
30.142 0.000325157
30.1864 0.000321651
30.2308 0.000318183
30.2751 0.000314752
30.3195 0.000311357
30.3639 0.000307999
30.4082 0.000304676
30.4526 0.00030139
30.497 0.000298138
30.5413 0.000294921
30.5857 0.000291739
30.6301 0.000288591
30.6744 0.000285476
30.7188 0.000282395
30.7632 0.000279347
30.8075 0.000276331
30.8519 0.000273348
30.8963 0.000270396
30.9406 0.000267477
30.985 0.000264588
31.0294 0.000261731
31.0737 0.000258904
31.1181 0.000256108
31.1625 0.000253341
31.2069 0.000250604
31.2512 0.000247897
31.2956 0.000245218
31.34 0.000242568
31.3843 0.000239947
31.4287 0.000237354
31.4731 0.000234788
31.5174 0.00023225
31.5618 0.00022974
31.6062 0.000227256
31.6505 0.000224799
31.6949 0.000222368
31.7393 0.000219964
31.7836 0.000217585
31.828 0.000215232
31.8724 0.000212904
31.9167 0.000210601
31.9611 0.000208322
32.0055 0.000206069
32.0498 0.000203839
32.0942 0.000201633
32.1386 0.000199451
32.183 0.000197293
32.2273 0.000195158
32.2717 0.000193045
32.3161 0.000190956
32.3604 0.000188889
32.4048 0.000186844
32.4492 0.000184821
32.4935 0.00018282
32.5379 0.00018084
32.5823 0.000178881
32.6266 0.000176944
32.671 0.000175028
32.7154 0.000173132
32.7597 0.000171256
32.8041 0.000169401
32.8485 0.000167566
32.8928 0.00016575
32.9372 0.000163954
32.9816 0.000162177
33.026 0.00016042
33.0703 0.000158681
33.1147 0.000156961
33.1591 0.00015526
33.2034 0.000153577
33.2478 0.000151912
33.2922 0.000150265
33.3365 0.000148635
33.3809 0.000147024
33.4253 0.000145429
33.4696 0.000143852
33.514 0.000142292
33.5584 0.000140748
33.6027 0.000139222
33.6471 0.000137711
33.6915 0.000136217
33.7358 0.000134739
33.7802 0.000133277
33.8246 0.000131831
33.8689 0.000130401
33.9133 0.000128985
33.9577 0.000127586
34.0021 0.000126201
34.0464 0.000124831
34.0908 0.000123476
34.1352 0.000122135
34.1795 0.000120809
34.2239 0.000119497
34.2683 0.0001182
34.3126 0.000116916
34.357 0.000115647
34.4014 0.000114391
34.4457 0.000113148
34.4901 0.000111919
34.5345 0.000110703
34.5788 0.000109501
34.6232 0.000108311
34.6676 0.000107134
34.7119 0.00010597
34.7563 0.000104819
34.8007 0.00010368
34.8451 0.000102553
34.8894 0.000101438
34.9338 0.000100336
34.9782 9.9245e-05
35.0225 9.81661e-05
35.0669 9.70989e-05
35.1113 9.60433e-05
35.1556 9.4999e-05
35.2 9.3966e-05
35.2444 9.29442e-05
35.2887 9.19335e-05
35.3331 9.09337e-05
35.3775 8.99447e-05
35.4218 8.89664e-05
35.4662 8.79986e-05
35.5106 8.70414e-05
35.5549 8.60944e-05
35.5993 8.51578e-05
35.6437 8.42312e-05
35.688 8.33147e-05
35.7324 8.24081e-05
35.7768 8.15114e-05
35.8212 8.06243e-05
35.8655 7.97468e-05
35.9099 7.88788e-05
35.9543 7.80202e-05
35.9986 7.71709e-05
36.043 7.63308e-05
36.0874 7.54998e-05
36.1317 7.46778e-05
36.1761 7.38647e-05
36.2205 7.30604e-05
36.2648 7.22649e-05
36.3092 7.14779e-05
36.3536 7.06994e-05
36.3979 6.99294e-05
36.4423 6.91678e-05
36.4867 6.84143e-05
36.531 6.76691e-05
36.5754 6.69319e-05
36.6198 6.62027e-05
36.6641 6.54814e-05
36.7085 6.47679e-05
36.7529 6.40622e-05
36.7973 6.33641e-05
36.8416 6.26736e-05
36.886 6.19906e-05
36.9304 6.13149e-05
36.9747 6.06466e-05
37.0191 5.99856e-05
37.0635 5.93317e-05
37.1078 5.86849e-05
37.1522 5.80451e-05
37.1966 5.74122e-05
37.2409 5.67863e-05
37.2853 5.61671e-05
37.3297 5.55546e-05
37.374 5.49488e-05
37.4184 5.43495e-05
37.4628 5.37568e-05
37.5071 5.31704e-05
37.5515 5.25905e-05
37.5959 5.20168e-05
37.6403 5.14494e-05
37.6846 5.08881e-05
37.729 5.03329e-05
37.7734 4.97838e-05
37.8177 4.92406e-05
37.8621 4.87033e-05
37.9065 4.81718e-05
37.9508 4.76461e-05
37.9952 4.71261e-05
38.0396 4.66118e-05
38.0839 4.6103e-05
38.1283 4.55998e-05
38.1727 4.51021e-05
38.217 4.46097e-05
38.2614 4.41227e-05
38.3058 4.3641e-05
38.3501 4.31645e-05
38.3945 4.26932e-05
38.4389 4.2227e-05
38.4832 4.17659e-05
38.5276 4.13098e-05
38.572 4.08587e-05
38.6164 4.04125e-05
38.6607 3.99711e-05
38.7051 3.95345e-05
38.7495 3.91026e-05
38.7938 3.86755e-05
38.8382 3.8253e-05
38.8826 3.78351e-05
38.9269 3.74217e-05
38.9713 3.70128e-05
39.0157 3.66084e-05
39.06 3.62084e-05
39.1044 3.58127e-05
39.1488 3.54213e-05
39.1931 3.50342e-05
39.2375 3.46513e-05
39.2819 3.42726e-05
39.3262 3.3898e-05
39.3706 3.35274e-05
39.415 3.31609e-05
39.4594 3.27984e-05
39.5037 3.24398e-05
39.5481 3.20852e-05
39.5925 3.17344e-05
39.6368 3.13874e-05
39.6812 3.10442e-05
39.7256 3.07047e-05
39.7699 3.03689e-05
39.8143 3.00368e-05
39.8587 2.97083e-05
39.903 2.93833e-05
39.9474 2.90619e-05
39.9918 2.8744e-05
40.0361 2.84296e-05
40.0805 2.81186e-05
40.1249 2.7811e-05
40.1692 2.75067e-05
40.2136 2.72058e-05
40.258 2.69081e-05
40.3023 2.66137e-05
40.3467 2.63224e-05
40.3911 2.60344e-05
40.4355 2.57495e-05
40.4798 2.54677e-05
40.5242 2.51889e-05
40.5686 2.49132e-05
40.6129 2.46405e-05
40.6573 2.43708e-05
40.7017 2.4104e-05
40.746 2.38402e-05
40.7904 2.35792e-05
40.8348 2.3321e-05
40.8791 2.30657e-05
40.9235 2.28131e-05
40.9679 2.25633e-05
41.0122 2.23162e-05
41.0566 2.20719e-05
41.101 2.18301e-05
41.1453 2.15911e-05
41.1897 2.13546e-05
41.2341 2.11207e-05
41.2785 2.08894e-05
41.3228 2.06605e-05
41.3672 2.04342e-05
41.4116 2.02104e-05
41.4559 1.9989e-05
41.5003 1.977e-05
41.5447 1.95534e-05
41.589 1.93391e-05
41.6334 1.91272e-05
41.6778 1.89176e-05
41.7221 1.87103e-05
41.7665 1.85053e-05
41.8109 1.83025e-05
41.8552 1.81019e-05
41.8996 1.79035e-05
41.944 1.77073e-05
41.9883 1.75132e-05
42.0327 1.73212e-05
42.0771 1.71313e-05
42.1214 1.69435e-05
42.1658 1.67578e-05
42.2102 1.6574e-05
42.2546 1.63923e-05
42.2989 1.62126e-05
42.3433 1.60348e-05
42.3877 1.5859e-05
42.432 1.56851e-05
42.4764 1.55131e-05
42.5208 1.5343e-05
42.5651 1.51747e-05
42.6095 1.50083e-05
42.6539 1.48437e-05
42.6982 1.46808e-05
42.7426 1.45198e-05
42.787 1.43605e-05
42.8313 1.4203e-05
42.8757 1.40472e-05
42.9201 1.38931e-05
42.9644 1.37406e-05
43.0088 1.35899e-05
