-0.277229 0.00169589
-0.149409 0.00388519
-0.0215881 0.0079622
0.106232 0.0145096
0.234053 0.0235827
0.361873 0.0345651
0.489694 0.046411
0.617514 0.0580552
0.745335 0.0687021
0.873155 0.0779055
1.00098 0.0855114
1.1288 0.0915581
1.25662 0.0961882
1.38444 0.0995866
1.51226 0.101945
1.64008 0.103441
1.7679 0.104233
1.89572 0.104456
2.02354 0.104222
2.15136 0.103625
2.27918 0.102741
2.407 0.101634
2.53482 0.100353
2.66264 0.0989393
2.79046 0.0974271
2.91828 0.0958431
3.0461 0.0942089
3.17392 0.0925422
3.30175 0.0908572
3.42957 0.0891652
3.55739 0.0874754
3.68521 0.0857951
3.81303 0.08413
3.94085 0.0824847
4.06867 0.0808627
4.19649 0.0792669
4.32431 0.0776991
4.45213 0.0761611
4.57995 0.0746537
4.70777 0.0731779
4.83559 0.0717338
4.96341 0.0703218
5.09123 0.0689418
5.21905 0.0675936
5.34687 0.066277
5.47469 0.0649914
5.60251 0.0637364
5.73033 0.0625116
5.85816 0.0613162
5.98598 0.0601496
6.1138 0.0590112
6.24162 0.0579004
6.36944 0.0568164
6.49726 0.0557586
6.62508 0.0547263
6.7529 0.0537188
6.88072 0.0527354
7.00854 0.0517755
7.13636 0.0508384
7.26418 0.0499235
7.392 0.0490302
7.51982 0.0481578
7.64764 0.0473058
7.77546 0.0464735
7.90328 0.0456604
8.0311 0.0448661
8.15892 0.0440898
8.28675 0.0433312
8.41457 0.0425896
8.54239 0.0418647
8.67021 0.041156
8.79803 0.0404629
8.92585 0.0397852
9.05367 0.0391222
9.18149 0.0384737
9.30931 0.0378392
9.43713 0.0372183
9.56495 0.0366107
9.69277 0.0360159
9.82059 0.0354337
9.94841 0.0348637
10.0762 0.0343056
10.2041 0.033759
10.3319 0.0332237
10.4597 0.0326994
10.5875 0.0321857
10.7153 0.0316823
10.8432 0.0311891
10.971 0.0307058
11.0988 0.030232
11.2266 0.0297676
11.3544 0.0293123
11.4823 0.0288658
11.6101 0.0284281
11.7379 0.0279988
11.8657 0.0275777
11.9935 0.0271646
12.1214 0.0267594
12.2492 0.0263619
12.377 0.0259718
12.5048 0.0255889
12.6326 0.0252132
12.7605 0.0248444
12.8883 0.0244824
13.0161 0.024127
13.1439 0.0237781
13.2717 0.0234355
13.3996 0.023099
13.5274 0.0227686
13.6552 0.022444
13.783 0.0221252
13.9108 0.021812
14.0387 0.0215043
14.1665 0.021202
14.2943 0.020905
14.4221 0.0206131
14.5499 0.0203262
14.6778 0.0200442
14.8056 0.019767
14.9334 0.0194946
15.0612 0.0192267
15.1891 0.0189634
15.3169 0.0187045
15.4447 0.0184499
15.5725 0.0181995
15.7003 0.0179533
15.8282 0.0177111
15.956 0.0174729
16.0838 0.0172386
16.2116 0.0170081
16.3394 0.0167813
16.4673 0.0165582
16.5951 0.0163387
16.7229 0.0161226
16.8507 0.0159101
16.9785 0.0157009
17.1064 0.015495
17.2342 0.0152923
17.362 0.0150929
17.4898 0.0148965
17.6176 0.0147032
17.7455 0.0145129
17.8733 0.0143256
18.0011 0.0141411
18.1289 0.0139595
18.2567 0.0137806
18.3846 0.0136045
18.5124 0.013431
18.6402 0.0132602
18.768 0.0130919
18.8958 0.0129262
19.0237 0.0127629
19.1515 0.0126021
19.2793 0.0124437
19.4071 0.0122876
19.5349 0.0121338
19.6628 0.0119823
19.7906 0.0118331
19.9184 0.011686
20.0462 0.011541
20.1741 0.0113982
20.3019 0.0112574
20.4297 0.0111187
20.5575 0.0109819
20.6853 0.0108472
20.8132 0.0107143
20.941 0.0105834
21.0688 0.0104543
21.1966 0.010327
21.3244 0.0102016
21.4523 0.0100779
21.5801 0.00995594
21.7079 0.00983571
21.8357 0.00971716
21.9635 0.00960026
22.0914 0.00948499
22.2192 0.00937132
22.347 0.00925922
22.4748 0.00914866
22.6026 0.00903963
22.7305 0.0089321
22.8583 0.00882603
22.9861 0.00872142
23.1139 0.00861823
23.2417 0.00851644
23.3696 0.00841603
23.4974 0.00831697
23.6252 0.00821925
23.753 0.00812285
23.8808 0.00802773
24.0087 0.00793389
24.1365 0.0078413
24.2643 0.00774995
24.3921 0.0076598
24.5199 0.00757086
24.6478 0.00748308
24.7756 0.00739647
24.9034 0.00731099
25.0312 0.00722664
25.1591 0.00714339
25.2869 0.00706122
25.4147 0.00698013
25.5425 0.0069001
25.6703 0.0068211
25.7982 0.00674312
25.926 0.00666616
26.0538 0.00659018
26.1816 0.00651518
26.3094 0.00644115
26.4373 0.00636806
26.5651 0.00629591
26.6929 0.00622468
26.8207 0.00615435
26.9485 0.00608492
27.0764 0.00601637
27.2042 0.00594868
27.332 0.00588185
27.4598 0.00581586
27.5876 0.0057507
27.7155 0.00568636
27.8433 0.00562283
27.9711 0.00556009
28.0989 0.00549813
28.2267 0.00543694
28.3546 0.00537652
28.4824 0.00531684
28.6102 0.0052579
28.738 0.00519969
28.8658 0.0051422
28.9937 0.00508542
29.1215 0.00502933
29.2493 0.00497394
29.3771 0.00491922
29.5049 0.00486517
29.6328 0.00481178
29.7606 0.00475904
29.8884 0.00470694
30.0162 0.00465547
30.1441 0.00460463
30.2719 0.0045544
30.3997 0.00450478
30.5275 0.00445576
30.6553 0.00440733
30.7832 0.00435948
30.911 0.0043122
31.0388 0.00426549
31.1666 0.00421934
31.2944 0.00417373
31.4223 0.00412868
31.5501 0.00408415
31.6779 0.00404016
31.8057 0.00399669
31.9335 0.00395373
32.0614 0.00391128
32.1892 0.00386934
32.317 0.00382788
32.4448 0.00378692
32.5726 0.00374643
32.7005 0.00370642
32.8283 0.00366688
32.9561 0.00362781
33.0839 0.00358918
33.2117 0.00355101
33.3396 0.00351329
33.4674 0.003476
33.5952 0.00343914
33.723 0.00340272
33.8508 0.00336671
33.9787 0.00333112
34.1065 0.00329594
34.2343 0.00326117
34.3621 0.0032268
34.4899 0.00319282
34.6178 0.00315923
34.7456 0.00312603
34.8734 0.00309321
35.0012 0.00306076
35.1291 0.00302869
35.2569 0.00299697
35.3847 0.00296563
35.5125 0.00293463
35.6403 0.00290399
35.7682 0.0028737
35.896 0.00284375
36.0238 0.00281414
36.1516 0.00278486
36.2794 0.00275592
36.4073 0.0027273
36.5351 0.002699
36.6629 0.00267102
36.7907 0.00264335
36.9185 0.002616
37.0464 0.00258895
37.1742 0.0025622
37.302 0.00253576
37.4298 0.00250961
37.5576 0.00248375
37.6855 0.00245817
37.8133 0.00243289
37.9411 0.00240788
38.0689 0.00238315
38.1967 0.00235869
38.3246 0.00233451
38.4524 0.00231059
38.5802 0.00228694
38.708 0.00226355
38.8358 0.00224041
38.9637 0.00221753
39.0915 0.0021949
39.2193 0.00217252
39.3471 0.00215039
39.4749 0.0021285
39.6028 0.00210684
39.7306 0.00208543
39.8584 0.00206425
39.9862 0.0020433
40.1141 0.00202257
40.2419 0.00200208
40.3697 0.0019818
40.4975 0.00196175
40.6253 0.00194192
40.7532 0.00192229
40.881 0.00190289
41.0088 0.00188369
41.1366 0.0018647
41.2644 0.00184591
41.3923 0.00182733
41.5201 0.00180895
41.6479 0.00179076
41.7757 0.00177277
41.9035 0.00175498
42.0314 0.00173737
42.1592 0.00171995
42.287 0.00170272
42.4148 0.00168568
42.5426 0.00166882
42.6705 0.00165213
42.7983 0.00163563
42.9261 0.0016193
43.0539 0.00160314
43.1817 0.00158716
43.3096 0.00157135
43.4374 0.0015557
43.5652 0.00154022
43.693 0.00152491
43.8208 0.00150975
43.9487 0.00149476
44.0765 0.00147993
44.2043 0.00146525
44.3321 0.00145073
44.4599 0.00143636
44.5878 0.00142214
44.7156 0.00140807
44.8434 0.00139415
44.9712 0.00138037
45.0991 0.00136674
45.2269 0.00135326
45.3547 0.00133991
45.4825 0.00132671
45.6103 0.00131364
45.7382 0.00130071
45.866 0.00128791
45.9938 0.00127525
46.1216 0.00126272
46.2494 0.00125032
46.3773 0.00123805
46.5051 0.0012259
46.6329 0.00121389
46.7607 0.001202
46.8885 0.00119023
47.0164 0.00117858
47.1442 0.00116705
47.272 0.00115565
47.3998 0.00114436
47.5276 0.00113319
47.6555 0.00112213
47.7833 0.00111119
47.9111 0.00110036
48.0389 0.00108964
48.1667 0.00107903
48.2946 0.00106853
48.4224 0.00105814
48.5502 0.00104785
48.678 0.00103767
48.8058 0.0010276
48.9337 0.00101763
49.0615 0.00100776
49.1893 0.000997991
49.3171 0.000988323
49.4449 0.000978753
49.5728 0.000969281
49.7006 0.000959906
49.8284 0.000950626
49.9562 0.000941441
50.0841 0.00093235
50.2119 0.00092335
50.3397 0.000914443
50.4675 0.000905625
50.5953 0.000896898
50.7232 0.000888258
50.851 0.000879707
50.9788 0.000871242
51.1066 0.000862862
51.2344 0.000854568
51.3623 0.000846357
51.4901 0.000838229
51.6179 0.000830183
51.7457 0.000822219
51.8735 0.000814334
52.0014 0.00080653
52.1292 0.000798803
52.257 0.000791155
52.3848 0.000783583
52.5126 0.000776087
52.6405 0.000768667
52.7683 0.000761321
52.8961 0.000754049
53.0239 0.000746849
53.1517 0.000739722
53.2796 0.000732666
53.4074 0.000725681
53.5352 0.000718765
53.663 0.000711919
53.7908 0.000705141
53.9187 0.00069843
54.0465 0.000691787
54.1743 0.000685209
54.3021 0.000678697
54.4299 0.00067225
54.5578 0.000665867
54.6856 0.000659548
54.8134 0.000653291
54.9412 0.000647096
55.0691 0.000640963
55.1969 0.000634891
55.3247 0.000628879
55.4525 0.000622926
55.5803 0.000617032
55.7082 0.000611197
55.836 0.000605419
55.9638 0.000599698
56.0916 0.000594034
56.2194 0.000588426
56.3473 0.000582873
56.4751 0.000577375
56.6029 0.000571931
56.7307 0.00056654
56.8585 0.000561203
56.9864 0.000555918
57.1142 0.000550685
57.242 0.000545504
57.3698 0.000540373
57.4976 0.000535293
57.6255 0.000530262
57.7533 0.000525281
57.8811 0.000520349
58.0089 0.000515465
58.1367 0.000510628
58.2646 0.000505839
58.3924 0.000501097
58.5202 0.000496401
58.648 0.000491751
58.7758 0.000487147
58.9037 0.000482587
59.0315 0.000478072
59.1593 0.000473601
59.2871 0.000469173
59.4149 0.000464788
59.5428 0.000460446
59.6706 0.000456147
59.7984 0.000451889
59.9262 0.000447672
60.0541 0.000443497
60.1819 0.000439362
60.3097 0.000435267
60.4375 0.000431211
60.5653 0.000427195
60.6932 0.000423218
60.821 0.00041928
60.9488 0.000415379
61.0766 0.000411516
61.2044 0.000407691
61.3323 0.000403902
61.4601 0.00040015
61.5879 0.000396435
61.7157 0.000392755
61.8435 0.00038911
61.9714 0.000385501
62.0992 0.000381927
62.227 0.000378387
62.3548 0.000374881
62.4826 0.000371408
62.6105 0.000367969
62.7383 0.000364564
62.8661 0.00036119
62.9939 0.00035785
63.1217 0.000354541
63.2496 0.000351264
63.3774 0.000348018
63.5052 0.000344804
63.633 0.00034162
63.7608 0.000338467
63.8887 0.000335344
64.0165 0.000332251
64.1443 0.000329187
64.2721 0.000326153
64.3999 0.000323148
64.5278 0.000320171
64.6556 0.000317223
64.7834 0.000314303
64.9112 0.00031141
65.0391 0.000308546
65.1669 0.000305708
65.2947 0.000302898
65.4225 0.000300114
65.5503 0.000297357
65.6782 0.000294626
65.806 0.000291921
65.9338 0.000289242
66.0616 0.000286588
66.1894 0.00028396
66.3173 0.000281356
66.4451 0.000278777
66.5729 0.000276223
66.7007 0.000273692
66.8285 0.000271186
66.9564 0.000268703
67.0842 0.000266244
67.212 0.000263808
67.3398 0.000261396
67.4676 0.000259006
67.5955 0.000256638
67.7233 0.000254293
67.8511 0.00025197
67.9789 0.000249669
68.1067 0.00024739
68.2346 0.000245132
68.3624 0.000242896
68.4902 0.00024068
68.618 0.000238486
68.7458 0.000236312
68.8737 0.000234159
69.0015 0.000232025
69.1293 0.000229912
69.2571 0.000227819
69.3849 0.000225746
69.5128 0.000223691
69.6406 0.000221657
69.7684 0.000219641
69.8962 0.000217644
70.0241 0.000215666
70.1519 0.000213707
70.2797 0.000211766
70.4075 0.000209843
70.5353 0.000207938
70.6632 0.000206051
70.791 0.000204181
70.9188 0.000202329
71.0466 0.000200495
71.1744 0.000198677
71.3023 0.000196877
71.4301 0.000195093
71.5579 0.000193326
71.6857 0.000191575
71.8135 0.000189841
71.9414 0.000188123
72.0692 0.000186421
72.197 0.000184735
72.3248 0.000183065
72.4526 0.00018141
72.5805 0.00017977
72.7083 0.000178146
72.8361 0.000176537
72.9639 0.000174943
73.0917 0.000173363
73.2196 0.000171799
73.3474 0.000170249
73.4752 0.000168713
73.603 0.000167192
73.7308 0.000165684
73.8587 0.000164191
73.9865 0.000162711
74.1143 0.000161246
74.2421 0.000159794
74.3699 0.000158355
74.4978 0.000156929
74.6256 0.000155517
74.7534 0.000154118
74.8812 0.000152732
75.0091 0.000151358
75.1369 0.000149998
75.2647 0.00014865
75.3925 0.000147314
75.5203 0.000145991
75.6482 0.00014468
75.776 0.000143381
75.9038 0.000142094
76.0316 0.000140819
76.1594 0.000139555
76.2873 0.000138304
76.4151 0.000137063
76.5429 0.000135835
76.6707 0.000134617
76.7985 0.000133411
76.9264 0.000132216
77.0542 0.000131032
77.182 0.000129859
77.3098 0.000128696
77.4376 0.000127544
77.5655 0.000126403
77.6933 0.000125272
77.8211 0.000124152
77.9489 0.000123042
78.0767 0.000121942
78.2046 0.000120853
78.3324 0.000119773
78.4602 0.000118703
78.588 0.000117643
78.7158 0.000116593
78.8437 0.000115552
78.9715 0.000114521
79.0993 0.000113499
79.2271 0.000112487
79.3549 0.000111484
79.4828 0.00011049
79.6106 0.000109505
79.7384 0.000108529
79.8662 0.000107562
79.9941 0.000106604
80.1219 0.000105655
80.2497 0.000104714
80.3775 0.000103782
80.5053 0.000102858
80.6332 0.000101943
80.761 0.000101036
80.8888 0.000100138
81.0166 9.92475e-05
81.1444 9.83652e-05
81.2723 9.7491e-05
81.4001 9.66248e-05
81.5279 9.57665e-05
81.6557 9.49159e-05
81.7835 9.40731e-05
81.9114 9.3238e-05
82.0392 9.24105e-05
82.167 9.15905e-05
82.2948 9.07779e-05
82.4226 8.99728e-05
82.5505 8.91749e-05
82.6783 8.83843e-05
82.8061 8.76009e-05
82.9339 8.68245e-05
83.0617 8.60553e-05
83.1896 8.5293e-05
83.3174 8.45376e-05
83.4452 8.37891e-05
83.573 8.30473e-05
83.7008 8.23123e-05
83.8287 8.15839e-05
83.9565 8.08622e-05
84.0843 8.01469e-05
84.2121 7.94382e-05
84.3399 7.87358e-05
84.4678 7.80398e-05
84.5956 7.73501e-05
84.7234 7.66667e-05
84.8512 7.59894e-05
84.9791 7.53182e-05
85.1069 7.46531e-05
85.2347 7.39941e-05
85.3625 7.33409e-05
85.4903 7.26937e-05
85.6182 7.20523e-05
85.746 7.14167e-05
85.8738 7.07868e-05
86.0016 7.01626e-05
86.1294 6.9544e-05
86.2573 6.89311e-05
86.3851 6.83236e-05
86.5129 6.77216e-05
86.6407 6.7125e-05
86.7685 6.65338e-05
86.8964 6.5948e-05
87.0242 6.53674e-05
87.152 6.4792e-05
87.2798 6.42218e-05
87.4076 6.36567e-05
87.5355 6.30967e-05
87.6633 6.25418e-05
87.7911 6.19918e-05
87.9189 6.14468e-05
88.0467 6.09067e-05
88.1746 6.03714e-05
88.3024 5.98409e-05
88.4302 5.93152e-05
88.558 5.87942e-05
88.6858 5.82779e-05
88.8137 5.77662e-05
88.9415 5.72591e-05
89.0693 5.67565e-05
89.1971 5.62585e-05
89.3249 5.57649e-05
89.4528 5.52757e-05
89.5806 5.4791e-05
89.7084 5.43105e-05
89.8362 5.38344e-05
89.9641 5.33625e-05
90.0919 5.28948e-05
90.2197 5.24314e-05
90.3475 5.19721e-05
90.4753 5.15168e-05
90.6032 5.10657e-05
90.731 5.06186e-05
90.8588 5.01755e-05
90.9866 4.97363e-05
91.1144 4.93011e-05
91.2423 4.88697e-05
91.3701 4.84422e-05
91.4979 4.80185e-05
91.6257 4.75986e-05
91.7535 4.71825e-05
91.8814 4.677e-05
92.0092 4.63612e-05
92.137 4.59561e-05
92.2648 4.55546e-05
92.3926 4.51567e-05
92.5205 4.47623e-05
92.6483 4.43714e-05
92.7761 4.3984e-05
92.9039 4.36001e-05
93.0317 4.32196e-05
93.1596 4.28424e-05
93.2874 4.24686e-05
93.4152 4.20982e-05
93.543 4.1731e-05
93.6708 4.13671e-05
93.7987 4.10065e-05
93.9265 4.0649e-05
94.0543 4.02947e-05
94.1821 3.99436e-05
94.3099 3.95956e-05
94.4378 3.92506e-05
94.5656 3.89088e-05
94.6934 3.857e-05
94.8212 3.82341e-05
94.9491 3.79013e-05
95.0769 3.75714e-05
95.2047 3.72445e-05
95.3325 3.69204e-05
95.4603 3.65992e-05
95.5882 3.62809e-05
95.716 3.59653e-05
95.8438 3.56526e-05
95.9716 3.53427e-05
96.0994 3.50355e-05
96.2273 3.4731e-05
96.3551 3.44292e-05
96.4829 3.41301e-05
96.6107 3.38336e-05
96.7385 3.35397e-05
96.8664 3.32485e-05
96.9942 3.29598e-05
97.122 3.26737e-05
97.2498 3.23901e-05
97.3776 3.2109e-05
97.5055 3.18304e-05
97.6333 3.15543e-05
97.7611 3.12806e-05
97.8889 3.10093e-05
98.0167 3.07404e-05
98.1446 3.04739e-05
98.2724 3.02097e-05
98.4002 2.99479e-05
98.528 2.96883e-05
98.6558 2.94311e-05
98.7837 2.91761e-05
98.9115 2.89234e-05
99.0393 2.86729e-05
99.1671 2.84247e-05
99.2949 2.81786e-05
99.4228 2.79346e-05
99.5506 2.76929e-05
99.6784 2.74532e-05
99.8062 2.72157e-05
99.9341 2.69802e-05
100.062 2.67469e-05
100.19 2.65155e-05
100.318 2.62863e-05
100.445 2.6059e-05
100.573 2.58337e-05
100.701 2.56104e-05
100.829 2.53891e-05
100.957 2.51697e-05
101.084 2.49523e-05
101.212 2.47368e-05
101.34 2.45231e-05
101.468 2.43113e-05
101.596 2.41014e-05
101.724 2.38934e-05
101.851 2.36871e-05
101.979 2.34827e-05
102.107 2.32801e-05
102.235 2.30792e-05
102.363 2.28801e-05
102.49 2.26828e-05
102.618 2.24872e-05
102.746 2.22932e-05
102.874 2.2101e-05
103.002 2.19105e-05
103.13 2.17217e-05
103.257 2.15345e-05
103.385 2.13489e-05
103.513 2.1165e-05
103.641 2.09827e-05
103.769 2.0802e-05
103.896 2.06228e-05
104.024 2.04453e-05
104.152 2.02692e-05
104.28 2.00948e-05
104.408 1.99218e-05
104.536 1.97504e-05
104.663 1.95804e-05
104.791 1.9412e-05
104.919 1.9245e-05
105.047 1.90795e-05
105.175 1.89154e-05
105.303 1.87528e-05
105.43 1.85916e-05
105.558 1.84317e-05
105.686 1.82733e-05
105.814 1.81163e-05
105.942 1.79606e-05
106.069 1.78063e-05
106.197 1.76534e-05
106.325 1.75017e-05
106.453 1.73514e-05
106.581 1.72025e-05
106.709 1.70548e-05
106.836 1.69084e-05
106.964 1.67632e-05
107.092 1.66194e-05
107.22 1.64768e-05
107.348 1.63354e-05
107.475 1.61953e-05
107.603 1.60564e-05
107.731 1.59187e-05
107.859 1.57822e-05
107.987 1.56468e-05
108.115 1.55127e-05
108.242 1.53797e-05
108.37 1.52479e-05
108.498 1.51173e-05
108.626 1.49877e-05
108.754 1.48593e-05
108.881 1.4732e-05
109.009 1.46059e-05
109.137 1.44808e-05
109.265 1.43568e-05
109.393 1.42339e-05
109.521 1.4112e-05
109.648 1.39912e-05
109.776 1.38715e-05
109.904 1.37528e-05
110.032 1.36351e-05
110.16 1.35185e-05
110.288 1.34028e-05
110.415 1.32882e-05
110.543 1.31746e-05
110.671 1.30619e-05
110.799 1.29503e-05
110.927 1.28396e-05
111.054 1.27298e-05
111.182 1.2621e-05
111.31 1.25132e-05
111.438 1.24063e-05
111.566 1.23003e-05
111.694 1.21952e-05
111.821 1.2091e-05
111.949 1.19878e-05
112.077 1.18854e-05
112.205 1.17839e-05
112.333 1.16834e-05
112.46 1.15836e-05
112.588 1.14848e-05
112.716 1.13868e-05
112.844 1.12896e-05
112.972 1.11933e-05
113.1 1.10978e-05
113.227 1.10031e-05
113.355 1.09093e-05
113.483 1.08163e-05
113.611 1.07241e-05
113.739 1.06326e-05
113.866 1.0542e-05
113.994 1.04521e-05
114.122 1.03631e-05
114.25 1.02748e-05
114.378 1.01872e-05
114.506 1.01004e-05
114.633 1.00144e-05
114.761 9.9291e-06
114.889 9.84454e-06
115.017 9.76071e-06
115.145 9.67761e-06
115.273 9.59522e-06
115.4 9.51354e-06
115.528 9.43257e-06
115.656 9.3523e-06
115.784 9.27272e-06
115.912 9.19383e-06
116.039 9.11561e-06
116.167 9.03807e-06
116.295 8.9612e-06
116.423 8.88499e-06
116.551 8.80944e-06
116.679 8.73454e-06
116.806 8.66029e-06
116.934 8.58667e-06
117.062 8.51369e-06
117.19 8.44134e-06
117.318 8.36961e-06
117.445 8.2985e-06
117.573 8.228e-06
117.701 8.1581e-06
117.829 8.08881e-06
117.957 8.02012e-06
118.085 7.95201e-06
118.212 7.88449e-06
118.34 7.81756e-06
118.468 7.7512e-06
118.596 7.6854e-06
118.724 7.62018e-06
118.851 7.55551e-06
118.979 7.49141e-06
119.107 7.42785e-06
119.235 7.36484e-06
119.363 7.30237e-06
119.491 7.24043e-06
119.618 7.17903e-06
119.746 7.11816e-06
119.874 7.0578e-06
120.002 6.99797e-06
120.13 6.93865e-06
120.258 6.87984e-06
120.385 6.82154e-06
120.513 6.76373e-06
120.641 6.70642e-06
120.769 6.6496e-06
120.897 6.59327e-06
121.024 6.53743e-06
121.152 6.48206e-06
121.28 6.42717e-06
121.408 6.37274e-06
121.536 6.31879e-06
121.664 6.2653e-06
121.791 6.21226e-06
121.919 6.15968e-06
122.047 6.10755e-06
122.175 6.05587e-06
122.303 6.00463e-06
122.43 5.95383e-06
122.558 5.90346e-06
122.686 5.85352e-06
122.814 5.80402e-06
122.942 5.75493e-06
123.07 5.70627e-06
123.197 5.65802e-06
123.325 5.61019e-06
123.453 5.56276e-06
123.581 5.51574e-06
123.709 5.46913e-06
123.836 5.42291e-06
123.964 5.37709e-06
124.092 5.33166e-06
124.22 5.28661e-06
124.348 5.24196e-06
124.476 5.19768e-06
124.603 5.15378e-06
124.731 5.11026e-06
124.859 5.06711e-06
124.987 5.02433e-06
125.115 4.98191e-06
125.243 4.93986e-06
125.37 4.89816e-06
125.498 4.85683e-06
125.626 4.81584e-06
125.754 4.77521e-06
125.882 4.73492e-06
126.009 4.69497e-06
126.137 4.65537e-06
126.265 4.6161e-06
126.393 4.57717e-06
126.521 4.53857e-06
126.649 4.5003e-06
126.776 4.46236e-06
126.904 4.42474e-06
127.032 4.38744e-06
127.16 4.35046e-06
127.288 4.3138e-06
127.415 4.27744e-06
