-6.66873 7.44541e-05
-6.65388 7.59395e-05
-6.63904 7.74547e-05
-6.6242 7.90003e-05
-6.60936 8.05768e-05
-6.59452 8.21849e-05
-6.57967 8.38253e-05
-6.56483 8.54986e-05
-6.54999 8.72054e-05
-6.53515 8.89464e-05
-6.52031 9.07224e-05
-6.50547 9.25339e-05
-6.49062 9.43819e-05
-6.47578 9.62668e-05
-6.46094 9.81897e-05
-6.4461 0.000100151
-6.43126 0.000102152
-6.41641 0.000104193
-6.40157 0.000106275
-6.38673 0.000108398
-6.37189 0.000110565
-6.35705 0.000112774
-6.3422 0.000115028
-6.32736 0.000117328
-6.31252 0.000119674
-6.29768 0.000122066
-6.28284 0.000124507
-6.268 0.000126997
-6.25315 0.000129537
-6.23831 0.000132128
-6.22347 0.000134771
-6.20863 0.000137467
-6.19379 0.000140217
-6.17894 0.000143023
-6.1641 0.000145885
-6.14926 0.000148804
-6.13442 0.000151782
-6.11958 0.000154821
-6.10474 0.00015792
-6.08989 0.000161082
-6.07505 0.000164307
-6.06021 0.000167597
-6.04537 0.000170953
-6.03053 0.000174377
-6.01568 0.00017787
-6.00084 0.000181433
-5.986 0.000185068
-5.97116 0.000188776
-5.95632 0.000192559
-5.94148 0.000196418
-5.92663 0.000200355
-5.91179 0.000204371
-5.89695 0.000208468
-5.88211 0.000212647
-5.86727 0.000216911
-5.85242 0.000221261
-5.83758 0.000225698
-5.82274 0.000230225
-5.8079 0.000234843
-5.79306 0.000239554
-5.77822 0.00024436
-5.76337 0.000249263
-5.74853 0.000254265
-5.73369 0.000259368
-5.71885 0.000264574
-5.70401 0.000269885
-5.68916 0.000275304
-5.67432 0.000280831
-5.65948 0.00028647
-5.64464 0.000292223
-5.6298 0.000298093
-5.61496 0.00030408
-5.60011 0.000310189
-5.58527 0.000316421
-5.57043 0.000322779
-5.55559 0.000329265
-5.54075 0.000335883
-5.5259 0.000342634
-5.51106 0.000349522
-5.49622 0.000356549
-5.48138 0.000363718
-5.46654 0.000371032
-5.4517 0.000378494
-5.43685 0.000386107
-5.42201 0.000393873
-5.40717 0.000401797
-5.39233 0.000409882
-5.37749 0.00041813
-5.36264 0.000426545
-5.3478 0.00043513
-5.33296 0.000443889
-5.31812 0.000452825
-5.30328 0.000461943
-5.28844 0.000471245
-5.27359 0.000480735
-5.25875 0.000490418
-5.24391 0.000500297
-5.22907 0.000510376
-5.21423 0.000520659
-5.19938 0.000531151
-5.18454 0.000541856
-5.1697 0.000552777
-5.15486 0.000563921
-5.14002 0.00057529
-5.12517 0.000586889
-5.11033 0.000598724
-5.09549 0.0006108
-5.08065 0.00062312
-5.06581 0.00063569
-5.05097 0.000648516
-5.03612 0.000661602
-5.02128 0.000674953
-5.00644 0.000688576
-4.9916 0.000702475
-4.97676 0.000716657
-4.96191 0.000731127
-4.94707 0.000745891
-4.93223 0.000760955
-4.91739 0.000776325
-4.90255 0.000792008
-4.88771 0.00080801
-4.87286 0.000824337
-4.85802 0.000840996
-4.84318 0.000857993
-4.82834 0.000875337
-4.8135 0.000893034
-4.79865 0.00091109
-4.78381 0.000929515
-4.76897 0.000948314
-4.75413 0.000967496
-4.73929 0.000987069
-4.72445 0.00100704
-4.7096 0.00102742
-4.69476 0.00104821
-4.67992 0.00106943
-4.66508 0.00109108
-4.65024 0.00111317
-4.63539 0.00113571
-4.62055 0.00115871
-4.60571 0.00118218
-4.59087 0.00120613
-4.57603 0.00123056
-4.56119 0.0012555
-4.54634 0.00128094
-4.5315 0.00130691
-4.51666 0.0013334
-4.50182 0.00136043
-4.48698 0.00138802
-4.47213 0.00141617
-4.45729 0.00144489
-4.44245 0.0014742
-4.42761 0.00150411
-4.41277 0.00153463
-4.39793 0.00156578
-4.38308 0.00159756
-4.36824 0.00162999
-4.3534 0.00166309
-4.33856 0.00169686
-4.32372 0.00173132
-4.30887 0.00176649
-4.29403 0.00180237
-4.27919 0.00183899
-4.26435 0.00187636
-4.24951 0.0019145
-4.23467 0.00195342
-4.21982 0.00199313
-4.20498 0.00203366
-4.19014 0.00207501
-4.1753 0.00211722
-4.16046 0.00216029
-4.14561 0.00220424
-4.13077 0.00224909
-4.11593 0.00229486
-4.10109 0.00234157
-4.08625 0.00238924
-4.0714 0.00243789
-4.05656 0.00248753
-4.04172 0.0025382
-4.02688 0.0025899
-4.01204 0.00264267
-3.9972 0.00269652
-3.98235 0.00275147
-3.96751 0.00280755
-3.95267 0.00286479
-3.93783 0.0029232
-3.92299 0.00298281
-3.90814 0.00304364
-3.8933 0.00310573
-3.87846 0.00316909
-3.86362 0.00323376
-3.84878 0.00329975
-3.83394 0.00336711
-3.81909 0.00343585
-3.80425 0.003506
-3.78941 0.0035776
-3.77457 0.00365067
-3.75973 0.00372524
-3.74488 0.00380136
-3.73004 0.00387903
-3.7152 0.00395831
-3.70036 0.00403923
-3.68552 0.00412181
-3.67068 0.00420609
-3.65583 0.00429211
-3.64099 0.0043799
-3.62615 0.0044695
-3.61131 0.00456095
-3.59647 0.00465429
-3.58162 0.00474955
-3.56678 0.00484678
-3.55194 0.00494601
-3.5371 0.0050473
-3.52226 0.00515067
-3.50742 0.00525618
-3.49257 0.00536387
-3.47773 0.00547378
-3.46289 0.00558596
-3.44805 0.00570046
-3.43321 0.00581733
-3.41836 0.00593661
-3.40352 0.00605836
-3.38868 0.00618263
-3.37384 0.00630946
-3.359 0.00643892
-3.34416 0.00657106
-3.32931 0.00670593
-3.31447 0.00684359
-3.29963 0.0069841
-3.28479 0.00712752
-3.26995 0.00727391
-3.2551 0.00742333
-3.24026 0.00757585
-3.22542 0.00773152
-3.21058 0.00789042
-3.19574 0.00805261
-3.1809 0.00821816
-3.16605 0.00838715
-3.15121 0.00855963
-3.13637 0.0087357
-3.12153 0.00891541
-3.10669 0.00909885
-3.09184 0.00928609
-3.077 0.00947722
-3.06216 0.00967232
-3.04732 0.00987146
-3.03248 0.0100747
-3.01763 0.0102822
-3.00279 0.010494
-2.98795 0.0107102
-2.97311 0.0109309
-2.95827 0.0111562
-2.94343 0.0113861
-2.92858 0.0116208
-2.91374 0.0118604
-2.8989 0.012105
-2.88406 0.0123547
-2.86922 0.0126095
-2.85437 0.0128697
-2.83953 0.0131352
-2.82469 0.0134063
-2.80985 0.013683
-2.79501 0.0139654
-2.78017 0.0142538
-2.76532 0.0145481
-2.75048 0.0148485
-2.73564 0.0151552
-2.7208 0.0154683
-2.70596 0.0157878
-2.69111 0.0161141
-2.67627 0.0164471
-2.66143 0.016787
-2.64659 0.017134
-2.63175 0.0174882
-2.61691 0.0178498
-2.60206 0.0182189
-2.58722 0.0185957
-2.57238 0.0189803
-2.55754 0.019373
-2.5427 0.0197737
-2.52785 0.0201829
-2.51301 0.0206005
-2.49817 0.0210268
-2.48333 0.021462
-2.46849 0.0219063
-2.45365 0.0223598
-2.4388 0.0228227
-2.42396 0.0232952
-2.40912 0.0237776
-2.39428 0.0242699
-2.37944 0.0247726
-2.36459 0.0252856
-2.34975 0.0258094
-2.33491 0.026344
-2.32007 0.0268897
-2.30523 0.0274467
-2.29039 0.0280154
-2.27554 0.0285958
-2.2607 0.0291882
-2.24586 0.029793
-2.23102 0.0304103
-2.21618 0.0310404
-2.20133 0.0316836
-2.18649 0.0323401
-2.17165 0.0330102
-2.15681 0.0336942
-2.14197 0.0343924
-2.12713 0.035105
-2.11228 0.0358324
-2.09744 0.0365748
-2.0826 0.0373325
-2.06776 0.0381059
-2.05292 0.0388953
-2.03807 0.039701
-2.02323 0.0405233
-2.00839 0.0413625
-1.99355 0.0422191
-1.97871 0.0430932
-1.96386 0.0439854
-1.94902 0.0448959
-1.93418 0.0458252
-1.91934 0.0467735
-1.9045 0.0477413
-1.88966 0.0487289
-1.87481 0.0497367
-1.85997 0.0507652
-1.84513 0.0518146
-1.83029 0.0528856
-1.81545 0.0539783
-1.8006 0.0550934
-1.78576 0.0562311
-1.77092 0.057392
-1.75608 0.0585764
-1.74124 0.0597849
-1.7264 0.0610178
-1.71155 0.0622757
-1.69671 0.063559
-1.68187 0.0648681
-1.66703 0.0662036
-1.65219 0.0675659
-1.63734 0.0689556
-1.6225 0.070373
-1.60766 0.0718188
-1.59282 0.0732935
-1.57798 0.0747975
-1.56314 0.0763313
-1.54829 0.0778955
-1.53345 0.0794907
-1.51861 0.0811173
-1.50377 0.0827758
-1.48893 0.0844669
-1.47408 0.0861911
-1.45924 0.0879489
-1.4444 0.0897408
-1.42956 0.0915674
-1.41472 0.0934294
-1.39988 0.0953271
-1.38503 0.0972612
-1.37019 0.0992322
-1.35535 0.101241
-1.34051 0.103287
-1.32567 0.105372
-1.31082 0.107497
-1.29598 0.10966
-1.28114 0.111865
-1.2663 0.114109
-1.25146 0.116395
-1.23662 0.118723
-1.22177 0.121093
-1.20693 0.123506
-1.19209 0.125962
-1.17725 0.128462
-1.16241 0.131006
-1.14756 0.133594
-1.13272 0.136228
-1.11788 0.138907
-1.10304 0.141631
-1.0882 0.144402
-1.07336 0.147219
-1.05851 0.150083
-1.04367 0.152993
-1.02883 0.155951
-1.01399 0.158956
-0.999146 0.162009
-0.984304 0.165109
-0.969462 0.168256
-0.954621 0.171451
-0.939779 0.174694
-0.924937 0.177984
-0.910095 0.181321
-0.895253 0.184705
-0.880411 0.188135
-0.86557 0.191612
-0.850728 0.195134
-0.835886 0.198702
-0.821044 0.202314
-0.806202 0.205969
-0.79136 0.209667
-0.776519 0.213408
-0.761677 0.217189
-0.746835 0.221009
-0.731993 0.224868
-0.717151 0.228764
-0.702309 0.232695
-0.687468 0.23666
-0.672626 0.240656
-0.657784 0.244682
-0.642942 0.248736
-0.6281 0.252815
-0.613258 0.256917
-0.598417 0.26104
-0.583575 0.265179
-0.568733 0.269334
-0.553891 0.2735
-0.539049 0.277674
-0.524207 0.281852
-0.509366 0.286032
-0.494524 0.290208
-0.479682 0.294378
-0.46484 0.298537
-0.449998 0.30268
-0.435156 0.306804
-0.420315 0.310903
-0.405473 0.314972
-0.390631 0.319007
-0.375789 0.323003
-0.360947 0.326954
-0.346105 0.330854
-0.331264 0.3347
-0.316422 0.338484
-0.30158 0.342201
-0.286738 0.345846
-0.271896 0.349413
-0.257054 0.352897
-0.242213 0.356291
-0.227371 0.35959
-0.212529 0.362789
-0.197687 0.365881
-0.182845 0.368862
-0.168003 0.371727
-0.153162 0.37447
-0.13832 0.377087
-0.123478 0.379572
-0.108636 0.381922
-0.0937943 0.384132
-0.0789525 0.386199
-0.0641107 0.388118
-0.0492688 0.389887
-0.034427 0.391503
-0.0195852 0.392963
-0.00474335 0.394265
0.0100985 0.395408
0.0249403 0.396389
0.0397821 0.397208
0.054624 0.397865
0.0694658 0.398359
0.0843076 0.398691
0.0991495 0.39886
0.113991 0.398869
0.128833 0.398717
0.143675 0.398408
0.158517 0.397944
0.173359 0.397326
0.1882 0.396557
0.203042 0.39564
0.217884 0.394579
0.232726 0.393378
0.247568 0.392039
0.26241 0.390567
0.277251 0.388966
0.292093 0.387241
0.306935 0.385395
0.321777 0.383434
0.336619 0.381361
0.351461 0.379183
0.366302 0.376903
0.381144 0.374526
0.395986 0.372057
0.410828 0.369502
0.42567 0.366864
0.440512 0.364148
0.455353 0.36136
0.470195 0.358503
0.485037 0.355583
0.499879 0.352604
0.514721 0.34957
0.529563 0.346486
0.544404 0.343356
0.559246 0.340183
0.574088 0.336972
0.58893 0.333727
0.603772 0.330451
0.618614 0.327148
0.633455 0.323821
0.648297 0.320474
0.663139 0.31711
0.677981 0.313731
0.692823 0.310341
0.707665 0.306943
0.722506 0.303539
0.737348 0.300132
0.75219 0.296724
0.767032 0.293318
0.781874 0.289915
0.796715 0.286518
0.811557 0.283128
0.826399 0.279749
0.841241 0.27638
0.856083 0.273024
0.870925 0.269683
0.885766 0.266357
0.900608 0.263049
0.91545 0.259759
0.930292 0.256489
0.945134 0.25324
0.959976 0.250012
0.974817 0.246808
0.989659 0.243627
1.0045 0.24047
1.01934 0.237338
1.03418 0.234232
1.04903 0.231153
1.06387 0.228101
1.07871 0.225076
1.09355 0.22208
1.10839 0.219112
1.12324 0.216172
1.13808 0.213262
1.15292 0.210381
1.16776 0.20753
1.1826 0.204709
1.19744 0.201918
1.21229 0.199157
1.22713 0.196426
1.24197 0.193726
1.25681 0.191056
1.27165 0.188416
1.2865 0.185807
1.30134 0.183229
1.31618 0.180681
1.33102 0.178163
1.34586 0.175676
1.36071 0.173219
1.37555 0.170792
1.39039 0.168395
1.40523 0.166027
1.42007 0.16369
1.43491 0.161382
1.44976 0.159103
1.4646 0.156854
1.47944 0.154633
1.49428 0.152441
1.50912 0.150278
1.52397 0.148143
1.53881 0.146036
1.55365 0.143956
1.56849 0.141905
1.58333 0.139881
1.59817 0.137884
1.61302 0.135913
1.62786 0.13397
1.6427 0.132052
1.65754 0.130161
1.67238 0.128296
1.68723 0.126456
1.70207 0.124641
1.71691 0.122851
1.73175 0.121086
1.74659 0.119346
1.76143 0.117629
1.77628 0.115937
1.79112 0.114268
1.80596 0.112622
1.8208 0.110999
1.83564 0.1094
1.85049 0.107822
1.86533 0.106267
1.88017 0.104734
1.89501 0.103223
1.90985 0.101733
1.92469 0.100264
1.93954 0.0988157
1.95438 0.0973883
1.96922 0.0959812
1.98406 0.0945943
1.9989 0.0932271
2.01375 0.0918795
2.02859 0.0905511
2.04343 0.0892419
2.05827 0.0879514
2.07311 0.0866794
2.08795 0.0854258
2.1028 0.0841902
2.11764 0.0829724
2.13248 0.0817721
2.14732 0.0805892
2.16216 0.0794234
2.17701 0.0782744
2.19185 0.077142
2.20669 0.076026
2.22153 0.0749262
2.23637 0.0738423
2.25121 0.0727741
2.26606 0.0717214
2.2809 0.070684
2.29574 0.0696617
2.31058 0.0686542
2.32542 0.0676613
2.34027 0.0666829
2.35511 0.0657187
2.36995 0.0647685
2.38479 0.0638322
2.39963 0.0629095
2.41448 0.0620002
2.42932 0.0611041
2.44416 0.0602212
2.459 0.059351
2.47384 0.0584936
2.48868 0.0576487
2.50353 0.0568161
2.51837 0.0559956
2.53321 0.0551871
2.54805 0.0543904
2.56289 0.0536053
2.57774 0.0528316
2.59258 0.0520693
2.60742 0.051318
2.62226 0.0505778
2.6371 0.0498483
2.65194 0.0491295
2.66679 0.0484212
2.68163 0.0477232
2.69647 0.0470354
2.71131 0.0463576
2.72615 0.0456897
2.741 0.0450316
2.75584 0.0443831
2.77068 0.043744
2.78552 0.0431143
2.80036 0.0424938
2.8152 0.0418823
2.83005 0.0412797
2.84489 0.0406859
2.85973 0.0401008
2.87457 0.0395242
2.88941 0.038956
2.90426 0.0383962
2.9191 0.0378444
2.93394 0.0373007
2.94878 0.036765
2.96362 0.036237
2.97846 0.0357168
2.99331 0.0352041
3.00815 0.0346989
3.02299 0.0342011
3.03783 0.0337105
3.05267 0.033227
3.06752 0.0327506
3.08236 0.0322811
3.0972 0.0318185
3.11204 0.0313626
3.12688 0.0309133
3.14172 0.0304706
3.15657 0.0300343
3.17141 0.0296043
3.18625 0.0291806
3.20109 0.028763
3.21593 0.0283516
3.23078 0.0279461
3.24562 0.0275465
3.26046 0.0271527
3.2753 0.0267646
3.29014 0.0263821
3.30498 0.0260052
3.31983 0.0256338
3.33467 0.0252677
3.34951 0.024907
3.36435 0.0245515
3.37919 0.0242012
3.39404 0.0238559
3.40888 0.0235156
3.42372 0.0231803
3.43856 0.0228498
3.4534 0.0225241
3.46824 0.0222032
3.48309 0.0218868
3.49793 0.0215751
3.51277 0.0212678
3.52761 0.020965
3.54245 0.0206666
3.5573 0.0203725
3.57214 0.0200827
3.58698 0.019797
3.60182 0.0195155
3.61666 0.019238
3.63151 0.0189645
3.64635 0.018695
3.66119 0.0184294
3.67603 0.0181676
3.69087 0.0179096
3.70571 0.0176553
3.72056 0.0174047
3.7354 0.0171577
3.75024 0.0169142
3.76508 0.0166743
3.77992 0.0164378
3.79477 0.0162047
3.80961 0.015975
3.82445 0.0157486
3.83929 0.0155254
3.85413 0.0153055
3.86897 0.0150887
3.88382 0.014875
3.89866 0.0146644
3.9135 0.0144569
3.92834 0.0142523
3.94318 0.0140506
3.95803 0.0138519
3.97287 0.013656
3.98771 0.0134629
4.00255 0.0132726
4.01739 0.013085
4.03223 0.0129001
4.04708 0.0127179
4.06192 0.0125383
4.07676 0.0123612
4.0916 0.0121867
4.10644 0.0120147
4.12129 0.0118451
4.13613 0.011678
4.15097 0.0115133
4.16581 0.0113509
4.18065 0.0111909
4.19549 0.0110331
4.21034 0.0108776
4.22518 0.0107243
4.24002 0.0105732
4.25486 0.0104243
4.2697 0.0102775
4.28455 0.0101328
4.29939 0.00999017
4.31423 0.00984957
4.32907 0.00971098
4.34391 0.00957437
4.35875 0.0094397
4.3736 0.00930695
4.38844 0.0091761
4.40328 0.00904712
4.41812 0.00891997
4.43296 0.00879463
4.44781 0.00867108
4.46265 0.00854929
4.47749 0.00842924
4.49233 0.00831089
4.50717 0.00819423
4.52201 0.00807922
4.53686 0.00796586
4.5517 0.0078541
4.56654 0.00774394
4.58138 0.00763534
4.59622 0.00752829
4.61107 0.00742275
4.62591 0.00731872
4.64075 0.00721616
4.65559 0.00711506
4.67043 0.0070154
4.68528 0.00691715
4.70012 0.00682029
4.71496 0.00672481
4.7298 0.00663068
4.74464 0.00653789
4.75948 0.00644641
4.77433 0.00635623
4.78917 0.00626733
4.80401 0.00617969
4.81885 0.00609329
4.83369 0.00600811
4.84854 0.00592414
4.86338 0.00584135
4.87822 0.00575974
4.89306 0.00567929
4.9079 0.00559997
4.92274 0.00552177
4.93759 0.00544468
4.95243 0.00536868
4.96727 0.00529375
4.98211 0.00521988
4.99695 0.00514706
5.0118 0.00507526
5.02664 0.00500448
5.04148 0.0049347
5.05632 0.0048659
5.07116 0.00479807
5.086 0.0047312
5.10085 0.00466528
5.11569 0.00460028
5.13053 0.0045362
5.14537 0.00447303
5.16021 0.00441074
5.17506 0.00434933
5.1899 0.00428879
5.20474 0.0042291
5.21958 0.00417025
5.23442 0.00411223
5.24926 0.00405502
5.26411 0.00399862
5.27895 0.00394302
5.29379 0.00388819
5.30863 0.00383414
5.32347 0.00378085
5.33832 0.00372831
5.35316 0.0036765
5.368 0.00362543
5.38284 0.00357507
5.39768 0.00352542
5.41252 0.00347646
5.42737 0.0034282
5.44221 0.00338061
5.45705 0.00333369
5.47189 0.00328743
5.48673 0.00324182
5.50158 0.00319684
5.51642 0.0031525
5.53126 0.00310878
5.5461 0.00306567
5.56094 0.00302317
5.57578 0.00298127
5.59063 0.00293995
5.60547 0.00289921
5.62031 0.00285904
5.63515 0.00281943
5.64999 0.00278038
5.66484 0.00274187
5.67968 0.0027039
5.69452 0.00266647
5.70936 0.00262956
5.7242 0.00259316
5.73905 0.00255728
5.75389 0.00252189
5.76873 0.002487
5.78357 0.0024526
5.79841 0.00241868
5.81325 0.00238523
5.8281 0.00235225
5.84294 0.00231973
5.85778 0.00228767
5.87262 0.00225605
5.88746 0.00222488
5.90231 0.00219414
5.91715 0.00216383
5.93199 0.00213394
5.94683 0.00210447
5.96167 0.00207541
5.97651 0.00204675
5.99136 0.0020185
6.0062 0.00199064
6.02104 0.00196317
6.03588 0.00193608
6.05072 0.00190936
6.06557 0.00188302
6.08041 0.00185705
6.09525 0.00183144
6.11009 0.00180619
6.12493 0.00178128
6.13977 0.00175673
6.15462 0.00173251
6.16946 0.00170864
6.1843 0.00168509
6.19914 0.00166187
6.21398 0.00163898
6.22883 0.0016164
6.24367 0.00159414
6.25851 0.00157219
6.27335 0.00155054
6.28819 0.00152919
6.30303 0.00150814
6.31788 0.00148739
6.33272 0.00146692
6.34756 0.00144673
6.3624 0.00142683
6.37724 0.0014072
6.39209 0.00138784
6.40693 0.00136876
6.42177 0.00134994
6.43661 0.00133137
6.45145 0.00131307
6.46629 0.00129502
6.48114 0.00127722
6.49598 0.00125967
6.51082 0.00124236
6.52566 0.00122529
6.5405 0.00120846
6.55535 0.00119186
6.57019 0.00117549
6.58503 0.00115935
6.59987 0.00114343
6.61471 0.00112773
6.62955 0.00111225
6.6444 0.00109699
6.65924 0.00108193
6.67408 0.00106709
6.68892 0.00105245
6.70376 0.00103801
6.71861 0.00102377
6.73345 0.00100973
6.74829 0.00099588
6.76313 0.000982224
6.77797 0.000968757
6.79282 0.000955477
6.80766 0.00094238
6.8225 0.000929463
6.83734 0.000916726
6.85218 0.000904164
6.86702 0.000891776
6.88187 0.00087956
6.89671 0.000867512
6.91155 0.00085563
6.92639 0.000843912
6.94123 0.000832357
6.95608 0.00082096
6.97092 0.000809721
6.98576 0.000798637
7.0006 0.000787707
7.01544 0.000776927
7.03028 0.000766295
7.04513 0.000755811
7.05997 0.00074547
7.07481 0.000735273
7.08965 0.000725216
7.10449 0.000715298
7.11934 0.000705516
7.13418 0.00069587
7.14902 0.000686356
7.16386 0.000676973
7.1787 0.00066772
7.19354 0.000658594
7.20839 0.000649594
7.22323 0.000640718
7.23807 0.000631964
7.25291 0.00062333
7.26775 0.000614815
7.2826 0.000606418
7.29744 0.000598136
7.31228 0.000589968
7.32712 0.000581913
7.34196 0.000573968
7.3568 0.000566133
7.37165 0.000558405
7.38649 0.000550784
7.40133 0.000543267
7.41617 0.000535854
7.43101 0.000528543
7.44586 0.000521332
7.4607 0.00051422
7.47554 0.000507206
7.49038 0.000500289
7.50522 0.000493466
7.52006 0.000486737
7.53491 0.000480101
7.54975 0.000473556
7.56459 0.0004671
7.57943 0.000460734
7.59427 0.000454454
7.60912 0.000448261
7.62396 0.000442153
7.6388 0.000436129
7.65364 0.000430187
7.66848 0.000424327
7.68332 0.000418547
7.69817 0.000412847
7.71301 0.000407225
7.72785 0.000401679
7.74269 0.00039621
7.75753 0.000390816
7.77238 0.000385496
7.78722 0.000380249
7.80206 0.000375074
7.8169 0.000369969
7.83174 0.000364935
7.84658 0.000359969
7.86143 0.000355072
7.87627 0.000350241
7.89111 0.000345477
7.90595 0.000340778
7.92079 0.000336144
7.93564 0.000331573
7.95048 0.000327064
7.96532 0.000322617
7.98016 0.000318231
7.995 0.000313905
8.00985 0.000309638
8.02469 0.00030543
8.03953 0.000301279
8.05437 0.000297185
8.06921 0.000293147
8.08405 0.000289164
8.0989 0.000285236
8.11374 0.000281362
8.12858 0.00027754
8.14342 0.00027377
8.15826 0.000270053
