-3.4975 0.000561197
-3.48963 0.000571388
-3.48175 0.000581763
-3.47388 0.000592327
-3.46601 0.000603083
-3.45814 0.000614035
-3.45026 0.000625185
-3.44239 0.000636538
-3.43452 0.000648097
-3.42665 0.000659866
-3.41878 0.000671849
-3.4109 0.000684049
-3.40303 0.000696472
-3.39516 0.000709119
-3.38729 0.000721997
-3.37941 0.000735108
-3.37154 0.000748458
-3.36367 0.00076205
-3.3558 0.000775888
-3.34792 0.000789979
-3.34005 0.000804325
-3.33218 0.000818931
-3.32431 0.000833803
-3.31643 0.000848945
-3.30856 0.000864362
-3.30069 0.000880059
-3.29282 0.000896041
-3.28494 0.000912313
-3.27707 0.000928881
-3.2692 0.000945749
-3.26133 0.000962924
-3.25346 0.000980411
-3.24558 0.000998215
-3.23771 0.00101634
-3.22984 0.0010348
-3.22197 0.00105359
-3.21409 0.00107272
-3.20622 0.0010922
-3.19835 0.00111204
-3.19048 0.00113223
-3.1826 0.00115279
-3.17473 0.00117373
-3.16686 0.00119504
-3.15899 0.00121674
-3.15111 0.00123884
-3.14324 0.00126133
-3.13537 0.00128423
-3.1275 0.00130755
-3.11962 0.0013313
-3.11175 0.00135547
-3.10388 0.00138008
-3.09601 0.00140514
-3.08814 0.00143066
-3.08026 0.00145663
-3.07239 0.00148308
-3.06452 0.00151001
-3.05665 0.00153742
-3.04877 0.00156534
-3.0409 0.00159376
-3.03303 0.00162269
-3.02516 0.00165215
-3.01728 0.00168215
-3.00941 0.00171269
-3.00154 0.00174378
-2.99367 0.00177544
-2.98579 0.00180767
-2.97792 0.00184048
-2.97005 0.00187389
-2.96218 0.00190791
-2.9543 0.00194254
-2.94643 0.0019778
-2.93856 0.0020137
-2.93069 0.00205025
-2.92281 0.00208746
-2.91494 0.00212535
-2.90707 0.00216392
-2.8992 0.00220319
-2.89133 0.00224318
-2.88345 0.00228389
-2.87558 0.00232533
-2.86771 0.00236753
-2.85984 0.00241049
-2.85196 0.00245423
-2.84409 0.00249877
-2.83622 0.0025441
-2.82835 0.00259026
-2.82047 0.00263726
-2.8126 0.00268511
-2.80473 0.00273382
-2.79686 0.00278341
-2.78898 0.00283391
-2.78111 0.00288531
-2.77324 0.00293765
-2.76537 0.00299093
-2.75749 0.00304518
-2.74962 0.00310041
-2.74175 0.00315664
-2.73388 0.00321389
-2.72601 0.00327217
-2.71813 0.0033315
-2.71026 0.00339191
-2.70239 0.00345341
-2.69452 0.00351603
-2.68664 0.00357977
-2.67877 0.00364467
-2.6709 0.00371074
-2.66303 0.003778
-2.65515 0.00384648
-2.64728 0.0039162
-2.63941 0.00398718
-2.63154 0.00405944
-2.62366 0.004133
-2.61579 0.00420789
-2.60792 0.00428414
-2.60005 0.00436176
-2.59217 0.00444078
-2.5843 0.00452123
-2.57643 0.00460313
-2.56856 0.00468651
-2.56069 0.00477139
-2.55281 0.0048578
-2.54494 0.00494577
-2.53707 0.00503533
-2.5292 0.00512651
-2.52132 0.00521932
-2.51345 0.00531381
-2.50558 0.00541001
-2.49771 0.00550793
-2.48983 0.00560762
-2.48196 0.00570911
-2.47409 0.00581242
-2.46622 0.0059176
-2.45834 0.00602467
-2.45047 0.00613366
-2.4426 0.00624462
-2.43473 0.00635757
-2.42685 0.00647255
-2.41898 0.00658961
-2.41111 0.00670876
-2.40324 0.00683006
-2.39537 0.00695354
-2.38749 0.00707924
-2.37962 0.0072072
-2.37175 0.00733746
-2.36388 0.00747005
-2.356 0.00760503
-2.34813 0.00774243
-2.34026 0.00788229
-2.33239 0.00802467
-2.32451 0.0081696
-2.31664 0.00831713
-2.30877 0.0084673
-2.3009 0.00862016
-2.29302 0.00877577
-2.28515 0.00893416
-2.27728 0.00909539
-2.26941 0.00925951
-2.26153 0.00942656
-2.25366 0.00959661
-2.24579 0.00976969
-2.23792 0.00994587
-2.23004 0.0101252
-2.22217 0.0103077
-2.2143 0.0104935
-2.20643 0.0106827
-2.19856 0.0108752
-2.19068 0.0110711
-2.18281 0.0112705
-2.17494 0.0114735
-2.16707 0.0116801
-2.15919 0.0118904
-2.15132 0.0121045
-2.14345 0.0123223
-2.13558 0.0125441
-2.1277 0.0127697
-2.11983 0.0129994
-2.11196 0.0132332
-2.10409 0.0134712
-2.09621 0.0137133
-2.08834 0.0139598
-2.08047 0.0142107
-2.0726 0.014466
-2.06472 0.0147258
-2.05685 0.0149903
-2.04898 0.0152594
-2.04111 0.0155333
-2.03324 0.0158121
-2.02536 0.0160958
-2.01749 0.0163846
-2.00962 0.0166784
-2.00175 0.0169774
-1.99387 0.0172817
-1.986 0.0175914
-1.97813 0.0179066
-1.97026 0.0182273
-1.96238 0.0185537
-1.95451 0.0188859
-1.94664 0.0192239
-1.93877 0.0195678
-1.93089 0.0199178
-1.92302 0.020274
-1.91515 0.0206364
-1.90728 0.0210052
-1.8994 0.0213805
-1.89153 0.0217623
-1.88366 0.0221509
-1.87579 0.0225463
-1.86792 0.0229486
-1.86004 0.0233579
-1.85217 0.0237744
-1.8443 0.0241982
-1.83643 0.0246294
-1.82855 0.0250681
-1.82068 0.0255145
-1.81281 0.0259687
-1.80494 0.0264307
-1.79706 0.0269009
-1.78919 0.0273792
-1.78132 0.0278658
-1.77345 0.0283608
-1.76557 0.0288645
-1.7577 0.0293769
-1.74983 0.0298982
-1.74196 0.0304285
-1.73408 0.030968
-1.72621 0.0315168
-1.71834 0.0320751
-1.71047 0.032643
-1.70259 0.0332207
-1.69472 0.0338084
-1.68685 0.0344062
-1.67898 0.0350142
-1.67111 0.0356327
-1.66323 0.0362619
-1.65536 0.0369017
-1.64749 0.0375526
-1.63962 0.0382146
-1.63174 0.0388879
-1.62387 0.0395727
-1.616 0.0402691
-1.60813 0.0409774
-1.60025 0.0416978
-1.59238 0.0424304
-1.58451 0.0431754
-1.57664 0.0439331
-1.56876 0.0447036
-1.56089 0.0454871
-1.55302 0.0462839
-1.54515 0.047094
-1.53727 0.0479178
-1.5294 0.0487555
-1.52153 0.0496073
-1.51366 0.0504733
-1.50579 0.0513538
-1.49791 0.052249
-1.49004 0.0531592
-1.48217 0.0540846
-1.4743 0.0550254
-1.46642 0.0559818
-1.45855 0.056954
-1.45068 0.0579424
-1.44281 0.0589471
-1.43493 0.0599684
-1.42706 0.0610065
-1.41919 0.0620617
-1.41132 0.0631342
-1.40344 0.0642242
-1.39557 0.0653322
-1.3877 0.0664581
-1.37983 0.0676025
-1.37195 0.0687654
-1.36408 0.0699472
-1.35621 0.0711482
-1.34834 0.0723685
-1.34047 0.0736085
-1.33259 0.0748684
-1.32472 0.0761486
-1.31685 0.0774493
-1.30898 0.0787707
-1.3011 0.0801132
-1.29323 0.081477
-1.28536 0.0828624
-1.27749 0.0842698
-1.26961 0.0856993
-1.26174 0.0871513
-1.25387 0.0886261
-1.246 0.0901239
-1.23812 0.0916451
-1.23025 0.0931899
-1.22238 0.0947587
-1.21451 0.0963517
-1.20663 0.0979692
-1.19876 0.0996116
-1.19089 0.101279
-1.18302 0.102972
-1.17514 0.104691
-1.16727 0.106435
-1.1594 0.108206
-1.15153 0.110004
-1.14366 0.111828
-1.13578 0.11368
-1.12791 0.115559
-1.12004 0.117467
-1.11217 0.119402
-1.10429 0.121365
-1.09642 0.123357
-1.08855 0.125379
-1.08068 0.127429
-1.0728 0.129509
-1.06493 0.131619
-1.05706 0.133759
-1.04919 0.135929
-1.04131 0.13813
-1.03344 0.140362
-1.02557 0.142625
-1.0177 0.144919
-1.00982 0.147245
-1.00195 0.149603
-0.99408 0.151993
-0.986208 0.154416
-0.978335 0.156871
-0.970463 0.159359
-0.962591 0.161881
-0.954718 0.164435
-0.946846 0.167023
-0.938973 0.169645
-0.931101 0.1723
-0.923229 0.174989
-0.915356 0.177713
-0.907484 0.180471
-0.899611 0.183263
-0.891739 0.18609
-0.883867 0.188952
-0.875994 0.191849
-0.868122 0.19478
-0.860249 0.197747
-0.852377 0.200748
-0.844505 0.203785
-0.836632 0.206856
-0.82876 0.209963
-0.820888 0.213105
-0.813015 0.216282
-0.805143 0.219493
-0.79727 0.22274
-0.789398 0.226022
-0.781526 0.229339
-0.773653 0.23269
-0.765781 0.236075
-0.757908 0.239495
-0.750036 0.24295
-0.742164 0.246438
-0.734291 0.249959
-0.726419 0.253514
-0.718547 0.257102
-0.710674 0.260723
-0.702802 0.264377
-0.694929 0.268062
-0.687057 0.271779
-0.679185 0.275526
-0.671312 0.279305
-0.66344 0.283114
-0.655567 0.286952
-0.647695 0.290819
-0.639823 0.294715
-0.63195 0.298638
-0.624078 0.302588
-0.616205 0.306565
-0.608333 0.310567
-0.600461 0.314594
-0.592588 0.318644
-0.584716 0.322718
-0.576844 0.326813
-0.568971 0.33093
-0.561099 0.335067
-0.553226 0.339222
-0.545354 0.343396
-0.537482 0.347586
-0.529609 0.351792
-0.521737 0.356012
-0.513864 0.360245
-0.505992 0.36449
-0.49812 0.368745
-0.490247 0.37301
-0.482375 0.377281
-0.474502 0.381559
-0.46663 0.385841
-0.458758 0.390126
-0.450885 0.394412
-0.443013 0.398698
-0.435141 0.402981
-0.427268 0.407261
-0.419396 0.411535
-0.411523 0.415801
-0.403651 0.420058
-0.395779 0.424304
-0.387906 0.428536
-0.380034 0.432753
-0.372161 0.436952
-0.364289 0.441132
-0.356417 0.445291
-0.348544 0.449426
-0.340672 0.453535
-0.3328 0.457616
-0.324927 0.461667
-0.317055 0.465685
-0.309182 0.469669
-0.30131 0.473616
-0.293438 0.477523
-0.285565 0.481389
-0.277693 0.485211
-0.26982 0.488987
-0.261948 0.492715
-0.254076 0.496392
-0.246203 0.500015
-0.238331 0.503584
-0.230458 0.507094
-0.222586 0.510544
-0.214714 0.513932
-0.206841 0.517256
-0.198969 0.520512
-0.191097 0.5237
-0.183224 0.526816
-0.175352 0.529859
-0.167479 0.532827
-0.159607 0.535716
-0.151735 0.538526
-0.143862 0.541255
-0.13599 0.543899
-0.128117 0.546459
-0.120245 0.548931
-0.112373 0.551313
-0.1045 0.553605
-0.0966279 0.555805
-0.0887555 0.55791
-0.0808831 0.55992
-0.0730107 0.561832
-0.0651384 0.563646
-0.057266 0.565361
-0.0493936 0.566975
-0.0415212 0.568486
-0.0336488 0.569895
-0.0257764 0.571199
-0.017904 0.572399
-0.0100316 0.573492
-0.00215925 0.57448
0.00571313 0.575361
0.0135855 0.576134
0.0214579 0.5768
0.0293303 0.577357
0.0372027 0.577806
0.0450751 0.578147
0.0529475 0.578379
0.0608198 0.578503
0.0686922 0.578519
0.0765646 0.578427
0.084437 0.578228
0.0923094 0.577921
0.100182 0.577508
0.108054 0.576989
0.115927 0.576365
0.123799 0.575637
0.131671 0.574805
0.139544 0.57387
0.147416 0.572835
0.155288 0.571699
0.163161 0.570463
0.171033 0.569131
0.178906 0.567701
0.186778 0.566177
0.19465 0.564559
0.202523 0.562849
0.210395 0.561048
0.218268 0.559159
0.22614 0.557182
0.234012 0.555121
0.241885 0.552975
0.249757 0.550748
0.25763 0.548442
0.265502 0.546057
0.273374 0.543596
0.281247 0.541061
0.289119 0.538454
0.296991 0.535777
0.304864 0.533033
0.312736 0.530222
0.320609 0.527347
0.328481 0.524411
0.336353 0.521414
0.344226 0.518361
0.352098 0.515251
0.359971 0.512088
0.367843 0.508874
0.375715 0.505611
0.383588 0.5023
0.39146 0.498944
0.399333 0.495545
0.407205 0.492105
0.415077 0.488626
0.42295 0.48511
0.430822 0.481559
0.438694 0.477975
0.446567 0.47436
0.454439 0.470715
0.462312 0.467044
0.470184 0.463346
0.478056 0.459625
0.485929 0.455883
0.493801 0.45212
0.501674 0.448339
0.509546 0.444541
0.517418 0.440729
0.525291 0.436903
0.533163 0.433065
0.541035 0.429218
0.548908 0.425361
0.55678 0.421498
0.564653 0.417629
0.572525 0.413757
0.580397 0.409881
0.58827 0.406004
0.596142 0.402127
0.604015 0.398251
0.611887 0.394378
0.619759 0.390509
0.627632 0.386644
0.635504 0.382785
0.643377 0.378934
0.651249 0.375091
0.659121 0.371257
0.666994 0.367433
0.674866 0.363621
0.682738 0.359821
0.690611 0.356033
0.698483 0.35226
0.706356 0.348502
0.714228 0.344759
0.7221 0.341033
0.729973 0.337323
0.737845 0.333632
0.745718 0.329959
0.75359 0.326305
0.761462 0.322671
0.769335 0.319058
0.777207 0.315465
0.785079 0.311894
0.792952 0.308345
0.800824 0.304818
0.808697 0.301314
0.816569 0.297834
0.824441 0.294377
0.832314 0.290945
0.840186 0.287537
0.848059 0.284154
0.855931 0.280796
0.863803 0.277464
0.871676 0.274157
0.879548 0.270877
0.887421 0.267623
0.895293 0.264395
0.903165 0.261194
0.911038 0.25802
0.91891 0.254873
0.926782 0.251754
0.934655 0.248661
0.942527 0.245597
0.9504 0.242559
0.958272 0.23955
0.966144 0.236568
0.974017 0.233614
0.981889 0.230688
0.989762 0.227789
0.997634 0.224919
1.00551 0.222076
1.01338 0.219262
1.02125 0.216475
1.02912 0.213717
1.037 0.210986
1.04487 0.208283
1.05274 0.205607
1.06061 0.20296
1.06849 0.20034
1.07636 0.197747
1.08423 0.195182
1.0921 0.192644
1.09997 0.190134
1.10785 0.187651
1.11572 0.185195
1.12359 0.182766
1.13146 0.180363
1.13934 0.177988
1.14721 0.175638
1.15508 0.173316
1.16295 0.171019
1.17083 0.168749
1.1787 0.166504
1.18657 0.164285
1.19444 0.162092
1.20232 0.159925
1.21019 0.157782
1.21806 0.155665
1.22593 0.153573
1.23381 0.151505
1.24168 0.149462
1.24955 0.147443
1.25742 0.145449
1.2653 0.143478
1.27317 0.141531
1.28104 0.139608
1.28891 0.137708
1.29678 0.135832
1.30466 0.133978
1.31253 0.132147
1.3204 0.130339
1.32827 0.128553
1.33615 0.12679
1.34402 0.125048
1.35189 0.123329
1.35976 0.12163
1.36764 0.119954
1.37551 0.118298
1.38338 0.116663
1.39125 0.115049
1.39913 0.113456
1.407 0.111883
1.41487 0.11033
1.42274 0.108797
1.43062 0.107284
1.43849 0.10579
1.44636 0.104316
1.45423 0.102861
1.4621 0.101425
1.46998 0.100007
1.47785 0.0986078
1.48572 0.0972271
1.49359 0.0958644
1.50147 0.0945197
1.50934 0.0931926
1.51721 0.0918831
1.52508 0.0905909
1.53296 0.0893158
1.54083 0.0880577
1.5487 0.0868163
1.55657 0.0855914
1.56445 0.0843829
1.57232 0.0831906
1.58019 0.0820142
1.58806 0.0808536
1.59594 0.0797086
1.60381 0.0785791
1.61168 0.0774648
1.61955 0.0763655
1.62742 0.0752811
1.6353 0.0742114
1.64317 0.0731562
1.65104 0.0721154
1.65891 0.0710887
1.66679 0.0700761
1.67466 0.0690772
1.68253 0.068092
1.6904 0.0671203
1.69828 0.0661619
1.70615 0.0652167
1.71402 0.0642844
1.72189 0.063365
1.72977 0.0624582
1.73764 0.061564
1.74551 0.0606821
1.75338 0.0598124
1.76126 0.0589547
1.76913 0.0581089
1.777 0.0572748
1.78487 0.0564523
1.79275 0.0556412
1.80062 0.0548415
1.80849 0.0540528
1.81636 0.0532752
1.82423 0.0525084
1.83211 0.0517523
1.83998 0.0510068
1.84785 0.0502717
1.85572 0.049547
1.8636 0.0488324
1.87147 0.0481278
1.87934 0.0474331
1.88721 0.0467481
1.89509 0.0460729
1.90296 0.0454071
1.91083 0.0447507
1.9187 0.0441035
1.92658 0.0434655
1.93445 0.0428365
1.94232 0.0422164
1.95019 0.0416051
1.95807 0.0410024
1.96594 0.0404082
1.97381 0.0398225
1.98168 0.0392451
1.98955 0.0386759
1.99743 0.0381148
2.0053 0.0375616
2.01317 0.0370163
2.02104 0.0364788
2.02892 0.0359489
2.03679 0.0354266
2.04466 0.0349117
2.05253 0.0344042
2.06041 0.0339039
2.06828 0.0334108
2.07615 0.0329247
2.08402 0.0324456
2.0919 0.0319733
2.09977 0.0315078
2.10764 0.0310489
2.11551 0.0305966
2.12339 0.0301508
2.13126 0.0297114
2.13913 0.0292783
2.147 0.0288515
2.15487 0.0284307
2.16275 0.028016
2.17062 0.0276073
2.17849 0.0272044
2.18636 0.0268074
2.19424 0.0264161
2.20211 0.0260304
2.20998 0.0256502
2.21785 0.0252755
2.22573 0.0249063
2.2336 0.0245424
2.24147 0.0241837
2.24934 0.0238302
2.25722 0.0234818
2.26509 0.0231384
2.27296 0.0228
2.28083 0.0224665
2.28871 0.0221379
2.29658 0.0218139
2.30445 0.0214947
2.31232 0.0211801
2.3202 0.0208701
2.32807 0.0205645
2.33594 0.0202634
2.34381 0.0199666
2.35168 0.0196742
2.35956 0.019386
2.36743 0.0191019
2.3753 0.018822
2.38317 0.0185462
2.39105 0.0182743
2.39892 0.0180065
2.40679 0.0177425
2.41466 0.0174823
2.42254 0.017226
2.43041 0.0169733
2.43828 0.0167244
2.44615 0.016479
2.45403 0.0162373
2.4619 0.015999
2.46977 0.0157642
2.47764 0.0155329
2.48552 0.0153049
2.49339 0.0150802
2.50126 0.0148588
2.50913 0.0146407
2.517 0.0144257
2.52488 0.0142139
2.53275 0.0140051
2.54062 0.0137994
2.54849 0.0135967
2.55637 0.013397
2.56424 0.0132002
2.57211 0.0130062
2.57998 0.0128151
2.58786 0.0126268
2.59573 0.0124412
2.6036 0.0122584
2.61147 0.0120782
2.61935 0.0119007
2.62722 0.0117257
2.63509 0.0115533
2.64296 0.0113834
2.65084 0.0112161
2.65871 0.0110511
2.66658 0.0108886
2.67445 0.0107285
2.68232 0.0105707
2.6902 0.0104152
2.69807 0.010262
2.70594 0.010111
2.71381 0.00996229
2.72169 0.00981572
2.72956 0.0096713
2.73743 0.009529
2.7453 0.00938879
2.75318 0.00925062
2.76105 0.00911449
2.76892 0.00898035
2.77679 0.00884818
2.78467 0.00871795
2.79254 0.00858963
2.80041 0.00846319
2.80828 0.00833861
2.81616 0.00821585
2.82403 0.0080949
2.8319 0.00797572
2.83977 0.0078583
2.84764 0.00774259
2.85552 0.00762859
2.86339 0.00751626
2.87126 0.00740558
2.87913 0.00729653
2.88701 0.00718908
2.89488 0.0070832
2.90275 0.00697889
2.91062 0.0068761
2.9185 0.00677483
2.92637 0.00667504
2.93424 0.00657673
2.94211 0.00647985
2.94999 0.0063844
2.95786 0.00629036
2.96573 0.0061977
2.9736 0.0061064
2.98148 0.00601644
2.98935 0.0059278
2.99722 0.00584047
3.00509 0.00575443
3.01297 0.00566965
3.02084 0.00558612
3.02871 0.00550381
3.03658 0.00542272
3.04445 0.00534282
3.05233 0.0052641
3.0602 0.00518653
3.06807 0.00511011
3.07594 0.00503481
3.08382 0.00496062
3.09169 0.00488752
3.09956 0.0048155
3.10743 0.00474454
3.11531 0.00467462
3.12318 0.00460573
3.13105 0.00453786
3.13892 0.00447098
3.1468 0.0044051
3.15467 0.00434018
3.16254 0.00427621
3.17041 0.00421319
3.17829 0.0041511
3.18616 0.00408992
3.19403 0.00402965
3.2019 0.00397026
3.20977 0.00391174
3.21765 0.00385409
3.22552 0.00379729
3.23339 0.00374133
3.24126 0.00368618
3.24914 0.00363186
3.25701 0.00357833
3.26488 0.00352559
3.27275 0.00347363
3.28063 0.00342243
3.2885 0.00337199
3.29637 0.00332229
3.30424 0.00327333
3.31212 0.00322508
3.31999 0.00317755
3.32786 0.00313072
3.33573 0.00308457
3.34361 0.00303911
3.35148 0.00299432
3.35935 0.00295019
3.36722 0.00290671
3.37509 0.00286387
3.38297 0.00282166
3.39084 0.00278007
3.39871 0.0027391
3.40658 0.00269873
3.41446 0.00265896
3.42233 0.00261977
3.4302 0.00258116
3.43807 0.00254312
3.44595 0.00250564
3.45382 0.00246871
3.46169 0.00243233
3.46956 0.00239648
3.47744 0.00236116
3.48531 0.00232637
3.49318 0.00229208
3.50105 0.00225831
3.50893 0.00222503
3.5168 0.00219224
3.52467 0.00215993
3.53254 0.0021281
3.54042 0.00209674
3.54829 0.00206584
3.55616 0.0020354
3.56403 0.00200541
3.5719 0.00197586
3.57978 0.00194674
3.58765 0.00191806
3.59552 0.00188979
3.60339 0.00186195
3.61127 0.00183451
3.61914 0.00180748
3.62701 0.00178085
3.63488 0.00175461
3.64276 0.00172876
3.65063 0.00170329
3.6585 0.00167819
3.66637 0.00165347
3.67425 0.00162911
3.68212 0.00160511
3.68999 0.00158146
3.69786 0.00155816
3.70574 0.00153521
3.71361 0.00151259
3.72148 0.00149031
3.72935 0.00146835
3.73722 0.00144672
3.7451 0.00142541
3.75297 0.00140441
3.76084 0.00138373
3.76871 0.00136334
3.77659 0.00134326
3.78446 0.00132348
3.79233 0.00130398
3.8002 0.00128478
3.80808 0.00126585
3.81595 0.00124721
3.82382 0.00122884
3.83169 0.00121074
3.83957 0.00119291
3.84744 0.00117534
3.85531 0.00115803
3.86318 0.00114098
3.87106 0.00112417
3.87893 0.00110762
3.8868 0.00109131
3.89467 0.00107524
3.90254 0.00105941
3.91042 0.00104381
3.91829 0.00102844
3.92616 0.00101329
3.93403 0.000998373
3.94191 0.000983674
3.94978 0.00096919
3.95765 0.000954921
3.96552 0.000940862
3.9734 0.00092701
3.98127 0.000913362
3.98914 0.000899916
3.99701 0.000886668
4.00489 0.000873615
4.01276 0.000860754
4.02063 0.000848084
4.0285 0.0008356
4.03638 0.0008233
4.04425 0.000811181
4.05212 0.000799241
4.05999 0.000787477
4.06787 0.000775886
4.07574 0.000764467
4.08361 0.000753215
4.09148 0.00074213
4.09935 0.000731208
4.10723 0.000720447
4.1151 0.000709844
4.12297 0.000699398
4.13084 0.000689106
4.13872 0.000678966
4.14659 0.000668975
4.15446 0.000659131
4.16233 0.000649432
4.17021 0.000639876
4.17808 0.000630461
4.18595 0.000621185
4.19382 0.000612046
4.2017 0.000603041
4.20957 0.000594169
4.21744 0.000585428
4.22531 0.000576815
4.23319 0.00056833
4.24106 0.000559969
4.24893 0.000551732
4.2568 0.000543616
4.26467 0.000535619
4.27255 0.000527741
4.28042 0.000519978
4.28829 0.00051233
4.29616 0.000504795
4.30404 0.000497371
4.31191 0.000490056
4.31978 0.000482848
4.32765 0.000475747
4.33553 0.000468751
4.3434 0.000461858
4.35127 0.000455066
4.35914 0.000448374
4.36702 0.000441781
