-0.656354 1.15288e-05
-0.557967 2.48277e-05
-0.45958 5.17496e-05
-0.361193 0.000103873
-0.262806 0.000199755
-0.164419 0.000366283
-0.0660321 0.000637981
0.0323548 0.00105313
0.130742 0.00164699
0.229129 0.00244424
0.327516 0.00345381
0.425902 0.00466779
0.524289 0.00606432
0.622676 0.00761263
0.721063 0.00927819
0.81945 0.0110268
0.917837 0.0128271
1.01622 0.0146522
1.11461 0.0164796
1.213 0.0182912
1.31138 0.0200732
1.40977 0.0218148
1.50816 0.0235082
1.60655 0.0251478
1.70493 0.0267299
1.80332 0.0282522
1.90171 0.0297134
2.00009 0.0311132
2.09848 0.0324518
2.19687 0.0337299
2.29525 0.0349487
2.39364 0.0361095
2.49203 0.037214
2.59041 0.0382637
2.6888 0.0392604
2.78719 0.040206
2.88558 0.0411022
2.98396 0.0419508
3.08235 0.0427537
3.18074 0.0435125
3.27912 0.044229
3.37751 0.0449048
3.4759 0.0455415
3.57428 0.0461408
3.67267 0.046704
3.77106 0.0472326
3.86944 0.0477281
3.96783 0.0481917
4.06622 0.0486248
4.1646 0.0490285
4.26299 0.049404
4.36138 0.0497526
4.45977 0.0500751
4.55815 0.0503728
4.65654 0.0506465
4.75493 0.0508973
4.85331 0.0511261
4.9517 0.0513336
5.05009 0.0515209
5.14847 0.0516886
5.24686 0.0518376
5.34525 0.0519685
5.44363 0.0520822
5.54202 0.0521792
5.64041 0.0522603
5.7388 0.052326
5.83718 0.052377
5.93557 0.0524138
6.03396 0.0524371
6.13234 0.0524472
6.23073 0.0524449
6.32912 0.0524304
6.4275 0.0524044
6.52589 0.0523673
6.62428 0.0523195
6.72266 0.0522614
6.82105 0.0521935
6.91944 0.0521161
7.01783 0.0520297
7.11621 0.0519345
7.2146 0.0518309
7.31299 0.0517194
7.41137 0.0516001
7.50976 0.0514734
7.60815 0.0513397
7.70653 0.0511991
7.80492 0.051052
7.90331 0.0508987
8.00169 0.0507394
8.10008 0.0505744
8.19847 0.0504039
8.29686 0.0502282
8.39524 0.0500474
8.49363 0.0498619
8.59202 0.0496717
8.6904 0.0494772
8.78879 0.0492785
8.88718 0.0490758
8.98556 0.0488693
9.08395 0.0486591
9.18234 0.0484455
9.28072 0.0482286
9.37911 0.0480086
9.4775 0.0477856
9.57588 0.0475598
9.67427 0.0473313
9.77266 0.0471002
9.87105 0.0468668
9.96943 0.0466311
10.0678 0.0463933
10.1662 0.0461534
10.2646 0.0459116
10.363 0.0456681
10.4614 0.0454229
10.5598 0.0451761
10.6581 0.0449278
10.7565 0.0446782
10.8549 0.0444274
10.9533 0.0441754
11.0517 0.0439222
11.1501 0.0436681
11.2485 0.0434132
11.3468 0.0431573
11.4452 0.0429008
11.5436 0.0426435
11.642 0.0423857
11.7404 0.0421274
11.8388 0.0418686
11.9372 0.0416095
12.0356 0.04135
12.1339 0.0410903
12.2323 0.0408304
12.3307 0.0405704
12.4291 0.0403102
12.5275 0.0400501
12.6259 0.03979
12.7243 0.03953
12.8227 0.0392701
12.921 0.0390104
13.0194 0.038751
13.1178 0.0384918
13.2162 0.0382329
13.3146 0.0379744
13.413 0.0377163
13.5114 0.0374587
13.6097 0.0372015
13.7081 0.0369448
13.8065 0.0366887
13.9049 0.0364331
14.0033 0.0361782
14.1017 0.0359239
14.2001 0.0356703
14.2985 0.0354174
14.3968 0.0351652
14.4952 0.0349138
14.5936 0.0346631
14.692 0.0344133
14.7904 0.0341643
14.8888 0.0339162
14.9872 0.0336689
15.0856 0.0334225
15.1839 0.0331771
15.2823 0.0329326
15.3807 0.0326891
15.4791 0.0324465
15.5775 0.0322049
15.6759 0.0319644
15.7743 0.0317249
15.8726 0.0314864
15.971 0.0312489
16.0694 0.0310126
16.1678 0.0307773
16.2662 0.0305431
16.3646 0.03031
16.463 0.030078
16.5614 0.0298472
16.6597 0.0296175
16.7581 0.0293889
16.8565 0.0291616
16.9549 0.0289353
17.0533 0.0287103
17.1517 0.0284864
17.2501 0.0282637
17.3485 0.0280422
17.4468 0.0278219
17.5452 0.0276029
17.6436 0.027385
17.742 0.0271683
17.8404 0.0269529
17.9388 0.0267387
18.0372 0.0265258
18.1355 0.026314
18.2339 0.0261035
18.3323 0.0258943
18.4307 0.0256863
18.5291 0.0254795
18.6275 0.025274
18.7259 0.0250697
18.8243 0.0248667
18.9226 0.024665
19.021 0.0244645
19.1194 0.0242652
19.2178 0.0240672
19.3162 0.0238705
19.4146 0.023675
19.513 0.0234807
19.6113 0.0232878
19.7097 0.023096
19.8081 0.0229055
19.9065 0.0227163
20.0049 0.0225283
20.1033 0.0223416
20.2017 0.0221561
20.3001 0.0219719
20.3984 0.0217889
20.4968 0.0216071
20.5952 0.0214266
20.6936 0.0212473
20.792 0.0210692
20.8904 0.0208924
20.9888 0.0207168
21.0872 0.0205424
21.1855 0.0203692
21.2839 0.0201973
21.3823 0.0200265
21.4807 0.019857
21.5791 0.0196886
21.6775 0.0195215
21.7759 0.0193556
21.8742 0.0191908
21.9726 0.0190273
22.071 0.0188649
22.1694 0.0187037
22.2678 0.0185437
22.3662 0.0183849
22.4646 0.0182272
22.563 0.0180707
22.6613 0.0179153
22.7597 0.0177611
22.8581 0.017608
22.9565 0.0174561
23.0549 0.0173053
23.1533 0.0171556
23.2517 0.0170071
23.3501 0.0168597
23.4484 0.0167134
23.5468 0.0165682
23.6452 0.0164241
23.7436 0.0162812
23.842 0.0161393
23.9404 0.0159985
24.0388 0.0158588
24.1371 0.0157201
24.2355 0.0155826
24.3339 0.0154461
24.4323 0.0153106
24.5307 0.0151762
24.6291 0.0150429
24.7275 0.0149106
24.8259 0.0147793
24.9242 0.0146491
25.0226 0.0145199
25.121 0.0143917
25.2194 0.0142646
25.3178 0.0141384
25.4162 0.0140133
25.5146 0.0138891
25.613 0.0137659
25.7113 0.0136438
25.8097 0.0135226
25.9081 0.0134023
26.0065 0.0132831
26.1049 0.0131648
26.2033 0.0130474
26.3017 0.012931
26.4 0.0128156
26.4984 0.012701
26.5968 0.0125875
26.6952 0.0124748
26.7936 0.0123631
26.892 0.0122522
26.9904 0.0121423
27.0888 0.0120333
27.1871 0.0119252
27.2855 0.0118179
27.3839 0.0117116
27.4823 0.0116061
27.5807 0.0115015
27.6791 0.0113978
27.7775 0.0112949
27.8758 0.0111929
27.9742 0.0110917
28.0726 0.0109914
28.171 0.0108919
28.2694 0.0107933
28.3678 0.0106955
28.4662 0.0105985
28.5646 0.0105023
28.6629 0.0104069
28.7613 0.0103123
28.8597 0.0102185
28.9581 0.0101255
29.0565 0.0100333
29.1549 0.0099419
29.2533 0.00985125
29.3517 0.00976137
29.45 0.00967225
29.5484 0.00958389
29.6468 0.00949629
29.7452 0.00940943
29.8436 0.00932332
29.942 0.00923794
30.0404 0.00915329
30.1387 0.00906937
30.2371 0.00898616
30.3355 0.00890368
30.4339 0.0088219
30.5323 0.00874082
30.6307 0.00866045
30.7291 0.00858077
30.8275 0.00850178
30.9258 0.00842347
31.0242 0.00834584
31.1226 0.00826888
31.221 0.00819259
31.3194 0.00811696
31.4178 0.00804199
31.5162 0.00796767
31.6146 0.007894
31.7129 0.00782098
31.8113 0.00774859
31.9097 0.00767683
32.0081 0.0076057
32.1065 0.0075352
32.2049 0.00746531
32.3033 0.00739603
32.4016 0.00732737
32.5 0.0072593
32.5984 0.00719184
32.6968 0.00712497
32.7952 0.00705869
32.8936 0.006993
32.992 0.00692788
33.0904 0.00686334
33.1887 0.00679937
33.2871 0.00673597
33.3855 0.00667313
33.4839 0.00661085
33.5823 0.00654912
33.6807 0.00648794
33.7791 0.0064273
33.8775 0.0063672
33.9758 0.00630764
34.0742 0.00624861
34.1726 0.0061901
34.271 0.00613212
34.3694 0.00607465
34.4678 0.0060177
34.5662 0.00596126
34.6645 0.00590532
34.7629 0.00584989
34.8613 0.00579495
34.9597 0.00574051
35.0581 0.00568655
35.1565 0.00563308
35.2549 0.00558009
35.3533 0.00552758
35.4516 0.00547554
35.55 0.00542397
35.6484 0.00537287
35.7468 0.00532223
35.8452 0.00527204
35.9436 0.00522231
36.042 0.00517303
36.1404 0.00512419
36.2387 0.0050758
36.3371 0.00502784
36.4355 0.00498032
36.5339 0.00493323
36.6323 0.00488657
36.7307 0.00484034
36.8291 0.00479452
36.9274 0.00474912
37.0258 0.00470414
37.1242 0.00465956
37.2226 0.00461539
37.321 0.00457162
37.4194 0.00452826
37.5178 0.00448529
37.6162 0.00444271
37.7145 0.00440052
37.8129 0.00435872
37.9113 0.0043173
38.0097 0.00427626
38.1081 0.00423559
38.2065 0.0041953
38.3049 0.00415538
38.4032 0.00411582
38.5016 0.00407663
38.6 0.0040378
38.6984 0.00399933
38.7968 0.00396121
38.8952 0.00392344
38.9936 0.00388602
39.092 0.00384894
39.1903 0.00381221
39.2887 0.00377581
39.3871 0.00373975
39.4855 0.00370403
39.5839 0.00366863
39.6823 0.00363356
39.7807 0.00359882
39.8791 0.0035644
39.9774 0.00353029
40.0758 0.00349651
40.1742 0.00346303
40.2726 0.00342987
40.371 0.00339701
40.4694 0.00336446
40.5678 0.00333221
40.6661 0.00330026
40.7645 0.00326861
40.8629 0.00323725
40.9613 0.00320619
41.0597 0.00317541
41.1581 0.00314492
41.2565 0.00311472
41.3549 0.00308479
41.4532 0.00305515
41.5516 0.00302578
41.65 0.00299668
41.7484 0.00296786
41.8468 0.00293931
41.9452 0.00291102
42.0436 0.002883
42.142 0.00285524
42.2403 0.00282774
42.3387 0.0028005
42.4371 0.00277352
42.5355 0.00274678
42.6339 0.0027203
42.7323 0.00269406
42.8307 0.00266808
42.929 0.00264233
43.0274 0.00261683
43.1258 0.00259157
43.2242 0.00256654
43.3226 0.00254175
43.421 0.00251719
43.5194 0.00249287
43.6178 0.00246877
43.7161 0.0024449
43.8145 0.00242126
43.9129 0.00239783
44.0113 0.00237463
44.1097 0.00235165
44.2081 0.00232889
44.3065 0.00230634
44.4049 0.002284
44.5032 0.00226187
44.6016 0.00223995
44.7 0.00221824
44.7984 0.00219674
44.8968 0.00217544
44.9952 0.00215434
45.0936 0.00213344
45.1919 0.00211274
45.2903 0.00209223
45.3887 0.00207192
45.4871 0.0020518
45.5855 0.00203187
45.6839 0.00201213
45.7823 0.00199258
45.8807 0.00197322
45.979 0.00195404
46.0774 0.00193504
46.1758 0.00191622
46.2742 0.00189758
46.3726 0.00187911
46.471 0.00186083
46.5694 0.00184271
46.6677 0.00182477
46.7661 0.001807
46.8645 0.0017894
46.9629 0.00177197
47.0613 0.0017547
47.1597 0.0017376
47.2581 0.00172066
47.3565 0.00170389
47.4548 0.00168727
47.5532 0.00167081
47.6516 0.00165451
47.75 0.00163836
47.8484 0.00162237
47.9468 0.00160653
48.0452 0.00159085
48.1436 0.00157531
48.2419 0.00155992
48.3403 0.00154468
48.4387 0.00152959
48.5371 0.00151464
48.6355 0.00149983
48.7339 0.00148517
48.8323 0.00147064
48.9306 0.00145626
49.029 0.00144201
49.1274 0.0014279
49.2258 0.00141392
49.3242 0.00140008
49.4226 0.00138637
49.521 0.0013728
49.6194 0.00135935
49.7177 0.00134603
49.8161 0.00133284
49.9145 0.00131978
50.0129 0.00130685
50.1113 0.00129403
50.2097 0.00128134
50.3081 0.00126878
50.4065 0.00125633
50.5048 0.00124401
50.6032 0.0012318
50.7016 0.00121971
50.8 0.00120774
50.8984 0.00119588
50.9968 0.00118414
51.0952 0.00117251
51.1935 0.00116099
51.2919 0.00114958
51.3903 0.00113829
51.4887 0.0011271
51.5871 0.00111602
51.6855 0.00110505
51.7839 0.00109418
51.8823 0.00108342
51.9806 0.00107276
52.079 0.00106221
52.1774 0.00105176
52.2758 0.00104141
52.3742 0.00103116
52.4726 0.00102101
52.571 0.00101095
52.6694 0.001001
52.7677 0.000991137
52.8661 0.000981373
52.9645 0.000971704
53.0629 0.000962129
53.1613 0.000952646
53.2597 0.000943255
53.3581 0.000933956
53.4564 0.000924746
53.5548 0.000915626
53.6532 0.000906595
53.7516 0.000897651
53.85 0.000888794
53.9484 0.000880023
54.0468 0.000871337
54.1452 0.000862736
54.2435 0.000854218
54.3419 0.000845783
54.4403 0.00083743
54.5387 0.000829159
54.6371 0.000820967
54.7355 0.000812856
54.8339 0.000804823
54.9322 0.000796869
55.0306 0.000788992
55.129 0.000781192
55.2274 0.000773467
55.3258 0.000765818
55.4242 0.000758244
55.5226 0.000750743
55.621 0.000743316
55.7193 0.000735961
55.8177 0.000728677
55.9161 0.000721465
56.0145 0.000714323
56.1129 0.000707251
56.2113 0.000700248
56.3097 0.000693313
56.4081 0.000686446
56.5064 0.000679645
56.6048 0.000672912
56.7032 0.000666244
56.8016 0.000659641
56.9 0.000653103
56.9984 0.000646629
57.0968 0.000640218
57.1951 0.000633869
57.2935 0.000627583
57.3919 0.000621358
57.4903 0.000615195
57.5887 0.000609091
57.6871 0.000603047
57.7855 0.000597063
57.8839 0.000591137
57.9822 0.000585269
58.0806 0.000579459
58.179 0.000573705
58.2774 0.000568008
58.3758 0.000562367
58.4742 0.000556781
58.5726 0.00055125
58.671 0.000545773
58.7693 0.000540349
58.8677 0.000534979
58.9661 0.000529662
59.0645 0.000524397
59.1629 0.000519183
59.2613 0.000514021
59.3597 0.000508909
59.458 0.000503848
59.5564 0.000498836
59.6548 0.000493874
59.7532 0.00048896
59.8516 0.000484094
59.95 0.000479277
60.0484 0.000474507
60.1468 0.000469783
60.2451 0.000465106
60.3435 0.000460475
60.4419 0.00045589
60.5403 0.00045135
60.6387 0.000446854
60.7371 0.000442403
60.8355 0.000437995
60.9339 0.000433631
61.0322 0.00042931
61.1306 0.000425032
61.229 0.000420795
61.3274 0.0004166
61.4258 0.000412447
61.5242 0.000408335
61.6226 0.000404263
61.7209 0.000400231
61.8193 0.000396239
61.9177 0.000392286
62.0161 0.000388373
62.1145 0.000384498
62.2129 0.000380661
62.3113 0.000376862
62.4097 0.0003731
62.508 0.000369376
62.6064 0.000365688
62.7048 0.000362037
62.8032 0.000358422
62.9016 0.000354842
63 0.000351298
63.0984 0.000347789
63.1968 0.000344315
63.2951 0.000340875
63.3935 0.000337469
63.4919 0.000334096
63.5903 0.000330757
63.6887 0.000327451
63.7871 0.000324178
63.8855 0.000320937
63.9838 0.000317728
64.0822 0.000314551
64.1806 0.000311405
64.279 0.000308291
64.3774 0.000305207
64.4758 0.000302154
64.5742 0.000299131
64.6726 0.000296137
64.7709 0.000293174
64.8693 0.00029024
64.9677 0.000287335
65.0661 0.000284459
65.1645 0.000281611
65.2629 0.000278791
65.3613 0.000276
65.4596 0.000273236
65.558 0.000270499
65.6564 0.00026779
65.7548 0.000265108
65.8532 0.000262452
65.9516 0.000259822
66.05 0.000257219
66.1484 0.000254641
66.2467 0.000252089
66.3451 0.000249562
66.4435 0.000247061
66.5419 0.000244584
66.6403 0.000242131
66.7387 0.000239704
66.8371 0.0002373
66.9355 0.00023492
67.0338 0.000232564
67.1322 0.000230231
67.2306 0.000227921
67.329 0.000225635
67.4274 0.000223371
67.5258 0.000221129
67.6242 0.00021891
67.7225 0.000216713
67.8209 0.000214537
67.9193 0.000212384
68.0177 0.000210252
68.1161 0.000208141
68.2145 0.000206051
68.3129 0.000203981
68.4113 0.000201933
68.5096 0.000199905
68.608 0.000197896
68.7064 0.000195908
68.8048 0.00019394
68.9032 0.000191991
69.0016 0.000190062
69.1 0.000188152
69.1984 0.000186261
69.2967 0.000184389
69.3951 0.000182535
69.4935 0.0001807
69.5919 0.000178884
69.6903 0.000177085
69.7887 0.000175304
69.8871 0.000173541
69.9854 0.000171796
70.0838 0.000170068
70.1822 0.000168357
70.2806 0.000166663
70.379 0.000164986
70.4774 0.000163326
70.5758 0.000161683
70.6742 0.000160056
70.7725 0.000158445
70.8709 0.00015685
70.9693 0.000155271
71.0677 0.000153708
71.1661 0.00015216
71.2645 0.000150628
71.3629 0.000149112
71.4613 0.00014761
71.5596 0.000146123
71.658 0.000144651
71.7564 0.000143194
71.8548 0.000141752
71.9532 0.000140324
72.0516 0.00013891
72.15 0.00013751
72.2483 0.000136124
72.3467 0.000134753
72.4451 0.000133394
72.5435 0.00013205
72.6419 0.000130719
72.7403 0.000129401
72.8387 0.000128096
72.9371 0.000126805
73.0354 0.000125526
73.1338 0.00012426
73.2322 0.000123007
73.3306 0.000121766
73.429 0.000120538
73.5274 0.000119322
73.6258 0.000118118
73.7241 0.000116927
73.8225 0.000115747
73.9209 0.000114579
74.0193 0.000113423
74.1177 0.000112278
74.2161 0.000111145
74.3145 0.000110023
74.4129 0.000108912
74.5112 0.000107812
74.6096 0.000106724
74.708 0.000105646
74.8064 0.00010458
74.9048 0.000103523
75.0032 0.000102478
75.1016 0.000101443
75.2 0.000100418
75.2983 9.94038e-05
75.3967 9.83996e-05
75.4951 9.74055e-05
75.5935 9.64213e-05
75.6919 9.5447e-05
75.7903 9.44825e-05
75.8887 9.35276e-05
75.987 9.25823e-05
76.0854 9.16466e-05
76.1838 9.07202e-05
76.2822 8.98031e-05
76.3806 8.88952e-05
76.479 8.79964e-05
76.5774 8.71066e-05
76.6758 8.62258e-05
76.7741 8.53538e-05
76.8725 8.44906e-05
76.9709 8.36361e-05
77.0693 8.27901e-05
77.1677 8.19526e-05
77.2661 8.11236e-05
77.3645 8.03028e-05
77.4629 7.94903e-05
77.5612 7.8686e-05
77.6596 7.78898e-05
77.758 7.71015e-05
77.8564 7.63212e-05
77.9548 7.55488e-05
78.0532 7.47841e-05
78.1516 7.4027e-05
78.2499 7.32776e-05
78.3483 7.25358e-05
78.4467 7.18014e-05
78.5451 7.10743e-05
78.6435 7.03546e-05
78.7419 6.96422e-05
78.8403 6.89369e-05
78.9387 6.82386e-05
79.037 6.75475e-05
79.1354 6.68632e-05
79.2338 6.61859e-05
79.3322 6.55154e-05
79.4306 6.48516e-05
79.529 6.41945e-05
79.6274 6.3544e-05
79.7258 6.29001e-05
79.8241 6.22626e-05
79.9225 6.16316e-05
80.0209 6.10069e-05
80.1193 6.03885e-05
80.2177 5.97764e-05
80.3161 5.91704e-05
80.4145 5.85705e-05
80.5128 5.79767e-05
80.6112 5.73888e-05
80.7096 5.68069e-05
80.808 5.62308e-05
80.9064 5.56605e-05
81.0048 5.5096e-05
81.1032 5.45372e-05
81.2016 5.3984e-05
81.2999 5.34364e-05
81.3983 5.28943e-05
81.4967 5.23576e-05
81.5951 5.18264e-05
81.6935 5.13006e-05
81.7919 5.078e-05
81.8903 5.02647e-05
81.9886 4.97546e-05
82.087 4.92496e-05
82.1854 4.87497e-05
82.2838 4.82549e-05
82.3822 4.7765e-05
82.4806 4.72802e-05
82.579 4.68001e-05
82.6774 4.6325e-05
82.7757 4.58546e-05
82.8741 4.5389e-05
82.9725 4.49281e-05
83.0709 4.44718e-05
83.1693 4.40202e-05
83.2677 4.35731e-05
83.3661 4.31305e-05
83.4645 4.26924e-05
83.5628 4.22587e-05
83.6612 4.18294e-05
83.7596 4.14044e-05
83.858 4.09837e-05
83.9564 4.05673e-05
84.0548 4.01551e-05
84.1532 3.9747e-05
84.2515 3.93431e-05
84.3499 3.89432e-05
84.4483 3.85474e-05
84.5467 3.81556e-05
84.6451 3.77677e-05
84.7435 3.73838e-05
84.8419 3.70038e-05
84.9403 3.66275e-05
85.0386 3.62551e-05
85.137 3.58865e-05
85.2354 3.55216e-05
85.3338 3.51604e-05
85.4322 3.48028e-05
85.5306 3.44488e-05
85.629 3.40985e-05
85.7274 3.37516e-05
85.8257 3.34083e-05
85.9241 3.30685e-05
86.0225 3.2732e-05
86.1209 3.2399e-05
86.2193 3.20694e-05
86.3177 3.17431e-05
86.4161 3.14201e-05
86.5144 3.11004e-05
86.6128 3.07839e-05
86.7112 3.04706e-05
86.8096 3.01605e-05
86.908 2.98535e-05
87.0064 2.95496e-05
87.1048 2.92488e-05
87.2032 2.89511e-05
87.3015 2.86563e-05
87.3999 2.83646e-05
87.4983 2.80758e-05
87.5967 2.77899e-05
87.6951 2.75069e-05
87.7935 2.72268e-05
87.8919 2.69495e-05
87.9903 2.66751e-05
88.0886 2.64034e-05
88.187 2.61345e-05
88.2854 2.58683e-05
88.3838 2.56048e-05
88.4822 2.53439e-05
88.5806 2.50857e-05
88.679 2.48302e-05
88.7773 2.45772e-05
88.8757 2.43267e-05
88.9741 2.40789e-05
89.0725 2.38335e-05
89.1709 2.35906e-05
89.2693 2.33502e-05
89.3677 2.31122e-05
89.4661 2.28766e-05
89.5644 2.26435e-05
89.6628 2.24127e-05
89.7612 2.21842e-05
89.8596 2.1958e-05
89.958 2.17342e-05
90.0564 2.15126e-05
90.1548 2.12932e-05
90.2531 2.10761e-05
90.3515 2.08612e-05
90.4499 2.06485e-05
90.5483 2.04379e-05
90.6467 2.02295e-05
90.7451 2.00231e-05
90.8435 1.98189e-05
90.9419 1.96168e-05
91.0402 1.94166e-05
91.1386 1.92186e-05
91.237 1.90225e-05
91.3354 1.88284e-05
91.4338 1.86363e-05
91.5322 1.84462e-05
91.6306 1.8258e-05
91.729 1.80717e-05
91.8273 1.78873e-05
91.9257 1.77047e-05
92.0241 1.7524e-05
92.1225 1.73452e-05
92.2209 1.71681e-05
92.3193 1.69929e-05
92.4177 1.68194e-05
92.516 1.66478e-05
92.6144 1.64778e-05
92.7128 1.63096e-05
92.8112 1.61431e-05
92.9096 1.59782e-05
93.008 1.58151e-05
93.1064 1.56536e-05
93.2048 1.54938e-05
93.3031 1.53355e-05
93.4015 1.51789e-05
93.4999 1.50239e-05
93.5983 1.48705e-05
93.6967 1.47186e-05
93.7951 1.45682e-05
93.8935 1.44194e-05
93.9919 1.42721e-05
94.0902 1.41263e-05
94.1886 1.3982e-05
94.287 1.38392e-05
94.3854 1.36978e-05
94.4838 1.35578e-05
94.5822 1.34193e-05
94.6806 1.32821e-05
94.7789 1.31464e-05
94.8773 1.30121e-05
94.9757 1.28791e-05
95.0741 1.27474e-05
95.1725 1.26172e-05
95.2709 1.24882e-05
95.3693 1.23605e-05
95.4677 1.22342e-05
95.566 1.21091e-05
95.6644 1.19853e-05
95.7628 1.18628e-05
95.8612 1.17415e-05
95.9596 1.16214e-05
96.058 1.15026e-05
96.1564 1.1385e-05
96.2548 1.12686e-05
96.3531 1.11533e-05
96.4515 1.10393e-05
96.5499 1.09264e-05
96.6483 1.08146e-05
96.7467 1.0704e-05
96.8451 1.05945e-05
96.9435 1.04861e-05
97.0418 1.03789e-05
97.1402 1.02727e-05
97.2386 1.01676e-05
97.337 1.00636e-05
97.4354 9.96062e-06
97.5338 9.85871e-06
97.6322 9.75783e-06
