-4.57972 0.000211882
-4.57011 0.000216138
-4.56049 0.00022048
-4.55087 0.000224908
-4.54126 0.000229425
-4.53164 0.000234032
-4.52202 0.000238731
-4.51241 0.000243524
-4.50279 0.000248413
-4.49317 0.0002534
-4.48356 0.000258486
-4.47394 0.000263675
-4.46432 0.000268967
-4.4547 0.000274364
-4.44509 0.00027987
-4.43547 0.000285485
-4.42585 0.000291213
-4.41624 0.000297055
-4.40662 0.000303014
-4.397 0.000309092
-4.38739 0.000315291
-4.37777 0.000321615
-4.36815 0.000328064
-4.35854 0.000334642
-4.34892 0.000341351
-4.3393 0.000348194
-4.32969 0.000355174
-4.32007 0.000362293
-4.31045 0.000369554
-4.30083 0.00037696
-4.29122 0.000384514
-4.2816 0.000392218
-4.27198 0.000400076
-4.26237 0.00040809
-4.25275 0.000416265
-4.24313 0.000424602
-4.23352 0.000433105
-4.2239 0.000441778
-4.21428 0.000450623
-4.20467 0.000459645
-4.19505 0.000468846
-4.18543 0.000478231
-4.17582 0.000487802
-4.1662 0.000497564
-4.15658 0.00050752
-4.14696 0.000517674
-4.13735 0.00052803
-4.12773 0.000538592
-4.11811 0.000549365
-4.1085 0.000560351
-4.09888 0.000571556
-4.08926 0.000582984
-4.07965 0.000594639
-4.07003 0.000606525
-4.06041 0.000618648
-4.0508 0.000631012
-4.04118 0.000643621
-4.03156 0.00065648
-4.02195 0.000669595
-4.01233 0.00068297
-4.00271 0.00069661
-3.99309 0.000710522
-3.98348 0.000724709
-3.97386 0.000739178
-3.96424 0.000753933
-3.95463 0.000768981
-3.94501 0.000784328
-3.93539 0.000799979
-3.92578 0.00081594
-3.91616 0.000832217
-3.90654 0.000848816
-3.89693 0.000865745
-3.88731 0.000883008
-3.87769 0.000900613
-3.86808 0.000918567
-3.85846 0.000936876
-3.84884 0.000955547
-3.83922 0.000974588
-3.82961 0.000994005
-3.81999 0.00101381
-3.81037 0.001034
-3.80076 0.00105459
-3.79114 0.00107559
-3.78152 0.001097
-3.77191 0.00111884
-3.76229 0.0011411
-3.75267 0.00116381
-3.74306 0.00118697
-3.73344 0.00121058
-3.72382 0.00123465
-3.71421 0.00125921
-3.70459 0.00128424
-3.69497 0.00130977
-3.68535 0.0013358
-3.67574 0.00136235
-3.66612 0.00138942
-3.6565 0.00141702
-3.64689 0.00144517
-3.63727 0.00147386
-3.62765 0.00150313
-3.61804 0.00153297
-3.60842 0.00156339
-3.5988 0.00159441
-3.58919 0.00162605
-3.57957 0.0016583
-3.56995 0.00169119
-3.56034 0.00172473
-3.55072 0.00175892
-3.5411 0.00179378
-3.53148 0.00182933
-3.52187 0.00186557
-3.51225 0.00190253
-3.50263 0.00194021
-3.49302 0.00197863
-3.4834 0.0020178
-3.47378 0.00205773
-3.46417 0.00209845
-3.45455 0.00213997
-3.44493 0.0021823
-3.43532 0.00222545
-3.4257 0.00226945
-3.41608 0.00231431
-3.40646 0.00236005
-3.39685 0.00240668
-3.38723 0.00245422
-3.37761 0.00250268
-3.368 0.0025521
-3.35838 0.00260247
-3.34876 0.00265383
-3.33915 0.00270619
-3.32953 0.00275957
-3.31991 0.00281399
-3.3103 0.00286947
-3.30068 0.00292602
-3.29106 0.00298368
-3.28145 0.00304246
-3.27183 0.00310238
-3.26221 0.00316347
-3.25259 0.00322574
-3.24298 0.00328922
-3.23336 0.00335393
-3.22374 0.0034199
-3.21413 0.00348714
-3.20451 0.00355569
-3.19489 0.00362557
-3.18528 0.0036968
-3.17566 0.00376941
-3.16604 0.00384342
-3.15643 0.00391886
-3.14681 0.00399577
-3.13719 0.00407415
-3.12758 0.00415405
-3.11796 0.0042355
-3.10834 0.00431851
-3.09872 0.00440313
-3.08911 0.00448937
-3.07949 0.00457728
-3.06987 0.00466688
-3.06026 0.0047582
-3.05064 0.00485128
-3.04102 0.00494615
-3.03141 0.00504284
-3.02179 0.00514139
-3.01217 0.00524183
-3.00256 0.0053442
-2.99294 0.00544853
-2.98332 0.00555486
-2.97371 0.00566322
-2.96409 0.00577366
-2.95447 0.00588621
-2.94485 0.00600092
-2.93524 0.00611781
-2.92562 0.00623694
-2.916 0.00635834
-2.90639 0.00648205
-2.89677 0.00660813
-2.88715 0.0067366
-2.87754 0.00686752
-2.86792 0.00700093
-2.8583 0.00713688
-2.84869 0.00727541
-2.83907 0.00741657
-2.82945 0.00756041
-2.81984 0.00770697
-2.81022 0.00785632
-2.8006 0.00800849
-2.79098 0.00816354
-2.78137 0.00832152
-2.77175 0.00848249
-2.76213 0.0086465
-2.75252 0.0088136
-2.7429 0.00898385
-2.73328 0.00915731
-2.72367 0.00933403
-2.71405 0.00951408
-2.70443 0.00969751
-2.69482 0.00988439
-2.6852 0.0100748
-2.67558 0.0102687
-2.66597 0.0104663
-2.65635 0.0106676
-2.64673 0.0108726
-2.63711 0.0110815
-2.6275 0.0112943
-2.61788 0.0115111
-2.60826 0.0117319
-2.59865 0.0119568
-2.58903 0.0121858
-2.57941 0.0124192
-2.5698 0.0126569
-2.56018 0.012899
-2.55056 0.0131455
-2.54095 0.0133967
-2.53133 0.0136525
-2.52171 0.013913
-2.5121 0.0141783
-2.50248 0.0144485
-2.49286 0.0147237
-2.48324 0.015004
-2.47363 0.0152894
-2.46401 0.0155801
-2.45439 0.015876
-2.44478 0.0161775
-2.43516 0.0164844
-2.42554 0.0167969
-2.41593 0.0171152
-2.40631 0.0174392
-2.39669 0.0177692
-2.38708 0.0181052
-2.37746 0.0184472
-2.36784 0.0187955
-2.35823 0.0191501
-2.34861 0.0195111
-2.33899 0.0198787
-2.32937 0.0202529
-2.31976 0.0206338
-2.31014 0.0210216
-2.30052 0.0214164
-2.29091 0.0218182
-2.28129 0.0222273
-2.27167 0.0226437
-2.26206 0.0230676
-2.25244 0.023499
-2.24282 0.0239381
-2.23321 0.0243851
-2.22359 0.02484
-2.21397 0.025303
-2.20436 0.0257741
-2.19474 0.0262537
-2.18512 0.0267417
-2.1755 0.0272383
-2.16589 0.0277436
-2.15627 0.0282579
-2.14665 0.0287812
-2.13704 0.0293136
-2.12742 0.0298554
-2.1178 0.0304066
-2.10819 0.0309674
-2.09857 0.031538
-2.08895 0.0321185
-2.07934 0.0327091
-2.06972 0.0333099
-2.0601 0.0339211
-2.05048 0.0345428
-2.04087 0.0351752
-2.03125 0.0358184
-2.02163 0.0364727
-2.01202 0.0371381
-2.0024 0.037815
-1.99278 0.0385033
-1.98317 0.0392033
-1.97355 0.0399152
-1.96393 0.0406392
-1.95432 0.0413753
-1.9447 0.0421238
-1.93508 0.0428849
-1.92547 0.0436588
-1.91585 0.0444456
-1.90623 0.0452455
-1.89661 0.0460587
-1.887 0.0468854
-1.87738 0.0477258
-1.86776 0.04858
-1.85815 0.0494483
-1.84853 0.0503309
-1.83891 0.0512279
-1.8293 0.0521395
-1.81968 0.053066
-1.81006 0.0540075
-1.80045 0.0549642
-1.79083 0.0559364
-1.78121 0.0569241
-1.7716 0.0579277
-1.76198 0.0589474
-1.75236 0.0599833
-1.74274 0.0610356
-1.73313 0.0621046
-1.72351 0.0631904
-1.71389 0.0642933
-1.70428 0.0654135
-1.69466 0.0665511
-1.68504 0.0677064
-1.67543 0.0688796
-1.66581 0.0700709
-1.65619 0.0712805
-1.64658 0.0725086
-1.63696 0.0737555
-1.62734 0.0750213
-1.61773 0.0763062
-1.60811 0.0776104
-1.59849 0.0789342
-1.58887 0.0802778
-1.57926 0.0816413
-1.56964 0.083025
-1.56002 0.0844291
-1.55041 0.0858538
-1.54079 0.0872992
-1.53117 0.0887656
-1.52156 0.0902532
-1.51194 0.0917621
-1.50232 0.0932926
-1.49271 0.0948448
-1.48309 0.096419
-1.47347 0.0980153
-1.46386 0.0996339
-1.45424 0.101275
-1.44462 0.102939
-1.435 0.104625
-1.42539 0.106335
-1.41577 0.108068
-1.40615 0.109824
-1.39654 0.111604
-1.38692 0.113407
-1.3773 0.115234
-1.36769 0.117085
-1.35807 0.118961
-1.34845 0.12086
-1.33884 0.122784
-1.32922 0.124732
-1.3196 0.126705
-1.30999 0.128703
-1.30037 0.130725
-1.29075 0.132772
-1.28113 0.134845
-1.27152 0.136942
-1.2619 0.139064
-1.25228 0.141212
-1.24267 0.143385
-1.23305 0.145584
-1.22343 0.147807
-1.21382 0.150056
-1.2042 0.152331
-1.19458 0.154631
-1.18497 0.156956
-1.17535 0.159307
-1.16573 0.161683
-1.15612 0.164085
-1.1465 0.166511
-1.13688 0.168963
-1.12726 0.171441
-1.11765 0.173943
-1.10803 0.17647
-1.09841 0.179022
-1.0888 0.181599
-1.07918 0.1842
-1.06956 0.186826
-1.05995 0.189476
-1.05033 0.192151
-1.04071 0.194849
-1.0311 0.19757
-1.02148 0.200315
-1.01186 0.203084
-1.00225 0.205875
-0.992628 0.208688
-0.983011 0.211524
-0.973394 0.214382
-0.963778 0.217262
-0.954161 0.220163
-0.944544 0.223084
-0.934927 0.226026
-0.92531 0.228988
-0.915693 0.23197
-0.906076 0.234971
-0.896459 0.23799
-0.886843 0.241027
-0.877226 0.244082
-0.867609 0.247154
-0.857992 0.250242
-0.848375 0.253346
-0.838758 0.256466
-0.829141 0.2596
-0.819524 0.262747
-0.809908 0.265908
-0.800291 0.269082
-0.790674 0.272267
-0.781057 0.275463
-0.77144 0.278669
-0.761823 0.281885
-0.752206 0.285109
-0.742589 0.28834
-0.732972 0.291579
-0.723356 0.294823
-0.713739 0.298073
-0.704122 0.301326
-0.694505 0.304582
-0.684888 0.307841
-0.675271 0.3111
-0.665654 0.314359
-0.656037 0.317618
-0.646421 0.320874
-0.636804 0.324126
-0.627187 0.327375
-0.61757 0.330617
-0.607953 0.333853
-0.598336 0.337081
-0.588719 0.3403
-0.579102 0.343508
-0.569486 0.346705
-0.559869 0.349889
-0.550252 0.353059
-0.540635 0.356213
-0.531018 0.35935
-0.521401 0.36247
-0.511784 0.36557
-0.502167 0.368649
-0.49255 0.371706
-0.482934 0.374739
-0.473317 0.377748
-0.4637 0.380731
-0.454083 0.383685
-0.444466 0.386611
-0.434849 0.389507
-0.425232 0.39237
-0.415615 0.3952
-0.405999 0.397996
-0.396382 0.400756
-0.386765 0.403478
-0.377148 0.406161
-0.367531 0.408804
-0.357914 0.411405
-0.348297 0.413964
-0.33868 0.416478
-0.329064 0.418946
-0.319447 0.421368
-0.30983 0.42374
-0.300213 0.426064
-0.290596 0.428336
-0.280979 0.430555
-0.271362 0.432722
-0.261745 0.434833
-0.252129 0.436889
-0.242512 0.438887
-0.232895 0.440827
-0.223278 0.442707
-0.213661 0.444527
-0.204044 0.446285
-0.194427 0.44798
-0.18481 0.449612
-0.175193 0.451178
-0.165577 0.452679
-0.15596 0.454114
-0.146343 0.455481
-0.136726 0.456779
-0.127109 0.458009
-0.117492 0.459168
-0.107875 0.460258
-0.0982584 0.461275
-0.0886416 0.462221
-0.0790247 0.463095
-0.0694078 0.463896
-0.0597909 0.464623
-0.050174 0.465276
-0.0405572 0.465855
-0.0309403 0.466359
-0.0213234 0.466789
-0.0117065 0.467143
-0.00208964 0.467422
0.00752724 0.467625
0.0171441 0.467753
0.026761 0.467805
0.0363779 0.467782
0.0459948 0.467683
0.0556116 0.467508
0.0652285 0.467259
0.0748454 0.466934
0.0844623 0.466534
0.0940792 0.466059
0.103696 0.465511
0.113313 0.464889
0.12293 0.464193
0.132547 0.463424
0.142164 0.462583
0.15178 0.46167
0.161397 0.460687
0.171014 0.459632
0.180631 0.458508
0.190248 0.457315
0.199865 0.456054
0.209482 0.454725
0.219099 0.45333
0.228715 0.451869
0.238332 0.450343
0.247949 0.448754
0.257566 0.447102
0.267183 0.445389
0.2768 0.443614
0.286417 0.441781
0.296034 0.439889
0.30565 0.437939
0.315267 0.435934
0.324884 0.433874
0.334501 0.43176
0.344118 0.429594
0.353735 0.427376
0.363352 0.425109
0.372969 0.422793
0.382586 0.42043
0.392202 0.418021
0.401819 0.415567
0.411436 0.41307
0.421053 0.410531
0.43067 0.407951
0.440287 0.405332
0.449904 0.402676
0.459521 0.399982
0.469137 0.397254
0.478754 0.394492
0.488371 0.391697
0.497988 0.388871
0.507605 0.386016
0.517222 0.383132
0.526839 0.380221
0.536456 0.377285
0.546072 0.374324
0.555689 0.37134
0.565306 0.368335
0.574923 0.365309
0.58454 0.362264
0.594157 0.359202
0.603774 0.356122
0.613391 0.353028
0.623008 0.34992
0.632624 0.346798
0.642241 0.343665
0.651858 0.340522
0.661475 0.33737
0.671092 0.334209
0.680709 0.331042
0.690326 0.327868
0.699943 0.32469
0.709559 0.321508
0.719176 0.318324
0.728793 0.315138
0.73841 0.311952
0.748027 0.308766
0.757644 0.305582
0.767261 0.302399
0.776878 0.299221
0.786494 0.296046
0.796111 0.292877
0.805728 0.289713
0.815345 0.286557
0.824962 0.283408
0.834579 0.280267
0.844196 0.277136
0.853813 0.274014
0.86343 0.270903
0.873046 0.267804
0.882663 0.264717
0.89228 0.261642
0.901897 0.258581
0.911514 0.255534
0.921131 0.252501
0.930748 0.249484
0.940365 0.246482
0.949981 0.243497
0.959598 0.240528
0.969215 0.237577
0.978832 0.234643
0.988449 0.231728
0.998066 0.228831
1.00768 0.225953
1.0173 0.223095
1.02692 0.220256
1.03653 0.217438
1.04615 0.21464
1.05577 0.211863
1.06538 0.209107
1.075 0.206373
1.08462 0.20366
1.09423 0.200969
1.10385 0.198301
1.11347 0.195655
1.12309 0.193031
1.1327 0.19043
1.14232 0.187852
1.15194 0.185298
1.16155 0.182766
1.17117 0.180259
1.18079 0.177774
1.1904 0.175313
1.20002 0.172876
1.20964 0.170463
1.21925 0.168074
1.22887 0.165709
1.23849 0.163368
1.2481 0.16105
1.25772 0.158757
1.26734 0.156488
1.27696 0.154243
1.28657 0.152023
1.29619 0.149826
1.30581 0.147653
1.31542 0.145505
1.32504 0.14338
1.33466 0.141279
1.34427 0.139202
1.35389 0.137149
1.36351 0.13512
1.37312 0.133115
1.38274 0.131133
1.39236 0.129174
1.40197 0.127239
1.41159 0.125327
1.42121 0.123439
1.43083 0.121573
1.44044 0.119731
1.45006 0.117911
1.45968 0.116114
1.46929 0.11434
1.47891 0.112588
1.48853 0.110858
1.49814 0.109151
1.50776 0.107465
1.51738 0.105802
1.52699 0.10416
1.53661 0.102539
1.54623 0.10094
1.55584 0.0993624
1.56546 0.0978055
1.57508 0.0962695
1.5847 0.0947542
1.59431 0.0932595
1.60393 0.091785
1.61355 0.0903307
1.62316 0.0888964
1.63278 0.0874819
1.6424 0.086087
1.65201 0.0847116
1.66163 0.0833553
1.67125 0.0820182
1.68086 0.0806999
1.69048 0.0794002
1.7001 0.0781191
1.70971 0.0768563
1.71933 0.0756116
1.72895 0.0743847
1.73857 0.0731757
1.74818 0.0719841
1.7578 0.0708099
1.76742 0.0696529
1.77703 0.0685129
1.78665 0.0673896
1.79627 0.0662829
1.80588 0.0651925
1.8155 0.0641184
1.82512 0.0630604
1.83473 0.0620181
1.84435 0.0609915
1.85397 0.0599803
1.86358 0.0589844
1.8732 0.0580036
1.88282 0.0570377
1.89244 0.0560865
1.90205 0.0551498
1.91167 0.0542275
1.92129 0.0533193
1.9309 0.0524251
1.94052 0.0515448
1.95014 0.050678
1.95975 0.0498247
1.96937 0.0489847
1.97899 0.0481578
1.9886 0.0473439
1.99822 0.0465426
2.00784 0.045754
2.01746 0.0449778
2.02707 0.0442139
2.03669 0.043462
2.04631 0.042722
2.05592 0.0419939
2.06554 0.0412773
2.07516 0.0405721
2.08477 0.0398782
2.09439 0.0391955
2.10401 0.0385237
2.11362 0.0378627
2.12324 0.0372124
2.13286 0.0365726
2.14247 0.0359431
2.15209 0.0353238
2.16171 0.0347146
2.17133 0.0341153
2.18094 0.0335258
2.19056 0.0329459
2.20018 0.0323755
2.20979 0.0318145
2.21941 0.0312626
2.22903 0.0307198
2.23864 0.030186
2.24826 0.029661
2.25788 0.0291446
2.26749 0.0286368
2.27711 0.0281374
2.28673 0.0276464
2.29634 0.0271634
2.30596 0.0266885
2.31558 0.0262216
2.3252 0.0257624
2.33481 0.0253109
2.34443 0.024867
2.35405 0.0244305
2.36366 0.0240013
2.37328 0.0235794
2.3829 0.0231645
2.39251 0.0227567
2.40213 0.0223557
2.41175 0.0219615
2.42136 0.021574
2.43098 0.0211931
2.4406 0.0208186
2.45021 0.0204505
2.45983 0.0200886
2.46945 0.0197329
2.47907 0.0193833
2.48868 0.0190397
2.4983 0.0187019
2.50792 0.0183698
2.51753 0.0180435
2.52715 0.0177228
2.53677 0.0174076
2.54638 0.0170977
2.556 0.0167933
2.56562 0.016494
2.57523 0.0161999
2.58485 0.0159109
2.59447 0.0156269
2.60408 0.0153478
2.6137 0.0150735
2.62332 0.0148039
2.63294 0.0145391
2.64255 0.0142788
2.65217 0.0140231
2.66179 0.0137718
2.6714 0.0135248
2.68102 0.0132822
2.69064 0.0130438
2.70025 0.0128095
2.70987 0.0125794
2.71949 0.0123533
2.7291 0.0121311
2.73872 0.0119128
2.74834 0.0116983
2.75795 0.0114876
2.76757 0.0112806
2.77719 0.0110772
2.78681 0.0108774
2.79642 0.0106811
2.80604 0.0104883
2.81566 0.0102989
2.82527 0.0101128
2.83489 0.00992994
2.84451 0.00975035
2.85412 0.00957393
2.86374 0.00940063
2.87336 0.00923039
2.88297 0.00906317
2.89259 0.0088989
2.90221 0.00873755
2.91182 0.00857906
2.92144 0.00842339
2.93106 0.00827048
2.94068 0.00812028
2.95029 0.00797276
2.95991 0.00782786
2.96953 0.00768553
2.97914 0.00754575
2.98876 0.00740845
2.99838 0.00727361
3.00799 0.00714117
3.01761 0.0070111
3.02723 0.00688334
3.03684 0.00675788
3.04646 0.00663465
3.05608 0.00651364
3.06569 0.00639478
3.07531 0.00627806
3.08493 0.00616343
3.09455 0.00605086
3.10416 0.00594031
3.11378 0.00583174
3.1234 0.00572512
3.13301 0.00562041
3.14263 0.00551759
3.15225 0.00541662
3.16186 0.00531747
3.17148 0.0052201
3.1811 0.00512449
3.19071 0.0050306
3.20033 0.0049384
3.20995 0.00484786
3.21956 0.00475896
3.22918 0.00467167
3.2388 0.00458595
3.24842 0.00450178
3.25803 0.00441913
3.26765 0.00433798
3.27727 0.0042583
3.28688 0.00418006
3.2965 0.00410323
3.30612 0.0040278
3.31573 0.00395374
3.32535 0.00388102
3.33497 0.00380961
3.34458 0.00373951
3.3542 0.00367067
3.36382 0.00360309
3.37344 0.00353674
3.38305 0.00347159
3.39267 0.00340762
3.40229 0.00334482
3.4119 0.00328316
3.42152 0.00322263
3.43114 0.0031632
3.44075 0.00310485
3.45037 0.00304756
3.45999 0.00299132
3.4696 0.0029361
3.47922 0.00288189
3.48884 0.00282867
3.49845 0.00277642
3.50807 0.00272512
3.51769 0.00267477
3.52731 0.00262533
3.53692 0.0025768
3.54654 0.00252915
3.55616 0.00248237
3.56577 0.00243645
3.57539 0.00239138
3.58501 0.00234712
3.59462 0.00230368
3.60424 0.00226103
3.61386 0.00221917
3.62347 0.00217807
3.63309 0.00213772
3.64271 0.00209812
3.65232 0.00205924
3.66194 0.00202107
3.67156 0.00198361
3.68118 0.00194683
3.69079 0.00191073
3.70041 0.00187529
3.71003 0.00184051
3.71964 0.00180636
3.72926 0.00177284
3.73888 0.00173994
3.74849 0.00170764
3.75811 0.00167593
3.76773 0.00164481
3.77734 0.00161427
3.78696 0.00158428
3.79658 0.00155485
3.80619 0.00152596
3.81581 0.0014976
3.82543 0.00146976
3.83505 0.00144244
3.84466 0.00141562
3.85428 0.0013893
3.8639 0.00136346
3.87351 0.0013381
3.88313 0.00131321
3.89275 0.00128877
3.90236 0.00126479
3.91198 0.00124125
3.9216 0.00121814
3.93121 0.00119547
3.94083 0.00117321
3.95045 0.00115136
3.96006 0.00112992
3.96968 0.00110887
3.9793 0.00108821
3.98892 0.00106794
3.99853 0.00104804
4.00815 0.0010285
4.01777 0.00100933
4.02738 0.000990517
4.037 0.00097205
4.04662 0.000953924
4.05623 0.000936135
4.06585 0.000918675
4.07547 0.000901538
4.08508 0.00088472
4.0947 0.000868213
4.10432 0.000852012
4.11393 0.000836111
4.12355 0.000820506
4.13317 0.00080519
4.14279 0.000790158
4.1524 0.000775405
4.16202 0.000760926
4.17164 0.000746715
4.18125 0.000732769
4.19087 0.000719081
4.20049 0.000705648
4.2101 0.000692464
4.21972 0.000679525
4.22934 0.000666827
4.23895 0.000654364
4.24857 0.000642134
4.25819 0.00063013
4.2678 0.00061835
4.27742 0.000606789
4.28704 0.000595443
4.29666 0.000584308
4.30627 0.00057338
4.31589 0.000562655
4.32551 0.00055213
4.33512 0.000541801
4.34474 0.000531664
4.35436 0.000521716
4.36397 0.000511953
4.37359 0.000502372
4.38321 0.00049297
4.39282 0.000483742
4.40244 0.000474687
4.41206 0.0004658
4.42167 0.000457078
4.43129 0.00044852
4.44091 0.000440121
4.45053 0.000431878
4.46014 0.000423789
4.46976 0.000415851
4.47938 0.000408061
4.48899 0.000400416
4.49861 0.000392914
4.50823 0.000385552
4.51784 0.000378327
4.52746 0.000371237
4.53708 0.00036428
4.54669 0.000357452
4.55631 0.000350752
4.56593 0.000344176
4.57554 0.000337724
4.58516 0.000331392
4.59478 0.000325178
4.6044 0.000319081
4.61401 0.000313097
4.62363 0.000307225
4.63325 0.000301463
4.64286 0.000295808
4.65248 0.000290259
4.6621 0.000284814
4.67171 0.00027947
4.68133 0.000274227
4.69095 0.000269081
4.70056 0.000264032
4.71018 0.000259077
4.7198 0.000254215
4.72942 0.000249444
4.73903 0.000244762
4.74865 0.000240167
4.75827 0.000235659
4.76788 0.000231234
4.7775 0.000226893
4.78712 0.000222633
4.79673 0.000218453
4.80635 0.00021435
4.81597 0.000210325
4.82558 0.000206375
4.8352 0.000202499
4.84482 0.000198695
4.85443 0.000194963
4.86405 0.000191301
4.87367 0.000187707
4.88329 0.000184181
4.8929 0.00018072
4.90252 0.000177325
4.91214 0.000173993
4.92175 0.000170723
4.93137 0.000167515
4.94099 0.000164367
4.9506 0.000161277
4.96022 0.000158246
4.96984 0.000155272
4.97945 0.000152353
4.98907 0.000149489
4.99869 0.000146679
5.0083 0.000143921
5.01792 0.000141215
5.02754 0.00013856
