-0.709596 5.00785e-05
-0.680603 6.35743e-05
-0.651611 8.05086e-05
-0.622618 0.000101691
-0.593626 0.000128099
-0.564633 0.000160909
-0.535641 0.000201526
-0.506648 0.000251614
-0.477656 0.000313138
-0.448663 0.000388393
-0.419671 0.000480045
-0.390678 0.000591161
-0.361685 0.00072524
-0.332693 0.000886237
-0.3037 0.00107857
-0.274708 0.00130715
-0.245715 0.00157732
-0.216723 0.00189489
-0.18773 0.00226604
-0.158738 0.00269728
-0.129745 0.00319537
-0.100753 0.0037672
-0.0717602 0.0044197
-0.0427677 0.00515966
-0.0137752 0.00599363
0.0152174 0.00692775
0.0442099 0.00796762
0.0732024 0.00911814
0.102195 0.0103834
0.131187 0.0117665
0.16018 0.0132698
0.189173 0.0148942
0.218165 0.0166397
0.247158 0.0185054
0.27615 0.020489
0.305143 0.0225875
0.334135 0.0247965
0.363128 0.0271112
0.39212 0.0295259
0.421113 0.032034
0.450105 0.0346287
0.479098 0.0373026
0.50809 0.040048
0.537083 0.0428569
0.566075 0.0457214
0.595068 0.0486334
0.62406 0.0515849
0.653053 0.0545682
0.682045 0.0575755
0.711038 0.0605994
0.740031 0.0636329
0.769023 0.0666691
0.798016 0.0697016
0.827008 0.0727242
0.856001 0.0757314
0.884993 0.0787177
0.913986 0.0816782
0.942978 0.0846082
0.971971 0.0875037
1.00096 0.0903607
1.02996 0.0931758
1.05895 0.0959458
1.08794 0.0986677
1.11693 0.101339
1.14593 0.103958
1.17492 0.106522
1.20391 0.10903
1.2329 0.111479
1.2619 0.11387
1.29089 0.1162
1.31988 0.118469
1.34887 0.120677
1.37787 0.122822
1.40686 0.124905
1.43585 0.126925
1.46484 0.128882
1.49384 0.130776
1.52283 0.132608
1.55182 0.134378
1.58081 0.136085
1.60981 0.137731
1.6388 0.139316
1.66779 0.140841
1.69678 0.142305
1.72578 0.143711
1.75477 0.145058
1.78376 0.146348
1.81275 0.14758
1.84175 0.148757
1.87074 0.149879
1.89973 0.150946
1.92872 0.151961
1.95772 0.152923
1.98671 0.153833
2.0157 0.154693
2.04469 0.155504
2.07369 0.156266
2.10268 0.156981
2.13167 0.157649
2.16066 0.158272
2.18966 0.15885
2.21865 0.159384
2.24764 0.159876
2.27663 0.160326
2.30563 0.160736
2.33462 0.161105
2.36361 0.161436
2.3926 0.161729
2.4216 0.161985
2.45059 0.162205
2.47958 0.16239
2.50857 0.16254
2.53757 0.162657
2.56656 0.162742
2.59555 0.162795
2.62454 0.162817
2.65354 0.162809
2.68253 0.162772
2.71152 0.162706
2.74051 0.162613
2.76951 0.162492
2.7985 0.162346
2.82749 0.162174
2.85648 0.161978
2.88548 0.161758
2.91447 0.161514
2.94346 0.161248
2.97246 0.16096
3.00145 0.160651
3.03044 0.160321
3.05943 0.159972
3.08843 0.159603
3.11742 0.159215
3.14641 0.158809
3.1754 0.158386
3.2044 0.157945
3.23339 0.157489
3.26238 0.157016
3.29137 0.156528
3.32037 0.156025
3.34936 0.155508
3.37835 0.154977
3.40734 0.154433
3.43634 0.153876
3.46533 0.153307
3.49432 0.152725
3.52331 0.152133
3.55231 0.151529
3.5813 0.150914
3.61029 0.15029
3.63928 0.149655
3.66828 0.149011
3.69727 0.148358
3.72626 0.147697
3.75525 0.147027
3.78425 0.146349
3.81324 0.145664
3.84223 0.144971
3.87122 0.144272
3.90022 0.143566
3.92921 0.142854
3.9582 0.142135
3.98719 0.141411
4.01619 0.140682
4.04518 0.139948
4.07417 0.139209
4.10316 0.138465
4.13216 0.137717
4.16115 0.136965
4.19014 0.13621
4.21913 0.135451
4.24813 0.134688
4.27712 0.133923
4.30611 0.133155
4.3351 0.132384
4.3641 0.131611
4.39309 0.130835
4.42208 0.130058
4.45107 0.129279
4.48007 0.128498
4.50906 0.127716
4.53805 0.126933
4.56704 0.126149
4.59604 0.125364
4.62503 0.124578
4.65402 0.123792
4.68301 0.123005
4.71201 0.122218
4.741 0.121431
4.76999 0.120644
4.79898 0.119857
4.82798 0.119071
4.85697 0.118285
4.88596 0.1175
4.91495 0.116716
4.94395 0.115932
4.97294 0.11515
5.00193 0.114368
5.03092 0.113588
5.05992 0.112809
5.08891 0.112031
5.1179 0.111255
5.14689 0.110481
5.17589 0.109708
5.20488 0.108937
5.23387 0.108168
5.26286 0.107401
5.29186 0.106636
5.32085 0.105874
5.34984 0.105113
5.37883 0.104355
5.40783 0.103599
5.43682 0.102845
5.46581 0.102094
5.4948 0.101346
5.5238 0.1006
5.55279 0.099857
5.58178 0.0991167
5.61077 0.0983792
5.63977 0.0976445
5.66876 0.0969127
5.69775 0.0961839
5.72674 0.0954581
5.75574 0.0947354
5.78473 0.0940158
5.81372 0.0932993
5.84272 0.092586
5.87171 0.0918759
5.9007 0.0911691
5.92969 0.0904655
5.95869 0.0897653
5.98768 0.0890685
6.01667 0.0883751
6.04566 0.087685
6.07466 0.0869985
6.10365 0.0863154
6.13264 0.0856358
6.16163 0.0849597
6.19063 0.0842872
6.21962 0.0836183
6.24861 0.0829529
6.2776 0.0822912
6.3066 0.081633
6.33559 0.0809786
6.36458 0.0803277
6.39357 0.0796806
6.42257 0.0790371
6.45156 0.0783974
6.48055 0.0777613
6.50954 0.077129
6.53854 0.0765004
6.56753 0.0758755
6.59652 0.0752544
6.62551 0.074637
6.65451 0.0740234
6.6835 0.0734135
6.71249 0.0728075
6.74148 0.0722051
6.77048 0.0716066
6.79947 0.0710118
6.82846 0.0704208
6.85745 0.0698336
6.88645 0.0692501
6.91544 0.0686705
6.94443 0.0680946
6.97342 0.0675224
7.00242 0.0669541
7.03141 0.0663895
7.0604 0.0658286
7.08939 0.0652716
7.11839 0.0647182
7.14738 0.0641686
7.17637 0.0636228
7.20536 0.0630807
7.23436 0.0625423
7.26335 0.0620076
7.29234 0.0614766
7.32133 0.0609493
7.35033 0.0604258
7.37932 0.0599059
7.40831 0.0593896
7.4373 0.0588771
7.4663 0.0583682
7.49529 0.0578629
7.52428 0.0573613
7.55327 0.0568633
7.58227 0.0563688
7.61126 0.055878
7.64025 0.0553908
7.66924 0.0549071
7.69824 0.054427
7.72723 0.0539505
7.75622 0.0534774
7.78521 0.0530079
7.81421 0.0525419
7.8432 0.0520794
7.87219 0.0516204
7.90118 0.0511648
7.93018 0.0507126
7.95917 0.0502639
7.98816 0.0498186
8.01715 0.0493767
8.04615 0.0489382
8.07514 0.0485031
8.10413 0.0480713
8.13312 0.0476428
8.16212 0.0472177
8.19111 0.0467958
8.2201 0.0463773
8.24909 0.045962
8.27809 0.04555
8.30708 0.0451412
8.33607 0.0447356
8.36506 0.0443333
8.39406 0.0439341
8.42305 0.0435381
8.45204 0.0431452
8.48103 0.0427555
8.51003 0.0423689
8.53902 0.0419854
8.56801 0.0416049
8.59701 0.0412276
8.626 0.0408533
8.65499 0.040482
8.68398 0.0401137
8.71298 0.0397484
8.74197 0.0393861
8.77096 0.0390268
8.79995 0.0386704
8.82895 0.0383169
8.85794 0.0379663
8.88693 0.0376186
8.91592 0.0372738
8.94492 0.0369318
8.97391 0.0365926
9.0029 0.0362563
9.03189 0.0359228
9.06089 0.035592
9.08988 0.035264
9.11887 0.0349387
9.14786 0.0346162
9.17686 0.0342964
9.20585 0.0339792
9.23484 0.0336648
9.26383 0.033353
9.29283 0.0330438
9.32182 0.0327372
9.35081 0.0324333
9.3798 0.0321319
9.4088 0.0318331
9.43779 0.0315368
9.46678 0.0312431
9.49577 0.0309518
9.52477 0.0306631
9.55376 0.0303768
9.58275 0.030093
9.61174 0.0298117
9.64074 0.0295327
9.66973 0.0292562
9.69872 0.0289821
9.72771 0.0287103
9.75671 0.0284409
9.7857 0.0281738
9.81469 0.0279091
9.84368 0.0276466
9.87268 0.0273865
9.90167 0.0271286
9.93066 0.0268729
9.95965 0.0266196
9.98865 0.0263684
10.0176 0.0261194
10.0466 0.0258726
10.0756 0.025628
10.1046 0.0253855
10.1336 0.0251452
10.1626 0.024907
10.1916 0.0246709
10.2206 0.0244369
10.2496 0.024205
10.2786 0.0239751
10.3076 0.0237473
10.3366 0.0235215
10.3655 0.0232977
10.3945 0.0230759
10.4235 0.0228561
10.4525 0.0226382
10.4815 0.0224223
10.5105 0.0222083
10.5395 0.0219963
10.5685 0.0217861
10.5975 0.0215779
10.6265 0.0213715
10.6555 0.021167
10.6845 0.0209643
10.7135 0.0207634
10.7425 0.0205644
10.7714 0.0203671
10.8004 0.0201717
10.8294 0.019978
10.8584 0.019786
10.8874 0.0195959
10.9164 0.0194074
10.9454 0.0192206
10.9744 0.0190356
11.0034 0.0188522
11.0324 0.0186705
11.0614 0.0184905
11.0904 0.0183121
11.1194 0.0181354
11.1483 0.0179602
11.1773 0.0177867
11.2063 0.0176148
11.2353 0.0174444
11.2643 0.0172756
11.2933 0.0171084
11.3223 0.0169427
11.3513 0.0167785
11.3803 0.0166158
11.4093 0.0164547
11.4383 0.016295
11.4673 0.0161368
11.4963 0.01598
11.5253 0.0158248
11.5542 0.0156709
11.5832 0.0155185
11.6122 0.0153675
11.6412 0.0152179
11.6702 0.0150697
11.6992 0.0149228
11.7282 0.0147774
11.7572 0.0146332
11.7862 0.0144905
11.8152 0.014349
11.8442 0.0142089
11.8732 0.0140701
11.9022 0.0139326
11.9311 0.0137964
11.9601 0.0136614
11.9891 0.0135277
12.0181 0.0133953
12.0471 0.0132641
12.0761 0.0131342
12.1051 0.0130054
12.1341 0.0128779
12.1631 0.0127516
12.1921 0.0126265
12.2211 0.0125025
12.2501 0.0123797
12.2791 0.0122581
12.308 0.0121376
12.337 0.0120183
12.366 0.0119
12.395 0.0117829
12.424 0.011667
12.453 0.0115521
12.482 0.0114383
12.511 0.0113255
12.54 0.0112139
12.569 0.0111033
12.598 0.0109938
12.627 0.0108853
12.656 0.0107778
12.685 0.0106713
12.7139 0.0105659
12.7429 0.0104615
12.7719 0.010358
12.8009 0.0102556
12.8299 0.0101541
12.8589 0.0100536
12.8879 0.00995409
12.9169 0.00985551
12.9459 0.00975786
12.9749 0.00966116
13.0039 0.00956537
13.0329 0.00947051
13.0619 0.00937655
13.0908 0.0092835
13.1198 0.00919134
13.1488 0.00910006
13.1778 0.00900966
13.2068 0.00892013
13.2358 0.00883147
13.2648 0.00874365
13.2938 0.00865668
13.3228 0.00857055
13.3518 0.00848525
13.3808 0.00840077
13.4098 0.0083171
13.4388 0.00823424
13.4677 0.00815219
13.4967 0.00807092
13.5257 0.00799044
13.5547 0.00791074
13.5837 0.00783181
13.6127 0.00775365
13.6417 0.00767624
13.6707 0.00759958
13.6997 0.00752367
13.7287 0.00744849
13.7577 0.00737404
13.7867 0.00730031
13.8157 0.0072273
13.8447 0.007155
13.8736 0.0070834
13.9026 0.0070125
13.9316 0.00694229
13.9606 0.00687276
13.9896 0.00680391
14.0186 0.00673573
14.0476 0.00666821
14.0766 0.00660135
14.1056 0.00653515
14.1346 0.00646959
14.1636 0.00640467
14.1926 0.00634038
14.2216 0.00627673
14.2505 0.00621369
14.2795 0.00615127
14.3085 0.00608946
14.3375 0.00602826
14.3665 0.00596766
14.3955 0.00590765
14.4245 0.00584823
14.4535 0.00578939
14.4825 0.00573112
14.5115 0.00567343
14.5405 0.00561631
14.5695 0.00555974
14.5985 0.00550373
14.6275 0.00544828
14.6564 0.00539336
14.6854 0.00533899
14.7144 0.00528515
14.7434 0.00523184
14.7724 0.00517906
14.8014 0.0051268
14.8304 0.00507505
14.8594 0.00502381
14.8884 0.00497308
14.9174 0.00492284
14.9464 0.00487311
14.9754 0.00482386
15.0044 0.0047751
15.0333 0.00472682
15.0623 0.00467902
15.0913 0.00463169
15.1203 0.00458483
15.1493 0.00453843
15.1783 0.00449249
15.2073 0.00444701
15.2363 0.00440197
15.2653 0.00435738
15.2943 0.00431324
15.3233 0.00426953
15.3523 0.00422625
15.3813 0.00418341
15.4102 0.00414099
15.4392 0.00409899
15.4682 0.0040574
15.4972 0.00401623
15.5262 0.00397547
15.5552 0.00393512
15.5842 0.00389516
15.6132 0.0038556
15.6422 0.00381644
15.6712 0.00377766
15.7002 0.00373928
15.7292 0.00370127
15.7582 0.00366364
15.7872 0.00362639
15.8161 0.0035895
15.8451 0.00355299
15.8741 0.00351684
15.9031 0.00348105
15.9321 0.00344562
15.9611 0.00341054
15.9901 0.00337581
16.0191 0.00334143
16.0481 0.00330739
16.0771 0.00327369
16.1061 0.00324033
16.1351 0.0032073
16.1641 0.0031746
16.193 0.00314223
16.222 0.00311018
16.251 0.00307845
16.28 0.00304704
16.309 0.00301595
16.338 0.00298517
16.367 0.00295469
16.396 0.00292452
16.425 0.00289466
16.454 0.00286509
16.483 0.00283582
16.512 0.00280684
16.541 0.00277815
16.5699 0.00274976
16.5989 0.00272164
16.6279 0.00269381
16.6569 0.00266626
16.6859 0.00263899
16.7149 0.00261199
16.7439 0.00258526
16.7729 0.0025588
16.8019 0.0025326
16.8309 0.00250667
16.8599 0.002481
16.8889 0.00245559
16.9179 0.00243044
16.9469 0.00240554
16.9758 0.00238089
17.0048 0.00235648
17.0338 0.00233233
17.0628 0.00230841
17.0918 0.00228474
17.1208 0.00226131
17.1498 0.00223811
17.1788 0.00221515
17.2078 0.00219242
17.2368 0.00216992
17.2658 0.00214764
17.2948 0.0021256
17.3238 0.00210377
17.3527 0.00208216
17.3817 0.00206078
17.4107 0.00203961
17.4397 0.00201865
17.4687 0.0019979
17.4977 0.00197737
17.5267 0.00195704
17.5557 0.00193692
17.5847 0.001917
17.6137 0.00189729
17.6427 0.00187777
17.6717 0.00185845
17.7007 0.00183933
17.7297 0.0018204
17.7586 0.00180166
17.7876 0.00178311
17.8166 0.00176476
17.8456 0.00174658
17.8746 0.00172859
17.9036 0.00171079
17.9326 0.00169316
17.9616 0.00167572
17.9906 0.00165845
18.0196 0.00164135
18.0486 0.00162443
18.0776 0.00160769
18.1066 0.00159111
18.1355 0.0015747
18.1645 0.00155846
18.1935 0.00154238
18.2225 0.00152647
18.2515 0.00151071
18.2805 0.00149512
18.3095 0.00147969
18.3385 0.00146441
18.3675 0.00144929
18.3965 0.00143433
18.4255 0.00141951
18.4545 0.00140485
18.4835 0.00139034
18.5124 0.00137597
18.5414 0.00136175
18.5704 0.00134768
18.5994 0.00133375
18.6284 0.00131996
18.6574 0.00130631
18.6864 0.0012928
18.7154 0.00127943
18.7444 0.0012662
18.7734 0.0012531
18.8024 0.00124013
18.8314 0.0012273
18.8604 0.0012146
18.8894 0.00120203
18.9183 0.00118958
18.9473 0.00117727
18.9763 0.00116508
19.0053 0.00115301
19.0343 0.00114107
19.0633 0.00112925
19.0923 0.00111755
19.1213 0.00110597
19.1503 0.00109451
19.1793 0.00108316
19.2083 0.00107194
19.2373 0.00106082
19.2663 0.00104982
19.2952 0.00103894
19.3242 0.00102816
19.3532 0.0010175
19.3822 0.00100694
19.4112 0.000996497
19.4402 0.000986158
19.4692 0.000975924
19.4982 0.000965795
19.5272 0.00095577
19.5562 0.000945848
19.5852 0.000936028
19.6142 0.000926308
19.6432 0.000916688
19.6721 0.000907167
19.7011 0.000897744
19.7301 0.000888417
19.7591 0.000879187
19.7881 0.000870051
19.8171 0.000861009
19.8461 0.00085206
19.8751 0.000843202
19.9041 0.000834436
19.9331 0.00082576
19.9621 0.000817173
19.9911 0.000808675
20.0201 0.000800264
20.0491 0.000791939
20.078 0.0007837
20.107 0.000775546
20.136 0.000767476
20.165 0.000759488
20.194 0.000751583
20.223 0.00074376
20.252 0.000736017
20.281 0.000728354
20.31 0.000720769
20.339 0.000713263
20.368 0.000705834
20.397 0.000698482
20.426 0.000691205
20.4549 0.000684004
20.4839 0.000676877
20.5129 0.000669823
20.5419 0.000662842
20.5709 0.000655933
20.5999 0.000649095
20.6289 0.000642328
20.6579 0.00063563
20.6869 0.000629002
20.7159 0.000622442
20.7449 0.00061595
20.7739 0.000609525
20.8029 0.000603166
20.8319 0.000596873
20.8608 0.000590645
20.8898 0.000584481
20.9188 0.000578381
20.9478 0.000572344
20.9768 0.00056637
21.0058 0.000560457
21.0348 0.000554605
21.0638 0.000548814
21.0928 0.000543083
21.1218 0.00053741
21.1508 0.000531797
21.1798 0.000526242
21.2088 0.000520744
21.2377 0.000515303
21.2667 0.000509918
21.2957 0.000504589
21.3247 0.000499315
21.3537 0.000494096
21.3827 0.000488931
21.4117 0.000483819
21.4407 0.000478761
21.4697 0.000473754
21.4987 0.0004688
21.5277 0.000463897
21.5567 0.000459045
21.5857 0.000454243
21.6146 0.00044949
21.6436 0.000444787
21.6726 0.000440133
21.7016 0.000435527
21.7306 0.000430969
21.7596 0.000426458
21.7886 0.000421994
21.8176 0.000417576
21.8466 0.000413204
21.8756 0.000408878
21.9046 0.000404596
21.9336 0.000400359
21.9626 0.000396165
21.9916 0.000392016
22.0205 0.000387909
22.0495 0.000383845
22.0785 0.000379823
22.1075 0.000375843
22.1365 0.000371904
22.1655 0.000368006
22.1945 0.000364149
22.2235 0.000360332
22.2525 0.000356555
22.2815 0.000352816
22.3105 0.000349117
22.3395 0.000345456
22.3685 0.000341833
22.3974 0.000338248
22.4264 0.0003347
22.4554 0.000331189
22.4844 0.000327714
22.5134 0.000324276
22.5424 0.000320874
22.5714 0.000317506
22.6004 0.000314174
22.6294 0.000310877
22.6584 0.000307614
22.6874 0.000304385
22.7164 0.000301189
22.7454 0.000298027
22.7744 0.000294898
22.8033 0.000291801
22.8323 0.000288737
22.8613 0.000285704
22.8903 0.000282703
22.9193 0.000279733
22.9483 0.000276795
22.9773 0.000273887
23.0063 0.000271009
23.0353 0.000268161
23.0643 0.000265343
23.0933 0.000262554
23.1223 0.000259795
23.1513 0.000257064
23.1802 0.000254362
23.2092 0.000251687
23.2382 0.000249041
23.2672 0.000246423
23.2962 0.000243831
23.3252 0.000241267
23.3542 0.000238729
23.3832 0.000236218
23.4122 0.000233734
23.4412 0.000231275
23.4702 0.000228841
23.4992 0.000226434
23.5282 0.000224051
23.5571 0.000221693
23.5861 0.00021936
23.6151 0.000217051
23.6441 0.000214767
23.6731 0.000212506
23.7021 0.000210269
23.7311 0.000208055
23.7601 0.000205864
23.7891 0.000203697
23.8181 0.000201552
23.8471 0.000199429
23.8761 0.000197328
23.9051 0.00019525
23.9341 0.000193193
23.963 0.000191158
23.992 0.000189144
24.021 0.000187151
24.05 0.000185179
24.079 0.000183228
24.108 0.000181297
24.137 0.000179386
24.166 0.000177495
24.195 0.000175624
24.224 0.000173773
24.253 0.000171941
24.282 0.000170128
24.311 0.000168334
24.3399 0.000166559
24.3689 0.000164802
24.3979 0.000163064
24.4269 0.000161344
24.4559 0.000159643
24.4849 0.000157958
24.5139 0.000156292
24.5429 0.000154643
24.5719 0.000153011
24.6009 0.000151397
24.6299 0.000149799
24.6589 0.000148218
24.6879 0.000146654
24.7168 0.000145106
24.7458 0.000143575
24.7748 0.000142059
24.8038 0.000140559
24.8328 0.000139075
24.8618 0.000137607
24.8908 0.000136154
24.9198 0.000134716
24.9488 0.000133293
24.9778 0.000131885
25.0068 0.000130492
25.0358 0.000129114
25.0648 0.00012775
25.0938 0.000126401
25.1227 0.000125065
25.1517 0.000123744
25.1807 0.000122436
25.2097 0.000121142
25.2387 0.000119862
25.2677 0.000118595
25.2967 0.000117342
25.3257 0.000116102
25.3547 0.000114874
25.3837 0.00011366
25.4127 0.000112458
25.4417 0.000111269
25.4707 0.000110093
25.4996 0.000108929
25.5286 0.000107777
25.5576 0.000106637
25.5866 0.000105509
25.6156 0.000104393
25.6446 0.000103289
25.6736 0.000102196
25.7026 0.000101115
25.7316 0.000100045
25.7606 9.89868e-05
25.7896 9.79394e-05
25.8186 9.6903e-05
25.8476 9.58775e-05
25.8766 9.48628e-05
25.9055 9.38588e-05
25.9345 9.28654e-05
25.9635 9.18824e-05
25.9925 9.09097e-05
26.0215 8.99473e-05
26.0505 8.8995e-05
26.0795 8.80528e-05
26.1085 8.71204e-05
26.1375 8.61979e-05
26.1665 8.52851e-05
26.1955 8.43819e-05
26.2245 8.34882e-05
26.2535 8.26039e-05
26.2824 8.17289e-05
26.3114 8.08632e-05
26.3404 8.00065e-05
26.3694 7.91589e-05
26.3984 7.83202e-05
26.4274 7.74904e-05
26.4564 7.66693e-05
26.4854 7.58568e-05
26.5144 7.50529e-05
26.5434 7.42575e-05
26.5724 7.34704e-05
26.6014 7.26917e-05
26.6304 7.19212e-05
26.6593 7.11587e-05
26.6883 7.04044e-05
26.7173 6.96579e-05
26.7463 6.89194e-05
26.7753 6.81886e-05
26.8043 6.74656e-05
26.8333 6.67501e-05
26.8623 6.60422e-05
26.8913 6.53418e-05
26.9203 6.46488e-05
26.9493 6.39631e-05
26.9783 6.32846e-05
27.0073 6.26132e-05
27.0363 6.1949e-05
27.0652 6.12918e-05
27.0942 6.06415e-05
27.1232 5.9998e-05
27.1522 5.93614e-05
27.1812 5.87314e-05
27.2102 5.81082e-05
27.2392 5.74915e-05
27.2682 5.68813e-05
27.2972 5.62775e-05
27.3262 5.56802e-05
27.3552 5.50891e-05
27.3842 5.45043e-05
27.4132 5.39256e-05
27.4421 5.33531e-05
27.4711 5.27866e-05
27.5001 5.22261e-05
27.5291 5.16715e-05
27.5581 5.11228e-05
27.5871 5.05799e-05
27.6161 5.00427e-05
27.6451 4.95112e-05
27.6741 4.89853e-05
27.7031 4.84649e-05
27.7321 4.79501e-05
27.7611 4.74407e-05
27.7901 4.69367e-05
27.819 4.6438e-05
27.848 4.59446e-05
27.877 4.54564e-05
27.906 4.49734e-05
27.935 4.44954e-05
27.964 4.40226e-05
27.993 4.35547e-05
28.022 4.30918e-05
28.051 4.26337e-05
28.08 4.21805e-05
28.109 4.17322e-05
28.138 4.12885e-05
28.167 4.08495e-05
28.196 4.04152e-05
28.2249 3.99855e-05
28.2539 3.95604e-05
