-5.38847 4.72005e-05
-5.37671 4.83719e-05
-5.36495 4.95723e-05
-5.35319 5.08022e-05
-5.34142 5.20623e-05
-5.32966 5.33535e-05
-5.3179 5.46765e-05
-5.30614 5.60321e-05
-5.29438 5.7421e-05
-5.28262 5.8844e-05
-5.27085 6.0302e-05
-5.25909 6.17959e-05
-5.24733 6.33265e-05
-5.23557 6.48948e-05
-5.22381 6.65015e-05
-5.21204 6.81477e-05
-5.20028 6.98343e-05
-5.18852 7.15624e-05
-5.17676 7.33328e-05
-5.165 7.51467e-05
-5.15324 7.70051e-05
-5.14147 7.89091e-05
-5.12971 8.08597e-05
-5.11795 8.28582e-05
-5.10619 8.49057e-05
-5.09443 8.70033e-05
-5.08266 8.91523e-05
-5.0709 9.13539e-05
-5.05914 9.36094e-05
-5.04738 9.59202e-05
-5.03562 9.82874e-05
-5.02385 0.000100713
-5.01209 0.000103197
-5.00033 0.000105742
-4.98857 0.00010835
-4.97681 0.000111021
-4.96505 0.000113757
-4.95328 0.000116561
-4.94152 0.000119432
-4.92976 0.000122374
-4.918 0.000125388
-4.90624 0.000128475
-4.89447 0.000131637
-4.88271 0.000134877
-4.87095 0.000138195
-4.85919 0.000141595
-4.84743 0.000145077
-4.83567 0.000148644
-4.8239 0.000152298
-4.81214 0.00015604
-4.80038 0.000159874
-4.78862 0.000163801
-4.77686 0.000167824
-4.76509 0.000171944
-4.75333 0.000176165
-4.74157 0.000180488
-4.72981 0.000184916
-4.71805 0.000189452
-4.70629 0.000194097
-4.69452 0.000198856
-4.68276 0.00020373
-4.671 0.000208722
-4.65924 0.000213835
-4.64748 0.000219072
-4.63571 0.000224435
-4.62395 0.000229929
-4.61219 0.000235556
-4.60043 0.000241319
-4.58867 0.000247221
-4.57691 0.000253266
-4.56514 0.000259458
-4.55338 0.000265799
-4.54162 0.000272293
-4.52986 0.000278944
-4.5181 0.000285755
-4.50633 0.000292731
-4.49457 0.000299876
-4.48281 0.000307192
-4.47105 0.000314685
-4.45929 0.000322359
-4.44753 0.000330217
-4.43576 0.000338265
-4.424 0.000346506
-4.41224 0.000354946
-4.40048 0.000363589
-4.38872 0.00037244
-4.37695 0.000381503
-4.36519 0.000390785
-4.35343 0.000400289
-4.34167 0.000410021
-4.32991 0.000419987
-4.31815 0.000430192
-4.30638 0.000440642
-4.29462 0.000451342
-4.28286 0.000462299
-4.2711 0.000473518
-4.25934 0.000485006
-4.24757 0.000496768
-4.23581 0.000508813
-4.22405 0.000521145
-4.21229 0.000533771
-4.20053 0.0005467
-4.18877 0.000559937
-4.177 0.000573491
-4.16524 0.000587367
-4.15348 0.000601575
-4.14172 0.000616122
-4.12996 0.000631015
-4.11819 0.000646262
-4.10643 0.000661873
-4.09467 0.000677855
-4.08291 0.000694218
-4.07115 0.000710969
-4.05938 0.000728119
-4.04762 0.000745676
-4.03586 0.00076365
-4.0241 0.00078205
-4.01234 0.000800887
-4.00058 0.00082017
-3.98881 0.00083991
-3.97705 0.000860118
-3.96529 0.000880804
-3.95353 0.000901979
-3.94177 0.000923655
-3.93 0.000945844
-3.91824 0.000968557
-3.90648 0.000991806
-3.89472 0.0010156
-3.88296 0.00103996
-3.8712 0.0010649
-3.85943 0.00109042
-3.84767 0.00111654
-3.83591 0.00114327
-3.82415 0.00117064
-3.81239 0.00119865
-3.80062 0.00122731
-3.78886 0.00125665
-3.7771 0.00128668
-3.76534 0.00131742
-3.75358 0.00134887
-3.74182 0.00138106
-3.73005 0.001414
-3.71829 0.00144772
-3.70653 0.00148222
-3.69477 0.00151753
-3.68301 0.00155366
-3.67124 0.00159064
-3.65948 0.00162848
-3.64772 0.00166721
-3.63596 0.00170683
-3.6242 0.00174738
-3.61244 0.00178887
-3.60067 0.00183133
-3.58891 0.00187477
-3.57715 0.00191922
-3.56539 0.0019647
-3.55363 0.00201124
-3.54186 0.00205886
-3.5301 0.00210758
-3.51834 0.00215742
-3.50658 0.00220843
-3.49482 0.0022606
-3.48306 0.00231399
-3.47129 0.0023686
-3.45953 0.00242448
-3.44777 0.00248164
-3.43601 0.00254012
-3.42425 0.00259995
-3.41248 0.00266115
-3.40072 0.00272376
-3.38896 0.0027878
-3.3772 0.00285331
-3.36544 0.00292033
-3.35368 0.00298888
-3.34191 0.003059
-3.33015 0.00313072
-3.31839 0.00320408
-3.30663 0.00327912
-3.29487 0.00335587
-3.2831 0.00343437
-3.27134 0.00351465
-3.25958 0.00359676
-3.24782 0.00368074
-3.23606 0.00376663
-3.2243 0.00385447
-3.21253 0.00394429
-3.20077 0.00403615
-3.18901 0.0041301
-3.17725 0.00422616
-3.16549 0.0043244
-3.15372 0.00442485
-3.14196 0.00452757
-3.1302 0.0046326
-3.11844 0.00474
-3.10668 0.00484981
-3.09492 0.00496208
-3.08315 0.00507688
-3.07139 0.00519425
-3.05963 0.00531425
-3.04787 0.00543693
-3.03611 0.00556235
-3.02434 0.00569058
-3.01258 0.00582166
-3.00082 0.00595567
-2.98906 0.00609265
-2.9773 0.00623268
-2.96553 0.00637582
-2.95377 0.00652214
-2.94201 0.00667169
-2.93025 0.00682456
-2.91849 0.0069808
-2.90673 0.00714049
-2.89496 0.00730371
-2.8832 0.00747052
-2.87144 0.00764099
-2.85968 0.00781522
-2.84792 0.00799326
-2.83615 0.00817521
-2.82439 0.00836114
-2.81263 0.00855114
-2.80087 0.00874528
-2.78911 0.00894366
-2.77735 0.00914635
-2.76558 0.00935345
-2.75382 0.00956505
-2.74206 0.00978124
-2.7303 0.0100021
-2.71854 0.0102278
-2.70677 0.0104583
-2.69501 0.0106938
-2.68325 0.0109343
-2.67149 0.0111801
-2.65973 0.0114311
-2.64797 0.0116875
-2.6362 0.0119493
-2.62444 0.0122168
-2.61268 0.01249
-2.60092 0.012769
-2.58916 0.0130539
-2.57739 0.0133449
-2.56563 0.013642
-2.55387 0.0139455
-2.54211 0.0142553
-2.53035 0.0145717
-2.51859 0.0148947
-2.50682 0.0152246
-2.49506 0.0155613
-2.4833 0.0159051
-2.47154 0.0162561
-2.45978 0.0166144
-2.44801 0.0169802
-2.43625 0.0173536
-2.42449 0.0177347
-2.41273 0.0181237
-2.40097 0.0185208
-2.38921 0.018926
-2.37744 0.0193396
-2.36568 0.0197617
-2.35392 0.0201924
-2.34216 0.0206319
-2.3304 0.0210804
-2.31863 0.0215381
-2.30687 0.022005
-2.29511 0.0224814
-2.28335 0.0229674
-2.27159 0.0234633
-2.25983 0.0239691
-2.24806 0.0244851
-2.2363 0.0250115
-2.22454 0.0255483
-2.21278 0.0260959
-2.20102 0.0266543
-2.18925 0.0272239
-2.17749 0.0278047
-2.16573 0.0283969
-2.15397 0.0290008
-2.14221 0.0296166
-2.13045 0.0302444
-2.11868 0.0308845
-2.10692 0.0315371
-2.09516 0.0322023
-2.0834 0.0328804
-2.07164 0.0335716
-2.05987 0.034276
-2.04811 0.034994
-2.03635 0.0357257
-2.02459 0.0364714
-2.01283 0.0372312
-2.00106 0.0380054
-1.9893 0.0387943
-1.97754 0.039598
-1.96578 0.0404167
-1.95402 0.0412507
-1.94226 0.0421003
-1.93049 0.0429656
-1.91873 0.0438469
-1.90697 0.0447445
-1.89521 0.0456585
-1.88345 0.0465892
-1.87168 0.0475368
-1.85992 0.0485017
-1.84816 0.0494839
-1.8364 0.0504838
-1.82464 0.0515017
-1.81288 0.0525376
-1.80111 0.053592
-1.78935 0.054665
-1.77759 0.0557569
-1.76583 0.0568679
-1.75407 0.0579983
-1.7423 0.0591483
-1.73054 0.0603181
-1.71878 0.061508
-1.70702 0.0627183
-1.69526 0.0639492
-1.6835 0.0652009
-1.67173 0.0664737
-1.65997 0.0677677
-1.64821 0.0690833
-1.63645 0.0704207
-1.62469 0.0717801
-1.61292 0.0731617
-1.60116 0.0745658
-1.5894 0.0759926
-1.57764 0.0774422
-1.56588 0.0789151
-1.55412 0.0804113
-1.54235 0.081931
-1.53059 0.0834745
-1.51883 0.085042
-1.50707 0.0866337
-1.49531 0.0882497
-1.48354 0.0898903
-1.47178 0.0915556
-1.46002 0.0932459
-1.44826 0.0949612
-1.4365 0.0967018
-1.42474 0.0984679
-1.41297 0.100259
-1.40121 0.102077
-1.38945 0.10392
-1.37769 0.105789
-1.36593 0.107684
-1.35416 0.109606
-1.3424 0.111554
-1.33064 0.113528
-1.31888 0.115529
-1.30712 0.117556
-1.29536 0.11961
-1.28359 0.12169
-1.27183 0.123797
-1.26007 0.125931
-1.24831 0.128092
-1.23655 0.130279
-1.22478 0.132494
-1.21302 0.134734
-1.20126 0.137002
-1.1895 0.139296
-1.17774 0.141616
-1.16598 0.143963
-1.15421 0.146336
-1.14245 0.148736
-1.13069 0.151161
-1.11893 0.153612
-1.10717 0.156089
-1.0954 0.158592
-1.08364 0.161119
-1.07188 0.163672
-1.06012 0.166249
-1.04836 0.168851
-1.03659 0.171477
-1.02483 0.174127
-1.01307 0.1768
-1.00131 0.179496
-0.989548 0.182216
-0.977786 0.184957
-0.966024 0.18772
-0.954262 0.190505
-0.9425 0.19331
-0.930738 0.196136
-0.918977 0.198982
-0.907215 0.201846
-0.895453 0.20473
-0.883691 0.207632
-0.871929 0.21055
-0.860167 0.213486
-0.848406 0.216438
-0.836644 0.219404
-0.824882 0.222386
-0.81312 0.225381
-0.801358 0.228389
-0.789597 0.231409
-0.777835 0.23444
-0.766073 0.237481
-0.754311 0.240532
-0.742549 0.243591
-0.730787 0.246657
-0.719026 0.24973
-0.707264 0.252808
-0.695502 0.255891
-0.68374 0.258977
-0.671978 0.262064
-0.660216 0.265153
-0.648455 0.268241
-0.636693 0.271328
-0.624931 0.274413
-0.613169 0.277493
-0.601407 0.280568
-0.589645 0.283637
-0.577884 0.286698
-0.566122 0.28975
-0.55436 0.292791
-0.542598 0.295821
-0.530836 0.298837
-0.519074 0.301839
-0.507313 0.304825
-0.495551 0.307793
-0.483789 0.310743
-0.472027 0.313672
-0.460265 0.316579
-0.448503 0.319463
-0.436742 0.322322
-0.42498 0.325155
-0.413218 0.32796
-0.401456 0.330735
-0.389694 0.33348
-0.377932 0.336193
-0.366171 0.338872
-0.354409 0.341516
-0.342647 0.344122
-0.330885 0.346691
-0.319123 0.34922
-0.307362 0.351708
-0.2956 0.354153
-0.283838 0.356554
-0.272076 0.358909
-0.260314 0.361218
-0.248552 0.363478
-0.236791 0.365689
-0.225029 0.367848
-0.213267 0.369956
-0.201505 0.372009
-0.189743 0.374008
-0.177981 0.375951
-0.16622 0.377837
-0.154458 0.379664
-0.142696 0.381431
-0.130934 0.383138
-0.119172 0.384783
-0.10741 0.386366
-0.0956486 0.387885
-0.0838868 0.389339
-0.0721249 0.390728
-0.0603631 0.39205
-0.0486013 0.393306
-0.0368394 0.394493
-0.0250776 0.395612
-0.0133158 0.396662
-0.00155395 0.397642
0.0102079 0.398552
0.0219697 0.399391
0.0337315 0.400158
0.0454934 0.400855
0.0572552 0.401479
0.069017 0.402031
0.0807789 0.40251
0.0925407 0.402917
0.104303 0.403251
0.116064 0.403513
0.127826 0.403702
0.139588 0.403817
0.15135 0.403861
0.163112 0.403832
0.174873 0.40373
0.186635 0.403557
0.198397 0.403312
0.210159 0.402996
0.221921 0.402609
0.233683 0.402151
0.245444 0.401624
0.257206 0.401027
0.268968 0.400361
0.28073 0.399628
0.292492 0.398827
0.304254 0.397959
0.316015 0.397025
0.327777 0.396027
0.339539 0.394964
0.351301 0.393838
0.363063 0.392649
0.374825 0.391399
0.386586 0.390089
0.398348 0.388719
0.41011 0.387291
0.421872 0.385806
0.433634 0.384265
0.445396 0.382668
0.457157 0.381018
0.468919 0.379315
0.480681 0.377561
0.492443 0.375756
0.504205 0.373902
0.515967 0.372001
0.527728 0.370053
0.53949 0.36806
0.551252 0.366023
0.563014 0.363943
0.574776 0.361822
0.586538 0.35966
0.598299 0.357461
0.610061 0.355223
0.621823 0.35295
0.633585 0.350641
0.645347 0.3483
0.657108 0.345926
0.66887 0.343521
0.680632 0.341086
0.692394 0.338624
0.704156 0.336134
0.715918 0.333619
0.727679 0.331079
0.739441 0.328516
0.751203 0.325931
0.762965 0.323325
0.774727 0.3207
0.786489 0.318057
0.79825 0.315397
0.810012 0.312721
0.821774 0.31003
0.833536 0.307326
0.845298 0.304609
0.85706 0.301882
0.868821 0.299144
0.880583 0.296397
0.892345 0.293641
0.904107 0.290879
0.915869 0.288112
0.927631 0.285339
0.939392 0.282562
0.951154 0.279782
0.962916 0.277001
0.974678 0.274218
0.98644 0.271435
0.998202 0.268652
1.00996 0.265872
1.02173 0.263093
1.03349 0.260318
1.04525 0.257547
1.05701 0.254781
1.06877 0.25202
1.08053 0.249266
1.0923 0.246519
1.10406 0.243779
1.11582 0.241048
1.12758 0.238326
1.13934 0.235613
1.15111 0.232911
1.16287 0.23022
1.17463 0.22754
1.18639 0.224872
1.19815 0.222216
1.20991 0.219574
1.22168 0.216945
1.23344 0.21433
1.2452 0.21173
1.25696 0.209144
1.26872 0.206574
1.28049 0.20402
1.29225 0.201481
1.30401 0.198959
1.31577 0.196454
1.32753 0.193966
1.33929 0.191496
1.35106 0.189043
1.36282 0.186608
1.37458 0.184192
1.38634 0.181794
1.3981 0.179415
1.40987 0.177055
1.42163 0.174714
1.43339 0.172393
1.44515 0.170091
1.45691 0.167809
1.46867 0.165547
1.48044 0.163305
1.4922 0.161083
1.50396 0.158882
1.51572 0.156701
1.52748 0.154541
1.53925 0.152401
1.55101 0.150281
1.56277 0.148183
1.57453 0.146105
1.58629 0.144049
1.59805 0.142013
1.60982 0.139998
1.62158 0.138004
1.63334 0.136031
1.6451 0.134079
1.65686 0.132147
1.66863 0.130237
1.68039 0.128348
1.69215 0.126479
1.70391 0.124631
1.71567 0.122804
1.72743 0.120998
1.7392 0.119212
1.75096 0.117447
1.76272 0.115703
1.77448 0.113979
1.78624 0.112275
1.79801 0.110592
1.80977 0.108929
1.82153 0.107285
1.83329 0.105662
1.84505 0.104059
1.85682 0.102476
1.86858 0.100912
1.88034 0.0993679
1.8921 0.0978432
1.90386 0.0963377
1.91562 0.0948515
1.92739 0.0933843
1.93915 0.0919361
1.95091 0.0905066
1.96267 0.0890958
1.97443 0.0877035
1.9862 0.0863296
1.99796 0.0849739
2.00972 0.0836363
2.02148 0.0823166
2.03324 0.0810147
2.045 0.0797304
2.05677 0.0784636
2.06853 0.0772141
2.08029 0.0759817
2.09205 0.0747664
2.10381 0.0735679
2.11558 0.0723861
2.12734 0.0712208
2.1391 0.0700719
2.15086 0.0689391
2.16262 0.0678225
2.17438 0.0667217
2.18615 0.0656366
2.19791 0.0645671
2.20967 0.0635129
2.22143 0.062474
2.23319 0.0614501
2.24496 0.0604412
2.25672 0.059447
2.26848 0.0584673
2.28024 0.0575021
2.292 0.0565511
2.30376 0.0556142
2.31553 0.0546912
2.32729 0.0537819
2.33905 0.0528863
2.35081 0.0520041
2.36257 0.0511352
2.37434 0.0502794
2.3861 0.0494365
2.39786 0.0486065
2.40962 0.0477891
2.42138 0.0469842
2.43314 0.0461916
2.44491 0.0454112
2.45667 0.0446429
2.46843 0.0438864
2.48019 0.0431416
2.49195 0.0424084
2.50372 0.0416866
2.51548 0.0409761
2.52724 0.0402767
2.539 0.0395882
2.55076 0.0389107
2.56252 0.0382438
2.57429 0.0375874
2.58605 0.0369414
2.59781 0.0363057
2.60957 0.0356802
2.62133 0.0350646
2.6331 0.0344588
2.64486 0.0338628
2.65662 0.0332763
2.66838 0.0326993
2.68014 0.0321316
2.6919 0.031573
2.70367 0.0310235
2.71543 0.030483
2.72719 0.0299512
2.73895 0.0294281
2.75071 0.0289135
2.76248 0.0284074
2.77424 0.0279095
2.786 0.0274199
2.79776 0.0269383
2.80952 0.0264646
2.82129 0.0259987
2.83305 0.0255406
2.84481 0.0250901
2.85657 0.024647
2.86833 0.0242113
2.88009 0.0237829
2.89186 0.0233616
2.90362 0.0229474
2.91538 0.0225401
2.92714 0.0221396
2.9389 0.0217458
2.95067 0.0213587
2.96243 0.0209781
2.97419 0.020604
2.98595 0.0202361
2.99771 0.0198745
3.00947 0.019519
3.02124 0.0191696
3.033 0.0188261
3.04476 0.0184885
3.05652 0.0181566
3.06828 0.0178304
3.08005 0.0175097
3.09181 0.0171946
3.10357 0.0168848
3.11533 0.0165804
3.12709 0.0162812
3.13885 0.0159872
3.15062 0.0156982
3.16238 0.0154143
3.17414 0.0151352
3.1859 0.014861
3.19766 0.0145915
3.20943 0.0143267
3.22119 0.0140665
3.23295 0.0138108
3.24471 0.0135596
3.25647 0.0133128
3.26823 0.0130702
3.28 0.012832
3.29176 0.0125978
3.30352 0.0123678
3.31528 0.0121418
3.32704 0.0119198
3.33881 0.0117017
3.35057 0.0114874
3.36233 0.0112769
3.37409 0.0110702
3.38585 0.010867
3.39761 0.0106675
3.40938 0.0104715
3.42114 0.0102789
3.4329 0.0100898
3.44466 0.00990402
3.45642 0.00972155
3.46819 0.00954232
3.47995 0.00936629
3.49171 0.00919339
3.50347 0.00902357
3.51523 0.00885678
3.52699 0.00869297
3.53876 0.0085321
3.55052 0.0083741
3.56228 0.00821893
3.57404 0.00806655
3.5858 0.0079169
3.59757 0.00776994
3.60933 0.00762562
3.62109 0.0074839
3.63285 0.00734473
3.64461 0.00720808
3.65637 0.00707388
3.66814 0.00694211
3.6799 0.00681272
3.69166 0.00668568
3.70342 0.00656093
3.71518 0.00643844
3.72695 0.00631817
3.73871 0.00620009
3.75047 0.00608415
3.76223 0.00597032
3.77399 0.00585855
3.78576 0.00574883
3.79752 0.0056411
3.80928 0.00553533
3.82104 0.0054315
3.8328 0.00532956
3.84456 0.00522948
3.85633 0.00513123
3.86809 0.00503478
3.87985 0.0049401
3.89161 0.00484715
3.90337 0.00475591
3.91514 0.00466634
3.9269 0.00457841
3.93866 0.0044921
3.95042 0.00440738
3.96218 0.00432422
3.97394 0.00424258
3.98571 0.00416245
3.99747 0.0040838
4.00923 0.0040066
4.02099 0.00393083
4.03275 0.00385645
4.04452 0.00378345
4.05628 0.0037118
4.06804 0.00364147
4.0798 0.00357245
4.09156 0.00350471
4.10332 0.00343822
4.11509 0.00337297
4.12685 0.00330892
4.13861 0.00324607
4.15037 0.00318438
4.16213 0.00312385
4.1739 0.00306443
4.18566 0.00300613
4.19742 0.00294891
4.20918 0.00289276
4.22094 0.00283765
4.2327 0.00278357
4.24447 0.0027305
4.25623 0.00267843
4.26799 0.00262732
4.27975 0.00257717
4.29151 0.00252796
4.30328 0.00247968
4.31504 0.00243229
4.3268 0.0023858
4.33856 0.00234017
4.35032 0.0022954
4.36208 0.00225147
4.37385 0.00220837
4.38561 0.00216608
4.39737 0.00212458
4.40913 0.00208386
4.42089 0.00204391
4.43266 0.00200471
4.44442 0.00196625
4.45618 0.00192851
4.46794 0.00189148
4.4797 0.00185515
4.49146 0.00181951
4.50323 0.00178454
4.51499 0.00175023
4.52675 0.00171657
4.53851 0.00168355
4.55027 0.00165115
4.56204 0.00161936
4.5738 0.00158818
4.58556 0.00155758
4.59732 0.00152757
4.60908 0.00149812
4.62084 0.00146924
4.63261 0.0014409
4.64437 0.0014131
4.65613 0.00138582
4.66789 0.00135907
4.67965 0.00133282
4.69142 0.00130707
4.70318 0.00128181
4.71494 0.00125704
4.7267 0.00123273
4.73846 0.00120889
4.75023 0.0011855
4.76199 0.00116255
4.77375 0.00114005
4.78551 0.00111797
4.79727 0.00109631
4.80903 0.00107507
4.8208 0.00105424
4.83256 0.0010338
4.84432 0.00101375
4.85608 0.000994084
4.86784 0.000974795
4.87961 0.000955875
4.89137 0.000937317
4.90313 0.000919115
4.91489 0.000901261
4.92665 0.000883749
4.93841 0.000866573
4.95018 0.000849726
4.96194 0.000833202
4.9737 0.000816995
4.98546 0.0008011
4.99722 0.000785509
5.00899 0.000770218
5.02075 0.00075522
5.03251 0.000740511
5.04427 0.000726085
5.05603 0.000711936
5.06779 0.000698059
5.07956 0.00068445
5.09132 0.000671102
5.10308 0.000658011
5.11484 0.000645173
5.1266 0.000632582
5.13837 0.000620233
5.15013 0.000608123
5.16189 0.000596246
5.17365 0.000584599
5.18541 0.000573176
5.19717 0.000561974
5.20894 0.000550988
5.2207 0.000540214
5.23246 0.000529649
5.24422 0.000519287
5.25598 0.000509126
5.26775 0.000499162
5.27951 0.00048939
5.29127 0.000479808
5.30303 0.000470411
5.31479 0.000461196
5.32655 0.000452159
5.33832 0.000443298
5.35008 0.000434608
5.36184 0.000426087
5.3736 0.000417731
5.38536 0.000409537
5.39713 0.000401502
5.40889 0.000393623
5.42065 0.000385897
5.43241 0.000378321
5.44417 0.000370892
5.45593 0.000363608
5.4677 0.000356465
5.47946 0.000349461
5.49122 0.000342593
5.50298 0.000335859
5.51474 0.000329256
5.52651 0.000322781
5.53827 0.000316432
5.55003 0.000310207
5.56179 0.000304103
5.57355 0.000298118
5.58531 0.00029225
5.59708 0.000286496
5.60884 0.000280854
5.6206 0.000275322
5.63236 0.000269899
5.64412 0.000264581
5.65589 0.000259366
5.66765 0.000254254
5.67941 0.000249241
5.69117 0.000244326
5.70293 0.000239508
5.7147 0.000234783
5.72646 0.000230151
5.73822 0.000225609
5.74998 0.000221156
5.76174 0.00021679
5.7735 0.00021251
5.78527 0.000208313
5.79703 0.000204199
5.80879 0.000200165
5.82055 0.00019621
5.83231 0.000192332
5.84408 0.00018853
5.85584 0.000184803
5.8676 0.000181149
5.87936 0.000177567
5.89112 0.000174055
5.90288 0.000170611
5.91465 0.000167235
5.92641 0.000163926
5.93817 0.000160681
5.94993 0.0001575
5.96169 0.000154382
5.97346 0.000151325
5.98522 0.000148327
5.99698 0.000145389
6.00874 0.000142508
6.0205 0.000139684
6.03226 0.000136916
6.04403 0.000134202
6.05579 0.000131541
6.06755 0.000128933
6.07931 0.000126376
6.09107 0.000123869
6.10284 0.000121411
6.1146 0.000119002
6.12636 0.000116641
6.13812 0.000114326
6.14988 0.000112056
6.16164 0.000109831
6.17341 0.00010765
6.18517 0.000105512
6.19693 0.000103416
6.20869 0.000101362
6.22045 9.93479e-05
6.23222 9.73736e-05
6.24398 9.54382e-05
6.25574 9.3541e-05
6.2675 9.16813e-05
6.27926 8.98583e-05
6.29102 8.80712e-05
6.30279 8.63194e-05
6.31455 8.46023e-05
6.32631 8.2919e-05
6.33807 8.1269e-05
6.34983 7.96516e-05
6.3616 7.80661e-05
