0.266953 0.0011433
0.466945 0.00213818
0.666938 0.00343234
0.86693 0.00492048
1.06692 0.00650101
1.26691 0.00809815
1.46691 0.00966279
1.6669 0.0111661
1.86689 0.0125928
2.06688 0.0139363
2.26688 0.0151951
2.46687 0.0163707
2.66686 0.0174663
2.86685 0.0184861
3.06685 0.0194343
3.26684 0.0203155
3.46683 0.021134
3.66682 0.021894
3.86682 0.0225994
4.06681 0.0232539
4.2668 0.0238609
4.46679 0.0244234
4.66679 0.0249445
4.86678 0.0254268
5.06677 0.0258727
5.26676 0.0262845
5.46676 0.0266643
5.66675 0.0270142
5.86674 0.0273358
6.06673 0.0276308
6.26672 0.0279008
6.46672 0.0281472
6.66671 0.0283714
6.8667 0.0285746
7.06669 0.0287579
7.26669 0.0289225
7.46668 0.0290693
7.66667 0.0291993
7.86666 0.0293134
8.06666 0.0294124
8.26665 0.0294971
8.46664 0.0295682
8.66663 0.0296265
8.86663 0.0296726
9.06662 0.029707
9.26661 0.0297305
9.4666 0.0297434
9.6666 0.0297464
9.86659 0.02974
10.0666 0.0297246
10.2666 0.0297006
10.4666 0.0296685
10.6666 0.0296287
10.8665 0.0295815
11.0665 0.0295273
11.2665 0.0294665
11.4665 0.0293993
11.6665 0.0293262
11.8665 0.0292473
12.0665 0.029163
12.2665 0.0290735
12.4665 0.0289791
12.6665 0.0288801
12.8665 0.0287766
13.0665 0.0286689
13.2665 0.0285573
13.4665 0.0284418
13.6664 0.0283228
13.8664 0.0282004
14.0664 0.0280747
14.2664 0.027946
14.4664 0.0278144
14.6664 0.0276801
14.8664 0.0275432
15.0664 0.0274039
15.2664 0.0272623
15.4664 0.0271185
15.6664 0.0269727
15.8664 0.026825
16.0664 0.0266756
16.2663 0.0265244
16.4663 0.0263717
16.6663 0.0262175
16.8663 0.026062
17.0663 0.0259052
17.2663 0.0257472
17.4663 0.0255882
17.6663 0.0254281
17.8663 0.0252672
18.0663 0.0251054
18.2663 0.0249428
18.4663 0.0247796
18.6663 0.0246158
18.8662 0.0244514
19.0662 0.0242865
19.2662 0.0241212
19.4662 0.0239555
19.6662 0.0237896
19.8662 0.0236234
20.0662 0.023457
20.2662 0.0232904
20.4662 0.0231238
20.6662 0.0229571
20.8662 0.0227904
21.0662 0.0226238
21.2662 0.0224572
21.4661 0.0222907
21.6661 0.0221245
21.8661 0.0219584
22.0661 0.0217925
22.2661 0.021627
22.4661 0.0214617
22.6661 0.0212968
22.8661 0.0211322
23.0661 0.020968
23.2661 0.0208042
23.4661 0.0206409
23.6661 0.0204781
23.8661 0.0203157
24.066 0.0201539
24.266 0.0199926
24.466 0.0198319
24.666 0.0196718
24.866 0.0195122
25.066 0.0193533
25.266 0.019195
25.466 0.0190374
25.666 0.0188805
25.866 0.0187242
26.066 0.0185687
26.266 0.0184138
26.466 0.0182597
26.6659 0.0181064
26.8659 0.0179538
27.0659 0.0178019
27.2659 0.0176509
27.4659 0.0175006
27.6659 0.0173511
27.8659 0.0172025
28.0659 0.0170546
28.2659 0.0169076
28.4659 0.0167614
28.6659 0.016616
28.8659 0.0164715
29.0659 0.0163279
29.2659 0.0161851
29.4658 0.0160431
29.6658 0.015902
29.8658 0.0157618
30.0658 0.0156225
30.2658 0.0154841
30.4658 0.0153465
30.6658 0.0152098
30.8658 0.015074
31.0658 0.0149391
31.2658 0.0148051
31.4658 0.014672
31.6658 0.0145398
31.8658 0.0144085
32.0657 0.0142781
32.2657 0.0141486
32.4657 0.01402
32.6657 0.0138923
32.8657 0.0137655
33.0657 0.0136396
33.2657 0.0135146
33.4657 0.0133905
33.6657 0.0132673
33.8657 0.0131451
34.0657 0.0130237
34.2657 0.0129032
34.4657 0.0127836
34.6656 0.0126649
34.8656 0.0125471
35.0656 0.0124302
35.2656 0.0123142
35.4656 0.012199
35.6656 0.0120848
35.8656 0.0119714
36.0656 0.011859
36.2656 0.0117474
36.4656 0.0116366
36.6656 0.0115268
36.8656 0.0114178
37.0656 0.0113097
37.2655 0.0112024
37.4655 0.011096
37.6655 0.0109905
37.8655 0.0108858
38.0655 0.010782
38.2655 0.010679
38.4655 0.0105768
38.6655 0.0104755
38.8655 0.010375
39.0655 0.0102754
39.2655 0.0101766
39.4655 0.0100786
39.6655 0.00998143
39.8654 0.00988507
40.0654 0.00978952
40.2654 0.00969478
40.4654 0.00960084
40.6654 0.0095077
40.8654 0.00941535
41.0654 0.00932379
41.2654 0.00923302
41.4654 0.00914303
41.6654 0.00905381
41.8654 0.00896536
42.0654 0.00887768
42.2654 0.00879076
42.4653 0.0087046
42.6653 0.00861919
42.8653 0.00853453
43.0653 0.00845061
43.2653 0.00836743
43.4653 0.00828499
43.6653 0.00820327
43.8653 0.00812228
44.0653 0.00804201
44.2653 0.00796245
44.4653 0.00788361
44.6653 0.00780547
44.8653 0.00772803
45.0652 0.00765128
45.2652 0.00757523
45.4652 0.00749986
45.6652 0.00742518
45.8652 0.00735117
46.0652 0.00727783
46.2652 0.00720516
46.4652 0.00713316
46.6652 0.00706181
46.8652 0.00699111
47.0652 0.00692106
47.2652 0.00685166
47.4652 0.00678289
47.6652 0.00671476
47.8651 0.00664726
48.0651 0.00658038
48.2651 0.00651412
48.4651 0.00644848
48.6651 0.00638345
48.8651 0.00631902
49.0651 0.00625519
49.2651 0.00619196
49.4651 0.00612933
49.6651 0.00606727
49.8651 0.00600581
50.0651 0.00594491
50.2651 0.0058846
50.465 0.00582485
50.665 0.00576567
50.865 0.00570704
51.065 0.00564897
51.265 0.00559145
51.465 0.00553448
51.665 0.00547805
51.865 0.00542216
52.065 0.0053668
52.265 0.00531197
52.465 0.00525766
52.665 0.00520388
52.865 0.00515061
53.0649 0.00509785
53.2649 0.0050456
53.4649 0.00499385
53.6649 0.0049426
53.8649 0.00489184
54.0649 0.00484157
54.2649 0.0047918
54.4649 0.0047425
54.6649 0.00469368
54.8649 0.00464533
55.0649 0.00459746
55.2649 0.00455005
55.4649 0.0045031
55.6648 0.00445661
55.8648 0.00441057
56.0648 0.00436498
56.2648 0.00431984
56.4648 0.00427514
56.6648 0.00423088
56.8648 0.00418705
57.0648 0.00414365
57.2648 0.00410068
57.4648 0.00405814
57.6648 0.00401601
57.8648 0.00397429
58.0648 0.00393299
58.2647 0.0038921
58.4647 0.00385161
58.6647 0.00381152
58.8647 0.00377183
59.0647 0.00373253
59.2647 0.00369363
59.4647 0.00365511
59.6647 0.00361697
59.8647 0.00357921
60.0647 0.00354183
60.2647 0.00350482
60.4647 0.00346818
60.6647 0.0034319
60.8646 0.00339599
61.0646 0.00336044
61.2646 0.00332524
61.4646 0.0032904
61.6646 0.00325591
61.8646 0.00322176
62.0646 0.00318795
62.2646 0.00315449
62.4646 0.00312136
62.6646 0.00308856
62.8646 0.0030561
63.0646 0.00302396
63.2646 0.00299215
63.4645 0.00296065
63.6645 0.00292948
63.8645 0.00289862
64.0645 0.00286808
64.2645 0.00283784
64.4645 0.00280791
64.6645 0.00277828
64.8645 0.00274895
65.0645 0.00271993
65.2645 0.00269119
65.4645 0.00266275
65.6645 0.0026346
65.8645 0.00260674
66.0645 0.00257915
66.2644 0.00255186
66.4644 0.00252483
66.6644 0.00249809
66.8644 0.00247162
67.0644 0.00244542
67.2644 0.00241948
67.4644 0.00239381
67.6644 0.00236841
67.8644 0.00234327
68.0644 0.00231838
68.2644 0.00229375
68.4644 0.00226937
68.6644 0.00224524
68.8643 0.00222136
69.0643 0.00219773
69.2643 0.00217434
69.4643 0.00215119
69.6643 0.00212828
69.8643 0.0021056
70.0643 0.00208316
70.2643 0.00206095
70.4643 0.00203897
70.6643 0.00201722
70.8643 0.00199569
71.0643 0.00197438
71.2643 0.0019533
71.4642 0.00193243
71.6642 0.00191178
71.8642 0.00189134
72.0642 0.00187112
72.2642 0.00185111
72.4642 0.0018313
72.6642 0.0018117
72.8642 0.0017923
73.0642 0.00177311
73.2642 0.00175411
73.4642 0.00173531
73.6642 0.00171671
73.8642 0.0016983
74.0641 0.00168008
74.2641 0.00166206
74.4641 0.00164422
74.6641 0.00162657
74.8641 0.0016091
75.0641 0.00159181
75.2641 0.00157471
75.4641 0.00155778
75.6641 0.00154104
75.8641 0.00152446
76.0641 0.00150806
76.2641 0.00149183
76.4641 0.00147578
76.664 0.00145989
76.864 0.00144417
77.064 0.00142861
77.264 0.00141321
77.464 0.00139798
77.664 0.00138291
77.864 0.00136799
78.064 0.00135324
78.264 0.00133864
78.464 0.00132419
78.664 0.00130989
78.864 0.00129575
79.064 0.00128175
79.2639 0.0012679
79.4639 0.0012542
79.6639 0.00124064
79.8639 0.00122723
80.0639 0.00121395
80.2639 0.00120082
80.4639 0.00118783
80.6639 0.00117497
80.8639 0.00116225
81.0639 0.00114966
81.2639 0.00113721
81.4639 0.00112489
81.6639 0.0011127
81.8638 0.00110064
82.0638 0.0010887
82.2638 0.0010769
82.4638 0.00106522
82.6638 0.00105366
82.8638 0.00104222
83.0638 0.00103091
83.2638 0.00101972
83.4638 0.00100864
83.6638 0.000997686
83.8638 0.000986846
84.0638 0.000976121
84.2638 0.000965511
84.4638 0.000955013
84.6637 0.000944628
84.8637 0.000934353
85.0637 0.000924187
85.2637 0.00091413
85.4637 0.00090418
85.6637 0.000894336
85.8637 0.000884597
86.0637 0.000874963
86.2637 0.000865431
86.4637 0.000856001
86.6637 0.000846671
86.8637 0.000837442
87.0637 0.000828311
87.2636 0.000819277
87.4636 0.000810341
87.6636 0.0008015
87.8636 0.000792754
88.0636 0.000784101
88.2636 0.000775541
88.4636 0.000767073
88.6636 0.000758695
88.8636 0.000750407
89.0636 0.000742209
89.2636 0.000734098
89.4636 0.000726074
89.6636 0.000718136
89.8635 0.000710284
90.0635 0.000702516
90.2635 0.000694831
90.4635 0.000687229
90.6635 0.000679709
90.8635 0.000672269
91.0635 0.00066491
91.2635 0.000657629
91.4635 0.000650428
91.6635 0.000643303
91.8635 0.000636255
92.0635 0.000629284
92.2635 0.000622387
92.4634 0.000615565
92.6634 0.000608816
92.8634 0.00060214
93.0634 0.000595536
93.2634 0.000589003
93.4634 0.00058254
93.6634 0.000576148
93.8634 0.000569824
94.0634 0.000563569
94.2634 0.000557381
94.4634 0.00055126
94.6634 0.000545206
94.8634 0.000539217
95.0633 0.000533292
95.2633 0.000527432
95.4633 0.000521635
95.6633 0.0005159
95.8633 0.000510228
96.0633 0.000504617
96.2633 0.000499067
96.4633 0.000493577
96.6633 0.000488147
96.8633 0.000482775
97.0633 0.000477462
97.2633 0.000472206
97.4633 0.000467007
97.6632 0.000461865
97.8632 0.000456778
98.0632 0.000451747
98.2632 0.00044677
98.4632 0.000441847
98.6632 0.000436978
98.8632 0.000432162
99.0632 0.000427398
99.2632 0.000422685
99.4632 0.000418024
99.6632 0.000413414
99.8632 0.000408853
100.063 0.000404343
100.263 0.000399881
100.463 0.000395468
100.663 0.000391103
100.863 0.000386785
101.063 0.000382515
101.263 0.000378291
101.463 0.000374113
101.663 0.00036998
101.863 0.000365893
102.063 0.00036185
102.263 0.000357851
102.463 0.000353896
102.663 0.000349984
102.863 0.000346115
103.063 0.000342287
103.263 0.000338502
103.463 0.000334758
103.663 0.000331055
103.863 0.000327392
104.063 0.000323769
104.263 0.000320186
104.463 0.000316642
104.663 0.000313137
104.863 0.00030967
105.063 0.00030624
105.263 0.000302849
105.463 0.000299494
105.663 0.000296177
105.863 0.000292895
106.063 0.000289649
106.263 0.000286439
106.463 0.000283264
106.663 0.000280124
106.863 0.000277019
107.063 0.000273947
107.263 0.000270909
107.463 0.000267904
107.663 0.000264932
107.863 0.000261993
108.063 0.000259086
108.263 0.00025621
108.463 0.000253367
108.663 0.000250554
108.863 0.000247773
109.063 0.000245022
109.263 0.000242301
109.463 0.00023961
109.663 0.000236948
109.863 0.000234316
110.063 0.000231713
110.263 0.000229138
110.463 0.000226591
110.663 0.000224073
110.863 0.000221582
111.063 0.000219119
111.263 0.000216682
111.463 0.000214273
111.663 0.00021189
111.863 0.000209533
112.063 0.000207202
112.263 0.000204897
112.463 0.000202617
112.663 0.000200362
112.863 0.000198132
113.063 0.000195927
113.263 0.000193746
113.463 0.000191589
113.663 0.000189455
113.863 0.000187345
114.063 0.000185259
114.263 0.000183195
114.463 0.000181155
114.663 0.000179136
114.863 0.00017714
115.063 0.000175166
115.263 0.000173214
115.463 0.000171283
115.663 0.000169374
115.863 0.000167485
116.063 0.000165618
116.263 0.000163771
116.463 0.000161944
116.663 0.000160138
116.863 0.000158351
117.063 0.000156585
117.263 0.000154838
117.462 0.00015311
117.662 0.000151401
117.862 0.000149711
118.062 0.00014804
118.262 0.000146387
118.462 0.000144753
118.662 0.000143136
118.862 0.000141538
119.062 0.000139957
119.262 0.000138394
119.462 0.000136848
119.662 0.000135319
119.862 0.000133807
120.062 0.000132311
120.262 0.000130833
120.462 0.00012937
120.662 0.000127924
120.862 0.000126494
121.062 0.00012508
121.262 0.000123681
121.462 0.000122298
121.662 0.00012093
121.862 0.000119578
122.062 0.00011824
122.262 0.000116917
122.462 0.000115609
122.662 0.000114315
122.862 0.000113036
123.062 0.000111771
123.262 0.00011052
123.462 0.000109283
123.662 0.000108059
123.862 0.000106849
124.062 0.000105653
124.262 0.00010447
124.462 0.0001033
124.662 0.000102143
124.862 0.000100998
125.062 9.9867e-05
125.262 9.8748e-05
125.462 9.76416e-05
125.662 9.65474e-05
125.862 9.54653e-05
126.062 9.43953e-05
126.262 9.33372e-05
126.462 9.22908e-05
126.662 9.12561e-05
126.862 9.02329e-05
127.062 8.9221e-05
127.262 8.82204e-05
127.462 8.7231e-05
127.662 8.62525e-05
127.862 8.52849e-05
128.062 8.43281e-05
128.262 8.3382e-05
128.462 8.24464e-05
128.662 8.15211e-05
128.862 8.06062e-05
129.062 7.97015e-05
129.262 7.88069e-05
129.462 7.79222e-05
129.662 7.70473e-05
129.862 7.61822e-05
130.062 7.53268e-05
130.262 7.44809e-05
130.462 7.36444e-05
130.662 7.28172e-05
130.862 7.19992e-05
131.062 7.11904e-05
131.262 7.03906e-05
131.462 6.95997e-05
131.662 6.88176e-05
131.862 6.80442e-05
132.062 6.72795e-05
132.262 6.65233e-05
132.462 6.57755e-05
132.662 6.50361e-05
132.862 6.43049e-05
133.062 6.35818e-05
133.262 6.28669e-05
133.462 6.21599e-05
133.662 6.14608e-05
133.862 6.07696e-05
134.062 6.0086e-05
134.262 5.94101e-05
134.462 5.87417e-05
134.662 5.80808e-05
134.862 5.74272e-05
135.062 5.6781e-05
135.262 5.6142e-05
135.462 5.55101e-05
135.662 5.48853e-05
135.862 5.42675e-05
136.062 5.36566e-05
136.262 5.30525e-05
136.462 5.24551e-05
136.662 5.18645e-05
136.862 5.12804e-05
137.062 5.07029e-05
137.262 5.01318e-05
137.462 4.95671e-05
137.662 4.90088e-05
137.862 4.84566e-05
138.062 4.79107e-05
138.262 4.73709e-05
138.462 4.68371e-05
138.662 4.63093e-05
138.862 4.57874e-05
139.062 4.52713e-05
139.262 4.4761e-05
139.462 4.42564e-05
139.662 4.37575e-05
139.862 4.32641e-05
140.062 4.27763e-05
140.262 4.2294e-05
140.462 4.1817e-05
140.662 4.13454e-05
140.862 4.08791e-05
141.062 4.0418e-05
141.262 3.99621e-05
141.462 3.95113e-05
141.662 3.90655e-05
141.862 3.86247e-05
142.062 3.81889e-05
142.262 3.77579e-05
142.462 3.73318e-05
142.662 3.69105e-05
142.862 3.64939e-05
143.062 3.60819e-05
143.262 3.56746e-05
143.462 3.52719e-05
143.661 3.48736e-05
143.861 3.44799e-05
144.061 3.40905e-05
144.261 3.37056e-05
144.461 3.33249e-05
144.661 3.29485e-05
144.861 3.25764e-05
145.061 3.22084e-05
145.261 3.18445e-05
145.461 3.14848e-05
145.661 3.1129e-05
145.861 3.07773e-05
146.061 3.04295e-05
146.261 3.00857e-05
146.461 2.97456e-05
146.661 2.94094e-05
146.861 2.9077e-05
147.061 2.87483e-05
147.261 2.84234e-05
147.461 2.8102e-05
147.661 2.77843e-05
147.861 2.74701e-05
148.061 2.71595e-05
148.261 2.68524e-05
148.461 2.65487e-05
148.661 2.62484e-05
148.861 2.59516e-05
149.061 2.5658e-05
149.261 2.53678e-05
149.461 2.50808e-05
149.661 2.4797e-05
149.861 2.45165e-05
150.061 2.4239e-05
150.261 2.39648e-05
150.461 2.36936e-05
150.661 2.34254e-05
150.861 2.31603e-05
151.061 2.28981e-05
151.261 2.26389e-05
151.461 2.23826e-05
151.661 2.21292e-05
151.861 2.18787e-05
152.061 2.1631e-05
152.261 2.13861e-05
152.461 2.11439e-05
152.661 2.09044e-05
152.861 2.06677e-05
153.061 2.04336e-05
153.261 2.02021e-05
153.461 1.99733e-05
153.661 1.9747e-05
153.861 1.95233e-05
154.061 1.93021e-05
154.261 1.90834e-05
154.461 1.88672e-05
154.661 1.86534e-05
154.861 1.8442e-05
155.061 1.8233e-05
155.261 1.80264e-05
155.461 1.7822e-05
155.661 1.762e-05
155.861 1.74203e-05
156.061 1.72228e-05
156.261 1.70275e-05
156.461 1.68345e-05
156.661 1.66436e-05
156.861 1.64549e-05
157.061 1.62683e-05
157.261 1.60838e-05
157.461 1.59014e-05
157.661 1.5721e-05
157.861 1.55427e-05
158.061 1.53664e-05
158.261 1.51921e-05
158.461 1.50197e-05
158.661 1.48493e-05
158.861 1.46808e-05
159.061 1.45142e-05
159.261 1.43495e-05
159.461 1.41867e-05
159.661 1.40257e-05
159.861 1.38665e-05
160.061 1.37091e-05
160.261 1.35535e-05
160.461 1.33997e-05
160.661 1.32476e-05
160.861 1.30972e-05
161.061 1.29485e-05
161.261 1.28015e-05
161.461 1.26561e-05
161.661 1.25124e-05
161.861 1.23703e-05
162.061 1.22298e-05
162.261 1.20909e-05
162.461 1.19536e-05
162.661 1.18178e-05
162.861 1.16836e-05
163.061 1.15509e-05
163.261 1.14197e-05
163.461 1.12899e-05
163.661 1.11616e-05
163.861 1.10348e-05
164.061 1.09094e-05
164.261 1.07855e-05
164.461 1.06629e-05
164.661 1.05417e-05
164.861 1.04219e-05
165.061 1.03035e-05
165.261 1.01864e-05
165.461 1.00706e-05
165.661 9.95609e-06
165.861 9.84291e-06
166.061 9.731e-06
166.261 9.62037e-06
166.461 9.51098e-06
166.661 9.40284e-06
166.861 9.29592e-06
167.061 9.19021e-06
167.261 9.08569e-06
167.461 8.98236e-06
167.661 8.8802e-06
167.861 8.77919e-06
168.061 8.67933e-06
168.261 8.5806e-06
168.461 8.48299e-06
168.661 8.38648e-06
168.861 8.29107e-06
169.061 8.19673e-06
169.261 8.10347e-06
169.461 8.01126e-06
169.661 7.9201e-06
169.861 7.82997e-06
170.06 7.74086e-06
170.26 7.65276e-06
170.46 7.56565e-06
170.66 7.47954e-06
170.86 7.3944e-06
171.06 7.31023e-06
171.26 7.22701e-06
171.46 7.14473e-06
171.66 7.06339e-06
171.86 6.98297e-06
172.06 6.90346e-06
172.26 6.82485e-06
172.46 6.74713e-06
172.66 6.67029e-06
172.86 6.59433e-06
173.06 6.51923e-06
173.26 6.44497e-06
173.46 6.37156e-06
173.66 6.29899e-06
173.86 6.22723e-06
174.06 6.15629e-06
174.26 6.08616e-06
174.46 6.01682e-06
174.66 5.94827e-06
174.86 5.88049e-06
175.06 5.81349e-06
175.26 5.74724e-06
175.46 5.68175e-06
175.66 5.617e-06
175.86 5.55298e-06
176.06 5.4897e-06
176.26 5.42712e-06
176.46 5.36526e-06
176.66 5.30411e-06
176.86 5.24364e-06
177.06 5.18387e-06
177.26 5.12477e-06
177.46 5.06634e-06
177.66 5.00858e-06
177.86 4.95147e-06
178.06 4.89501e-06
178.26 4.83919e-06
178.46 4.78401e-06
178.66 4.72945e-06
178.86 4.67551e-06
179.06 4.62219e-06
179.26 4.56947e-06
179.46 4.51735e-06
179.66 4.46582e-06
179.86 4.41488e-06
180.06 4.36451e-06
180.26 4.31472e-06
180.46 4.2655e-06
180.66 4.21683e-06
180.86 4.16872e-06
181.06 4.12115e-06
181.26 4.07413e-06
181.46 4.02764e-06
181.66 3.98167e-06
181.86 3.93623e-06
182.06 3.89131e-06
182.26 3.8469e-06
182.46 3.80299e-06
182.66 3.75958e-06
182.86 3.71667e-06
183.06 3.67424e-06
183.26 3.63229e-06
183.46 3.59083e-06
183.66 3.54983e-06
183.86 3.5093e-06
184.06 3.46923e-06
184.26 3.42962e-06
184.46 3.39046e-06
184.66 3.35174e-06
184.86 3.31347e-06
185.06 3.27563e-06
185.26 3.23822e-06
185.46 3.20123e-06
185.66 3.16467e-06
185.86 3.12852e-06
186.06 3.09279e-06
186.26 3.05746e-06
186.46 3.02253e-06
186.66 2.988e-06
186.86 2.95387e-06
187.06 2.92012e-06
187.26 2.88675e-06
187.46 2.85377e-06
187.66 2.82116e-06
187.86 2.78893e-06
188.06 2.75706e-06
188.26 2.72555e-06
188.46 2.6944e-06
188.66 2.66361e-06
188.86 2.63316e-06
189.06 2.60307e-06
189.26 2.57332e-06
189.46 2.5439e-06
189.66 2.51482e-06
189.86 2.48607e-06
190.06 2.45765e-06
190.26 2.42956e-06
190.46 2.40178e-06
190.66 2.37432e-06
190.86 2.34717e-06
191.06 2.32033e-06
191.26 2.2938e-06
191.46 2.26757e-06
191.66 2.24164e-06
191.86 2.21601e-06
192.06 2.19066e-06
192.26 2.16561e-06
192.46 2.14084e-06
192.66 2.11635e-06
192.86 2.09214e-06
193.06 2.06821e-06
193.26 2.04456e-06
193.46 2.02117e-06
193.66 1.99804e-06
193.86 1.97519e-06
194.06 1.95259e-06
194.26 1.93025e-06
194.46 1.90816e-06
194.66 1.88633e-06
194.86 1.86474e-06
195.06 1.84341e-06
195.26 1.82231e-06
195.46 1.80146e-06
195.66 1.78084e-06
195.86 1.76046e-06
196.06 1.74031e-06
196.259 1.72039e-06
196.459 1.7007e-06
196.659 1.68123e-06
196.859 1.66199e-06
197.059 1.64296e-06
197.259 1.62415e-06
197.459 1.60556e-06
197.659 1.58718e-06
197.859 1.56901e-06
198.059 1.55104e-06
198.259 1.53328e-06
198.459 1.51573e-06
198.659 1.49837e-06
198.859 1.48121e-06
199.059 1.46425e-06
199.259 1.44748e-06
199.459 1.4309e-06
199.659 1.41452e-06
199.859 1.39831e-06
200.059 1.3823e-06
