-7.85978 3.99397e-05
-7.84791 4.06496e-05
-7.83604 4.13721e-05
-7.82418 4.21072e-05
-7.81231 4.28554e-05
-7.80044 4.36168e-05
-7.78858 4.43916e-05
-7.77671 4.51802e-05
-7.76484 4.59826e-05
-7.75298 4.67992e-05
-7.74111 4.76302e-05
-7.72924 4.84759e-05
-7.71737 4.93365e-05
-7.70551 5.02123e-05
-7.69364 5.11035e-05
-7.68177 5.20105e-05
-7.66991 5.29334e-05
-7.65804 5.38727e-05
-7.64617 5.48284e-05
-7.63431 5.58011e-05
-7.62244 5.67909e-05
-7.61057 5.77981e-05
-7.59871 5.88231e-05
-7.58684 5.98661e-05
-7.57497 6.09275e-05
-7.56311 6.20076e-05
-7.55124 6.31068e-05
-7.53937 6.42252e-05
-7.52751 6.53634e-05
-7.51564 6.65216e-05
-7.50377 6.77002e-05
-7.49191 6.88996e-05
-7.48004 7.01201e-05
-7.46817 7.1362e-05
-7.4563 7.26258e-05
-7.44444 7.39118e-05
-7.43257 7.52204e-05
-7.4207 7.6552e-05
-7.40884 7.79071e-05
-7.39697 7.92859e-05
-7.3851 8.0689e-05
-7.37324 8.21168e-05
-7.36137 8.35697e-05
-7.3495 8.5048e-05
-7.33764 8.65524e-05
-7.32577 8.80832e-05
-7.3139 8.96408e-05
-7.30204 9.12258e-05
-7.29017 9.28386e-05
-7.2783 9.44798e-05
-7.26644 9.61497e-05
-7.25457 9.78489e-05
-7.2427 9.9578e-05
-7.23084 0.000101337
-7.21897 0.000103128
-7.2071 0.000104949
-7.19523 0.000106803
-7.18337 0.000108689
-7.1715 0.000110608
-7.15963 0.000112561
-7.14777 0.000114548
-7.1359 0.00011657
-7.12403 0.000118627
-7.11217 0.00012072
-7.1003 0.00012285
-7.08843 0.000125017
-7.07657 0.000127222
-7.0647 0.000129466
-7.05283 0.000131749
-7.04097 0.000134072
-7.0291 0.000136435
-7.01723 0.00013884
-7.00537 0.000141287
-6.9935 0.000143777
-6.98163 0.00014631
-6.96976 0.000148888
-6.9579 0.00015151
-6.94603 0.000154179
-6.93416 0.000156894
-6.9223 0.000159656
-6.91043 0.000162467
-6.89856 0.000165327
-6.8867 0.000168236
-6.87483 0.000171197
-6.86296 0.000174209
-6.8511 0.000177274
-6.83923 0.000180392
-6.82736 0.000183564
-6.8155 0.000186792
-6.80363 0.000190076
-6.79176 0.000193418
-6.7799 0.000196817
-6.76803 0.000200276
-6.75616 0.000203795
-6.7443 0.000207376
-6.73243 0.000211019
-6.72056 0.000214725
-6.70869 0.000218495
-6.69683 0.000222332
-6.68496 0.000226235
-6.67309 0.000230206
-6.66123 0.000234246
-6.64936 0.000238356
-6.63749 0.000242538
-6.62563 0.000246793
-6.61376 0.000251121
-6.60189 0.000255525
-6.59003 0.000260005
-6.57816 0.000264563
-6.56629 0.0002692
-6.55443 0.000273918
-6.54256 0.000278717
-6.53069 0.0002836
-6.51883 0.000288568
-6.50696 0.000293621
-6.49509 0.000298763
-6.48323 0.000303993
-6.47136 0.000309315
-6.45949 0.000314728
-6.44762 0.000320236
-6.43576 0.000325838
-6.42389 0.000331538
-6.41202 0.000337337
-6.40016 0.000343236
-6.38829 0.000349237
-6.37642 0.000355342
-6.36456 0.000361552
-6.35269 0.00036787
-6.34082 0.000374298
-6.32896 0.000380836
-6.31709 0.000387488
-6.30522 0.000394254
-6.29336 0.000401137
-6.28149 0.00040814
-6.26962 0.000415263
-6.25776 0.000422509
-6.24589 0.00042988
-6.23402 0.000437379
-6.22215 0.000445007
-6.21029 0.000452767
-6.19842 0.00046066
-6.18655 0.000468689
-6.17469 0.000476857
-6.16282 0.000485166
-6.15095 0.000493618
-6.13909 0.000502216
-6.12722 0.000510961
-6.11535 0.000519857
-6.10349 0.000528907
-6.09162 0.000538112
-6.07975 0.000547475
-6.06789 0.000556999
-6.05602 0.000566688
-6.04415 0.000576543
-6.03229 0.000586567
-6.02042 0.000596763
-6.00855 0.000607135
-5.99669 0.000617685
-5.98482 0.000628415
-5.97295 0.000639331
-5.96108 0.000650433
-5.94922 0.000661726
-5.93735 0.000673212
-5.92548 0.000684896
-5.91362 0.00069678
-5.90175 0.000708867
-5.88988 0.000721162
-5.87802 0.000733667
-5.86615 0.000746386
-5.85428 0.000759323
-5.84242 0.000772481
-5.83055 0.000785865
-5.81868 0.000799477
-5.80682 0.000813323
-5.79495 0.000827404
-5.78308 0.000841727
-5.77122 0.000856294
-5.75935 0.00087111
-5.74748 0.000886179
-5.73561 0.000901505
-5.72375 0.000917093
-5.71188 0.000932947
-5.70001 0.00094907
-5.68815 0.000965469
-5.67628 0.000982148
-5.66441 0.00099911
-5.65255 0.00101636
-5.64068 0.00103391
-5.62881 0.00105175
-5.61695 0.0010699
-5.60508 0.00108835
-5.59321 0.00110712
-5.58135 0.00112621
-5.56948 0.00114563
-5.55761 0.00116537
-5.54575 0.00118545
-5.53388 0.00120587
-5.52201 0.00122663
-5.51015 0.00124775
-5.49828 0.00126923
-5.48641 0.00129107
-5.47454 0.00131328
-5.46268 0.00133587
-5.45081 0.00135884
-5.43894 0.0013822
-5.42708 0.00140595
-5.41521 0.00143011
-5.40334 0.00145467
-5.39148 0.00147965
-5.37961 0.00150505
-5.36774 0.00153089
-5.35588 0.00155715
-5.34401 0.00158387
-5.33214 0.00161103
-5.32028 0.00163865
-5.30841 0.00166673
-5.29654 0.00169529
-5.28468 0.00172434
-5.27281 0.00175387
-5.26094 0.00178389
-5.24908 0.00181443
-5.23721 0.00184547
-5.22534 0.00187704
-5.21347 0.00190914
-5.20161 0.00194178
-5.18974 0.00197497
-5.17787 0.00200872
-5.16601 0.00204303
-5.15414 0.00207791
-5.14227 0.00211339
-5.13041 0.00214945
-5.11854 0.00218613
-5.10667 0.00222341
-5.09481 0.00226132
-5.08294 0.00229987
-5.07107 0.00233906
-5.05921 0.00237891
-5.04734 0.00241942
-5.03547 0.00246061
-5.02361 0.00250248
-5.01174 0.00254506
-4.99987 0.00258835
-4.988 0.00263235
-4.97614 0.0026771
-4.96427 0.00272259
-4.9524 0.00276883
-4.94054 0.00281585
-4.92867 0.00286365
-4.9168 0.00291224
-4.90494 0.00296164
-4.89307 0.00301187
-4.8812 0.00306292
-4.86934 0.00311483
-4.85747 0.0031676
-4.8456 0.00322124
-4.83374 0.00327577
-4.82187 0.0033312
-4.81 0.00338756
-4.79814 0.00344485
-4.78627 0.00350308
-4.7744 0.00356228
-4.76254 0.00362245
-4.75067 0.00368363
-4.7388 0.00374581
-4.72693 0.00380901
-4.71507 0.00387326
-4.7032 0.00393857
-4.69133 0.00400496
-4.67947 0.00407244
-4.6676 0.00414103
-4.65573 0.00421075
-4.64387 0.00428162
-4.632 0.00435365
-4.62013 0.00442686
-4.60827 0.00450127
-4.5964 0.00457691
-4.58453 0.00465379
-4.57267 0.00473193
-4.5608 0.00481134
-4.54893 0.00489206
-4.53707 0.0049741
-4.5252 0.00505748
-4.51333 0.00514222
-4.50147 0.00522835
-4.4896 0.00531588
-4.47773 0.00540484
-4.46586 0.00549525
-4.454 0.00558713
-4.44213 0.00568051
-4.43026 0.00577541
-4.4184 0.00587185
-4.40653 0.00596986
-4.39466 0.00606947
-4.3828 0.00617068
-4.37093 0.00627355
-4.35906 0.00637807
-4.3472 0.00648429
-4.33533 0.00659224
-4.32346 0.00670192
-4.3116 0.00681338
-4.29973 0.00692664
-4.28786 0.00704173
-4.276 0.00715868
-4.26413 0.00727751
-4.25226 0.00739826
-4.24039 0.00752095
-4.22853 0.00764562
-4.21666 0.00777228
-4.20479 0.00790099
-4.19293 0.00803176
-4.18106 0.00816463
-4.16919 0.00829963
-4.15733 0.00843679
-4.14546 0.00857614
-4.13359 0.00871772
-4.12173 0.00886157
-4.10986 0.00900772
-4.09799 0.00915619
-4.08613 0.00930703
-4.07426 0.00946028
-4.06239 0.00961597
-4.05053 0.00977413
-4.03866 0.0099348
-4.02679 0.010098
-4.01493 0.0102638
-4.00306 0.0104323
-3.99119 0.0106034
-3.97932 0.0107772
-3.96746 0.0109538
-3.95559 0.0111331
-3.94372 0.0113153
-3.93186 0.0115004
-3.91999 0.0116884
-3.90812 0.0118793
-3.89626 0.0120733
-3.88439 0.0122702
-3.87252 0.0124703
-3.86066 0.0126735
-3.84879 0.0128799
-3.83692 0.0130896
-3.82506 0.0133025
-3.81319 0.0135187
-3.80132 0.0137383
-3.78946 0.0139614
-3.77759 0.0141879
-3.76572 0.0144179
-3.75386 0.0146515
-3.74199 0.0148888
-3.73012 0.0151297
-3.71825 0.0153743
-3.70639 0.0156228
-3.69452 0.0158751
-3.68265 0.0161313
-3.67079 0.0163914
-3.65892 0.0166555
-3.64705 0.0169237
-3.63519 0.0171961
-3.62332 0.0174726
-3.61145 0.0177533
-3.59959 0.0180384
-3.58772 0.0183278
-3.57585 0.0186217
-3.56399 0.01892
-3.55212 0.0192229
-3.54025 0.0195304
-3.52839 0.0198426
-3.51652 0.0201596
-3.50465 0.0204813
-3.49278 0.0208079
-3.48092 0.0211395
-3.46905 0.0214761
-3.45718 0.0218177
-3.44532 0.0221645
-3.43345 0.0225166
-3.42158 0.0228739
-3.40972 0.0232366
-3.39785 0.0236047
-3.38598 0.0239784
-3.37412 0.0243576
-3.36225 0.0247425
-3.35038 0.0251332
-3.33852 0.0255296
-3.32665 0.025932
-3.31478 0.0263403
-3.30292 0.0267547
-3.29105 0.0271752
-3.27918 0.0276019
-3.26732 0.028035
-3.25545 0.0284744
-3.24358 0.0289203
-3.23171 0.0293727
-3.21985 0.0298318
-3.20798 0.0302975
-3.19611 0.0307701
-3.18425 0.0312496
-3.17238 0.0317361
-3.16051 0.0322296
-3.14865 0.0327303
-3.13678 0.0332383
-3.12491 0.0337536
-3.11305 0.0342763
-3.10118 0.0348066
-3.08931 0.0353445
-3.07745 0.0358902
-3.06558 0.0364436
-3.05371 0.037005
-3.04185 0.0375743
-3.02998 0.0381518
-3.01811 0.0387375
-3.00625 0.0393315
-2.99438 0.039934
-2.98251 0.0405449
-2.97064 0.0411645
-2.95878 0.0417927
-2.94691 0.0424298
-2.93504 0.0430758
-2.92318 0.0437309
-2.91131 0.0443951
-2.89944 0.0450685
-2.88758 0.0457513
-2.87571 0.0464435
-2.86384 0.0471453
-2.85198 0.0478568
-2.84011 0.0485781
-2.82824 0.0493092
-2.81638 0.0500504
-2.80451 0.0508017
-2.79264 0.0515632
-2.78078 0.0523351
-2.76891 0.0531174
-2.75704 0.0539103
-2.74517 0.0547138
-2.73331 0.0555282
-2.72144 0.0563535
-2.70957 0.0571898
-2.69771 0.0580372
-2.68584 0.0588959
-2.67397 0.059766
-2.66211 0.0606476
-2.65024 0.0615408
-2.63837 0.0624457
-2.62651 0.0633624
-2.61464 0.0642911
-2.60277 0.0652319
-2.59091 0.0661849
-2.57904 0.0671501
-2.56717 0.0681278
-2.55531 0.0691181
-2.54344 0.070121
-2.53157 0.0711367
-2.51971 0.0721652
-2.50784 0.0732068
-2.49597 0.0742615
-2.4841 0.0753295
-2.47224 0.0764108
-2.46037 0.0775055
-2.4485 0.0786139
-2.43664 0.079736
-2.42477 0.0808718
-2.4129 0.0820216
-2.40104 0.0831854
-2.38917 0.0843634
-2.3773 0.0855556
-2.36544 0.0867622
-2.35357 0.0879832
-2.3417 0.0892189
-2.32984 0.0904692
-2.31797 0.0917343
-2.3061 0.0930142
-2.29424 0.0943092
-2.28237 0.0956193
-2.2705 0.0969445
-2.25864 0.098285
-2.24677 0.0996409
-2.2349 0.101012
-2.22303 0.102399
-2.21117 0.103802
-2.1993 0.10522
-2.18743 0.106654
-2.17557 0.108104
-2.1637 0.10957
-2.15183 0.111052
-2.13997 0.11255
-2.1281 0.114065
-2.11623 0.115595
-2.10437 0.117142
-2.0925 0.118705
-2.08063 0.120285
-2.06877 0.121881
-2.0569 0.123494
-2.04503 0.125124
-2.03317 0.12677
-2.0213 0.128432
-2.00943 0.130112
-1.99756 0.131808
-1.9857 0.133521
-1.97383 0.13525
-1.96196 0.136997
-1.9501 0.13876
-1.93823 0.14054
-1.92636 0.142337
-1.9145 0.144151
-1.90263 0.145981
-1.89076 0.147828
-1.8789 0.149692
-1.86703 0.151573
-1.85516 0.153471
-1.8433 0.155385
-1.83143 0.157315
-1.81956 0.159262
-1.8077 0.161226
-1.79583 0.163206
-1.78396 0.165202
-1.7721 0.167215
-1.76023 0.169244
-1.74836 0.171289
-1.73649 0.173349
-1.72463 0.175426
-1.71276 0.177518
-1.70089 0.179626
-1.68903 0.181749
-1.67716 0.183887
-1.66529 0.18604
-1.65343 0.188209
-1.64156 0.190391
-1.62969 0.192589
-1.61783 0.194801
-1.60596 0.197026
-1.59409 0.199266
-1.58223 0.201519
-1.57036 0.203786
-1.55849 0.206066
-1.54663 0.208358
-1.53476 0.210663
-1.52289 0.21298
-1.51102 0.215309
-1.49916 0.21765
-1.48729 0.220002
-1.47542 0.222365
-1.46356 0.224738
-1.45169 0.227121
-1.43982 0.229514
-1.42796 0.231917
-1.41609 0.234328
-1.40422 0.236748
-1.39236 0.239176
-1.38049 0.241611
-1.36862 0.244053
-1.35676 0.246502
-1.34489 0.248957
-1.33302 0.251418
-1.32116 0.253883
-1.30929 0.256353
-1.29742 0.258827
-1.28556 0.261303
-1.27369 0.263783
-1.26182 0.266264
-1.24995 0.268747
-1.23809 0.271231
-1.22622 0.273714
-1.21435 0.276197
-1.20249 0.278679
-1.19062 0.281158
-1.17875 0.283634
-1.16689 0.286107
-1.15502 0.288576
-1.14315 0.291039
-1.13129 0.293497
-1.11942 0.295947
-1.10755 0.29839
-1.09569 0.300824
-1.08382 0.303249
-1.07195 0.305664
-1.06009 0.308067
-1.04822 0.310459
-1.03635 0.312837
-1.02449 0.315202
-1.01262 0.317551
-1.00075 0.319885
-0.988885 0.322201
-0.977018 0.3245
-0.965151 0.32678
-0.953284 0.329039
-0.941417 0.331278
-0.929551 0.333495
-0.917684 0.335689
-0.905817 0.337858
-0.89395 0.340002
-0.882083 0.34212
-0.870216 0.34421
-0.85835 0.346272
-0.846483 0.348304
-0.834616 0.350305
-0.822749 0.352274
-0.810882 0.35421
-0.799015 0.356112
-0.787149 0.357979
-0.775282 0.359809
-0.763415 0.361601
-0.751548 0.363355
-0.739681 0.365068
-0.727814 0.366741
-0.715948 0.368371
-0.704081 0.369959
-0.692214 0.371501
-0.680347 0.372999
-0.66848 0.374449
-0.656614 0.375852
-0.644747 0.377206
-0.63288 0.37851
-0.621013 0.379763
-0.609146 0.380965
-0.597279 0.382113
-0.585413 0.383207
-0.573546 0.384246
-0.561679 0.385229
-0.549812 0.386155
-0.537945 0.387024
-0.526078 0.387833
-0.514212 0.388583
-0.502345 0.389273
-0.490478 0.389901
-0.478611 0.390467
-0.466744 0.39097
-0.454877 0.39141
-0.443011 0.391786
-0.431144 0.392097
-0.419277 0.392342
-0.40741 0.392521
-0.395543 0.392634
-0.383677 0.392679
-0.37181 0.392657
-0.359943 0.392567
-0.348076 0.392409
-0.336209 0.392182
-0.324342 0.391886
-0.312476 0.391521
-0.300609 0.391087
-0.288742 0.390584
-0.276875 0.390011
-0.265008 0.389368
-0.253141 0.388656
-0.241275 0.387875
-0.229408 0.387024
-0.217541 0.386104
-0.205674 0.385115
-0.193807 0.384058
-0.18194 0.382933
-0.170074 0.381739
-0.158207 0.380478
-0.14634 0.37915
-0.134473 0.377756
-0.122606 0.376296
-0.11074 0.374771
-0.0988727 0.373181
-0.0870059 0.371528
-0.0751391 0.369811
-0.0632722 0.368033
-0.0514054 0.366193
-0.0395386 0.364293
-0.0276718 0.362334
-0.0158049 0.360317
-0.0039381 0.358242
0.00792872 0.356111
0.0197955 0.353926
0.0316624 0.351686
0.0435292 0.349394
0.055396 0.347051
0.0672629 0.344658
0.0791297 0.342216
0.0909965 0.339727
0.102863 0.337192
0.11473 0.334612
0.126597 0.331989
0.138464 0.329325
0.150331 0.32662
0.162197 0.323877
0.174064 0.321097
0.185931 0.318281
0.197798 0.315431
0.209665 0.312549
0.221532 0.309636
0.233398 0.306693
0.245265 0.303723
0.257132 0.300726
0.268999 0.297704
0.280866 0.29466
0.292733 0.291594
0.304599 0.288508
0.316466 0.285404
0.328333 0.282284
0.3402 0.279148
0.352067 0.275998
0.363933 0.272836
0.3758 0.269663
0.387667 0.266482
0.399534 0.263292
0.411401 0.260097
0.423268 0.256897
0.435134 0.253693
0.447001 0.250488
0.458868 0.247282
0.470735 0.244077
0.482602 0.240874
0.494469 0.237674
0.506335 0.234479
0.518202 0.23129
0.530069 0.228108
0.541936 0.224935
0.553803 0.221771
0.56567 0.218618
0.577536 0.215477
0.589403 0.212348
0.60127 0.209233
0.613137 0.206133
0.625004 0.203049
0.63687 0.199982
0.648737 0.196933
0.660604 0.193901
0.672471 0.19089
0.684338 0.187898
0.696205 0.184928
0.708071 0.181979
0.719938 0.179052
0.731805 0.176149
0.743672 0.173269
0.755539 0.170414
0.767406 0.167583
0.779272 0.164778
0.791139 0.161999
0.803006 0.159246
0.814873 0.156521
0.82674 0.153822
0.838607 0.151152
0.850473 0.148509
0.86234 0.145895
0.874207 0.14331
0.886074 0.140754
0.897941 0.138227
0.909807 0.13573
0.921674 0.133262
0.933541 0.130824
0.945408 0.128417
0.957275 0.12604
0.969142 0.123693
0.981008 0.121377
0.992875 0.119091
1.00474 0.116836
1.01661 0.114611
1.02848 0.112417
1.04034 0.110254
1.05221 0.108121
1.06408 0.106019
1.07594 0.103948
1.08781 0.101907
1.09968 0.0998958
1.11154 0.0979154
1.12341 0.0959651
1.13528 0.0940448
1.14714 0.0921544
1.15901 0.0902938
1.17088 0.0884626
1.18274 0.0866609
1.19461 0.0848883
1.20648 0.0831447
1.21834 0.0814299
1.23021 0.0797437
1.24208 0.0780857
1.25395 0.0764559
1.26581 0.0748539
1.27768 0.0732795
1.28955 0.0717324
1.30141 0.0702124
1.31328 0.0687192
1.32515 0.0672525
1.33701 0.0658121
1.34888 0.0643976
1.36075 0.0630088
1.37261 0.0616454
1.38448 0.0603071
1.39635 0.0589935
1.40821 0.0577045
1.42008 0.0564396
1.43195 0.0551985
1.44381 0.0539811
1.45568 0.0527869
1.46755 0.0516156
1.47942 0.0504669
1.49128 0.0493406
1.50315 0.0482362
1.51502 0.0471536
1.52688 0.0460923
1.53875 0.045052
1.55062 0.0440325
1.56248 0.0430334
1.57435 0.0420545
1.58622 0.0410953
1.59808 0.0401556
1.60995 0.0392352
1.62182 0.0383336
1.63368 0.0374505
1.64555 0.0365858
1.65742 0.035739
1.66928 0.0349099
1.68115 0.0340981
1.69302 0.0333035
1.70488 0.0325256
1.71675 0.0317642
1.72862 0.031019
1.74049 0.0302897
1.75235 0.029576
1.76422 0.0288777
1.77609 0.0281945
1.78795 0.0275261
1.79982 0.0268723
1.81169 0.0262327
1.82355 0.0256071
1.83542 0.0249952
1.84729 0.0243968
1.85915 0.0238117
1.87102 0.0232395
1.88289 0.0226801
1.89475 0.0221331
1.90662 0.0215984
1.91849 0.0210757
1.93035 0.0205647
1.94222 0.0200653
1.95409 0.0195771
1.96595 0.0191001
1.97782 0.0186339
1.98969 0.0181783
2.00156 0.0177332
2.01342 0.0172983
2.02529 0.0168733
2.03716 0.0164582
2.04902 0.0160527
2.06089 0.0156565
2.07276 0.0152696
2.08462 0.0148917
2.09649 0.0145225
2.10836 0.014162
2.12022 0.01381
2.13209 0.0134662
2.14396 0.0131305
2.15582 0.0128028
2.16769 0.0124828
2.17956 0.0121703
2.19142 0.0118653
2.20329 0.0115675
2.21516 0.0112769
2.22703 0.0109931
2.23889 0.0107162
2.25076 0.0104459
2.26263 0.0101821
2.27449 0.00992464
2.28636 0.00967339
2.29823 0.00942821
2.31009 0.00918897
2.32196 0.00895552
2.33383 0.00872774
2.34569 0.0085055
2.35756 0.00828867
2.36943 0.00807714
2.38129 0.00787078
2.39316 0.00766947
2.40503 0.0074731
2.41689 0.00728155
2.42876 0.00709472
2.44063 0.00691249
2.45249 0.00673476
2.46436 0.00656142
2.47623 0.00639237
2.4881 0.00622751
2.49996 0.00606675
2.51183 0.00590999
2.5237 0.00575712
2.53556 0.00560807
2.54743 0.00546274
2.5593 0.00532105
2.57116 0.0051829
2.58303 0.00504821
2.5949 0.00491691
2.60676 0.00478891
2.61863 0.00466413
2.6305 0.00454249
2.64236 0.00442392
2.65423 0.00430835
2.6661 0.0041957
2.67796 0.00408591
2.68983 0.00397889
2.7017 0.0038746
2.71357 0.00377296
2.72543 0.0036739
2.7373 0.00357736
2.74917 0.00348329
2.76103 0.00339162
2.7729 0.0033023
2.78477 0.00321525
2.79663 0.00313044
2.8085 0.00304781
2.82037 0.00296729
2.83223 0.00288884
2.8441 0.00281242
2.85597 0.00273796
2.86783 0.00266541
2.8797 0.00259475
2.89157 0.0025259
2.90343 0.00245884
2.9153 0.00239351
2.92717 0.00232987
2.93903 0.00226789
2.9509 0.00220751
2.96277 0.0021487
2.97464 0.00209142
2.9865 0.00203563
2.99837 0.00198129
3.01024 0.00192837
3.0221 0.00187683
3.03397 0.00182664
3.04584 0.00177776
3.0577 0.00173015
3.06957 0.0016838
3.08144 0.00163866
3.0933 0.0015947
3.10517 0.00155189
3.11704 0.00151021
3.1289 0.00146963
3.14077 0.00143011
3.15264 0.00139164
3.1645 0.00135418
3.17637 0.0013177
3.18824 0.00128219
3.2001 0.00124762
3.21197 0.00121396
3.22384 0.00118119
3.23571 0.00114929
3.24757 0.00111823
3.25944 0.001088
3.27131 0.00105856
3.28317 0.00102991
3.29504 0.00100202
3.30691 0.000974877
3.31877 0.000948451
3.33064 0.000922728
3.34251 0.000897691
3.35437 0.000873321
3.36624 0.000849601
3.37811 0.000826514
3.38997 0.000804043
3.40184 0.000782173
3.41371 0.000760888
3.42557 0.000740173
3.43744 0.000720011
3.44931 0.00070039
3.46118 0.000681295
3.47304 0.000662712
3.48491 0.000644628
3.49678 0.00062703
3.50864 0.000609904
3.52051 0.000593239
3.53238 0.000577022
3.54424 0.000561241
3.55611 0.000545886
3.56798 0.000530944
3.57984 0.000516405
3.59171 0.000502258
3.60358 0.000488494
3.61544 0.0004751
3.62731 0.000462069
3.63918 0.00044939
3.65104 0.000437054
3.66291 0.000425052
3.67478 0.000413375
3.68664 0.000402014
3.69851 0.000390961
3.71038 0.000380208
3.72225 0.000369746
3.73411 0.000359569
3.74598 0.000349668
3.75785 0.000340036
3.76971 0.000330665
3.78158 0.00032155
3.79345 0.000312683
3.80531 0.000304057
3.81718 0.000295666
3.82905 0.000287503
3.84091 0.000279564
3.85278 0.00027184
3.86465 0.000264328
3.87651 0.00025702
3.88838 0.000249912
3.90025 0.000242999
3.91211 0.000236274
3.92398 0.000229733
3.93585 0.000223371
3.94771 0.000217183
3.95958 0.000211165
3.97145 0.000205312
3.98332 0.000199618
3.99518 0.000194081
