-1.79042 0.000208109
-1.7762 0.000221537
-1.76198 0.000235815
-1.74776 0.000250998
-1.73354 0.000267142
-1.71932 0.000284304
-1.7051 0.000302548
-1.69087 0.000321941
-1.67665 0.000342554
-1.66243 0.000364459
-1.64821 0.000387738
-1.63399 0.000412473
-1.61977 0.000438752
-1.60554 0.00046667
-1.59132 0.000496326
-1.5771 0.000527825
-1.56288 0.000561277
-1.54866 0.000596799
-1.53444 0.000634517
-1.52022 0.000674561
-1.50599 0.000717069
-1.49177 0.000762188
-1.47755 0.000810073
-1.46333 0.000860887
-1.44911 0.000914802
-1.43489 0.000972001
-1.42067 0.00103267
-1.40644 0.00109703
-1.39222 0.00116527
-1.378 0.00123763
-1.36378 0.00131435
-1.34956 0.00139567
-1.33534 0.00148185
-1.32112 0.00157319
-1.30689 0.00166996
-1.29267 0.00177248
-1.27845 0.00188107
-1.26423 0.00199607
-1.25001 0.00211783
-1.23579 0.00224674
-1.22156 0.00238318
-1.20734 0.00252758
-1.19312 0.00268037
-1.1789 0.002842
-1.16468 0.00301296
-1.15046 0.00319373
-1.13624 0.00338486
-1.12201 0.00358689
-1.10779 0.0038004
-1.09357 0.00402598
-1.07935 0.00426428
-1.06513 0.00451594
-1.05091 0.00478166
-1.03669 0.00506214
-1.02246 0.00535815
-1.00824 0.00567046
-0.994021 0.00599987
-0.9798 0.00634724
-0.965578 0.00671345
-0.951357 0.00709941
-0.937135 0.00750606
-0.922914 0.00793439
-0.908693 0.00838542
-0.894471 0.0088602
-0.88025 0.00935983
-0.866028 0.00988544
-0.851807 0.0104382
-0.837585 0.0110193
-0.823364 0.01163
-0.809142 0.0122715
-0.794921 0.0129453
-0.780699 0.0136525
-0.766478 0.0143946
-0.752256 0.0151731
-0.738035 0.0159893
-0.723813 0.0168447
-0.709592 0.0177408
-0.69537 0.0186792
-0.681149 0.0196614
-0.666927 0.020689
-0.652706 0.0217635
-0.638485 0.0228866
-0.624263 0.0240598
-0.610042 0.0252848
-0.59582 0.0265632
-0.581599 0.0278966
-0.567377 0.0292865
-0.553156 0.0307347
-0.538934 0.0322426
-0.524713 0.0338118
-0.510491 0.0354438
-0.49627 0.03714
-0.482048 0.0389019
-0.467827 0.0407309
-0.453605 0.0426281
-0.439384 0.0445949
-0.425162 0.0466324
-0.410941 0.0487416
-0.396719 0.0509235
-0.382498 0.0531789
-0.368277 0.0555086
-0.354055 0.0579131
-0.339834 0.060393
-0.325612 0.0629485
-0.311391 0.0655799
-0.297169 0.0682871
-0.282948 0.07107
-0.268726 0.0739284
-0.254505 0.0768616
-0.240283 0.0798691
-0.226062 0.08295
-0.21184 0.0861031
-0.197619 0.0893273
-0.183397 0.0926211
-0.169176 0.0959829
-0.154954 0.0994107
-0.140733 0.102903
-0.126511 0.106456
-0.11229 0.110069
-0.0980685 0.113739
-0.083847 0.117463
-0.0696256 0.121238
-0.0554041 0.12506
-0.0411826 0.128927
-0.0269611 0.132835
-0.0127397 0.136781
0.00148181 0.14076
0.0157033 0.14477
0.0299248 0.148805
0.0441462 0.152862
0.0583677 0.156937
0.0725892 0.161026
0.0868107 0.165125
0.101032 0.169229
0.115254 0.173334
0.129475 0.177436
0.143697 0.18153
0.157918 0.185613
0.172139 0.189681
0.186361 0.193729
0.200582 0.197754
0.214804 0.20175
0.229025 0.205716
0.243247 0.209646
0.257468 0.213538
0.27169 0.217388
0.285911 0.221192
0.300133 0.224947
0.314354 0.22865
0.328576 0.232299
0.342797 0.23589
0.357019 0.23942
0.37124 0.242888
0.385462 0.246291
0.399683 0.249627
0.413905 0.252894
0.428126 0.256089
0.442347 0.259212
0.456569 0.26226
0.47079 0.265233
0.485012 0.268128
0.499233 0.270946
0.513455 0.273685
0.527676 0.276343
0.541898 0.278921
0.556119 0.281418
0.570341 0.283833
0.584562 0.286167
0.598784 0.288418
0.613005 0.290587
0.627227 0.292674
0.641448 0.294678
0.65567 0.296601
0.669891 0.298442
0.684113 0.300202
0.698334 0.301881
0.712555 0.303479
0.726777 0.304998
0.740998 0.306438
0.75522 0.3078
0.769441 0.309084
0.783663 0.310291
0.797884 0.311422
0.812106 0.312479
0.826327 0.313461
0.840549 0.314371
0.85477 0.315208
0.868992 0.315975
0.883213 0.316672
0.897435 0.3173
0.911656 0.317861
0.925878 0.318355
0.940099 0.318785
0.954321 0.31915
0.968542 0.319452
0.982763 0.319693
0.996985 0.319874
1.01121 0.319995
1.02543 0.320058
1.03965 0.320065
1.05387 0.320016
1.06809 0.319912
1.08231 0.319756
1.09654 0.319548
1.11076 0.319289
1.12498 0.318981
1.1392 0.318624
1.15342 0.318221
1.16764 0.317771
1.18186 0.317277
1.19609 0.316739
1.21031 0.316159
1.22453 0.315537
1.23875 0.314875
1.25297 0.314175
1.26719 0.313436
1.28141 0.31266
1.29564 0.311848
1.30986 0.311002
1.32408 0.310122
1.3383 0.309209
1.35252 0.308264
1.36674 0.307289
1.38096 0.306284
1.39519 0.30525
1.40941 0.304188
1.42363 0.303099
1.43785 0.301984
1.45207 0.300844
1.46629 0.299679
1.48052 0.298491
1.49474 0.29728
1.50896 0.296048
1.52318 0.294795
1.5374 0.293521
1.55162 0.292228
1.56584 0.290916
1.58007 0.289587
1.59429 0.28824
1.60851 0.286877
1.62273 0.285498
1.63695 0.284104
1.65117 0.282695
1.66539 0.281273
1.67962 0.279838
1.69384 0.27839
1.70806 0.27693
1.72228 0.275459
1.7365 0.273977
1.75072 0.272486
1.76494 0.270984
1.77917 0.269474
1.79339 0.267955
1.80761 0.266429
1.82183 0.264894
1.83605 0.263353
1.85027 0.261806
1.86449 0.260252
1.87872 0.258693
1.89294 0.257129
1.90716 0.25556
1.92138 0.253987
1.9356 0.25241
1.94982 0.25083
1.96405 0.249247
1.97827 0.247661
1.99249 0.246073
2.00671 0.244483
2.02093 0.242891
2.03515 0.241299
2.04937 0.239705
2.0636 0.238111
2.07782 0.236517
2.09204 0.234923
2.10626 0.233329
2.12048 0.231736
2.1347 0.230144
2.14892 0.228553
2.16315 0.226964
2.17737 0.225377
2.19159 0.223791
2.20581 0.222208
2.22003 0.220627
2.23425 0.219049
2.24847 0.217475
2.2627 0.215903
2.27692 0.214334
2.29114 0.21277
2.30536 0.211209
2.31958 0.209652
2.3338 0.208099
2.34802 0.20655
2.36225 0.205007
2.37647 0.203467
2.39069 0.201933
2.40491 0.200403
2.41913 0.198879
2.43335 0.19736
2.44758 0.195847
2.4618 0.194339
2.47602 0.192836
2.49024 0.19134
2.50446 0.189849
2.51868 0.188365
2.5329 0.186887
2.54713 0.185415
2.56135 0.183949
2.57557 0.18249
2.58979 0.181037
2.60401 0.179591
2.61823 0.178152
2.63245 0.17672
2.64668 0.175294
2.6609 0.173876
2.67512 0.172464
2.68934 0.17106
2.70356 0.169663
2.71778 0.168273
2.732 0.166891
2.74623 0.165516
2.76045 0.164148
2.77467 0.162788
2.78889 0.161435
2.80311 0.16009
2.81733 0.158752
2.83156 0.157422
2.84578 0.1561
2.86 0.154785
2.87422 0.153479
2.88844 0.15218
2.90266 0.150888
2.91688 0.149605
2.93111 0.148329
2.94533 0.147062
2.95955 0.145802
2.97377 0.14455
2.98799 0.143306
3.00221 0.14207
3.01643 0.140842
3.03066 0.139622
3.04488 0.138409
3.0591 0.137205
3.07332 0.136009
3.08754 0.13482
3.10176 0.13364
3.11598 0.132467
3.13021 0.131303
3.14443 0.130146
3.15865 0.128998
3.17287 0.127857
3.18709 0.126725
3.20131 0.1256
3.21553 0.124483
3.22976 0.123374
3.24398 0.122273
3.2582 0.12118
3.27242 0.120094
3.28664 0.119017
3.30086 0.117947
3.31509 0.116885
3.32931 0.115831
3.34353 0.114785
3.35775 0.113746
3.37197 0.112715
3.38619 0.111692
3.40041 0.110677
3.41464 0.109669
3.42886 0.108669
3.44308 0.107676
3.4573 0.106691
3.47152 0.105714
3.48574 0.104744
3.49996 0.103781
3.51419 0.102826
3.52841 0.101878
3.54263 0.100938
3.55685 0.100005
3.57107 0.0990799
3.58529 0.0981618
3.59951 0.0972508
3.61374 0.0963471
3.62796 0.0954507
3.64218 0.0945613
3.6564 0.0936792
3.67062 0.0928041
3.68484 0.0919361
3.69906 0.0910751
3.71329 0.0902211
3.72751 0.0893741
3.74173 0.088534
3.75595 0.0877008
3.77017 0.0868745
3.78439 0.0860549
3.79862 0.0852422
3.81284 0.0844362
3.82706 0.0836368
3.84128 0.0828442
3.8555 0.0820581
3.86972 0.0812787
3.88394 0.0805058
3.89817 0.0797394
3.91239 0.0789795
3.92661 0.078226
3.94083 0.0774789
3.95505 0.0767382
3.96927 0.0760038
3.98349 0.0752756
3.99772 0.0745537
4.01194 0.073838
4.02616 0.0731285
4.04038 0.072425
4.0546 0.0717277
4.06882 0.0710363
4.08304 0.070351
4.09727 0.0696717
4.11149 0.0689982
4.12571 0.0683307
4.13993 0.067669
4.15415 0.0670131
4.16837 0.0663629
4.1826 0.0657185
4.19682 0.0650797
4.21104 0.0644466
4.22526 0.0638191
4.23948 0.0631972
4.2537 0.0625808
4.26792 0.0619699
4.28215 0.0613644
4.29637 0.0607643
4.31059 0.0601697
4.32481 0.0595803
4.33903 0.0589962
4.35325 0.0584174
4.36747 0.0578438
4.3817 0.0572754
4.39592 0.0567121
4.41014 0.0561539
4.42436 0.0556007
4.43858 0.0550526
4.4528 0.0545095
4.46702 0.0539713
4.48125 0.0534381
4.49547 0.0529097
4.50969 0.0523861
4.52391 0.0518674
4.53813 0.0513534
4.55235 0.0508441
4.56657 0.0503395
4.5808 0.0498395
4.59502 0.0493442
4.60924 0.0488535
4.62346 0.0483673
4.63768 0.0478856
4.6519 0.0474083
4.66613 0.0469355
4.68035 0.0464671
4.69457 0.0460031
4.70879 0.0455434
4.72301 0.045088
4.73723 0.0446368
4.75145 0.0441899
4.76568 0.0437471
4.7799 0.0433086
4.79412 0.0428741
4.80834 0.0424437
4.82256 0.0420174
4.83678 0.0415951
4.851 0.0411768
4.86523 0.0407624
4.87945 0.040352
4.89367 0.0399454
4.90789 0.0395427
4.92211 0.0391438
4.93633 0.0387487
4.95055 0.0383574
4.96478 0.0379698
4.979 0.0375859
4.99322 0.0372057
5.00744 0.0368291
5.02166 0.0364561
5.03588 0.0360866
5.0501 0.0357207
5.06433 0.0353584
5.07855 0.0349995
5.09277 0.034644
5.10699 0.034292
5.12121 0.0339433
5.13543 0.0335981
5.14966 0.0332561
5.16388 0.0329175
5.1781 0.0325821
5.19232 0.03225
5.20654 0.0319211
5.22076 0.0315953
5.23498 0.0312728
5.24921 0.0309533
5.26343 0.030637
5.27765 0.0303238
5.29187 0.0300136
5.30609 0.0297064
5.32031 0.0294022
5.33453 0.029101
5.34876 0.0288027
5.36298 0.0285074
5.3772 0.0282149
5.39142 0.0279253
5.40564 0.0276386
5.41986 0.0273546
5.43408 0.0270735
5.44831 0.0267951
5.46253 0.0265194
5.47675 0.0262465
5.49097 0.0259762
5.50519 0.0257087
5.51941 0.0254437
5.53364 0.0251814
5.54786 0.0249216
5.56208 0.0246644
5.5763 0.0244098
5.59052 0.0241577
5.60474 0.0239081
5.61896 0.0236609
5.63319 0.0234163
5.64741 0.023174
5.66163 0.0229342
5.67585 0.0226967
5.69007 0.0224616
5.70429 0.0222288
5.71851 0.0219984
5.73274 0.0217702
5.74696 0.0215444
5.76118 0.0213207
5.7754 0.0210994
5.78962 0.0208802
5.80384 0.0206632
5.81806 0.0204484
5.83229 0.0202357
5.84651 0.0200252
5.86073 0.0198168
5.87495 0.0196105
5.88917 0.0194062
5.90339 0.019204
5.91761 0.0190039
5.93184 0.0188057
5.94606 0.0186096
5.96028 0.0184154
5.9745 0.0182231
5.98872 0.0180329
6.00294 0.0178445
6.01717 0.017658
6.03139 0.0174734
6.04561 0.0172907
6.05983 0.0171098
6.07405 0.0169308
6.08827 0.0167536
6.10249 0.0165781
6.11672 0.0164045
6.13094 0.0162326
6.14516 0.0160624
6.15938 0.015894
6.1736 0.0157273
6.18782 0.0155623
6.20204 0.0153989
6.21627 0.0152373
6.23049 0.0150772
6.24471 0.0149188
6.25893 0.014762
6.27315 0.0146068
6.28737 0.0144532
6.30159 0.0143012
6.31582 0.0141507
6.33004 0.0140017
6.34426 0.0138543
6.35848 0.0137084
6.3727 0.0135639
6.38692 0.013421
6.40114 0.0132795
6.41537 0.0131394
6.42959 0.0130008
6.44381 0.0128636
6.45803 0.0127279
6.47225 0.0125935
6.48647 0.0124605
6.5007 0.0123288
6.51492 0.0121985
6.52914 0.0120696
6.54336 0.011942
6.55758 0.0118157
6.5718 0.0116906
6.58602 0.0115669
6.60025 0.0114445
6.61447 0.0113233
6.62869 0.0112034
6.64291 0.0110847
6.65713 0.0109672
6.67135 0.0108509
6.68557 0.0107359
6.6998 0.010622
6.71402 0.0105093
6.72824 0.0103978
6.74246 0.0102874
6.75668 0.0101782
6.7709 0.0100701
6.78512 0.0099631
6.79935 0.00985723
6.81357 0.00975246
6.82779 0.00964877
6.84201 0.00954616
6.85623 0.00944461
6.87045 0.00934412
6.88468 0.00924468
6.8989 0.00914626
6.91312 0.00904887
6.92734 0.0089525
6.94156 0.00885712
6.95578 0.00876274
6.97 0.00866934
6.98423 0.00857691
6.99845 0.00848545
7.01267 0.00839494
7.02689 0.00830537
7.04111 0.00821674
7.05533 0.00812904
7.06955 0.00804224
7.08378 0.00795636
7.098 0.00787137
7.11222 0.00778727
7.12644 0.00770405
7.14066 0.0076217
7.15488 0.00754021
7.1691 0.00745957
7.18333 0.00737978
7.19755 0.00730082
7.21177 0.00722269
7.22599 0.00714538
7.24021 0.00706888
7.25443 0.00699318
7.26865 0.00691827
7.28288 0.00684415
7.2971 0.00677081
7.31132 0.00669824
7.32554 0.00662643
7.33976 0.00655538
7.35398 0.00648507
7.36821 0.0064155
7.38243 0.00634666
7.39665 0.00627855
7.41087 0.00621115
7.42509 0.00614446
7.43931 0.00607848
7.45353 0.00601319
7.46776 0.00594859
7.48198 0.00588466
7.4962 0.00582142
7.51042 0.00575884
7.52464 0.00569692
7.53886 0.00563565
7.55308 0.00557503
7.56731 0.00551505
7.58153 0.0054557
7.59575 0.00539698
7.60997 0.00533888
7.62419 0.00528139
7.63841 0.00522451
7.65263 0.00516824
7.66686 0.00511255
7.68108 0.00505746
7.6953 0.00500295
7.70952 0.00494902
7.72374 0.00489566
7.73796 0.00484286
7.75218 0.00479063
7.76641 0.00473894
7.78063 0.00468781
7.79485 0.00463722
7.80907 0.00458716
7.82329 0.00453764
7.83751 0.00448864
7.85174 0.00444016
7.86596 0.00439219
7.88018 0.00434474
7.8944 0.00429779
7.90862 0.00425134
7.92284 0.00420538
7.93706 0.00415991
7.95129 0.00411492
7.96551 0.00407042
7.97973 0.00402638
7.99395 0.00398282
8.00817 0.00393972
8.02239 0.00389707
8.03661 0.00385489
8.05084 0.00381315
8.06506 0.00377185
8.07928 0.003731
8.0935 0.00369058
8.10772 0.00365059
8.12194 0.00361103
8.13616 0.00357189
8.15039 0.00353317
8.16461 0.00349487
8.17883 0.00345697
8.19305 0.00341947
8.20727 0.00338238
8.22149 0.00334568
8.23572 0.00330938
8.24994 0.00327346
8.26416 0.00323793
8.27838 0.00320278
8.2926 0.003168
8.30682 0.0031336
8.32104 0.00309956
8.33527 0.00306589
8.34949 0.00303258
8.36371 0.00299962
8.37793 0.00296702
8.39215 0.00293477
8.40637 0.00290286
8.42059 0.00287129
8.43482 0.00284007
8.44904 0.00280918
8.46326 0.00277861
8.47748 0.00274838
8.4917 0.00271847
8.50592 0.00268889
8.52014 0.00265962
8.53437 0.00263066
8.54859 0.00260202
8.56281 0.00257368
8.57703 0.00254565
8.59125 0.00251792
8.60547 0.00249048
8.61969 0.00246334
8.63392 0.0024365
8.64814 0.00240994
8.66236 0.00238367
8.67658 0.00235768
8.6908 0.00233197
8.70502 0.00230653
8.71925 0.00228137
8.73347 0.00225649
8.74769 0.00223187
8.76191 0.00220751
8.77613 0.00218342
8.79035 0.00215958
8.80457 0.00213601
8.8188 0.00211268
8.83302 0.00208961
8.84724 0.00206679
8.86146 0.00204422
8.87568 0.00202188
8.8899 0.00199979
8.90412 0.00197794
8.91835 0.00195632
8.93257 0.00193494
8.94679 0.00191378
8.96101 0.00189286
8.97523 0.00187216
8.98945 0.00185169
9.00367 0.00183143
9.0179 0.0018114
9.03212 0.00179158
9.04634 0.00177197
9.06056 0.00175258
9.07478 0.0017334
9.089 0.00171442
9.10322 0.00169566
9.11745 0.00167709
9.13167 0.00165872
9.14589 0.00164056
9.16011 0.00162259
9.17433 0.00160481
9.18855 0.00158723
9.20278 0.00156984
9.217 0.00155263
9.23122 0.00153561
9.24544 0.00151878
9.25966 0.00150213
9.27388 0.00148566
9.2881 0.00146937
9.30233 0.00145325
9.31655 0.00143731
9.33077 0.00142154
9.34499 0.00140595
9.35921 0.00139052
9.37343 0.00137526
9.38765 0.00136017
9.40188 0.00134524
9.4161 0.00133047
9.43032 0.00131586
9.44454 0.00130141
9.45876 0.00128712
9.47298 0.00127298
9.4872 0.001259
9.50143 0.00124517
9.51565 0.00123149
9.52987 0.00121796
9.54409 0.00120457
9.55831 0.00119133
9.57253 0.00117824
9.58676 0.00116529
9.60098 0.00115247
9.6152 0.0011398
9.62942 0.00112727
9.64364 0.00111487
9.65786 0.00110261
9.67208 0.00109048
9.68631 0.00107848
9.70053 0.00106661
9.71475 0.00105487
9.72897 0.00104326
9.74319 0.00103178
9.75741 0.00102042
9.77163 0.00100919
9.78586 0.000998078
9.80008 0.000987087
9.8143 0.000976216
9.82852 0.000965464
9.84274 0.000954829
9.85696 0.00094431
9.87118 0.000933906
9.88541 0.000923616
9.89963 0.000913438
9.91385 0.00090337
9.92807 0.000893413
9.94229 0.000883565
9.95651 0.000873824
9.97073 0.000864189
9.98496 0.00085466
9.99918 0.000845235
10.0134 0.000835912
10.0276 0.000826692
10.0418 0.000817572
10.0561 0.000808552
10.0703 0.000799631
10.0845 0.000790807
10.0987 0.00078208
10.1129 0.000773448
10.1272 0.000764911
10.1414 0.000756467
10.1556 0.000748115
10.1698 0.000739855
10.1841 0.000731685
10.1983 0.000723604
10.2125 0.000715612
10.2267 0.000707708
10.2409 0.00069989
10.2552 0.000692157
10.2694 0.000684509
10.2836 0.000676946
10.2978 0.000669464
10.3121 0.000662065
10.3263 0.000654747
10.3405 0.000647509
10.3547 0.000640351
10.3689 0.000633271
10.3832 0.000626268
10.3974 0.000619343
10.4116 0.000612493
10.4258 0.000605719
10.44 0.000599018
10.4543 0.000592391
10.4685 0.000585837
10.4827 0.000579355
10.4969 0.000572944
10.5112 0.000566603
10.5254 0.000560332
10.5396 0.00055413
10.5538 0.000547996
10.568 0.000541929
10.5823 0.000535929
10.5965 0.000529995
10.6107 0.000524126
10.6249 0.000518321
10.6391 0.00051258
10.6534 0.000506902
10.6676 0.000501287
10.6818 0.000495733
10.696 0.000490241
10.7103 0.000484808
10.7245 0.000479436
10.7387 0.000474122
10.7529 0.000468867
10.7671 0.00046367
10.7814 0.00045853
10.7956 0.000453446
10.8098 0.000448419
10.824 0.000443446
10.8382 0.000438529
10.8525 0.000433665
10.8667 0.000428855
10.8809 0.000424098
10.8951 0.000419394
10.9094 0.000414741
10.9236 0.000410139
10.9378 0.000405588
10.952 0.000401088
10.9662 0.000396636
10.9805 0.000392234
10.9947 0.000387881
11.0089 0.000383575
11.0231 0.000379317
11.0373 0.000375105
11.0516 0.00037094
11.0658 0.000366821
11.08 0.000362748
11.0942 0.000358719
11.1085 0.000354735
11.1227 0.000350794
11.1369 0.000346897
11.1511 0.000343043
11.1653 0.000339232
11.1796 0.000335463
11.1938 0.000331735
11.208 0.000328048
11.2222 0.000324402
11.2364 0.000320796
11.2507 0.000317231
11.2649 0.000313704
11.2791 0.000310216
11.2933 0.000306767
11.3076 0.000303356
11.3218 0.000299983
11.336 0.000296647
11.3502 0.000293347
11.3644 0.000290085
11.3787 0.000286858
11.3929 0.000283667
11.4071 0.000280511
11.4213 0.00027739
11.4355 0.000274303
11.4498 0.000271251
11.464 0.000268232
11.4782 0.000265247
11.4924 0.000262295
11.5067 0.000259375
11.5209 0.000256488
11.5351 0.000253632
11.5493 0.000250808
11.5635 0.000248016
11.5778 0.000245254
11.592 0.000242523
11.6062 0.000239822
11.6204 0.000237151
11.6346 0.000234509
11.6489 0.000231897
11.6631 0.000229314
11.6773 0.000226759
11.6915 0.000224232
11.7058 0.000221734
11.72 0.000219263
11.7342 0.000216819
11.7484 0.000214403
11.7626 0.000212013
11.7769 0.00020965
11.7911 0.000207313
11.8053 0.000205002
11.8195 0.000202716
11.8337 0.000200456
11.848 0.000198221
11.8622 0.000196011
11.8764 0.000193825
11.8906 0.000191663
11.9049 0.000189525
11.9191 0.000187411
11.9333 0.000185321
11.9475 0.000183253
11.9617 0.000181209
11.976 0.000179187
11.9902 0.000177188
12.0044 0.00017521
12.0186 0.000173255
12.0328 0.000171322
12.0471 0.000169409
12.0613 0.000167518
12.0755 0.000165649
12.0897 0.000163799
12.104 0.000161971
12.1182 0.000160162
12.1324 0.000158374
12.1466 0.000156606
12.1608 0.000154857
12.1751 0.000153127
12.1893 0.000151417
12.2035 0.000149726
12.2177 0.000148054
12.2319 0.0001464
12.2462 0.000144764
12.2604 0.000143147
12.2746 0.000141547
12.2888 0.000139966
12.3031 0.000138402
12.3173 0.000136855
12.3315 0.000135326
12.3457 0.000133813
12.3599 0.000132318
12.3742 0.000130839
12.3884 0.000129376
12.4026 0.00012793
12.4168 0.0001265
