-16.0038 7.42503e-05
-15.9825 7.50033e-05
-15.9611 7.57641e-05
-15.9398 7.65328e-05
-15.9185 7.73093e-05
-15.8972 7.80939e-05
-15.8759 7.88865e-05
-15.8546 7.96873e-05
-15.8333 8.04963e-05
-15.8119 8.13136e-05
-15.7906 8.21394e-05
-15.7693 8.29736e-05
-15.748 8.38165e-05
-15.7267 8.46681e-05
-15.7054 8.55284e-05
-15.6841 8.63976e-05
-15.6627 8.72757e-05
-15.6414 8.81629e-05
-15.6201 8.90593e-05
-15.5988 8.99649e-05
-15.5775 9.08799e-05
-15.5562 9.18043e-05
-15.5349 9.27382e-05
-15.5135 9.36818e-05
-15.4922 9.46351e-05
-15.4709 9.55982e-05
-15.4496 9.65713e-05
-15.4283 9.75545e-05
-15.407 9.85478e-05
-15.3856 9.95514e-05
-15.3643 0.000100565
-15.343 0.00010159
-15.3217 0.000102625
-15.3004 0.000103671
-15.2791 0.000104727
-15.2578 0.000105795
-15.2364 0.000106873
-15.2151 0.000107963
-15.1938 0.000109064
-15.1725 0.000110176
-15.1512 0.0001113
-15.1299 0.000112436
-15.1086 0.000113583
-15.0872 0.000114742
-15.0659 0.000115913
-15.0446 0.000117097
-15.0233 0.000118292
-15.002 0.0001195
-14.9807 0.000120721
-14.9594 0.000121954
-14.938 0.0001232
-14.9167 0.000124459
-14.8954 0.000125731
-14.8741 0.000127016
-14.8528 0.000128315
-14.8315 0.000129627
-14.8102 0.000130952
-14.7888 0.000132292
-14.7675 0.000133645
-14.7462 0.000135012
-14.7249 0.000136394
-14.7036 0.00013779
-14.6823 0.000139201
-14.661 0.000140626
-14.6396 0.000142066
-14.6183 0.000143521
-14.597 0.000144991
-14.5757 0.000146476
-14.5544 0.000147977
-14.5331 0.000149494
-14.5118 0.000151026
-14.4904 0.000152575
-14.4691 0.000154139
-14.4478 0.00015572
-14.4265 0.000157317
-14.4052 0.000158931
-14.3839 0.000160562
-14.3626 0.000162209
-14.3412 0.000163874
-14.3199 0.000165557
-14.2986 0.000167257
-14.2773 0.000168974
-14.256 0.00017071
-14.2347 0.000172464
-14.2134 0.000174236
-14.192 0.000176026
-14.1707 0.000177835
-14.1494 0.000179664
-14.1281 0.000181511
-14.1068 0.000183377
-14.0855 0.000185264
-14.0642 0.000187169
-14.0428 0.000189095
-14.0215 0.000191041
-14.0002 0.000193008
-13.9789 0.000194995
-13.9576 0.000197002
-13.9363 0.000199031
-13.915 0.000201081
-13.8936 0.000203153
-13.8723 0.000205246
-13.851 0.000207361
-13.8297 0.000209499
-13.8084 0.000211659
-13.7871 0.000213841
-13.7658 0.000216047
-13.7444 0.000218275
-13.7231 0.000220527
-13.7018 0.000222803
-13.6805 0.000225103
-13.6592 0.000227426
-13.6379 0.000229775
-13.6166 0.000232147
-13.5952 0.000234545
-13.5739 0.000236968
-13.5526 0.000239417
-13.5313 0.000241891
-13.51 0.000244391
-13.4887 0.000246918
-13.4674 0.000249471
-13.446 0.000252052
-13.4247 0.000254659
-13.4034 0.000257294
-13.3821 0.000259956
-13.3608 0.000262647
-13.3395 0.000265366
-13.3182 0.000268114
-13.2968 0.000270891
-13.2755 0.000273697
-13.2542 0.000276533
-13.2329 0.000279398
-13.2116 0.000282294
-13.1903 0.000285221
-13.169 0.000288178
-13.1476 0.000291167
-13.1263 0.000294187
-13.105 0.000297239
-13.0837 0.000300324
-13.0624 0.000303441
-13.0411 0.000306591
-13.0197 0.000309775
-12.9984 0.000312992
-12.9771 0.000316243
-12.9558 0.000319529
-12.9345 0.000322849
-12.9132 0.000326205
-12.8919 0.000329596
-12.8705 0.000333024
-12.8492 0.000336487
-12.8279 0.000339988
-12.8066 0.000343525
-12.7853 0.000347101
-12.764 0.000350714
-12.7427 0.000354365
-12.7213 0.000358055
-12.7 0.000361785
-12.6787 0.000365554
-12.6574 0.000369363
-12.6361 0.000373213
-12.6148 0.000377104
-12.5935 0.000381036
-12.5721 0.00038501
-12.5508 0.000389026
-12.5295 0.000393085
-12.5082 0.000397187
-12.4869 0.000401334
-12.4656 0.000405524
-12.4443 0.000409759
-12.4229 0.000414039
-12.4016 0.000418364
-12.3803 0.000422736
-12.359 0.000427155
-12.3377 0.000431621
-12.3164 0.000436134
-12.2951 0.000440696
-12.2737 0.000445306
-12.2524 0.000449966
-12.2311 0.000454676
-12.2098 0.000459435
-12.1885 0.000464246
-12.1672 0.000469109
-12.1459 0.000474023
-12.1245 0.00047899
-12.1032 0.00048401
-12.0819 0.000489084
-12.0606 0.000494213
-12.0393 0.000499396
-12.018 0.000504635
-11.9967 0.00050993
-11.9753 0.000515282
-11.954 0.000520692
-11.9327 0.000526159
-11.9114 0.000531685
-11.8901 0.000537271
-11.8688 0.000542917
-11.8475 0.000548623
-11.8261 0.000554391
-11.8048 0.00056022
-11.7835 0.000566113
-11.7622 0.000572069
-11.7409 0.000578089
-11.7196 0.000584174
-11.6983 0.000590324
-11.6769 0.000596541
-11.6556 0.000602825
-11.6343 0.000609176
-11.613 0.000615596
-11.5917 0.000622085
-11.5704 0.000628645
-11.5491 0.000635275
-11.5277 0.000641977
-11.5064 0.000648751
-11.4851 0.000655598
-11.4638 0.00066252
-11.4425 0.000669516
-11.4212 0.000676588
-11.3999 0.000683736
-11.3785 0.000690962
-11.3572 0.000698266
-11.3359 0.00070565
-11.3146 0.000713113
-11.2933 0.000720657
-11.272 0.000728283
-11.2507 0.000735992
-11.2293 0.000743784
-11.208 0.000751661
-11.1867 0.000759623
-11.1654 0.000767672
-11.1441 0.000775809
-11.1228 0.000784034
-11.1015 0.000792348
-11.0801 0.000800752
-11.0588 0.000809249
-11.0375 0.000817837
-11.0162 0.000826519
-10.9949 0.000835296
-10.9736 0.000844168
-10.9523 0.000853137
-10.9309 0.000862204
-10.9096 0.00087137
-10.8883 0.000880636
-10.867 0.000890003
-10.8457 0.000899472
-10.8244 0.000909044
-10.8031 0.000918721
-10.7817 0.000928504
-10.7604 0.000938394
-10.7391 0.000948392
-10.7178 0.0009585
-10.6965 0.000968718
-10.6752 0.000979048
-10.6538 0.000989492
-10.6325 0.00100005
-10.6112 0.00101072
-10.5899 0.00102151
-10.5686 0.00103242
-10.5473 0.00104345
-10.526 0.0010546
-10.5046 0.00106587
-10.4833 0.00107727
-10.462 0.00108879
-10.4407 0.00110044
-10.4194 0.00111221
-10.3981 0.00112412
-10.3768 0.00113616
-10.3554 0.00114833
-10.3341 0.00116063
-10.3128 0.00117307
-10.2915 0.00118565
-10.2702 0.00119836
-10.2489 0.00121122
-10.2276 0.00122421
-10.2062 0.00123735
-10.1849 0.00125064
-10.1636 0.00126407
-10.1423 0.00127765
-10.121 0.00129139
-10.0997 0.00130527
-10.0784 0.00131931
-10.057 0.0013335
-10.0357 0.00134785
-10.0144 0.00136236
-9.9931 0.00137703
-9.97179 0.00139186
-9.95047 0.00140686
-9.92916 0.00142202
-9.90785 0.00143736
-9.88653 0.00145286
-9.86522 0.00146853
-9.8439 0.00148438
-9.82259 0.00150041
-9.80127 0.00151661
-9.77996 0.001533
-9.75864 0.00154957
-9.73733 0.00156632
-9.71602 0.00158326
-9.6947 0.00160039
-9.67339 0.0016177
-9.65207 0.00163522
-9.63076 0.00165293
-9.60944 0.00167083
-9.58813 0.00168894
-9.56681 0.00170725
-9.5455 0.00172576
-9.52419 0.00174448
-9.50287 0.00176341
-9.48156 0.00178256
-9.46024 0.00180191
-9.43893 0.00182149
-9.41761 0.00184128
-9.3963 0.0018613
-9.37498 0.00188154
-9.35367 0.00190201
-9.33236 0.00192271
-9.31104 0.00194364
-9.28973 0.00196481
-9.26841 0.00198621
-9.2471 0.00200786
-9.22578 0.00202975
-9.20447 0.00205189
-9.18316 0.00207428
-9.16184 0.00209692
-9.14053 0.00211982
-9.11921 0.00214297
-9.0979 0.00216639
-9.07658 0.00219007
-9.05527 0.00221402
-9.03395 0.00223824
-9.01264 0.00226273
-8.99133 0.00228751
-8.97001 0.00231256
-8.9487 0.0023379
-8.92738 0.00236352
-8.90607 0.00238944
-8.88475 0.00241565
-8.86344 0.00244216
-8.84212 0.00246897
-8.82081 0.00249609
-8.7995 0.00252351
-8.77818 0.00255125
-8.75687 0.0025793
-8.73555 0.00260767
-8.71424 0.00263637
-8.69292 0.00266539
-8.67161 0.00269475
-8.65029 0.00272444
-8.62898 0.00275447
-8.60767 0.00278484
-8.58635 0.00281556
-8.56504 0.00284664
-8.54372 0.00287807
-8.52241 0.00290986
-8.50109 0.00294201
-8.47978 0.00297454
-8.45847 0.00300743
-8.43715 0.00304071
-8.41584 0.00307437
-8.39452 0.00310841
-8.37321 0.00314285
-8.35189 0.00317768
-8.33058 0.00321292
-8.30926 0.00324856
-8.28795 0.00328462
-8.26664 0.00332108
-8.24532 0.00335797
-8.22401 0.00339529
-8.20269 0.00343304
-8.18138 0.00347123
-8.16006 0.00350985
-8.13875 0.00354893
-8.11743 0.00358846
-8.09612 0.00362844
-8.07481 0.00366889
-8.05349 0.00370982
-8.03218 0.00375121
-8.01086 0.00379309
-7.98955 0.00383546
-7.96823 0.00387831
-7.94692 0.00392167
-7.9256 0.00396553
-7.90429 0.00400991
-7.88298 0.0040548
-7.86166 0.00410022
-7.84035 0.00414617
-7.81903 0.00419265
-7.79772 0.00423968
-7.7764 0.00428726
-7.75509 0.0043354
-7.73378 0.00438411
-7.71246 0.00443338
-7.69115 0.00448323
-7.66983 0.00453367
-7.64852 0.0045847
-7.6272 0.00463633
-7.60589 0.00468857
-7.58457 0.00474143
-7.56326 0.00479491
-7.54195 0.00484902
-7.52063 0.00490377
-7.49932 0.00495916
-7.478 0.00501521
-7.45669 0.00507193
-7.43537 0.00512931
-7.41406 0.00518737
-7.39274 0.00524613
-7.37143 0.00530558
-7.35012 0.00536573
-7.3288 0.0054266
-7.30749 0.0054882
-7.28617 0.00555053
-7.26486 0.0056136
-7.24354 0.00567742
-7.22223 0.005742
-7.20091 0.00580735
-7.1796 0.00587349
-7.15829 0.00594041
-7.13697 0.00600813
-7.11566 0.00607667
-7.09434 0.00614603
-7.07303 0.00621621
-7.05171 0.00628724
-7.0304 0.00635913
-7.00909 0.00643187
-6.98777 0.00650549
-6.96646 0.00658
-6.94514 0.00665541
-6.92383 0.00673172
-6.90251 0.00680895
-6.8812 0.00688712
-6.85988 0.00696623
-6.83857 0.0070463
-6.81726 0.00712734
-6.79594 0.00720936
-6.77463 0.00729237
-6.75331 0.00737639
-6.732 0.00746143
-6.71068 0.0075475
-6.68937 0.00763463
-6.66805 0.00772281
-6.64674 0.00781206
-6.62543 0.00790241
-6.60411 0.00799386
-6.5828 0.00808642
-6.56148 0.00818012
-6.54017 0.00827496
-6.51885 0.00837096
-6.49754 0.00846814
-6.47622 0.00856652
-6.45491 0.0086661
-6.4336 0.0087669
-6.41228 0.00886895
-6.39097 0.00897225
-6.36965 0.00907682
-6.34834 0.00918269
-6.32702 0.00928986
-6.30571 0.00939836
-6.2844 0.00950819
-6.26308 0.00961939
-6.24177 0.00973197
-6.22045 0.00984594
-6.19914 0.00996133
-6.17782 0.0100782
-6.15651 0.0101964
-6.13519 0.0103162
-6.11388 0.0104374
-6.09257 0.0105602
-6.07125 0.0106845
-6.04994 0.0108103
-6.02862 0.0109377
-6.00731 0.0110667
-5.98599 0.0111974
-5.96468 0.0113296
-5.94336 0.0114635
-5.92205 0.0115992
-5.90074 0.0117365
-5.87942 0.0118755
-5.85811 0.0120163
-5.83679 0.0121589
-5.81548 0.0123033
-5.79416 0.0124495
-5.77285 0.0125976
-5.75153 0.0127475
-5.73022 0.0128994
-5.70891 0.0130532
-5.68759 0.0132089
-5.66628 0.0133666
-5.64496 0.0135263
-5.62365 0.0136881
-5.60233 0.013852
-5.58102 0.0140179
-5.55971 0.0141859
-5.53839 0.0143561
-5.51708 0.0145285
-5.49576 0.0147032
-5.47445 0.01488
-5.45313 0.0150592
-5.43182 0.0152406
-5.4105 0.0154244
-5.38919 0.0156106
-5.36788 0.0157991
-5.34656 0.0159901
-5.32525 0.0161836
-5.30393 0.0163796
-5.28262 0.0165782
-5.2613 0.0167793
-5.23999 0.0169831
-5.21867 0.0171895
-5.19736 0.0173987
-5.17605 0.0176105
-5.15473 0.0178251
-5.13342 0.0180426
-5.1121 0.0182629
-5.09079 0.0184861
-5.06947 0.0187122
-5.04816 0.0189413
-5.02684 0.0191735
-5.00553 0.0194087
-4.98422 0.019647
-4.9629 0.0198885
-4.94159 0.0201332
-4.92027 0.0203811
-4.89896 0.0206324
-4.87764 0.020887
-4.85633 0.0211449
-4.83502 0.0214064
-4.8137 0.0216713
-4.79239 0.0219398
-4.77107 0.0222119
-4.74976 0.0224876
-4.72844 0.022767
-4.70713 0.0230502
-4.68581 0.0233373
-4.6645 0.0236282
-4.64319 0.023923
-4.62187 0.0242218
-4.60056 0.0245247
-4.57924 0.0248317
-4.55793 0.0251429
-4.53661 0.0254583
-4.5153 0.0257781
-4.49398 0.0261022
-4.47267 0.0264307
-4.45136 0.0267637
-4.43004 0.0271014
-4.40873 0.0274436
-4.38741 0.0277906
-4.3661 0.0281423
-4.34478 0.028499
-4.32347 0.0288605
-4.30215 0.0292271
-4.28084 0.0295987
-4.25953 0.0299756
-4.23821 0.0303576
-4.2169 0.030745
-4.19558 0.0311378
-4.17427 0.0315361
-4.15295 0.03194
-4.13164 0.0323496
-4.11033 0.0327649
-4.08901 0.0331861
-4.0677 0.0336132
-4.04638 0.0340464
-4.02507 0.0344857
-4.00375 0.0349312
-3.98244 0.035383
-3.96112 0.0358413
-3.93981 0.0363061
-3.9185 0.0367776
-3.89718 0.0372558
-3.87587 0.0377409
-3.85455 0.0382329
-3.83324 0.038732
-3.81192 0.0392383
-3.79061 0.0397519
-3.76929 0.0402729
-3.74798 0.0408015
-3.72667 0.0413377
-3.70535 0.0418817
-3.68404 0.0424337
-3.66272 0.0429937
-3.64141 0.043562
-3.62009 0.0441385
-3.59878 0.0447235
-3.57746 0.0453171
-3.55615 0.0459195
-3.53484 0.0465307
-3.51352 0.047151
-3.49221 0.0477805
-3.47089 0.0484193
-3.44958 0.0490677
-3.42826 0.0497257
-3.40695 0.0503935
-3.38564 0.0510713
-3.36432 0.0517593
-3.34301 0.0524576
-3.32169 0.0531664
-3.30038 0.053886
-3.27906 0.0546164
-3.25775 0.0553578
-3.23643 0.0561106
-3.21512 0.0568747
-3.19381 0.0576506
-3.17249 0.0584382
-3.15118 0.0592379
-3.12986 0.0600499
-3.10855 0.0608744
-3.08723 0.0617115
-3.06592 0.0625616
-3.0446 0.0634248
-3.02329 0.0643014
-3.00198 0.0651916
-2.98066 0.0660956
-2.95935 0.0670137
-2.93803 0.0679462
-2.91672 0.0688933
-2.8954 0.0698552
-2.87409 0.0708323
-2.85277 0.0718247
-2.83146 0.0728329
-2.81015 0.0738569
-2.78883 0.0748972
-2.76752 0.0759541
-2.7462 0.0770277
-2.72489 0.0781185
-2.70357 0.0792267
-2.68226 0.0803527
-2.66094 0.0814967
-2.63963 0.0826592
-2.61832 0.0838404
-2.597 0.0850406
-2.57569 0.0862603
-2.55437 0.0874998
-2.53306 0.0887593
-2.51174 0.0900394
-2.49043 0.0913404
-2.46912 0.0926626
-2.4478 0.0940065
-2.42649 0.0953724
-2.40517 0.0967607
-2.38386 0.0981719
-2.36254 0.0996064
-2.34123 0.101065
-2.31991 0.102547
-2.2986 0.104054
-2.27729 0.105586
-2.25597 0.107143
-2.23466 0.108726
-2.21334 0.110336
-2.19203 0.111972
-2.17071 0.113636
-2.1494 0.115328
-2.12808 0.117048
-2.10677 0.118797
-2.08546 0.120576
-2.06414 0.122384
-2.04283 0.124222
-2.02151 0.126092
-2.0002 0.127993
-1.97888 0.129926
-1.95757 0.131892
-1.93625 0.133891
-1.91494 0.135924
-1.89363 0.137991
-1.87231 0.140093
-1.851 0.14223
-1.82968 0.144403
-1.80837 0.146613
-1.78705 0.14886
-1.76574 0.151145
-1.74443 0.153468
-1.72311 0.15583
-1.7018 0.158232
-1.68048 0.160673
-1.65917 0.163155
-1.63785 0.165679
-1.61654 0.168244
-1.59522 0.170851
-1.57391 0.173501
-1.5526 0.176194
-1.53128 0.178931
-1.50997 0.181712
-1.48865 0.184538
-1.46734 0.187409
-1.44602 0.190325
-1.42471 0.193287
-1.40339 0.196295
-1.38208 0.199349
-1.36077 0.202449
-1.33945 0.205596
-1.31814 0.208789
-1.29682 0.212029
-1.27551 0.215316
-1.25419 0.218649
-1.23288 0.222027
-1.21156 0.225452
-1.19025 0.228921
-1.16894 0.232435
-1.14762 0.235992
-1.12631 0.239593
-1.10499 0.243235
-1.08368 0.246917
-1.06236 0.250638
-1.04105 0.254397
-1.01974 0.258191
-0.998421 0.262018
-0.977106 0.265876
-0.955792 0.269762
-0.934478 0.273673
-0.913163 0.277605
-0.891849 0.281556
-0.870534 0.285521
-0.84922 0.289495
-0.827905 0.293474
-0.806591 0.297452
-0.785277 0.301424
-0.763962 0.305383
-0.742648 0.309323
-0.721333 0.313235
-0.700019 0.317113
-0.678705 0.320948
-0.65739 0.32473
-0.636076 0.32845
-0.614761 0.332099
-0.593447 0.335664
-0.572133 0.339135
-0.550818 0.3425
-0.529504 0.345746
-0.508189 0.348859
-0.486875 0.351828
-0.46556 0.354637
-0.444246 0.357272
-0.422932 0.359719
-0.401617 0.361963
-0.380303 0.36399
-0.358988 0.365783
-0.337674 0.36733
-0.31636 0.368615
-0.295045 0.369626
-0.273731 0.370348
-0.252416 0.370769
-0.231102 0.370879
-0.209788 0.370667
-0.188473 0.370124
-0.167159 0.369243
-0.145844 0.368019
-0.12453 0.366448
-0.103215 0.364527
-0.0819011 0.362258
-0.0605866 0.359641
-0.0392722 0.356682
-0.0179578 0.353387
0.00335659 0.349763
0.024671 0.345823
0.0459854 0.341576
0.0672998 0.337039
0.0886142 0.332226
0.109929 0.327155
0.131243 0.321843
0.152557 0.316311
0.173872 0.310578
0.195186 0.304664
0.216501 0.298592
0.237815 0.292382
0.25913 0.286054
0.280444 0.279631
0.301758 0.273132
0.323073 0.266576
0.344387 0.259984
0.365702 0.253374
0.387016 0.246761
0.40833 0.240164
0.429645 0.233596
0.450959 0.227072
0.472274 0.220605
0.493588 0.214206
0.514902 0.207887
0.536217 0.201656
0.557531 0.195523
0.578846 0.189494
0.60016 0.183576
0.621475 0.177775
0.642789 0.172095
0.664103 0.16654
0.685418 0.161113
0.706732 0.155817
0.728047 0.150653
0.749361 0.145622
0.770675 0.140725
0.79199 0.135962
0.813304 0.131332
0.834619 0.126836
0.855933 0.12247
0.877248 0.118236
0.898562 0.11413
0.919876 0.11015
0.941191 0.106295
0.962505 0.102563
0.98382 0.0989502
1.00513 0.095455
1.02645 0.0920744
1.04776 0.0888059
1.06908 0.0856466
1.09039 0.0825938
1.11171 0.0796447
1.13302 0.0767963
1.15433 0.0740459
1.17565 0.0713907
1.19696 0.0688278
1.21828 0.0663544
1.23959 0.0639679
1.26091 0.0616654
1.28222 0.0594445
1.30354 0.0573023
1.32485 0.0552364
1.34616 0.0532443
1.36748 0.0513235
1.38879 0.0494717
1.41011 0.0476864
1.43142 0.0459654
1.45274 0.0443066
1.47405 0.0427077
1.49537 0.0411667
1.51668 0.0396816
1.53799 0.0382503
1.55931 0.036871
1.58062 0.0355419
1.60194 0.0342611
1.62325 0.0330269
1.64457 0.0318376
1.66588 0.0306917
1.6872 0.0295875
1.70851 0.0285236
1.72982 0.0274984
1.75114 0.0265107
1.77245 0.0255589
1.79377 0.0246419
1.81508 0.0237582
1.8364 0.0229068
1.85771 0.0220864
1.87902 0.0212959
1.90034 0.0205342
1.92165 0.0198002
1.94297 0.0190929
1.96428 0.0184114
1.9856 0.0177546
2.00691 0.0171218
2.02823 0.0165119
2.04954 0.0159241
2.07085 0.0153577
2.09217 0.0148118
2.11348 0.0142857
2.1348 0.0137787
2.15611 0.01329
2.17743 0.012819
2.19874 0.012365
2.22006 0.0119274
2.24137 0.0115057
2.26268 0.0110991
2.284 0.0107072
2.30531 0.0103294
2.32663 0.00996524
2.34794 0.00961416
2.36926 0.0092757
2.39057 0.0089494
2.41189 0.00863481
2.4332 0.0083315
2.45451 0.00803906
2.47583 0.00775709
2.49714 0.00748521
2.51846 0.00722305
2.53977 0.00697026
2.56109 0.00672649
2.5824 0.00649142
2.60371 0.00626472
2.62503 0.0060461
2.64634 0.00583526
2.66766 0.00563191
2.68897 0.00543579
2.71029 0.00524664
2.7316 0.00506419
2.75292 0.00488821
2.77423 0.00471846
2.79554 0.00455472
2.81686 0.00439677
2.83817 0.0042444
2.85949 0.00409741
2.8808 0.00395561
2.90212 0.00381881
2.92343 0.00368682
2.94475 0.00355949
2.96606 0.00343663
2.98737 0.00331808
3.00869 0.00320371
3.03 0.00309334
3.05132 0.00298685
3.07263 0.00288409
3.09395 0.00278492
3.11526 0.00268923
3.13658 0.00259688
3.15789 0.00250776
3.1792 0.00242175
3.20052 0.00233874
3.22183 0.00225862
3.24315 0.0021813
3.26446 0.00210667
3.28578 0.00203463
3.30709 0.0019651
3.3284 0.00189799
3.34972 0.0018332
3.37103 0.00177066
3.39235 0.00171029
3.41366 0.00165201
3.43498 0.00159575
3.45629 0.00154144
3.47761 0.001489
3.49892 0.00143838
3.52023 0.00138951
3.54155 0.00134232
3.56286 0.00129675
3.58418 0.00125276
3.60549 0.00121029
3.62681 0.00116927
3.64812 0.00112967
3.66944 0.00109143
3.69075 0.0010545
3.71206 0.00101884
3.73338 0.000984405
3.75469 0.000951149
3.77601 0.000919034
3.79732 0.000888018
3.81864 0.000858064
3.83995 0.000829135
3.86127 0.000801195
3.88258 0.00077421
3.90389 0.000748146
3.92521 0.000722972
3.94652 0.000698656
3.96784 0.00067517
3.98915 0.000652484
4.01047 0.00063057
4.03178 0.000609402
4.05309 0.000588955
4.07441 0.000569202
4.09572 0.000550121
4.11704 0.000531688
4.13835 0.00051388
4.15967 0.000496676
4.18098 0.000480056
4.2023 0.000463999
4.22361 0.000448486
4.24492 0.000433498
4.26624 0.000419017
4.28755 0.000405026
4.30887 0.000391508
4.33018 0.000378447
4.3515 0.000365826
4.37281 0.000353632
4.39413 0.000341849
4.41544 0.000330463
4.43675 0.000319461
4.45807 0.000308829
4.47938 0.000298556
4.5007 0.000288628
4.52201 0.000279034
4.54333 0.000269763
4.56464 0.000260803
4.58596 0.000252145
4.60727 0.000243776
4.62858 0.000235689
4.6499 0.000227873
4.67121 0.000220319
4.69253 0.000213019
4.71384 0.000205963
4.73516 0.000199143
4.75647 0.000192551
4.77779 0.00018618
4.7991 0.000180022
4.82041 0.00017407
4.84173 0.000168316
4.86304 0.000162755
4.88436 0.000157379
4.90567 0.000152183
4.92699 0.00014716
4.9483 0.000142305
4.96961 0.000137611
4.99093 0.000133074
5.01224 0.000128688
5.03356 0.000124448
5.05487 0.000120349
5.07619 0.000116386
5.0975 0.000112555
5.11882 0.000108852
5.14013 0.000105271
5.16144 0.00010181
5.18276 9.84628e-05
5.20407 9.52271e-05
5.22539 9.20988e-05
5.2467 8.90742e-05
5.26802 8.61498e-05
5.28933 8.33224e-05
