-1.86054 3.06177e-05
-1.40507 0.000191807
-0.94961 0.00113648
-0.494144 0.0057862
-0.0386791 0.0201925
0.416786 0.039245
0.872251 0.0498148
1.32772 0.0528381
1.78318 0.0524709
2.23865 0.0508193
2.69411 0.0487457
3.14958 0.0465975
3.60504 0.0445137
4.06051 0.0425466
4.51597 0.0407114
4.97144 0.039007
5.4269 0.0374258
5.88237 0.0359579
6.33783 0.0345929
6.7933 0.0333211
7.24876 0.0321333
7.70423 0.0310213
8.15969 0.029978
8.61516 0.0289968
9.07063 0.0280722
9.52609 0.0271991
9.98156 0.026373
10.437 0.02559
10.8925 0.0248465
11.348 0.0241396
11.8034 0.0234662
12.2589 0.022824
12.7143 0.0222107
13.1698 0.0216243
13.6253 0.0210629
14.0807 0.0205248
14.5362 0.0200085
14.9917 0.0195127
15.4471 0.0190361
15.9026 0.0185776
16.3581 0.0181361
16.8135 0.0177105
17.269 0.0173001
17.7245 0.016904
18.1799 0.0165215
18.6354 0.0161518
19.0909 0.0157943
19.5463 0.0154484
20.0018 0.0151134
20.4573 0.014789
20.9127 0.0144746
21.3682 0.0141697
21.8237 0.0138739
22.2791 0.0135868
22.7346 0.013308
23.19 0.0130372
23.6455 0.0127741
24.101 0.0125183
24.5564 0.0122695
25.0119 0.0120274
25.4674 0.0117919
25.9228 0.0115625
26.3783 0.0113392
26.8338 0.0111216
27.2892 0.0109096
27.7447 0.010703
28.2002 0.0105015
28.6556 0.0103051
29.1111 0.0101134
29.5666 0.00992637
30.022 0.00974384
30.4775 0.00956565
30.933 0.00939167
31.3884 0.00922174
31.8439 0.00905575
32.2994 0.00889357
32.7548 0.00873507
33.2103 0.00858015
33.6657 0.0084287
34.1212 0.0082806
34.5767 0.00813577
35.0321 0.0079941
35.4876 0.0078555
35.9431 0.00771988
36.3985 0.00758716
36.854 0.00745726
37.3095 0.00733009
37.7649 0.00720559
38.2204 0.00708367
38.6759 0.00696427
39.1313 0.00684731
39.5868 0.00673274
40.0423 0.00662049
40.4977 0.00651051
40.9532 0.00640272
41.4087 0.00629707
41.8641 0.00619352
42.3196 0.006092
42.7751 0.00599247
43.2305 0.00589487
43.686 0.00579916
44.1414 0.0057053
44.5969 0.00561323
45.0524 0.00552291
45.5078 0.00543431
45.9633 0.00534737
46.4188 0.00526207
46.8742 0.00517836
47.3297 0.00509621
47.7852 0.00501558
48.2406 0.00493643
48.6961 0.00485874
49.1516 0.00478246
49.607 0.00470757
50.0625 0.00463404
50.518 0.00456183
50.9734 0.00449092
51.4289 0.00442127
51.8844 0.00435287
52.3398 0.00428568
52.7953 0.00421967
53.2508 0.00415483
53.7062 0.00409113
54.1617 0.00402854
54.6171 0.00396704
55.0726 0.00390661
55.5281 0.00384722
55.9835 0.00378885
56.439 0.00373149
56.8945 0.00367511
57.3499 0.00361969
57.8054 0.00356521
58.2609 0.00351165
58.7163 0.003459
59.1718 0.00340724
59.6273 0.00335634
60.0827 0.0033063
60.5382 0.00325709
60.9937 0.0032087
61.4491 0.00316111
61.9046 0.00311431
62.3601 0.00306828
62.8155 0.00302301
63.271 0.00297848
63.7265 0.00293468
64.1819 0.00289159
64.6374 0.0028492
65.0928 0.00280751
65.5483 0.00276648
66.0038 0.00272612
66.4592 0.00268641
66.9147 0.00264733
67.3702 0.00260889
67.8256 0.00257105
68.2811 0.00253382
68.7366 0.00249718
69.192 0.00246113
69.6475 0.00242564
70.103 0.00239072
70.5584 0.00235634
71.0139 0.00232251
71.4694 0.0022892
71.9248 0.00225642
72.3803 0.00222415
72.8358 0.00219238
73.2912 0.00216111
73.7467 0.00213032
74.2022 0.00210001
74.6576 0.00207017
75.1131 0.00204079
75.5685 0.00201186
76.024 0.00198337
76.4795 0.00195533
76.9349 0.00192771
77.3904 0.00190051
77.8459 0.00187373
78.3013 0.00184736
78.7568 0.00182138
79.2123 0.00179581
79.6677 0.00177061
80.1232 0.0017458
80.5787 0.00172137
81.0341 0.0016973
81.4896 0.00167359
81.9451 0.00165024
82.4005 0.00162724
82.856 0.00160459
83.3115 0.00158227
83.7669 0.00156028
84.2224 0.00153863
84.6779 0.00151729
85.1333 0.00149627
85.5888 0.00147557
86.0442 0.00145516
86.4997 0.00143507
86.9552 0.00141526
87.4106 0.00139575
87.8661 0.00137653
88.3216 0.00135759
88.777 0.00133892
89.2325 0.00132053
89.688 0.00130241
90.1434 0.00128455
90.5989 0.00126696
91.0544 0.00124962
91.5098 0.00123253
91.9653 0.00121569
92.4208 0.00119909
92.8762 0.00118274
93.3317 0.00116662
93.7872 0.00115074
94.2426 0.00113508
94.6981 0.00111965
95.1536 0.00110444
95.609 0.00108945
96.0645 0.00107468
96.5199 0.00106011
96.9754 0.00104576
97.4309 0.00103161
97.8863 0.00101766
98.3418 0.00100392
98.7973 0.000990365
99.2527 0.000977007
99.7082 0.000963838
100.164 0.000950857
100.619 0.00093806
101.075 0.000925444
101.53 0.000913007
101.986 0.000900746
102.441 0.000888659
102.896 0.000876741
103.352 0.000864992
103.807 0.000853408
104.263 0.000841988
104.718 0.000830728
105.174 0.000819626
105.629 0.000808679
106.085 0.000797886
106.54 0.000787244
106.996 0.000776751
107.451 0.000766405
107.907 0.000756203
108.362 0.000746143
108.818 0.000736224
109.273 0.000726442
109.728 0.000716797
110.184 0.000707285
110.639 0.000697906
111.095 0.000688656
111.55 0.000679535
112.006 0.00067054
112.461 0.000661669
112.917 0.000652921
113.372 0.000644293
113.828 0.000635785
114.283 0.000627394
114.739 0.000619118
115.194 0.000610957
115.649 0.000602907
116.105 0.000594968
116.56 0.000587138
117.016 0.000579415
117.471 0.000571798
117.927 0.000564285
118.382 0.000556875
118.838 0.000549567
119.293 0.000542358
119.749 0.000535247
120.204 0.000528234
120.66 0.000521316
121.115 0.000514492
121.571 0.000507761
122.026 0.000501121
122.481 0.000494572
122.937 0.000488112
123.392 0.000481739
123.848 0.000475452
124.303 0.000469251
124.759 0.000463133
125.214 0.000457099
125.67 0.000451145
126.125 0.000445273
126.581 0.000439479
127.036 0.000433764
127.492 0.000428125
127.947 0.000422563
128.403 0.000417075
128.858 0.000411661
129.313 0.00040632
129.769 0.000401051
130.224 0.000395852
130.68 0.000390723
131.135 0.000385663
131.591 0.000380671
132.046 0.000375745
132.502 0.000370885
132.957 0.00036609
133.413 0.00036136
133.868 0.000356692
134.324 0.000352087
134.779 0.000347543
135.234 0.00034306
135.69 0.000338636
136.145 0.000334272
136.601 0.000329965
137.056 0.000325716
137.512 0.000321523
137.967 0.000317385
138.423 0.000313303
138.878 0.000309275
139.334 0.0003053
139.789 0.000301378
140.245 0.000297508
140.7 0.000293689
141.156 0.00028992
141.611 0.000286202
142.066 0.000282532
142.522 0.000278911
142.977 0.000275338
143.433 0.000271812
143.888 0.000268332
144.344 0.000264898
144.799 0.000261509
145.255 0.000258165
145.71 0.000254865
146.166 0.000251609
146.621 0.000248395
147.077 0.000245223
147.532 0.000242093
147.988 0.000239004
148.443 0.000235956
148.898 0.000232947
149.354 0.000229978
149.809 0.000227048
150.265 0.000224156
150.72 0.000221302
151.176 0.000218485
151.631 0.000215705
152.087 0.000212962
152.542 0.000210254
152.998 0.000207582
153.453 0.000204944
153.909 0.000202341
154.364 0.000199772
154.819 0.000197236
155.275 0.000194733
155.73 0.000192263
156.186 0.000189825
156.641 0.000187418
157.097 0.000185043
157.552 0.000182699
158.008 0.000180385
158.463 0.000178101
158.919 0.000175847
159.374 0.000173622
159.83 0.000171426
160.285 0.000169259
160.741 0.000167119
161.196 0.000165007
161.651 0.000162923
162.107 0.000160865
162.562 0.000158834
163.018 0.000156829
163.473 0.00015485
163.929 0.000152897
164.384 0.000150969
164.84 0.000149066
165.295 0.000147187
165.751 0.000145333
166.206 0.000143502
166.662 0.000141695
167.117 0.000139911
167.573 0.000138151
168.028 0.000136412
168.483 0.000134697
168.939 0.000133003
169.394 0.000131331
169.85 0.000129681
170.305 0.000128051
170.761 0.000126443
171.216 0.000124855
171.672 0.000123288
172.127 0.000121741
172.583 0.000120213
173.038 0.000118706
173.494 0.000117217
173.949 0.000115748
174.405 0.000114297
174.86 0.000112865
175.315 0.000111451
175.771 0.000110055
176.226 0.000108677
176.682 0.000107317
177.137 0.000105974
177.593 0.000104648
178.048 0.00010334
178.504 0.000102047
178.959 0.000100772
179.415 9.95124e-05
179.87 9.8269e-05
180.326 9.70415e-05
180.781 9.58296e-05
181.236 9.46332e-05
181.692 9.3452e-05
182.147 9.22858e-05
182.603 9.11344e-05
183.058 8.99977e-05
183.514 8.88754e-05
183.969 8.77674e-05
184.425 8.66735e-05
184.88 8.55935e-05
185.336 8.45271e-05
185.791 8.34743e-05
186.247 8.24349e-05
186.702 8.14086e-05
187.158 8.03954e-05
187.613 7.9395e-05
188.068 7.84072e-05
188.524 7.7432e-05
188.979 7.64692e-05
189.435 7.55185e-05
189.89 7.45798e-05
190.346 7.36531e-05
190.801 7.2738e-05
191.257 7.18345e-05
191.712 7.09425e-05
192.168 7.00617e-05
192.623 6.9192e-05
193.079 6.83333e-05
193.534 6.74855e-05
193.99 6.66483e-05
194.445 6.58218e-05
194.9 6.50056e-05
195.356 6.41998e-05
195.811 6.34041e-05
196.267 6.26184e-05
196.722 6.18426e-05
197.178 6.10766e-05
197.633 6.03203e-05
198.089 5.95735e-05
198.544 5.8836e-05
199 5.81079e-05
199.455 5.73889e-05
199.911 5.66789e-05
200.366 5.59779e-05
200.821 5.52857e-05
201.277 5.46022e-05
201.732 5.39273e-05
202.188 5.32608e-05
202.643 5.26027e-05
203.099 5.19529e-05
203.554 5.13112e-05
204.01 5.06776e-05
204.465 5.00519e-05
204.921 4.94341e-05
205.376 4.8824e-05
205.832 4.82216e-05
206.287 4.76267e-05
206.743 4.70393e-05
207.198 4.64592e-05
207.653 4.58864e-05
208.109 4.53207e-05
208.564 4.47622e-05
209.02 4.42106e-05
209.475 4.36659e-05
209.931 4.31281e-05
210.386 4.25969e-05
210.842 4.20724e-05
211.297 4.15544e-05
211.753 4.1043e-05
212.208 4.05379e-05
212.664 4.00391e-05
213.119 3.95465e-05
213.575 3.90601e-05
214.03 3.85798e-05
214.485 3.81054e-05
214.941 3.7637e-05
215.396 3.71744e-05
215.852 3.67176e-05
216.307 3.62664e-05
216.763 3.58209e-05
217.218 3.53809e-05
217.674 3.49465e-05
218.129 3.45174e-05
218.585 3.40936e-05
219.04 3.36752e-05
219.496 3.32619e-05
219.951 3.28538e-05
220.406 3.24508e-05
220.862 3.20528e-05
221.317 3.16597e-05
221.773 3.12715e-05
222.228 3.08881e-05
222.684 3.05095e-05
223.139 3.01356e-05
223.595 2.97664e-05
224.05 2.94017e-05
224.506 2.90416e-05
224.961 2.86859e-05
225.417 2.83346e-05
225.872 2.79877e-05
226.328 2.76451e-05
226.783 2.73068e-05
227.238 2.69726e-05
227.694 2.66426e-05
228.149 2.63167e-05
228.605 2.59948e-05
229.06 2.56769e-05
229.516 2.53629e-05
229.971 2.50528e-05
230.427 2.47466e-05
230.882 2.44441e-05
231.338 2.41454e-05
231.793 2.38504e-05
232.249 2.35591e-05
232.704 2.32713e-05
233.16 2.29871e-05
233.615 2.27064e-05
234.07 2.24292e-05
234.526 2.21554e-05
234.981 2.1885e-05
235.437 2.1618e-05
235.892 2.13542e-05
236.348 2.10937e-05
236.803 2.08364e-05
237.259 2.05823e-05
237.714 2.03313e-05
238.17 2.00834e-05
238.625 1.98386e-05
239.081 1.95968e-05
239.536 1.93579e-05
239.991 1.91221e-05
240.447 1.88891e-05
240.902 1.8659e-05
241.358 1.84317e-05
241.813 1.82073e-05
242.269 1.79856e-05
242.724 1.77666e-05
243.18 1.75503e-05
243.635 1.73367e-05
244.091 1.71257e-05
244.546 1.69173e-05
245.002 1.67115e-05
245.457 1.65082e-05
245.913 1.63074e-05
246.368 1.61091e-05
246.823 1.59132e-05
247.279 1.57198e-05
247.734 1.55287e-05
248.19 1.53399e-05
248.645 1.51535e-05
249.101 1.49694e-05
249.556 1.47875e-05
250.012 1.46079e-05
250.467 1.44304e-05
250.923 1.42552e-05
251.378 1.40821e-05
251.834 1.39111e-05
252.289 1.37422e-05
252.745 1.35754e-05
253.2 1.34106e-05
253.655 1.32479e-05
254.111 1.30872e-05
254.566 1.29284e-05
255.022 1.27716e-05
255.477 1.26166e-05
255.933 1.24636e-05
256.388 1.23125e-05
256.844 1.21632e-05
257.299 1.20158e-05
257.755 1.18701e-05
258.21 1.17263e-05
258.666 1.15842e-05
259.121 1.14438e-05
259.576 1.13052e-05
260.032 1.11682e-05
260.487 1.10329e-05
260.943 1.08993e-05
261.398 1.07673e-05
261.854 1.0637e-05
262.309 1.05082e-05
262.765 1.0381e-05
263.22 1.02554e-05
263.676 1.01312e-05
264.131 1.00086e-05
264.587 9.88755e-06
265.042 9.76794e-06
265.498 9.64979e-06
265.953 9.53307e-06
266.408 9.41779e-06
266.864 9.30391e-06
267.319 9.19142e-06
267.775 9.08031e-06
268.23 8.97055e-06
268.686 8.86213e-06
269.141 8.75503e-06
269.597 8.64924e-06
270.052 8.54475e-06
270.508 8.44152e-06
270.963 8.33955e-06
271.419 8.23883e-06
271.874 8.13933e-06
272.33 8.04105e-06
272.785 7.94397e-06
273.24 7.84806e-06
273.696 7.75333e-06
274.151 7.65975e-06
274.607 7.56731e-06
275.062 7.476e-06
275.518 7.3858e-06
275.973 7.29669e-06
276.429 7.20867e-06
276.884 7.12172e-06
277.34 7.03583e-06
277.795 6.95099e-06
278.251 6.86718e-06
278.706 6.78438e-06
279.162 6.7026e-06
279.617 6.62181e-06
280.072 6.542e-06
280.528 6.46316e-06
280.983 6.38528e-06
281.439 6.30835e-06
281.894 6.23235e-06
282.35 6.15727e-06
282.805 6.08311e-06
283.261 6.00985e-06
283.716 5.93748e-06
284.172 5.86598e-06
284.627 5.79536e-06
285.083 5.72559e-06
285.538 5.65667e-06
285.993 5.58859e-06
286.449 5.52133e-06
286.904 5.45489e-06
287.36 5.38926e-06
287.815 5.32442e-06
288.271 5.26037e-06
288.726 5.19709e-06
289.182 5.13459e-06
289.637 5.07284e-06
290.093 5.01184e-06
290.548 4.95158e-06
291.004 4.89204e-06
291.459 4.83324e-06
291.915 4.77514e-06
292.37 4.71775e-06
292.825 4.66105e-06
293.281 4.60504e-06
293.736 4.54971e-06
294.192 4.49505e-06
294.647 4.44105e-06
295.103 4.3877e-06
295.558 4.335e-06
296.014 4.28294e-06
296.469 4.23151e-06
296.925 4.1807e-06
297.38 4.13051e-06
297.836 4.08092e-06
298.291 4.03194e-06
298.747 3.98354e-06
299.202 3.93573e-06
299.657 3.8885e-06
300.113 3.84184e-06
300.568 3.79575e-06
301.024 3.75021e-06
301.479 3.70522e-06
301.935 3.66078e-06
302.39 3.61687e-06
302.846 3.5735e-06
303.301 3.53065e-06
303.757 3.48831e-06
304.212 3.44649e-06
304.668 3.40517e-06
305.123 3.36436e-06
305.578 3.32403e-06
306.034 3.28419e-06
306.489 3.24484e-06
306.945 3.20595e-06
307.4 3.16754e-06
307.856 3.12959e-06
308.311 3.0921e-06
308.767 3.05506e-06
309.222 3.01847e-06
309.678 2.98232e-06
310.133 2.94661e-06
310.589 2.91132e-06
311.044 2.87647e-06
311.5 2.84203e-06
311.955 2.80801e-06
312.41 2.7744e-06
312.866 2.74119e-06
313.321 2.70838e-06
313.777 2.67597e-06
314.232 2.64395e-06
314.688 2.61232e-06
315.143 2.58106e-06
315.599 2.55019e-06
316.054 2.51968e-06
316.51 2.48954e-06
316.965 2.45977e-06
317.421 2.43035e-06
317.876 2.40129e-06
318.332 2.37258e-06
318.787 2.34422e-06
319.242 2.31619e-06
319.698 2.2885e-06
320.153 2.26115e-06
320.609 2.23413e-06
321.064 2.20743e-06
321.52 2.18105e-06
321.975 2.15499e-06
322.431 2.12924e-06
322.886 2.1038e-06
323.342 2.07867e-06
323.797 2.05384e-06
324.253 2.02931e-06
324.708 2.00507e-06
325.163 1.98113e-06
325.619 1.95747e-06
326.074 1.9341e-06
326.53 1.91101e-06
326.985 1.8882e-06
327.441 1.86566e-06
327.896 1.84339e-06
328.352 1.82138e-06
328.807 1.79965e-06
329.263 1.77817e-06
329.718 1.75695e-06
330.174 1.73599e-06
330.629 1.71528e-06
331.085 1.69482e-06
331.54 1.6746e-06
331.995 1.65462e-06
332.451 1.63489e-06
332.906 1.61539e-06
333.362 1.59613e-06
333.817 1.5771e-06
334.273 1.55829e-06
334.728 1.53971e-06
335.184 1.52136e-06
335.639 1.50322e-06
336.095 1.4853e-06
336.55 1.4676e-06
337.006 1.45011e-06
337.461 1.43283e-06
337.917 1.41576e-06
338.372 1.39889e-06
338.827 1.38222e-06
339.283 1.36575e-06
339.738 1.34948e-06
340.194 1.33341e-06
340.649 1.31753e-06
341.105 1.30184e-06
341.56 1.28633e-06
342.016 1.27101e-06
342.471 1.25588e-06
342.927 1.24093e-06
343.382 1.22615e-06
343.838 1.21156e-06
344.293 1.19713e-06
344.748 1.18288e-06
345.204 1.16881e-06
345.659 1.1549e-06
346.115 1.14115e-06
346.57 1.12757e-06
347.026 1.11416e-06
347.481 1.1009e-06
347.937 1.0878e-06
348.392 1.07486e-06
348.848 1.06208e-06
349.303 1.04944e-06
349.759 1.03696e-06
350.214 1.02463e-06
350.67 1.01244e-06
351.125 1.0004e-06
351.58 9.88509e-07
352.036 9.76756e-07
352.491 9.65144e-07
352.947 9.5367e-07
353.402 9.42334e-07
353.858 9.31133e-07
354.313 9.20066e-07
354.769 9.09131e-07
355.224 8.98327e-07
355.68 8.87652e-07
356.135 8.77105e-07
356.591 8.66684e-07
357.046 8.56387e-07
357.502 8.46213e-07
357.957 8.36161e-07
358.412 8.26229e-07
358.868 8.16415e-07
359.323 8.06719e-07
359.779 7.97138e-07
360.234 7.87672e-07
360.69 7.78319e-07
361.145 7.69078e-07
361.601 7.59946e-07
362.056 7.50924e-07
362.512 7.4201e-07
362.967 7.33202e-07
363.423 7.24499e-07
363.878 7.159e-07
364.334 7.07404e-07
364.789 6.99009e-07
365.244 6.90714e-07
365.7 6.82518e-07
366.155 6.7442e-07
366.611 6.66418e-07
367.066 6.58512e-07
367.522 6.507e-07
367.977 6.42982e-07
368.433 6.35355e-07
368.888 6.27819e-07
369.344 6.20373e-07
369.799 6.13016e-07
370.255 6.05747e-07
370.71 5.98564e-07
371.165 5.91467e-07
371.621 5.84455e-07
372.076 5.77526e-07
372.532 5.70679e-07
372.987 5.63915e-07
373.443 5.5723e-07
373.898 5.50626e-07
374.354 5.441e-07
374.809 5.37652e-07
375.265 5.3128e-07
375.72 5.24985e-07
376.176 5.18765e-07
376.631 5.12618e-07
377.087 5.06545e-07
377.542 5.00544e-07
377.997 4.94615e-07
378.453 4.88756e-07
378.908 4.82967e-07
379.364 4.77246e-07
379.819 4.71594e-07
380.275 4.6601e-07
380.73 4.60491e-07
381.186 4.55038e-07
381.641 4.49651e-07
382.097 4.44327e-07
382.552 4.39067e-07
383.008 4.33869e-07
383.463 4.28733e-07
383.919 4.23658e-07
384.374 4.18643e-07
384.829 4.13689e-07
385.285 4.08793e-07
385.74 4.03955e-07
386.196 3.99175e-07
386.651 3.94451e-07
387.107 3.89784e-07
387.562 3.85173e-07
388.018 3.80616e-07
388.473 3.76113e-07
388.929 3.71664e-07
389.384 3.67268e-07
389.84 3.62924e-07
390.295 3.58631e-07
390.75 3.5439e-07
391.206 3.50199e-07
391.661 3.46057e-07
392.117 3.41965e-07
392.572 3.37922e-07
393.028 3.33927e-07
393.483 3.29979e-07
393.939 3.26078e-07
394.394 3.22223e-07
394.85 3.18414e-07
395.305 3.1465e-07
395.761 3.10931e-07
396.216 3.07257e-07
396.672 3.03625e-07
397.127 3.00037e-07
397.582 2.96492e-07
398.038 2.92988e-07
398.493 2.89526e-07
398.949 2.86106e-07
399.404 2.82726e-07
399.86 2.79386e-07
400.315 2.76085e-07
400.771 2.72824e-07
401.226 2.69601e-07
401.682 2.66417e-07
402.137 2.63271e-07
402.593 2.60161e-07
403.048 2.57089e-07
403.504 2.54053e-07
403.959 2.51053e-07
404.414 2.48089e-07
404.87 2.4516e-07
405.325 2.42266e-07
405.781 2.39406e-07
406.236 2.36579e-07
406.692 2.33787e-07
407.147 2.31027e-07
407.603 2.283e-07
408.058 2.25606e-07
408.514 2.22943e-07
408.969 2.20312e-07
409.425 2.17713e-07
409.88 2.15143e-07
410.335 2.12605e-07
410.791 2.10096e-07
411.246 2.07618e-07
411.702 2.05168e-07
412.157 2.02748e-07
412.613 2.00356e-07
413.068 1.97993e-07
413.524 1.95658e-07
413.979 1.9335e-07
414.435 1.91069e-07
414.89 1.88816e-07
415.346 1.86589e-07
415.801 1.84389e-07
416.257 1.82215e-07
416.712 1.80066e-07
417.167 1.77943e-07
417.623 1.75845e-07
418.078 1.73772e-07
418.534 1.71724e-07
418.989 1.69699e-07
419.445 1.67699e-07
419.9 1.65722e-07
420.356 1.63769e-07
420.811 1.61839e-07
421.267 1.59932e-07
421.722 1.58047e-07
422.178 1.56185e-07
422.633 1.54344e-07
423.089 1.52525e-07
423.544 1.50728e-07
423.999 1.48953e-07
424.455 1.47198e-07
424.91 1.45464e-07
425.366 1.4375e-07
425.821 1.42057e-07
426.277 1.40383e-07
426.732 1.3873e-07
427.188 1.37096e-07
427.643 1.35481e-07
428.099 1.33886e-07
428.554 1.32309e-07
429.01 1.30751e-07
429.465 1.29211e-07
429.92 1.2769e-07
430.376 1.26187e-07
430.831 1.24701e-07
431.287 1.23233e-07
431.742 1.21782e-07
432.198 1.20349e-07
432.653 1.18932e-07
433.109 1.17532e-07
433.564 1.16149e-07
434.02 1.14782e-07
434.475 1.13431e-07
434.931 1.12096e-07
435.386 1.10777e-07
435.842 1.09473e-07
436.297 1.08185e-07
436.752 1.06912e-07
437.208 1.05654e-07
437.663 1.04411e-07
438.119 1.03183e-07
438.574 1.01969e-07
439.03 1.00769e-07
439.485 9.95839e-08
439.941 9.84125e-08
440.396 9.72549e-08
440.852 9.61111e-08
441.307 9.49807e-08
441.763 9.38636e-08
442.218 9.27598e-08
442.674 9.1669e-08
443.129 9.0591e-08
443.584 8.95258e-08
444.04 8.84732e-08
444.495 8.7433e-08
444.951 8.6405e-08
445.406 8.53892e-08
445.862 8.43854e-08
446.317 8.33934e-08
446.773 8.24131e-08
447.228 8.14444e-08
447.684 8.04871e-08
448.139 7.95411e-08
448.595 7.86062e-08
449.05 7.76824e-08
449.505 7.67695e-08
449.961 7.58674e-08
450.416 7.49759e-08
450.872 7.40949e-08
451.327 7.32243e-08
451.783 7.23639e-08
452.238 7.15137e-08
452.694 7.06736e-08
453.149 6.98433e-08
