-6.22332 0.000129875
-6.20873 0.000132503
-6.19414 0.000135184
-6.17956 0.00013792
-6.16497 0.000140712
-6.15038 0.00014356
-6.13579 0.000146466
-6.1212 0.000149432
-6.10661 0.000152458
-6.09203 0.000155546
-6.07744 0.000158696
-6.06285 0.000161911
-6.04826 0.000165191
-6.03367 0.000168539
-6.01908 0.000171954
-6.00449 0.000175439
-5.98991 0.000178995
-5.97532 0.000182624
-5.96073 0.000186327
-5.94614 0.000190105
-5.93155 0.000193961
-5.91696 0.000197895
-5.90238 0.000201909
-5.88779 0.000206005
-5.8732 0.000210185
-5.85861 0.000214451
-5.84402 0.000218803
-5.82943 0.000223245
-5.81485 0.000227777
-5.80026 0.000232401
-5.78567 0.000237121
-5.77108 0.000241936
-5.75649 0.00024685
-5.7419 0.000251865
-5.72732 0.000256982
-5.71273 0.000262204
-5.69814 0.000267532
-5.68355 0.00027297
-5.66896 0.000278518
-5.65437 0.000284181
-5.63979 0.000289959
-5.6252 0.000295855
-5.61061 0.000301872
-5.59602 0.000308013
-5.58143 0.000314279
-5.56684 0.000320673
-5.55226 0.000327198
-5.53767 0.000333857
-5.52308 0.000340652
-5.50849 0.000347587
-5.4939 0.000354664
-5.47931 0.000361885
-5.46472 0.000369255
-5.45014 0.000376776
-5.43555 0.000384451
-5.42096 0.000392283
-5.40637 0.000400276
-5.39178 0.000408433
-5.37719 0.000416758
-5.36261 0.000425253
-5.34802 0.000433922
-5.33343 0.00044277
-5.31884 0.000451799
-5.30425 0.000461013
-5.28966 0.000470417
-5.27508 0.000480014
-5.26049 0.000489807
-5.2459 0.000499802
-5.23131 0.000510003
-5.21672 0.000520413
-5.20213 0.000531037
-5.18755 0.000541879
-5.17296 0.000552944
-5.15837 0.000564237
-5.14378 0.000575762
-5.12919 0.000587523
-5.1146 0.000599527
-5.10002 0.000611778
-5.08543 0.000624281
-5.07084 0.000637041
-5.05625 0.000650063
-5.04166 0.000663354
-5.02707 0.000676918
-5.01249 0.000690761
-4.9979 0.00070489
-4.98331 0.00071931
-4.96872 0.000734026
-4.95413 0.000749046
-4.93954 0.000764375
-4.92495 0.00078002
-4.91037 0.000795987
-4.89578 0.000812284
-4.88119 0.000828916
-4.8666 0.000845892
-4.85201 0.000863217
-4.83742 0.0008809
-4.82284 0.000898947
-4.80825 0.000917367
-4.79366 0.000936167
-4.77907 0.000955355
-4.76448 0.000974938
-4.74989 0.000994926
-4.73531 0.00101533
-4.72072 0.00103615
-4.70613 0.0010574
-4.69154 0.00107909
-4.67695 0.00110123
-4.66236 0.00112383
-4.64778 0.00114689
-4.63319 0.00117043
-4.6186 0.00119445
-4.60401 0.00121897
-4.58942 0.001244
-4.57483 0.00126955
-4.56025 0.00129562
-4.54566 0.00132224
-4.53107 0.0013494
-4.51648 0.00137713
-4.50189 0.00140543
-4.4873 0.00143431
-4.47271 0.0014638
-4.45813 0.00149389
-4.44354 0.00152461
-4.42895 0.00155596
-4.41436 0.00158796
-4.39977 0.00162062
-4.38518 0.00165396
-4.3706 0.00168799
-4.35601 0.00172272
-4.34142 0.00175818
-4.32683 0.00179437
-4.31224 0.00183131
-4.29765 0.00186901
-4.28307 0.0019075
-4.26848 0.00194678
-4.25389 0.00198688
-4.2393 0.0020278
-4.22471 0.00206958
-4.21012 0.00211222
-4.19554 0.00215575
-4.18095 0.00220018
-4.16636 0.00224553
-4.15177 0.00229183
-4.13718 0.00233908
-4.12259 0.00238731
-4.10801 0.00243655
-4.09342 0.0024868
-4.07883 0.0025381
-4.06424 0.00259047
-4.04965 0.00264392
-4.03506 0.00269848
-4.02048 0.00275417
-4.00589 0.00281102
-3.9913 0.00286905
-3.97671 0.00292828
-3.96212 0.00298875
-3.94753 0.00305047
-3.93294 0.00311347
-3.91836 0.00317778
-3.90377 0.00324343
-3.88918 0.00331044
-3.87459 0.00337885
-3.86 0.00344867
-3.84541 0.00351995
-3.83083 0.0035927
-3.81624 0.00366697
-3.80165 0.00374279
-3.78706 0.00382018
-3.77247 0.00389917
-3.75788 0.00397981
-3.7433 0.00406213
-3.72871 0.00414615
-3.71412 0.00423193
-3.69953 0.00431948
-3.68494 0.00440886
-3.67035 0.0045001
-3.65577 0.00459323
-3.64118 0.0046883
-3.62659 0.00478534
-3.612 0.0048844
-3.59741 0.00498553
-3.58282 0.00508875
-3.56824 0.00519412
-3.55365 0.00530169
-3.53906 0.00541148
-3.52447 0.00552357
-3.50988 0.00563798
-3.49529 0.00575477
-3.48071 0.00587399
-3.46612 0.00599569
-3.45153 0.00611991
-3.43694 0.00624672
-3.42235 0.00637617
-3.40776 0.00650831
-3.39317 0.00664319
-3.37859 0.00678088
-3.364 0.00692143
-3.34941 0.0070649
-3.33482 0.00721135
-3.32023 0.00736084
-3.30564 0.00751344
-3.29106 0.00766921
-3.27647 0.00782822
-3.26188 0.00799053
-3.24729 0.00815621
-3.2327 0.00832533
-3.21811 0.00849796
-3.20353 0.00867418
-3.18894 0.00885405
-3.17435 0.00903765
-3.15976 0.00922507
-3.14517 0.00941637
-3.13058 0.00961165
-3.116 0.00981097
-3.10141 0.0100144
-3.08682 0.0102221
-3.07223 0.0104341
-3.05764 0.0106504
-3.04305 0.0108713
-3.02847 0.0110967
-3.01388 0.0113268
-2.99929 0.0115617
-2.9847 0.0118014
-2.97011 0.0120461
-2.95552 0.0122958
-2.94093 0.0125507
-2.92635 0.0128109
-2.91176 0.0130765
-2.89717 0.0133475
-2.88258 0.0136242
-2.86799 0.0139065
-2.8534 0.0141947
-2.83882 0.0144888
-2.82423 0.014789
-2.80964 0.0150954
-2.79505 0.015408
-2.78046 0.0157272
-2.76587 0.0160529
-2.75129 0.0163853
-2.7367 0.0167245
-2.72211 0.0170707
-2.70752 0.017424
-2.69293 0.0177846
-2.67834 0.0181526
-2.66376 0.0185281
-2.64917 0.0189113
-2.63458 0.0193024
-2.61999 0.0197014
-2.6054 0.0201087
-2.59081 0.0205242
-2.57623 0.0209483
-2.56164 0.021381
-2.54705 0.0218225
-2.53246 0.022273
-2.51787 0.0227327
-2.50328 0.0232018
-2.4887 0.0236804
-2.47411 0.0241687
-2.45952 0.024667
-2.44493 0.0251753
-2.43034 0.0256939
-2.41575 0.0262231
-2.40116 0.0267629
-2.38658 0.0273137
-2.37199 0.0278755
-2.3574 0.0284487
-2.34281 0.0290334
-2.32822 0.0296299
-2.31363 0.0302384
-2.29905 0.030859
-2.28446 0.0314921
-2.26987 0.0321379
-2.25528 0.0327965
-2.24069 0.0334684
-2.2261 0.0341536
-2.21152 0.0348524
-2.19693 0.0355651
-2.18234 0.0362919
-2.16775 0.0370332
-2.15316 0.0377891
-2.13857 0.0385599
-2.12399 0.0393459
-2.1094 0.0401473
-2.09481 0.0409645
-2.08022 0.0417977
-2.06563 0.0426472
-2.05104 0.0435132
-2.03646 0.0443962
-2.02187 0.0452962
-2.00728 0.0462137
-1.99269 0.047149
-1.9781 0.0481023
-1.96351 0.049074
-1.94893 0.0500643
-1.93434 0.0510736
-1.91975 0.0521021
-1.90516 0.0531503
-1.89057 0.0542184
-1.87598 0.0553066
-1.86139 0.0564155
-1.84681 0.0575452
-1.83222 0.0586961
-1.81763 0.0598685
-1.80304 0.0610628
-1.78845 0.0622792
-1.77386 0.0635182
-1.75928 0.06478
-1.74469 0.066065
-1.7301 0.0673734
-1.71551 0.0687058
-1.70092 0.0700623
-1.68633 0.0714433
-1.67175 0.0728491
-1.65716 0.0742801
-1.64257 0.0757366
-1.62798 0.0772189
-1.61339 0.0787274
-1.5988 0.0802623
-1.58422 0.081824
-1.56963 0.0834128
-1.55504 0.0850291
-1.54045 0.086673
-1.52586 0.088345
-1.51127 0.0900452
-1.49669 0.0917741
-1.4821 0.0935318
-1.46751 0.0953188
-1.45292 0.0971351
-1.43833 0.0989811
-1.42374 0.100857
-1.40915 0.102763
-1.39457 0.1047
-1.37998 0.106667
-1.36539 0.108665
-1.3508 0.110694
-1.33621 0.112754
-1.32162 0.114846
-1.30704 0.116968
-1.29245 0.119123
-1.27786 0.121309
-1.26327 0.123528
-1.24868 0.125778
-1.23409 0.12806
-1.21951 0.130374
-1.20492 0.132719
-1.19033 0.135097
-1.17574 0.137507
-1.16115 0.139948
-1.14656 0.142422
-1.13198 0.144927
-1.11739 0.147463
-1.1028 0.15003
-1.08821 0.152629
-1.07362 0.155258
-1.05903 0.157917
-1.04445 0.160607
-1.02986 0.163326
-1.01527 0.166075
-1.00068 0.168853
-0.986092 0.171658
-0.971503 0.174492
-0.956915 0.177353
-0.942327 0.18024
-0.927738 0.183153
-0.91315 0.186091
-0.898562 0.189054
-0.883973 0.19204
-0.869385 0.195049
-0.854796 0.198079
-0.840208 0.20113
-0.82562 0.204201
-0.811031 0.20729
-0.796443 0.210397
-0.781855 0.213519
-0.767266 0.216657
-0.752678 0.219808
-0.738089 0.222971
-0.723501 0.226144
-0.708913 0.229327
-0.694324 0.232517
-0.679736 0.235713
-0.665147 0.238913
-0.650559 0.242116
-0.635971 0.245319
-0.621382 0.248521
-0.606794 0.25172
-0.592206 0.254913
-0.577617 0.258099
-0.563029 0.261276
-0.54844 0.264442
-0.533852 0.267594
-0.519264 0.27073
-0.504675 0.273849
-0.490087 0.276946
-0.475499 0.280021
-0.46091 0.283071
-0.446322 0.286094
-0.431733 0.289087
-0.417145 0.292047
-0.402557 0.294972
-0.387968 0.297861
-0.37338 0.300709
-0.358791 0.303515
-0.344203 0.306277
-0.329615 0.308991
-0.315026 0.311656
-0.300438 0.314269
-0.28585 0.316827
-0.271261 0.319328
-0.256673 0.32177
-0.242084 0.32415
-0.227496 0.326466
-0.212908 0.328716
-0.198319 0.330898
-0.183731 0.33301
-0.169143 0.335049
-0.154554 0.337013
-0.139966 0.338901
-0.125377 0.34071
-0.110789 0.34244
-0.0962006 0.344088
-0.0816122 0.345653
-0.0670239 0.347133
-0.0524355 0.348527
-0.0378471 0.349833
-0.0232587 0.351051
-0.00867034 0.35218
0.00591804 0.353218
0.0205064 0.354164
0.0350948 0.355019
0.0496832 0.355781
0.0642716 0.356449
0.0788599 0.357025
0.0934483 0.357506
0.108037 0.357894
0.122625 0.358188
0.137213 0.358388
0.151802 0.358495
0.16639 0.358509
0.180979 0.35843
0.195567 0.358259
0.210155 0.357997
0.224744 0.357644
0.239332 0.357202
0.253921 0.356671
0.268509 0.356052
0.283097 0.355348
0.297686 0.354557
0.312274 0.353684
0.326862 0.352728
0.341451 0.351691
0.356039 0.350575
0.370628 0.349382
0.385216 0.348112
0.399804 0.346769
0.414393 0.345354
0.428981 0.343868
0.443569 0.342314
0.458158 0.340693
0.472746 0.339008
0.487335 0.337261
0.501923 0.335453
0.516511 0.333587
0.5311 0.331665
0.545688 0.329688
0.560277 0.32766
0.574865 0.325582
0.589453 0.323456
0.604042 0.321284
0.61863 0.319068
0.633218 0.316811
0.647807 0.314515
0.662395 0.312181
0.676984 0.309812
0.691572 0.307409
0.70616 0.304975
0.720749 0.302512
0.735337 0.300021
0.749925 0.297505
0.764514 0.294965
0.779102 0.292403
0.793691 0.28982
0.808279 0.28722
0.822867 0.284603
0.837456 0.281971
0.852044 0.279326
0.866633 0.276669
0.881221 0.274002
0.895809 0.271327
0.910398 0.268644
0.924986 0.265955
0.939574 0.263263
0.954163 0.260567
0.968751 0.25787
0.98334 0.255172
0.997928 0.252476
1.01252 0.249781
1.0271 0.247089
1.04169 0.244402
1.05628 0.24172
1.07087 0.239044
1.08546 0.236375
1.10005 0.233715
1.11464 0.231064
1.12922 0.228422
1.14381 0.225792
1.1584 0.223173
1.17299 0.220566
1.18758 0.217972
1.20217 0.215392
1.21675 0.212826
1.23134 0.210275
1.24593 0.20774
1.26052 0.20522
1.27511 0.202717
1.2897 0.200231
1.30428 0.197763
1.31887 0.195312
1.33346 0.192879
1.34805 0.190466
1.36264 0.188071
1.37723 0.185695
1.39181 0.183339
1.4064 0.181003
1.42099 0.178687
1.43558 0.176392
1.45017 0.174117
1.46476 0.171862
1.47934 0.169629
1.49393 0.167417
1.50852 0.165226
1.52311 0.163056
1.5377 0.160907
1.55229 0.158781
1.56687 0.156675
1.58146 0.154592
1.59605 0.15253
1.61064 0.150489
1.62523 0.148471
1.63982 0.146474
1.65441 0.144499
1.66899 0.142545
1.68358 0.140614
1.69817 0.138703
1.71276 0.136815
1.72735 0.134948
1.74194 0.133102
1.75652 0.131278
1.77111 0.129475
1.7857 0.127693
1.80029 0.125932
1.81488 0.124192
1.82947 0.122473
1.84405 0.120775
1.85864 0.119098
1.87323 0.117441
1.88782 0.115804
1.90241 0.114188
1.917 0.112591
1.93158 0.111015
1.94617 0.109458
1.96076 0.107922
1.97535 0.106404
1.98994 0.104906
2.00453 0.103427
2.01911 0.101968
2.0337 0.100527
2.04829 0.0991043
2.06288 0.0977006
2.07747 0.0963152
2.09206 0.0949479
2.10664 0.0935987
2.12123 0.0922673
2.13582 0.0909536
2.15041 0.0896573
2.165 0.0883783
2.17959 0.0871165
2.19418 0.0858715
2.20876 0.0846434
2.22335 0.0834318
2.23794 0.0822366
2.25253 0.0810577
2.26712 0.0798948
2.28171 0.0787477
2.29629 0.0776164
2.31088 0.0765006
2.32547 0.0754
2.34006 0.0743147
2.35465 0.0732443
2.36924 0.0721887
2.38382 0.0711478
2.39841 0.0701213
2.413 0.069109
2.42759 0.0681109
2.44218 0.0671267
2.45677 0.0661563
2.47135 0.0651995
2.48594 0.0642561
2.50053 0.0633259
2.51512 0.0624089
2.52971 0.0615048
2.5443 0.0606134
2.55888 0.0597346
2.57347 0.0588683
2.58806 0.0580142
2.60265 0.0571723
2.61724 0.0563423
2.63183 0.0555242
2.64642 0.0547177
2.661 0.0539227
2.67559 0.053139
2.69018 0.0523666
2.70477 0.0516052
2.71936 0.0508547
2.73395 0.0501149
2.74853 0.0493858
2.76312 0.0486671
2.77771 0.0479588
2.7923 0.0472606
2.80689 0.0465725
2.82148 0.0458943
2.83606 0.0452259
2.85065 0.0445672
2.86524 0.0439179
2.87983 0.0432781
2.89442 0.0426475
2.90901 0.042026
2.92359 0.0414135
2.93818 0.0408099
2.95277 0.040215
2.96736 0.0396288
2.98195 0.0390511
2.99654 0.0384817
3.01112 0.0379207
3.02571 0.0373677
3.0403 0.0368229
3.05489 0.0362859
3.06948 0.0357568
3.08407 0.0352354
3.09865 0.0347216
3.11324 0.0342152
3.12783 0.0337163
3.14242 0.0332246
3.15701 0.0327401
3.1716 0.0322627
3.18619 0.0317922
3.20077 0.0313286
3.21536 0.0308718
3.22995 0.0304217
3.24454 0.0299781
3.25913 0.029541
3.27372 0.0291103
3.2883 0.0286859
3.30289 0.0282678
3.31748 0.0278557
3.33207 0.0274497
3.34666 0.0270496
3.36125 0.0266554
3.37583 0.0262669
3.39042 0.0258842
3.40501 0.025507
3.4196 0.0251354
3.43419 0.0247692
3.44878 0.0244084
3.46336 0.0240529
3.47795 0.0237026
3.49254 0.0233574
3.50713 0.0230173
3.52172 0.0226822
3.53631 0.0223519
3.55089 0.0220266
3.56548 0.021706
3.58007 0.0213901
3.59466 0.0210788
3.60925 0.0207721
3.62384 0.0204699
3.63842 0.0201722
3.65301 0.0198788
3.6676 0.0195897
3.68219 0.0193049
3.69678 0.0190242
3.71137 0.0187476
3.72596 0.0184751
3.74054 0.0182066
3.75513 0.0179421
3.76972 0.0176814
3.78431 0.0174246
3.7989 0.0171715
3.81349 0.0169221
3.82807 0.0166764
3.84266 0.0164343
3.85725 0.0161957
3.87184 0.0159607
3.88643 0.0157291
3.90102 0.0155009
3.9156 0.015276
3.93019 0.0150544
3.94478 0.0148361
3.95937 0.014621
3.97396 0.014409
3.98855 0.0142002
4.00313 0.0139944
4.01772 0.0137916
4.03231 0.0135918
4.0469 0.0133949
4.06149 0.0132009
4.07608 0.0130098
4.09066 0.0128214
4.10525 0.0126358
4.11984 0.0124529
4.13443 0.0122727
4.14902 0.0120952
4.16361 0.0119202
4.1782 0.0117478
4.19278 0.0115779
4.20737 0.0114105
4.22196 0.0112456
4.23655 0.0110831
4.25114 0.0109229
4.26573 0.0107651
4.28031 0.0106096
4.2949 0.0104564
4.30949 0.0103054
4.32408 0.0101566
4.33867 0.01001
4.35326 0.00986558
4.36784 0.00972324
4.38243 0.00958297
4.39702 0.00944475
4.41161 0.00930855
4.4262 0.00917434
4.44079 0.00904209
4.45537 0.00891176
4.46996 0.00878335
4.48455 0.0086568
4.49914 0.0085321
4.51373 0.00840923
4.52832 0.00828814
4.5429 0.00816882
4.55749 0.00805124
4.57208 0.00793537
4.58667 0.0078212
4.60126 0.00770868
4.61585 0.00759781
4.63043 0.00748855
4.64502 0.00738089
4.65961 0.00727479
4.6742 0.00717024
4.68879 0.00706721
4.70338 0.00696568
4.71797 0.00686562
4.73255 0.00676703
4.74714 0.00666986
4.76173 0.00657411
4.77632 0.00647976
4.79091 0.00638677
4.8055 0.00629514
4.82008 0.00620484
4.83467 0.00611585
4.84926 0.00602815
4.86385 0.00594173
4.87844 0.00585657
4.89303 0.00577264
4.90761 0.00568992
4.9222 0.00560841
4.93679 0.00552809
4.95138 0.00544892
4.96597 0.00537091
4.98056 0.00529403
4.99514 0.00521826
5.00973 0.00514359
5.02432 0.00507001
5.03891 0.00499749
5.0535 0.00492602
5.06809 0.00485559
5.08267 0.00478617
5.09726 0.00471777
5.11185 0.00465035
5.12644 0.00458391
5.14103 0.00451843
5.15562 0.0044539
5.1702 0.0043903
5.18479 0.00432762
5.19938 0.00426585
5.21397 0.00420497
5.22856 0.00414497
5.24315 0.00408584
5.25774 0.00402757
5.27232 0.00397013
5.28691 0.00391353
5.3015 0.00385774
5.31609 0.00380276
5.33068 0.00374857
5.34527 0.00369516
5.35985 0.00364253
5.37444 0.00359065
5.38903 0.00353952
5.40362 0.00348913
5.41821 0.00343947
5.4328 0.00339052
5.44738 0.00334228
5.46197 0.00329473
5.47656 0.00324787
5.49115 0.00320168
5.50574 0.00315616
5.52033 0.0031113
5.53491 0.00306708
5.5495 0.00302349
5.56409 0.00298054
5.57868 0.0029382
5.59327 0.00289647
5.60786 0.00285534
5.62244 0.0028148
5.63703 0.00277484
5.65162 0.00273546
5.66621 0.00269665
5.6808 0.00265839
5.69539 0.00262068
5.70998 0.00258352
5.72456 0.00254688
5.73915 0.00251078
5.75374 0.00247519
5.76833 0.00244011
5.78292 0.00240554
5.79751 0.00237146
5.81209 0.00233787
5.82668 0.00230476
5.84127 0.00227213
5.85586 0.00223996
5.87045 0.00220826
5.88504 0.00217701
5.89962 0.00214621
5.91421 0.00211584
5.9288 0.00208592
5.94339 0.00205642
5.95798 0.00202734
5.97257 0.00199868
5.98715 0.00197043
6.00174 0.00194259
6.01633 0.00191514
6.03092 0.00188808
6.04551 0.00186142
6.0601 0.00183513
6.07468 0.00180922
6.08927 0.00178368
6.10386 0.0017585
6.11845 0.00173368
6.13304 0.00170922
6.14763 0.00168511
6.16221 0.00166134
6.1768 0.00163791
6.19139 0.00161482
6.20598 0.00159205
6.22057 0.00156961
6.23516 0.00154749
6.24975 0.00152568
6.26433 0.00150419
6.27892 0.001483
6.29351 0.00146211
6.3081 0.00144153
6.32269 0.00142123
6.33728 0.00140122
6.35186 0.0013815
6.36645 0.00136206
6.38104 0.0013429
6.39563 0.00132401
6.41022 0.00130538
6.42481 0.00128703
6.43939 0.00126893
6.45398 0.00125109
6.46857 0.00123351
6.48316 0.00121617
6.49775 0.00119908
6.51234 0.00118224
6.52692 0.00116563
6.54151 0.00114926
6.5561 0.00113312
6.57069 0.00111721
6.58528 0.00110153
6.59987 0.00108607
6.61445 0.00107083
6.62904 0.0010558
6.64363 0.00104099
6.65822 0.00102639
6.67281 0.00101199
6.6874 0.000997803
6.70198 0.000983813
6.71657 0.000970022
6.73116 0.000956427
6.74575 0.000943024
6.76034 0.000929811
6.77493 0.000916785
6.78952 0.000903944
6.8041 0.000891284
6.81869 0.000878804
6.83328 0.0008665
6.84787 0.000854371
6.86246 0.000842413
6.87705 0.000830624
6.89163 0.000819002
6.90622 0.000807544
6.92081 0.000796249
6.9354 0.000785113
6.94999 0.000774134
6.96458 0.000763311
6.97916 0.00075264
6.99375 0.000742121
7.00834 0.00073175
7.02293 0.000721525
7.03752 0.000711445
7.05211 0.000701507
7.06669 0.000691709
7.08128 0.00068205
7.09587 0.000672526
7.11046 0.000663138
7.12505 0.000653881
7.13964 0.000644755
7.15422 0.000635758
7.16881 0.000626888
7.1834 0.000618143
7.19799 0.000609521
7.21258 0.00060102
7.22717 0.00059264
7.24176 0.000584377
7.25634 0.000576231
7.27093 0.000568199
7.28552 0.000560281
7.30011 0.000552474
7.3147 0.000544776
7.32929 0.000537188
7.34387 0.000529706
7.35846 0.000522329
7.37305 0.000515056
7.38764 0.000507885
7.40223 0.000500815
7.41682 0.000493845
7.4314 0.000486972
7.44599 0.000480196
7.46058 0.000473515
7.47517 0.000466929
7.48976 0.000460434
7.50435 0.000454031
7.51893 0.000447718
7.53352 0.000441493
7.54811 0.000435356
7.5627 0.000429305
7.57729 0.000423339
7.59188 0.000417457
7.60646 0.000411657
7.62105 0.000405938
7.63564 0.0004003
7.65023 0.000394741
7.66482 0.000389259
7.67941 0.000383855
7.69399 0.000378526
7.70858 0.000373272
7.72317 0.000368092
7.73776 0.000362984
7.75235 0.000357948
7.76694 0.000352982
7.78153 0.000348086
7.79611 0.000343258
7.8107 0.000338498
7.82529 0.000333805
7.83988 0.000329177
7.85447 0.000324614
7.86906 0.000320115
7.88364 0.000315679
7.89823 0.000311304
7.91282 0.000306991
7.92741 0.000302739
7.942 0.000298545
7.95659 0.000294411
7.97117 0.000290334
7.98576 0.000286314
8.00035 0.00028235
8.01494 0.000278442
8.02953 0.000274588
8.04412 0.000270788
8.0587 0.000267042
8.07329 0.000263347
8.08788 0.000259704
8.10247 0.000256112
8.11706 0.00025257
8.13165 0.000249077
8.14623 0.000245633
8.16082 0.000242238
8.17541 0.000238889
8.19 0.000235587
8.20459 0.000232332
8.21918 0.000229121
8.23376 0.000225956
8.24835 0.000222834
8.26294 0.000219756
8.27753 0.000216721
8.29212 0.000213729
8.30671 0.000210777
8.3213 0.000207867
8.33588 0.000204998
8.35047 0.000202169
